0	0	0	18.911	0	0	0	0	17.569	0	0	0	0	2.306	0	0	0	0	0.719	0	0	0	0	0.601	0	0	0	0	0	0	0.667	1	1	0	0.8	1	1	1	0	0.4	0	0.793
0	0	0	9.256	0	0	0	0	10.255	0	0	0	0	2.916	0	0	0	0	0.712	0	0	0	0	0.691	0	0	0	0	0.333	0	0	0	0.333	0	0.8	0	0	0.667	0	0.2	0.42	0.262
0	0	0	0.942	0	0	0	0	0.942	0	0	0	0	1.887	0	0	0	0	1	0	0	0	0	0	0	0	0	0	1	0	0	0.778	0	0	0	0	0.222	0	0	0	0.415	0.178
12.901	0.852	0.929	0	1.057	15.795	0.852	0.929	0.908	3.912	4.877	0	0.929	0.908	3.912	0.441	0	0	0	0.667	0.397	0	0	0	0.667	0.4	0	0	0	0.5	0.286	0	0	0	0	0.429	0	0	0	0	0.557	0.265
9.344	0	0.857	1.945	0	8.411	0	0.857	0.994	0	5.633	0	0.857	1.932	0	0.53	0	0	1	0	0.611	0	0	0	0	0.2	0	0	1	0	0	0	0	0	0	0	0.4	0	0	0	0	0.279
0	0	0	0	0	0	0	0	0	0	0	0	0	0	0	0	0	0	0	0	0	0	0	0	0	0	0	0	0	0	0.2	0.333	0.6	0	0	0.8	0	1	0	0	0	0.521
14.249	0	0	0	0	16.262	0	0	0	0	4.869	0	0	0	0	0.5	0	0	0	0	0.463	0	0	0	0	0.2	0	0	0	0	0	0	0	0	0	0	0	0	0	0	0.418	0.173
0	0	0	0	0	0	0	0	0	0	0	0	0	0	0	0	0	0	0	0	0	0	0	0	0	0	0	0	0	0	0	0	0	0	0	0	0	0	0	0	0.415	0.323
0	0	0	0	0	0	0	0	0	0	0	0	0	0	0	0	0	0	0	0	0	0	0	0	0	0	0	0	0	0	0	0	0	0	0	0	0	0	0	0	0.717	0.390
0	0	0	0	0	0	0	0	0	0	0	0	0	0	0	0	0	0	0	0	0	0	0	0	0	0	0	0	0	0	0	0.667	0	0.4	0.25	0	0	0	0.4	0	0.559	0.248
0	0	0	0	5.843	0	0	0	0	4.737	0	0	0	0.942	1.107	0	0	0	0	0.933	0	0	0	0	1	0	0	0	0	0	0.6	0.375	0.4	0.4	1	0.6	0.5	0.4	0	0	0	0.866
6.194	0	28.072	0	0	8.232	0	30.128	0	0	4.752	0	12.347	0	0	0.917	0	0.514	0	0	0.583	0	0.458	0	0	0.7	0	0.5	0	0	0	0	0	0	0	0	0	0.333	0	0	0	0.472
0	0	0	0	0	0	0	0	0	0	0	0	0	0	0	0	0	0	0	0	0	0	0	0	0	0	0	0	0	0	0.111	0.25	0.4	0	0	0	0	0	0	0	0.717	0.359
13.315	0	23.244	16.723	0	17.22	0	20.047	19.937	1.056	7.582	0	12.186	8.256	1.056	0.588	0	0.569	0.752	0	0.549	0	0.462	0.676	0	0.393	0	0.576	0.5	0	0	0.667	0	0	0	0	0	0	0	0	0.554	0.156
0	0	0	0	0	0	0	0	0	0	0	0	0	0	0	0	0	0	0	0	0	0	0	0	0	0	0	0	0	0	0	0	0	0	0	0	0	0	0	0	0.419	0.612
0	0	0	0	1.77	0	0	0	0	3.523	0	0	0	0	3.523	0	0	0	0	0.667	0	0	0	0	0.333	0	0	0	0	0.5	0	0	0.25	0	0	0	0	0	0	0	0.298	0.080
0	14.226	0	36.453	38.779	0	14.582	0	31.866	39.506	0	11.308	0	21.393	14.494	0	0.643	0	0.383	0.319	0	0.486	0	0.361	0.25	0	0.418	0	0.258	0.346	0	0	0.8	0	0	0.25	0	0.6	0	0	0	0.651
0	0	0	0	0	0	0	0	0	0	0	0	0	0	0	0	0	0	0	0	0	0	0	0	0	0	0	0	0	0	0	0.333	0	0	0.2	0	0.667	0	0	0	0.557	0.249
0	0	14.249	0	0	0	0	16.262	0	0	0	0	4.869	0	0	0	0	0.5	0	0	0	0	0.463	0	0	0	0	0.2	0	0	0	0	0	0	0	0	0	0	0	0	0.558	0.273
0	0	0	0	0	0	0	0	0	0	0	0	0	0	0	0	0	0	0	0	0	0	0	0	0	0	0	0	0	0	0	0	0.2	0.333	0	0	0	0	0.667	0	0.418	0.326
0	0	0	0	0	0	0	0	0.86	0	0	0	0	0.86	0	0	0	0	0	0	0	0	0	0	0	0	0	0	0	0	0.4	0	0	0	0.6	0.4	0.667	0	0	0.6	0.12	0.566
0.857	9.344	0	0	0	0.857	8.411	0	0	0	0.857	5.633	0	0	0	0	0.53	0	0	0	0	0.611	0	0	0	0	0.2	0	0	0	0	0	0	0	0	0	0	0	0.4	0	0.292	0.158
0	0	0	0	0	0	0	0	0	0	0	0	0	0	0	0	0	0	0	0	0	0	0	0	0	0	0	0	0	0	0	0	0	0	0	0	0	0	0	0	0.715	0.948
25.662	0.861	0	1.729	0	29.903	0.861	0	1.76	0	12.978	2.964	1.903	2.63	0	0.318	0.667	1	0.667	0	0.295	0	0	1	0	0.128	0.667	1	0.333	0	0	0.25	0.5	0	0.667	0	0	0.75	0	1	0.199	0.148
0	-1	0	-1	0	0	-1	0	-1	0	0	-1	0	-1	0	0	-1	0	-1	0	0	-1	0	-1	0	0	-1	0	-1	0	0	-1	0	-1	0	0	-1	0	-1	0	0.899	0.998
0	1.77	0.924	0	7.401	0	3.523	0.858	0	8.2	0.886	3.523	1.782	0	4.652	0	0.667	1	0	0.364	0	0.333	0	0	0.389	0	0.5	1	0	0.1	0	0	0	0.25	0.2	0	0	0	0	0	0	0.330
0	0	0	0	33.606	0	0	0	0	27.398	0	0	0	0	19.197	0	0	0	0	0.439	0	0	0	0	0.407	0	0	0	0	0.333	0.4	0	1	0	0.5	0.8	0	1	0	0	0	0.623
10.44	4.44	38.545	12.047	14.283	16.51	11.497	35.204	17.985	18.826	12.708	10.64	25.028	15.242	13.264	0.632	0.733	0.324	0.655	0.614	0.588	0.689	0.303	0.542	0.567	0.474	0.694	0.216	0.561	0.41	0	0	0	0	0	0	0	0	0	0.2	0.198	0.266
0	14.687	0.942	0	0	0	8.82	0.942	0	0	0	10.898	1.887	0	0	0	0.294	1	0	0	0	0.611	0	0	0	0	0.127	1	0	0	0	0	0	0	0.778	0	0	0	0	0.222	0	0.478
0	1.945	9.344	2.95	0.857	0	0.994	8.411	2.734	0.857	0	1.932	5.633	3.08	0.857	0	1	0.53	1	0	0	0	0.611	1	0	0	1	0.2	0.667	0	0	0	0	0	0	0.4	0	0	0	0	0	0.395
1.987	0	0	0	0	0.905	0	0	0	0	1.081	0	0	0	0	1	0	0	0	0	0	0	0	0	0	0	0	0	0	0	0.2	1	0.2	0	0.25	0	0.25	0	0	0.25	0	0.651
0	0	0	31.356	0	0	0	0	32.223	0	0	0	0	15.111	0	0	0	0	0.438	0	0	0	0	0.386	0	0	0	0	0.371	0	0.333	0	0.2	0.2	0.6	0	0	0.8	0.8	1	0	0.882
0	0	9.139	17.193	0	0	0	5.97	18.178	0	0	0	7.354	7.411	0	0	0	0.972	0.7	0	0	0	0.867	0.626	0	0	0	0.524	0.393	0	0	0	0.4	0	0	0	0	0	0	0	0	0.537
0	0	0	0	0	0	0	0	0	0	0	0	0	0	0	0	0	0	0	0	0	0	0	0	0	0	0	0	0	0	0.4	0.111	0	0.25	0	0	0	0	0	0	0.717	0.284
0	0	0	0	0	0	0	0	0	0	0	0	0	0	0	0	0	0	0	0	0	0	0	0	0	0	0	0	0	0	0.2	0	0	0	0	0	0	0	0	0	0	0.495
0	0	0	0	0	0	0	0	0	0	0	0	0	0	0	0	0	0	0	0	0	0	0	0	0	0	0	0	0	0	0	0	0	0	0	0	0	0	0	0	0.713	0.208
0	0	0	0	0	0	0	0	0	0	0	0	0	0	0	0	0	0	0	0	0	0	0	0	0	0	0	0	0	0	0.8	1	1	0	0	0.8	1	1	0	0	0.12	0.805
0	0	0	0	0	0	0	0	0	0	0	0	0	0	0	0	0	0	0	0	0	0	0	0	0	0	0	0	0	0	0	0	0.25	0.667	0	0	0	0	0	0	0.419	0.186
0	5.843	0	0	0	0	4.737	0	0	0	0	1.107	0	0	0	0	0.933	0	0	0	0	1	0	0	0	0	0	0	0	0	0.75	1	0.625	0.4	0.556	0.75	0	0.625	0.4	1	0	0.875
0	0.942	0	0	0	0	0.942	0	0	0	0	1.887	0	0	0	0	1	0	0	0	0	0	0	0	0	0	1	0	0	0	0.778	0	0	0	0	0.222	0	0	0	0	0.197	0.434
23.244	13.315	0	0	0	20.047	17.22	1.056	0	0	12.186	7.582	1.056	0	0	0.569	0.588	0	0	0	0.462	0.549	0	0	0	0.576	0.393	0	0	0	0	0	0	0.667	0	0	0	0	0	0	0.119	0.113
0	0	38.779	14.226	33.67	0	0	39.506	14.582	38.245	0	0	14.494	11.308	12.792	0	0	0.319	0.643	0.381	0	0	0.25	0.486	0.343	0	0	0.346	0.418	0.318	0.8	0	0	0	0	0.6	0.25	0	0	0	0	0.868
0	0	0	0	0	0	0	0	0	0	0	0	0	0	0	0	0	0	0	0	0	0	0	0	0	0	0	0	0	0	0	0	0	0	0	0	0.2	0	0.6	0	0.296	0.837
2.803	0	2.729	0	2.824	2.803	0	2.729	0.859	3.915	1	0	2.729	0.859	2.063	1	0	0.667	0	1	1	0	0.667	0	1	0	0	0.667	0	1	0	0.5	0	0.4	0	0	1	0	1	0	0.298	0.174
0	0	0	0	0	0	0	0	0	0	0	0	0	0	0	0	0	0	0	0	0	0	0	0	0	0	0	0	0	0	0	0	0	0	0	0	0	0	0	0	0.717	0.362
0	0	11.043	0	0	0	2.952	11.043	0	0	0	2.952	1.84	0	0	0	0	0.879	0	0	0	0	0.697	0	0	0	0	0	0	0	0.6	0.8	0	0.2	0	0.8	1	0	0	0	0	0.924
1.857	33.606	0	0	36.453	0.939	27.398	0	0	31.866	1.857	19.197	0	0	21.393	0	0.439	0	0	0.383	0	0.407	0	0	0.361	0	0.333	0	0	0.258	0	0.5	0.778	1	0	0	0	0.778	1	0	0	0.654
0	0	0	0	0	0	0	0	0	0	0	0	0	0	0	0	0	0	0	0	0	0	0	0	0	0	0	0	0	0	0	0	0	0	0	0	0	0	0.375	0	0.717	0.415
2.739	0	10.969	0	0	3.599	0	7.285	0	0	2.707	0	7.333	0	0	0.667	0	0.939	0	0	0.667	0	0.786	0	0	0	0	0.714	0	0	0	0	0.4	0.5	0.111	0	0	0	1	0	0.418	0.172
0	9.139	0	0	0	0	5.97	0	0	0	0	7.354	0	0	0	0	0.972	0	0	0	0	0.867	0	0	0	0	0.524	0	0	0	0	0.4	0	0	1	0	0	0.8	0	1	0	0.967
0	17.193	0	0	9.139	0	18.178	0	0	5.97	0	7.411	0	0	7.354	0	0.7	0	0	0.972	0	0.626	0	0	0.867	0	0.393	0	0	0.524	0	0	0	0.2	0.4	0	0	0	0	0	0.556	0.433
0	0	15.935	0	0	0	0	19.421	0	0	0	0	6.522	0	0	0	0	0.637	0	0	0	0	0.55	0	0	0	0	0.533	0	0	0.8	0.333	0.444	0	0	0.2	0.667	0	0	0.25	0	0.776
38.779	0	33.67	0	18.02	39.506	0	38.245	0	21.227	14.494	0	12.792	0	9.153	0.319	0	0.381	0	0.597	0.25	0	0.343	0	0.519	0.346	0	0.318	0	0.25	0	0.8	0	0	0	0	0.6	0	0.25	0.25	0	0.251
16.723	0.897	0	0.929	13.315	19.937	0.897	0	3.753	17.22	8.256	0.897	0	3.753	7.582	0.752	0	0	0.833	0.588	0.676	0	0	0.333	0.549	0.5	0	0	0.667	0.393	0	0	0.667	0	0	0	0.4	0	0	0	0.294	0.236
0	0	5.843	0	0	0	0	4.737	0	0	0	0	1.107	0	0	0	0	0.933	0	0	0	0	1	0	0	0	0	0	0	0	0.4	0.6	1	0.375	0.75	0.4	0.6	0	0.5	0.75	0	0.767
0	0	0	0	0	0.94	1.84	0.98	0	0	0.94	1.84	0.98	0	0	0	0	0	0	0	0	0	0	0	0	0	0	0	0	0	0	0.111	0	0	0	0	0	0.25	0	0	0.116	0.191
11.043	0	0	0	15.824	11.043	0	0	2.952	14.31	1.84	0	0	2.952	3.383	0.879	0	0	0	0.684	0.697	0	0	0	0.648	0	0	0	0	0	0	0.6	0	0.8	0.6	0	0.8	0	1	0	0	0.356
5.473	0.86	0	0	0	5.473	0.86	0	0	0	0	0	0	0	0	0.933	0	0	0	0	0.667	0	0	0	0	0	0	0	0	0	0	0.2	0.5	0	0	0	0	0	0	0	0	0.313
0	0	0	0	0	0	0	0	0	0	0	0	0	0	0	0	0	0	0	0	0	0	0	0	0	0	0	0	0	0	0.25	0	0	0	1	0	0	0	0	1	0	0.545
0	0	0	0	0	0	0	0	0	0.908	0	0	0	0	0.908	0	0	0	0	0	0	0	0	0	0	0	0	0	0	0	0	0	0	0	0	0	0	0	0.2	0	0.119	0.393
0	1.987	0	0	3.631	0	0.905	0	0	4.616	0	1.081	0	0	1.892	0	1	0	0	0.9	0	0	0	0	0.9	0	0	0	0	1	0.2	0.2	0.25	1	0	0	0	0.25	0.25	0	0	0.622
36.453	0	14.226	1.857	0	31.866	0	14.582	0.939	0	21.393	0	11.308	1.857	0	0.383	0	0.643	0	0	0.361	0	0.486	0	0	0.258	0	0.418	0	0	0	0.778	0	0	0	0	0.778	0	0	0.25	0	0.408
0	0	0	0	0	0	0	0	0	0	0	0	0	0	0	0	0	0	0	0	0	0	0	0	0	0	0	0	0	0	0	0	0	0	0	0	0	0	0	1	0.557	0.525
0	0	0	0	14.249	0	0	0	0	16.262	0	0	0	0	4.869	0	0	0	0	0.5	0	0	0	0	0.463	0	0	0	0	0.2	0	0	0	0	0	0	0	0	0	0	0.897	0.161
0	0	0	0	0	0	0	0	0	0	0	0	0	0	0	0	0	0	0	0	0	0	0	0	0	0	0	0	0	0	0	0	0	0	0	0	0	0	0	0	0.557	0.589
0	0	0	0	0	0	0	0	0	0	0	0	0	0	0	0	0	0	0	0	0	0	0	0	0	0	0	0	0	0	0	0	0	0	0	0	0	0	0	0.4	0.419	0.967
0	0	0	0	0	0	0	0	2.938	0	0	0	0	2.938	0	0	0	0	0.333	0	0	0	0	0.333	0	0	0	0	0.333	0	0	0	0	0	0	0.375	0	0	0.2	0	0.3	0.444
0	0	0	0	0	0	0	0	0	0	0	0	0	0	0	0	0	0	0	0	0	0	0	0	0	0	0	0	0	0	1	0	0.8	0.25	1	1	0	0.8	0	1	0.893	0.987
0	0	0	0	0	0	0.86	0	0.94	0	0	0.86	0	0.94	0	0	0	0	0	0	0	0	0	0	0	0	0	0	0	0	0	0	0.4	0	0	0.667	0	0.4	0	0	0.117	0.412
0.929	12.901	1.057	0.852	0	0.929	15.795	3.912	0.852	0	0.929	4.877	3.912	0	0	0	0.441	0.667	0	0	0	0.397	0.667	0	0	0	0.4	0.5	0	0	0	0.286	0	0	0.25	0	0.429	0	0	0	0	0.549
0	0	0	1.736	0	0	0.888	0	0.854	0	0	0.888	0	1.736	0	0	0	0	1	0	0	0	0	0	0	0	0	0	0	0	0	0	0	0.333	0	0	0	0	0.333	0	0.298	0.312
0.942	0	0	14.687	0	0.942	0	0	8.82	0	1.887	0	0	10.898	0	1	0	0	0.294	0	0	0	0	0.611	0	1	0	0	0.127	0	0	0	0.778	0	0	0	0	0.222	0	0	0.296	0.256
0	0	0	0	0	0	0	0	0	0	0	0	0	0	0	0	0	0	0	0	0	0	0	0	0	0	0	0	0	0	0	0	0	0	0	0	0	0.4	0	0	0.899	0.955
0	14.283	8.404	38.545	1.884	0	18.826	11.805	35.204	0	0	13.264	5.132	25.028	2.913	0	0.614	0.758	0.324	1	0	0.567	0.652	0.303	0	0	0.41	0.6	0.216	1	0	0	0	0	0	0	0.2	0	0	0	0.554	0.241
0	0	0	0	15.935	0	0	0	0	19.421	0	0	0	0	6.522	0	0	0	0	0.637	0	0	0	0	0.55	0	0	0	0	0.533	0.333	0	0.8	0	0.444	0.667	0	0.2	0	0	0	0.744
0.852	5.416	0	0	2.712	0.852	6.283	0	0	2.712	0	4.555	0	0	2.712	0	0.952	0	0	0.667	0	0.857	0	0	0.333	0	0.9	0	0	0.667	0	0	0	0	0	0	0	0	0	0	0	0.261
0	0	0	0	0	0	0	0	0	0	0	0	0	0	0	0	0	0	0	0	0	0	0	0	0	0	0	0	0	0	0	0	0	0.6	0.111	0	0	0.8	1	0.667	0	0.763
0	18.911	0	0	0	0	17.569	0	0	0	0	2.306	0	0	0	0	0.719	0	0	0	0	0.601	0	0	0	0	0	0	0	0	1	0	0.667	0.333	1	1	0	1	0.667	1	0	0.935
0	0	6.194	6.484	28.072	0	0	8.232	8.813	30.128	0	0	4.752	5.969	12.347	0	0	0.917	0.822	0.514	0	0	0.583	0.806	0.458	0	0	0.7	0.733	0.5	0	0	0	0	0	0	0	0	0	0.333	0.419	0.203
0	0	0	0	0	0	0	0	0	0	0	0	0	0	0	0	0	0	0	0	0	0	0	0	0	0	0	0	0	0	0	0	0	0	0	0	0	0	0	0	0.717	0.470
0	0	0	0	0	0	0	0	0	0	0	0	0	0	0	0	0	0	0	0	0	0	0	0	0	0	0	0	0	0	0.2	0	0	0	0	0	0	0	0	0	0	0.576
28.072	6.194	0	0	0	30.128	8.232	0	0	0	12.347	4.752	0	0	0	0.514	0.917	0	0	0	0.458	0.583	0	0	0	0.5	0.7	0	0	0	0	0	0	0	0	0.333	0	0	0	0	0	0.285
0	0	0	0	0	0	0	0	0	0	0	0	0	0	0	0	0	0	0	0	0	0	0	0	0	0	0	0	0	0	0	0	0	0	0.333	0	0	0	0.4	0.667	0.3	0.242
0	0	0	0	0	0	0	0	0	0	0	0	0	0	0	0	0	0	0	0	0	0	0	0	0	0	0	0	0	0	0	0	0	0	0	0	0	0	0	0	0.556	0.637
0	0	2.574	14.249	9.256	0	0	3.611	16.262	10.255	0	0	2.752	4.869	2.916	0	0	0.5	0.5	0.712	0	0	0.5	0.463	0.691	0	0	0.333	0.2	0.333	0	0	0	0	0	0	0	0	0	0	0.557	0.161
0	0	0	0	11.043	2.952	0	0	0	11.043	2.952	0	0	0	1.84	0	0	0	0	0.879	0	0	0	0	0.697	0	0	0	0	0	0.8	0.2	0.6	0.4	0	1	0	0.8	0.4	0	0.117	0.613
0	1.857	36.453	33.606	14.226	0	0.939	31.866	27.398	14.582	0	1.857	21.393	19.197	11.308	0	0	0.383	0.439	0.643	0	0	0.361	0.407	0.486	0	0	0.258	0.333	0.418	0.778	0	0	0.5	0	0.778	0	0	0	0	0	0.718
0	0	0	0	0	0	0	0	0.888	0	0	0	0	0.888	0	0	0	0	0	0	0	0	0	0	0	0	0	0	0	0	0	0	0	0	0	0	0	0	0	0	0.558	0.457
9.139	0	0	0	0	5.97	0	0	0	0	7.354	0	0	0	0	0.972	0	0	0	0	0.867	0	0	0	0	0.524	0	0	0	0	0.4	0	0	0	0	0	0	0	0	0.8	0	0.573
0	0	0	0	0	0	0	0	0	0	0	0	0	0	0	0	0	0	0	0	0	0	0	0	0	0	0	0	0	0	0.2	0	0.25	0	0	0	0	0.25	0	0	0.198	0.243
0	0	0	0	0	0	0	0	0	0	0	0	0	0	0	0	0	0	0	0	0	0	0	0	0	0	0	0	0	0	0	0	0	0	0	0	0.375	0	0	0	0.556	0.427
0	0	0	0	2.739	0	0	0	0	3.599	0	0	0	0	2.707	0	0	0	0	0.667	0	0	0	0	0.667	0	0	0	0	0	0.5	0	0	0	0	1	0	0	0	0	0.294	0.738
0	0	2.739	0	10.969	0	0	3.599	0	7.285	0	0	2.707	0	7.333	0	0	0.667	0	0.939	0	0	0.667	0	0.786	0	0	0	0	0.714	0	0.5	0	0	0.4	0	1	0	0	0	0.715	0.249
0	0	0	0	0	0	0	0	0	0	0	0	0	0	0	0	0	0	0	0	0	0	0	0	0	0	0	0	0	0	0.2	0	0.75	0.4	0.2	0	0	0.25	0	0.2	0.292	0.256
0	0	0	0	0	0	0	0	0	0	0	0	0	0	0	0	0	0	0	0	0	0	0	0	0	0	0	0	0	0	0	0	0.111	0	0	0.8	0	0.667	0	0.25	0.198	0.478
0	0	0	0	0.86	0	0	0	0	0.86	0	0	0	0	0	0	0	0	0	0	0	0	0	0	0	0	0	0	0	0	0	0	0	0	0.2	0	0	0	0	0	0.417	0.390
0	0	0	0	0	0	0	0	0	0	0	0	0	0	0	0	0	0	0	0	0	0	0	0	0	0	0	0	0	0	0	0.25	0	0.2	0.25	0	0.25	0	0	0	0.119	0.330
0	0	0	0	0	0	0	0	0	0	0	0	0	0	0	0	0	0	0	0	0	0	0	0	0	0	0	0	0	0	0	0	0	0	0	0	0	0	0	0	0.557	0.774
0	0	0	0	0	0	0	0	0	0	0	0	0	0	0	0	0	0	0	0	0	0	0	0	0	0	0	0	0	0	0.8	0.25	0	0	0.25	0.2	0	0	0	0.25	0.298	0.497
0	0	0	0	0	0	0	0	0	0	0	0	0	0	0	0	0	0	0	0	0	0	0	0	0	0	0	0	0	0	0	1	1	0.8	0.4	0	1	1	0.8	0.2	0.12	0.317
25.876	0.865	1.729	0	0.861	27.428	2.812	1.76	0	0.861	13.745	2.812	2.63	0	2.964	0.3	0.667	0.667	0	0.667	0.262	0.667	1	0	0	0.269	0.667	0.333	0	0.667	0	0	0	0.25	0.25	0	0	0	0	0	0	0.138
0	0	0	0	0	0	0	0	0	0	0	0	0	0	0	0	0	0	0	0	0	0	0	0	0	0	0	0	0	0	1	0	0.4	1	0.2	1	0	0.2	1	0.4	0.42	0.982
0.937	3.83	12.047	1.989	4.44	6.448	14.013	17.985	10.487	11.497	8.673	12.149	15.242	10.487	10.64	0.75	0.742	0.655	0.722	0.733	0.733	0.667	0.542	0.611	0.689	0.679	0.711	0.561	0.667	0.694	0.25	0	0	0	0	0	0	0	0	0	0	0.466
0	0	0	0	0	0	0	0	0	0	0	0	0	0	0	0	0	0	0	0	0	0	0	0	0	0	0	0	0	0	0	0.4	0.2	0	0.75	0	0	0	0.667	0.25	0.3	0.131
0	0	0	0	0	0	0	0	0	0	0	0	0	0	0	0	0	0	0	0	0	0	0	0	0	0	0	0	0	0	0.333	0	0	0	0	0.667	0	0	0	0	0.117	0.444
0	0	0	0	0	0	0	0	0	0	0	0	0	0	0	0	0	0	0	0	0	0	0	0	0	0	0	0	0	0	0	0	0	0.2	0	0	0	0	0	0	0.716	0.261
0	0	0	0	0	0	0	0	0	0	0	0	0	0	0	0	0	0	0	0	0	0	0	0	0	0	0	0	0	0	0.6	0	0	0.4	0	0.6	0	0	0.4	0	0	0.925
9.256	2.574	0	0	0	10.255	3.611	0	0	0	2.916	2.752	0	0	0	0.712	0.5	0	0	0	0.691	0.5	0	0	0	0.333	0.333	0	0	0	0	0	0	0	0	0	0	0	0	0	0	0.464
0	0	0	0	0	0	0	1.84	0	0.94	0	0	1.84	0	0.94	0	0	0	0	0	0	0	0	0	0	0	0	0	0	0	0	0.25	0.111	0	0	0	0	0	0	0	0	0.313
0	0	0	0	0	0	0	0	0	0	0	0	0	0	0	0	0	0	0	0	0	0	0	0	0	0	0	0	0	0	0	0	0	0	0	0.4	0	0	0	0	0.419	0.943
0	0	0	0	0	0	0	0	0	0	0	0	0	0	0	0	0	0	0	0	0	0	0	0	0	0	0	0	0	0	0	0.2	1	0.4	0.6	1	0.4	0	0.2	0	0	0.699
0	0	3.631	1.987	0	0	0	4.616	0.905	0	0	0	1.892	1.081	0	0	0	0.9	1	0	0	0	0.9	0	0	0	0	1	0	0	0.25	0.2	0	0.2	0.2	0.25	0	0	0	0	0	0.609
1.057	0.929	0	12.901	0.865	3.912	0.929	0	15.795	2.812	3.912	0.929	0	4.877	2.812	0.667	0	0	0.441	0.667	0.667	0	0	0.397	0.667	0.5	0	0	0.4	0.667	0	0	0.25	0.286	0	0	0	0	0.429	0	0.298	0.275
0	0	4.089	0	13.503	0	0	8.914	0	18.951	0	0	7.989	0	12.103	0	0	0.786	0	0.669	0	0	0.643	0	0.603	0	0	0.714	0	0.622	0	0	0	0	0	0	0	0	0	0	0.415	0.416
0	0	0	0	0	0	0	0	0	0	0	0	0	0	0	0	0	0	0	0	0	0	0	0	0	0	0	0	0	0	0	0	0	0	0	0	0.2	0	0	0	0.713	0.348
0	2.824	0	2.729	0	0	3.915	0.928	2.729	0	0	2.063	0.928	2.729	0	0	1	0	0.667	0	0	1	0	0.667	0	0	1	0	0.667	0	0	0	0	0	0	0	0	0	0	0	0.9	0.208
5.562	0	0	0	0	6.538	0	0	0	0.859	5.632	0	0	0	0.859	0.444	0	0	0	0	0.476	0	0	0	0	0.2	0	0	0	0	0.75	0.889	0.6	0.667	0.4	0.75	1	1	1	1	0	0.414
0	0	0	15.824	0	0	0	0	14.31	0	0	0	0	3.383	0	0	0	0	0.684	0	0	0	0	0.648	0	0	0	0	0	0	0	0	0	0.6	0	0	0	0.2	0	0	0.299	0.280
0	0	0	0	0	0	0	0	0	0	0	0	0	0	0	0	0	0	0	0	0	0	0	0	0	0	0	0	0	0	0	0	0	0	0	0	0	0	0	0	0.717	0.998
0	0	0	0	0	0	0	0	0	0	0	0	0	0	0	0	0	0	0	0	0	0	0	0	0	0	0	0	0	0	0.25	0.2	0	0	0	0.25	0	0	0	0	0	0.917
0	0	0	0	0	0	0	0	0	0	0	0	0	0	0	0	0	0	0	0	0	0	0	0	0	0	0	0	0	0	0	0	0	0	0	0	0	0	0	0	0.714	0.411
0	0	1.77	0	0	0	0	3.523	0	0	0	0	3.523	0	0.886	0	0	0.667	0	0	0	0	0.333	0	0	0	0	0.5	0	0	0.25	0	0	0	0	0	0	0	0	0	0	0.330
0	0	0	0	0	0	0	0	0	0	0	0	0	0	0	0	0	0	0	0	0	0	0	0	0	0	0	0	0	0	0.6	0.2	0	0.333	0	1	0.8	0	0	0	0	0.929
0	28.072	0	6.194	18.203	0	30.128	0	8.232	15.071	0	12.347	0	4.752	10.227	0	0.514	0	0.917	0.737	0	0.458	0	0.583	0.629	0	0.5	0	0.7	0.578	0	0	0	0	0.5	0	0.333	0	0	0.5	0.56	0.219
0	0	0	0	3.508	0	0	1.08	0	4.457	0	0	1.08	0	2.67	0	0	0	0	0.8	0	0	0	0	0.7	0	0	0	0	0	1	0	0.2	0	0.8	1	0.8	0	0	0.8	0	0.970
0	0	0	0	0	0	0	0	0	0	0	0	0	0	0	0	0	0	0	0	0	0	0	0	0	0	0	0	0	0	0	0	0	0.4	0	0	0	0	0	0	0.415	0.387
0.929	25.708	0.897	0	16.723	3.753	26.032	0.897	0	19.937	3.753	11.622	0.897	0	8.256	0.833	0.507	0	0	0.752	0.333	0.4	0	0	0.676	0.667	0.436	0	0	0.5	0	0.4	0	0.2	0	0	0	0.4	0	0	0.197	0.178
0	0	0	0	0	0	0	0	0	0	0	0	0	0	0	0	0	0	0	0	0	0	0	0	0	0	0	0	0	0	0	0	0	0	0	0	0	0	0	0	0.899	0.496
0	0	0	0	0	0	0	0	0	0	0	0	0	0	0	0	0	0	0	0	0	0	0	0	0	0	0	0	0	0	0.8	1	0.2	0.667	0	0.4	1	0	1	0.667	0	0.662
0	0	0.86	0	5.473	0	0	0.86	0	5.473	0	0	0	0	0	0	0	0	0	0.933	0	0	0	0	0.667	0	0	0	0	0	0	0	0.2	0	0	0	0	0	0	0	0.415	0.192
0	0	0	0	0	0	0	0	0	0	0	0	0	0	0	0	0	0	0	0	0	0	0	0	0	0	0	0	0	0	0	0.4	0	0.111	0	0	0	0	0	0	0.055	0.798
0	14.249	0	0	2.574	0	16.262	0	0	3.611	0	4.869	0	0	2.752	0	0.5	0	0	0.5	0	0.463	0	0	0.5	0	0.2	0	0	0.333	0	0	0	0	0	0	0	0	0	0	0.195	0.182
14.283	38.545	0	10.44	8.404	18.826	35.204	0	16.51	11.805	13.264	25.028	0	12.708	5.132	0.614	0.324	0	0.632	0.758	0.567	0.303	0	0.588	0.652	0.41	0.216	0	0.474	0.6	0	0	0	0	0	0.2	0	0	0	0	0.198	0.280
0	0	0	0	0	0	0	0	0	0	0	0	0	0	0	0	0	0	0	0	0	0	0	0	0	0	0	0	0	0	0	0	0	0	0	0.2	0	0	0	0	0.298	0.237
0	0	0	0	0	0	0	0	0	0	0	0	0	0	0	0	0	0	0	0	0	0	0	0	0	0	0	0	0	0	0	0	0	0	0	0	0	0	0	0	0.556	0.656
0	0	0	23.244	0	0	1.056	0	20.047	0	0	1.056	0	12.186	0	0	0	0	0.569	0	0	0	0	0.462	0	0	0	0	0.576	0	0	0	0	0	0	0	0	0	0	0	0.897	0.710
0	0	0	0	-1	0	0	0	0	-1	0	0	0	0	-1	0	0	0	0	-1	0	0	0	0	-1	0	0	0	0	-1	0	0	0	0	-1	0	0	0	0	-1	0.897	0.998
0	0.857	0	9.344	0	0	0.857	0	8.411	0	0	0.857	0	5.633	0.881	0	0	0	0.53	0	0	0	0	0.611	0	0	0	0	0.2	0	0	0	0	0	0.2	0	0	0	0	0	0.417	0.343
0	0	0	0	0	0	0	0	0	0	0	0	0	0	0	0	0	0	0	0	0	0	0	0	0	0	0	0	0	0	0	0.4	0.6	0	0	0	0.4	0.6	0.667	0	0.298	0.285
0.852	0	12.901	0	0.929	0.852	0.908	15.795	0	0.929	0	0.908	4.877	0	0.929	0	0	0.441	0	0	0	0	0.397	0	0	0	0	0.4	0	0	0	0	0.286	0	0	0	0	0.429	0	0	0.715	0.173
0	0	0	0	0	0	0	0	0	0	0	0	0	0	0	0	0	0	0	0	0	0	0	0	0	0	0	0	0	0	1	0.8	0	1	1	1	0.8	0	1	1	0.417	0.976
0	0	0	0	0	0	0	0	0	0	0	0	0	0	0	0	0	0	0	0	0	0	0	0	0	0	0	0	0	0	0.25	0	0.8	0	0	0	0	0.2	0	0	0	0.785
0.853	0	0	0	0	0.853	0	0	0	0	0	0	0	0.942	0.942	0	0	0	0	0	0	0	0	0	0	0	0	0	0	0	0	0.571	0.25	0	0.4	0	1	0	0	0	0	0.393
0	0	0	0	0	0	0	0	0	0	0	0	0	0	0	0	0	0	0	0	0	0	0	0	0	0	0	0	0	0	0	0	0	0	0.25	0	0	0	0	0	0.557	0.218
0	25.662	0	0.861	0	0	29.903	0	0.861	0	1.903	12.978	0	2.964	0	1	0.318	0	0.667	0	0	0.295	0	0	0	1	0.128	0	0.667	0	0.5	0	0.667	0.25	0.889	0.75	0	1	0	1	0	0.511
25.708	0	0.929	0	0.897	26.032	0	3.753	1.08	0.897	11.622	0	3.753	1.08	0.897	0.507	0	0.833	0	0	0.4	0	0.333	0	0	0.436	0	0.667	0	0	0.4	0.2	0	0	0	0	0	0	0	0.4	0	0.439
8.404	0	1.884	14.283	0	11.805	0	0	18.826	0	5.132	0	2.913	13.264	0	0.758	0	1	0.614	0	0.652	0	0	0.567	0	0.6	0	1	0.41	0	0	0	0	0	0.333	0	0	0	0.2	0	0	0.235
0	0	0	0	0	0	0	0	0	1.84	0	0	0	0	1.84	0	0	0	0	0	0	0	0	0	0	0	0	0	0	0	0.25	0	0	0	0.111	0	0	0	0	0	0	0.462
4.44	12.047	10.44	0.937	38.545	11.497	17.985	16.51	6.448	35.204	10.64	15.242	12.708	8.673	25.028	0.733	0.655	0.632	0.75	0.324	0.689	0.542	0.588	0.733	0.303	0.694	0.561	0.474	0.679	0.216	0	0	0	0.25	0	0	0	0	0	0	0.554	0.223
0	5.562	0	0	0	0	6.538	0.859	0	0	0	5.632	0.859	0	0	0	0.444	0	0	0	0	0.476	0	0	0	0	0.2	0	0	0	0.6	0.75	0.4	0.889	0.5	1	0.75	1	1	1	0	0.802
0	0	0	0	0	0	0	0	0	0	0	0	0	0	0	0	0	0	0	0	0	0	0	0	0	0	0	0	0	0	0	0	0	0	0	0	0	0	0.2	0	0	0.810
0	0	-1	0	-1	0	0	-1	0	-1	0	0	-1	0	-1	0	0	-1	0	-1	0	0	-1	0	-1	0	0	-1	0	-1	0	0	-1	0	-1	0	0	-1	0	-1	0.893	0.998
15.935	0	0	0	0	19.421	0	0	0	0	6.522	0	0	0	0	0.637	0	0	0	0	0.55	0	0	0	0	0.533	0	0	0	0	0.444	0.8	0	0.333	0	0	0.2	0.25	0.667	0	0.419	0.399
0	0	0	0	0	0	0	0	0	0	0	0	0	0	0	0	0	0	0	0	0	0	0	0	0	0	0	0	0	0	0.2	0.4	0	1	1	0.4	0.2	1	1	0	0	0.886
0	0	0	0	0.852	0	0	0.908	0	0.852	0	0	0.908	0	0	0	0	0	0	0	0	0	0	0	0	0	0	0	0	0	0	0	0	0	0	0	0	0	0	0	0.559	0.294
0	0	0	0	0	0	0	0	0	0	0	0	0	0	0	0	0	0	0	0	0	0	0	0	0	0	0	0	0	0	0	0.2	0	0	0	0	0	0	0	0	0	0.182
0	0	0	0	4.089	0	0	0	0	8.914	0	0	0	0	7.989	0	0	0	0	0.786	0	0	0	0	0.643	0	0	0	0	0.714	0	0	0	0	0	0	0	0	0	0	0.118	0.395
0	1.057	0.865	0.929	25.876	0	3.912	2.812	0.929	27.428	0	3.912	2.812	0.929	13.745	0	0.667	0.667	0	0.3	0	0.667	0.667	0	0.262	0	0.5	0.667	0	0.269	0.25	0	0	0	0	0	0	0	0	0	0	0.624
0	0	0	0	0	0	0	0	0	0	0	0	0	0	0	0	0	0	0	0	0	0	0	0	0	0	0	0	0	0	0.4	1	0.2	0	0	0.2	1	0.4	0	1	0	0.910
0	0	0	0.867	0	0	0	0	1.727	0	0	0	0	0.859	0	0	0	0	1	0	0	0	0	1	0	0	0	0	0	0	0	0	0.5	0	0	0	0	1	0	0	0.718	0.160
0	23.244	0	13.315	0	1.056	20.047	0	17.22	0	1.056	12.186	0	7.582	0	0	0.569	0	0.588	0	0	0.462	0	0.549	0	0	0.576	0	0.393	0	0	0	0	0	0	0	0	0	0	0	0.418	0.160
33.67	38.779	18.02	0	4.442	38.245	39.506	21.227	0	6.362	12.792	14.494	9.153	0	3.721	0.381	0.319	0.597	0	0.762	0.343	0.25	0.519	0	0.571	0.318	0.346	0.25	0	0.333	0	0	0	0.8	0.25	0	0	0.25	0.6	0	0	0.329
0	9.256	0	2.574	0	0	10.255	0	3.611	0	0	2.916	0	2.752	0	0	0.712	0	0.5	0	0	0.691	0	0.5	0	0	0.333	0	0.333	0	0	0	0	0	0.333	0	0	0	0	0.667	0.298	0.159
0	0	0	0	0	0	0	0	0	0	0	0	0	0	0	0	0	0	0	0	0	0	0	0	0	0	0	0	0	0	0.111	0	0	0	0	0.667	0.8	0.25	0	0	0	0.799
0	0	0	-1	0	0	0	0	-1	0	0	0	0	-1	0	0	0	0	-1	0	0	0	0	-1	0	0	0	0	-1	0	0	0	0	-1	0	0	0	0	-1	0	0.713	0.998
0	0	0	0	0	0	0	2.952	0.878	0	0	0	2.952	0.878	0	0	0	0	0	0	0	0	0	0	0	0	0	0	0	0	0.2	0.4	0.8	0.333	0.6	0	0.4	1	0.333	0.8	0.198	0.355
0	0	0	0	0	0	0	0	0	0	0	0	0	0	0	0	0	0	0	0	0	0	0	0	0	0	0	0	0	0	1	0.667	0.8	1	0.2	1	1	0.4	1	0	0	0.987
2.574	0	9.256	0	0	3.611	0	10.255	0	0	2.752	0	2.916	0	0	0.5	0	0.712	0	0	0.5	0	0.691	0	0	0.333	0	0.333	0	0	0	0	0	0	0	0	0	0	0	0	0.198	0.199
0	0	0	0	0	0	0	0	0	0	0	0	0	0	0	0	0	0	0	0	0	0	0	0	0	0	0	0	0	0	0	0	0	0	0	0	0	0	0	0	0.896	0.449
2.712	0	31.356	0.852	0	2.712	0	32.223	0.852	0	2.712	0	15.111	0	0	0.667	0	0.438	0	0	0.333	0	0.386	0	0	0.667	0	0.371	0	0	0	0	0.2	0	0	0	0	0.8	0	0	0.717	0.134
0	0	0	0	0	0	0	0	0	0	0	0	0	0	0	0	0	0	0	0	0	0	0	0	0	0	0	0	0	0	0.2	0.8	0	1	0.4	0	0.4	0.667	1	0	0.298	0.439
0	0	25.708	31.946	0.929	0	1.08	26.032	29.597	3.753	0	1.08	11.622	11.305	3.753	0	0	0.507	0.485	0.833	0	0	0.4	0.398	0.333	0	0	0.436	0.436	0.667	0.2	0	0.4	0	0	0	0	0	0	0	0	0.516
13.503	4.089	21.574	0	19.555	18.951	8.914	23.593	0	28.017	12.103	7.989	15.885	0	14.761	0.669	0.786	0.508	0	0.551	0.603	0.643	0.455	0	0.505	0.622	0.714	0.487	0	0.561	0	0	0	0	0	0	0	0	0	0	0.556	0.230
0	10.969	0	2.739	5.416	0	7.285	0	3.599	6.283	0	7.333	0	2.707	4.555	0	0.939	0	0.667	0.952	0	0.786	0	0.667	0.857	0	0.714	0	0	0.9	0.111	0.4	0	0	0	0	0	0	0	0	0.419	0.211
0	0	0	0	0	0	0	0	0	0	0	0	0	0	0	0	0	0	0	0	0	0	0	0	0	0	0	0	0	0	0	0	0	0	0	0	0	0	0	0	0.893	0.423
0	0	0	9.139	0	0	0	0	5.97	1.08	0	0	0	7.354	1.08	0	0	0	0.972	0	0	0	0	0.867	0	0	0	0	0.524	0	0	0	1	0.4	0.2	0.8	0	1	0	0	0	0.611
0	0	0	0	0	0	0	0	0	0	0	0	0	0	0	0	0	0	0	0	0	0	0	0	0	0	0	0	0	0	0	0	0	0	0	0	0.4	0	0	0	0.897	0.175
0	0	0	0	0	0.86	0.94	0	0	0	0.86	0.94	0	0	0	0	0	0	0	0	0	0	0	0	0	0	0	0	0	0	0	0	0	0	0.4	0	0	0.667	0	0.4	0.415	0.156
0	0	0	5.562	2.803	0.859	0	0	6.538	2.803	0.859	0	0	5.632	1	0	0	0	0.444	1	0	0	0	0.476	1	0	0	0	0.2	0	0.4	0.6	0.5	0.75	0	1	1	1	0.75	0	0.117	0.635
0	0	0	0	0	0	0	0	0	0	0	0	0	0	0.942	0	0	0	0	0	0	0	0	0	0	0	0	0	0	0	0	0.111	0	0	0	0.25	0.667	0	0.8	0	0.294	0.657
10.969	2.739	0	0	0	7.285	3.599	0	0	0	7.333	2.707	0	0	0	0.939	0.667	0	0	0	0.786	0.667	0	0	0	0.714	0	0	0	0	0.4	0	0.111	0	0	0	0	0	0	0	0	0.507
0	0	0	0.857	0	0	0	0	0.857	0	0	0	0.881	0.857	0	0	0	0	0	0	0	0	0	0	0	0	0	0	0	0	0	0	0.2	0	0	0	0	0	0	0	0.197	0.258
7.788	0	0	0	2.95	11.742	0	0	0.928	2.734	7.064	0	0	0.928	3.08	0.394	0	0	0	1	0.333	0	0	0	1	0.238	0	0	0	0.667	0	0	0	0	0	0	0	0.5	0	0	0.418	0.115
0	0	0	0	0	0	0	0	0	0	0	0	0	0	0	0	0	0	0	0	0	0	0	0	0	0	0	0	0	0	0	0	0	0	0	0	0.2	0	0	0	0	0.716
0.861	1.729	25.662	25.876	0	0.861	1.76	29.903	27.428	0	2.964	2.63	12.978	13.745	1.903	0.667	0.667	0.318	0.3	1	0	1	0.295	0.262	0	0.667	0.333	0.128	0.269	1	0.25	0	0	0	0.5	0	0	0	0	0.75	0	0.518
0	0	0	0	0	0	0	0	0	0	0	0	0	0	0	0	0	0	0	0	0	0	0	0	0	0	0	0	0	0	0	0	0.25	0.6	0.111	0	0	0	0.6	0	0.3	0.384
0	0	0	0	0	0	0	0	0	0	0	0	0	0	0	0	0	0	0	0	0	0	0	0	0	0	0	0	0	0	0	0	0	0	0	0	0	0	0	0	0.894	0.488
0	0	0	0	0	0	0	0	0	0	0	0	0	0	0	0	0	0	0	0	0	0	0	0	0	0	0	0	0	0	0	0	0	0	0	0	0	0	0	0	0	0.667
0	0	0	0	0	0	0	0	0	0	0	0	0	0	0	0	0	0	0	0	0	0	0	0	0	0	0	0	0	0	0	0	0.25	0.286	0.8	0	0	0	0.286	0.2	0.196	0.230
0	0	0	0	0	0	0.878	0	1.139	2.952	0	0.878	0	1.139	2.952	0	0	0	0	0	0	0	0	0	0	0	0	0	0	0	0.4	0.333	0.2	0.778	0.8	0.4	0.333	0	0.778	1	0	0.825
0	0	0	0	0	0	0	0	0	0	0	0	0	0	0	0	0	0	0	0	0	0	0	0	0	0	0	0	0	0	0	0	0	0	0	0	0	0	0	0	0.897	0.246
0	0	0	0	0	0	0	0	0	0	0	0	0	0	0	0	0	0	0	0	0	0	0	0	0	0	0	0	0	0	0	0	0	0	0	0	0	0.2	1	0	0.554	0.412
0	0	0	0	0	0	0	0	0	0	0	0	0	0	0	0	0	0	0	0	0	0	0	0	0	0	0	0	0	0	0	0	0	0	0	0	0	0	0	0	0.718	0.272
0	0	0	0	0	0	0	0	0	0	0	0	0	0	0	0	0	0	0	0	0	0	0	0	0	0	0	0	0	0	0	0	0	0	0	0	0	0	0	0	0.556	0.721
0	0	0	5.843	0	0	0	0	4.737	1.139	0	0	0	1.107	1.139	0	0	0	0.933	0	0	0	0	1	0	0	0	0	0	0	0.625	0.75	0.556	1	0.778	0.625	0.75	1	0	0.778	0	0.558
18.02	33.67	4.442	38.779	0	21.227	38.245	6.362	39.506	2.938	9.153	12.792	3.721	14.494	2.938	0.597	0.381	0.762	0.319	0.333	0.519	0.343	0.571	0.25	0.333	0.25	0.318	0.333	0.346	0.333	0	0	0.25	0	0	0.25	0	0	0	0.2	0.196	0.274
0	0.867	0	18.203	0	0	1.727	0	15.071	0	0	0.859	0	10.227	0	0	1	0	0.737	0	0	1	0	0.629	0	0	0	0	0.578	0	0	0	0	0.5	0.5	0	0	0	0.5	1	0.715	0.189
0	0	0	0	0	0	0	0	0	0	0	0	0	0	0	0	0	0	0	0	0	0	0	0	0	0	0	0	0	0	0	0	0	0	0	0	0	0	0	0	0.897	0.997
0	15.935	0	0	12.032	0	19.421	0	0	15.254	0	6.522	0	0	7.01	0	0.637	0	0	0.733	0	0.55	0	0	0.65	0	0.533	0	0	0.524	0	0.444	0	0.8	0	0.25	0	0	0.2	0	0	0.692
0	0	0	0	0	0	0	0	0	0	0	0	0	0	0	0	0	0	0	0	0	0	0	0	0	0	0	0	0	0	0	0	0	0.5	0	0	0	0	0	0.4	0.298	0.165
1.736	7.401	0	0.924	0	0.854	8.2	0.888	0.858	0	1.736	4.652	0.888	1.782	0	1	0.364	0	1	0	0	0.389	0	0	0	0	0.1	0	1	0	0.333	0.2	0	0	0	0.333	0	0	0	0	0.117	0.124
0	0	33.606	0	1.857	0	0	27.398	0	0.939	0	0	19.197	0	1.857	0	0	0.439	0	0	0	0	0.407	0	0	0	0	0.333	0	0	1	0.4	0.5	0	0	1	0.8	0	0	0	0	0.925
0	0	0	0	0	0	0	0	0	0	0	0	0	0	0	0	0	0	0	0	0	0	0	0	0	0	0	0	0	0	0.6	1	0	0	1	0	0	0	1	0.25	0	0.667
0	0	7.788	0	0	0	0.928	11.742	0	0	0	0.928	7.064	0	0	0	0	0.394	0	0	0	0	0.333	0	0	0	0	0.238	0	0	0	0	0	0	0	0	0	0	0	0.5	0.717	0.217
0	0	0	0	0	0	0	0	0	0	0	0	0	0	0	0	0	0	0	0	0	0	0	0	0	0	0	0	0	0	0	0	0	0.778	0	0	0	0	0.222	0	0.716	0.229
0	0	0.853	0	0	0	0	0.853	0	0	0	0.942	0	0	0	0	0	0	0	0	0	0	0	0	0	0	0	0	0	0	0.571	0	0	0	0.25	1	0	0	0	0	0.418	0.823
0	0	0	0	0	0	0	0	0	0	0	0	0	0	0	0	0	0	0	0	0	0	0	0	0	0	0	0	0	0	0	0	0	0	0	0	0	0	0	0	0.717	0.985
14.226	36.453	0	0	0	14.582	31.866	0	0	0	11.308	21.393	0	0	0	0.643	0.383	0	0	0	0.486	0.361	0	0	0	0.418	0.258	0	0	0	0	0	0	0.778	0.8	0	0	0.25	0.778	0.6	0	0.513
0	0	0	0	0	0	0	0	0	0	0	0	0	0	0	0	0	0	0	0	0	0	0	0	0	0	0	0	0	0	0	0	0	0	0	0.6	0	0.2	0	0	0.418	0.879
3.508	0	0	0	31.946	4.457	1.08	0	0	29.597	2.67	1.08	0	0	11.305	0.8	0	0	0	0.485	0.7	0	0	0	0.398	0	0	0	0	0.436	0.8	0.2	0	1	0	0.8	0	0	1	0	0	0.732
12.047	0.937	4.44	3.83	10.44	17.985	6.448	11.497	14.013	16.51	15.242	8.673	10.64	12.149	12.708	0.655	0.75	0.733	0.742	0.632	0.542	0.733	0.689	0.667	0.588	0.561	0.679	0.694	0.711	0.474	0	0.25	0	0	0	0	0	0	0	0	0.19	0.271
0	15.824	0	0	0	0	14.31	0	0	0	0	3.383	0	0	0	0	0.684	0	0	0	0	0.648	0	0	0	0	0	0	0	0	0	0.6	0	0	0	0	0	0	0	0.2	0	0.573
0	0	0	0	0	0	0	0	0	0	0	0	0	0	0	0	0	0	0	0	0	0	0	0	0	0	0	0	0	0	0	0.2	0.4	0.8	0	0.667	0	0	0.4	0	0	0.705
0	0	0	0	18.911	0	0	0	0	17.569	0	0	0	0	2.306	0	0	0	0	0.719	0	0	0	0	0.601	0	0	0	0	0	0.25	0	0.333	0.8	0	0.25	0	0.667	0.2	0	0.055	0.479
0	0	0	0	0	0	0	0	0	0	0	0	0	0	0	0	0	0	0	0	0	0	0	0	0	0	0	0	0	0	0	0	0	0	0	0.2	0	0	0	0	0.059	0.601
0	0	0	0	0	0	0	0	0	0	0	0	0	0	0	0	0	0	0	0	0	0	0	0	0	0	0	0	0	0	0	0	0	0	0	0	0	0	0	0	0.715	0.374
0	0	0	0	0	0	0	0	0	0	0	0	0	0	0	0	0	0	0	0	0	0	0	0	0	0	0	0	0	0	0	0	0	0	0	0	0	0	0	0	0.415	0.746
0	0	0	0	0	0	0	0	0	0	0	0	0	0	0	0	0	0	0	0	0	0	0	0	0	0	0	0	0	0	0	0	0	0	0	0	0	0	0	0	0.897	0.516
0	0	0	0	0	0	0	0	0	0	0	0	0	0	0	0	0	0	0	0	0	0	0	0	0	0	0	0	0	0	1	0	0.6	0.2	0	0	1	0	0.4	0	0	0.968
0	0	0	0	0	0	0	0	0	0	0	0	0	0	0	0	0	0	0	0	0	0	0	0	0	0	0	0	0	0	0	0	0	0	0	0	0	0	0.2	0	0	0.562
0	1.736	0	7.401	0	0.888	0.854	0	8.2	0	0.888	1.736	0	4.652	0	0	1	0	0.364	0	0	0	0	0.389	0	0	0	0	0.1	0	0	0.333	0	0.2	0	0	0.333	0	0	0	0.298	0.139
0	16.723	13.315	0.897	23.244	0	19.937	17.22	0.897	20.047	0	8.256	7.582	0.897	12.186	0	0.752	0.588	0	0.569	0	0.676	0.549	0	0.462	0	0.5	0.393	0	0.576	0.667	0	0	0	0	0	0	0	0.4	0	0.117	0.722
0	0	0	0	14.687	0	0	0	0	8.82	0.881	0	0	0	10.898	0	0	0	0	0.294	0	0	0	0	0.611	0	0	0	0	0.127	0.2	0	0	0	0	0	0	0	0	0	0	0.352
0	0	2.803	0	2.729	0	0.859	2.803	0	2.729	0	0.859	1	0	2.729	0	0	1	0	0.667	0	0	1	0	0.667	0	0	0	0	0.667	0.5	0.4	0	0.6	0	1	1	0	1	0	0	0.687
1.989	19.555	3.83	21.574	0.937	10.487	28.017	14.013	23.593	6.448	10.487	14.761	12.149	15.885	8.673	0.722	0.551	0.742	0.508	0.75	0.611	0.505	0.667	0.455	0.733	0.667	0.561	0.711	0.487	0.679	0	0	0	0	0.25	0	0	0	0	0	0.556	0.199
0	0	0	0	0	0	0	0	0	0	0	0	0	0	0	0	0	0	0	0	0	0	0	0	0	0	0	0	0	0	0.75	0.2	0.2	0	0	0.25	0	0.2	0	0	0	0.547
1.884	8.404	0	0	0	0	11.805	0	0	0	2.913	5.132	0	0	0	1	0.758	0	0	0	0	0.652	0	0	0	1	0.6	0	0	0	0	0	0.333	0	0	0	0	0	0	0	0	0.514
0	0	0	0	0	0	0	0	0	0	0	0	0	0	0	0	0	0	0	0	0	0	0	0	0	0	0	0	0	0	0	0	0.333	0	0	0	0	0.667	0	0	0.415	0.315
0	0	0	0	0	0	0	0	0	0	0	0	0	0	0	0	0	0	0	0	0	0	0	0	0	0	0	0	0	0	0	0	0.25	0.25	0	0	0	0	0.25	0	0.556	0.247
0	0	0.852	0	12.901	0.908	0	0.852	0	15.795	0.908	0	0	0	4.877	0	0	0	0	0.441	0	0	0	0	0.397	0	0	0	0	0.4	0	0	0	0	0.286	0	0	0	0	0.429	0.419	0.178
4.442	18.02	0	33.67	0	6.362	21.227	2.938	38.245	0	3.721	9.153	2.938	12.792	0	0.762	0.597	0.333	0.381	0	0.571	0.519	0.333	0.343	0	0.333	0.25	0.333	0.318	0	0.25	0	0	0	0	0	0.25	0.2	0	0	0	0.556
0	0	0	0	0	0	0	0	0	0	0	0	0	0	0	0	0	0	0	0	0	0	0	0	0	0	0	0	0	0	0.286	0	0	0	0	0.286	0	0	0	0	0.299	0.429
0	0	0	0	0	0	0	0	0	0	0	0	0	0	0	0	0	0	0	0	0	0	0	0	0	0	0	0	0	0	0	0	0	0	0	0	0	0	0	0	0.718	0.197
0	0	0	0	0	0	0	0	0	0	0	0	0	0	0	0	0	0	0	0	0	0	0	0	0	0	0	0	0	0	0	0.6	0	0	0.25	0	0.6	0	0	0	0.118	0.979
0	0	0	0	0	0	0	0	0	0	0	0	0	0	0	0	0	0	0	0	0	0	0	0	0	0	0	0	0	0	0	0	0	0	0	0	0	0.6	0.4	0.2	0.417	0.902
0.867	18.203	0	0	0	1.727	15.071	0	0	0	0.859	10.227	0	0	0	1	0.737	0	0	0	1	0.629	0	0	0	0	0.578	0	0	0	0	0.5	0	0	0	0	0.5	0	0	0	0.417	0.280
0	0	0	0	0	0	0	0	0	0	0	0	0	0	0	0	0	0	0	0	0	0	0	0	0	0	0	0	0	0	0	0.286	0	0	0.25	0	0.286	0	0	0	0.557	0.294
18.203	0	0.867	0	0	15.071	0	1.727	0	0	10.227	0	0.859	0	0	0.737	0	1	0	0	0.629	0	1	0	0	0.578	0	0	0	0	0.5	0	0	0	0	0.5	0	0	0	0	0	0.443
4.089	0	13.503	0	21.574	8.914	0	18.951	0	23.593	7.989	0	12.103	0	15.885	0.786	0	0.669	0	0.508	0.643	0	0.603	0	0.455	0.714	0	0.622	0	0.487	0	0	0	0	0	0	0	0	0	0	0.559	0.256
0	0	0	0	0	0	0	0	0	0	0	0	0	0	0	0	0	0	0	0	0	0	0	0	0	0	0	0	0	0	0	0	0	0	0	0	0.4	0	0	0.6	0.059	0.938
0	0.853	0	0	0	0	0.853	0	0	0	0	0	0.942	0	0	0	0	0	0	0	0	0	0	0	0	0	0	0	0	0	0.25	0	0.4	0.571	0.375	0	0	0	1	0.5	0	0.644
0	0	0	0	0	0	0	0	0	0	0	0	0	0	0	0	0	0	0	0	0	0	0	0	0	0	0	0	0	0	0.4	0	0	0.2	0.2	0	0.667	0	0	0	0	0.678
0	0	0	2.824	7.788	0.928	0	0	3.915	11.742	0.928	0	0	2.063	7.064	0	0	0	1	0.394	0	0	0	1	0.333	0	0	0	1	0.238	0	0	0	0	0	0	0	0	0	0	0.897	0.238
12.032	0	0	0	6.484	15.254	0	0	0	8.813	7.01	0	0	0	5.969	0.733	0	0	0	0.822	0.65	0	0	0	0.806	0.524	0	0	0	0.733	0	0	0	0	0	0	0	0	0.25	0	0.056	0.226
0.865	0	25.876	1.057	1.729	2.812	0	27.428	3.912	1.76	2.812	0	13.745	3.912	2.63	0.667	0	0.3	0.667	0.667	0.667	0	0.262	0.667	1	0.667	0	0.269	0.5	0.333	0	0.25	0	0	0	0	0	0	0	0	0.417	0.185
0	0	12.032	15.935	0	0	0	15.254	19.421	0	0	0	7.01	6.522	0	0	0	0.733	0.637	0	0	0	0.65	0.55	0	0	0	0.524	0.533	0	0	0	0	0.444	0	0	0.25	0	0	0	0.417	0.374
0	0	0	0	0	0	0	0	0	0	0	0	0	0	0	0	0	0	0	0	0	0	0	0	0	0	0	0	0	0	0	0	0	0	0	0	0	0	0	0	0.556	0.990
0	0	0	0	0	0	0	0	0	0	0	0	0	0	0	0	0	0	0	0	0	0	0	0	0	0	0	0	0	0	0	0	0	0	0	0	0	0	0	0	0.557	0.662
0	0	0	0	0	0	0	0	0	0	0	0	0	0	0	0	0	0	0	0	0	0	0	0	0	0	0	0	0	0	0	0	0	0	0	0	0	0	0	0	0.893	0.988
2.824	2.729	0	2.803	0	3.915	2.729	0	2.803	0.928	2.063	2.729	0	1	0.928	1	0.667	0	1	0	1	0.667	0	1	0	1	0.667	0	0	0	0	0	0	0	0	0	0	0	0	0	0.717	0.099
33.606	0	1.857	0	0	27.398	0	0.939	0	0	19.197	0	1.857	0	0	0.439	0	0	0	0	0.407	0	0	0	0	0.333	0	0	0	0	0.5	1	0	0.4	0.778	0	1	0	0.8	0.778	0	0.474
0	7.788	2.95	0	1.945	0	11.742	2.734	0	0.994	0	7.064	3.08	0	1.932	0	0.394	1	0	1	0	0.333	1	0	0	0	0.238	0.667	0	1	0	0	0	0	0	0.5	0	0	0	0	0.057	0.584
0	31.946	0	0	25.708	1.08	29.597	0	0	26.032	1.08	11.305	0	0	11.622	0	0.485	0	0	0.507	0	0.398	0	0	0.4	0	0.436	0	0	0.436	0	0	0.2	0	0.4	0	0	0	0	0	0	0.522
3.83	1.989	0.937	19.555	12.047	14.013	10.487	6.448	28.017	17.985	12.149	10.487	8.673	14.761	15.242	0.742	0.722	0.75	0.551	0.655	0.667	0.611	0.733	0.505	0.542	0.711	0.667	0.679	0.561	0.561	0	0	0.25	0	0	0	0	0	0	0	0.299	0.247
0	0	0	0	0	0	0	0	1.056	0	0	0	0	1.056	0	0	0	0	0	0	0	0	0	0	0	0	0	0	0	0	0	0	0	0	0	0	0	0	0	0	0.894	0.706
0	0	0	0	0	0	0	0	0	0	0	0	0	0	0	0	0	0	0	0	0	0	0	0	0	0	0	0	0	0	0	0	0.4	0	0.667	0	0	0.4	0	0	0.292	0.175
0	0	0	0	0	0	0	0	0	0	0	0	0	0	0	0	0	0	0	0	0	0	0	0	0	0	0	0	0	0	0	0	0	0	0	0	0	0	0	0	0.893	0.177
0	0	0	0	0	0	0	0	0	0	0	0	0.942	0	0	0	0	0	0	0	0	0	0	0	0	0	0	0	0	0	0	0	0	0.111	0.571	0	0.25	0	0.667	1	0	0.495
0	0	0	0	0	0	0	0	0	0	0	0	0	0	0	0	0	0	0	0	0	0	0	0	0	0	0	0	0	0	0	0	0	0	0	0	0	0.4	0	0	0	0.574
0	0	0	0	0	0.94	0	0.86	0.98	0	0.94	0	0.86	0.98	0	0	0	0	0	0	0	0	0	0	0	0	0	0	0	0	0	0	0	0	0	0	0	0	0.25	0.667	0.197	0.115
0	0	0	0	0	0	0	0	0	0	0	0	0	0	0	0	0	0	0	0	0	0	0	0	0	0	0	0	0	0	0	0	0	0	0	0	0	0	0	0	0.717	0.805
0	0	0	0	0	0	0	0	0	0	0	0	0	0	0	0	0	0	0	0	0	0	0	0	0	0	0	0	0	0	0	0	0	0	0	0	0	0	0	0	0.559	0.533
0	0	0	0	0	0	0	0	0	0	0	0	0	0	0	0	0	0	0	0	0	0	0	0	0	0	0	0	0	0	0.4	0	0.667	0	0	0.4	0	0	0	0	0	0.521
3.631	0	0	0	17.193	4.616	0	0	0	18.178	1.892	0	0	0	7.411	0.9	0	0	0	0.7	0.9	0	0	0	0.626	1	0	0	0	0.393	0	0.25	0.2	0.2	0	0	0.25	0	0	0	0.558	0.350
5.843	0	0	0	0	4.737	0	0	0	0	1.107	0	0	0	0	0.933	0	0	0	0	1	0	0	0	0	0	0	0	0	0	1	0.4	0.75	0.6	0.625	0	0.4	0.75	0.6	0.625	0	0.628
0	5.473	0	0.86	0	0	5.473	0	0.86	0	0	0	0	0	0	0	0.933	0	0	0	0	0.667	0	0	0	0	0	0	0	0	0.5	0	0	0.2	0	0	0	0	0	0	0	0.577
0	0	0	0	0	0	0	0	0	0	0	0	0	0	0	0	0	0	0	0	0	0	0	0	0	0	0	0	0	0	0	0.8	0.25	0.25	0.333	0	0.2	0.25	0	0.667	0.717	0.252
0	0	5.562	0	0	0	0	6.538	0	0	0	0	5.632	1.903	0	0	0	0.444	1	0	0	0	0.476	0	0	0	0	0.2	1	0	0.889	0.667	0.75	0.5	0.6	1	1	0.75	0.75	1	0	0.906
15.824	0	0	11.043	0	14.31	0	0	11.043	0	3.383	0	0	1.84	0	0.684	0	0	0.879	0	0.648	0	0	0.697	0	0	0	0	0	0	0.6	0	0	0	0	0	0	0	0	0	0	0.450
31.946	0	0	3.508	0	29.597	0	1.08	4.457	0	11.305	0	1.08	2.67	0	0.485	0	0	0.8	0	0.398	0	0	0.7	0	0.436	0	0	0	0	0	0	0	0.8	0.2	0	0	0	0.8	0	0	0.258
0	0	0	0	0	0.878	1.139	0	0	0	0.878	1.139	0	0	0	0	0	0	0	0	0	0	0	0	0	0	0	0	0	0	0.333	0.778	0.4	0.556	0.2	0.333	0.778	0.4	1	0	0	0.549
0	0	0	0	0	0	0	0	0	0	0	0	0	0	0	0	0	0	0	0	0	0	0	0	0	0	0	0	0	0	0	0.2	0	0.75	0.2	0	0.2	0	0.25	0	0.419	0.248
0	0	0	0	0	0	0.98	0.94	0.94	0.86	0	0.98	0.94	0.94	0.86	0	0	0	0	0	0	0	0	0	0	0	0	0	0	0	0	0	0	0	0	0	0.25	0	0	0	0.718	0.330
0	0	0	0	0	0	0	0	0	0	0	0	0	0	0	0	0	0	0	0	0	0	0	0	0	0	0	0	0	0	0	0	0	0	0	0	0	0	0	0	0.556	0.352
0.924	0	7.401	1.77	1.736	0.858	0	8.2	3.523	0.854	1.782	0.886	4.652	3.523	1.736	1	0	0.364	0.667	1	0	0	0.389	0.333	0	1	0	0.1	0.5	0	0	0	0.2	0	0.333	0	0	0	0	0.333	0.197	0.154
0	0	0	0	0	0	0	0	0	0	0	0	0	0	0	0	0	0	0	0	0	0	0	0	0	0	0	0	0	0	0	0	0	0	0	0	0	0	0	0	0.717	0.466
0	4.442	0	18.02	0	2.938	6.362	0	21.227	0	2.938	3.721	0	9.153	0	0.333	0.762	0	0.597	0	0.333	0.571	0	0.519	0	0.333	0.333	0	0.25	0	0	0.25	0	0	0	0.2	0	0	0.25	0.375	0.419	0.283
0	0	14.687	0	0	0	0	8.82	0	0	0	0.881	10.898	0	0	0	0	0.294	0	0	0	0	0.611	0	0	0	0	0.127	0	0	0	0.2	0	0	0	0	0	0	0	0	0	0.396
1.945	2.95	0	0	9.344	0.994	2.734	0	0	8.411	1.932	3.08	0	0	5.633	1	1	0	0	0.53	0	1	0	0	0.611	1	0.667	0	0	0.2	0	0	0	0	0	0	0	0.4	0.5	0	0	0.367
0	0	0	0	0	0	0	0	0	0	0	0	0	0	0	0	0	0	0	0	0	0	0	0	0	0	0	0	0	0	0	0.25	1	0	0.8	0	0	1	0	0.8	0.294	0.219
0	1.884	0	8.404	0	0	0	0	11.805	0	0	2.913	0	5.132	0	0	1	0	0.758	0	0	0	0	0.652	0	0	1	0	0.6	0	0.333	0	0	0	0	0	0	0	0	0	0	0.666
0	0	0	0	0	0	0	0	0	0	0	0	0	0	0	0	0	0	0	0	0	0	0	0	0	0	0	0	0	0	0	0	0.286	0	0	0	0	0.286	0	0	0	0.475
0	0	0	0	0	0	0	0	0	0	0	0	0	0	0	0	0	0	0	0	0	0	0	0	0	0	0	0	0	0	0	0	0	0	0	0.4	0	0	0	0	0.419	0.296
2.95	0	1.945	7.788	0	2.734	0	0.994	11.742	0	3.08	0	1.932	7.064	0	1	0	1	0.394	0	1	0	0	0.333	0	0.667	0	1	0.238	0	0	0	0	0	0	0	0.5	0	0	0.4	0.2	0.191
0	0	0	0	0	0	0	0	0	0	0	0	0	0	0	0	0	0	0	0	0	0	0	0	0	0	0	0	0	0	0	0	0.2	0.2	0	0	0	0	0.2	0	0.292	0.182
0	0	0	0	1.987	0	0	0	0	0.905	0	0	0	0	1.081	0	0	0	0	1	0	0	0	0	0	0	0	0	0	0	0	0.6	1	1	0.2	0	0	0.25	0	0	0	0.494
0	0	0	0	0	0	0	0	0	0	0	0	0	0	0	0	0	0	0	0	0	0	0	0	0	0	0	0	0	0	0	0	0	0	0	0	0	0	0	0	0.195	0.972
0	0	0	0	0	0	0	0	0	0	0	0	0	0	0	0	0	0	0	0	0	0	0	0	0	0	0	0	0	0	0	0.6	0	0.2	0	0	1	0	0.8	0.8	0	0.548
0	0	0	0	0	0	0	0	0	0	0	0.942	0	0	0	0	0	0	0	0	0	0	0	0	0	0	0	0	0	0	0.375	0.4	0.6	0.25	0.4	0.5	0	0.6	0	0.4	0	0.629
0.897	0.929	16.723	25.708	0	0.897	3.753	19.937	26.032	0	0.897	3.753	8.256	11.622	0	0	0.833	0.752	0.507	0	0	0.333	0.676	0.4	0	0	0.667	0.5	0.436	0	0	0	0	0.4	0.667	0.4	0	0	0	0	0.298	0.264
5.416	0	0.852	0	0	6.283	0	0.852	0	0	4.555	0	0	0	0	0.952	0	0	0	0	0.857	0	0	0	0	0.9	0	0	0	0	0	0	0	0.111	0	0	0	0	0	0	0.197	0.300
0	0	3.508	0	0	1.08	0	4.457	0	0	1.08	0	2.67	0	0	0	0	0.8	0	0	0	0	0.7	0	0	0	0	0	0	0	0.2	1	0.8	0	0	0	1	0.8	0.8	0	0	0.664
0	12.032	6.484	0	0	0	15.254	8.813	0	0	0	7.01	5.969	0	0	0	0.733	0.822	0	0	0	0.65	0.806	0	0	0	0.524	0.733	0	0	0	0	0	0	0	0	0	0	0	0	0.415	0.477
0	31.356	0	2.712	0	0	32.223	0	2.712	0	0	15.111	0	2.712	0	0	0.438	0	0.667	0	0	0.386	0	0.333	0	0	0.371	0	0.667	0	0	0.2	0.333	0	0.2	0	0.8	0	0	0.8	0.419	0.111
0	0	0	0	0	1.84	0	0.94	0	0.98	1.84	0	0.94	0	0.98	0	0	0	0	0	0	0	0	0	0	0	0	0	0	0	0.111	0	0	0.25	0	0	0	0	0	0.25	0.419	0.173
0	0	0	0	0	0	0	0	0	0	0	0	0	0	0	0	0	0	0	0	0	0	0	0	0	0	0	0	0	0	0	0	0	0	0	0	0	0	0	0	0.898	0.973
0	0	18.203	28.072	0.867	0	0	15.071	30.128	1.727	0	0	10.227	12.347	0.859	0	0	0.737	0.514	1	0	0	0.629	0.458	1	0	0	0.578	0.5	0	0	0	0.5	0	0	0	0	0.5	0.333	0	0.299	0.145
18.911	0	0	0	0	17.569	0	0	0	0	2.306	0	0	0	0	0.719	0	0	0	0	0.601	0	0	0	0	0	0	0	0	0	0	0.333	1	0.25	0.667	0	0.667	1	0.25	1	0	0.487
0	0	0	0	0	0	0	0	0	0	0	0	0	0	0	0	0	0	0	0	0	0	0	0	0	0	0	0	0	0	0	0	0	0	0	0	0	1	0	0	0	0.480
0	0.852	2.712	5.416	31.356	0	0.852	2.712	6.283	32.223	0	0	2.712	4.555	15.111	0	0	0.667	0.952	0.438	0	0	0.333	0.857	0.386	0	0	0.667	0.9	0.371	0	0	0	0	0.2	0	0	0	0	0.8	0.717	0.178
2.729	2.803	2.824	0	0	2.729	2.803	3.915	0	0	2.729	1	2.063	0	0	0.667	1	1	0	0	0.667	1	1	0	0	0.667	0	1	0	0	0	0	0	0.5	0	0	0	0	1	0	0.418	0.214
0	0	0	0	0	0	0	0	0	0	0	0	0	0	0	0	0	0	0	0	0	0	0	0	0	0	0	0	0	0	0	0.2	0	0	0.2	0	0	0	0	0	0	0.375
17.193	0	0	3.631	0	18.178	0	0	4.616	0	7.411	0	0	1.892	0	0.7	0	0	0.9	0	0.626	0	0	0.9	0	0.393	0	0	1	0	0	0.2	0	0	0	0	0	0	0	0	0.713	0.125
0	0	0	0.853	0	0	0	0	0.853	0	0.942	0	0	0	0	0	0	0	0	0	0	0	0	0	0	0	0	0	0	0	0.4	0.25	0.375	0	0.6	0	0	0.5	0	0.6	0	0.494
31.356	2.712	0	0	0	32.223	2.712	0	0	0	15.111	2.712	0	0	0	0.438	0.667	0	0	0	0.386	0.333	0	0	0	0.371	0.667	0	0	0	0.2	0	0	0	0.333	0.8	0	0	0	0	0.015	0.308
0	0	0	0	0	0	0	0	0	0	0	0	0	0	0	0	0	0	0	0	0	0	0	0	0	0	0	0	0	0	0	0	0	0	0	0.2	0.6	0	0	0	0.718	0.847
0	0	0	0	0	0	0	0	0	0	0	0	0	0	0	0	0	0	0	0	0	0	0	0	0	0	0	0	0	0	0	0	0	0	0.286	0	0	0	0	0.286	0.557	0.247
0	0	0	5.473	0	0	0	0	5.473	0	0	0	0	0	0	0	0	0	0.933	0	0	0	0	0.667	0	0	0	0	0	0	0	0.5	0	0	0	0	0	0	0	0	0.419	0.185
0	0	18.911	0	0	0	0	17.569	0	0	0	0	2.306	0	0	0	0	0.719	0	0	0	0	0.601	0	0	0	0	0	0	0	0.333	0.25	0	0	1	0.667	0.25	0	0	1	0	0.587
0	0	0	0	0	0	0	0	0	0	0	0	0	0	0	0	0	0	0	0	0	0	0	0	0	0	0	0	0	0	0	0	0	0	0	0	0	0	0	0	0.717	0.389
0	0	0	1.884	0	0	0	0	0	0	0	0	0	2.913	0	0	0	0	1	0	0	0	0	0	0	0	0	0	1	0	0	0.333	0	0	0.4	0	0	0	0	0.8	0.294	0.261
6.484	0	0	12.032	0	8.813	0	0	15.254	0	5.969	0	0	7.01	0	0.822	0	0	0.733	0	0.806	0	0	0.65	0	0.733	0	0	0.524	0	0	0	0	0	0	0	0	0	0	0	0	0.630
0	3.631	17.193	0	0	0	4.616	18.178	0	0	0	1.892	7.411	0	0	0	0.9	0.7	0	0	0	0.9	0.626	0	0	0	1	0.393	0	0	0.2	0	0	0.25	0	0	0	0	0.25	0	0.42	0.359
0	6.484	0	0	6.194	0	8.813	0	0	8.232	0	5.969	0	0	4.752	0	0.822	0	0	0.917	0	0.806	0	0	0.583	0	0.733	0	0	0.7	0	0	0	0	0	0	0	0	0	0	0.292	0.171
21.574	13.503	19.555	4.089	1.989	23.593	18.951	28.017	8.914	10.487	15.885	12.103	14.761	7.989	10.487	0.508	0.669	0.551	0.786	0.722	0.455	0.603	0.505	0.643	0.611	0.487	0.622	0.561	0.714	0.667	0	0	0	0	0	0	0	0	0	0	0	0.177
0	0	0	0	0	0	0	1.139	0	0.878	0	0	1.139	0	0.878	0	0	0	0	0	0	0	0	0	0	0	0	0	0	0	0.556	0.625	0.778	0.75	0.333	1	0.625	0.778	0.75	0.333	0.299	0.683
0	0	0	0	0	0.98	0.94	0	1.84	0.94	0.98	0.94	0	1.84	0.94	0	0	0	0	0	0	0	0	0	0	0	0	0	0	0	0	0	0	0.111	0	0.25	0	0	0	0	0.896	0.228
0	0	0	4.442	0	0	2.938	0	6.362	0	0	2.938	0	3.721	0	0	0.333	0	0.762	0	0	0.333	0	0.571	0	0	0.333	0	0.333	0	0	0	0	0.25	0	0	0.2	0.375	0	0	0.556	0.309
14.687	0	0	0	0.942	8.82	0	0	0	0.942	10.898	0	0	0.881	1.887	0.294	0	0	0	1	0.611	0	0	0	0	0.127	0	0	0	1	0	0	0	0.2	0	0	0	0	0	0	0.296	0.117
0	0	0	0	0	0	0	0	0	0	0	0	0	0	0	0	0	0	0	0	0	0	0	0	0	0	0	0	0	0	0.25	0	0.111	0	0.4	0	0	0	0	0	0	0.473
0	0	0	0	0	0	0	0	0	0	0	0	0	0	0	0	0	0	0	0	0	0	0	0	0	0	0	0	0	0	0	0	0	0	0	0	0	0	0	0	0.715	0.428
0	0	0	0	0	0	0	0	0	0	0	0	0	0	0	0	0	0	0	0	0	0	0	0	0	0	0	0	0	0	0	0	0	0	0	0	0	0	0	0	0.714	0.890
0	0	0	0	0	0	0	0	0	0	0	0	0	0	0	0	0	0	0	0	0	0	0	0	0	0	0	0	0	0	0	0	0	0	0	0	0	0	0	0	0.713	0.567
0	11.043	15.824	0	0	0	11.043	14.31	0	0	0	1.84	3.383	0	0	0	0.879	0.684	0	0	0	0.697	0.648	0	0	0	0	0	0	0	0	0	0.6	0.6	0	0	0	0	0.8	0	0.298	0.302
0	0	0	0	0	1.139	0	0.878	0	0	1.139	0	0.878	0	0	0	0	0	0	0	0	0	0	0	0	0	0	0	0	0	0.778	0.556	0.333	0.625	0.4	0.778	1	0.333	0.625	0.4	0.115	0.673
0	0	0	0	0	0	0	0	0	0	0	0	0	0	0	0	0	0	0	0	0	0	0	0	0	0	0	0	0	0	0	0	0.2	0.2	0.25	0	0	0	0	0.25	0.42	0.328
38.545	10.44	14.283	4.44	0	35.204	16.51	18.826	11.497	0	25.028	12.708	13.264	10.64	0	0.324	0.632	0.614	0.733	0	0.303	0.588	0.567	0.689	0	0.216	0.474	0.41	0.694	0	0	0	0	0	0	0	0	0.2	0	0	0	0.312
0	0	0	0	0	0	0	0	0	0	0	0	0	0	0	0	0	0	0	0	0	0	0	0	0	0	0	0	0	0	0	0	0	0	0	0	1	0	0	0.2	0.415	0.433
0	0	0	0	0.853	0	0	0	0	0.853	0.942	0	0	0	0	0	0	0	0	0	0	0	0	0	0	0	0	0	0	0	0	0	0.571	0	0	0	0	1	0.25	0	0	0.463
0	0	0	0	0	0	0	0	0	0	0	0	0	0	0	0	0	0	0	0	0	0	0	0	0	0	0	0	0	0	0.2	0.75	0	0.2	0	0.2	0.25	0	0	0	0	0.592
0	0	0	0	0	0	0	0	0	0	0	0	0	0	0	0	0	0	0	0	0	0	0	0	0	0	0	0	0	0	0.667	0.4	0	0	0	0	0.4	0	0	0	0	0.873
0.86	0	5.473	0	0	0.86	0	5.473	0	0	0	0	0	0	0	0	0	0.933	0	0	0	0	0.667	0	0	0	0	0	0	0	0.2	0	0	0	0.5	0	0	0	0	0	0.557	0.113
0	0	1.987	0	0	0	0	0.905	0	0	0	0	1.081	0	0	0	0	1	0	0	0	0	0	0	0	0	0	0	0	0	1	0	0.2	0.6	0.2	0.25	0	0	0	0	0	0.948
0	0	0	0	0	0	0	0	0	0	0	0	0	0	0	0	0	0	0	0	0	0	0	0	0	0	0	0	0	0	0	0	0.4	0.333	1	0	0	0.8	0	1	0.117	0.393
1.729	25.876	0.861	0.865	25.662	1.76	27.428	0.861	2.812	29.903	2.63	13.745	2.964	2.812	12.978	0.667	0.3	0.667	0.667	0.318	1	0.262	0	0.667	0.295	0.333	0.269	0.667	0.667	0.128	0	0	0.25	0	0	0	0	0	0	0	0	0.532
19.555	21.574	1.989	13.503	3.83	28.017	23.593	10.487	18.951	14.013	14.761	15.885	10.487	12.103	12.149	0.551	0.508	0.722	0.669	0.742	0.505	0.455	0.611	0.603	0.667	0.561	0.487	0.667	0.622	0.711	0	0	0	0	0	0	0	0	0	0	0	0.349
0	0	5.416	10.969	0.852	0	0	6.283	7.285	0.852	0	0	4.555	7.333	0	0	0	0.952	0.939	0	0	0	0.857	0.786	0	0	0	0.9	0.714	0	0	0.111	0	0.4	0	0	0	0	0	0	0.557	0.252
0	0	0	0	0	0	0	0	0	0	0	0	0	0	0	0	0	0	0	0	0	0	0	0	0	0	0	0	0	0	0	0	0	0	0.4	0	0	0	0	0.4	0.556	0.189
0	0	0	25.662	5.562	0	0	0	29.903	6.538	0	1.903	0	12.978	5.632	0	1	0	0.318	0.444	0	0	0	0.295	0.476	0	1	0	0.128	0.2	0.667	0.5	0.889	0	0.75	1	0.75	1	0	0.75	0	0.907
0	0	0	0	0	0	0	0	0	0	0	0	0	0	0	0	0	0	0	0	0	0	0	0	0	0	0	0	0	0	0	0	0	0	0	0	0	0	0	0	0.116	0.974
0	3.508	31.946	0	0	0	4.457	29.597	1.08	1.08	0	2.67	11.305	1.08	1.08	0	0.8	0.485	0	0	0	0.7	0.398	0	0	0	0	0.436	0	0	0	0.8	0	0.2	0	0	0.8	0	0	0	0	0.633
7.401	0.924	1.736	0	0	8.2	0.858	0.854	0	0.888	4.652	1.782	1.736	0.886	0.888	0.364	1	1	0	0	0.389	0	0	0	0	0.1	1	0	0	0	0.2	0	0.333	0	0	0	0	0.333	0	0	0	0.173
0	0	0	0	0	0	0	0	0	0	0	0	0	0	0	0	0	0	0	0	0	0	0	0	0	0	0	0	0	0	0	0	0	0	0	1	0	0	0	0	0	0.590
1.77	0	0	0	0.924	3.523	0	0	0	0.858	3.523	0	0.886	0	1.782	0.667	0	0	0	1	0.333	0	0	0	0	0.5	0	0	0	1	0	0.25	0	0	0	0	0	0	0	0	0.196	0.088
0	0	0	0	0	0	0	0	0	0	0	0	0	0	0	0	0	0	0	0	0	0	0	0	0	0	0	0	0	0	0	0	0	0	0	0	0	0	0	0	0.9	0.292
