0	0	0	0	0	0	0	0	0	0	0	0	0	0	0	0	0	0	0	0	0	0	0	0	0	0	0	0	0	0	0	0.4	0	0	0.556	0.2	0	0	0	0	0.898	0.491
0	2.707	1.834	9.301	0	0.864	4.483	1.834	10.261	0	0	0	0	0	0	0	1	1	0.909	0	0	1	1	0.909	0	0	0	0	0	0	0	0	0	0	0	0	0	0	0	0	0	0.353
0	0	0	0	0	0	0	0	0	0	0	0	0	0	0	0	0	0	0	0	0	0	0	0	0	0	0	0	0	0	0.25	0.556	0.4	0	0.8	0	0	0	0	0	0	0.589
5.571	34.849	0	0	28.421	7.462	40.193	0	0	31.574	0	0	0	0	0	0.964	0.333	0	0	0.441	0.964	0.333	0	0	0.441	0	0	0	0	0	0.222	0	0.25	0.667	0	0	0	0	0.111	0	0.197	0.397
11.317	7.488	0	11.478	2.686	19.996	17.042	6.599	21.66	8.136	0	0	0	0	0	0.503	0.458	0.667	0.463	0.679	0.503	0.458	0.667	0.463	0.679	0	0	0	0	0	0	0	0	0	0.333	0	0	0	0	0	0.059	0.221
0.894	0	0.924	1.783	0	4.959	4.307	5.067	6.927	0.892	0	0	0	0	0	0.4	0.833	0.7	0.333	0	0.4	0.833	0.7	0.333	0	0	0	0	0	0	0	0.111	0	0	0.4	0	0	0	0	0	0.418	0.293
0	-1	0	-1	0	0	-1	0	-1	0	0	-1	0	-1	0	0	-1	0	-1	0	0	-1	0	-1	0	0	-1	0	-1	0	0	-1	0	-1	0	0	-1	0	-1	0	0.899	0.793
0	6.561	0	24.536	1.906	0.996	10.65	0	30.757	1.906	0	0	0	0	0	0	0.636	0	0.43	1	0	0.636	0	0.43	1	0	0	0	0	0	0.143	0.4	0.2	0	0.4	0.143	0	0	0	0.4	0.418	0.308
0	0	0	0	2.769	0	0	0	0	2.769	0	0	0	0	0	0	0	0	0	1	0	0	0	0	1	0	0	0	0	0	0.5	0.6	0.4	0	0	0.5	0	0.4	0	0	0	0.800
0	1.735	0	0	0	0	1.735	0	0	0	0	0	0	0	0	0	1	0	0	0	0	1	0	0	0	0	0	0	0	0	0	0	0	0.8	0.4	0	0	0	1	0.4	0.014	0.124
2.748	0	3.73	2.769	0	9.573	2.688	8.706	7.804	0.904	0	0	0	0	0	0.467	0.333	0.361	0.571	0	0.467	0.333	0.361	0.571	0	0	0	0	0	0	0	1	0	0	0	0	1	0	0.4	0	0	0.266
0	0	0	0	1.723	0	0	0	0	1.723	0	0	0	0	0	0	0	0	0	1	0	0	0	0	1	0	0	0	0	0	0.6	0	0.2	0.25	0	0.6	0	0.2	1	0	0	0.789
0	0	0	0	0	0	0	0	0	0	0	0	0	0	0	0	0	0	0	0	0	0	0	0	0	0	0	0	0	0	1	0.6	0.4	0.2	0.4	0.5	0	0	0	0	0.294	0.451
0	0	0	3.655	0	0	0	0	3.655	0	0	0	0	0	0	0	0	0	1	0	0	0	0	1	0	0	0	0	0	0	0.2	0	0	0	0	0	0	0	0	0	0.298	0.518
0	0	0	0	0	0	0	0	0	0	0	0	0	0	0	0	0	0	0	0	0	0	0	0	0	0	0	0	0	0	0.75	0.6	0	0.333	0	0.5	0	0	0	0	0	0.524
2.605	13.141	0	3.737	12.23	4.513	16.352	0	4.693	16.372	0	0	0	0	0	1	0.794	0	1	0.684	1	0.794	0	1	0.684	0	0	0	0	0	0	0.4	0.2	0	0	0	0	0	0	0	0.298	0.473
0	0	0	0	0	0	0	0	0	0	0	0	0	0	0	0	0	0	0	0	0	0	0	0	0	0	0	0	0	0	0.8	0.125	0.4	0.2	0	0.8	0	0.4	0	0	0.117	0.438
0	0	0	0	0	0	0	0	0.862	0	0	0	0	0	0	0	0	0	0	0	0	0	0	0	0	0	0	0	0	0	0	0.625	0.2	0	0.444	0	0	0	0	0	0.716	0.288
1.987	3.073	0	26.224	2.228	4.003	3.073	0	31.558	4.352	0	0	0	0	0	1	0.333	0	0.345	1	1	0.333	0	0.345	1	0	0	0	0	0	0	0	0.333	0.222	0.2	0	0	0.333	0	0.2	0.19	0.493
1.906	0	0	0	0	1.906	0	0	0.996	1.008	0	0	0	0	0	1	0	0	0	0	1	0	0	0	0	0	0	0	0	0	0.4	0.2	0.25	0.143	0.5	0.4	0	0	0.143	0	0.556	0.332
0	1.783	0.894	13.426	0.924	4.307	6.927	4.959	19.749	5.067	0	0	0	0	0	0.833	0.333	0.4	0.305	0.7	0.833	0.333	0.4	0.305	0.7	0	0	0	0	0	0.111	0	0	0	0	0	0	0	0	0	0.419	0.303
0	0	0	0	0	0	0	0	0	0	0	0	0	0	0	0	0	0	0	0	0	0	0	0	0	0	0	0	0	0	0	0.8	0	0.4	0	0	0	0	0	0	0.198	0.672
1.97	0	0	0	4.829	2.918	0	0	0	5.777	0	0	0	0	0	1	0	0	0	0.667	1	0	0	0	0.667	0	0	0	0	0	0.125	0.8	0	0.2	0	0	0.6	0	0.2	0	0	0.282
25.493	24.323	0	30.428	26.224	28.97	27.404	0	34.933	31.558	0	0	0	0	0	0.473	0.481	0	0.39	0.345	0.473	0.481	0	0.39	0.345	0	0	0	0	0	0.5	0.2	0.125	0	0.222	0	0.2	0	0.2	0	0.116	0.410
0	0	0	20.719	0	0	0	0	23.997	0	0	0	0	0	0	0	0	0	0.601	0	0	0	0	0.601	0	0	0	0	0	0	0	0	0.4	0	0.25	0	0	0	0	0.75	0.419	0.269
0	0	4.555	7.645	0.886	0	0	7.346	10.829	2.697	0	0	0	0	0	0	0	1	0.909	1	0	0	1	0.909	1	0	0	0	0	0	0	0	0.2	0.625	0.667	0	0	0.6	0.25	0	0.558	0.171
0	0	0	0	0	0	0	0	0	0	0	0	0	0	0	0	0	0	0	0	0	0	0	0	0	0	0	0	0	0	0.6	0.4	0	0	0.333	1	0	0	0	0	0	0.791
0	0	0	0	0	0	0	0	0	0	0	0	0	0	0	0	0	0	0	0	0	0	0	0	0	0	0	0	0	0	0.4	0	0	0	0	0	0	0	0	0	0.556	0.181
0	0	0	0	0.89	0.879	0	0	0	3.641	0	0	0	0	0	0	0	0	0	0.667	0	0	0	0	0.667	0	0	0	0	0	0	0	0	0	0	0	0	0	0	0.333	0.12	0.441
26.381	0	0	0	4.036	28.258	0	0	0	5.812	0	0	0	0	0	0.286	0	0	0	1	0.286	0	0	0	1	0	0	0	0	0	0	0.4	0.2	0	0	0	0.4	0.8	0	0	0	0.204
0	0	-1	0	-1	0	0	-1	0	-1	0	0	-1	0	-1	0	0	-1	0	-1	0	0	-1	0	-1	0	0	-1	0	-1	0	0	-1	0	-1	0	0.2	-1	0	-1	0.9	0.999
0	1.732	0	27.013	0	0	1.732	0	27.013	0	0	0	0	0	0	0	1	0	0.508	0	0	1	0	0.508	0	0	0	0	0	0	0.8	0.25	0	0.857	0.556	0	0	0	0.286	0	0	0.535
0	7.645	0	0	4.555	0	10.829	0	0	7.346	0	0	0	0	0	0	0.909	0	0	1	0	0.909	0	0	1	0	0	0	0	0	0	0.625	0	0	0.2	0	0.25	0	0	0.6	0.717	0.147
2.095	1.038	11.478	1.789	7.488	9.931	8.518	21.66	8.702	17.042	0	0	0	0	0	0.611	0.571	0.463	0.571	0.458	0.611	0.571	0.463	0.571	0.458	0	0	0	0	0	0	0	0	0	0	0	0	0	0	0	0.559	0.320
3.73	2.748	0	0	3.017	8.706	9.573	0.904	2.688	9.034	0	0	0	0	0	0.361	0.467	0	0.333	0.333	0.361	0.467	0	0.333	0.333	0	0	0	0	0	0	0	0	1	0	0	0	0	1	0	0	0.568
0	0	0.888	0	0	0	0	0.888	0	0	0	0	0	0	0	0	0	0	0	0	0	0	0	0	0	0	0	0	0	0	0.2	0.4	0	0	0.111	0	0	0	0	0	0	0.271
0	0	0	0	3.141	0	0	2.868	0	7.779	0	0	0	0	0	0	0	0.333	0	0.762	0	0	0.333	0	0.762	0	0	0	0	0	0	0	0.222	0	0	0	0	0	0	0	0.415	0.335
0.985	8.419	0	4.829	4.872	0.985	9.416	0	5.777	6.636	0	0	0	0	0	0	0.844	0	0.667	0.667	0	0.844	0	0.667	0.667	0	0	0	0	0	0.4	0	0	0	0	0.8	0.2	0	0	0	0.12	0.500
0	0	0	0	0	0	0	0	0	0	0	0	0	0	0	0	0	0	0	0	0	0	0	0	0	0	0	0	0	0	0	0.5	0.2	0	0	0	0	0	0	0	0.417	0.130
0	0	0	0	0	0	0	0	0	0	0	0	0	0	0	0	0	0	0	0	0	0	0	0	0	0	0	0	0	0	0.4	0.4	0.778	1	0	0	0	0	0.5	0	0	0.669
0	0	2.887	0	14.737	0	0	2.887	0	14.737	0	0	0	0	0	0	0	0.667	0	0.867	0	0	0.667	0	0.867	0	0	0	0	0	0.2	0	0.2	0.4	0.2	0.6	0	0	0.4	0	0.56	0.155
0	0	0	0	0	0	0	0	0	0	0	0	0	0	0	0	0	0	0	0	0	0	0	0	0	0	0	0	0	0	0	0	0	0.25	0.333	0	0	0.5	0.75	1	0.716	0.407
0	0	13.126	24.718	7.542	0	0.864	15.212	29.769	8.547	0	0	0	0	0	0	0	0.6	0.487	0.778	0	0	0.6	0.487	0.778	0	0	0	0	0	0	0	0	0	0	0	0	0	0	0	0.556	0.229
0	0	2.769	0	0	0	0	2.769	0	0	0	0	0	0	0	0	0	1	0	0	0	0	1	0	0	0	0	0	0	0	0.4	0.5	0	0.6	0	0.4	0.5	0	0	0.5	0	0.724
0	0	0	1.732	0	0	0	0	1.732	0	0	0	0	0	0	0	0	0	1	0	0	0	0	1	0	0	0	0	0	0	0	0.8	0.556	0.25	0.25	0	0	0	0	0	0.299	0.837
0	0	0	0	0	0	0	0	0	0	0	0	0	0	0	0	0	0	0	0	0	0	0	0	0	0	0	0	0	0	0.25	0.4	0	0	0	0.75	0	0	0	0	0	0.901
0	0	0	0	0	0	0	0	0	0	0	0	0	0	0	0	0	0	0	0	0	0	0	0	0	0	0	0	0	0	0	0.25	0.6	0.667	0.2	0	1	0.6	1	0.2	0	0.588
0	0	0	0	0	0	0	0	0	0	0	0	0	0	0	0	0	0	0	0	0	0	0	0	0	0	0	0	0	0	0.4	0.25	0.8	0.556	0	0	0	0	0	0	0	0.524
0	5.571	28.421	34.849	0	0	7.462	31.574	40.193	0.895	0	0	0	0	0	0	0.964	0.441	0.333	0	0	0.964	0.441	0.333	0	0	0	0	0	0	0.25	0.222	0	0	0.2	0	0	0	0	0.2	0	0.737
13.141	3.737	2.605	0	0	16.352	4.693	4.513	0	0	0	0	0	0	0	0.794	1	1	0	0	0.794	1	1	0	0	0	0	0	0	0	0.4	0	0	0	0.2	0	0	0	0	0	0.299	0.558
1.834	0	0	2.707	9.258	1.834	0.864	0	4.483	11.001	0	0	0	0	0	1	0	0	1	0.621	1	0	0	1	0.621	0	0	0	0	0	0	0	0	0	0	0	0	0	0	0	0	0.113
0	2.769	0	0	0	0	2.769	0	0	0	0	0	0	0	0	0	1	0	0	0	0	1	0	0	0	0	0	0	0	0	0	0	0	0.4	1	0.5	0	0	0.4	0.2	0	0.980
0	0	0	0	0	0	0	0	0	0	0	0	0	0	0	0	0	0	0	0	0	0	0	0	0	0	0	0	0	0	0.2	0	0	0.5	0.2	0	0	0	0	0	0.414	0.200
24.323	30.428	25.493	0.856	0	27.404	34.933	28.97	1.766	0	0	0	0	0	0	0.481	0.39	0.473	1	0	0.481	0.39	0.473	1	0	0	0	0	0	0	0.2	0	0.5	0	0.125	0.2	0.2	0	0	0	0.118	0.449
0	0	0	0	0	0	0	0	0	0	0	0	0	0	0	0	0	0	0	0	0	0	0	0	0	0	0	0	0	0	0	0.556	0.222	0	0.4	0	0	0	0	1	0.898	0.602
2.744	1.268	0.888	0.902	2.727	9.441	4.091	5.372	4.227	9.875	0	0	0	0	0	0.378	0.333	0.467	0.5	0.378	0.378	0.333	0.467	0.5	0.378	0	0	0	0	0	0	0.556	0	1	0.2	0	0.333	0	1	0.2	0.418	0.220
0	1.906	0	0	2.041	0	1.906	1.008	0	2.041	0	0	0	0	0	0	1	0	0	1	0	1	0	0	1	0	0	0	0	0	0.25	0.4	0.5	0.2	0	0	0.4	0	0	0	0	0.615
0	28.421	1.904	0	0	0.895	31.574	4.765	0	0	0	0	0	0	0	0	0.441	1	0	0	0	0.441	1	0	0	0	0	0	0	0	0.2	0	0.4	0.25	0	0.2	0	0	0	0	0	0.587
0	0	0	0	0	0	0	0	0	0	0	0	0	0	0	0	0	0	0	0	0	0	0	0	0	0	0	0	0	0	0.25	0	0	0	0	0	0	0	0	0	0.718	0.177
0	0	0	0	0	0	0	0	0	0	0	0	0	0	0	0	0	0	0	0	0	0	0	0	0	0	0	0	0	0	0	0.4	0	0	0	0	0	0	0	0	0	0.167
2.887	0	14.737	0	0	2.887	0	14.737	0	0	0	0	0	0	0	0.667	0	0.867	0	0	0.667	0	0.867	0	0	0	0	0	0	0	0.2	0.2	0.2	0	0	0	0.6	0	0	0	0.056	0.312
0	0	0	0	0	0	0	0	0	0	0	0	0	0	0	0	0	0	0	0	0	0	0	0	0	0	0	0	0	0	0	0.25	0	0.4	0	0	0.75	0	0	0.5	0.556	0.336
0	0	0	0	0	0	0	0	0	0	0	0	0	0	0	0	0	0	0	0	0	0	0	0	0	0	0	0	0	0	0	0	0	0	0	0	0	0	0	0	0.195	0.176
0	0	0	32.738	8.7	0	0	0	34.696	9.622	0	0	0	0	0	0	0	0	0.398	0.822	0	0	0	0.398	0.822	0	0	0	0	0	0.625	0.714	0.857	0	0.25	0	0.286	1	0	0	0	0.687
0	0	26.381	0	0	0	0	28.258	0	0	0	0	0	0	0	0	0	0.286	0	0	0	0	0.286	0	0	0	0	0	0	0	0.4	0	0	0	0.2	0.4	0	0	0	0.8	0	0.129
0	0	0	0	0	0	0	0	0	0	0	0	0	0	0	0	0	0	0	0	0	0	0	0	0	0	0	0	0	0	0.778	0.4	0	0.4	0.75	0	0	0	0	0.75	0.197	0.750
0	0	0	0	0	0	0	0	0	0	0	0	0	0	0	0	0	0	0	0	0	0	0	0	0	0	0	0	0	0	0	0.75	0	0.6	0	0	0.5	0	0	0	0.299	0.359
8.419	4.829	0.985	0	0	9.416	5.777	0.985	0	0	0	0	0	0	0	0.844	0.667	0	0	0	0.844	0.667	0	0	0	0	0	0	0	0	0	0	0.4	0	0	0.2	0	0.8	0	0	0.556	0.504
0	0	1.906	6.561	0	0	0.996	1.906	10.65	0	0	0	0	0	0	0	0	1	0.636	0	0	0	1	0.636	0	0	0	0	0	0	0.2	0.143	0.4	0.4	0.25	0	0.143	0.4	0	0	0.415	0.285
0	3.73	3.017	2.748	13.426	0.904	8.706	9.034	9.573	19.749	0	0	0	0	0	0	0.361	0.333	0.467	0.305	0	0.361	0.333	0.467	0.305	0	0	0	0	0	0	0	0	0	0	0	0	0	0	0	0	0.735
26.224	0	3.073	25.493	1.987	31.558	0	3.073	28.97	4.003	0	0	0	0	0	0.345	0	0.333	0.473	1	0.345	0	0.333	0.473	1	0	0	0	0	0	0.222	0.125	0	0.5	0	0	0	0	0	0	0.299	0.106
0	24.718	0	0	13.126	0.864	29.769	0	0	15.212	0	0	0	0	0	0	0.487	0	0	0.6	0	0.487	0	0	0.6	0	0	0	0	0	0	0	0	0	0	0	0	0	0	0	0.299	0.165
0	0	0	0	0	0	0	0	0	0	0	0	0	0	0	0	0	0	0	0	0	0	0	0	0	0	0	0	0	0	0	0	0	0.4	0	0	0	0	0	0	0.557	0.163
7.645	0	0	23.525	0	10.829	0	0	26.965	0	0	0	0	0	0	0.909	0	0	0.502	0	0.909	0	0	0.502	0	0	0	0	0	0	0.625	0	0	0.4	0	0.25	0	0	0	0	0	0.399
0	0	0	0.924	0	0	0.892	0	5.067	0	0	0	0	0	0	0	0	0	0.7	0	0	0	0	0.7	0	0	0	0	0	0	0	0.4	0	0	0	0	0	0	0	0	0.556	0.528
0	0	34.849	15.65	5.571	0	0	40.193	19.647	7.462	0	0	0	0	0	0	0	0.333	0.611	0.964	0	0	0.333	0.611	0.964	0	0	0	0	0	0.667	0.25	0	0.2	0.222	0.111	0.25	0	0.2	0	0	0.815
0.886	4.555	0.87	0	24.963	2.697	7.346	0.87	0	29.179	0	0	0	0	0	1	1	0	0	0.456	1	1	0	0	0.456	0	0	0	0	0	0.667	0.2	0	0	0.2	0	0.6	0	0	0	0	0.727
0	2.228	0	0	0	0	4.352	0	0	0	0	0	0	0	0	0	1	0	0	0	0	1	0	0	0	0	0	0	0	0	0.333	0.2	0.6	0.333	0.75	0	0.2	0	0.333	0.5	0	0.363
0	0	0	0	0	0	0	0	0	0	0	0	0	0	0	0	0	0	0	0	0	0	0	0	0	0	0	0	0	0	0.8	0.4	0	0.25	0	0	0	0	0	0	0.717	0.680
0	1.851	0	9.258	0	0	1.851	0	11.001	0	0	0	0	0	0	0	1	0	0.621	0	0	1	0	0.621	0	0	0	0	0	0	0	0	0	0	0	0	0	0	0	0	0.417	0.280
1.038	1.789	2.095	5.6	11.478	8.518	8.702	9.931	11.28	21.66	0	0	0	0	0	0.571	0.571	0.611	0.491	0.463	0.571	0.571	0.611	0.491	0.463	0	0	0	0	0	0	0	0	0	0	0	0	0	0	0	0.713	0.294
0	0	0	1.851	0	0	0	0	1.851	0	0	0	0	0	0	0	0	0	1	0	0	0	0	1	0	0	0	0	0	0	0	0	0	0	0.8	0	0	0	0	1	0.893	0.223
24.536	2.686	6.561	0	0	30.757	8.136	10.65	6.599	0.996	0	0	0	0	0	0.43	0.679	0.636	0.667	0	0.43	0.679	0.636	0.667	0	0	0	0	0	0	0	0.333	0.4	0	0.143	0	0	0	0	0.143	0.415	0.290
0	0	0	0	0	0	0	0	0	0	0	0	0	0	0	0	0	0	0	0	0	0	0	0	0	0	0	0	0	0	0.4	0	0.25	0	0	0	0	0.75	0	0	0	0.385
0	4.036	6.553	0	0.856	0	5.812	10.818	0	1.766	0	0	0	0	0	0	1	0.782	0	1	0	1	0.782	0	1	0	0	0	0	0	0.2	0	0	0.2	0	0	0	0	0.8	0	0	0.375
0	0	0	0	0	0	0	0	0	0	0	0	0	0	0	0	0	0	0	0	0	0	0	0	0	0	0	0	0	0	0	0	0.6	0.25	0.5	0	0	0	0	0.5	0.196	0.386
16.619	0	5.344	1.723	0	17.585	0	5.344	1.723	0	0	0	0	0	0	0.575	0	1	1	0	0.575	0	1	1	0	0	0	0	0	0	0	0	0	0	0	0.111	0	0.286	0	0	0	0.522
0	0	0	0	0	0	0	0	0	0	0	0	0	0	0	0	0	0	0	0	0	0	0	0	0	0	0	0	0	0	0	0.25	0	0	0.6	0	0	0	0	0	0.42	0.491
14.737	2.887	0	0	0	14.737	2.887	0	0	0	0	0	0	0	0	0.867	0.667	0	0	0	0.867	0.667	0	0	0	0	0	0	0	0	0.2	0.2	0	0.2	0.4	0	0	0	0.6	0	0.299	0.385
0	0	0	0	0	0	0	0	0	0	0	0	0	0	0	0	0	0	0	0	0	0	0	0	0	0	0	0	0	0	0.125	0.2	0.8	0.4	0.4	0	0	0.8	0.2	0.4	0.554	0.336
0	16.511	23.525	0	0	0	19.872	26.965	0	0	0	0	0	0	0	0	0.495	0.502	0	0	0	0.495	0.502	0	0	0	0	0	0	0	0.2	0.429	0.4	0.25	0	0	0.286	0	0	0	0	0.563
0.888	0	0	0	0	0.888	0	0	0	0	0	0	0	0	0	0	0	0	0	0	0	0	0	0	0	0	0	0	0	0	0.5	0.2	0	0.2	0.625	0.25	0.2	0	0.2	0	0	0.544
0	0	0	0	1.883	0	0	0	0	3.811	0	0	0	0	0	0	0	0	0	0.333	0	0	0	0	0.333	0	0	0	0	0	0.2	0	0.444	0.625	0.4	0	0	0	0	0	0.12	0.596
0	0	0	0	0	0	0	0	0	0	0	0	0	0	0	0	0	0	0	0	0	0	0	0	0	0	0	0	0	0	0.4	1	0.4	0.6	0.778	0	0.5	0	0	0	0	0.497
9.301	7.542	2.707	13.126	0	10.261	8.547	4.483	15.212	0.864	0	0	0	0	0	0.909	0.778	1	0.6	0	0.909	0.778	1	0.6	0	0	0	0	0	0	0	0	0	0	0	0	0	0	0	0	0.298	0.172
0	0	0.888	0	0	0	0	0.888	0	0	0	0	0	0	0	0	0	0	0	0	0	0	0	0	0	0	0	0	0	0	0.2	0.2	0.5	0	0	0.2	0.2	0.25	0	0	0	0.770
8.7	0	0	0	0	9.622	0	0	0	0	0	0	0	0	0	0.822	0	0	0	0	0.822	0	0	0	0	0	0	0	0	0	0.25	0.857	0	0.625	0.4	0	1	0	0	0	0	0.523
27.013	0	1.732	0	0	27.013	0	1.732	0	0	0	0	0	0	0	0.508	0	1	0	0	0.508	0	1	0	0	0	0	0	0	0	0.857	0.75	0.25	0.5	0.8	0.286	0	0	0.25	0	0.299	0.610
13.126	0	7.542	0	9.301	15.212	0	8.547	0.864	10.261	0	0	0	0	0	0.6	0	0.778	0	0.909	0.6	0	0.778	0	0.909	0	0	0	0	0	0	0	0	0	0	0	0	0	0	0	0.3	0.227
2.707	9.301	0	7.542	1.834	4.483	10.261	0.864	8.547	1.834	0	0	0	0	0	1	0.909	0	0.778	1	1	0.909	0	0.778	1	0	0	0	0	0	0	0	0	0	0	0	0	0	0	0	0.414	0.155
0	0	0	2.228	0	0	0	0	4.352	0	0	0	0	0	0	0	0	0	1	0	0	0	0	1	0	0	0	0	0	0	0.6	0.333	0.75	0.2	0	0	0	0.5	0.2	0	0	0.580
0	25.493	26.224	24.323	3.073	0	28.97	31.558	27.404	3.073	0	0	0	0	0	0	0.473	0.345	0.481	0.333	0	0.473	0.345	0.481	0.333	0	0	0	0	0	0.125	0.5	0.222	0.2	0	0	0	0	0.2	0	0.9	0.710
0	0	0	-1	0	0	0	0	-1	0	0	0	0	-1	0	0	0	0	-1	0	0	0	0	-1	0	0	0	0	-1	0	0	0	0	-1	0	0	0	0	-1	0	0.419	0.740
0	0.888	0	0	0	0	0.888	0	0	0	0	0	0	0	0	0	0	0	0	0	0	0	0	0	0	0	0	0	0	0	0	0.5	0.625	0.2	0.4	0	0.25	0	0.2	0.2	0.558	0.389
1.789	5.6	1.038	3.141	2.095	8.702	11.28	8.518	7.779	9.931	0	0	0	0	0	0.571	0.491	0.571	0.762	0.611	0.571	0.491	0.571	0.762	0.611	0	0	0	0	0	0	0	0	0	0	0	0	0	0	0	0.415	0.215
0	0	3.737	5.344	13.141	0	0	4.693	5.344	16.352	0	0	0	0	0	0	0	1	1	0.794	0	0	1	1	0.794	0	0	0	0	0	0	0	0	0	0.4	0	0	0	0.286	0	0.718	0.904
1.851	9.258	0	0	0	1.851	11.001	0	0	0	0	0	0	0	0	1	0.621	0	0	0	1	0.621	0	0	0	0	0	0	0	0	0	0	0	0	0	0	0	0	0	0	0	0.343
6.561	24.536	0	2.686	0	10.65	30.757	0.996	8.136	0	0	0	0	0	0	0.636	0.43	0	0.679	0	0.636	0.43	0	0.679	0	0	0	0	0	0	0.4	0	0.143	0.333	0.2	0	0	0.143	0	0	0	0.345
0.87	0.886	24.963	4.555	0	0.87	2.697	29.179	7.346	0	0	0	0	0	0	0	1	0.456	1	0	0	1	0.456	1	0	0	0	0	0	0	0	0.667	0.2	0.2	0.8	0	0	0	0.6	0	0.299	0.345
0	0	0	0	0	0	0	0.879	0	0	0	0	0	0	0	0	0	0	0	0	0	0	0	0	0	0	0	0	0	0	0	0	0	0	0	0	0	0	0	0	0.715	0.177
3.073	26.224	1.987	0	0	3.073	31.558	4.003	0	0	0	0	0	0	0	0.333	0.345	1	0	0	0.333	0.345	1	0	0	0	0	0	0	0	0	0.222	0	0.125	0.333	0	0	0	0	0.333	0.717	0.585
24.718	0	0	4.872	0	29.769	0	0.864	6.636	0	0	0	0	0	0	0.487	0	0	0.667	0	0.487	0	0	0.667	0	0	0	0	0	0	0	0	0	0	0	0	0	0	0	0	0.299	0.244
1.723	0	0	0	16.619	1.723	0	0	0	17.585	0	0	0	0	0	1	0	0	0	0.575	1	0	0	0	0.575	0	0	0	0	0	0	0.2	0	0.6	0	0	0.2	0	0.6	0.111	0	0.422
0	1.904	0	0	0	0	4.765	0	0.895	0	0	0	0	0	0	0	1	0	0	0	0	1	0	0	0	0	0	0	0	0	0	0.4	0.2	0.2	0.5	0	0	0	0.2	0	0.299	0.315
34.849	0	5.571	0	0	40.193	0	7.462	0	0	0	0	0	0	0	0.333	0	0.964	0	0	0.333	0	0.964	0	0	0	0	0	0	0	0	0.667	0.222	0.25	0.25	0	0.111	0	0.25	0	0	0.135
0	0	0	0	0	0	0	0	0	0	0	0	0	0	0	0	0	0	0	0	0	0	0	0	0	0	0	0	0	0	0.4	0.625	0.2	0	0.125	0.2	0	0	0	0	0	0.509
0	32.738	0	1.769	0	0	34.696	0	1.769	0	0	0	0	0	0	0	0.398	0	1	0	0	0.398	0	1	0	0	0	0	0	0	0.714	0	0.625	0	0.857	0.286	0	0	0	1	0	0.933
0	0	0	2.041	0	0.862	1.008	0	2.041	0	0	0	0	0	0	0	0	0	1	0	0	0	0	1	0	0	0	0	0	0	0	0.2	0.625	0	0	0	0	0	0	0	0.718	0.344
0	0	0	0	0	0	0	0	0	0	0	0	0	0	0	0	0	0	0	0	0	0	0	0	0	0	0	0	0	0	0	0	0	0	0	0	0	0	0	0.2	0.414	0.991
4.036	0	0	26.381	6.553	5.812	0	0	28.258	10.818	0	0	0	0	0	1	0	0	0.286	0.782	1	0	0	0.286	0.782	0	0	0	0	0	0	0.2	0.2	0	0	0	0.8	0	0	0	0.197	0.240
0	20.719	0	0	0	0	23.997	0	0	0	0	0	0	0	0	0	0.601	0	0	0	0	0.601	0	0	0	0	0	0	0	0	0	0	0	0	0.4	0	0	0	0	0	0.2	0.221
0	0	0	0	0.888	0	0	0	0	0.888	0	0	0	0	0	0	0	0	0	0	0	0	0	0	0	0	0	0	0	0	0.4	0	0.2	0.4	0	0	0	0	1	0	0.418	0.544
0	0	0	0	0	0	0	0	0	0	0	0	0	0	0	0	0	0	0	0	0	0	0	0	0	0	0	0	0	0	0	0	0.556	0.4	0	0	0.2	0	0	0	0.72	0.303
0	0	0	0	0	0	0	0	0	0	0	0	0	0	0	0	0	0	0	0	0	0	0	0	0	0	0	0	0	0	0	0	0	0.6	0.25	0	0	0	0	0	0.116	0.173
11.478	2.095	7.488	1.038	11.317	21.66	9.931	17.042	8.518	19.996	0	0	0	0	0	0.463	0.611	0.458	0.571	0.503	0.463	0.611	0.458	0.571	0.503	0	0	0	0	0	0	0	0	0	0	0	0	0	0	0	0.116	0.173
28.421	0	0	5.571	1.904	31.574	0	0.895	7.462	4.765	0	0	0	0	0	0.441	0	0	0.964	1	0.441	0	0	0.964	1	0	0	0	0	0	0	0.25	0.2	0.222	0.4	0	0	0.2	0	0	0	0.334
1.732	27.013	0	0	0	1.732	27.013	0	0	0	0	0	0	0	0	1	0.508	0	0	0	1	0.508	0	0	0	0	0	0	0	0	0.25	0.857	0.8	0.75	0	0	0.286	0	0	0	0	0.466
0	0	0	0	0	0	0	0	0	0	0	0	0	0	0	0	0	0	0	0	0	0	0	0	0	0	0	0	0	0	0	0.6	0	0	0	0	0	0	0	0	0.419	0.360
3.655	0	0	0	0	3.655	0	0	0	0	0	0	0	0	0	1	0	0	0	0	1	0	0	0	0	0	0	0	0	0	0	0.333	0	0.333	0.2	0	0	0	0	0	0	0.211
0	0	0	0	0	0	0	0	0	0	0	0	0	0	0	0	0	0	0	0	0	0	0	0	0	0	0	0	0	0	0	0	0.5	0	0	0	0	0	0	0	0.558	0.274
3.017	0	13.426	3.73	1.783	9.034	0.904	19.749	8.706	6.927	0	0	0	0	0	0.333	0	0.305	0.361	0.333	0.333	0	0.305	0.361	0.333	0	0	0	0	0	0	0	0	0	0	0	0	0	0	0	0.556	0.215
0	0	0	0	0	0	0	0	0	0	0	0	0	0	0	0	0	0	0	0	0	0	0	0	0	0	0	0	0	0	0.5	0	0	0	0.2	0	0	0	0	0	0.415	0.218
0	0	0	0	-1	0	0	0	0	-1	0	0	0	0	-1	0	0	0	0	-1	0	0	0	0	-1	0	0	0	0	-1	0	0	0	0	-1	0.2	0	0	0	-1	0.717	0.999
0	14.737	0	2.887	0	0	14.737	0	2.887	0	0	0	0	0	0	0	0.867	0	0.667	0	0	0.867	0	0.667	0	0	0	0	0	0	0	0.2	0.4	0.2	0	0	0	0	0	0.2	0.716	0.156
0	24.963	15.65	0.87	0	0	29.179	19.647	0.87	0	0	0	0	0	0	0	0.456	0.611	0	0	0	0.456	0.611	0	0	0	0	0	0	0	0.8	0.2	0.2	0	0.25	0	0	0.2	0	0.25	0	0.729
0	0	0	0	0	0	0	0	0	0	0	0	0	0	0	0	0	0	0	0	0	0	0	0	0	0	0	0	0	0	0.2	0.4	0.125	0.625	0.8	0	0.2	0	0	0.8	0.195	0.487
0.888	0	0	0	0	0.888	0	0	0	0	0	0	0	0	0	0	0	0	0	0	0	0	0	0	0	0	0	0	0	0	0	0.2	0.111	0.4	0	0	0	0	0	0	0.42	0.388
0	0	1.883	0	0	0	0	3.811	0	0	0	0	0	0	0	0	0	0.333	0	0	0	0	0.333	0	0	0	0	0	0	0	0.444	0.2	0.4	0	0.25	0	0	0	0	0	0.197	0.920
0	0	0	0	0	0	0	0	0	0	0	0	0	0	0	0	0	0	0	0	0	0	0	0	0	0	0	0	0	0	0.6	0	0.5	0	0.4	0	0	0.5	0	0.4	0	0.831
0	0	8.7	0	0	0	0	9.622	0	0	0	0	0	0	0	0	0	0.822	0	0	0	0	0.822	0	0	0	0	0	0	0	0.857	0.625	0.25	0.714	0	1	0	0	0.286	0	0	0.922
0	0	0	0	0	0	0	0	0	0	0	0	0	0	0	0	0	0	0	0	0	0	0	0	0	0	0	0	0	0	0.6	0	0	0	0	0	0	0	0	0	0.299	0.149
20.719	0	0	12.23	0	23.997	0	0	16.372	0	0	0	0	0	0	0.601	0	0	0.684	0	0.601	0	0	0.684	0	0	0	0	0	0	0	0	0	0	0	0	0	0	0	0	0	0.586
0	1.883	16.511	0	0	0	3.811	19.872	0	0	0	0	0	0	0	0	0.333	0.495	0	0	0	0.333	0.495	0	0	0	0	0	0	0	0.25	0.4	0.429	0.444	0.2	0	0	0.286	0	0	0	0.577
23.525	0	0	16.511	7.645	26.965	0	0	19.872	10.829	0	0	0	0	0	0.502	0	0	0.495	0.909	0.502	0	0	0.495	0.909	0	0	0	0	0	0.4	0.2	0	0.429	0.625	0	0	0	0.286	0.25	0	0.392
0	26.381	4.036	0	0	0	28.258	5.812	0	0	0	0	0	0	0	0	0.286	1	0	0	0	0.286	1	0	0	0	0	0	0	0	0.2	0	0	0.4	0.2	0.8	0	0	0.4	0	0	0.621
2.727	0.888	1.92	2.744	0	9.875	5.372	9.169	9.441	5.835	0	0	0	0	0	0.378	0.467	0.389	0.378	0.533	0.378	0.467	0.389	0.378	0.533	0	0	0	0	0	0.2	0	1	0	0	0.2	0	1	0	0	0	0.330
0	0	0	0	0	0	0	0	0	0	0	0	0	0	0	0	0	0	0	0	0	0	0	0	0	0	0	0	0	0	0	0	0.4	0	0	0	0	0	0	0	0.713	0.187
5.6	3.141	1.789	0	1.038	11.28	7.779	8.702	2.868	8.518	0	0	0	0	0	0.491	0.762	0.571	0.333	0.571	0.491	0.762	0.571	0.333	0.571	0	0	0	0	0	0	0	0	0.222	0	0	0	0	0	0	0.195	0.225
7.542	13.126	9.301	0	2.707	8.547	15.212	10.261	0	4.483	0	0	0	0	0	0.778	0.6	0.909	0	1	0.778	0.6	0.909	0	1	0	0	0	0	0	0	0	0	0	0	0	0	0	0	0	0	0.342
1.904	0	0	28.421	0	4.765	0.895	0	31.574	0	0	0	0	0	0	1	0	0	0.441	0	1	0	0	0.441	0	0	0	0	0	0	0.4	0.2	0	0	0.2	0	0.2	0	0	0	0.556	0.488
0	2.041	0	0	0	1.008	2.041	0.862	1.008	0	0	0	0	0	0	0	1	0	0	0	0	1	0	0	0	0	0	0	0	0	0.2	0	0	0.5	0.625	0	0	0	0	0	0.718	0.318
0	0	0	0	0	0	0	0	0	0	0	0	0	0	0	0	0	0	0	0	0	0	0	0	0	0	0	0	0	0	0	0.25	0	0	0	0	0	0	0	0	0.116	0.224
0	0	0	0	0	0	0	0	0	0	0	0	0	0	0	0	0	0	0	0	0	0	0	0	0	0	0	0	0	0	0.4	0.222	0	0	0.4	1	0	0	0	0	0.056	0.529
0	0	0	0	0	0	0	0	0.892	0	0	0	0	0	0	0	0	0	0	0	0	0	0	0	0	0	0	0	0	0	0	0	0	0.4	0	0	0	0	0	0	0.718	0.957
0	0	1.723	0	0	0	0	1.723	0	0	0	0	0	0	0	0	0	1	0	0	0	0	1	0	0	0	0	0	0	0	0.2	0.6	0	0	0	0.2	0.6	0	0	0	0	0.699
0	0	0	0	27.013	0	0	0	0	27.013	0	0	0	0	0	0	0	0	0	0.508	0	0	0	0	0.508	0	0	0	0	0	0.5	1	0.75	0	0.857	0.25	0.2	0	0	0.286	0.294	0.852
0	2.605	12.23	13.141	0	0	4.513	16.372	16.352	0	0	0	0	0	0	0	1	0.684	0.794	0	0	1	0.684	0.794	0	0	0	0	0	0	0.2	0	0	0.4	0	0	0	0	0	0	0.118	0.524
0	3.655	0	0	0	0	3.655	0	0	0	0	0	0	0	0	0	1	0	0	0	0	1	0	0	0	0	0	0	0	0	0	0	0.2	0.333	0	0	0	0	0	0	0	0.283
0	0	0	0	0	0	0	0	0	0	0	0	0	0	0	0	0	0	0	0	0	0	0	0	0	0	0	0	0	0	0.6	0.2	1	0	0.4	0	0	0.5	0	0	0.018	0.580
0	1.92	0	2.727	2.769	5.835	9.169	4.925	9.875	7.804	0	0	0	0	0	0.533	0.389	0.7	0.378	0.571	0.533	0.389	0.7	0.378	0.571	0	0	0	0	0	0	1	0.4	0.2	0	0	1	0	0.2	0.4	0.419	0.165
0	0	0	0	3.655	0	0	0	0	3.655	0	0	0	0	0	0	0	0	0	1	0	0	0	0	1	0	0	0	0	0	0.333	0	0.333	0.6	0	0	0	0	1	0	0	0.595
1.735	0	0	0	0	1.735	0	0	0	0	0	0	0	0	0	1	0	0	0	0	1	0	0	0	0	0	0	0	0	0	0	0.8	0	0	0	0	1	0	0	0	0.415	0.279
2.228	0	0	1.987	0	4.352	0	0	4.003	0	0	0	0	0	0	1	0	0	1	0	1	0	0	1	0	0	0	0	0	0	0.2	0.333	0.333	0	0.6	0.2	0.333	0	0	0	0	0.258
0	0	0	1.904	1.769	0	0	0	4.765	1.769	0	0	0	0	0	0	0	0	1	1	0	0	0	1	1	0	0	0	0	0	0.2	0	0.5	0.4	0	0	0	0	0	0	0	0.875
0.89	0	0.902	0	1.268	3.641	0	4.227	0.879	4.091	0	0	0	0	0	0.667	0	0.5	0	0.333	0.667	0	0.5	0	0.333	0	0	0	0	0	0	0	1	0	0.556	0.333	0	1	0	0.333	0.117	0.605
0	0	0	0	1.735	0	0	0	0	1.735	0	0	0	0	0	0	0	0	0	1	0	0	0	0	1	0	0	0	0	0	0	0	0.8	0	0	0	0	1	0	0	0.12	0.295
0	0.888	0	0	0	0	0.888	0	0	0	0	0	0	0	0	0	0	0	0	0	0	0	0	0	0	0	0	0	0	0	0.111	0	0	0.2	0	0	0	0	0	0	0.419	0.303
24.963	0.87	0	0.886	15.65	29.179	0.87	0	2.697	19.647	0	0	0	0	0	0.456	0	0	1	0.611	0.456	0	0	1	0.611	0	0	0	0	0	0.2	0	0.8	0.667	0.2	0	0	0	0	0.2	0	0.322
0	0	0	0	0	0	0	0	0	0	0	0	0	0	0	0	0	0	0	0	0	0	0	0	0	0	0	0	0	0	0	0.75	0.2	0	0.2	0	0.75	0.2	0	0.2	0.557	0.347
13.426	3.017	1.783	0	0	19.749	9.034	6.927	0.904	4.307	0	0	0	0	0	0.305	0.333	0.333	0	0.833	0.305	0.333	0.333	0	0.833	0	0	0	0	0	0	0	0	0	0.111	0	0	0	0	0	0	0.413
0	0	0	0	0	0	0	0	0	0	0	0	0	0	0	0	0	0	0	0	0	0	0	0	0	0	0	0	0	0	0	0	0	0	0	0	0	0	0	0	0.896	0.153
0	15.65	0	0	34.849	0	19.647	0	0	40.193	0	0	0	0	0	0	0.611	0	0	0.333	0	0.611	0	0	0.333	0	0	0	0	0	0.25	0.2	0.667	0.8	0	0.25	0.2	0.111	0	0	0	0.794
0	0	0	0	0	0	0	0	0	0	0	0	0	0	0	0	0	0	0	0	0	0	0	0	0	0	0	0	0	0	0.333	0	0	0	0.2	1	0.5	0.4	0	0.2	0	0.910
3.737	0	13.141	0	2.605	4.693	0	16.352	0	4.513	0	0	0	0	0	1	0	0.794	0	1	1	0	0.794	0	1	0	0	0	0	0	0	0	0.4	0	0	0	0	0	0	0	0.118	0.271
0	0	0	0	0	0	0	0	0	0	0	0	0	0	0	0	0	0	0	0	0	0	0	0	0	0	0	0	0	0	0	0	0	0.111	0.5	0	0	0	0	0	0	0.400
0	4.872	24.718	0	0	0	6.636	29.769	0	0.864	0	0	0	0	0	0	0.667	0.487	0	0	0	0.667	0.487	0	0	0	0	0	0	0	0	0	0	0	0	0	0	0	0	0	0.018	0.320
0	0	0.89	0	0.902	0	0.879	3.641	0	4.227	0	0	0	0	0	0	0	0.667	0	0.5	0	0	0.667	0	0.5	0	0	0	0	0	0	0	0	0	1	0	0	0.333	0	1	0.419	0.413
0	0	0	14.737	0	0	0	0	14.737	0	0	0	0	0	0	0	0	0	0.867	0	0	0	0	0.867	0	0	0	0	0	0	0.4	0	0	0.2	0	0	0	0.2	0	0	0.718	0.390
0	0	0	8.7	0	0	0	0	9.622	0	0	0	0	0	0	0	0	0	0.822	0	0	0	0	0.822	0	0	0	0	0	0	0.4	0	0.6	0.25	0	0	0	1	0	0	0	0.508
3.141	0	5.6	0	1.789	7.779	2.868	11.28	0	8.702	0	0	0	0	0	0.762	0.333	0.491	0	0.571	0.762	0.333	0.491	0	0.571	0	0	0	0	0	0	0.222	0	0	0	0	0	0	0	0	0.557	0.167
6.553	0	0.856	4.036	30.428	10.818	0	1.766	5.812	34.933	0	0	0	0	0	0.782	0	1	1	0.39	0.782	0	1	1	0.39	0	0	0	0	0	0	0.2	0	0	0	0	0	0	0	0.2	0.199	0.495
0	0	0	0	0	0	0	0	0	0	0	0	0	0	0	0	0	0	0	0	0	0	0	0	0	0	0	0	0	0	0	0.4	0.4	0.222	0.2	0	1	0	0	0	0.556	0.287
0	23.525	7.645	0	0	0	26.965	10.829	0	0	0	0	0	0	0	0	0.502	0.909	0	0	0	0.502	0.909	0	0	0	0	0	0	0	0	0.4	0.625	0.2	0	0	0	0.25	0	0	0.298	0.410
1.92	2.727	0	0.888	0	9.169	9.875	5.835	5.372	4.925	0	0	0	0	0	0.389	0.378	0.533	0.467	0.7	0.389	0.378	0.533	0.467	0.7	0	0	0	0	0	1	0.2	0	0	0.4	1	0.2	0	0	0	0	0.565
0	11.317	2.686	7.488	24.536	6.599	19.996	8.136	17.042	30.757	0	0	0	0	0	0.667	0.503	0.679	0.458	0.43	0.667	0.503	0.679	0.458	0.43	0	0	0	0	0	0	0	0.333	0	0	0	0	0	0	0	0.418	0.263
0	1.723	16.619	0	5.344	0	1.723	17.585	0	5.344	0	0	0	0	0	0	1	0.575	0	1	0	1	0.575	0	1	0	0	0	0	0	0	0	0	0.2	0	0	0	0.111	0.2	0.286	0	0.980
0	0	2.769	1.92	0	4.925	5.835	7.804	9.169	2.688	0	0	0	0	0	0.7	0.533	0.571	0.389	0.333	0.7	0.533	0.571	0.389	0.333	0	0	0	0	0	0.4	0	0	1	1	0	0	0.4	1	1	0	0.481
0	0	3.655	0	0	0	0	3.655	0	0	0	0	0	0	0	0	0	1	0	0	0	0	1	0	0	0	0	0	0	0	0.333	0.333	0	0	0	0	0	0	0	0	0	0.599
1.783	13.426	0	3.017	0.894	6.927	19.749	4.307	9.034	4.959	0	0	0	0	0	0.333	0.305	0.833	0.333	0.4	0.333	0.305	0.833	0.333	0.4	0	0	0	0	0	0	0	0.111	0	0	0	0	0	0	0	0	0.378
0	0	1.769	0	32.738	0	0	1.769	0	34.696	0	0	0	0	0	0	0	1	0	0.398	0	0	1	0	0.398	0	0	0	0	0	0.5	0.2	0	0	0	0	0	0	0	0	0.195	0.813
0	0	27.013	0	1.732	0	0	27.013	0	1.732	0	0	0	0	0	0	0	0.508	0	1	0	0	0.508	0	1	0	0	0	0	0	0.75	0.5	0.857	1	0.25	0	0.25	0.286	0.2	0	0.415	0.853
0	0	0	0	0	0	0	0	0	0	0	0	0	0	0	0	0	0	0	0	0	0	0	0	0	0	0	0	0	0	0.25	0	0	0	0	0	0	0	0	0	0	0.566
0	0	0	0.888	0	0	0	0	0.888	0	0	0	0	0	0	0	0	0	0	0	0	0	0	0	0	0	0	0	0	0	0	0.111	0	0	0	0	0	0	0	0	0	0.394
0	12.23	20.719	0	0	0	16.372	23.997	0	0	0	0	0	0	0	0	0.684	0.601	0	0	0	0.684	0.601	0	0	0	0	0	0	0	0	0	0	0.2	0	0	0	0	0	0	0.298	0.283
0	0	0	0	0.888	0	0	0	0	0.888	0	0	0	0	0	0	0	0	0	0	0	0	0	0	0	0	0	0	0	0	0.2	0	0.2	0.75	0.5	0.2	0	0.2	0.75	0.25	0.556	0.205
0	1.834	9.258	0	1.851	0	1.834	11.001	0.864	1.851	0	0	0	0	0	0	1	0.621	0	1	0	1	0.621	0	1	0	0	0	0	0	0	0	0	0	0	0	0	0	0	0	0.556	0.208
0	0.924	0	0.894	0	0.892	5.067	0	4.959	0	0	0	0	0	0	0	0.7	0	0.4	0	0	0.7	0	0.4	0	0	0	0	0	0	0.4	0	0	0	0	0	0	0	0	0	0	0.518
0	0	0	0	0	0	0	0	0	0	0	0	0	0	0	0	0	0	0	0	0	0	0	0	0	0	0	0	0	0	0.222	0	0.4	0.556	0	0	0	1	0	0	0.414	0.751
0	0	0	0	0	0	0	0	0	0	0	0	0	0	0	0	0	0	0	0	0	0	0	0	0	0	0	0	0	0	0.2	0	0.6	0	1	0	0	0	0	0.5	0.418	0.292
0	0	0	0	0	0	0	0	0	0	0	0	0	0	0	0	0	0	0	0	0	0	0	0	0	0	0	0	0	0	0	0.333	0.2	0	0.8	0.4	1	0.2	0.5	0.6	0	0.413
16.511	0	0	1.883	23.525	19.872	0	0	3.811	26.965	0	0	0	0	0	0.495	0	0	0.333	0.502	0.495	0	0	0.333	0.502	0	0	0	0	0	0.429	0.25	0.2	0.4	0.4	0.286	0	0	0	0	0.299	0.240
0	0	0	0	0	0	0	0	0	0	0	0	0	0	0	0	0	0	0	0	0	0	0	0	0	0	0	0	0	0	0.25	0.667	0	0.2	0.6	1	1	0	0	0.6	0.196	0.967
0	0	0	0	0	0	0	0	0	2.868	0	0	0	0	0	0	0	0	0	0.333	0	0	0	0	0.333	0	0	0	0	0	0	0	0	0	0.222	0	0	0	0	0	0.118	0.518
0	0	0	0.888	0	0	0	0	0.888	0	0	0	0	0	0	0	0	0	0	0	0	0	0	0	0	0	0	0	0	0	0.625	0	0.4	0.5	0.2	0	0	0.2	0.25	0	0	0.369
0	0	0	0	0	0	0	0	0	0	0	0	0	0	0	0	0	0	0	0	0	0	0	0	0	0	0	0	0	0	0.556	0	0	0	0.222	0	0	0	0.2	0	0.72	0.648
0	0	0	1.735	26.381	0	0	0	1.735	28.258	0	0	0	0	0	0	0	0	1	0.286	0	0	0	1	0.286	0	0	0	0	0	0	0	0.4	0	0	0	0	0.4	0	0	0	0.385
0	0	0	2.769	0	0	0	0	2.769	0	0	0	0	0	0	0	0	0	1	0	0	0	0	1	0	0	0	0	0	0	0	0	1	0	0.5	0	0.5	0.2	0	0.25	0	0.887
0	0	2.041	1.906	0	1.008	0	2.041	1.906	1.008	0	0	0	0	0	0	0	1	1	0	0	0	1	1	0	0	0	0	0	0	0.5	0.25	0	0.4	0.2	0	0	0	0.4	0	0.116	0.343
0	0	0	0	0	0	0	0	0	0	0	0	0	0	0	0	0	0	0	0	0	0	0	0	0	0	0	0	0	0	0	0.2	0.2	0	0.667	0	0	0	0	1	0.717	0.300
2.769	0	0	0	0	2.769	0	0	0	0	0	0	0	0	0	1	0	0	0	0	1	0	0	0	0	0	0	0	0	0	0	0.4	0	0.5	0	0	0.4	0.5	0.5	0	0	0.577
0	0	0	0	1.97	0	0	0	0	2.918	0	0	0	0	0	0	0	0	0	1	0	0	0	0	1	0	0	0	0	0	0.2	0	0.8	0.333	0.125	0.2	0.4	0.6	1	0	0	0.397
0	1.97	4.829	0	8.419	0	2.918	5.777	0	9.416	0	0	0	0	0	0	1	0.667	0	0.844	0	1	0.667	0	0.844	0	0	0	0	0	0	0.125	0	0.8	0	0	0	0	0.6	0.2	0	0.852
0	8.7	0	0	0	0	9.622	0	0	0	0	0	0	0	0	0	0.822	0	0	0	0	0.822	0	0	0	0	0	0	0	0	0	0.25	0.4	0.857	0.6	0	0	0	1	1	0	0.595
0	0	3.141	0	5.6	2.868	0	7.779	0	11.28	0	0	0	0	0	0.333	0	0.762	0	0.491	0.333	0	0.762	0	0.491	0	0	0	0	0	0.222	0	0	0	0	0	0	0	0	0	0.556	0.687
15.65	0	0	24.963	0	19.647	0	0	29.179	0	0	0	0	0	0	0.611	0	0	0.456	0	0.611	0	0	0.456	0	0	0	0	0	0	0.2	0.8	0.25	0.2	0.667	0.2	0	0.25	0	0.111	0	0.353
0	0	1.735	0	0	0	0	1.735	0	0	0	0	0	0	0	0	0	1	0	0	0	0	1	0	0	0	0	0	0	0	0.8	0	0	0	0	1	0	0	0	0	0.015	0.721
0	0	0	0	0	0	0	0	0	0	0	0	0	0	0	0	0	0	0	0	0	0	0	0	0	0	0	0	0	0	0	0	0.2	0	0.6	0	0	0	0	0	0.718	0.531
30.428	0.856	24.323	6.553	25.493	34.933	1.766	27.404	10.818	28.97	0	0	0	0	0	0.39	1	0.481	0.782	0.473	0.39	1	0.481	0.782	0.473	0	0	0	0	0	0	0	0.2	0	0.5	0.2	0	0.2	0	0	0.298	0.567
32.738	1.769	0	0	0	34.696	1.769	0	0	0	0	0	0	0	0	0.398	1	0	0	0	0.398	1	0	0	0	0	0	0	0	0	0	0	0.714	0.5	0.625	0	0	0.286	0	0	0	0.310
5.344	16.619	0	0	0	5.344	17.585	0	0	0	0	0	0	0	0	1	0.575	0	0	0	1	0.575	0	0	0	0	0	0	0	0	0	0	0	0	0	0.286	0.111	0	0	0	0.716	0.541
1.268	0.902	2.744	0.89	0.888	4.091	4.227	9.441	3.641	5.372	0	0	0	0	0	0.333	0.5	0.378	0.667	0.467	0.333	0.5	0.378	0.667	0.467	0	0	0	0	0	0.556	1	0	0	0	0.333	1	0	0.333	0	0.299	0.477
2.769	0	0	0	2.748	7.804	4.925	2.688	5.835	9.573	0	0	0	0	0	0.571	0.7	0.333	0.533	0.467	0.571	0.7	0.333	0.533	0.467	0	0	0	0	0	0	0.4	1	0	0	0.4	0	1	0	0	0	0.448
1.769	0	32.738	0	0	1.769	0	34.696	0	0	0	0	0	0	0	1	0	0.398	0	0	1	0	0.398	0	0	0	0	0	0	0	0	0.5	0	0.2	0.714	0	0	0	0	0.286	0.196	0.523
4.555	0	0.886	0	0.87	7.346	0	2.697	0	0.87	0	0	0	0	0	1	0	1	0	0	1	0	1	0	0	0	0	0	0	0	0.2	0	0.667	0	0	0.6	0	0	0	0	0	0.351
9.258	0	1.851	1.834	0	11.001	0	1.851	1.834	0	0	0	0	0	0	0.621	0	1	1	0	0.621	0	1	1	0	0	0	0	0	0	0	0	0	0	0	0	0	0	0	0	0.299	0.199
0	0	0	0	0	0	0	0	0	0.879	0	0	0	0	0	0	0	0	0	0	0	0	0	0	0	0	0	0	0	0	0	0	0	0	0	0	0	0	0	0	0.415	0.251
0	0	0	0	0	0	0	0	0	0	0	0	0	0	0	0	0	0	0	0	0	0	0	0	0	0	0	0	0	0	0	0	0.25	0.2	0	0	0	0	0	0	0.716	0.287
0	0	0	0	0	0	0	0	0	0	0	0	0	0	0	0	0	0	0	0	0	0	0	0	0	0	0	0	0	0	0	0	0	0	0.4	0	0	0	0	0	0.415	0.161
0	0	0	0	0	0	0	0	0	0	0	0	0	0	0	0	0	0	0	0	0	0	0	0	0	0	0	0	0	0	0	0.778	0.75	0.4	0	0	0	0.75	0	0	0	0.734
0	0	0	0	0	0	0	0	0	0	0	0	0	0	0	0	0	0	0	0	0	0	0	0	0	0	0	0	0	0	0.556	0	0.25	0.8	0.4	0	0	0	0	0	0.298	0.905
0	0	0	0	0	0	0	0	0	0	0	0	0	0	0	0	0	0	0	0	0	0	0	0	0	0	0	0	0	0	0	0	0	0	0	0	0	0.2	0	0	0.118	0.995
4.872	0	0	0.985	24.718	6.636	0	0	0.985	29.769	0	0	0	0	0	0.667	0	0	0	0.487	0.667	0	0	0	0.487	0	0	0	0	0	0	0	0	0.4	0	0	0	0	0.8	0	0	0.344
0	0	0	0	0	0	0	0	0	0	0	0	0	0	0	0	0	0	0	0	0	0	0	0	0	0	0	0	0	0	0	0	0	0.75	0.6	0	0	0	0.5	0	0.898	0.180
2.686	0	24.536	11.317	6.561	8.136	6.599	30.757	19.996	10.65	0	0	0	0	0	0.679	0.667	0.43	0.503	0.636	0.679	0.667	0.43	0.503	0.636	0	0	0	0	0	0.333	0	0	0	0.4	0	0	0	0	0	0	0.354
0.924	0.894	0	0	0	5.067	4.959	0.892	4.307	0	0	0	0	0	0	0.7	0.4	0	0.833	0	0.7	0.4	0	0.833	0	0	0	0	0	0	0	0	0.4	0.111	0	0	0	0	0	0	0	0.267
0	0	0	0	0	0	0	0	0	0	0	0	0	0	0	0	0	0	0	0	0	0	0	0	0	0	0	0	0	0	0	0	0	0.8	0.2	0	0	0	0	0	0.558	0.249
0	0	0	0	0	0	0	0	0	0	0	0	0	0	0	0	0	0	0	0	0	0	0	0	0	0	0	0	0	0	0	0	0	0.25	0	0	0	0	0	0	0.415	0.185
2.041	0	0	0	0	2.041	1.008	1.008	0	0.862	0	0	0	0	0	1	0	0	0	0	1	0	0	0	0	0	0	0	0	0	0	0.5	0.2	0.25	0	0	0	0	0	0	0.718	0.186
0	0	0	0	0	0	0.862	0	1.008	0	0	0	0	0	0	0	0	0	0	0	0	0	0	0	0	0	0	0	0	0	0.625	0	0	0.2	0.2	0	0	0	0	0	0.554	0.724
4.829	0	8.419	1.97	0.985	5.777	0	9.416	2.918	0.985	0	0	0	0	0	0.667	0	0.844	1	0	0.667	0	0.844	1	0	0	0	0	0	0	0	0	0	0.125	0.4	0	0	0.2	0	0.8	0.198	0.369
0	0	1.97	0	0	0	0	2.918	0	0	0	0	0	0	0	0	0	1	0	0	0	0	1	0	0	0	0	0	0	0	0.8	0.2	0.125	0	0	0.6	0.2	0	0.4	0	0	0.495
0	0	0	0	0	0	0	0	0	0	0	0	0	0	0	0	0	0	0	0	0	0	0	0	0	0	0	0	0	0	0.4	0.8	0	0.125	0.2	0.4	0.8	0	0	0.6	0	0.673
0	0	0	0	0	0	0	0	0	0	0	0	0	0	0	0	0	0	0	0	0	0	0	0	0	0	0	0	0	0	0	0	0.25	0	0	0	0	0	0	0	0.717	0.127
0	0	0	0	0	0	0	0	0	0	0	0	0	0	0	0	0	0	0	0	0	0	0	0	0	0	0	0	0	0	1	0	0.5	0	0.75	0.2	0	0.25	0.5	0	0.117	0.956
0.888	2.744	2.727	1.268	1.92	5.372	9.441	9.875	4.091	9.169	0	0	0	0	0	0.467	0.378	0.378	0.333	0.389	0.467	0.378	0.378	0.333	0.389	0	0	0	0	0	0	0	0.2	0.556	1	0	0	0.2	0.333	1	0.558	0.263
0	0	0	0	0	0	0	0	0	0	0	0	0	0	0	0	0	0	0	0	0	0	0	0	0	0	0	0	0	0	0.75	0	0	0.778	0.2	0.75	0	0	0	0.2	0	0.984
12.23	0	0	2.605	20.719	16.372	0	0	4.513	23.997	0	0	0	0	0	0.684	0	0	1	0.601	0.684	0	0	1	0.601	0	0	0	0	0	0	0.2	0	0	0	0	0	0	0	0	0.558	0.302
7.488	11.478	11.317	2.095	0	17.042	21.66	19.996	9.931	6.599	0	0	0	0	0	0.458	0.463	0.503	0.611	0.667	0.458	0.463	0.503	0.611	0.667	0	0	0	0	0	0	0	0	0	0	0	0	0	0	0	0.419	0.275
0	0	0	0	0	0	0	0	0	0	0	0	0	0	0	0	0	0	0	0	0	0	0	0	0	0	0	0	0	0	0	0.2	0	0	0.25	0	0	0	0	0	0.898	0.449
0.856	6.553	30.428	0	24.323	1.766	10.818	34.933	0	27.404	0	0	0	0	0	1	0.782	0.39	0	0.481	1	0.782	0.39	0	0.481	0	0	0	0	0	0	0	0	0.2	0.2	0	0	0.2	0	0.2	0	0.520
0	2.769	2.748	0	3.73	2.688	7.804	9.573	4.925	8.706	0	0	0	0	0	0.333	0.571	0.467	0.7	0.361	0.333	0.571	0.467	0.7	0.361	0	0	0	0	0	1	0	0	0.4	0	1	0.4	0	0	0	0	0.629
0	5.344	0	16.619	3.737	0	5.344	0	17.585	4.693	0	0	0	0	0	0	1	0	0.575	1	0	1	0	0.575	1	0	0	0	0	0	0	0	0	0	0	0	0.286	0	0.111	0	0.294	0.848
0	0	0	0	0	0	0	0	0	0	0	0	0	0	0	0	0	0	0	0	0	0	0	0	0	0	0	0	0	0	0	0.6	0.333	0.4	0.333	0	1	0	0	0	0	0.540
1.883	0	0	0	16.511	3.811	0	0	0	19.872	0	0	0	0	0	0.333	0	0	0	0.495	0.333	0	0	0	0.495	0	0	0	0	0	0.4	0.444	0.25	0.2	0.429	0	0	0	0	0.286	0.296	0.308
0.902	0.89	1.268	0	2.744	4.227	3.641	4.091	0	9.441	0	0	0	0	0	0.5	0.667	0.333	0	0.378	0.5	0.667	0.333	0	0.378	0	0	0	0	0	1	0	0.556	0	0	1	0.333	0.333	0	0	0.117	0.621
0	0.985	4.872	8.419	0	0	0.985	6.636	9.416	0	0	0	0	0	0	0	0	0.667	0.844	0	0	0	0.667	0.844	0	0	0	0	0	0	0	0.4	0	0	0	0	0.8	0	0.2	0	0.294	0.469
0	0	0	0	0	0	0	0	0	0	0	0	0	0	0	0	0	0	0	0	0	0	0	0	0	0	0	0	0	0	0.2	0	0.667	0.2	0.25	0	0	1	0	1	0.556	0.171
0	1.987	2.228	3.073	0	0	4.003	4.352	3.073	0	0	0	0	0	0	0	1	1	0.333	0	0	1	1	0.333	0	0	0	0	0	0	0.333	0	0.2	0	0.333	0.333	0	0.2	0	0	0	0.582
0	0	0	0	0	0	0	0	0	0	0	0	0	0	0	0	0	0	0	0	0	0	0	0	0	0	0	0	0	0	0	0	0.333	0	0	0.5	0	1	0	0.4	0.417	0.415
0	0	0	0	0	0	0	0	0	0	0	0	0	0	0	0	0	0	0	0	0	0	0	0	0	0	0	0	0	0	0	0	0.6	0	0	0	0	0	0	0	0.296	0.125
0	0	0	0	0	0	0	0	0	0	0	0	0	0	0	0	0	0	0	0	0	0	0	0	0	0	0	0	0	0	0.667	0.2	0.25	0	0	1	0	1	0	0	0.059	0.664
0	0	0	0	2.887	0	0	0	0	2.887	0	0	0	0	0	0	0	0	0	0.667	0	0	0	0	0.667	0	0	0	0	0	0	0.4	0.2	0.8	0.2	0	0.4	0.6	0.8	0	0.419	0.537
