1.584	0	1.518	0	6.518	5.367	6.135	8.546	0	13.373	6.951	6.135	7.028	0	9.278	0.4	0.5	0.4	0	0.333	0.333	0.5	0.4	0	0.303	0.2	0.5	0.5	0	0.238	0	0	0	0	0	0	0	0	0	0	0.299	0.393
0	9.112	0	0	16.427	0	11.393	0	0	18.472	0	5.646	0	0	13.559	0	0.397	0	0	0.338	0	0.397	0	0	0.294	0	0.2	0	0	0.255	0	0	1	0	0	0	0	1	0	0	0	0.662
0	0	0	0	0	0	0	0	0	0	0	0	0	0	0	0	0	0	0	0	0	0	0	0	0	0	0	0	0	0	0	0	0	0	0	0	0	0	0	0	0.557	0.453
0	0	3.988	0	0	0	1.854	6.375	4.472	0	0	1.854	3.387	4.472	0	0	0	0.289	0.5	0	0	0	0.25	0.5	0	0	0	0.333	0.333	0	0	0	0.2	0	0	0	0.25	0	0	0	0	0.887
12.792	2.39	1.529	7.75	0	19.043	5.95	6.752	12.616	5.01	6.25	4.333	5.223	5.602	3.423	0.326	0.333	0.381	0.295	0.4	0.326	0.333	0.381	0.282	0.4	0.1	0.3	0.2	0.1	0.333	0	0	0	0.8	0	0	0	0	0.2	0	0	0.201
0	0	1.722	0.775	2.883	0	0	1.722	0.775	3.649	0	0	1.722	0	3.649	0	0	0	0	0.5	0	0	0	0	0.5	0	0	0	0	0.5	0.333	1	0	0	0	0	0.75	0	0	0	0.417	0.917
0	0	0	4.38	0	0.805	0	0	0.762	0	0.805	0	0	3.618	0	0	0	0	0.5	0	0	0	0	0	0	0	0	0	0.667	0	0	0.556	0.286	0	0.2	0	0.667	0.143	0.4	0.4	0.298	0.329
3.224	7.712	0	2.883	1.989	4.859	1.93	0	3.649	2.859	4.859	7.712	0	3.649	2.859	0.3	0.619	0	0.5	0.333	0.3	1	0	0.5	0.333	0.3	0.571	0	0.5	0.333	0	0.889	0.2	0	0	0	0.444	0.2	0	0	0.419	0.160
0	0	0	0	0	0	0	0	0	0	0	0	0	0	0	0	0	0	0	0	0	0	0	0	0	0	0	0	0	0	0	0	0	0	0	0	0	0	0	0	0.417	0.381
1.529	12.792	0	2.39	0	6.752	19.043	5.01	5.95	3.806	5.223	6.25	3.423	4.333	3.03	0.381	0.326	0.4	0.333	0.5	0.381	0.326	0.4	0.333	0.5	0.2	0.1	0.333	0.3	0.333	0	0	0	0	0	0	0	0	0	0	0.558	0.101
0	0.829	2.715	0	6.561	0	0.829	0.808	0	1.614	0	0.829	1.907	0	4.947	0	0	0.333	0	0.267	0	0	0	0	0	0	0	1	0	0.333	0.2	0.2	0	0	0	0	0	0	0.75	0	0	0.670
0	0	0	-1	0	0	0	0	-1	0	0	0	0	-1	0	0	0	0	-1	0	0	0	0	-1	0	0	0	0	-1	0	0	0	0	-1	0	0	0	0	-1	0	0.716	0.999
0	3.244	0	5.95	0	0	3.244	0	7.038	0	0	0.746	0	1.93	0	0	0.7	0	0.429	0	0	0.833	0	0.429	0	0	0	0	1	0	0.5	0	1	0	0.25	1	0	1	0	1	0.294	0.980
1.518	1.584	6.518	0	8.305	8.546	5.367	13.373	6.135	17.423	7.028	6.951	9.278	6.135	8.996	0.4	0.4	0.333	0.5	0.233	0.4	0.333	0.303	0.5	0.2	0.5	0.2	0.238	0.5	0.133	0	0	0	0	0	0	0	0	0	0	0.414	0.306
0	17.563	0	9.522	2.993	0	15.306	0	10.294	5.309	0	11.07	0	5.543	4.454	0	0.247	0	0.359	0.8	0	0.283	0	0.333	0.8	0	0.267	0	0.2	0.5	1	0.2	1	0	0	1	0.2	1	0	0	0	0.995
11.4	4.175	4.388	0	3.342	7.003	5.294	6.319	0	0	9.071	5.294	5.519	0	4.351	0.5	0.5	0.3	0	0.5	0.905	0.5	0.3	0	0	0.429	0.5	0.333	0	0.5	0	0	0.6	0	0.667	0	0	0.8	0	0.667	0	0.487
0	0	0	0	-1	0	0	0	0	-1	0	0	0	0	-1	0	0	0	0	-1	0	0	0	0	-1	0	0	0	0	-1	0	0	0	0	-1	0	0	0	0.667	-1	0.896	0.999
4.388	11.4	3.342	4.175	0	6.319	7.003	0	5.294	0	5.519	9.071	4.351	5.294	0	0.3	0.5	0.5	0.5	0	0.3	0.905	0	0.5	0	0.333	0.429	0.5	0.5	0	0.6	0	0.667	0	0	0.8	0	0.667	0	0	0.196	0.475
0	0	0	0	0	0	0	0	0	0	0	0	0	0	0	0	0	0	0	0	0	0	0	0	0	0	0	0	0	0	0	0	0	0	0	0	0	0	0	0	0.294	0.519
0	0	0	7.191	13.009	0	0	0	8.99	19.964	0	0	0	5.659	8.478	0	0	0	0.4	0.3	0	0	0	0.378	0.281	0	0	0	0.067	0.19	1	0.25	0.6	0	0.333	1	0.625	0.8	0	0.333	0	0.993
3.391	1.099	0	0.784	2.573	1.568	2.827	0	2.325	2.515	4.096	2.827	0	2.325	2.56	0.333	0.333	0	0.333	0.5	1	0.333	0	0.333	0.667	0.2	0.333	0	0.333	0.333	0.2	0	0.25	0	0.4	0	0	0.25	0	0.2	0	0.739
0	0	0	0	0	0	0	0	0	0	0	0	0	0	0	0	0	0	0	0	0	0	0	0	0	0	0	0	0	0	0	0	0	0	0	0	0	0	0	0	0.195	0.616
16.427	0	0	0	0	18.472	0	0	0	0	13.559	0	0	0	0	0.338	0	0	0	0	0.294	0	0	0	0	0.255	0	0	0	0	0	1	1	0	1	0	1	1	0	1	0.415	0.255
0	2.271	0	0	0	0	3.021	0	0.805	0.75	0	3.021	0	0.805	0.75	0	0.333	0	0	0	0	0.333	0	0	0	0	0.333	0	0	0	0.5	0	0	0	0	0.5	0	0	0	0	0	0.836
2.806	1.769	7.626	3.312	2.044	2.806	0	4.081	3.312	2.816	2.806	1.769	9.039	3.312	2.816	0.333	1	0.533	0.333	0.333	0.333	0	0.6	0.333	0.333	0.333	1	0.357	0.333	0.333	0	0.4	0.444	0	0	0	0	0.667	0	0	0.418	0.272
0.829	0	0	2.526	2.715	0.829	0	0	1.734	0.808	0.829	0	0	1.538	1.907	0	0	0	0.333	0.333	0	0	0	0	0	0	0	0	0	1	0.2	0	0.2	0	0	0	0.75	0	0	0	0	0.547
2.592	0	6.23	1.824	0.751	4.994	0.769	7.768	1.484	4.026	4.204	0.769	3.135	2.566	3.275	0.133	0	0.267	0.667	0.4	0.133	0	0.267	1	0.3	0.2	0	0	0.667	0.333	0	0	0	0.444	0	0	0.25	0	0.333	0.25	0.299	0.259
0	0	0	0	0	0	0	0	0	0	0	0	0	0	0	0	0	0	0	0	0	0	0	0	0	0	0	0	0	0	0	0	0	0	0	0	0	0	0	0	0.419	0.346
5.95	0	3.244	1.662	0	7.038	0	3.244	2.75	0	1.93	0	0.746	1.962	0	0.429	0	0.7	0.667	0	0.429	0	0.833	0.667	0	1	0	0	1	0	0	0	0	0	0.5	0	0	0	0	1	0.299	0.286
0	0	0	0	0	0	0.805	0	0	0	0	0.805	0	0	0	0	0	0	0	0	0	0	0	0	0	0	0	0	0	0	0.286	0	0.2	0.556	0	0.143	0	0.4	0.667	0	0.557	0.644
3.639	0	0	3.988	1.76	0.779	0	0	6.375	0	3.833	0	0	3.387	1.76	0.4	0	0	0.289	0	0	0	0	0.25	0	0.167	0	0	0.333	0	0	0	0	0.2	0.2	0	0	0	0	0	0	0.643
9.624	0.829	0	2.573	4.38	10.499	1.576	0.747	2.515	0.762	7.071	1.576	0.747	2.56	3.618	0.636	0	0	0.5	0.5	0.527	0	0	0.667	0	0.429	0	0	0.333	0.667	0.4	0	0	0.4	0	0.2	0	0.333	0.2	0.4	0	0.732
0	1.529	0	12.792	1.52	5.01	6.752	3.806	19.043	5.231	3.423	5.223	3.03	6.25	3.711	0.4	0.381	0.5	0.326	0.4	0.4	0.381	0.5	0.326	0.4	0.333	0.2	0.333	0.1	0.333	0	0	0	0	0	0	0	0	0	0	0.893	0.143
0	0	0	0	0	0	0	0	0	0	0	0	0	0	0	0	0	0	0	0	0	0	0	0	0	0	0	0	0	0	0	0	0	0	0	0	0	0	0	0	0	0.817
0	0	0	0	0	0	0	0	0	0	0	0	0	0	0	0	0	0	0	0	0	0	0	0	0	0	0	0	0	0	0	0	0	0	0	0	0	0	0	0	0.414	0.773
2.715	0	6.561	0.829	3.312	0.808	0	1.614	0.829	3.312	1.907	0	4.947	0.829	3.312	0.333	0	0.267	0	0.333	0	0	0	0	0.333	1	0	0.333	0	0.333	0	0.2	0	0.2	0	0	0	0	0	0	0	0.675
6.518	1.518	8.305	1.584	2.31	13.373	8.546	17.423	5.367	9.535	9.278	7.028	8.996	6.951	6.456	0.333	0.4	0.233	0.4	0.222	0.303	0.4	0.2	0.333	0.194	0.238	0.5	0.133	0.2	0.3	0	0	0	0	0	0	0	0	0	0	0.296	0.354
0.829	2.573	9.624	0	0	1.576	2.515	10.499	0	0.747	1.576	2.56	7.071	0	0.747	0	0.5	0.636	0	0	0	0.667	0.527	0	0	0	0.333	0.429	0	0	0	0.4	0.4	0.25	0	0	0.2	0.2	0.25	0.333	0	0.541
0	0	0	0	0	0	0	0	0	6.135	0	0	0	0	6.135	0	0	0	0	0.5	0	0	0	0	0.5	0	0	0	0	0.5	0	0	0	0	0	0	0	0	0	0	0.414	0.487
4.38	0	0	9.624	0	0.762	0.747	0	10.499	0.805	3.618	0.747	0	7.071	0.805	0.5	0	0	0.636	0	0	0	0	0.527	0	0.667	0	0	0.429	0	0	0	0.556	0.4	0	0.4	0.333	0.667	0.2	0	0	0.754
17.563	9.522	0	0	0	15.306	10.294	0	0	0	11.07	5.543	0	0	0	0.247	0.359	0	0	0	0.283	0.333	0	0	0	0.267	0.2	0	0	0	0.2	0	1	0	1	0.2	0	1	1	1	0	0.649
0	3.988	3.639	0	0	0	6.375	0.779	0	0	0	3.387	3.833	0	0	0	0.289	0.4	0	0	0	0.25	0	0	0	0	0.333	0.167	0	0	0	0.2	0	0	0	0	0	0	0	0	0	0.671
0	0	0	0	0	0	0	0	0	0	0	0	0	0	0	0	0	0	0	0	0	0	0	0	0	0	0	0	0	0	0	0	0	0	0	0	0	0	0	0	0.716	0.422
0	3.342	0	4.388	0	0	0	0	6.319	0	0	4.351	0	5.519	0	0	0.5	0	0.3	0	0	0	0	0.3	0	0	0.5	0	0.333	0	0	0.667	0.625	0.6	0	0	0.667	0.875	0.8	0	0	0.588
0	0	2.526	0	0	0	0	1.734	0	0	0	0	1.538	0	0	0	0	0.333	0	0	0	0	0	0	0	0	0	0	0	0	0.25	1	0	0.5	0	1	1	0	1	0.75	0.558	0.979
3.312	6.561	1.769	2.715	2.806	3.312	1.614	0	0.808	2.806	3.312	4.947	1.769	1.907	2.806	0.333	0.267	1	0.333	0.333	0.333	0	0	0	0.333	0.333	0.333	1	1	0.333	0	0	0.4	0	0	0	0	0	0	0	0.298	0.263
0	0	0	0	0	0	0	0	0	0	0	0	0	0	0	0	0	0	0	0	0	0	0	0	0	0	0	0	0	0	0	0	0	0	0	0	0	0	0	0	0.717	0.343
1.76	0	1.824	3.639	0	0	0	1.484	0.779	0.769	1.76	0	2.566	3.833	0.769	0	0	0.667	0.4	0	0	0	1	0	0	0	0	0.667	0.167	0	0.2	0	0.444	0	0	0	0	0.333	0	0.25	0	0.571
8.305	6.518	2.31	1.518	0	17.423	13.373	9.535	8.546	4.472	8.996	9.278	6.456	7.028	4.472	0.233	0.333	0.222	0.4	0.5	0.2	0.303	0.194	0.4	0.5	0.133	0.238	0.3	0.5	0.333	0	0	0	0	0	0	0	0	0	0	0.898	0.372
0	0	16.427	9.112	0	0	0	18.472	11.393	0	0	0	13.559	5.646	0	0	0	0.338	0.397	0	0	0	0.294	0.397	0	0	0	0.255	0.2	0	1	0	0	0	1	1	0	0	0	1	0.057	0.981
0.784	0.751	1.099	6.23	3.391	2.325	4.026	2.827	7.768	1.568	2.325	3.275	2.827	3.135	4.096	0.333	0.4	0.333	0.267	0.333	0.333	0.3	0.333	0.267	1	0.333	0.333	0.333	0	0.2	0	0	0	0	0.2	0	0.25	0	0	0	0.298	0.480
0	0	0.993	16.427	0.775	0	0	1.919	18.472	0.775	0	0	1.919	13.559	0	0	0	1	0.338	0	0	0	1	0.294	0	0	0	1	0.255	0	1	1	0.429	0	0	1	1	0.143	0	0	0.893	1.000
0	4.38	0	0	0	0	0.762	0.805	0.747	0	0	3.618	0.805	0.747	0	0	0.5	0	0	0	0	0	0	0	0	0	0.667	0	0	0	0.556	0	0	0	0.286	0.667	0.4	0	0.333	0.143	0	0.738
0	0	0	0	0	0	0	0	0	0	0	0	0	0	0	0	0	0	0	0	0	0	0	0	0	0	0	0	0	0	0	0	0	0	0	0	0	0	0	0.667	0.557	0.376
0	0	0	0	0	0	0	0	0	0	0	0	0	0	0	0	0	0	0	0	0	0	0	0	0	0	0	0	0	0	0	0	0	0	0	0	0	0	0	0	0	0.689
0	0.775	0	0.993	1.722	0	0.775	0	1.919	1.722	0	0	0	1.919	1.722	0	0	0	1	0	0	0	0	1	0	0	0	0	1	0	1	0	0.333	0.429	0	0.75	0	0	0.143	0	0.3	0.989
0	0	0	0	0	0	0	0	0	0	0	0	0	0	0	0	0	0	0	0	0	0	0	0	0	0	0	0	0	0	0	0	0	0	0	0	0	0	0	0	0.896	0.275
0	0	0	3.244	2.526	0	0	0	3.244	1.734	0	0	0	0.746	1.538	0	0	0	0.7	0.333	0	0	0	0.833	0	0	0	0	0	0	1	0.5	0.25	0	0	1	1	1	0	0	0	0.964
3.342	4.388	0	11.4	0	0	6.319	0	7.003	0	4.351	5.519	0	9.071	0	0.5	0.3	0	0.5	0	0	0.3	0	0.905	0	0.5	0.333	0	0.429	0	0.667	0.6	0	0	0.625	0.667	0.8	0	0	0.875	0	0.747
0	0	0	0	0	0	0	0	0	1.162	0	0	0	0	1.162	0	0	0	0	0	0	0	0	0	0	0	0	0	0	0	0	0.625	0.625	0	0.6	0	0.875	0.75	0	0.8	0.197	0.959
0	0	1.52	1.529	0	3.806	5.01	5.231	6.752	0	3.03	3.423	3.711	5.223	0	0.5	0.4	0.4	0.381	0	0.5	0.4	0.4	0.381	0	0.333	0.333	0.333	0.2	0	0	0	0	0	0	0	0	0	0	0	0.896	0.186
6.561	2.715	3.312	0	1.769	1.614	0.808	3.312	0	0	4.947	1.907	3.312	0	1.769	0.267	0.333	0.333	0	1	0	0	0.333	0	0	0.333	1	0.333	0	1	0	0	0	0.2	0.4	0	0	0	0	0	0	0.434
0	-1	0	-1	0	0	-1	0	-1	0	0	-1	0	-1	0	0	-1	0	-1	0	0	-1	0	-1	0	0	-1	0	-1	0	0	-1	0	-1	0	0	-1	0	-1	0	0.899	0.999
1.52	0	0	0	0	5.231	3.806	0	5.01	0	3.711	3.03	0	3.423	0	0.4	0.5	0	0.4	0	0.4	0.5	0	0.4	0	0.333	0.333	0	0.333	0	0	0	0	0	0	0	0	0	0	0	0.557	0.210
0	3.224	1.989	7.712	1.662	0	4.859	2.859	1.93	2.75	0	4.859	2.859	7.712	1.962	0	0.3	0.333	0.619	0.667	0	0.3	0.333	1	0.667	0	0.3	0.333	0.571	1	0.2	0	0	0.889	0	0.2	0	0	0.444	0	0	0.687
1.722	0	2.883	0	7.712	1.722	0	3.649	0	1.93	1.722	0	3.649	0	7.712	0	0	0.5	0	0.619	0	0	0.5	0	1	0	0	0.5	0	0.571	0	0.333	0	1	0.889	0	0	0	0.75	0.444	0.196	0.589
1.662	1.989	0	0	5.95	2.75	2.859	0	0	7.038	1.962	2.859	0	0	1.93	0.667	0.333	0	0	0.429	0.667	0.333	0	0	0.429	1	0.333	0	0	1	0	0	0	0.2	0	0	0	0	0.2	0	0.294	0.398
0	0	0	0	0	0	0	0	0	0	0	0	0	0	0	0	0	0	0	0	0	0	0	0	0	0	0	0	0	0	0	0	0	0	0	0	0	0	0	0	0.556	0.344
0	3.391	2.573	1.099	0.829	0	1.568	2.515	2.827	1.576	0	4.096	2.56	2.827	1.576	0	0.333	0.5	0.333	0	0	1	0.667	0.333	0	0	0.2	0.333	0.333	0	0.25	0.2	0.4	0	0	0.25	0	0.2	0	0	0	0.949
0	2.31	0	8.305	0	4.472	9.535	1.854	17.423	0	4.472	6.456	1.854	8.996	0	0.5	0.222	0	0.233	0	0.5	0.194	0	0.2	0	0.333	0.3	0	0.133	0	0	0	0	0	0	0	0	0.25	0	0	0.897	0.299
0	0	0	0	0	0.75	0	0.813	0	0	0.75	0	0.813	0	0	0	0	0	0	0	0	0	0	0	0	0	0	0	0	0	0	0	0.25	0.5	0	0	0	0	0.5	0	0.897	0.339
0	0	0	0	0	0	0	0	0	0	0	0	0	0	0	0	0	0	0	0	0	0	0	0	0	0	0	0	0	0	0	0	0	0	0	0	0	0	0	0	0.197	0.285
0	0	0	0	0	0	0	0	0	0	0	0	0	0	0	0	0	0	0	0	0	0	0	0	0	0	0	0	0	0	0	0	0	0	0	0	0	0.667	0	0	0	0.521
13.009	0	7.75	0	2.39	19.964	0	12.616	0	5.95	8.478	0	5.602	0	4.333	0.3	0	0.295	0	0.333	0.281	0	0.282	0	0.333	0.19	0	0.1	0	0.3	0.333	0.6	0.8	1	0	0.333	0.8	0.2	1	0	0	0.319
0	0	0	0	4.175	0.813	0.75	0	0	5.294	0.813	0.75	0	0	5.294	0	0	0	0	0.5	0	0	0	0	0.5	0	0	0	0	0.5	0.25	0	0	0	0	0	0	0	0	0	0.415	0.571
0	1.52	0	0	0	0	5.231	0	3.806	0	0	3.711	0	3.03	0	0	0.4	0	0.5	0	0	0.4	0	0.5	0	0	0.333	0	0.333	0	0	0	0	0	0	0	0	0	0	0	0.116	0.416
0	0	0	0	0	0	0	0	0	0	0	0	0	0	0	0	0	0	0	0	0	0	0	0	0	0	0	0	0	0	0	0	0	0	0	0	0	0	0	0	0.558	0.837
0	2.526	0.829	0	0	0	1.734	0.829	0	0	0	1.538	0.829	0	0	0	0.333	0	0	0	0	0	0	0	0	0	0	0	0	0	0	0	0.2	0.25	0.2	0.75	0	0	1	0	0.294	0.976
0	1.824	2.592	1.76	6.23	0.769	1.484	4.994	0	7.768	0.769	2.566	4.204	1.76	3.135	0	0.667	0.133	0	0.267	0	1	0.133	0	0.267	0	0.667	0.2	0	0	0	0.444	0	0.2	0	0.25	0.333	0	0	0	0.196	0.579
0	16.427	0	0	0.993	0	18.472	0	0	1.919	0	13.559	0	0	1.919	0	0.338	0	0	1	0	0.294	0	0	1	0	0.255	0	0	1	1	0	1	1	0.429	1	0	1	1	0.143	0.42	0.995
0.993	0	0.775	0	0	1.919	0	0.775	0	0	1.919	0	0	0	0	1	0	0	0	0	1	0	0	0	0	1	0	0	0	0	0.429	1	0	1	1	0.143	1	0	1	0.75	0.716	0.644
0	0	0	0	0	0	0	0	0	0	0	0	0	0	0	0	0	0	0	0	0	0	0	0	0	0	0	0	0	0	0	0	0	0	0	0	0	0	0	0	0.296	0.489
0	0	0	0	0	0	0	1.162	0	0	0	0	1.162	0	0	0	0	0	0	0	0	0	0	0	0	0	0	0	0	0	0.625	0	0.6	0.625	0	0.75	0	0.8	0.875	0	0	0.818
0	0	2.271	0	0	0.805	0	3.021	0	0	0.805	0	3.021	0	0	0	0	0.333	0	0	0	0	0.333	0	0	0	0	0.333	0	0	0	0	0	0.2	0.5	0	0	0	0.4	0.5	0.419	0.231
0	3.639	1.76	0	1.824	0	0.779	0	0	1.484	0	3.833	1.76	0	2.566	0	0.4	0	0	0.667	0	0	0	0	1	0	0.167	0	0	0.667	0	0	0.2	0	0.444	0	0	0	0	0.333	0	0.723
0.775	0.993	0	0	0	0.775	1.919	0	0	0	0	1.919	0	0	0	0	1	0	0	0	0	1	0	0	0	0	1	0	0	0	0	0.429	1	1	0.333	0	0.143	0.75	1	0	0.9	0.652
0	0	0	2.31	3.988	1.854	4.472	0	9.535	6.375	1.854	4.472	0	6.456	3.387	0	0.5	0	0.222	0.289	0	0.5	0	0.194	0.25	0	0.333	0	0.3	0.333	0	0	0	0	0.2	0.25	0	0	0	0	0.417	0.812
1.769	3.312	2.806	6.561	7.626	0	3.312	2.806	1.614	4.081	1.769	3.312	2.806	4.947	9.039	1	0.333	0.333	0.267	0.533	0	0.333	0.333	0	0.6	1	0.333	0.333	0.333	0.357	0.4	0	0	0	0.444	0	0	0	0	0.667	0	0.776
0	1.662	5.95	1.989	3.244	0	2.75	7.038	2.859	3.244	0	1.962	1.93	2.859	0.746	0	0.667	0.429	0.333	0.7	0	0.667	0.429	0.333	0.833	0	1	1	0.333	0	0	0	0	0	0	0	0	0	0	0	0	0.491
2.883	1.722	7.712	0	3.224	3.649	1.722	1.93	0	4.859	3.649	1.722	7.712	0	4.859	0.5	0	0.619	0	0.3	0.5	0	1	0	0.3	0.5	0	0.571	0	0.3	0	0	0.889	0.333	0	0	0	0.444	0	0	0	0.314
2.271	0	0	0	0	3.021	0.805	0	0	0	3.021	0.805	0	0	0	0.333	0	0	0	0	0.333	0	0	0	0	0.333	0	0	0	0	0	0	0.5	0	0	0	0	0.5	0	0	0.419	0.351
0	2.044	9.522	7.626	17.563	0	2.816	10.294	4.081	15.306	0	2.816	5.543	9.039	11.07	0	0.333	0.359	0.533	0.247	0	0.333	0.333	0.6	0.283	0	0.333	0.2	0.357	0.267	0	0	0	0.444	0.2	1	0	0	0.667	0.2	0.417	0.892
0	0	0	1.52	0	0	0	0	5.231	0	0	0	0	3.711	0	0	0	0	0.4	0	0	0	0	0.4	0	0	0	0	0.333	0	0	0	0	0	0	0	0	0	0	0	0.556	0.356
0	9.624	4.38	0.829	0	0.747	10.499	0.762	1.576	0	0.747	7.071	3.618	1.576	0	0	0.636	0.5	0	0	0	0.527	0	0	0	0	0.429	0.667	0	0	0	0.4	0	0	0.556	0.333	0.2	0.4	0	0.667	0	0.621
0	0	0	0	0	0	0	0	0	0	0	0	0	0	0	0	0	0	0	0	0	0	0	0	0	0	0	0	0	0	0	0	0	0	0	0	0	0	0	0	0.714	0.862
0	0	0	0	0	0	0	0	0	0	0	0	0	0	0	0	0	0	0	0	0	0	0	0	0	0	0	0	0	0	0	0	0	0	0	0.667	0	0	0	0	0.117	0.771
9.522	0	17.563	2.044	0	10.294	0	15.306	2.816	0	5.543	0	11.07	2.816	0	0.359	0	0.247	0.333	0	0.333	0	0.283	0.333	0	0.2	0	0.267	0.333	0	0	0	0.2	0	1	0	1	0.2	0	1	0.298	0.448
2.526	0	0	0	0.829	1.734	0	0	0	0.829	1.538	0	0	0	0.829	0.333	0	0	0	0	0	0	0	0	0	0	0	0	0	0	0	0.25	0	1	0.2	0	1	0.75	1	0	0.417	0.295
0	0	0	0	0	0	0	0	0	0	0	0	0	0	0	0	0	0	0	0	0	0	0	0	0	0	0	0	0	0	0	0	0	0	0	0	0	0	0	0	0	0.540
0	0	0	0	0	0	0	0	0	0	0	0	0	0	0	0	0	0	0	0	0	0	0	0	0	0	0	0	0	0	0	0	0	0	0	0	0	0	0	0	0.056	0.302
0	0	0	0	0	0	0	0	0	0	0	0	0	0	0	0	0	0	0	0	0	0	0	0	0	0	0	0	0	0	0	0	0	0	0	0	0.667	0	0	0	0.893	0.598
1.989	0	1.662	3.224	0	2.859	0	2.75	4.859	0	2.859	0	1.962	4.859	0	0.333	0	0.667	0.3	0	0.333	0	0.667	0.3	0	0.333	0	1	0.3	0	0	0.2	0	0	0	0	0.2	0	0	0	0.298	0.325
0	0	2.993	17.563	0	0	0	5.309	15.306	0	0	0	4.454	11.07	0	0	0	0.8	0.247	0	0	0	0.8	0.283	0	0	0	0.5	0.267	0	1	1	0	0.2	0.667	1	1	0	0.2	0	0	0.989
0.751	6.23	0.784	2.592	1.099	4.026	7.768	2.325	4.994	2.827	3.275	3.135	2.325	4.204	2.827	0.4	0.267	0.333	0.133	0.333	0.3	0.267	0.333	0.133	0.333	0.333	0	0.333	0.2	0.333	0	0	0	0	0	0.25	0	0	0	0	0.894	0.566
1.824	1.76	0	0	2.592	1.484	0	0.769	0	4.994	2.566	1.76	0.769	0	4.204	0.667	0	0	0	0.133	1	0	0	0	0.133	0.667	0	0	0	0.2	0.444	0.2	0	0	0	0.333	0	0.25	0	0	0.197	0.727
7.75	13.009	2.39	0	12.792	12.616	19.964	5.95	0	19.043	5.602	8.478	4.333	0	6.25	0.295	0.3	0.333	0	0.326	0.282	0.281	0.333	0	0.326	0.1	0.19	0.3	0	0.1	0.8	0.333	0	0.6	0	0.2	0.333	0	0.8	0	0.198	0.212
7.626	2.806	2.044	1.769	0	4.081	2.806	2.816	0	0	9.039	2.806	2.816	1.769	0	0.533	0.333	0.333	1	0	0.6	0.333	0.333	0	0	0.357	0.333	0.333	1	0	0.444	0	0	0.4	0	0.667	0	0	0	1	0.419	0.641
0	0	0	0	9.112	1.162	0	0	0	11.393	1.162	0	0	0	5.646	0	0	0	0	0.397	0	0	0	0	0.397	0	0	0	0	0.2	0.6	0.625	0	0	0	0.8	0.75	0	0	0	0.298	0.828
0	0	0	0	0	0	0	0	0	0	0	0	0	0	0	0	0	0	0	0	0	0	0	0	0	0	0	0	0	0	0	0	0	0	0	0	0	0	0	0	0.898	0.910
0	7.191	0	8.273	0	0	8.99	0	11.5	0	0	5.659	0	7.314	0	0	0.4	0	0.436	0	0	0.378	0	0.418	0	0	0.067	0	0.267	0	0.25	0	1	0.333	0.6	0.625	0	1	0.333	0.8	0	0.694
0	0	0	0	0	0	0	0	0	0	0	0	0	0	0	0	0	0	0	0	0	0	0	0	0	0	0	0	0	0	0	0	0	0	0	0	0	0	0	0	0.3	0.980
7.191	8.273	0	0	0	8.99	11.5	0	0	0	5.659	7.314	0	0	0	0.4	0.436	0	0	0	0.378	0.418	0	0	0	0.067	0.267	0	0	0	0	0.333	0.25	0.667	1	0	0.333	0.625	0	1	0.298	0.233
6.23	2.592	0.751	0	0.784	7.768	4.994	4.026	0.769	2.325	3.135	4.204	3.275	0.769	2.325	0.267	0.133	0.4	0	0.333	0.267	0.133	0.3	0	0.333	0	0.2	0.333	0	0.333	0	0	0	0	0	0	0	0.25	0.25	0	0.897	0.135
0	0	0	0	0	0	0	0	0.805	0.805	0	0	0	0.805	0.805	0	0	0	0	0	0	0	0	0	0	0	0	0	0	0	0.2	0.286	0	0	0	0.4	0.143	0	0	0	0	0.779
2.993	0	0	0	8.273	5.309	0	0	0	11.5	4.454	0	0	0	7.314	0.8	0	0	0	0.436	0.8	0	0	0	0.418	0.5	0	0	0	0.267	0	1	0.667	1	0.333	0	1	0	1	0.333	0.415	0.661
0	0	0	3.342	0	0	0	0	0	0	0	0	0	4.351	0	0	0	0	0.5	0	0	0	0	0	0	0	0	0	0.5	0	0.625	0	0	0.667	0.625	0.875	0	0	0.667	0.75	0	0.982
4.175	0	11.4	0	4.388	5.294	0	7.003	0.813	6.319	5.294	0	9.071	0.813	5.519	0.5	0	0.5	0	0.3	0.5	0	0.905	0	0.3	0.5	0	0.429	0	0.333	0	0	0	0.25	0.6	0	0	0	0	0.8	0.415	0.267
3.244	5.95	0	0	0	3.244	7.038	0	0	0	0.746	1.93	0	0	0	0.7	0.429	0	0	0	0.833	0.429	0	0	0	0	1	0	0	0	0	0	0.5	0	1	0	0	1	0	1	0	0.310
0	0	0	0	1.584	0	0	6.135	0	5.367	0	0	6.135	0	6.951	0	0	0.5	0	0.4	0	0	0.5	0	0.333	0	0	0.5	0	0.2	0	0	0	0	0	0	0	0	0	0	0	0.331
2.39	7.75	12.792	13.009	1.529	5.95	12.616	19.043	19.964	6.752	4.333	5.602	6.25	8.478	5.223	0.333	0.295	0.326	0.3	0.381	0.333	0.282	0.326	0.281	0.381	0.3	0.1	0.1	0.19	0.2	0	0.8	0	0.333	0	0	0.2	0	0.333	0	0.3	0.127
0	0	0	0	0	0	0	0	0	0	0	0	0	0	0	0	0	0	0	0	0	0	0	0	0	0	0	0	0	0	0	0	0	0	0	0	0	0	0	0	0.197	0.269
0	0	9.112	0	0	0	1.162	11.393	0	0	0	1.162	5.646	0	0	0	0	0.397	0	0	0	0	0.397	0	0	0	0	0.2	0	0	0	0.6	0	0.625	0	0	0.8	0	0.75	0	0.56	0.404
9.112	0	0	0	0	11.393	0	0	1.162	0	5.646	0	0	1.162	0	0.397	0	0	0	0	0.397	0	0	0	0	0.2	0	0	0	0	0	0	0	0.6	1	0	0	0	0.8	1	0.42	0.358
0	0	0	2.271	0	0	0	0.75	3.021	0.813	0	0	0.75	3.021	0.813	0	0	0	0.333	0	0	0	0	0.333	0	0	0	0	0.333	0	0	0.5	0	0	0.25	0	0.5	0	0	0	0	0.469
2.044	7.626	0	2.806	9.522	2.816	4.081	0	2.806	10.294	2.816	9.039	0	2.806	5.543	0.333	0.533	0	0.333	0.359	0.333	0.6	0	0.333	0.333	0.333	0.357	0	0.333	0.2	0	0.444	0	0	0	0	0.667	1	0	0	0.716	0.177
3.988	0	0	0	3.639	6.375	0	0	1.854	0.779	3.387	0	0	1.854	3.833	0.289	0	0	0	0.4	0.25	0	0	0	0	0.333	0	0	0	0.167	0.2	0	0	0	0	0	0	0	0.25	0	0	0.534
1.099	0.784	3.391	0.751	0	2.827	2.325	1.568	4.026	0	2.827	2.325	4.096	3.275	0	0.333	0.333	0.333	0.4	0	0.333	0.333	1	0.3	0	0.333	0.333	0.2	0.333	0	0	0	0.2	0	0.25	0	0	0	0.25	0.25	0.299	0.362
2.31	8.305	0	6.518	0	9.535	17.423	4.472	13.373	1.854	6.456	8.996	4.472	9.278	1.854	0.222	0.233	0.5	0.333	0	0.194	0.2	0.5	0.303	0	0.3	0.133	0.333	0.238	0	0	0	0	0	0	0	0	0	0	0.25	0.893	0.209
8.273	0	7.191	2.993	0	11.5	0	8.99	5.309	0	7.314	0	5.659	4.454	0	0.436	0	0.4	0.8	0	0.418	0	0.378	0.8	0	0.267	0	0.067	0.5	0	0.333	0.667	0	0	0.25	0.333	0	0	0	0.625	0.297	0.268
0	0	1.584	0	1.518	6.135	0	5.367	0	8.546	6.135	0	6.951	0	7.028	0.5	0	0.4	0	0.4	0.5	0	0.333	0	0.4	0.5	0	0.2	0	0.5	0	0	0	0	0	0	0	0	0	0	0.419	0.242
0	2.993	8.273	0	7.191	0	5.309	11.5	0	8.99	0	4.454	7.314	0	5.659	0	0.8	0.436	0	0.4	0	0.8	0.418	0	0.378	0	0.5	0.267	0	0.067	0.667	0	0.333	1	0	0	0	0.333	1	0	0.298	0.810
0	0	0	0	0	0	0	0	0	0	0	0	0	0	0	0	0	0	0	0	0	0	0	0	0	0	0	0	0	0	0	0	0	0	0	0	0	0	0	0	0.898	0.999
0	0	13.009	0	7.75	0	0	19.964	0	12.616	0	0	8.478	0	5.602	0	0	0.3	0	0.295	0	0	0.281	0	0.282	0	0	0.19	0	0.1	0.6	1	0.333	0.25	0.8	0.8	1	0.333	0.625	0.2	0	0.887
0	0	0	0	2.271	0	0	0.805	0	3.021	0	0	0.805	0	3.021	0	0	0	0	0.333	0	0	0	0	0.333	0	0	0	0	0.333	0	0.2	0	0.286	0	0	0.4	0	0.143	0	0	0.600
7.712	2.883	3.224	1.722	0	1.93	3.649	4.859	1.722	0	7.712	3.649	4.859	1.722	0	0.619	0.5	0.3	0	0	1	0.5	0.3	0	0	0.571	0.5	0.3	0	0	0.889	0	0	0	0.2	0.444	0	0	0	0.2	0	0.779
0	0	-1	0	-1	0	0	-1	0	-1	0	0	-1	0	-1	0	0	-1	0	-1	0	0	-1	0	-1	0	0	-1	0	-1	0	0	-1	0	-1	0	0	-1	0	-1	0.893	0.999
0	0	4.175	0	11.4	0	0.813	5.294	0.75	7.003	0	0.813	5.294	0.75	9.071	0	0	0.5	0	0.5	0	0	0.5	0	0.905	0	0	0.5	0	0.429	0	0.25	0	0	0	0	0	0	0	0	0	0.649
2.573	0	0.829	3.391	9.624	2.515	0	1.576	1.568	10.499	2.56	0	1.576	4.096	7.071	0.5	0	0	0.333	0.636	0.667	0	0	1	0.527	0.333	0	0	0.2	0.429	0.4	0.25	0	0.2	0.4	0.2	0.25	0	0	0.2	0	0.831
