6.191	1.858	1.961	23.082	0	5.077	1.858	2.776	20.4	0	3.556	0.939	1.737	6.853	0	0.714	0.333	1	0.431	0	0.933	1	1	0.558	0	0.333	0	0	0.19	0	0.889	0.667	0.4	0	0	0.444	0.667	0.4	0	0	0.197	0.373
0	0	0	0	0	0	0	0.906	0	0.946	0	0	0.906	0	0.946	0	0	0	0	0	0	0	0	0	0	0	0	0	0	0	0.75	0.25	0	0.6	0	0.625	0.75	0	0.6	0	0	0.461
0	0.85	0	0	0	0	0.85	0	0	0	0	0	0	0	0	0	0	0	0	0	0	0	0	0	0	0	0	0	0	0	0	0	0	0	0	0	0	0	0	0	0.557	0.179
0	0	0	8.719	0.861	0	0	0	9.538	0	0	0	0	2.874	0.861	0	0	0	0.911	0	0	0	0	0.889	0	0	0	0	0.333	0	0	0	0	0.667	0	0.4	0	0	0.333	0	0.298	0.355
0	0	-1	0	-1	0	0	-1	0	-1	0	0	-1	0	-1	0	0	-1	0	-1	0	0	-1	0	-1	0	0	-1	0	-1	0	0	-1	0	-1	0	0	-1	0	-1	0.898	1.000
0	0	0	26.957	13.107	0	0	0	32.338	14.495	0	0	0	3.849	5.064	0	0	0	0.363	0.6	0	0	0	0.326	0.61	0	0	0	0.333	0.3	0	0	0	0	0.333	0	0	0	0	0	0.559	0.960
0	0	0	0	0	0	0	0	0	0	0	0	0	0	0	0	0	0	0	0	0	0	0	0	0	0	0	0	0	0	0	0	0	0	0	0	0	0	0	0	0.556	0.940
0.79	0.936	0	0	0	0	0.795	0	0	0	0.79	1.731	0	0	0	0	1	0	0	0	0	0	0	0	0	0	1	0	0	0	0.2	0	0	0	0	0.4	0	0	0	0	0	0.470
0	0	0	0	0	0	0	0	0	1.794	0	0	0	0	1.794	0	0	0	0	0	0	0	0	0	0	0	0	0	0	0	0	0	0	0	0.2	0	0	0	0	0.2	0.415	0.923
0	0	0	3.507	0.85	0	0	0	2.516	0.85	0	0	0	3.493	0	0	0	0	0.4	0	0	0	0	0.333	0	0	0	0	0.333	0	0	0.6	0	0.8	0	0	0	0	0.2	0	0.558	0.306
0.936	0	0.79	3.615	0	0.795	0	0	3.403	0	1.731	0	0.79	4.576	0	1	0	0	0.267	0	0	0	0	0.667	0	1	0	0	0.1	0	0	0	0.2	0	0	0	0	0.4	0	0	0.198	0.196
8.455	0	0.816	4.166	0	10.158	0	0.816	2.485	0.908	3.77	0	0.816	4.253	0.908	0.6	0	0	0.533	0	0.527	0	0	0.667	0	0.167	0	0	0.4	0	0.444	0	0.2	0	0.143	0.111	0	0.2	0	0	0.197	0.257
0.986	0	0	1.816	0	0	0	0	2.793	0	0.986	0	0	2.793	0	0	0	0	0.333	0	0	0	0	0.333	0	0	0	0	0.333	0	0	0.333	0	0	0	0	0	0	0	0	0.056	0.286
0	0.848	0	0	2.553	3.635	4.934	3.695	0	5.458	2.535	4.022	3.695	0	4.501	0.333	0.3	0.667	0	0.467	0.333	0.3	0.667	0	0.5	0	0.167	0.333	0	0	0	0	0	0	0.25	0	0	0	0	0.25	0.716	0.166
0	0.787	2.997	0	0	0	0.787	2.011	0	0	0	0.787	2.997	0	0	0	0	0.333	0	0	0	0	1	0	0	0	0	0.333	0	0	0.2	0	0.143	0	0	0	0	0.429	0	0	0	0.478
1.706	0	26.957	25.902	0	3.415	0	32.338	31.847	0	1.736	0	3.849	9.051	0	0.9	0	0.363	0.347	0	0.667	0	0.326	0.322	0	1	0	0.333	0.286	0	0.25	0	0	0.889	0	0.25	0	0	0.667	0	0.296	0.646
5.738	0.816	0	0	7.16	6.584	0.816	0	1.04	8.005	2.671	0.816	0	1.986	2.1	0.556	0	0	0	0.786	0.857	0	0	0	0.714	0	0	0	0	0	0	0.25	0	0	0.5	0	0	0	0	0.75	0	0.273
9.894	4.419	12.903	18.356	21.285	12.777	9.964	20.01	25.119	21.946	10.246	5.453	11.218	8.637	15.28	0.714	0.689	0.573	0.522	0.443	0.712	0.622	0.544	0.482	0.458	0.571	0.5	0.311	0.429	0.348	0.2	0	0.5	0	0.667	0.2	0	0.125	0	0.667	0	0.388
0	0	0	0	0	0.906	0	0.946	0	0.827	0.906	0	0.946	0	0.827	0	0	0	0	0	0	0	0	0	0	0	0	0	0	0	0	0.75	0	0.25	0	0	0.625	0	0.75	0	0.299	0.094
22.323	14.876	17.601	0	5.108	27.401	18.694	17.756	0	4.565	15.159	14.193	10.766	0	6.28	0.365	0.556	0.498	0	0.722	0.325	0.48	0.503	0	0.9	0.181	0.319	0.378	0	0.429	0.25	0.889	0.2	0	0.4	0.25	0.778	0.4	0	0.4	0	0.544
0	0	0	0.85	0	0	0	0	0.85	0	0	0	0	0	0	0	0	0	0	0	0	0	0	0	0	0	0	0	0	0	0	0	0	0	0	0	0	0	0	0	0.198	0.376
1.858	23.082	6.191	0	1.961	1.858	20.4	5.077	0.906	2.776	0.939	6.853	3.556	0.906	1.737	0.333	0.431	0.714	0	1	1	0.558	0.933	0	1	0	0.19	0.333	0	0	0.667	0	0.889	0	0.4	0.667	0	0.444	0	0.4	0	0.676
2.997	0	0	0.787	0.852	2.011	0	0	0.787	0.852	2.997	0	0	0.787	0.852	0.333	0	0	0	0	1	0	0	0	0	0.333	0	0	0	0	0.143	0.2	0	0	0	0.429	0	0	0	0	0.299	0.380
0	0	0.861	0	0	0	0	0	0	0	0	0	0.861	0	0	0	0	0	0	0	0	0	0	0	0	0	0	0	0	0	0	0	0	0	0	0	0.4	0	0	0	0.298	0.341
8.775	0	0	0	0	9.77	0	0.796	0	0	0.995	0	0.796	0	0	0.909	0	0	0	0	0.891	0	0	0	0	0	0	0	0	0	0	0	0	0	0	0	0	0	0	0	0.559	0.456
1.816	0	0	1.094	0.986	2.793	0	0	2.072	0	2.793	0	0	2.072	0.986	0.333	0	0	1	0	0.333	0	0	1	0	0.333	0	0	1	0	0	0	0.333	0	0	0	0	0	0	0	0.894	0.160
0	0.787	0	0.794	0	0	0.787	0	0.794	0	0	0.787	0	0	0	0	0	0	0	0	0	0	0	0	0	0	0	0	0	0	0	0	0	0	0	0	0	0	0	0	0	0.144
0.899	0	1.348	0	0	0.899	0	0	0	0	0.899	0	1.348	0	0	0	0	0	0	0	0	0	0	0	0	0	0	0	0	0	0	0.333	0.4	0.5	0	0	0	0.4	0.125	0	0.292	0.159
0	0	0	0	0	0	0	0	0	0	0	0	0	0	0	0	0	0	0	0	0	0	0	0	0	0	0	0	0	0	0	0	0	0	0	0	0	0	0	0	0.899	0.923
0.816	8.455	0	0	15.657	0.816	10.158	0.908	0	17.369	0.816	3.77	0.908	0	6.735	0	0.6	0	0	0.641	0	0.527	0	0	0.608	0	0.167	0	0	0.143	0.2	0.444	0.143	0	0.556	0.2	0.111	0	0	0.222	0.42	0.275
0	0.79	0	0.936	0	0	0	0	0.795	0	0	0.79	0	1.731	0	0	0	0	1	0	0	0	0	0	0	0	0	0	1	0	0	0.2	0	0	0.5	0	0.4	0	0	0.125	0.556	0.179
0	0	0	0	0	0.946	0.906	0.827	0	0	0.946	0.906	0.827	0	0	0	0	0	0	0	0	0	0	0	0	0	0	0	0	0	0	0	0	0.75	0	0	0	0	0.625	0	0.554	0.153
0	7.591	0	7.995	0	0	12.127	0	11.552	0	0	8.222	0	8.058	0	0	0.47	0	0.545	0	0	0.439	0	0.545	0	0	0.393	0	0.179	0	0	1	0	0.75	0	0.2	1	0	0.25	1	0	0.630
0	0	10.998	0	0.815	0	0	11.974	0.796	0.815	0	0	5.988	0.796	0	0	0	0.59	0	0	0	0	0.667	0	0	0	0	0	0	0	0	0	0.4	0	0	0.2	0	0	0	0	0	0.397
0.848	0	0	0	0	4.934	0	3.635	0	3.695	4.022	0	2.535	0	3.695	0.3	0	0.333	0	0.667	0.3	0	0.333	0	0.667	0.167	0	0	0	0.333	0	0	0	0	0	0	0	0	0	0	0.896	0.196
0.861	0	0	0	0.791	0	0	0	0	0.791	0.861	0	0	0	0	0	0	0	0	0	0	0	0	0	0	0	0	0	0	0	0	0	0	0	0	0	0	0	0.4	0	0.3	0.260
0	0.986	0	0	0	0	0	0	0	0	0	0.986	0	0	0	0	0	0	0	0	0	0	0	0	0	0	0	0	0	0	0	0	0	0.333	0.2	0	0	0	0	0	0.294	0.747
0.815	10.998	0	0	0.939	0.815	11.974	0	0	0	0	5.988	0	0	0.939	0	0.59	0	0	0	0	0.667	0	0	0	0	0	0	0	0	0	0.4	0	0	0.8	0	0	0	0.2	0.4	0.298	0.153
0	1.816	0.986	0	0	0	2.793	0	0	0	0	2.793	0.986	0	0	0	0.333	0	0	0	0	0.333	0	0	0	0	0.333	0	0	0	0.333	0	0	0	0	0	0	0	0	0	0.714	0.588
25.902	5.108	0	17.601	1.706	31.847	4.565	0	17.756	3.415	9.051	6.28	0	10.766	1.736	0.347	0.722	0	0.498	0.9	0.322	0.9	0	0.503	0.667	0.286	0.429	0	0.378	1	0.889	0.4	0	0.2	0.25	0.667	0.4	0	0.4	0.25	0	0.509
23.082	0	1.858	0	6.191	20.4	0.906	1.858	1.773	5.077	6.853	0.906	0.939	1.773	3.556	0.431	0	0.333	0	0.714	0.558	0	1	0	0.933	0.19	0	0	0	0.333	0	0	0.667	0	0.889	0	0	0.667	0.4	0.444	0.415	0.191
0	0	0	0.787	0	0	0	0	0.787	0	0	0	0	0.787	0	0	0	0	0	0	0	0	0	0	0	0	0	0	0	0	0	0	0	0	0	0	0	0	0	0	0	0.117
0.843	1.15	0.838	0	0	0	0	0	0	0	1.722	1.15	0.838	0	0	0	0	0	0	0	0	0	0	0	0	0	0	0	0	0	0	0	0.4	0.6	0	0	0	0	1	0	0	0.480
0.794	0	0.787	0.852	0	0.794	0	0.787	0.852	0	0	0	0.787	0.852	0	0	0	0	0	0	0	0	0	0	0	0	0	0	0	0	0	0	0	0	0	0	0	0	0	0	0	0.261
0	0	0	0	0	0	0	0	0	0	0	0	0	0	0	0	0	0	0	0	0	0	0	0	0	0	0	0	0	0	0	0	0	0	0	0	0	0	0.333	0	0.415	0.909
0	0	0	-1	0	0	0	0	-1	0	0	0	0	-1	0	0	0	0	-1	0	0	0	0	-1	0	0	0	0	-1	0	0	0	0	-1	0	0	0	0	-1	0	0.718	0.948
0	1.758	0	0	0	1.04	1.758	0	0	1.04	1.04	1.758	0	0	1.986	0	0	0	0	0	0	0	0	0	0	0	0	0	0	0	0	0	0	0.8	0	0	0	0	0	0	0.42	0.195
0	0	0.85	0	0	0	0	0.85	0	0	0	0	0	0	0	0	0	0	0	0	0	0	0	0	0	0	0	0	0	0	0	0	0	0.6	0	0	0	0	0	0	0.417	0.221
0	0	0	0.79	0	0	0	0	0	0	0	0	0	0.79	0	0	0	0	0	0	0	0	0	0	0	0	0	0	0	0	0	0	0.5	0.2	0.333	0	0	0.125	0.4	0	0.897	0.214
0	0	0	8.775	10.998	0	0.796	0	9.77	11.974	0	0.796	0	0.995	5.988	0	0	0	0.909	0.59	0	0	0	0.891	0.667	0	0	0	0	0	0	0	0	0	0.4	0	0	0.2	0	0	0.557	0.218
0.85	0	0	0	0	0.85	0	0	0	0	0	0	0	0	0	0	0	0	0	0	0	0	0	0	0	0	0	0	0	0	0	0	0	0	0	0	0	0	0	0	0.197	0.208
0	26.957	0	1.706	0	0	32.338	0	3.415	0	0	3.849	0	1.736	0	0	0.363	0	0.9	0	0	0.326	0	0.667	0	0	0.333	0	1	0	0	0	0	0.25	0	0	0	0	0.25	0	0.717	0.382
0	3.615	0.936	2.871	0.79	0	3.403	0.795	0	0	0	4.576	1.731	2.871	0.79	0	0.267	1	0.333	0	0	0.667	0	0	0	0	0.1	1	0.333	0	0	0	0	1	0.2	0	0	0	0.25	0.4	0.554	0.263
13.107	0	1.004	0	3.475	14.495	0	0	0	2.562	5.064	0	1.004	0	3.578	0.6	0	0	0	0.8	0.61	0	0	0	1	0.3	0	0	0	0.667	0.333	0	0.2	0	0	0	0	0.2	0	0	0.197	0.413
0	0	0	0	0	0	0	0	0	0.906	0	0	0	0	0.906	0	0	0	0	0	0	0	0	0	0	0	0	0	0	0	0.25	0.6	0.75	0.4	0	0.75	0.6	0.625	0.4	0	0	0.668
0	0.816	15.657	8.455	9.922	0.908	0.816	17.369	10.158	11.575	0.908	0.816	6.735	3.77	3.699	0	0	0.641	0.6	0.564	0	0	0.608	0.527	0.526	0	0	0.143	0.167	0.333	0.143	0.2	0.556	0.444	0	0	0.2	0.222	0.111	0	0.897	0.197
0	0	0	0	0	0	0	0	0	0	0	0	0	0	0	0	0	0	0	0	0	0	0	0	0	0	0	0	0	0	0	0	0	0	0	0.6	1	0	0	0.2	0.299	0.648
0	0.861	0.791	0	0	0	0	0.791	0	0.8	0	0.861	0	0	0.8	0	0	0	0	0	0	0	0	0	0	0	0	0	0	0	0	0	0	0	0.2	0	0	0	0	0	0.3	0.275
0	0	0	7.591	0	0	0	0	12.127	0	0	0	0	8.222	0	0	0	0	0.47	0	0	0	0	0.439	0	0	0	0	0.393	0	0	0	0	1	0	0	0.2	1	1	0.6	0.196	0.907
0.848	0	0	0	0.787	0.848	0	0	0	0.787	0.848	0	0	0	0.787	0	0	0	0	0	0	0	0	0	0	0	0	0	0	0	0	0	0	0	0	0	0	0	0	0	0	0.285
0	0	0	0	0	0.827	0.946	0	0.906	1.773	0.827	0.946	0	0.906	1.773	0	0	0	0	0	0	0	0	0	0	0	0	0	0	0	0	0	0	0	0	0	0	0	0	0.4	0.898	0.277
0	3.507	0	0	0	0	2.516	0	0	0	0	3.493	0	0	0	0	0.4	0	0	0	0	0.333	0	0	0	0	0.333	0	0	0	0.6	0.8	0	0	0	0	0.2	0	0	0	0	0.666
0	0	0	0	-1	0	0	0	0	-1	0	0	0	0	-1	0	0	0	0	-1	0	0	0	0	-1	0	0	0	0	-1	0	0	0	0	-1	0	0	0	0	-1	0.9	0.999
0	0	0.848	0	0	0	0	4.934	0	3.635	0	0	4.022	0	2.535	0	0	0.3	0	0.333	0	0	0.3	0	0.333	0	0	0.167	0	0	0	0	0	0	0	0	0	0	0	0	0.896	0.217
0	0	0.816	0	5.738	1.04	0	0.816	1.04	6.584	1.986	0	0.816	1.04	2.671	0	0	0	0	0.556	0	0	0	0	0.857	0	0	0	0	0	0	0	0.25	0	0	0	0	0	0	0	0.059	0.218
0	0	0	0	0	0	0	0	0	0	0	0	0	0	0	0	0	0	0	0	0	0	0	0	0	0	0	0	0	0	0	0	0	0	0	0	0	0	0	0	0.113	0.936
0	0	0	0	0.899	0	0	0	0	0.899	0	0	0	0	0.899	0	0	0	0	0	0	0	0	0	0	0	0	0	0	0	0.5	0	0.333	0	0	0.125	0	0	0	0	0.3	0.312
0	0	23.082	0	1.858	0.906	1.773	20.4	0	1.858	0.906	1.773	6.853	0	0.939	0	0	0.431	0	0.333	0	0	0.558	0	1	0	0	0.19	0	0	0	0	0	0	0.667	0	0.4	0	0	0.667	0.717	0.289
0	-1	0	-1	0	0	-1	0	-1	0	0	-1	0	-1	0	0	-1	0	-1	0	0	-1	0	-1	0	0	-1	0	-1	0	0	-1	0	-1	0	0	-1	0	-1	0	0.899	0.963
0	0.848	0.787	0	0	0	0.848	0.787	0	0	0	0.848	0.787	0	0	0	0	0	0	0	0	0	0	0	0	0	0	0	0	0	0	0	0	0	0.2	0	0	0	0	0	0	0.544
0	0	0	0	8.775	0	0	0	0	9.77	0	0	0	0	0.995	0	0	0	0	0.909	0	0	0	0	0.891	0	0	0	0	0	0	0	0	0	0	0	0	0	0	0	0.897	0.289
0	0	0	0	0	0	0	0	0	0	0	0	0	0	0	0	0	0	0	0	0	0	0	0	0	0	0	0	0	0	0	0	0	0	0	0	0	0	0	0	0.713	0.918
7.591	7.995	0	2.553	0	12.127	11.552	0	5.458	0	8.222	8.058	0	4.501	0	0.47	0.545	0	0.467	0	0.439	0.545	0	0.5	0	0.393	0.179	0	0	0	1	0.75	0	0.25	0	1	0.25	0.2	0.25	0	0	0.517
4.419	18.356	9.894	7.311	12.903	9.964	25.119	12.777	9.671	20.01	5.453	8.637	10.246	5.478	11.218	0.689	0.522	0.714	0.848	0.573	0.622	0.482	0.712	0.8	0.544	0.5	0.429	0.571	0.7	0.311	0	0	0.2	0	0.5	0	0	0.2	0	0.125	0.42	0.196
0.787	0	0	0.848	2.997	0.787	0	0	0.848	2.011	0.787	0	0	0.848	2.997	0	0	0	0	0.333	0	0	0	0	1	0	0	0	0	0.333	0	0	0.2	0	0.143	0	0	0	0	0.429	0.197	0.230
3.615	2.871	0	9.922	0.936	3.403	0	0	11.575	0.795	4.576	2.871	0	3.699	1.731	0.267	0.333	0	0.564	1	0.667	0	0	0.526	0	0.1	0.333	0	0.333	1	0	1	0	0	0	0	0.25	0	0	0	0.299	0.205
14.876	0	22.323	1.961	17.601	18.694	0	27.401	2.776	17.756	14.193	0	15.159	1.737	10.766	0.556	0	0.365	1	0.498	0.48	0	0.325	1	0.503	0.319	0	0.181	0	0.378	0.889	0	0.25	0.4	0.2	0.778	0	0.25	0.4	0.4	0	0.424
0.838	0.843	0	1.15	1.348	0	0	0	0	0	0.838	1.722	0	1.15	1.348	0	0	0	0	0	0	0	0	0	0	0	0	0	0	0	0.4	0	0	0	0.333	0	0	0	0	0.333	0	0.451
0	0	0	1.348	0	0	0	0	0	0	0	0	0	1.348	0	0	0	0	0	0	0	0	0	0	0	0	0	0	0	0	0.2	0	0.375	0.4	0	0.2	0	0.625	0.4	0	0	0.653
0	0	0	0	0	0	0	0	0	0	0	0	0	0	0	0	0	0	0	0	0	0	0	0	0	0	0	0	0	0	0	0	0	0	0	1	0	0.6	0.2	0	0	0.719
0	0	0	0.986	0	0	0	0	0	0	0	0	0	0.986	0	0	0	0	0	0	0	0	0	0	0	0	0	0	0	0	0	0	0.2	0	0	0	0	0	0	0	0	0.312
0.791	0	0	0.861	0	0.791	0	0.8	0	0	0	0	0.8	0.861	0	0	0	0	0	0	0	0	0	0	0	0	0	0	0	0	0	0	0.2	0	0	0	0	0	0	0	0.557	0.198
0	0	0	14.801	0	0	0	0	13.609	0	0	0	0	10.958	0	0	0	0	0.655	0	0	0	0	0.744	0	0	0	0	0.4	0	0.6	0.4	0.25	0.667	0.75	0.6	0.4	0.75	0.667	0.625	0	0.622
0	0	3.507	0.791	0	0	0.8	2.516	0.791	0	0	0.8	3.493	0	0	0	0	0.4	0	0	0	0	0.333	0	0	0	0	0.333	0	0	0	0.2	0.8	0	0.6	0	0	0.2	0	0	0.716	0.471
0.787	0.794	0	0	0	0.787	0.794	0	0	0	0.787	0	0	0	0	0	0	0	0	0	0	0	0	0	0	0	0	0	0	0	0	0	0	0	0	0	0	0	0	0	0.418	0.114
0	0	0	0	0.848	0	0	0	0	4.934	0	0	0	0	4.022	0	0	0	0	0.3	0	0	0	0	0.3	0	0	0	0	0.167	0	0	0	0	0	0	0	0	0	0	0.717	0.188
0	0	0	0	0	0	0.827	1.773	0.946	0.906	0	0.827	1.773	0.946	0.906	0	0	0	0	0	0	0	0	0	0	0	0	0	0	0	0	0	0	0	0	0	0	0.4	0	0	0.893	0.394
14.801	1.015	0	4.771	0	13.609	2.027	0	7.055	0	10.958	2.182	0	6.315	0	0.655	0.667	0	0.822	0	0.744	1	0	0.81	0	0.4	0	0	0.733	0	0.667	0.25	0.4	0.333	0.6	0.667	0	0.4	1	0.6	0	0.316
0.939	0	8.719	0.815	0	0	0	9.538	0.815	0	0.939	0	2.874	0	0	0	0	0.911	0	0	0	0	0.889	0	0	0	0	0.333	0	0	0.8	0	0.667	0	0	0.4	0	0.333	0	0	0	0.661
15.657	0	9.922	0.816	2.871	17.369	0.908	11.575	0.816	0	6.735	0.908	3.699	0.816	2.871	0.641	0	0.564	0	0.333	0.608	0	0.526	0	0	0.143	0	0.333	0	0.333	0.556	0.143	0	0.2	1	0.222	0	0	0.2	0.25	0.72	0.454
17.601	22.323	5.108	14.876	25.902	17.756	27.401	4.565	18.694	31.847	10.766	15.159	6.28	14.193	9.051	0.498	0.365	0.722	0.556	0.347	0.503	0.325	0.9	0.48	0.322	0.378	0.181	0.429	0.319	0.286	0.2	0.25	0.4	0.889	0.889	0.4	0.25	0.4	0.778	0.667	0	0.436
4.166	2.408	0	3.475	8.455	2.485	1.618	0	2.562	10.158	4.253	1.619	0	3.578	3.77	0.533	0.333	0	0.8	0.6	0.667	1	0	1	0.527	0.4	0	0	0.667	0.167	0	0	0	0	0.444	0	0	0	0	0.111	0	0.418
0	0.862	0.852	1.348	0	0	0.862	0.852	0	0	0	0.862	0.852	1.348	0	0	0	0	0	0	0	0	0	0	0	0	0	0	0	0	0	0.286	0	0.333	0	0	0.286	0	0.333	0	0	0.717
0	0	0	0	0	0	0	0	0	0	0	0	0	0	0	0	0	0	0	0	0	0	0	0	0	0	0	0	0	0	0	0	0	0	0	0	0.333	0	0	0	0.898	0.904
1.094	0	0	0	1.816	2.072	0	0	0	2.793	2.072	0	0	0	2.793	1	0	0	0	0.333	1	0	0	0	0.333	1	0	0	0	0.333	0	0	0	0	0	0	0	0	0	0	0.714	0.266
18.356	7.311	4.419	0	9.894	25.119	9.671	9.964	1.794	12.777	8.637	5.478	5.453	1.794	10.246	0.522	0.848	0.689	0	0.714	0.482	0.8	0.622	0	0.712	0.429	0.7	0.5	0	0.571	0	0	0	0.2	0.2	0	0	0	0.2	0.2	0.198	0.424
2.871	9.922	3.615	15.657	0	0	11.575	3.403	17.369	0	2.871	3.699	4.576	6.735	0	0.333	0.564	0.267	0.641	0	0	0.526	0.667	0.608	0	0.333	0.333	0.1	0.143	0	1	0	0	0.556	0	0.25	0	0	0.222	0	0	0.368
0	0.852	1.758	0	0	0	0.852	1.758	0	1.04	0	0.852	1.758	0	1.04	0	0	0	0	0	0	0	0	0	0	0	0	0	0	0	0.8	0	0	0	0	0	0	0	0	0	0	0.405
0	0	0	0	0	0	0	0	0	0	0	0	0	0	0	0	0	0	0	0	0	0	0	0	0	0	0	0	0	0	0	0	0	0	0	0	0	0	0	0	0.415	0.950
0	7.16	1.15	0	0.843	0	8.005	0	0	0	0	2.1	1.15	0	1.722	0	0.786	0	0	0	0	0.714	0	0	0	0	0	0	0	0	0.6	0.5	0	0	0	1	0.75	0	0	0	0	0.835
0	0	0	0	0.791	0	0	0	0	0.791	0	0	0	0	0	0	0	0	0	0	0	0	0	0	0	0	0	0	0	0	0.375	0.2	0	0	0	0.625	0.2	0	0	0.25	0	0.599
0	0.791	0	0	3.507	0.8	0.791	0	0	2.516	0.8	0	0	0	3.493	0	0	0	0	0.4	0	0	0	0	0.333	0	0	0	0	0.333	0.2	0	0	0	0.8	0	0	0	0	0.2	0	0.158
0	0	0	0	0	0	0	0	0	0	0	0	0	0	0	0	0	0	0	0	0	0	0	0	0	0	0	0	0	0	0.2	0	0	0	0	0	0	0	0	0	0	0.631
3.475	1.004	2.408	13.107	4.166	2.562	0	1.618	14.495	2.485	3.578	1.004	1.619	5.064	4.253	0.8	0	0.333	0.6	0.533	1	0	1	0.61	0.667	0.667	0	0	0.3	0.4	0	0.2	0	0.333	0	0	0.2	0	0	0	0	0.402
0	0	0	0	0	0	0	0	0	0	0	0	0	0	0	0	0	0	0	0	0	0	0	0	0	0	0	0	0	0	0	0.2	0	0	0	0	0	0	0	0	0.296	0.184
0	25.902	1.706	5.108	26.957	0	31.847	3.415	4.565	32.338	0	9.051	1.736	6.28	3.849	0	0.347	0.9	0.722	0.363	0	0.322	0.667	0.9	0.326	0	0.286	1	0.429	0.333	0	0.889	0.25	0.4	0	0	0.667	0.25	0.4	0	0	0.569
0	0	0	0	23.082	1.773	0	0.906	0.827	20.4	1.773	0	0.906	0.827	6.853	0	0	0	0	0.431	0	0	0	0	0.558	0	0	0	0	0.19	0	0	0	0	0	0.4	0	0	0	0	0.556	0.201
0	0	13.107	0	1.004	0	0	14.495	0	0	0	0	5.064	0	1.004	0	0	0.6	0	0	0	0	0.61	0	0	0	0	0.3	0	0	0	0	0.333	0	0.2	0	0	0	0	0.2	0.197	0.661
0	0.838	1.348	0.843	0.862	0	0	0	0	0.862	0	0.838	1.348	1.722	0.862	0	0	0	0	0	0	0	0	0	0	0	0	0	0	0	0	0.4	0.333	0	0.286	0	0	0.333	0	0.286	0	0.462
9.922	15.657	2.871	0	3.615	11.575	17.369	0	0.908	3.403	3.699	6.735	2.871	0.908	4.576	0.564	0.641	0.333	0	0.267	0.526	0.608	0	0	0.667	0.333	0.143	0.333	0	0.1	0	0.556	1	0.143	0	0	0.222	0.25	0	0	0.294	0.178
7.995	2.553	7.591	0	0	11.552	5.458	12.127	3.695	0	8.058	4.501	8.222	3.695	0	0.545	0.467	0.47	0.667	0	0.545	0.5	0.439	0.667	0	0.179	0	0.393	0.333	0	0.75	0.25	1	0	0	0.25	0.25	1	0	0.2	0	0.402
2.408	3.475	4.166	1.004	0	1.618	2.562	2.485	0	0	1.619	3.578	4.253	1.004	0	0.333	0.8	0.533	0	0	1	1	0.667	0	0	0	0.667	0.4	0	0	0	0	0	0.2	0	0	0	0	0.2	0	0	0.475
10.998	0	0.815	0	0	11.974	0	0.815	0	0	5.988	0	0	0	0	0.59	0	0	0	0	0.667	0	0	0	0	0	0	0	0	0	0.4	0	0	0	0	0	0.2	0	0	0	0	0.417
0	1.961	14.876	6.191	22.323	0	2.776	18.694	5.077	27.401	0	1.737	14.193	3.556	15.159	0	1	0.556	0.714	0.365	0	1	0.48	0.933	0.325	0	0	0.319	0.333	0.181	0	0.4	0.889	0.889	0.25	0	0.4	0.778	0.444	0.25	0	0.546
0.862	1.348	0	0	0.852	0.862	0	0	0	0.852	0.862	1.348	0	0	0.852	0	0	0	0	0	0	0	0	0	0	0	0	0	0	0	0.286	0.333	0	0	0	0.286	0.333	0	0	0	0.299	0.372
0	14.801	0	1.015	0	0	13.609	0	2.027	0	0	10.958	0	2.182	0	0	0.655	0	0.667	0	0	0.744	0	1	0	0	0.4	0	0	0	0.4	0.667	0.6	0.25	0.25	0.4	0.667	0.6	0	0.75	0	0.591
0	0	0.791	0	0	0	0	0.791	0	0	0	0	0	0	0	0	0	0	0	0	0	0	0	0	0	0	0	0	0	0	0	0.375	0	0.2	0	0	0.625	0.25	0.2	0	0	0.509
0	8.719	0	0.939	0	0	9.538	0	0	0	0	2.874	0	0.939	0	0	0.911	0	0	0	0	0.889	0	0	0	0	0.333	0	0	0	0	0.667	0	0.8	0	0	0.333	0.4	0.4	0	0	0.348
0	5.738	7.16	0.816	0	0	6.584	8.005	0.816	0	0	2.671	2.1	0.816	0	0	0.556	0.786	0	0	0	0.857	0.714	0	0	0	0	0	0	0	0	0	0.5	0.25	0.6	0	0	0.75	0	1	0.298	0.712
0	0	0	0	0	0	0	0	0	0	0	0	0	0	0	0	0	0	0	0	0	0	0	0	0	0	0	0	0	0	0	0	0	0	0	0	0.6	0.2	1	0.6	0.415	0.753
0	0	0	0	0	0	0	0	0	0	0	0	0	0	0	0	0	0	0	0	0	0	0	0	0	0	0	0	0	0	0	0	0	0	0	0	0	0	0	0	0.117	0.965
0	0	0.899	0	1.348	0	0	0.899	0	0	0	0	0.899	0	1.348	0	0	0	0	0	0	0	0	0	0	0	0	0	0	0	0.333	0.5	0	0	0.4	0	0.125	0	0	0.4	0.417	0.339
1.758	0	0	0.852	0	1.758	0	1.04	0.852	0	1.758	0	1.04	0.852	0	0	0	0	0	0	0	0	0	0	0	0	0	0	0	0	0	0.8	0	0	0	0	0	0	0	0	0.197	0.136
0	1.094	1.816	0	0	0	2.072	2.793	0	0	0	2.072	2.793	0	0	0	1	0.333	0	0	0	1	0.333	0	0	0	1	0.333	0	0	0	0	0	0	0.333	0	0	0	0	0	0.898	0.131
1.15	0	0.843	7.16	0.838	0	0	0	8.005	0	1.15	0	1.722	2.1	0.838	0	0	0	0.786	0	0	0	0	0.714	0	0	0	0	0	0	0	0.6	0	0.5	0.4	0	1	0	0.75	0	0	0.180
0	0	8.775	0	0	0	0	9.77	0	0.796	0	0	0.995	0	0.796	0	0	0.909	0	0	0	0	0.891	0	0	0	0	0	0	0	0	0	0	0	0	0	0	0	0	0	0.296	0.860
0	0	0	1.758	0.816	0	1.04	1.04	1.758	0.816	0	1.04	1.986	1.758	0.816	0	0	0	0	0	0	0	0	0	0	0	0	0	0	0	0	0	0	0	0.25	0	0	0	0	0	0.418	0.205
0	0	0	0	0	0	0	0	0	0	0	0	0	0	0	0	0	0	0	0	0	0	0	0	0	0	0	0	0	0	0	0	0	0.2	0	0	0	0	0	0	0.556	0.515
2.553	0	7.995	0	7.591	5.458	3.695	11.552	3.635	12.127	4.501	3.695	8.058	2.535	8.222	0.467	0.667	0.545	0.333	0.47	0.5	0.667	0.545	0.333	0.439	0	0.333	0.179	0	0.393	0.25	0	0.75	0	1	0.25	0	0.25	0	1	0	0.658
0	0	0	0	0	0	0	0	0	0	0	0	0	0	0	0	0	0	0	0	0	0	0	0	0	0	0	0	0	0	0	0	0	0	0	0	0.6	0.333	0.2	0	0.717	0.877
0	0	0	0	0	0	0	0	0	0	0	0	0	0	0	0	0	0	0	0	0	0	0	0	0	0	0	0	0	0	0	0	0	0	0	0	0	0	0	0	0.716	0.980
1.348	0	0.862	0.838	0	0	0	0.862	0	0	1.348	0	0.862	0.838	0	0	0	0	0	0	0	0	0	0	0	0	0	0	0	0	0.333	0	0.286	0.4	0	0.333	0	0.286	0	0	0	0.571
0.791	0	0	0	0	0.791	0	0	0	0	0	0	0	0	0	0	0	0	0	0	0	0	0	0	0	0	0	0	0	0	0	0	0	0.375	0	0.25	0	0	0.625	0	0	0.738
4.771	21.285	1.015	12.903	14.801	7.055	21.946	2.027	20.01	13.609	6.315	15.28	2.182	11.218	10.958	0.822	0.443	0.667	0.573	0.655	0.81	0.458	1	0.544	0.744	0.733	0.348	0	0.311	0.4	0.333	0.667	0.25	0.5	0.667	1	0.667	0	0.125	0.667	0	0.578
0.852	0	0	2.997	1.758	0.852	0	0	2.011	1.758	0.852	0	0	2.997	1.758	0	0	0	0.333	0	0	0	0	1	0	0	0	0	0.333	0	0	0	0.8	0.143	0	0	0	0	0.429	0	0.298	0.301
0	0	0	0	0	0	0	0	0	0	0	0	0	0	0	0	0	0	0	0	0	0	0	0	0	0	0	0	0	0	0	0	0	0	0	0	0	0	0	0	0.894	0.921
12.903	9.894	21.285	4.419	4.771	20.01	12.777	21.946	9.964	7.055	11.218	10.246	15.28	5.453	6.315	0.573	0.714	0.443	0.689	0.822	0.544	0.712	0.458	0.622	0.81	0.311	0.571	0.348	0.5	0.733	0.5	0.2	0.667	0	0.333	0.125	0.2	0.667	0	1	0	0.352
8.719	0.939	0	0	0	9.538	0	0	0	0	2.874	0.939	0	0	0	0.911	0	0	0	0	0.889	0	0	0	0	0.333	0	0	0	0	0.667	0.8	0	0	0	0.333	0.4	0	0	0.4	0	0.580
7.311	0	18.356	0	4.419	9.671	1.794	25.119	0	9.964	5.478	1.794	8.637	0	5.453	0.848	0	0.522	0	0.689	0.8	0	0.482	0	0.622	0.7	0	0.429	0	0.5	0	0.2	0	0	0	0	0.2	0	0	0	0	0.446
0	0	0	0	1.094	0	0	0	0	2.072	0	0	0	0	2.072	0	0	0	0	1	0	0	0	0	1	0	0	0	0	1	0	0	0	0	0	0	0	0	0	0	0.556	0.153
0	2.997	0.852	0	0	0	2.011	0.852	0	0	0	2.997	0.852	0	0	0	0.333	0	0	0	0	1	0	0	0	0	0.333	0	0	0	0	0.143	0	0.2	0.8	0	0.429	0	0	0	0	0.747
1.961	6.191	0	1.858	14.876	2.776	5.077	0	1.858	18.694	1.737	3.556	0	0.939	14.193	1	0.714	0	0.333	0.556	1	0.933	0	1	0.48	0	0.333	0	0	0.319	0.4	0.889	0	0.667	0.889	0.4	0.444	0	0.667	0.778	0	0.616
0	0	0	0	0	0	0	0	0	0	0	0	0	0	0	0	0	0	0	0	0	0	0	0	0	0	0	0	0	0	0	0	0	0	0	0.6	0.2	0	0	0.333	0.42	0.841
0	0	0	0.791	0	0	0	0	0.791	0	0	0	0	0	0	0	0	0	0	0	0	0	0	0	0	0	0	0	0	0	0	0	0	0	0	0	0	0	0.25	0	0.555	0.247
0	0.852	0.794	0	0.787	0	0.852	0.794	0	0.787	0	0.852	0	0	0.787	0	0	0	0	0	0	0	0	0	0	0	0	0	0	0	0	0	0	0	0	0	0	0	0	0	0.417	0.234
5.108	17.601	25.902	22.323	0	4.565	17.756	31.847	27.401	0	6.28	10.766	9.051	15.159	0	0.722	0.498	0.347	0.365	0	0.9	0.503	0.322	0.325	0	0.429	0.378	0.286	0.181	0	0.4	0.2	0.889	0.25	0	0.4	0.4	0.667	0.25	0	0	0.283
7.16	0	0	5.738	1.15	8.005	0	0	6.584	0	2.1	0	0	2.671	1.15	0.786	0	0	0.556	0	0.714	0	0	0.857	0	0	0	0	0	0	0.5	0	0.6	0	0	0.75	0	1	0	0	0	0.583
0	0	0	0	0.848	0	0	0	0	0.848	0	0	0	0	0.848	0	0	0	0	0	0	0	0	0	0	0	0	0	0	0	0	0	0	0	0	0	0	0	0	0	0.299	0.626
0	1.348	0	0.899	0	0	0	0	0.899	0	0	1.348	0	0.899	0	0	0	0	0	0	0	0	0	0	0	0	0	0	0	0	0	0.4	0.2	0	0.375	0	0.4	0.2	0	0.625	0	0.400
0	4.166	8.455	2.408	0.816	0	2.485	10.158	1.618	0.816	0	4.253	3.77	1.619	0.816	0	0.533	0.6	0.333	0	0	0.667	0.527	1	0	0	0.4	0.167	0	0	0	0	0.444	0	0.2	0	0	0.111	0	0.2	0	0.496
1.004	13.107	3.475	0	2.408	0	14.495	2.562	0	1.618	1.004	5.064	3.578	0	1.619	0	0.6	0.8	0	0.333	0	0.61	1	0	1	0	0.3	0.667	0	0	0.2	0.333	0	0	0	0.2	0	0	0	0	0	0.526
0	0	0	0	7.311	0	0	1.794	0	9.671	0	0	1.794	0	5.478	0	0	0	0	0.848	0	0	0	0	0.8	0	0	0	0	0.7	0	0	0.2	0	0	0	0	0.2	0	0	0.557	0.421
21.285	12.903	4.771	9.894	1.015	21.946	20.01	7.055	12.777	2.027	15.28	11.218	6.315	10.246	2.182	0.443	0.573	0.822	0.714	0.667	0.458	0.544	0.81	0.712	1	0.348	0.311	0.733	0.571	0	0.667	0.5	0.333	0.2	0.25	0.667	0.125	1	0.2	0	0	0.355
0	0	2.553	0.848	7.995	3.695	3.635	5.458	4.934	11.552	3.695	2.535	4.501	4.022	8.058	0.667	0.333	0.467	0.3	0.545	0.667	0.333	0.5	0.3	0.545	0.333	0	0	0.167	0.179	0	0	0.25	0	0.75	0	0	0.25	0	0.25	0.415	0.552
0	0	1.094	0	0	0	0	2.072	0	0	0	0	2.072	0	0	0	0	1	0	0	0	0	1	0	0	0	0	1	0	0	0	0	0	0	0	0	0	0	0	0	0.415	0.154
0	0	0	0	0	0	0	0	0	0	0	0	0	0	0	0	0	0	0	0	0	0	0	0	0	0	0	0	0	0	0	0	0	0	0	0	0	0	0	0	0.198	0.959
0	0	0	0	0	0	0	0	0	0	0	0	0	0	0	0	0	0	0	0	0	0	0	0	0	0	0	0	0	0	0	0	0	0	0	0.2	0	0.6	0.6	0	0.117	0.775
0	0	7.311	0	18.356	1.794	0	9.671	0	25.119	1.794	0	5.478	0	8.637	0	0	0.848	0	0.522	0	0	0.8	0	0.482	0	0	0.7	0	0.429	0.2	0	0	0	0	0.2	0	0	0	0	0	0.535
3.507	0	0	0	0	2.516	0	0	0.8	0	3.493	0	0	0.8	0	0.4	0	0	0	0	0.333	0	0	0	0	0.333	0	0	0	0	0.8	0	0.6	0.2	0	0.2	0	0	0	0	0.556	0.569
1.015	4.771	14.801	21.285	0	2.027	7.055	13.609	21.946	0	2.182	6.315	10.958	15.28	0	0.667	0.822	0.655	0.443	0	1	0.81	0.744	0.458	0	0	0.733	0.4	0.348	0	0.25	0.333	0.667	0.667	0.4	0	1	0.667	0.667	0.4	0	0.644
0	0.815	0.939	10.998	8.719	0	0.815	0	11.974	9.538	0	0	0.939	5.988	2.874	0	0	0	0.59	0.911	0	0	0	0.667	0.889	0	0	0	0	0.333	0	0	0.8	0.4	0.667	0	0	0.4	0	0.333	0.298	0.167
0	0	0	0	0	0	0	0	0	0	0	0	0	0	0	0	0	0	0	0	0	0	0	0	0	0	0	0	0	0	0	0	0	0	0	0.333	0	0	0.6	0	0.893	0.895
0.816	0	5.738	0	0	0.816	1.04	6.584	0	0	0.816	1.986	2.671	0	0	0	0	0.556	0	0	0	0	0.857	0	0	0	0	0	0	0	0.25	0	0	0	0	0	0	0	0	0	0.417	0.285
0	0	0.848	0	0	0	0	0.848	0	0	0	0	0.848	0	0	0	0	0	0	0	0	0	0	0	0	0	0	0	0	0	0	0	0	0	0	0	0	0	0	0	0	0.473
0	8.775	0	0	0	0.796	9.77	0	0	0	0.796	0.995	0	0	0	0	0.909	0	0	0	0	0.891	0	0	0	0	0	0	0	0	0	0	0	0	0	0	0	0	0	0.2	0.117	0.160
0	0.791	0	0	0	0	0.791	0	0	0	0	0	0	0	0	0	0	0	0	0	0	0	0	0	0	0	0	0	0	0	0	0	0	0	0	0	0.25	0	0	0	0.299	0.321
1.348	0.899	0	0	0	0	0.899	0	0	0	1.348	0.899	0	0	0	0	0	0	0	0	0	0	0	0	0	0	0	0	0	0	0.4	0	0	0.333	0.2	0.4	0	0	0	0.2	0	0.582
26.957	1.706	0	0	0	32.338	3.415	0	0	0	3.849	1.736	0	0	0	0.363	0.9	0	0	0	0.326	0.667	0	0	0	0.333	1	0	0	0	0	0.25	0	0	0	0	0.25	0	0	0	0.9	0.343
0.852	0	0	0.862	0.794	0.852	0	0	0.862	0.794	0.852	0	0	0.862	0	0	0	0	0	0	0	0	0	0	0	0	0	0	0	0	0	0	0	0.286	0	0	0	0	0.286	0	0.296	0.226
