0	5.277	0.763	0	0	3.437	11.962	7.512	4.314	7.992	0	0	0	0	0	0.167	0.439	0.321	0.2	0.286	0.167	0.439	0.321	0.2	0.286	0	0	0	0	0	0	0	0.2	0	0	0	0	0	0	0	0.556	0.215
0	0.761	0	0	2.649	0	0.761	0	0	2.649	0	0	0	0	0	0	0	0	0	0.667	0	0	0	0	0.667	0	0	0	0	0	0.2	0	0	0	0	0	0.2	0	0	0	0.292	0.150
0.798	0	0	0	16.644	1.693	0	0	0	18.705	0	0	0	0	0	1	0	0	0	0.433	1	0	0	0	0.433	0	0	0	0	0	0	0.889	0.667	0	0	0	1	0.667	0	0.6	0.418	0.091
0	0	0	0	0	0	0	0	0.761	0	0	0	0	0	0	0	0	0	0	0	0	0	0	0	0	0	0	0	0	0	0	0	0	0	0.6	0	1	0	0	0.8	0.419	0.225
18.208	0	0	0	0	19.912	0	0	0	0	0	0	0	0	0	0.456	0	0	0	0	0.456	0	0	0	0	0	0	0	0	0	0.8	0.2	0.6	0	0	0.8	0.2	1	0	1	0	0.498
19.374	6.457	3.262	7.275	0	21.192	7.362	5.215	10.14	0	0	0	0	0	0	0.29	0.536	0.8	0.6	0	0.29	0.536	0.8	0.6	0	0	0	0	0	0	0	0.4	0	0.8	0	0	0	0.2	1	0	0	0.287
0	2.447	0	5.403	0.842	8.115	9.362	7.424	13.832	7.71	0	0	0	0	0	0.667	0.528	0.667	0.318	0.667	0.667	0.528	0.667	0.318	0.667	0	0	0	0	0	0.444	0	0	0.5	0	0	0	0	0	0	0.72	0.255
0.87	9.081	15.057	0	0	0.87	10.731	17.966	0	0	0	0	0	0	0	0	0.424	0.412	0	0	0	0.424	0.412	0	0	0	0	0	0	0	0	0	0.778	0	0	0	0.2	0	0	0	0.556	0.238
0	0.766	0	7.978	1.775	0	0.766	0	10.085	4.362	0	0	0	0	0	0	0	0	0.745	0.9	0	0	0	0.745	0.9	0	0	0	0	0	0.2	0.4	0	0	0	0	0	0	0	0	0.557	0.228
2.309	0	16.603	0	0	2.309	0	17.607	0.754	0	0	0	0	0	0	1	0	0.484	0	0	1	0	0.484	0	0	0	0	0	0	0	0.2	0	0.2	0.4	0	0	0.143	0.2	0.2	0	0	0.585
0	0	0	0.783	0.816	0	0	0	1.63	0.816	0	0	0	0	0	0	0	0	0	0	0	0	0	0	0	0	0	0	0	0	0	0	0	0	0	0	0	0	0	0	0.419	0.221
0.816	3.91	0	0	0	0.816	4.843	0	0	0	0	0	0	0	0	0	0.6	0	0	0	0	0.6	0	0	0	0	0	0	0	0	0.5	0	0	0	0.2	0.25	0	0	0.4	0.2	0	0.461
0	0	-1	0	-1	0	0	-1	0	-1	0	0	-1	0	-1	0	0	-1	0	-1	0	0	-1	0	-1	0	0	-1	0	-1	0	0	-1	0	-1	0	0	-1	0	-1	0.897	1.000
0	0	4.18	1.656	0	0	0	7.751	4.216	0	0	0	0	0	0	0	0	0.429	1	0	0	0	0.429	1	0	0	0	0	0	0	0	1	0	0.75	1	0	1	0	1	1	0.56	0.300
0	0	2.512	1.631	2.683	0	0	10.952	6.841	9.343	0	0	0	0	0	0	0	0.489	0.667	0.389	0	0	0.489	0.667	0.389	0	0	0	0	0	0	0	0	0	0	0	0	0	0	0	0.119	0.607
0	0	0.817	0	8.817	0.995	0	0.817	0	14.333	0	0	0	0	0	0	0	0	0	0.495	0	0	0	0	0.495	0	0	0	0	0	0.6	0.6	0.4	0	0.444	0.6	0.8	0	0	0.333	0	0.147
0	3.41	0	0	0.875	0	4.414	0	0	1.721	0	0	0	0	0	0	0.6	0	0	0	0	0.6	0	0	0	0	0	0	0	0	0	0.333	0	0	0.6	0	0	0	0	0.2	0.418	0.255
0	1.532	0	2.649	0	0	1.532	0	2.649	0	0	0	0	0	0	0	1	0	0.667	0	0	1	0	0.667	0	0	0	0	0	0	0.2	0	0.2	0	0	0	0	0.8	0	0	0	0.167
0	0	0	-1	0	0	0	0	-1	0	0	0	0	-1	0	0	0	0	-1	0	0	0	0	-1	0	0	0	0	-1	0	0	0	0	-1	0	0	0	0	-1	0	0.556	0.998
0	6.05	0.857	0	0	0	7.297	0.857	0	0	0	0	0	0	0	0	0.679	0	0	0	0	0.679	0	0	0	0	0	0	0	0	0	0	0	0	0.75	0	0	0.4	0	1	0	0.331
0	16.644	9.692	0	8.166	0	18.705	12.612	0	9.004	0	0	0	0	0	0	0.433	0.341	0	0.75	0	0.433	0.341	0	0.75	0	0	0	0	0	0	0	0.2	0.667	0.667	0	0.6	0.2	0.667	0.333	0	0.932
0	0	0	1.25	0	0	0.761	0	1.25	0	0	0	0	0	0	0	0	0	0	0	0	0	0	0	0	0	0	0	0	0	0	0	0	0	0	1	0	0	0	0	0.298	0.839
0	23.776	0	0	7.978	0	24.953	0	0	10.085	0	0	0	0	0	0	0.362	0	0	0.745	0	0.362	0	0	0.745	0	0	0	0	0	0	0.6	0	0	0	0	0	0	0	0	0.298	0.208
3.489	0	9.156	8.817	13.838	7.945	1.714	13.38	14.333	20.683	0	0	0	0	0	0.75	0	0.484	0.495	0.374	0.75	0	0.484	0.495	0.374	0	0	0	0	0	1	0.2	0	0.444	0	1	0.2	0	0.333	0	0.119	0.565
0	0	0	0	0	0	0	0	0	0	0	0	0	0	0	0	0	0	0	0	0	0	0	0	0	0	0	0	0	0	0	0	0	0	0	0	0	0.2	0	0	0.559	0.414
1.527	2.884	0	2.616	0	6.763	8.629	1.669	7.801	0.947	0	0	0	0	0	0.357	0.417	0	0.643	0	0.357	0.417	0	0.643	0	0	0	0	0	0	0	0	0	0	0	0	0	0	0	0	0.419	0.237
0	0	2.414	0.875	0.783	0	0	2.414	1.721	1.63	0	0	0	0	0	0	0	1	0	0	0	0	1	0	0	0	0	0	0	0	0	0	0.333	0.6	0	0	0	0.333	0.2	0	0.42	0.246
6.457	7.275	19.374	0	3.262	7.362	10.14	21.192	0	5.215	0	0	0	0	0	0.536	0.6	0.29	0	0.8	0.536	0.6	0.29	0	0.8	0	0	0	0	0	0.4	0.8	0	0.2	0	0	1	0	0.8	0.2	0	0.165
3.816	0	0	0	7.275	3.816	0	0	0	10.14	0	0	0	0	0	1	0	0	0	0.6	1	0	0	0	0.6	0	0	0	0	0	0	0	0.2	0.2	0.8	0.6	0.4	0.8	0.4	1	0	0.470
7.246	2.816	1.656	0	0	8.981	5.626	4.216	0	0	0	0	0	0	0	0.756	0.8	1	0	0	0.756	0.8	1	0	0	0	0	0	0	0	0	0.75	0.75	0	1	0	0.75	1	1	1	0	0.428
0	0	0	0	0	0.831	1.627	0	0.947	0	0	0	0	0	0	0	0	0	0	0	0	0	0	0	0	0	0	0	0	0	0	0.5	0	0	0	0	0	0	0	0	0.296	0.346
0.763	0	0	0.831	0	5.861	4.574	0	6.25	0	0	0	0	0	0	0.6	0.5	0	0.7	0	0.6	0.5	0	0.7	0	0	0	0	0	0	0	0.2	0	0.6	0	0	0	0	0	0	0.414	0.227
0	0	0	0.857	0.761	0	0	0	0.857	0.761	0	0	0	0	0	0	0	0	0	0	0	0	0	0	0	0	0	0	0	0	0	0.75	0	0	0	0	1	0	0.4	0.2	0	0.148
0	0	0.875	3.41	0	0	0	1.721	4.414	0	0	0	0	0	0	0	0	0	0.6	0	0	0	0	0.6	0	0	0	0	0	0	0	0	0.6	0.333	0	0	0	0.2	0	0	0	0.352
1.751	1.775	1.631	0	0	3.902	4.76	6.841	0	0	0	0	0	0	0	0.5	0.667	0.667	0	0	0.5	0.667	0.667	0	0	0	0	0	0	0	0.25	0.143	0	0	0	0	0	0	0	0	0.055	0.490
2.414	0	0.783	0	0	2.414	0	1.63	0	0	0	0	0	0	0	1	0	0	0	0	1	0	0	0	0	0	0	0	0	0	0.333	0	0	0	0	0.333	0	0	0	0	0.018	0.286
0	0	0	0	0	0	0	0	0	0	0	0	0	0	0	0	0	0	0	0	0	0	0	0	0	0	0	0	0	0	0	0	0	0	0	0	0	0	0	0	0.417	0.199
1.775	0	1.751	0	1.631	4.76	0	3.902	0	6.841	0	0	0	0	0	0.667	0	0.5	0	0.667	0.667	0	0.5	0	0.667	0	0	0	0	0	0.143	0	0.25	0	0	0	0	0	0.2	0	0.897	0.317
0	0	0	0	0	0	0	0	0	0	0	0	0	0	0	0	0	0	0	0	0	0	0	0	0	0	0	0	0	0	0	0	0	0	0	0	0	0	0	0.2	0.717	0.596
0	0	0	3.262	0	0	0	0	5.215	0	0	0	0	0	0	0	0	0	0.8	0	0	0	0	0.8	0	0	0	0	0	0	0	0	0	0	0	0	0	0	0.2	0	0.716	0.683
0	0	23.776	0	0	0	0	24.953	0	0	0	0	0	0	0	0	0	0.362	0	0	0	0	0.362	0	0	0	0	0	0	0	0	0	0.6	0	0	0	0	0	0	0	0.42	0.179
0	15.057	6.05	0.87	0	0	17.966	7.297	0.87	0	0	0	0	0	0	0	0.412	0.679	0	0	0	0.412	0.679	0	0	0	0	0	0	0	0	0.778	0	0	0	0	0	0	0	0	0	0.336
9.692	0	8.166	16.644	0	12.612	0	9.004	18.705	0.801	0	0	0	0	0	0.341	0	0.75	0.433	0	0.341	0	0.75	0.433	0	0	0	0	0	0	0.2	0	0.667	0	0.667	0.2	0	0.333	0.6	0.667	0	0.287
0	0	0	0	0.817	0	0	0.995	0	0.817	0	0	0	0	0	0	0	0	0	0	0	0	0	0	0	0	0	0	0	0	0.6	0	0.6	0	0.4	0.8	0	0.6	0	0	0.298	0.296
0	0	2.649	0.761	1.532	0	0	2.649	0.761	1.532	0	0	0	0	0	0	0	0.667	0	1	0	0	0.667	0	1	0	0	0	0	0	0	0.2	0	0	0	0	0	0	0.2	0	0	0.282
0	1.631	0	1.751	2.512	0	6.841	0	3.902	10.952	0	0	0	0	0	0	0.667	0	0.5	0.489	0	0.667	0	0.5	0.489	0	0	0	0	0	0	0	0	0.25	0	0	0	0	0	0	0.714	0.728
0	0	0.816	0	0	0	0	0.816	0	0	0	0	0	0	0	0	0	0	0	0	0	0	0	0	0	0	0	0	0	0	0	0	0	0	0.2	0	0	0	0	0.4	0	0.441
2.447	5.403	0	2.683	0	9.362	13.832	8.115	9.343	7.424	0	0	0	0	0	0.528	0.318	0.667	0.389	0.667	0.528	0.318	0.667	0.389	0.667	0	0	0	0	0	0	0.5	0.444	0	0	0	0	0	0	0	0	0.217
0	0	0	1.532	0	0	0	0	1.532	0	0	0	0	0	0	0	0	0	1	0	0	0	0	1	0	0	0	0	0	0	0.2	0.2	0	0	0.889	0.8	0	0	0	1	0	0.402
0	0	1.25	0	0	0.761	0	1.25	0	0.761	0	0	0	0	0	0	0	0	0	0	0	0	0	0	0	0	0	0	0	0	0.5	0.6	0	0.2	0	0.75	0.4	0	0.4	0	0.196	0.626
0	0	0	0.763	0.831	6.873	7.992	5.964	7.512	6.25	0	0	0	0	0	0.4	0.286	0.5	0.321	0.7	0.4	0.286	0.5	0.321	0.7	0	0	0	0	0	0	0	0	0.2	0.6	0	0	0	0	0	0.299	0.173
0	18.208	0	0	2.816	0	19.912	0	0	5.626	0	0	0	0	0	0	0.456	0	0	0.8	0	0.456	0	0	0.8	0	0	0	0	0	0.6	0.8	0	0.2	0.75	1	0.8	1	0.2	0.75	0	0.596
0	0	0	0	0	0	0	0	0	0	0	0	0	0	0	0	0	0	0	0	0	0	0	0	0	0	0	0	0	0	0	0	0	0	0	0	0	0	0	0	0.557	0.874
0.763	0	0	5.277	0	7.512	3.437	7.992	11.962	6.873	0	0	0	0	0	0.321	0.167	0.286	0.439	0.4	0.321	0.167	0.286	0.439	0.4	0	0	0	0	0	0.2	0	0	0	0	0	0	0	0	0	0.298	0.136
4.151	0	0	16.603	3.41	4.151	0	0	17.607	4.414	0	0	0	0	0	0.9	0	0	0.484	0.6	0.9	0	0	0.484	0.6	0	0	0	0	0	0	0	0	0.2	0.333	0	0	0	0.2	0	0.298	0.113
2.512	0	2.683	0	5.403	10.952	0	9.343	0	13.832	0	0	0	0	0	0.489	0	0.389	0	0.318	0.489	0	0.389	0	0.318	0	0	0	0	0	0	0	0	0	0.5	0	0	0	0	0	0.42	0.277
0	4.18	0	0	0	0	7.751	0.754	0	0	0	0	0	0	0	0	0.429	0	0	0	0	0.429	0	0	0	0	0	0	0	0	1	0	0.4	0	0	1	0	0.2	0	0.143	0	0.955
4.18	0	0	0	0	7.751	0	0	0	0.754	0	0	0	0	0	0.429	0	0	0	0	0.429	0	0	0	0	0	0	0	0	0	0	0	1	1	0.4	0	0	1	1	0.2	0.299	0.512
0.857	0	0	6.05	0	0.857	0	0	7.297	0	0	0	0	0	0	0	0	0	0.679	0	0	0	0	0.679	0	0	0	0	0	0	0	0	0.75	0	0	0.4	0	1	0	0	0	0.147
0.875	0	0	0	0	1.721	0	0	0	0	0	0	0	0	0	0	0	0	0	0	0	0	0	0	0	0	0	0	0	0	0.6	0	0	0	0	0.2	0	0	0	0	0.198	0.257
0	3.816	7.275	0	6.457	0	3.816	10.14	0	7.362	0	0	0	0	0	0	1	0.6	0	0.536	0	1	0.6	0	0.536	0	0	0	0	0	0.2	0	0.8	0	0.4	0.8	0.6	1	0.4	0	0	0.612
0	0	0	0	0	0	0.831	0	1.627	0	0	0	0	0	0	0	0	0	0	0	0	0	0	0	0	0	0	0	0	0	0	0	0	0.5	0	0	0	0	0	0.4	0.893	0.314
3.91	0	0.816	0	0	4.843	0	0.816	0	0	0	0	0	0	0	0.6	0	0	0	0	0.6	0	0	0	0	0	0	0	0	0	0	0	0.5	0	0	0	0.4	0.25	0	0	0	0.329
0	0	7.978	23.776	0.766	0	0	10.085	24.953	0.766	0	0	0	0	0	0	0	0.745	0.362	0	0	0	0.745	0.362	0	0	0	0	0	0	0	0	0	0.6	0.4	0	0	0	0	0	0.557	0.229
0	0	1.775	0.766	0	0	0	4.362	0.766	0	0	0	0	0	0	0	0	0.9	0	0	0	0	0.9	0	0	0	0	0	0	0	0	0.2	0	0.4	0	0	0	0	0	0	0.897	0.271
0	0.831	0.763	0	0	4.574	6.25	5.861	5.964	0	0	0	0	0	0	0.5	0.7	0.6	0.5	0	0.5	0.7	0.6	0.5	0	0	0	0	0	0	0.2	0.6	0	0	0	0	0	0	0	0	0	0.491
0.783	2.414	0	0	0	1.63	2.414	0	0	0	0	0	0	0	0	0	1	0	0	0	0	1	0	0	0	0	0	0	0	0	0	0.333	0	0	0	0	0.333	0	0	0	0.298	0.228
0	0	0	0	0	0	0	0	0	0	0	0	0	0	0	0	0	0	0	0	0	0	0	0	0	0	0	0	0	0	0	0	0	0	0	0	0	0	0	0	0.896	0.610
0	0	0	0	0	0	0	0	0	0	0	0	0	0	0	0	0	0	0	0	0	0	0	0	0	0	0	0	0	0	0	0	0	0	0	0	0	0	0	0	0.419	0.858
7.275	0	6.457	3.816	19.374	10.14	0	7.362	3.816	21.192	0	0	0	0	0	0.6	0	0.536	1	0.29	0.6	0	0.536	1	0.29	0	0	0	0	0	0.8	0.2	0.4	0	0	1	0.8	0	0.6	0	0	0.399
0	0	0	0.763	0	0	0	0	5.861	0	0	0	0	0	0	0	0	0	0.6	0	0	0	0	0.6	0	0	0	0	0	0	0	0	0	0	0	0	0	0	0	0	0	0.486
0.816	0	0	0	0	0.816	0	0	0	0	0	0	0	0	0	0	0	0	0	0	0	0	0	0	0	0	0	0	0	0	0	0	0.2	0	0	0	0	0.4	0	0.4	0.197	0.199
0.842	0	2.616	0	2.884	7.71	7.424	7.801	8.115	8.629	0	0	0	0	0	0.667	0.667	0.643	0.667	0.417	0.667	0.667	0.643	0.667	0.417	0	0	0	0	0	0	0	0	0.444	0	0	0	0	0	0	0.897	0.198
8.166	9.692	0	0	0	9.004	12.612	0.801	0	0	0	0	0	0	0	0.75	0.341	0	0	0	0.75	0.341	0	0	0	0	0	0	0	0	0.667	0.2	0.667	0	0.2	0.333	0.2	0.667	0	0.4	0	0.394
0	13.838	5.277	9.156	0	4.314	20.683	11.962	13.38	3.437	0	0	0	0	0	0.2	0.374	0.439	0.484	0.167	0.2	0.374	0.439	0.484	0.167	0	0	0	0	0	0	0	0	0	0	0	0	0	0	0	0.298	0.196
0	1.527	0	2.884	0	1.669	6.763	0.947	8.629	1.627	0	0	0	0	0	0	0.357	0	0.417	0	0	0.357	0	0.417	0	0	0	0	0	0	0	0	0	0	0.5	0	0	0	0	0	0.557	0.401
0	0	0.831	0	0	5.964	6.873	6.25	7.992	4.574	0	0	0	0	0	0.5	0.4	0.7	0.286	0.5	0.5	0.4	0.7	0.286	0.5	0	0	0	0	0	0	0	0.6	0	0.2	0	0	0	0	0	0.556	0.188
15.057	0.87	0	9.081	6.05	17.966	0.87	0	10.731	7.297	0	0	0	0	0	0.412	0	0	0.424	0.679	0.412	0	0	0.424	0.679	0	0	0	0	0	0.778	0	0	0	0	0	0	0	0.2	0	0.116	0.381
0	0.798	16.644	0	0	0	1.693	18.705	0	0	0	0	0	0	0	0	1	0.433	0	0	0	1	0.433	0	0	0	0	0	0	0	0.667	0	0	0.889	0	0.667	0	0.6	1	0	0.117	0.303
13.838	9.156	0	3.489	5.277	20.683	13.38	4.314	7.945	11.962	0	0	0	0	0	0.374	0.484	0.2	0.75	0.439	0.374	0.484	0.2	0.75	0.439	0	0	0	0	0	0	0	0	1	0	0	0	0	1	0	0.9	0.125
2.649	0	1.532	0	0	2.649	0	1.532	0	0	0	0	0	0	0	0.667	0	1	0	0	0.667	0	1	0	0	0	0	0	0	0	0	0	0	0.2	0.2	0	0	0	0	0	0.197	0.156
1.775	0	0	0	9.081	4.362	0	0	0	10.731	0	0	0	0	0	0.9	0	0	0	0.424	0.9	0	0	0	0.424	0	0	0	0	0	0	0	0	0.2	0	0	0	0	0	0.2	0.196	0.131
0	0	0	0	-1	0	0	0	0	-1	0	0	0	0	-1	0	0	0	0	-1	0	0	0	0	-1	0	0	0	0	-1	0	0	0	0	-1	0	0	0	0	-1	0.894	1.000
0	0	0	4.18	2.309	0.754	0	0	7.751	2.309	0	0	0	0	0	0	0	0	0.429	1	0	0	0	0.429	1	0	0	0	0	0	0.4	1	0	0	0.2	0.2	1	0.143	0	0	0.42	0.332
0	0	0	0	0	0	0	0	0	0	0	0	0	0	0	0	0	0	0	0	0	0	0	0	0	0	0	0	0	0	0	0	0	0	0	0	0	0	0	0	0.294	0.144
0	8.817	3.489	0.817	9.156	1.714	14.333	7.945	0.817	13.38	0	0	0	0	0	0	0.495	0.75	0	0.484	0	0.495	0.75	0	0.484	0	0	0	0	0	0.2	0.444	1	0.4	0	0.2	0.333	1	0	0	0.292	0.138
0	0.857	0	0	0	0	0.857	0	0	0	0	0	0	0	0	0	0	0	0	0	0	0	0	0	0	0	0	0	0	0	0.75	0	0	0	0	1	0.4	0	0	0	0	0.606
16.603	2.309	0	0	4.151	17.607	2.309	0	0	4.151	0	0	0	0	0	0.484	1	0	0	0.9	0.484	1	0	0	0.9	0	0	0	0	0	0.2	0.2	0	0	0	0.2	0	0	0.143	0	0	0.318
2.616	0.842	2.884	0	1.527	7.801	7.71	8.629	7.424	6.763	0	0	0	0	0	0.643	0.667	0.417	0.667	0.357	0.643	0.667	0.417	0.667	0.357	0	0	0	0	0	0	0	0	0	0	0	0	0	0	0	0.296	0.156
0	0	0	0	1.25	0	0	0.761	0.801	1.25	0	0	0	0	0	0	0	0	0	0	0	0	0	0	0	0	0	0	0	0	0.6	0.2	0.5	0.667	0	0.4	0.4	0.75	0.667	0	0	0.541
0	0	2.816	18.208	7.246	0	0	5.626	19.912	8.981	0	0	0	0	0	0	0	0.8	0.456	0.756	0	0	0.8	0.456	0.756	0	0	0	0	0	0	0.6	0.75	0.8	0	1	1	0.75	0.8	0	0	0.782
0	0	3.91	0	0.816	0	0	4.843	0	0.816	0	0	0	0	0	0	0	0.6	0	0	0	0	0.6	0	0	0	0	0	0	0	0	0	0	0	0.5	0.4	0	0	0	0.25	0.42	0.531
0	4.151	3.41	0	0	0	4.151	4.414	0	0	0	0	0	0	0	0	0.9	0.6	0	0	0	0.9	0.6	0	0	0	0	0	0	0	0	0	0.333	0	0	0	0	0	0	0	0	0.523
0	0	0	0	0	0	0	0	0	0.995	0	0	0	0	0	0	0	0	0	0	0	0	0	0	0	0	0	0	0	0	0	0	0.6	0	0.6	0	0	0.8	1	0.6	0	0.504
0	0	0	0	0	0	0	0	0	0	0	0	0	0	0	0	0	0	0	0	0	0	0	0	0	0	0	0	0	0	0	0	0	0	0	0	0	0	0	0	0.896	0.577
1.656	7.246	0	2.816	0	4.216	8.981	0	5.626	0	0	0	0	0	0	1	0.756	0	0.8	0	1	0.756	0	0.8	0	0	0	0	0	0	0.75	0	1	0.75	0	1	0	1	0.75	0	0	0.613
0	0	0	0	0	0	0	0	0	0	0	0	0	0	0	0	0	0	0	0	0	0	0	0	0	0	0	0	0	0	0	0	0	0	0	0	0	0	0	0	0	0.601
8.817	0.817	0	0	3.489	14.333	0.817	1.714	0.995	7.945	0	0	0	0	0	0.495	0	0	0	0.75	0.495	0	0	0	0.75	0	0	0	0	0	0.444	0.4	0.2	0.6	1	0.333	0	0.2	0.6	1	0.197	0.095
0	0	1.775	0	1.751	0	0	4.76	0	3.902	0	0	0	0	0	0	0	0.667	0	0.5	0	0	0.667	0	0.5	0	0	0	0	0	0	0	0.143	0	0.25	0	0.2	0	0	0	0.419	0.679
0	0	0	1.527	0	0.947	1.669	1.627	6.763	0.831	0	0	0	0	0	0	0	0	0.357	0	0	0	0	0.357	0	0	0	0	0	0	0	0	0.5	0	0	0	0	0	0	0	0.717	0.294
9.156	3.489	13.838	0	0	13.38	7.945	20.683	1.714	4.314	0	0	0	0	0	0.484	0.75	0.374	0	0.2	0.484	0.75	0.374	0	0.2	0	0	0	0	0	0	1	0	0.2	0	0	1	0	0.2	0	0.893	0.150
7.978	0	0.766	0	0	10.085	0	0.766	0	0	0	0	0	0	0	0.745	0	0	0	0	0.745	0	0	0	0	0	0	0	0	0	0	0	0.4	0	0.2	0	0	0	0	0	0	0.411
0	0	0.798	0	0	0	0	1.693	0	0	0	0	0	0	0	0	0	1	0	0	0	0	1	0	0	0	0	0	0	0	0.889	0	0	0.2	0.667	1	0	0	0.8	0.667	0.299	0.316
0	0	2.309	0	16.603	0	0.754	2.309	0	17.607	0	0	0	0	0	0	0	1	0	0.484	0	0	1	0	0.484	0	0	0	0	0	0	0.4	0.2	1	0.2	0.143	0.2	0	1	0.2	0.716	0.209
16.644	0	0	0.798	9.692	18.705	0	0	1.693	12.612	0	0	0	0	0	0.433	0	0	1	0.341	0.433	0	0	1	0.341	0	0	0	0	0	0	0.667	0	0	0.2	0.6	0.667	0	0	0.2	0.12	0.301
3.41	0	0	4.151	0	4.414	0	0	4.151	0	0	0	0	0	0	0.6	0	0	0.9	0	0.6	0	0	0.9	0	0	0	0	0	0	0.333	0	0	0	0	0	0	0	0	0	0.414	0.175
0	0	0	0	23.776	0	0	0	0	24.953	0	0	0	0	0	0	0	0	0	0.362	0	0	0	0	0.362	0	0	0	0	0	0	0	0	0	0.6	0	0	0	0	0	0.714	0.225
0	0	3.816	0.816	0	0	0	3.816	0.816	0	0	0	0	0	0	0	0	1	0	0	0	0	1	0	0	0	0	0	0	0	0	0.2	0	0	0.2	0.4	0.4	0.6	0	0.8	0	0.498
3.262	19.374	0	6.457	0	5.215	21.192	0	7.362	0	0	0	0	0	0	0.8	0.29	0	0.536	0	0.8	0.29	0	0.536	0	0	0	0	0	0	0	0	0	0.4	0	0.2	0	0	0	0	0.419	0.212
0	0	0	8.166	0	0	0.801	0	9.004	0.761	0	0	0	0	0	0	0	0	0.75	0	0	0	0	0.75	0	0	0	0	0	0	0.2	0.667	0.6	0.667	0.5	0.4	0.667	0.4	0.333	0.75	0	0.507
0	-1	0	-1	0	0	-1	0	-1	0	0	-1	0	-1	0	0	-1	0	-1	0	0	-1	0	-1	0	0	-1	0	-1	0	0	-1	0	-1	0	0	-1	0	-1	0	0.899	1.000
0	0	18.208	0.816	0	0	0	19.912	0.816	0	0	0	0	0	0	0	0	0.456	0	0	0	0	0.456	0	0	0	0	0	0	0	0.2	0	0.8	0.5	0.6	0.2	0	0.8	0.25	1	0	0.601
5.277	0	0	13.838	0.763	11.962	4.314	3.437	20.683	7.512	0	0	0	0	0	0.439	0.2	0.167	0.374	0.321	0.439	0.2	0.167	0.374	0.321	0	0	0	0	0	0	0	0	0	0.2	0	0	0	0	0	0.197	0.091
2.884	2.616	1.527	0.842	0	8.629	7.801	6.763	7.71	1.669	0	0	0	0	0	0.417	0.643	0.357	0.667	0	0.417	0.643	0.357	0.667	0	0	0	0	0	0	0	0	0	0	0	0	0	0	0	0	0.415	0.263
0	0.816	0	0	3.816	0	0.816	0	0	3.816	0	0	0	0	0	0	0	0	0	1	0	0	0	0	1	0	0	0	0	0	0.2	0	0	0	0	0.4	0	0.4	0	0.6	0	0.508
1.532	2.649	0	0	0	1.532	2.649	0	0	0	0	0	0	0	0	1	0.667	0	0	0	1	0.667	0	0	0	0	0	0	0	0	0	0	0.2	0	0.2	0	0	0	0	0.8	0.417	0.138
2.683	2.512	5.403	0	2.447	9.343	10.952	13.832	0	9.362	0	0	0	0	0	0.389	0.489	0.318	0	0.528	0.389	0.489	0.318	0	0.528	0	0	0	0	0	0	0	0.5	0	0	0	0	0	0	0	0.557	0.141
6.05	0	0	15.057	0.857	7.297	0	0	17.966	0.857	0	0	0	0	0	0.679	0	0	0.412	0	0.679	0	0	0.412	0	0	0	0	0	0	0	0	0	0.778	0	0	0	0	0	0.4	0	0.275
9.081	0	0.87	1.775	15.057	10.731	0	0.87	4.362	17.966	0	0	0	0	0	0.424	0	0	0.9	0.412	0.424	0	0	0.9	0.412	0	0	0	0	0	0	0	0	0	0.778	0.2	0	0	0	0	0.059	0.287
0	0	0.842	2.447	2.616	7.424	8.115	7.71	9.362	7.801	0	0	0	0	0	0.667	0.667	0.667	0.528	0.643	0.667	0.667	0.667	0.528	0.643	0	0	0	0	0	0	0.444	0	0	0	0	0	0	0	0	0.417	0.576
0	0.816	0	3.91	18.208	0	0.816	0	4.843	19.912	0	0	0	0	0	0	0	0	0.6	0.456	0	0	0	0.6	0.456	0	0	0	0	0	0	0.5	0.2	0	0.8	0	0.25	0.2	0	0.8	0	0.515
0	0	0	0	0.798	0	0	0	0	1.693	0	0	0	0	0	0	0	0	0	1	0	0	0	0	1	0	0	0	0	0	0	0.2	0.889	0.2	0	0	0.8	1	0	0	0.716	0.275
0	1.656	0	7.246	4.18	0	4.216	0	8.981	7.751	0	0	0	0	0	0	1	0	0.756	0.429	0	1	0	0.756	0.429	0	0	0	0	0	1	0.75	0	0	0	1	1	0	0	0	0	0.929
0	0	0	0	0	0	0	0	0	0	0	0	0	0	0	0	0	0	0	0	0	0	0	0	0	0	0	0	0	0	0	0	0	0	0	0	0	0	0	0	0.415	0.361
2.816	0	7.246	0	1.656	5.626	0	8.981	0	4.216	0	0	0	0	0	0.8	0	0.756	0	1	0.8	0	0.756	0	1	0	0	0	0	0	0.75	0	0	0.6	0.75	0.75	1	0	1	1	0	0.580
0	0	0	0	0	0	0	0	0	0	0	0	0	0	0	0	0	0	0	0	0	0	0	0	0	0	0	0	0	0	0	0	0	0	0	0	0	0	0	0	0.116	0.951
0	1.775	9.081	0	0.87	0	4.362	10.731	0	0.87	0	0	0	0	0	0	0.9	0.424	0	0	0	0.9	0.424	0	0	0	0	0	0	0	0	0	0	0	0	0	0	0.2	0	0	0.896	0.335
0	0	0	0	3.91	0	0	0	0.831	4.843	0	0	0	0	0	0	0	0	0	0.6	0	0	0	0	0.6	0	0	0	0	0	0	0	0	0	0	0	0	0.4	0	0	0.716	0.746
0	0.763	0	0	0	7.992	7.512	6.873	3.437	5.964	0	0	0	0	0	0.286	0.321	0.4	0.167	0.5	0.286	0.321	0.4	0.167	0.5	0	0	0	0	0	0	0.2	0	0	0	0	0	0	0	0	0	0.348
5.403	2.683	2.447	2.512	0	13.832	9.343	9.362	10.952	8.115	0	0	0	0	0	0.318	0.389	0.528	0.489	0.667	0.318	0.389	0.528	0.489	0.667	0	0	0	0	0	0.5	0	0	0	0.444	0	0	0	0	0	0.119	0.256
0.817	0	8.817	0	0	0.817	0.995	14.333	0	1.714	0	0	0	0	0	0	0	0.495	0	0	0	0	0.495	0	0	0	0	0	0	0	0.4	0.6	0.444	0.6	0.2	0	0.6	0.333	0.8	0.2	0.198	0.168
0	0	0	0	1.775	0	0	0	0	4.76	0	0	0	0	0	0	0	0	0	0.667	0	0	0	0	0.667	0	0	0	0	0	0	0	0	0	0.143	0.2	0	0	0	0	0.117	0.513
0	0	0	0	0	1.627	0.947	0.831	1.669	0	0	0	0	0	0	0	0	0	0	0	0	0	0	0	0	0	0	0	0	0	0.5	0	0	0	0	0	0	0	0	0	0.116	0.312
0	8.166	0	9.692	0	0.801	9.004	0	12.612	0	0	0	0	0	0	0	0.75	0	0.341	0	0	0.75	0	0.341	0	0	0	0	0	0	0.667	0.667	0.2	0.2	0.6	0.667	0.333	0.4	0.2	0.4	0	0.416
0	0	0.761	0	0	0	0	0.761	0	0	0	0	0	0	0	0	0	0	0	0	0	0	0	0	0	0	0	0	0	0	0	0	0	0.75	0.2	0	0	0.2	1	0	0.417	0.165
0	0.783	0	2.414	0	0	1.63	0	2.414	0	0	0	0	0	0	0	0	0	1	0	0	0	0	1	0	0	0	0	0	0	0	0	0	0.333	0	0	0	0	0.333	0	0.896	0.278
1.631	1.751	0	1.775	0	6.841	3.902	0	4.76	0	0	0	0	0	0	0.667	0.5	0	0.667	0	0.667	0.5	0	0.667	0	0	0	0	0	0	0	0.25	0	0.143	0	0	0	0	0	0	0.718	0.237
0	0.875	0	0	2.414	0	1.721	0	0	2.414	0	0	0	0	0	0	0	0	0	1	0	0	0	0	1	0	0	0	0	0	0	0.6	0	0	0.333	0	0.2	0	0	0.333	0.558	0.254
1.25	0	0	0	0	1.25	0.761	0.761	0	0	0	0	0	0	0	0	0	0	0	0	0	0	0	0	0	0	0	0	0	0	0	0.5	0	0.6	0	0	0.75	0	0.4	1	0.717	0.302
0.766	7.978	0	0	0	0.766	10.085	0	0	0	0	0	0	0	0	0	0.745	0	0	0	0	0.745	0	0	0	0	0	0	0	0	0.4	0	0.2	0	0	0	0	0	0	0	0	0.314
0	0	0	0	0	0	0	0	0	0	0	0	0	0	0	0	0	0	0	0	0	0	0	0	0	0	0	0	0	0	0	0	0	0	0	0	0	0	0	0	0.717	0.716
0	0.763	0	0	0	0	5.861	0	4.574	0	0	0	0	0	0	0	0.6	0	0.5	0	0	0.6	0	0.5	0	0	0	0	0	0	0	0	0	0.2	0	0	0	0	0	0	0.419	0.267
0	1.25	0	0	0	0.761	1.25	0	0.761	0	0	0	0	0	0	0	0	0	0	0	0	0	0	0	0	0	0	0	0	0	0	0	0	0.5	0	0	0	1	0.75	0	0.894	0.301
23.776	0	0	0	0	24.953	0	0	0	0	0	0	0	0	0	0.362	0	0	0	0	0.362	0	0	0	0	0	0	0	0	0	0.6	0	0	0	0	0	0	0	0	0	0	0.343
0	3.262	0	19.374	0	0	5.215	0	21.192	0	0	0	0	0	0	0	0.8	0	0.29	0	0	0.8	0	0.29	0	0	0	0	0	0	0	0	0	0	0	0	0.2	0	0	0	0.3	0.721
0.831	0	0	0	0.763	6.25	5.964	4.574	6.873	5.861	0	0	0	0	0	0.7	0.5	0.5	0.4	0.6	0.7	0.5	0.5	0.4	0.6	0	0	0	0	0	0.6	0	0.2	0	0	0	0	0	0	0	0.198	0.141
0	16.603	4.151	2.309	0	0	17.607	4.151	2.309	0	0	0	0	0	0	0	0.484	0.9	1	0	0	0.484	0.9	1	0	0	0	0	0	0	0	0.2	0	0.2	0	0	0.2	0	0	0	0.419	0.656
0.761	0	0	0	0	0.761	0	0	0	0	0	0	0	0	0	0	0	0	0	0	0	0	0	0	0	0	0	0	0	0	0	0	0.2	0	0	0.2	0	0	0	0	0.299	0.205
