0	1.278	9.202	1.976	2.854	0	1.278	11.45	1.976	2.854	0	0	8.529	0.97	1.819	0	0	0.618	1	0.667	0	0	0.618	1	0.667	0	0	0.286	0	0	0.25	0.4	0	0	0	0	0	0	0	0	0	0.711
0	15.645	0	2.747	4.783	0	16.389	0	2.747	6.718	0	5.269	0	1.848	3.832	0	0.509	0	1	0.714	0	0.463	0	1	0.619	0	0.4	0	1	0.333	0.5	1	0.6	0.667	0	0	0	0.8	0.556	0	0	0.921
0.902	0	0	0.893	9.696	3.849	0	0	1.792	15.651	3.849	0	0	1.792	8.96	0.667	0	0	1	0.375	0.667	0	0	0	0.342	0.667	0	0	1	0.361	0	0	0	0	0	0	0	0	0	0	0.896	0.151
0	2.893	15.999	7.648	6.429	0	6.236	20.381	11.995	9.489	1.054	5.241	13.231	9.253	5.822	0	0.8	0.421	0.727	0.511	0	0.733	0.374	0.636	0.511	0	0.4	0.244	0.389	0.2	0.4	0.4	0	0	0	0	0	0	0	0	0	0.431
0	3.64	0	0.907	11.062	3.147	10.237	4.741	7.168	20.291	6.27	8.431	4.741	6.261	13.271	0.4	0.422	0.5	0.333	0.351	1	0.378	0.5	0.286	0.281	0.4	0.393	0.5	0.333	0.379	0.333	0	0	0	0	1	0	0	0	0	0	0.590
0	0	0	10.786	0	0	0	0	8.869	0	0	0	0	4.889	0	0	0	0	0.727	0	0	0	0	0.694	0	0	0	0	0.6	0	0	0	0.4	0.2	0.2	0	0	0	0.2	0.4	0.418	0.177
0	0	0	0	0	0	0	0	0	0	0	0	0	0	0	0	0	0	0	0	0	0	0	0	0	0	0	0	0	0	0	0	0	0	0	0	0	0	0	0	0.419	0.443
0	5.157	0	0	0.909	0	5.157	0	0	0.909	0	1.134	0	0	0.909	0	0.9	0	0	0	0	0.9	0	0	0	0	0	0	0	0	0	0	0	0.4	0	0	0	0	0.2	0	0.296	0.175
0	13.671	13.613	0	0	0	16.044	19.959	0	0	0	13.185	15.094	0	0	0	0.389	0.389	0	0	0	0.308	0.311	0	0	0	0.308	0.286	0	0	0	0	0.4	0	0	0	0	0.2	0	0	0	0.458
0	0	0	0	0	0	0	0	0	0	0	0	0	0	0	0	0	0	0	0	0	0	0	0	0	0	0	0	0	0	0.4	0	0	0	0	0	0	0	0	0	0	0.266
0.904	0	0	0	3.657	1.953	0	0	0	4.707	1.05	0	0	0	1.05	1	0	0	0	0.5	1	0	0	0	0.5	0	0	0	0	0	0	0	0	0.2	0	0	0	0	0.2	0	0.059	0.199
0	0	4.731	25.507	0	0	0	5.692	26.744	0	0	0	3.755	8.471	0	0	0	0.8	0.391	0	0	0	0.8	0.36	0	0	0	0.5	0.214	0	1	1	0.6	0.75	0.75	1	1	0.6	0.875	0.625	0.117	0.994
0	0	0	0	0	0	0	0	0	0	0	0	0	0	0	0	0	0	0	0	0	0	0	0	0	0	0	0	0	0	0.333	0	1	0.2	0	0.333	0	1	0	0	0	0.345
9.014	0	10.786	0	0	12.038	0	8.869	0	0	4.981	0	4.889	0	0	0.455	0	0.727	0	0	0.424	0	0.694	0	0	0.6	0	0.6	0	0	0.286	0	0.2	0.75	0	0	0	0.2	0.5	0	0.418	0.304
0	0	0	0.955	0	0	0	0	0.955	0	0	0	0	0.955	0	0	0	0	0	0	0	0	0	0	0	0	0	0	0	0	0	0	0	0	0	0	0	0	0	0	0.716	0.236
0	0	0	0	0	0	0	0	0	0	0	0	0	0	0	0	0	0	0	0	0	0	0	0	0	0	0	0	0	0	0	0	0.4	0	0	0	0	0	0.2	0	0.418	0.219
0	0	0	0.941	0	0	0	0	0	0	0	0	0	0.941	0	0	0	0	0	0	0	0	0	0	0	0	0	0	0	0	0.667	0	0	0.4	1	1	0	0	0.2	1	0	0.962
9.202	0	2.854	1.278	4.849	11.45	0	2.854	1.278	4.906	8.529	0	1.819	0	2.948	0.618	0	0.667	0	0.8	0.618	0	0.667	0	0.9	0.286	0	0	0	0.333	0	0.25	0	0.4	0.2	0	0	0	0	0	0.419	0.218
0	4.783	0	0	0	0.905	6.718	0	0	0	0.905	3.832	0	0	0	0	0.714	0	0	0	0	0.619	0	0	0	0	0.333	0	0	0	0.2	0	0.571	0.6	1	0	0	1	0.8	1	0	0.528
0	2.059	23.12	0	0	0	4.004	27.194	0	0	0	1.945	9.003	0	0	0	0.833	0.22	0	0	0	0.833	0.209	0	0	0	1	0.056	0	0	0	0.125	0.222	1	1	0	0	0.111	1	1	0.018	0.544
0	0	0	1.858	0	0	0	0	0.917	0	0	0	0	0.941	0	0	0	0	0	0	0	0	0	0	0	0	0	0	0	0	0	0	1	0.2	0.2	0	0	1	0.2	0	0.557	0.334
0	15.562	0	18.701	0	0	17.822	0	21.18	0	0	8.025	0	6.61	0	0	0.405	0	0.4	0	0	0.392	0	0.371	0	0	0.214	0	0.333	0	0.2	0.2	0	0.667	0	0	0.2	0	1	0	0.415	0.231
0	0	0.94	0	0	0	0	0	0	0	0	0	0.94	0	0	0	0	0	0	0	0	0	0	0	0	0	0	0	0	0	0	0	1	0	0	0	0.2	1	0	0	0.195	0.285
2.985	0	0	0	0	6.179	0.896	0	0	0	5.288	0.896	0	0	0	0.6	0	0	0	0	0.6	0	0	0	0	0.3	0	0	0	0	0	0.333	0	0	0	0	0	0	0	0	0.716	0.108
0	0	0	0	0	0	0	0	0	0	0	0	0	0	0	0	0	0	0	0	0	0	0	0	0	0	0	0	0	0	0.2	1	1	0.2	0.75	0.2	1	1	0.2	0.75	0	0.610
2.059	0	0	0	23.12	4.004	0	0	0	27.194	1.945	0	0	0	9.003	0.833	0	0	0	0.22	0.833	0	0	0	0.209	1	0	0	0	0.056	0.125	1	0	0.571	0.222	0	1	0	1	0.111	0	0.373
15.999	0	6.429	2.893	14.665	20.381	0	9.489	6.236	14.455	13.231	1.054	5.822	5.241	10.407	0.421	0	0.511	0.8	0.448	0.374	0	0.511	0.733	0.486	0.244	0	0.2	0.4	0.311	0	0.4	0	0.4	0.25	0	0	0	0	0	0.3	0.254
0	0	0	0	0	0	0	0	0	0	0	0	0	0	0	0	0	0	0	0	0	0	0	0	0	0	0	0	0	0	1	0	0.2	0	0	1	0	0	0	0	0.298	0.981
0.955	0	0	0	0	0.955	0	0	0.932	0	0.955	0	0	0.932	0	0	0	0	0	0	0	0	0	0	0	0	0	0	0	0	0	0	0	0	0	0	0	0	0.333	0	0.118	0.188
0	7.758	0	9.583	2.985	0	12.009	0.896	11.804	6.179	0	4.251	0.896	2.221	5.288	0	0.5	0	0.5	0.6	0	0.47	0	0.47	0.6	0	0.333	0	1	0.3	0	0	0.333	0	0	0	0	0	0	0	0.715	0.185
3.657	0	0	0.904	0	4.707	0	0	1.953	0	1.05	0	0	1.05	0	0.5	0	0	1	0	0.5	0	0	1	0	0	0	0	0	0	0	0	0	0	0	0	0	0	0	0	0.299	0.123
5.157	0	0	0	0	5.157	0	0	0	0	1.134	0	0	0	0	0.9	0	0	0	0	0.9	0	0	0	0	0	0	0	0	0	0	0.4	0	0.25	0	0	0.2	0	1	0	0.419	0.381
13.671	0	0	0	13.613	16.044	0	0	0.948	19.959	13.185	0	0	1.875	15.094	0.389	0	0	1	0.389	0.308	0	0	0	0.311	0.308	0	0	1	0.286	0	0	0	0	0.4	0	0	0	0	0.2	0.417	0.190
17.622	0	2.112	0.94	9.583	18.783	0	4.162	0	11.804	6.084	0	2.049	0.94	2.221	0.447	0	0.833	0	0.5	0.421	0	0.833	0	0.47	0.2	0	1	0	1	0	0	0	1	0	0	0	0	1	0	0	0.351
0.893	2.884	0	5.762	0.902	1.792	5.069	0	7.709	3.849	1.792	4.168	0	4.908	3.849	1	0.9	0	0.821	0.667	0	0.7	0	0.75	0.667	1	0.667	0	0.7	0.667	0	0	0	0	0	0	0	0	0	0	0.716	0.072
0	0	0	0	0	0	0	0	0	0	0	0	0	0	0	0	0	0	0	0	0	0	0	0	0	0	0	0	0	0	0	0	0	0	0	0	0	0	0	0	0.556	0.664
15.562	18.701	0	0	0	17.822	21.18	0	0	0	8.025	6.61	0	0	0	0.405	0.4	0	0	0	0.392	0.371	0	0	0	0.214	0.333	0	0	0	0.2	0.667	0.2	0.5	0	0.2	1	0	0.75	0	0	0.475
0	0.955	0	0	0	0	0.955	0	0	0	0	0.955	0	0	0	0	0	0	0	0	0	0	0	0	0	0	0	0	0	0	0	0	0	0	0	0	0	0	0	0	0.294	0.485
0	0	0	0	0	0	0	0	0	0	0	0	0	0	0	0	0	0	0	0	0	0	0	0	0	0	0	0	0	0	0	0	0	0	0	0	0	0	0	0	0.42	0.743
0	0.899	0.907	0	3.64	3.189	4.014	7.168	1.877	10.237	4.269	4.014	6.261	1.877	8.431	0.333	0.667	0.333	0	0.422	0.333	0.667	0.286	0	0.378	0.333	0.667	0.333	0	0.393	0	0	0	0	0	0	0.2	0	0	0	0	0.322
10.786	9.014	0	0	0	8.869	12.038	0	0	0	4.889	4.981	0	0	0	0.727	0.455	0	0	0	0.694	0.424	0	0	0	0.6	0.6	0	0	0	0.2	0.286	0	0	0	0.2	0	0	0	0	0	0.687
0	0	0	0	0.94	0	0	0	0	0	0	0	0	0	0.94	0	0	0	0	0	0	0	0	0	0	0	0	0	0	0	0	0	0	0	1	0.2	0	0	0	1	0	0.511
9.57	0	1.941	19.287	0	12.902	0.905	4.832	22.758	0	5.396	1.9	3.909	8.39	0	0.474	0	0.6	0.366	0	0.436	0	0.4	0.316	0	0.8	0	0.667	0.5	0	0.143	0.2	0.2	0	0.2	0	0.2	0.2	0	0	0.299	0.444
0	0	0	-1	0	0	0	0	-1	0	0	0	0	-1	0	0	0	0	-1	0	0	0	0	-1	0	0	0	0	-1	0	0	0	0	-1	0	0	0	0	-1	0	0.718	0.991
0	0	0	2.985	0	0	0	0	6.179	0	0	0	0	5.288	0	0	0	0	0.6	0	0	0	0	0.6	0	0	0	0	0.3	0	0	0	0	0	0	0	0	0	0	0	0.418	0.090
0	0	0	0	0	0	0	0	0	0	0	0	0	0	0	0	0	0	0	0	0	0	0	0	0	0	0	0	0	0	0	0	0	0	0	0	0	0	0	0	0	0.676
1.278	1.976	0	1.005	9.202	1.278	1.976	0	1.005	11.45	0	0.97	0	1.005	8.529	0	1	0	0	0.618	0	1	0	0	0.618	0	0	0	0	0.286	0.4	0	0.25	0	0	0	0	0	0	0	0.198	0.343
0	0.904	3.657	0	0	0	1.953	4.707	0	0	0	1.05	1.05	0	0	0	1	0.5	0	0	0	1	0.5	0	0	0	0	0	0	0	0	0	0	0	0	0	0	0	0	0	0.419	0.265
9.696	0	24.943	0.902	19.287	15.651	0	26.595	3.849	22.758	8.96	0	10.269	3.849	8.39	0.375	0	0.241	0.667	0.366	0.342	0	0.219	0.667	0.316	0.361	0	0.244	0.667	0.5	0	0	0	0	0	0	0	0	0	0	0.897	0.243
18.701	0	15.562	0	0	21.18	0	17.822	0	0	6.61	0	8.025	0	0	0.4	0	0.405	0	0	0.371	0	0.392	0	0	0.333	0	0.214	0	0	0.667	0.5	0.2	0.2	0.2	1	0.75	0.2	0.2	0	0.117	0.579
0	0	0.955	0	0	0	0.932	0.955	0	0	0	0.932	0.955	0	0	0	0	0	0	0	0	0	0	0	0	0	0	0	0	0	0	0	0	0	0	0	0.333	0	0	0	0.72	0.158
0	0	0	0	0	0	0	0	0	0	0	0	0	0	0	0	0	0	0	0	0	0	0	0	0	0	0	0	0	0	1	0.2	0.2	1	1	1	0.2	0.2	1	1	0	0.995
0	0	0	0	0	0	0	0	0	0	0	0	0	0	0	0	0	0	0	0	0	0	0	0	0	0	0	0	0	0	0	0.667	1	0	0.2	0	1	1	0	0.2	0	0.548
0	0	0	0	0	0	0	0	0	0	0	0	0	0	0	0	0	0	0	0	0	0	0	0	0	0	0	0	0	0	0	1	1	0.333	0	0	1	1	0.333	0	0	0.502
0	23.12	0	0	1.87	0	27.194	0	0	3.065	0	9.003	0	0	1.195	0	0.22	0	0	1	0	0.209	0	0	1	0	0.056	0	0	0	1	0.222	1	0	0.333	1	0.111	1	0	0.333	0.117	0.965
0	0	0	0	0	0	0	0	0	0	0	0	0	0	0	0	0	0	0	0	0	0	0	0	0	0	0	0	0	0	0.2	1	0	0	0	0	1	0	0	0.2	0	0.388
0	2.785	0	0	0	0	2.785	0	0	0	0	2.785	0	0	0	0	0.333	0	0	0	0	0.333	0	0	0	0	0.333	0	0	0	1	0	0	0.75	0	1	0.667	0	0.625	0	0	0.985
0	0	0	0	0	0	0	0	0	0	0	0	0	0	0	0	0	0	0	0	0	0	0	0	0	0	0	0	0	0	0.2	0.4	0	0	0.286	0.4	0	0	0	0	0.198	0.353
0	0	0	0.909	0	0	0	0	0.909	0	0	0	0	0.909	0	0	0	0	0	0	0	0	0	0	0	0	0	0	0	0	0	0	0	0	0	0	0	0	0	0	0	0.314
6.429	15.999	14.665	0	0	9.489	20.381	14.455	0	0	5.822	13.231	10.407	1.054	0	0.511	0.421	0.448	0	0	0.511	0.374	0.486	0	0	0.2	0.244	0.311	0	0	0	0	0.25	0.4	0.75	0	0	0	0	0.5	0.419	0.160
0	0	0	0	12.76	0	0	0	0	12.773	0	0	0	0	1.893	0	0	0	0	0.462	0	0	0	0	0.474	0	0	0	0	0	0	0	0	0	0.4	0	0	0	0	0.6	0.416	0.213
0	13.613	1.158	0	5.762	0	19.959	3.084	0	7.709	0	15.094	3.084	0	4.908	0	0.389	1	0	0.821	0	0.311	0.667	0	0.75	0	0.286	1	0	0.7	0	0.4	0	0	0	0	0.2	0	0	0	0.556	0.201
0	0	0	0	0	0	0	0	0	0	0	0	0	0	0	0	0	0	0	0	0	0	0	0	0	0	0	0	0	0	0	0	0	0	0	0	0	0	0	0	0.897	0.998
11.062	0	10.203	0	2.905	20.291	4.741	12.205	3.147	7.127	13.271	4.741	10.768	6.27	9.291	0.351	0.5	0.36	0.4	0.527	0.281	0.5	0.364	1	0.571	0.379	0.5	0.311	0.4	0.417	0	0	0.2	0.333	0	0	0	0	1	0	0.419	0.178
0	0	0	0	0	0	0	0	0	0	0	0	0	0	0	0	0	0	0	0	0	0	0	0	0	0	0	0	0	0	0	0.4	0	0	0	0	0	0	0	0	0	0.367
0	0	4.783	15.645	0	0	0	6.718	16.389	0.905	0	0	3.832	5.269	0.905	0	0	0.714	0.509	0	0	0	0.619	0.463	0	0	0	0.333	0.4	0	0.6	0.5	0	1	0.2	0.8	0	0	0	0	0	0.853
1.976	1.005	1.278	0	0	1.976	1.005	1.278	0	0	0.97	1.005	0	0	0	1	0	0	0	0	1	0	0	0	0	0	0	0	0	0	0	0	0.4	0	0.25	0	0	0	0	0	0.555	0.255
0	0	0	0	0	0	0	0	0	0	0	0	0	0	0	0	0	0	0	0	0	0	0	0	0	0	0	0	0	0	0	0	0	0	0	0	0	0	0	0	0.556	0.607
0.907	0	3.64	0.899	0	7.168	3.189	10.237	4.014	3.147	6.261	4.269	8.431	4.014	6.27	0.333	0.333	0.422	0.667	0.4	0.286	0.333	0.378	0.667	1	0.333	0.333	0.393	0.667	0.4	0	0	0	0	0.333	0	0	0	0.2	1	0.415	0.143
0	0	0.941	0	0	0	0	0	0	0	0	0	0.941	0	0	0	0	0	0	0	0	0	0	0	0	0	0	0	0	0	1	0.111	0.4	0.2	0	1	0	0.2	0	0	0.417	0.993
1.851	3.748	1.889	1.86	6.947	3.752	5.809	6.67	8.839	12.123	8.751	8.459	6.67	8.839	8.374	0.667	0.711	0.857	0.583	0.621	0.833	0.6	0.619	0.444	0.515	0.5	0.571	0.619	0.5	0.536	0	0.571	0	0	0	0	0.143	0	0	0	0	0.383
13.613	0	0	13.671	1.158	19.959	0	0	16.044	3.084	15.094	0	0	13.185	3.084	0.389	0	0	0.389	1	0.311	0	0	0.308	0.667	0.286	0	0	0.308	1	0.4	0	0	0	0	0.2	0	0	0	0	0.298	0.245
0	0.921	0	11.684	6.857	0	1.874	0.896	12.623	8.755	0	1.874	0.896	2.027	1.898	0	1	0	0.603	0.75	0	1	0	0.538	0.75	0	0	0	0	0	0	1	0	0	0.2	0	0	0	0	0	0.015	0.404
0	0	0	0	0	0	0	0	0	0	0	0	0	0	0	0	0	0	0	0	0	0	0	0	0	0	0	0	0	0	0	0	0	0.4	0	0	0	0	0	0	0.557	0.356
0	0	18.701	7.781	15.562	0	0	21.18	11.756	17.822	0	0	6.61	3.975	8.025	0	0	0.4	0.515	0.405	0	0	0.371	0.5	0.392	0	0	0.333	0	0.214	0.5	0.2	0.667	0	0.2	0.75	0.2	1	0	0.2	0.417	0.672
0	0.893	0.902	2.884	0	0	1.792	3.849	5.069	0	0	1.792	3.849	4.168	0	0	1	0.667	0.9	0	0	0	0.667	0.7	0	0	1	0.667	0.667	0	0	0	0	0	0	0	0	0	0	0	0.557	0.136
0	0	0	0	0	0	0	0	0	1.877	0	0	0	0	1.877	0	0	0	0	0	0	0	0	0	0	0	0	0	0	0	0	0	0	0	0	0	0	0	0	0	0	0.459
0	0	0.909	5.157	0	0	0	0.909	5.157	0	0	0	0.909	1.134	0	0	0	0	0.9	0	0	0	0	0.9	0	0	0	0	0	0	0	0	0	0	0	0	0	0	0	0	0	0.544
0	0	-1	0	-1	0	0	-1	0	-1	0	0	-1	0	-1	0	0	-1	0	-1	0	0	-1	0	-1	0	0	-1	0	-1	0	0	-1	0	-1	0	0	-1	0	-1	0.899	0.999
0	0.909	0	0	0	0	0.909	0	0	0	0	0.909	0	0	0	0	0	0	0	0	0	0	0	0	0	0	0	0	0	0	0	0	0	0	0	0	0	0	0	0	0.418	0.341
0	0.94	17.622	0	2.112	0	0	18.783	0	4.162	0	0.94	6.084	0	2.049	0	0	0.447	0	0.833	0	0	0.421	0	0.833	0	0	0.2	0	1	0	1	0	0	0	0	1	0	0	0	0.294	0.482
0	10.786	0	9.014	0	0	8.869	0	12.038	0	0	4.889	0	4.981	0	0	0.727	0	0.455	0	0	0.694	0	0.424	0	0	0.6	0	0.6	0	0	0.2	0	0.286	0.4	0	0.2	0	0	0	0.415	0.261
0	25.423	25.507	0	0	0	30.24	26.744	0	0	0	7.939	8.471	0	0	0	0.349	0.391	0	0	0	0.324	0.36	0	0	0	0.476	0.214	0	0	0	0.6	0.75	0	1	0	1	0.875	0	1	0.897	0.287
0	0	0	0	0.899	0	0	1.877	0	4.014	0	0	1.877	0	4.014	0	0	0	0	0.667	0	0	0	0	0.667	0	0	0	0	0.667	0	0	0	0	0	0	0	0	0	0.2	0.557	0.245
0	0	0	0	0	0	0	0	0	0	0	0	0	0	0	0	0	0	0	0	0	0	0	0	0	0	0	0	0	0	0	0.2	0	1	0.2	0	0	0.2	1	0.2	0.556	0.140
0	0	0	0	5.157	0	0	0	0	5.157	0	0	0	0	1.134	0	0	0	0	0.9	0	0	0	0	0.9	0	0	0	0	0	0.25	0	0.4	0	0	1	0	0.2	0	0	0.196	0.817
0	0	0	0	0	0	0	0	0	0	0	0	0	0	0	0	0	0	0	0	0	0	0	0	0	0	0	0	0	0	1	0.2	0.75	1	0.25	1	0.2	0.75	1	0	0.117	0.951
0	0	0	0	0	0	0	0	0	0	0	0	0	0	0	0	0	0	0	0	0	0	0	0	0	0	0	0	0	0	0	0	0	0	0	0	0	0	0	0	0.554	0.556
23.12	0	0	2.059	0	27.194	0	0	4.004	0	9.003	0	0	1.945	0	0.22	0	0	0.833	0	0.209	0	0	0.833	0	0.056	0	0	1	0	0.222	0	1	0.125	1	0.111	0	1	0	1	0.414	0.245
0.94	0	0	0	17.622	0	0	0	0	18.783	0.94	0	0	0	6.084	0	0	0	0	0.447	0	0	0	0	0.421	0	0	0	0	0.2	1	0	0	0	0	1	0	0	0.2	0	0	0.391
0	0	0	0	1.858	0	0	0	0	0.917	0	0	0	0	0.941	0	0	0	0	0	0	0	0	0	0	0	0	0	0	0	0	0	0.5	0	0.2	0	0	1	0	0.2	0.415	0.274
0	0.941	0	0	0	0	0	0	0	0	0	0.941	0	0	0	0	0	0	0	0	0	0	0	0	0	0	0	0	0	0	0	0.4	0.667	1	0	0	0.2	1	1	0	0	0.601
0	0	0	0	0	0	0	0	0	0	0	0	0	0	0	0	0	0	0	0	0	0	0	0	0	0	0	0	0	0	0.2	1	1	0	0.2	0.2	1	1	0	0.2	0	0.648
0	0	0	1.941	0	0	0	0	4.832	0	0	0	0	3.909	0	0	0	0	0.6	0	0	0	0	0.4	0	0	0	0	0.667	0	0	0.2	0.333	0.2	1	0	0	0.333	0.2	1	0.296	0.304
0	0	0.904	0	0	0	0	1.953	0	0	0	0	1.05	0	0	0	0	1	0	0	0	0	1	0	0	0	0	0	0	0	0	0.2	0	0	0	0	0.2	0	0.2	0	0.9	0.287
0.941	0	0	0	0	0	0	0	0	0	0.941	0	0	0	0	0	0	0	0	0	0	0	0	0	0	0	0	0	0	0	0.4	1	0	0.111	0.667	0.2	1	0	0	1	0	0.527
14.665	6.429	0	15.999	0	14.455	9.489	0	20.381	0	10.407	5.822	0	13.231	0	0.448	0.511	0	0.421	0	0.486	0.511	0	0.374	0	0.311	0.2	0	0.244	0	0.25	0	0.75	0	0	0	0	0.5	0	0	0	0.473
0	0	2.985	7.758	0	0.896	0	6.179	12.009	0	0.896	0	5.288	4.251	0	0	0	0.6	0.5	0	0	0	0.6	0.47	0	0	0	0.3	0.333	0	0.333	0	0	0	0	0	0	0	0	0	0.893	0.272
1.158	0	5.762	13.613	2.884	3.084	0	7.709	19.959	5.069	3.084	0	4.908	15.094	4.168	1	0	0.821	0.389	0.9	0.667	0	0.75	0.311	0.7	1	0	0.7	0.286	0.667	0	0	0	0.4	0	0	0	0	0.2	0	0.299	0.352
0	0	0	0	0	0	0	0	0	0	0	0	0	0	0	0	0	0	0	0	0	0	0	0	0	0	0	0	0	0	0.2	0	0.111	0	1	0	0	0	0	1	0	0.545
0	0	0	0	0	0	0	0	0	0	0	0	0	0	0	0	0	0	0	0	0	0	0	0	0	0	0	0	0	0	0	0	0	0	0.2	0	0	0	0	0	0.557	0.197
0	0	0	0	0	0	0	0	0	0	0	0	0	0	0	0	0	0	0	0	0	0	0	0	0	0	0	0	0	0	0.286	0	0	0.2	0	0	0	0.2	0.4	0	0.299	0.290
19.287	24.943	0	9.696	9.57	22.758	26.595	0.905	15.651	12.902	8.39	10.269	1.9	8.96	5.396	0.366	0.241	0	0.375	0.474	0.316	0.219	0	0.342	0.436	0.5	0.244	0	0.361	0.8	0	0	0.2	0	0.143	0	0	0.2	0	0	0.294	0.456
0	0	0	0	0	0	0	0	0	0	0	0	0	0	0	0	0	0	0	0	0	0	0	0	0	0	0	0	0	0	0	0	0	0	1	0	0	0	0	1	0.195	0.205
10.515	0	1.908	0	2.747	7.59	0	2.807	0	2.747	7.991	0	2.807	0	1.848	0.773	0	1	0	1	0.714	0	1	0	1	0.464	0	0	0	1	0.2	0.25	0.8	0.75	0.667	0	0	0.4	0.75	0.556	0	0.578
0	0.891	7.781	6.857	0	0	0.891	11.756	8.755	0	0	0	3.975	1.898	0	0	0	0.515	0.75	0	0	0	0.5	0.75	0	0	0	0	0	0	0	0	0	0.2	0.2	0	0	0	0	0.2	0.417	0.245
0	10.915	0	6.947	13.671	0.948	11.773	0	12.123	16.044	1.875	11.69	0	8.374	13.185	1	0.449	0	0.621	0.389	0	0.409	0	0.515	0.308	1	0.436	0	0.536	0.308	0	0	0	0	0	0	0.8	0	0	0	0	0.398
0	4.849	7.648	2.854	2.893	0	4.906	11.995	2.854	6.236	0	2.948	9.253	1.819	5.241	0	0.8	0.727	0.667	0.8	0	0.9	0.636	0.667	0.733	0	0.333	0.389	0	0.4	0.375	0.2	0	0	0.4	0.125	0	0	0	0	0	0.730
0	0	0	0	0.904	0	0	0	0	1.953	0	0	0	0	1.05	0	0	0	0	1	0	0	0	0	1	0	0	0	0	0	0.2	0	0	0	0	0.2	0.2	0	0	0	0.42	0.451
25.423	0	0	0	25.507	30.24	0	0	0	26.744	7.939	0	0	0	8.471	0.349	0	0	0	0.391	0.324	0	0	0	0.36	0.476	0	0	0	0.214	0.6	0	0	0	0.75	1	0	0	0	0.875	0.898	0.594
0.921	11.684	0	12.76	0	1.874	12.623	0	12.773	0.896	1.874	2.027	0	1.893	0.896	1	0.603	0	0.462	0	1	0.538	0	0.474	0	0	0	0	0	0	1	0	0	0.4	0	0	0	0	0.6	0	0.558	0.512
0	0	11.062	3.64	10.203	4.741	3.147	20.291	10.237	12.205	4.741	6.27	13.271	8.431	10.768	0.5	0.4	0.351	0.422	0.36	0.5	1	0.281	0.378	0.364	0.5	0.4	0.379	0.393	0.311	0	0.333	0	0	0.2	0	1	0	0	0	0.419	0.201
0	0	0	0	0	0	0	0	0	0	0	0	0	0	0	0	0	0	0	0	0	0	0	0	0	0	0	0	0	0	0	1	0	0	0	0	1	0	0	0	0.419	0.343
0	0	5.157	0	0	0	0	5.157	0	0	0	0	1.134	0	0	0	0	0.9	0	0	0	0	0.9	0	0	0	0	0	0	0	0.4	0.25	0	0	0	0.2	1	0	0	0	0	0.613
0.899	0	0	0	0.907	4.014	1.877	3.189	0	7.168	4.014	1.877	4.269	0	6.261	0.667	0	0.333	0	0.333	0.667	0	0.333	0	0.286	0.667	0	0.333	0	0.333	0	0	0	0	0	0.2	0	0	0	0	0	0.361
0	0	9.014	14.665	10.786	0	0	12.038	14.455	8.869	0	0	4.981	10.407	4.889	0	0	0.455	0.448	0.727	0	0	0.424	0.486	0.694	0	0	0.6	0.311	0.6	0	0.75	0.286	0.25	0.2	0	0.5	0	0	0.2	0.557	0.177
7.648	0	2.893	4.849	0	11.995	0	6.236	4.906	0	9.253	0	5.241	2.948	1.054	0.727	0	0.8	0.8	0	0.636	0	0.733	0.9	0	0.389	0	0.4	0.333	0	0	0.375	0.4	0.2	0.4	0	0.125	0	0	0	0.418	0.299
0	0	0	1.87	0.955	0.932	0	0	3.065	0.955	0.932	0	0	1.195	0.955	0	0	0	1	0	0	0	0	1	0	0	0	0	0	0	0	0	0	0.333	0	0.333	0	0	0.333	0	0.893	0.165
0	0	0	0	0	0	0	0	0	0	0	0	0	0	0	0	0	0	0	0	0	0	0	0	0	0	0	0	0	0	0.4	0	0.2	0	0	0	0	0.4	0	0	0	0.627
1.005	0	1.976	0	1.278	1.005	0	1.976	0	1.278	1.005	0	0.97	0	0	0	0	1	0	0	0	0	1	0	0	0	0	0	0	0	0	0	0	0	0.4	0	0	0	0	0	0.298	0.170
0	0	0	0	0	0	0	0	0	0	0	0	0	0	0	0	0	0	0	0	0	0	0	0	0	0	0	0	0	0	0	0	0	1	0.5	0	0	0	1	1	0	0.251
6.947	1.889	10.915	1.851	0	12.123	6.67	11.773	3.752	0.948	8.374	6.67	11.69	8.751	1.875	0.621	0.857	0.449	0.667	1	0.515	0.619	0.409	0.833	0	0.536	0.619	0.436	0.5	1	0	0	0	0	0	0	0	0.8	0	0	0.056	0.280
0	0	0	2.785	0	0	0	0	2.785	0	0	0	0	2.785	0	0	0	0	0.333	0	0	0	0	0.333	0	0	0	0	0.333	0	0	1	0	0	0	0	1	0	0.667	0.2	0	0.423
0	0	0	0	0	0	0	0	0	0	0	0	0	0	0	0	0	0	0	0	0	0	0	0	0	0	0	0	0	0	0	0	0	0	0	0	0	0	0	0	0	0.384
0	0	0	0	0	0	0	0	0	0	0	0	0	0	0	0	0	0	0	0	0	0	0	0	0	0	0	0	0	0	0	0	0	0	0	0	0	0	0	0	0	0.534
2.785	0	0	4.731	0	2.785	0	0	5.692	0	2.785	0	0	3.755	0	0.333	0	0	0.8	0	0.333	0	0	0.8	0	0.333	0	0	0.5	0	0	0.75	1	0.6	0	0.667	0.625	1	0.6	0	0	0.446
1.941	9.57	0	0	0	4.832	12.902	0	0.905	0	3.909	5.396	0	1.9	0	0.6	0.474	0	0	0	0.4	0.436	0	0	0	0.667	0.8	0	0	0	0.2	0.143	0.2	0.2	0	0.2	0	0	0.2	0	0	0.291
0	0	29.096	0	0	0	0	23.914	0	0	0	0	12.228	0	0	0	0	0.335	0	0	0	0	0.283	0	0	0	0	0.303	0	0	0	0.2	0.333	0.2	0.6	0	0.2	0	0.2	0.6	0	0.640
0	0	6.857	0.921	0.891	0.896	0	8.755	1.874	0.891	0.896	0	1.898	1.874	0	0	0	0.75	1	0	0	0	0.75	1	0	0	0	0	0	0	0	0	0.2	1	0	0	0	0	0	0	0.415	0.218
0	0	2.059	0	0	0	0	4.004	0.905	0	0	0	1.945	0.905	0	0	0	0.833	0	0	0	0	0.833	0	0	0	0	1	0	0	1	0.571	0.125	0.2	0	1	1	0	0	0	0.12	0.960
0	0	1.87	23.12	0	0	0	3.065	27.194	0	0	0	1.195	9.003	0	0	0	1	0.22	0	0	0	1	0.209	0	0	0	0	0.056	0	1	1	0.333	0.222	0	1	1	0.333	0.111	0	0.556	0.935
0	0	1.858	0	0	0	0	0.917	0	0	0	0	0.941	0	0	0	0	0	0	0	0	0	0	0	0	0	0	0	0	0	0.5	0	0.2	0	0	1	0	0.2	0	0	0.3	0.831
0	0	0	0	0	0	0	0	0	0	0	0	0	0	0	0	0	0	0	0	0	0	0	0	0	0	0	0	0	0	0.2	1	0.2	0	0	0.2	1	0.2	0	0	0	0.627
0	0	0	0	0	0	0	0	0	0	0	0	0	0	0	0	0	0	0	0	0	0	0	0	0	0	0	0	0	0	1	0	0.2	0.667	0.2	1	0	0.2	1	0.2	0.117	0.980
0	0	0	0	0	0	0	0	0	0	0	0	0	0	0	0	0	0	0	0	0	0	0	0	0	0	0	0	0	0	1	0.333	0	0	1	1	0.333	0	0	1	0.419	0.981
0	0.902	9.696	0	24.943	0	3.849	15.651	0	26.595	0	3.849	8.96	0	10.269	0	0.667	0.375	0	0.241	0	0.667	0.342	0	0.219	0	0.667	0.361	0	0.244	0	0	0	0	0	0	0	0	0	0	0.718	0.163
2.905	10.203	1.86	11.062	3.748	7.127	12.205	8.839	20.291	5.809	9.291	10.768	8.839	13.271	8.459	0.527	0.36	0.583	0.351	0.711	0.571	0.364	0.444	0.281	0.6	0.417	0.311	0.5	0.379	0.571	0	0.2	0	0	0.571	0	0	0	0	0.143	0	0.309
0	7.781	0	0	18.701	0	11.756	0	0	21.18	0	3.975	0	0	6.61	0	0.515	0	0	0.4	0	0.5	0	0	0.371	0	0	0	0	0.333	0.2	0	0.5	0	0.667	0.2	0	0.75	0	1	0.298	0.503
0.891	6.857	0	0	7.781	0.891	8.755	0	0.896	11.756	0	1.898	0	0.896	3.975	0	0.75	0	0	0.515	0	0.75	0	0	0.5	0	0	0	0	0	0	0.2	0	0	0	0	0	0	0	0	0	0.310
0	0	0.899	0	0	1.877	0	4.014	0	3.189	1.877	0	4.014	0	4.269	0	0	0.667	0	0.333	0	0	0.667	0	0.333	0	0	0.667	0	0.333	0	0	0	0	0	0	0	0.2	0	0	0.556	0.229
0	0	0	0	0	0	0	0	0	0	0	0	0	0	0	0	0	0	0	0	0	0	0	0	0	0	0	0	0	0	0	0	0.2	0.2	0	0.2	0	0.2	0	0	0.718	0.544
4.849	2.854	0	9.202	7.648	4.906	2.854	0	11.45	11.995	2.948	1.819	0	8.529	9.253	0.8	0.667	0	0.618	0.727	0.9	0.667	0	0.618	0.636	0.333	0	0	0.286	0.389	0.2	0	0.375	0	0	0	0	0.125	0	0	0	0.419
11.684	12.76	0.921	0	0	12.623	12.773	1.874	0	0	2.027	1.893	1.874	0	0	0.603	0.462	1	0	0	0.538	0.474	1	0	0	0	0	0	0	0	0	0.4	1	0	0	0	0.6	0	0	0	0.717	0.178
0	-1	0	-1	0	0	-1	0	-1	0	0	-1	0	-1	0	0	-1	0	-1	0	0	-1	0	-1	0	0	-1	0	-1	0	0	-1	0	-1	0	0	-1	0	-1	0	0.899	0.999
0.909	0	0	0	0	0.909	0	0	0	0	0.909	0	0	0	0	0	0	0	0	0	0	0	0	0	0	0	0	0	0	0	0	0	0	0	0	0	0	0	0	0	0	0.253
2.893	7.648	0	0	15.999	6.236	11.995	0	0	20.381	5.241	9.253	1.054	0	13.231	0.8	0.727	0	0	0.421	0.733	0.636	0	0	0.374	0.4	0.389	0	0	0.244	0.4	0	0.4	0.375	0	0	0	0	0.125	0	0	0.269
0	0	0	0	0	0	0	0	0	0	0	0	0	0	0	0	0	0	0	0	0	0	0	0	0	0	0	0	0	0	0	0	0	0	0	0	0	0	0	0	0	0.299
0	1.87	0	0	0	0	3.065	0.932	0	0	0	1.195	0.932	0	0	0	1	0	0	0	0	1	0	0	0	0	0	0	0	0	0	0.333	0	1	0	0	0.333	0.333	1	0	0.715	0.214
1.889	1.851	6.947	3.748	10.915	6.67	3.752	12.123	5.809	11.773	6.67	8.751	8.374	8.459	11.69	0.857	0.667	0.621	0.711	0.449	0.619	0.833	0.515	0.6	0.409	0.619	0.5	0.536	0.571	0.436	0	0	0	0.571	0	0	0	0	0.143	0.8	0.298	0.189
0	0	0	0	0.941	0	0	0	0	0	0	0	0	0	0.941	0	0	0	0	0	0	0	0	0	0	0	0	0	0	0	0.111	0.2	1	0	0.4	0	0	1	0	0.2	0.298	0.213
0	0	0	0	0	0	0	0	0	0	0	0	0	0	0	0	0	0	0	0	0	0	0	0	0	0	0	0	0	0	0	0	0.2	0	0.111	0	0	0	0	0	0.415	0.235
0	0	0	0	0	0	0	0	0	0	0	0	0	0	0	0	0	0	0	0	0	0	0	0	0	0	0	0	0	0	0	0	0	0	0	0	0	0	0	0	0.9	0.993
1.87	0	0	0	0	3.065	0	0	0	0.932	1.195	0	0	0	0.932	1	0	0	0	0	1	0	0	0	0	0	0	0	0	0	0.333	1	0	1	0	0.333	1	0	1	0.333	0.117	0.287
7.758	9.583	0	2.112	0	12.009	11.804	0	4.162	0.896	4.251	2.221	0	2.049	0.896	0.5	0.5	0	0.833	0	0.47	0.47	0	0.833	0	0.333	1	0	1	0	0	0	0	0	0.333	0	0	0	0	0	0	0.183
2.747	1.908	15.645	10.515	0	2.747	2.807	16.389	7.59	0	1.848	2.807	5.269	7.991	0	1	1	0.509	0.773	0	1	1	0.463	0.714	0	1	0	0.4	0.464	0	0.667	0.8	1	0.2	0.5	0.556	0.4	0	0	0	0	0.622
6.857	0	0.891	0	0	8.755	0.896	0.891	0	0	1.898	0.896	0	0	0	0.75	0	0	0	0	0.75	0	0	0	0	0	0	0	0	0	0.2	0	0	0	0	0	0	0	0	0	0	0.346
0	0	0	0	0	0	0	0	0	0	0	0	0	0	0	0	0	0	0	0	0	0	0	0	0	0	0	0	0	0	0	0	0	0	0	0	0	0	0	0	0.898	0.933
0	4.731	2.785	0	0	0	5.692	2.785	0	0	0	3.755	2.785	0	0	0	0.8	0.333	0	0	0	0.8	0.333	0	0	0	0.5	0.333	0	0	0.75	0.6	0	1	1	0.625	0.6	0.667	1	1	0	0.887
4.731	0	0	0	2.785	5.692	0	0	0	2.785	3.755	0	0	0	2.785	0.8	0	0	0	0.333	0.8	0	0	0	0.333	0.5	0	0	0	0.333	0.6	1	0.75	1	0	0.6	1	0.625	1	0.667	0.198	0.492
0	0	0	0	0	0	0	0	0	0	0	0	0	0	0	0	0	0	0	0	0	0	0	0	0	0	0	0	0	0	0	0	0	1	0	0	0	0.2	1	0	0	0.589
1.858	0	0	0	0	0.917	0	0	0	0	0.941	0	0	0	0	0	0	0	0	0	0	0	0	0	0	0	0	0	0	0	0.2	0.5	0	0	0	0.2	1	0	0	0	0	0.514
0	2.985	0	0	0	0	6.179	0	0.896	0	0	5.288	0	0.896	0	0	0.6	0	0	0	0	0.6	0	0	0	0	0.3	0	0	0	0	0	0	0.333	0	0	0	0	0	0	0.556	0.226
25.507	0	0	25.423	0	26.744	0	0	30.24	0	8.471	0	0	7.939	0	0.391	0	0	0.349	0	0.36	0	0	0.324	0	0.214	0	0	0.476	0	0.75	0	1	0.6	1	0.875	0	1	1	1	0.9	0.521
0	3.657	0	0	0	0	4.707	0	0	0	0	1.05	0	0	0	0	0.5	0	0	0	0	0.5	0	0	0	0	0	0	0	0	0	0	0	0	0	0	0	0	0	0	0.56	0.317
0	0	0	29.096	0	0	0	0	23.914	0	0	0	0	12.228	0	0	0	0	0.335	0	0	0	0	0.283	0	0	0	0	0.303	0	0	0.6	0	0.333	0.25	0	0.6	0	0	1	0	0.281
2.854	9.202	4.849	0	0	2.854	11.45	4.906	0	0	1.819	8.529	2.948	0	0	0.667	0.618	0.8	0	0	0.667	0.618	0.9	0	0	0	0.286	0.333	0	0	0	0	0.2	0.25	0.375	0	0	0	0	0.125	0.419	0.218
2.884	5.762	0.893	1.158	0	5.069	7.709	1.792	3.084	0	4.168	4.908	1.792	3.084	0	0.9	0.821	1	1	0	0.7	0.75	0	0.667	0	0.667	0.7	1	1	0	0	0	0	0	0	0	0	0	0	0	0.557	0.170
2.112	17.622	9.583	0	7.758	4.162	18.783	11.804	0	12.009	2.049	6.084	2.221	0	4.251	0.833	0.447	0.5	0	0.5	0.833	0.421	0.47	0	0.47	1	0.2	1	0	0.333	0	0	0	0	0	0	0	0	0	0	0.419	0.198
0	0	0	0	0	0	0	0	0	0	0	0	0	0	0	0	0	0	0	0	0	0	0	0	0	0	0	0	0	0	1	0	0	1	0	1	0	0	1	0	0.42	0.986
0	0	10.515	0	1.908	0	0	7.59	0	2.807	0	0	7.991	0	2.807	0	0	0.773	0	1	0	0	0.714	0	1	0	0	0.464	0	0	0.25	0.75	0.2	1	0.8	0	0.75	0	1	0.4	0	0.530
4.783	0	0	0	0	6.718	0	0.905	0	0	3.832	0	0.905	0	0	0.714	0	0	0	0	0.619	0	0	0	0	0.333	0	0	0	0	0	0.6	0.2	0.5	0.571	0	0.8	0	0	1	0	0.510
0	19.287	9.57	24.943	1.941	0.905	22.758	12.902	26.595	4.832	1.9	8.39	5.396	10.269	3.909	0	0.366	0.474	0.241	0.6	0	0.316	0.436	0.219	0.4	0	0.5	0.8	0.244	0.667	0.2	0	0.143	0	0.2	0.2	0	0	0	0.2	0	0.553
29.096	0	0	0	0	23.914	0	0	0	0	12.228	0	0	0	0	0.335	0	0	0	0	0.283	0	0	0	0	0.303	0	0	0	0	0.333	0	0.6	0.2	0	0	0	0.6	0.2	0	0	0.262
10.203	11.062	2.905	0	1.86	12.205	20.291	7.127	4.741	8.839	10.768	13.271	9.291	4.741	8.839	0.36	0.351	0.527	0.5	0.583	0.364	0.281	0.571	0.5	0.444	0.311	0.379	0.417	0.5	0.5	0.2	0	0	0	0	0	0	0	0	0	0	0.391
0	0	0	15.562	25.423	0	0	0	17.822	30.24	0	0	0	8.025	7.939	0	0	0	0.405	0.349	0	0	0	0.392	0.324	0	0	0	0.214	0.476	0	0.2	0	0.2	0.6	0	0	0	0.2	1	0.557	0.272
3.748	1.86	1.851	2.905	1.889	5.809	8.839	3.752	7.127	6.67	8.459	8.839	8.751	9.291	6.67	0.711	0.583	0.667	0.527	0.857	0.6	0.444	0.833	0.571	0.619	0.571	0.5	0.5	0.417	0.619	0.571	0	0	0	0	0.143	0	0	0	0	0.418	0.416
0	0	0	0	0	0	0	0	0	0	0	0	0	0	0	0	0	0	0	0	0	0	0	0	0	0	0	0	0	0	0	0	0	0	0	0	0	0	0	0	0.717	0.827
0	0	0	0	0	0	0	0	0	0	0	0	0	0	0	0	0	0	0	0	0	0	0	0	0	0	0	0	0	0	0	0	1	0	0.2	0	0	1	0	0.2	0	0.526
0	0	0	0	0	0	0	0	0	0	0	0	0	0	0	0	0	0	0	0	0	0	0	0	0	0	0	0	0	0	0	0.286	0	0	0	0.2	0	0	0	0	0	0.414
0	0	0	0	0	0	0	0	0	0	0	0	0	0	0	0	0	0	0	0	0	0	0	0	0	0	0	0	0	0	0	0.2	0.286	0.4	0	0	0.4	0	0	0.2	0.56	0.203
12.76	0	11.684	0	0.921	12.773	0	12.623	0	1.874	1.893	0	2.027	0	1.874	0.462	0	0.603	0	1	0.474	0	0.538	0	1	0	0	0	0	0	0.4	0	0	0	1	0.6	0	0	0	0	0.198	0.357
0	0	1.005	0	1.976	0	0	1.005	0	1.976	0	0	1.005	0	0.97	0	0	0	0	1	0	0	0	0	1	0	0	0	0	0	0	0	0	0	0	0	0	0	0	0	0	0.442
24.943	9.696	19.287	0	0	26.595	15.651	22.758	0	0.905	10.269	8.96	8.39	0	1.9	0.241	0.375	0.366	0	0	0.219	0.342	0.316	0	0	0.244	0.361	0.5	0	0	0	0	0	0	0.2	0	0	0	0	0.2	0.2	0.276
3.64	0.907	0	0	0	10.237	7.168	3.147	3.189	4.741	8.431	6.261	6.27	4.269	4.741	0.422	0.333	0.4	0.333	0.5	0.378	0.286	1	0.333	0.5	0.393	0.333	0.4	0.333	0.5	0	0	0.333	0	0	0	0	1	0	0	0.419	0.166
0	0	0	0	10.515	0	0	0	0	7.59	0	0	0	0	7.991	0	0	0	0	0.773	0	0	0	0	0.714	0	0	0	0	0.464	0.75	1	0.25	0.2	0.2	0.75	1	0	0.2	0	0	0.934
0	0	0	3.657	0	0	0	0	4.707	0	0	0	0	1.05	0	0	0	0	0.5	0	0	0	0	0.5	0	0	0	0	0	0	0	0	0	0	0	0	0	0	0	0	0.418	0.223
0	0	0	0	0	0	0	0	0	0	0	0	0	0	0	0	0	0	0	0	0	0	0	0	0	0	0	0	0	0	0	0	0	0	0	0	0	0	0	0	0.893	0.968
0	0	25.423	0	0	0	0	30.24	0	0	0	0	7.939	0	0	0	0	0.349	0	0	0	0	0.324	0	0	0	0	0.476	0	0	0	0	0.6	0.2	0	0	0	1	0	0	0.56	0.355
0	0	0	0	0	0	0	0	0	0	0	0	0	0	0	0	0	0	0	0	0	0	0	0	0	0	0	0	0	0	0	0	0	0	0	0	0	0	0	0	0.558	0.952
0	0	0	0	0	0	0	0	0	0	0	0	0	0	0	0	0	0	0	0	0	0	0	0	0	0	0	0	0	0	0	0	0.25	0.6	0.4	0	0	1	0.6	0.2	0.417	0.404
9.583	2.112	7.758	17.622	0	11.804	4.162	12.009	18.783	0	2.221	2.049	4.251	6.084	0	0.5	0.833	0.5	0.447	0	0.47	0.833	0.47	0.421	0	1	1	0.333	0.2	0	0	0	0	0	0	0	0	0	0	0	0.415	0.233
0	0	0	0	0	0	0	0	0	0	0	0	0	0	0	0	0	0	0	0	0	0	0	0	0	0	0	0	0	0	0	0	0	0	0	0	0	0	0	0	0.292	0.400
15.645	2.747	0	1.908	0	16.389	2.747	0	2.807	0	5.269	1.848	0	2.807	0	0.509	1	0	1	0	0.463	1	0	1	0	0.4	1	0	0	0	1	0.667	0.5	0.8	0.6	0	0.556	0	0.4	0.8	0	0.524
0	25.507	0	0	4.731	0	26.744	0	0	5.692	0	8.471	0	0	3.755	0	0.391	0	0	0.8	0	0.36	0	0	0.8	0	0.214	0	0	0.5	1	0.75	1	0	0.6	1	0.875	1	0	0.6	0.714	0.915
5.762	1.158	2.884	0	0.893	7.709	3.084	5.069	0	1.792	4.908	3.084	4.168	0	1.792	0.821	1	0.9	0	1	0.75	0.667	0.7	0	0	0.7	1	0.667	0	1	0	0	0	0	0	0	0	0	0	0	0.059	0.368
0	1.941	0	9.57	0	0	4.832	0	12.902	0	0	3.909	0	5.396	0	0	0.6	0	0.474	0	0	0.4	0	0.436	0	0	0.667	0	0.8	0	0.2	0.2	0	0.143	0.333	0	0.2	0	0	0.333	0	0.506
0	0	0	0	0	0	0	0	0	0	0	0	0	0	0	0	0	0	0	0	0	0	0	0	0	0	0	0	0	0	0	0	0	0.286	0.4	0	0.2	0	0	0	0.419	0.144
0	29.096	0	0	0	0	23.914	0	0	0	0	12.228	0	0	0	0	0.335	0	0	0	0	0.283	0	0	0	0	0.303	0	0	0	0.6	0.333	0	0	0	0.6	0	0	0	0	0	0.632
0	14.665	0	6.429	9.014	0	14.455	0	9.489	12.038	0	10.407	0	5.822	4.981	0	0.448	0	0.511	0.455	0	0.486	0	0.511	0.424	0	0.311	0	0.2	0.6	0.75	0.25	0	0	0.286	0.5	0	0	0	0	0.294	0.871
0	0	0	0	0	0	0	0	0	0	0	0	0	0	0	0	0	0	0	0	0	0	0	0	0	0	0	0	0	0	1	0	0.2	0	1	1	0	0.2	0	1	0.196	0.938
10.915	6.947	0	1.889	0	11.773	12.123	0.948	6.67	0	11.69	8.374	1.875	6.67	0	0.449	0.621	1	0.857	0	0.409	0.515	0	0.619	0	0.436	0.536	1	0.619	0	0	0	0	0	0	0.8	0	0	0	0	0.298	0.445
0	0	13.671	10.915	0	0	0.948	16.044	11.773	0	0	1.875	13.185	11.69	0	0	1	0.389	0.449	0	0	0	0.308	0.409	0	0	1	0.308	0.436	0	0	0	0	0	0	0	0	0	0.8	0	0.42	0.234
0	1.858	0	0	0	0	0.917	0	0	0	0	0.941	0	0	0	0	0	0	0	0	0	0	0	0	0	0	0	0	0	0	0	0.2	0	0.5	1	0	0.2	0	1	1	0	0.244
1.908	10.515	2.747	0	15.645	2.807	7.59	2.747	0	16.389	2.807	7.991	1.848	0	5.269	1	0.773	1	0	0.509	1	0.714	1	0	0.463	0	0.464	1	0	0.4	0.8	0.2	0.667	0.25	1	0.4	0	0.556	0	0	0	0.716
0	0	0	0	-1	0	0	0	0	-1	0	0	0	0	-1	0	0	0	0	-1	0	0	0	0	-1	0	0	0	0	-1	0	0	0	0	-1	0	0	0	0	-1	0.899	0.999
0	0	0	0	29.096	0	0	0	0	23.914	0	0	0	0	12.228	0	0	0	0	0.335	0	0	0	0	0.283	0	0	0	0	0.303	0.2	0.2	0	1	0.333	0.2	0.2	0	1	0	0	0.514
1.86	2.905	3.748	10.203	1.851	8.839	7.127	5.809	12.205	3.752	8.839	9.291	8.459	10.768	8.751	0.583	0.527	0.711	0.36	0.667	0.444	0.571	0.6	0.364	0.833	0.5	0.417	0.571	0.311	0.5	0	0	0.571	0.2	0	0	0	0.143	0	0	0.557	0.187
0	0	12.76	0	11.684	0	0	12.773	0	12.623	0	0	1.893	0	2.027	0	0	0.462	0	0.603	0	0	0.474	0	0.538	0	0	0	0	0	0	0	0.4	0	0	0	0	0.6	0	0	0.717	0.221
0	0	0	0	1.005	0	0	0	0	1.005	0	0	0	0	1.005	0	0	0	0	0	0	0	0	0	0	0	0	0	0	0	0	0	0	0	0	0	0	0	0	0	0.298	0.176
7.781	0	0	0.891	0	11.756	0	0	0.891	0	3.975	0	0	0	0	0.515	0	0	0	0	0.5	0	0	0	0	0	0	0	0	0	0	0	0.2	0	0.5	0	0	0.2	0	0.75	0.298	0.279
0	0	0	4.783	2.059	0	0.905	0	6.718	4.004	0	0.905	0	3.832	1.945	0	0	0	0.714	0.833	0	0	0	0.619	0.833	0	0	0	0.333	1	0.571	0.2	1	0	0.125	1	0	1	0	0	0.299	0.748
