0	0	0.915	0	0	0	0	0	0	0	0	0	0.915	0	0	0	0	0	0	0	0	0	0	0	0	0	0	0	0	0	0	0.571	0.6	0.4	0.8	0	0.571	0	0	0.4	0	0.245
0	0	0	0	0	0	0	0	0	0	0	0	0	0	0	0	0	0	0	0	0	0	0	0	0	0	0	0	0	0	0	0	0	0	0.2	0.333	0	0	0	0.6	0.19	0.489
2.863	0	0	21.846	1.833	3.732	0	0	22.856	3.869	3.732	0	0	10.191	3.004	0.5	0	0	0.205	0.667	0.5	0	0	0.203	0.667	0.5	0	0	0.109	0.667	0	0	0.2	0.667	0.143	0	0	0.2	0	0	0.415	0.231
0	0	4.367	0	0	0	0	5.239	0	0	0	0	2.64	0	0	0	0	0.333	0	0	0	0	0.333	0	0	0	0	0.333	0	0	0	0	0.5	0	0	0	0	1	0	0	0.296	0.204
0	0	0	0	0	0	0	0	0	0	0	0	0	0	0	0	0	0	0	0	0	0	0	0	0	0	0	0	0	0	0	0	0.2	0	0.25	0	0	0	0.2	0	0.42	0.183
0	0	0	0	1.125	0	0	0	0	1.125	0	0	0	0	1.125	0	0	0	0	0	0	0	0	0	0	0	0	0	0	0	0	0	0	0	0.8	0	0	0.333	0	0	0.717	0.260
0.907	0	0	0	0	0.907	0	0	0	0	0.907	0	0	0	0	0	0	0	0	0	0	0	0	0	0	0	0	0	0	0	0	0.2	1	0	0	0	0	1	0	0	0	0.355
0	0	17.846	0.915	0	0	0	19.692	0	0	0	0	7.421	0.915	0	0	0	0.614	0	0	0	0	0.586	0	0	0	0	0.429	0	0	0.5	0	0.889	0.6	0.75	0.75	0	0	0.2	0.625	0	0.576
0	0	0	0	0	0	0	0	0	0	0	0	0	0	0	0	0	0	0	0	0	0	0	0	0	0	0	0	0	0	0.75	0.625	0.25	0.8	0.25	1	0.75	0.25	1	0.25	0	0.712
0	0	0	0	0.966	0	0	0	0	0	0	0	0	0	1.856	0	0	0	0	1	0	0	0	0	0	0	0	0	0	1	0	1	0	0	0	0	1	0.5	0	0.6	0	0.539
0	0.968	7.68	0.861	4.784	0	0.865	7.512	0.861	4.882	0	1.833	7.807	0.861	4.888	0	1	0.473	0	0.867	0	0	0.393	0	0.9	0	0	0.536	0	0.9	0	0	0	0	0	0	0.333	0.714	0	0	0.42	0.190
0	0	0	0	0	0	0	0	0	0	0	0	0	0	0	0	0	0	0	0	0	0	0	0	0	0	0	0	0	0	0	0.75	0.5	0.111	0.333	0	1	0	0	0	0	0.815
0	1.9	0	0	0	0	1.9	0	0	0	0	1.9	0	0	0	0	0	0	0	0	0	0	0	0	0	0	0	0	0	0	0	0	0.2	0	0	0	0	0	0	0	0.558	0.393
0	0	0	0	1.125	0	0	0	0	1.125	0	0	0	0	1.125	0	0	0	0	0	0	0	0	0	0	0	0	0	0	0	0	0	0.625	0	0	0	0	0	0	0	0.716	0.400
0	4.367	0.861	0	0.968	0	5.239	0.861	0	0.865	0	2.64	0.861	0	1.833	0	0.333	0	0	1	0	0.333	0	0	0	0	0.333	0	0	0	0	0.5	0	0	0	0	1	0	0	0.333	0.298	0.240
21.86	0	0.893	4.44	4.44	24.695	0	0.893	5.52	7.274	4.746	0	0.893	2.813	4.558	0.591	0	0	0.8	0.893	0.563	0	0	0.8	0.857	0.5	0	0	0.667	0.7	0	0	0	0	0	0	0	0	0	0	0.717	0.155
15.769	22.338	8.746	12.654	16.351	17.46	28.919	14.671	14.859	22.403	16.115	14.961	14.671	12.096	20.876	0.701	0.614	0.867	0.886	0.717	0.64	0.593	0.867	0.829	0.705	0.581	0.418	0.562	0.561	0.503	0.625	0	0.5	0	0	0.125	0	0	0	0	0.9	0.402
0	5.407	0	0	0	0	8.323	0	0	0	0	4.639	0	0	0	0	0.472	0	0	0	0	0.472	0	0	0	0	0.3	0	0	0	0.8	0.25	0	0	0	0.6	0	0	0	0	0	0.771
0.966	0	0	0	0.867	0	0	0	0	0.867	1.856	0	0	0	0	1	0	0	0	0	0	0	0	0	0	1	0	0	0	0	0	0	0	0	0	0.6	0.5	0	0	0	0.117	0.338
1.771	0.881	0	24.389	5.407	2.707	1.782	0	29.281	8.323	2.707	1.782	0	17.322	4.639	1	1	0	0.323	0.472	1	1	0	0.292	0.472	0.333	1	0	0.229	0.3	0	0	0	0	0.25	0	0	0	0	0	0.557	0.312
0	0	0	0	0	0	0	0	0	0	0	0	0	0	0	0	0	0	0	0	0	0	0	0	0	0	0	0	0	0	0	0	0	0	0	0	0	0	0	0	0.556	0.861
0	0	4.536	10.998	0	0	0	4.486	9.836	0	0	0	3.637	5.776	0	0	0	0.714	0.462	0	0	0	0.9	0.691	0	0	0	0.333	0.133	0	0.8	0	0.75	0	0	1	0	0	0	0	0	0.972
0	0	0	5.444	0	0	0	0	5.444	0	0	0	0	1.889	0	0	0	0	0.667	0	0	0	0	0.6	0	0	0	0	0	0	0	0.2	0	0	0	0	0	0	0	0	0	0.160
0	0	0	0	0	0	0	0	0	0	0	0	0	0	0	0	0	0	0	0	0	0	0	0	0	0	0	0	0	0	0	0	0.8	0.2	0.625	0.2	0	1	0	0.75	0	0.672
20.649	0	0	0	16.715	21.831	0	0	0	17.897	2.08	0	0	0	2.116	0.573	0	0	0	0.695	0.542	0	0	0	0.725	0	0	0	0	0	0	0.667	0.2	0.2	0.111	0	1	0.2	0.2	0	0	0.280
0	0	0	0	0	0	0	0	0	0	0	0	0	0	0	0	0	0	0	0	0	0	0	0	0	0	0	0	0	0	0.4	0	0	0.333	0	0	0	0	0.667	0	0	0.683
0	0	0	0	0.899	0	0	0	0	1.796	0	0	0	0	0.897	0	0	0	0	1	0	0	0	0	1	0	0	0	0	0	1	0	0.75	0.4	0	1	0	0.875	0.4	0	0.117	0.962
0	0	0	0	0	0	0	0	0	0	0	0	0	0	0	0	0	0	0	0	0	0	0	0	0	0	0	0	0	0	0	0	0	0	0	0	0	0	0	0	0.554	0.173
0	0	-1	0	-1	0	0	-1	0	-1	0	0	-1	0	-1	0	0	-1	0	-1	0	0	-1	0	-1	0	0	-1	0	-1	0	0	-1	0	-1	0	0	-1	0	-1	0.898	0.998
0	11.719	0	11.351	38.049	0	15.421	0	13.7	34.969	0	8.308	0	10.902	17.41	0	0.581	0	0.783	0.435	0	0.581	0	0.736	0.417	0	0.472	0	0.618	0.5	0.143	0	0	0.6	0.2	0	0.6	0	0.2	0	0.897	0.306
0	0	1.125	0	0	0	0	1.125	0	0	0	0	1.125	0	0	0	0	0	0	0	0	0	0	0	0	0	0	0	0	0	0	0	0.8	0	0	0.333	0	0	0	0	0.298	0.658
0	0	0	0	0	0	0	0	0	0	0	0	0	0	0	0	0	0	0	0	0	0	0	0	0	0	0	0	0	0	0.2	0	0.25	0	0	0	0	0	0	0	0	0.506
0	0	0	0	6.389	0	0	0	0	6.389	0	0	0	0	2.75	0	0	0	0	0.619	0	0	0	0	0.571	0	0	0	0	0.333	0	0.333	0	0.5	0.667	0	0	0	0	0	0.298	0.523
0	20.649	16.715	0	0	0	21.831	17.897	0	0	0	2.08	2.116	0	0	0	0.573	0.695	0	0	0	0.542	0.725	0	0	0	0	0	0	0	0.2	0	0.111	0.667	1	0.2	0	0	1	0.667	0	0.590
0	0	0	0	0	0	0	0	0	0	0	0	0	0	0	0	0	0	0	0	0	0	0	0	0	0	0	0	0	0	0.333	0.2	0	0	0	0.667	0	0	0	0	0.117	0.728
0	0	0	0.873	0	0	0	0	0.873	0	0	0	0	0.873	0	0	0	0	0	0	0	0	0	0	0	0	0	0	0	0	0.75	0.111	0	0	0.5	1	0	0	0.286	0	0	0.865
0	0	0.915	0	0	0	0	0	0	0	0	0	0.915	0	0	0	0	0	0	0	0	0	0	0	0	0	0	0	0	0	0	0.6	0.6	0.25	0	0	0.2	0.2	0.5	0	0	0.578
0	0	15.69	0	9.397	0	0	15.69	0	9.397	0	0	3.106	0	2.04	0	0	0.783	0	0.711	0	0	0.758	0	0.622	0	0	0.667	0	1	0	0.25	0	0	0	0	0	0.4	0	0	0.12	0.703
0	0.907	0	0	0	0	0.907	0	0	0	0	0.907	0	0	0	0	0	0	0	0	0	0	0	0	0	0	0	0	0	0	1	0	0	0.2	0	1	0	0	0	0	0	0.995
0	0	0	0	0	0	0	0	0	0	0	0	0	0	0	0	0	0	0	0	0	0	0	0	0	0	0	0	0	0	0	0	0	0	0	0	0	0	0	0	0.118	0.998
0	0	0	0	0	0	0	0	0	0	0	0	0	0	0	0	0	0	0	0	0	0	0	0	0	0	0	0	0	0	0.25	0	0	0.2	1	0	0	0	0	1	0	0.649
0	4.44	21.86	0	0.893	0	5.52	24.695	0	0.893	0	2.813	4.746	0	0.893	0	0.8	0.591	0	0	0	0.8	0.563	0	0	0	0.667	0.5	0	0	0	0	0	0	0	0	0	0	0	0	0.717	0.376
5.407	0	0	1.771	0	8.323	0	0	2.707	0	4.639	0	0	2.707	0	0.472	0	0	1	0	0.472	0	0	1	0	0.3	0	0	0.333	0	0.25	0	0.8	0	0	0	0	0.6	0	0	0.195	0.259
0	0	0	0	0	0	0	0	0	0	0	0	0	0	0	0	0	0	0	0	0	0	0	0	0	0	0	0	0	0	0	0.4	1	0	0.75	0	0.4	1	0	0.875	0.42	0.300
0	0	0	0	0	0	0	0	0	0	0	0	0	0	0	0	0	0	0	0	0	0	0	0	0	0	0	0	0	0	0.25	0.75	0.25	0.625	0.25	0.25	1	0.25	0.75	0.125	0	0.619
0	0	0	0	0	0	0	0	0	0	0	0	0	0	0	0	0	0	0	0	0	0	0	0	0	0	0	0	0	0	0.4	0	0	0	1	0.4	0	0	0	1	0.014	0.580
0	0	0	0	0	0.883	0	0	1.791	0.885	0.883	0	0	1.791	0.885	0	0	0	0	0	0	0	0	0	0	0	0	0	0	0	0	0	0	0	0	0	0	0	0	0	0.196	0.354
0	0	0	0	0	0	0	0	0	0	0	0	0	0	0	0	0	0	0	0	0	0	0	0	0	0	0	0	0	0	0.5	0	0.333	0.75	0	0	0	0	1	0	0	0.567
0.898	0	0	0	0	1.774	0	2.053	0	0	2.643	0	2.053	0	0.868	0	0	0	0	0	0	0	0	0	0	0	0	0	0	0	0	0	0.4	0	0.5	0	0	0	0	0.75	0.713	0.343
0	0	1.889	0	0	0	0	1.889	0	0	0	0	1.889	0	0	0	0	1	0	0	0	0	1	0	0	0	0	1	0	0	0	0	0.2	0.4	0	0	0	0	0	0	0	0.362
0	0	0	0	0	0	0	0	0	0	0	0	0	0	0	0	0	0	0	0	0	0	0	0	0	0	0	0	0	0	0.333	0.5	0	0	0	0	0	0	0	0	0	0.483
0	5.444	0	21.77	0	0	5.444	0	20.014	0	0	1.889	0	11.525	0	0	0.667	0	0.567	0	0	0.6	0	0.562	0	0	0	0	0.47	0	0.2	0	0	0	0	0	0	0	0	0	0	0.410
0	0.867	0	0	11.756	0	0.867	0	0	11.756	0	0.867	0	0	7.214	0	0	0	0	0.591	0	0	0	0	0.53	0	0	0	0	0.714	0	0	0	0	0	0	0	0	0	0	0.055	0.375
0	0	20.009	4.536	0.873	0	0	20.925	4.486	0.873	0	0	10.031	3.637	0.873	0	0	0.537	0.714	0	0	0	0.494	0.9	0	0	0	0.467	0.333	0	0.714	0	0	0.75	0.2	1	0	0	0	0.4	0.299	0.897
0	1.833	0	0	0	0	3.869	0	0	0	0	3.004	0	0	0	0	0.667	0	0	0	0	0.667	0	0	0	0	0.667	0	0	0	0	0.143	0	0.2	0	0	0	0	0.2	0	0.896	0.223
0	0	0	0	15.69	0	0	0	0	15.69	0	0	0	0	3.106	0	0	0	0	0.783	0	0	0	0	0.758	0	0	0	0	0.667	0.25	0	0	0.5	0	0	0	0	0.5	0.4	0.296	0.443
0	0	1.125	0	0	0	0	1.125	0	0	0	0	1.125	0	0	0	0	0	0	0	0	0	0	0	0	0	0	0	0	0	0.625	0	0	0	0.2	0	0	0	0	0	0	0.679
0	0	0	2.807	0.929	0	0	0	3.813	1.935	0	0	0	2.951	1.935	0	0	0	0.5	1	0	0	0	0.5	1	0	0	0	0.667	1	0	0	0	0.2	0	0	0	0	0	0.5	0.299	0.241
0	0	0	0	0	0	0	0	0	0	0	0	0	0	0	0	0	0	0	0	0	0	0	0	0	0	0	0	0	0	0	0.2	0	0	0.8	0	0	0.2	0	1	0	0.508
0	0	0	1.125	0	0	0	0	1.125	0	0	0	0	1.125	0	0	0	0	0	0	0	0	0	0	0	0	0	0	0	0	0.2	0	0	0.8	0	0	0	0	0	0.2	0	0.610
8.746	15.769	16.351	22.338	8.107	14.671	17.46	22.403	28.919	16.268	14.671	16.115	20.876	14.961	16.268	0.867	0.701	0.717	0.614	0.829	0.867	0.64	0.705	0.593	0.819	0.562	0.581	0.503	0.418	0.533	0.5	0.625	0	0	0	0	0.125	0	0	0	0.294	0.542
8.827	8.964	7.006	15.204	23.211	15.669	17.766	11.573	25.582	31.486	9.394	11.779	5.217	19.823	16.201	0.886	0.8	0.836	0.696	0.618	0.876	0.792	0.818	0.672	0.596	0.75	0.689	0.7	0.559	0.549	0.143	0	0	0.4	1	0	0	0	0	0	0.716	0.284
0	0	0	0	1.889	0	0	0	0	1.889	0	0	0	0	1.889	0	0	0	0	1	0	0	0	0	1	0	0	0	0	1	0	0.4	0	0	0.2	0	0	0	0	0	0.414	0.157
0	0	11.756	0.867	16.908	0	0	11.756	0.867	13.767	0	0	7.214	0.867	5.903	0	0	0.591	0	0.641	0	0	0.53	0	0.629	0	0	0.714	0	0.8	0	0	0	0	0	0	0	0	0	0	0.557	0.336
0	0	23.529	0.899	38.154	0	0	17.72	1.796	33.81	0	0	14.478	0.897	19.322	0	0	0.49	1	0.327	0	0	0.497	1	0.344	0	0	0.343	0	0.222	0	0.8	0	0	0	0	1	0	0	0	0	0.944
0	0	0.927	0	0	0	0	0.927	0	0	0	0	0.927	0	0	0	0	0	0	0	0	0	0	0	0	0	0	0	0	0	0.4	0.2	0	0.2	0.2	0.2	0	0	0	0.2	0	0.508
0.867	0	0.894	0.966	0	0.867	0	0	0	0	0	0	2.828	1.856	0	0	0	0.333	1	0	0	0	0	0	0	0	0	0.333	1	0	0	0	0	0	0.75	0	0	0	0.6	0.75	0.415	0.284
0	0	0	38.049	0	0	0	0	34.969	0	0	0	0	17.41	0	0	0	0	0.435	0	0	0	0	0.417	0	0	0	0	0.5	0	0.2	0	0.333	0.2	0	0	0	0.667	0	0	0.896	0.404
0	0	0	0	0	0	0	0	0	0	0	0	0	0	0	0	0	0	0	0	0	0	0	0	0	0	0	0	0	0	0	0	0	0	0	0	0	0	0	0	0	0.751
0	0.873	0	0	0	0	0.873	0	0	0	0	0.873	0	0	0	0	0	0	0	0	0	0	0	0	0	0	0	0	0	0	0.111	0	0.75	0	0	0	0.286	1	0.333	0	0.717	0.234
0	0	0	0	-1	0	0	0	0	-1	0	0	0	0	-1	0	0	0	0	-1	0	0	0	0	-1	0	0	0	0	-1	0	0	0	0	-1	0	0	0	0	-1	0.898	0.998
38.154	23.529	0	0	0	33.81	17.72	0	0	0	19.322	14.478	0	0	0	0.327	0.49	0	0	0	0.344	0.497	0	0	0	0.222	0.343	0	0	0	0	0	0.875	0	0.4	0	0	1	0	0.2	0	0.231
0	0	0	0	0	0	0	0	0	0	0	0	0	0	0	0	0	0	0	0	0	0	0	0	0	0	0	0	0	0	0.25	0.25	0.25	0.75	0.2	0.25	0.25	0.125	1	0.2	0.2	0.499
0	0	0	0	0	0	0	0	0	0	0	0	0	0	0	0	0	0	0	0	0	0	0	0	0	0	0	0	0	0	0.143	0.5	0	0	1	0	0	0	0	1	0.557	0.331
0	0	0	0	0	0	0	0	0	0	0	0	0	0	0	0	0	0	0	0	0	0	0	0	0	0	0	0	0	0	0	0.667	0.2	0	0.4	0	1	0.2	0.4	0	0.197	0.318
0	1.972	0	0	0	0	2.984	0	0	0	0	2.051	0	0	0	0	1	0	0	0	0	1	0	0	0	0	1	0	0	0	0	0	0	0	0	0	0	0	0	0.333	0.556	0.252
12.654	27.065	22.338	0	15.769	14.859	32.578	28.919	0	17.46	12.096	18.722	14.961	0	16.115	0.886	0.611	0.614	0	0.701	0.829	0.587	0.593	0	0.64	0.561	0.404	0.418	0	0.581	0	0	0	0.75	0.625	0	0	0	0.625	0.125	0.557	0.302
0	0	0	0	0	0	0	0	0	0	0	0	0	0	0	0	0	0	0	0	0	0	0	0	0	0	0	0	0	0	0	0	0	0.2	0	0	0	0	0	0	0.296	0.164
16.351	8.746	8.107	15.769	21.586	22.403	14.671	16.268	17.46	31.572	20.876	14.671	16.268	16.115	20.042	0.717	0.867	0.829	0.701	0.582	0.705	0.867	0.819	0.64	0.563	0.503	0.562	0.533	0.581	0.458	0	0.5	0	0.625	0	0	0	0	0.125	0	0	0.514
0	0	0	0	0	0	0	0	0	0	0	0	0	0	0	0	0	0	0	0	0	0	0	0	0	0	0	0	0	0	0.4	0.2	0.571	0	0	0	0.2	0.571	0	0	0	0.533
0	0	0	0	0	0	0.883	0.885	0	0	0	0.883	0.885	0	0	0	0	0	0	0	0	0	0	0	0	0	0	0	0	0	0	0	0	0	0.2	0	0	0	0	0	0	0.700
0.873	0	0	5.699	0	0.873	0	0	2.863	0	0.873	0	0	4.745	0	0	0	0	0.733	0	0	0	0	0.667	0	0	0	0	0.5	0	0	0	0.111	0	0.75	0.286	0.333	0	0	1	0.716	0.365
6.389	0	0	0	0	6.389	0	0	0	0	2.75	0	0	0	0	0.619	0	0	0	0	0.571	0	0	0	0	0.333	0	0	0	0	0.667	0	0	0	0	0	0	0	0	0	0	0.356
0	0	0	0	0	0	0	0	0	0	0	0	0	0	0	0	0	0	0	0	0	0	0	0	0	0	0	0	0	0	0.5	0	0.143	0.2	0	0	0	0	0	0	0.415	0.656
0	0	0.898	0	0	0	0	1.774	0	2.053	0	0	2.643	0	2.053	0	0	0	0	0	0	0	0	0	0	0	0	0	0	0	0	0	0	0	0.4	0	0	0	0	0	0.198	0.263
0	0	0	0	21.846	0	0	0	0	22.856	0	0	0	0	10.191	0	0	0	0	0.205	0	0	0	0	0.203	0	0	0	0	0.109	0	0	0	0.8	0.667	0	0	0	0.6	0	0.557	0.217
0	2.863	1.833	0	0	0	3.732	3.869	0	0	0	3.732	3.004	0	0	0	0.5	0.667	0	0	0	0.5	0.667	0	0	0	0.5	0.667	0	0	0.2	0	0.143	0	0	0.2	0	0	0	0	0	0.525
0	0	0	1.9	0	0	0	0	1.9	0	0	0	0	1.9	0	0	0	0	0	0	0	0	0	0	0	0	0	0	0	0	0.2	0	0	0	0.5	0	0	0	0	0	0	0.409
0	0.873	0	20.009	4.44	0	0.873	0	20.925	5.52	0	0.873	0	10.031	2.813	0	0	0	0.537	0.8	0	0	0	0.494	0.8	0	0	0	0.467	0.667	0	0.2	0	0	0	0	0.4	0	0	0	0.118	0.321
0	0	0	0	0	0	0	0	0	0	0	0	0	0	0	0	0	0	0	0	0	0	0	0	0	0	0	0	0	0	0.625	0.8	0.75	0	0.25	0.75	1	1	0.2	0.25	0	0.557
4.367	0	0	0	0.861	5.239	0	0	0	0.861	2.64	0	0	0	0.861	0.333	0	0	0	0	0.333	0	0	0	0	0.333	0	0	0	0	0.5	0	0	0	0	1	0	0	0	0	0	0.551
0	0.912	0	0	0	0	0.912	0	0	0	0	0.934	0	0	0	0	1	0	0	0	0	0	0	0	0	0	0	0	0	0	0.2	0	0.2	0	0.4	0	0	0	0	0.2	0	0.463
11.351	1.779	11.719	0	0	13.7	3.782	15.421	1.974	0	10.902	2.003	8.308	1.974	0	0.783	1	0.581	1	0	0.736	1	0.581	1	0	0.618	1	0.472	1	0	0.6	0	0	0	0.143	0.2	0	0.6	0	0	0	0.387
0	4.784	24.389	7.68	0.881	0.909	4.882	29.281	7.512	1.782	0.909	4.888	17.322	7.807	1.782	0	0.867	0.323	0.473	1	0	0.9	0.292	0.393	1	0	0.9	0.229	0.536	1	0	0	0	0	0	0	0	0	0.714	0	0.557	0.211
0	16.715	0	0	0	0	17.897	0	0	0	0	2.116	0	0	0	0	0.695	0	0	0	0	0.725	0	0	0	0	0	0	0	0	1	0.111	0.333	0.2	0	0.667	0	0.667	0.2	0	0	0.741
0	0	0	0	0	0	0	0	0	0	0	0	0	0	0	0	0	0	0	0	0	0	0	0	0	0	0	0	0	0	0	0	0	0	0	0	0	0	0	0	0	0.791
0	0	0	0	0	0	0	0	0	0	0	0	0	0	0	0	0	0	0	0	0	0	0	0	0	0	0	0	0	0	0	0	0	0	0	0.2	0	0	0	0	0	0.784
4.44	0.893	0	21.86	6.356	7.274	0.893	0	24.695	9.316	4.558	0.893	0	4.746	7.496	0.893	0	0	0.591	0.756	0.857	0	0	0.563	0.689	0.7	0	0	0.5	0.429	0	0	0	0	0	0	0	0	0	0	0.195	0.165
0	10.998	0	0	4.536	0	9.836	0	0	4.486	0	5.776	0	0	3.637	0	0.462	0	0	0.714	0	0.691	0	0	0.9	0	0.133	0	0	0.333	0	0	0.8	0.75	0.75	0	0	1	0.75	0	0	0.501
0	0.915	0	0	17.846	0	0	0	0	19.692	0	0.915	0	0	7.421	0	0	0	0	0.614	0	0	0	0	0.586	0	0	0	0	0.429	0	0.6	0.5	0	0.889	0	0.2	0.75	0	0	0	0.727
23.379	27.832	24.143	22.656	19.518	34.173	38.662	35.354	33.955	30.658	13.753	15.034	16.934	23.803	16.612	0.531	0.433	0.535	0.581	0.63	0.503	0.413	0.508	0.549	0.598	0.618	0.636	0.667	0.52	0.577	0.111	0	0	1	0	0	0	0	0	0	0.299	0.226
0.899	0	0	0	0	1.796	0	0	0	0	0.897	0	0	0	0	1	0	0	0	0	1	0	0	0	0	0	0	0	0	0	0	0.75	0.8	1	0	0	0.875	1	1	0	0.72	0.159
0.951	0.859	2.807	0	0	0.951	0.859	3.813	0	0	0.951	0.859	2.951	0	0	0	0	0.5	0	0	0	0	0.5	0	0	0	0	0.667	0	0	0.25	0.4	0.2	0	0	0	0.2	0	0	0	0.417	0.430
0	0	0	0	0	0	0	0	0	0	0	0	0	0	0	0	0	0	0	0	0	0	0	0	0	0	0	0	0	0	0	0.333	0.4	0.2	0	0	0.667	0	0.6	0	0.3	0.212
11.756	0	16.908	0	5.699	11.756	0	13.767	0	2.863	7.214	0	5.903	0	4.745	0.591	0	0.641	0	0.733	0.53	0	0.629	0	0.667	0.714	0	0.8	0	0.5	0	0	0	0	0	0	0	0	0	0	0.117	0.183
0	38.049	0	0	0	0	34.969	0	0	0	0	17.41	0	0	0	0	0.435	0	0	0	0	0.417	0	0	0	0	0.5	0	0	0	0	0.2	0.2	0	0.333	0	0	0	0	0.667	0.294	0.643
0.893	21.86	4.44	0	0	0.893	24.695	7.274	0	0	0.893	4.746	4.558	0	0	0	0.591	0.893	0	0	0	0.563	0.857	0	0	0	0.5	0.7	0	0	0	0	0	0	0	0	0	0	0	0	0.296	0.179
27.832	22.656	23.379	21.586	24.143	38.662	33.955	34.173	31.572	35.354	15.034	23.803	13.753	20.042	16.934	0.433	0.581	0.531	0.582	0.535	0.413	0.549	0.503	0.563	0.508	0.636	0.52	0.618	0.458	0.667	0	1	0.111	0	0	0	0	0	0	0	0.714	0.164
0	0	0	0	0.915	0	0	0	0	0	0	0	0	0	0.915	0	0	0	0	0	0	0	0	0	0	0	0	0	0	0	0.571	0.4	0	0.2	0.6	0.571	0	0	0.2	0	0.418	0.773
0	0	6.389	0	0	0	0	6.389	0	0	0	0	2.75	0	0	0	0	0.619	0	0	0	0	0.571	0	0	0	0	0.333	0	0	0	0	0.667	0.333	0	0	0	0	0	0	0	0.653
0	0	0	0	0	0	0	0	0	0	0	0	0	0	0	0	0	0	0	0	0	0	0	0	0	0	0	0	0	0	0	0	0	0.333	0	0	0	0	0.667	0	0.715	0.542
0	0	0	0	0	0	0	0	0	0	0	0	0	0	0	0	0	0	0	0	0	0	0	0	0	0	0	0	0	0	0	0	0	0	0	0	0	0	0	0	0.417	0.973
1.833	0	0	2.863	0	3.869	0	0	3.732	0	3.004	0	0	3.732	0	0.667	0	0	0.5	0	0.667	0	0	0.5	0	0.667	0	0	0.5	0	0.143	0.2	0	0	0	0	0.2	0	0	0	0.557	0.340
22.338	12.654	15.769	27.065	8.746	28.919	14.859	17.46	32.578	14.671	14.961	12.096	16.115	18.722	14.671	0.614	0.886	0.701	0.611	0.867	0.593	0.829	0.64	0.587	0.867	0.418	0.561	0.581	0.404	0.562	0	0	0.625	0	0.5	0	0	0.125	0	0	0.299	0.373
16.715	0	0	20.649	0	17.897	0	0	21.831	0	2.116	0	0	2.08	0	0.695	0	0	0.573	0	0.725	0	0	0.542	0	0	0	0	0	0	0.111	0.2	1	0	0.333	0	0.2	0.667	0	0.667	0	0.190
0	0	0	1.972	0	0	0	0	2.984	0	0	0	0	2.051	0	0	0	0	1	0	0	0	0	1	0	0	0	0	1	0	0	0	0	0	0	0	0	0.333	0	0	0.415	0.173
0	0	0	0	0	0	0	0	0	0	0	0	0	0	0	0	0	0	0	0	0	0	0	0	0	0	0	0	0	0	0.2	0	0.4	0.667	0.571	0.2	0	0	1	0.571	0	0.523
11.719	11.351	0	1.779	0	15.421	13.7	0	3.782	0	8.308	10.902	0	2.003	0	0.581	0.783	0	1	0	0.581	0.736	0	1	0	0.472	0.618	0	1	0	0	0.6	0.143	0	0	0.6	0.2	0	0	0	0.298	0.470
0	0.898	0	0	0	2.053	1.774	0	0	2.878	2.053	2.643	0.868	0	2.878	0	0	0	0	0	0	0	0	0	0	0	0	0	0	0	0.4	0	0.5	0	0	0	0	0.75	0	0	0.419	0.203
0.915	0	0	0	0	0	0	0	0	0	0.915	0	0	0	0	0	0	0	0	0	0	0	0	0	0	0	0	0	0	0	0.6	0	0	0.6	0.5	0.2	0	0	0.2	0.75	0	0.522
4.536	0	0	0	0	4.486	0	0	0	0	3.637	0	0	0	0	0.714	0	0	0	0	0.9	0	0	0	0	0.333	0	0	0	0	0.75	0.8	0	0	0.714	0	1	0	0	1	0	0.533
0	5.699	0.873	16.908	0	0	2.863	0.873	13.767	0	0	4.745	0.873	5.903	0	0	0.733	0	0.641	0	0	0.667	0	0.629	0	0	0.5	0	0.8	0	0	0	0	0	0.111	0.333	0	0.286	0	0	0.298	0.726
0	0	0.859	0	0.951	0	0	0.859	0	0.951	0	0	0.859	0	0.951	0	0	0	0	0	0	0	0	0	0	0	0	0	0	0	0	0	0.4	0	0.25	0	0	0.2	0	0	0	0.380
0.929	0	0	0	0	1.935	0	0	0	0	1.935	0	0	0	0	1	0	0	0	0	1	0	0	0	0	1	0	0	0	0	0	0	0	0	0	0.5	0	0	0	0	0	0.427
0	0	0	0	0	0	0	0	0	0	0	0	0	0	0	0	0	0	0	0	0	0	0	0	0	0	0	0	0	0	1	0	0	0.25	0	1	0	0	0	0.5	0	0.903
10.998	0	0	0.894	0	9.836	0	0	0	0	5.776	0	0	2.828	0	0.462	0	0	0.333	0	0.691	0	0	0	0	0.133	0	0	0.333	0	0	0.75	0	0	0.8	0	0.75	0	0	1	0	0.348
1.125	0	0	0	0	1.125	0	0	0	0	1.125	0	0	0	0	0	0	0	0	0	0	0	0	0	0	0	0	0	0	0	0	0.625	0.2	0	0	0	0	0	0	0	0.198	0.277
0	0	0	0	0	0	0	0	0	0	0	0	0	0	0	0	0	0	0	0	0	0	0	0	0	0	0	0	0	0	0.8	0	0.625	0	0.75	1	0.2	0.75	0	1	0	0.892
0	0	0	5.407	0	0	0	0	8.323	0	0	0	0	4.639	0	0	0	0	0.472	0	0	0	0	0.472	0	0	0	0	0.3	0	0	0.8	0	0.25	0	0	0.6	0	0	0	0.556	0.179
8.107	16.351	21.586	8.746	22.656	16.268	22.403	31.572	14.671	33.955	16.268	20.876	20.042	14.671	23.803	0.829	0.717	0.582	0.867	0.581	0.819	0.705	0.563	0.867	0.549	0.533	0.503	0.458	0.562	0.52	0	0	0	0.5	1	0	0	0	0	0	0.717	0.368
0	0	0	-1	0	0	0	0	-1	0	0	0	0	-1	0	0	0	0	-1	0	0	0	0	-1	0	0	0	0	-1	0	0	0	0	-1	0	0	0	0	-1	0	0.556	0.963
16.908	11.756	5.699	0	0	13.767	11.756	2.863	0	0	5.903	7.214	4.745	0	0	0.641	0.591	0.733	0	0	0.629	0.53	0.667	0	0	0.8	0.714	0.5	0	0	0	0	0	0	0	0	0	0	0	0.333	0.56	0.297
0	0	0	0	0	0	0	0	0	0	0	0	0	0	0	0	0	0	0	0	0	0	0	0	0	0	0	0	0	0	0	0	0	0	0	0	0	0	0	0	0.554	0.631
0	0	0	0	0	0	0	0	0	0	0	0	0	0	0	0	0	0	0	0	0	0	0	0	0	0	0	0	0	0	0	0.333	0	0.2	0	0	0.667	0	0	0	0.299	0.604
0	0	0.899	0	0	0	0	1.796	0	0	0	0	0.897	0	0	0	0	1	0	0	0	0	1	0	0	0	0	0	0	0	0.75	1	0	0	0.8	0.875	1	0	0	1	0	0.934
0	0	0	0	0	0.885	0	0	0.883	0	0.885	0	0	0.883	0	0	0	0	0	0	0	0	0	0	0	0	0	0	0	0	0	0	0.2	0	0	0	0	0	0	0.25	0.42	0.254
4.784	7.68	0	0	24.389	4.882	7.512	0.909	0	29.281	4.888	7.807	0.909	0	17.322	0.867	0.473	0	0	0.323	0.9	0.393	0	0	0.292	0.9	0.536	0	0	0.229	0	0	0	0	0	0	0.714	0	0	0	0.116	0.243
2.807	0.951	0	0.859	0	3.813	0.951	0	0.859	0	2.951	0.951	0	0.859	0	0.5	0	0	0	0	0.5	0	0	0	0	0.667	0	0	0	0	0.2	0.25	0	0.4	0	0	0	0	0.2	0	0	0.330
0	17.846	27.065	0	12.654	0	19.692	32.578	0	14.859	0	7.421	18.722	0	12.096	0	0.614	0.611	0	0.886	0	0.586	0.587	0	0.829	0	0.429	0.404	0	0.561	0.75	0.889	0	0.5	0	0.625	0	0	0.75	0	0.3	0.572
0	0	0	0.907	0	0	0	0	0.907	0	0	0	0	0.907	0	0	0	0	0	0	0	0	0	0	0	0	0	0	0	0	0	1	0	0	0	0	1	0	0	0.2	0.42	0.365
0	0	0	0	0	0	1.791	0.883	0	0	0	1.791	0.883	0	0	0	0	0	0	0	0	0	0	0	0	0	0	0	0	0	0	0	0	0.2	0	0	0	0	0.2	0	0.557	0.201
0	0	0	0	0	0	0	0	0	0	0	0	0	0	0	0	0	0	0	0	0	0	0	0	0	0	0	0	0	0	0	0	0.2	0	0.333	0	0.333	0.6	0	0.667	0.42	0.195
0.873	20.009	0	0	0	0.873	20.925	0	0	0	0.873	10.031	0	0	0	0	0.537	0	0	0	0	0.494	0	0	0	0	0.467	0	0	0	0.2	0	0	0.714	0	0.4	0	0	1	0	0.298	0.378
0	0	0.867	0	0	0	0	0.867	0	0	0	0	0.867	0	0	0	0	0	0	0	0	0	0	0	0	0	0	0	0	0	0	0	0	0	0	0	0	0	0	0	0.12	0.670
0	0	0	1.889	2.023	0	0	0	1.889	0.862	0	0	0	1.889	1.162	0	0	0	1	0	0	0	0	1	0	0	0	0	1	0	0.2	0	0	0.2	0	0.2	0	0	0	0	0.056	0.357
0	9.397	0	15.69	0	0	9.397	0	15.69	0	0	2.04	0	3.106	0	0	0.711	0	0.783	0	0	0.622	0	0.758	0	0	1	0	0.667	0	0	0	0.667	0	0	0.4	0	1	0.4	0	0	0.467
0	0	0	0	0	0	0	0	0	0	0	0	0	0	0	0	0	0	0	0	0	0	0	0	0	0	0	0	0	0	0	0	0	0	0	0	0	0	0	0	0.715	0.995
0	0	0	0	0	0	0	0	0	0	0	0	0	0	0	0	0	0	0	0	0	0	0	0	0	0	0	0	0	0	1	0	0.25	0.143	0.6	1	0	0.5	0	0.2	0	0.921
0	0	0	0	0	0	0	0	0	0	0	0	0	0	0	0	0	0	0	0	0	0	0	0	0	0	0	0	0	0	0	0	0	0	0	0	0	0	0	0	0.19	0.655
38.049	0	0	0	0	34.969	0	0	0	0	17.41	0	0	0	0	0.435	0	0	0	0	0.417	0	0	0	0	0.5	0	0	0	0	0.2	0	0	0.143	0.2	0	0	0	0	0	0.059	0.270
0	0	0	0	1.972	0	0	0	0	2.984	0	0	0	0	2.051	0	0	0	0	1	0	0	0	0	1	0	0	0	0	1	0	0	0	0	0	0	0	0	0	0	0.196	0.270
21.586	8.107	22.656	16.351	27.832	31.572	16.268	33.955	22.403	38.662	20.042	16.268	23.803	20.876	15.034	0.582	0.829	0.581	0.717	0.433	0.563	0.819	0.549	0.705	0.413	0.458	0.533	0.52	0.503	0.636	0	0	1	0	0	0	0	0	0	0	0.557	0.161
6.356	0	0.861	4.44	21.77	9.316	0	0.861	7.274	20.014	7.496	0	0.861	4.558	11.525	0.756	0	0	0.893	0.567	0.689	0	0	0.857	0.562	0.429	0	0	0.7	0.47	0	0	0	0	0	0	0	0	0	0	0.718	0.118
0	0	0.912	0	0	0	0	0.912	0	0	0	0	0.934	0	0	0	0	1	0	0	0	0	0	0	0	0	0	0	0	0	0	0.333	0	1	0.2	0	0.667	0	0.667	0	0	0.530
0	38.154	0	23.529	0	0	33.81	0	17.72	0	0	19.322	0	14.478	0	0	0.327	0	0.49	0	0	0.344	0	0.497	0	0	0.222	0	0.343	0	0.875	0	0.4	0	0	1	0	0.2	0	0	0	0.902
0.859	0	0.951	0	2.807	0.859	0	0.951	0	3.813	0.859	0	0.951	0	2.951	0	0	0	0	0.5	0	0	0	0	0.5	0	0	0	0	0.667	0.4	0	0.25	0	0.2	0.2	0	0	0	0	0	0.547
0	0	3.679	0.915	0	0	0	3.679	0	0	0	0	1.921	0.915	0	0	0	0.167	0	0	0	0	0.167	0	0	0	0	0	0	0	0	0.8	0	0.6	0	0	0.4	0	0	0	0.554	0.324
0	0	1.972	0	0	0	0	2.984	0	0	0	0	2.051	0	0	0	0	1	0	0	0	0	1	0	0	0	0	1	0	0	0	0	0	0	0	0	0	0	0	0	0.72	0.111
0	0	4.44	0.873	0	0	0	5.52	0.873	0	0	0	2.813	0.873	0	0	0	0.8	0	0	0	0	0.8	0	0	0	0	0.667	0	0	0	0	0	0.2	0	0	0	0	0.4	0	0.897	0.354
0	13.476	1.779	23.211	11.351	1.974	19.532	3.782	31.486	13.7	1.974	12.959	2.003	16.201	10.902	1	0.674	1	0.618	0.783	1	0.658	1	0.596	0.736	1	0.538	1	0.549	0.618	0	0	0	1	0.6	0	0	0	0	0.2	0.558	0.230
0	0	0	0	0	1.84	0	0	2.878	1.791	1.84	0	0	2.878	1.791	0	0	0	0	0	0	0	0	0	0	0	0	0	0	0	0	0.111	0.2	0	0	0	0	0.2	0	0	0.3	0.271
0	0	0	0	0	0	0.885	0	0	0	0	0.885	0	0	0	0	0	0	0	0	0	0	0	0	0	0	0	0	0	0	0.2	0	0	0	0.667	0	0	0.25	0	1	0.717	0.223
0	6.389	0	0	0	0	6.389	0	0	0	0	2.75	0	0	0	0	0.619	0	0	0	0	0.571	0	0	0	0	0.333	0	0	0	0	0.667	0	0	0	0	0	0	0	0	0.414	0.348
0	0	1.9	0.927	0	0	0	1.9	0.927	0	0	0	1.9	0.927	0	0	0	0	0	0	0	0	0	0	0	0	0	0	0	0	0	0.2	0	0	0	0	0.2	0	0	0	0	0.803
0	1.125	0	0	0	0	1.125	0	0	0	0	1.125	0	0	0	0	0	0	0	0	0	0	0	0	0	0	0	0	0	0	0.2	0	0	0.625	0.25	0	0	0	0	0	0	0.642
0	0	0.929	0	0	0	0	1.935	0	0	0	0	1.935	0	0	0	0	1	0	0	0	0	1	0	0	0	0	1	0	0	0	0	0	0	0	0	0	0.5	0	0	0.556	0.180
19.518	24.143	15.204	23.379	8.964	30.658	35.354	25.582	34.173	17.766	16.612	16.934	19.823	13.753	11.779	0.63	0.535	0.696	0.531	0.8	0.598	0.508	0.672	0.503	0.792	0.577	0.667	0.559	0.618	0.689	0	0	0.4	0.111	0	0	0	0	0	0	0.897	0.356
0	0	0	0	0	0	0	0	0	0	0	0	0	0	0	0	0	0	0	0	0	0	0	0	0	0	0	0	0	0	0.25	0.25	0.2	0.25	0.667	0.125	0.25	0.2	0.25	1	0	0.439
0	0	0	0	0	0	0	0	0	0	0	0	0	0	0	0	0	0	0	0	0	0	0	0	0	0	0	0	0	0	0	0	0.5	0	0	0	0	0.5	0	0	0.117	0.196
0.867	0	0	0	0	0.867	0	0	0	0	0.867	0	0	0	0	0	0	0	0	0	0	0	0	0	0	0	0	0	0	0	0	0	0	0	0	0	0	0	0	0	0.559	0.249
0	0	0	0	0	0	0	0	0	0	0	0	0	0	0	0	0	0	0	0	0	0	0	0	0	0	0	0	0	0	0.667	0	0	0.2	0	1	0.25	0	0	0	0	0.833
0	0	0	0	0.867	0	0	0	0	0.867	0	0	0	0	0.867	0	0	0	0	0	0	0	0	0	0	0	0	0	0	0	0	0	0	0.25	0	0	0	0	0	0	0.556	0.277
0	0	0	0	0	0	0	0	0.885	0	0	0	0	0.885	0	0	0	0	0	0	0	0	0	0	0	0	0	0	0	0	0	0.2	0.667	0	0	0.25	0	1	0	0	0.116	0.614
23.529	0	38.154	0	0	17.72	0	33.81	0	0	14.478	0	19.322	0	0	0.49	0	0.327	0	0	0.497	0	0.344	0	0	0.343	0	0.222	0	0	0	0	0	0.8	0.875	0	0	0	1	1	0.197	0.236
0	2.023	0	0	0	0	0.862	0	0	0	0	1.162	0	0	0	0	0	0	0	0	0	0	0	0	0	0	0	0	0	0	0	0	0	0	0	0	0	0	0	0	0.296	0.350
0	0	0	0	0	0	0	0	0	0	0	0	0	0	0	0	0	0	0	0	0	0	0	0	0	0	0	0	0	0	0.2	0	0.333	0	0	0.6	0	0.667	0.333	0	0	0.539
5.699	16.908	0	11.756	0.873	2.863	13.767	0	11.756	0.873	4.745	5.903	0	7.214	0.873	0.733	0.641	0	0.591	0	0.667	0.629	0	0.53	0	0.5	0.8	0	0.714	0	0	0	0	0	0	0	0	0.333	0	0.286	0	0.445
0	0	0	16.715	0.912	0	0	0	17.897	0.912	0	0	0	2.116	0.934	0	0	0	0.695	1	0	0	0	0.725	0	0	0	0	0	0	0.333	1	0	0.111	0	0.667	0.667	0	0	0	0	0.735
1.972	0	0	0	0	2.984	0	0	0	0	2.051	0	0	0	0	1	0	0	0	0	1	0	0	0	0	1	0	0	0	0	0	0	0	0	0	0	0	0	0	0	0.059	0.284
0	0	0	0	0	0	0	0	0	0	0	0	0	0	0	0	0	0	0	0	0	0	0	0	0	0	0	0	0	0	0	0	0	0	0	0	0	0	0	0	0.557	0.650
24.389	0	0.881	4.784	1.771	29.281	0.909	1.782	4.882	2.707	17.322	0.909	1.782	4.888	2.707	0.323	0	1	0.867	1	0.292	0	1	0.9	1	0.229	0	1	0.9	0.333	0	0	0	0	0	0	0	0	0	0	0.299	0.148
24.143	23.379	19.518	27.832	15.204	35.354	34.173	30.658	38.662	25.582	16.934	13.753	16.612	15.034	19.823	0.535	0.531	0.63	0.433	0.696	0.508	0.503	0.598	0.413	0.672	0.667	0.618	0.577	0.636	0.559	0	0.111	0	0	0.4	0	0	0	0	0	0.118	0.398
27.065	0	12.654	17.846	22.338	32.578	0	14.859	19.692	28.919	18.722	0	12.096	7.421	14.961	0.611	0	0.886	0.614	0.614	0.587	0	0.829	0.586	0.593	0.404	0	0.561	0.429	0.418	0	0.75	0	0.889	0	0	0.625	0	0	0	0.718	0.217
0.881	24.389	1.771	0	0	1.782	29.281	2.707	0.909	0	1.782	17.322	2.707	0.909	0	1	0.323	1	0	0	1	0.292	1	0	0	1	0.229	0.333	0	0	0	0	0	0	0	0	0	0	0	0	0.419	0.256
8.964	15.204	8.827	19.518	7.006	17.766	25.582	15.669	30.658	11.573	11.779	19.823	9.394	16.612	5.217	0.8	0.696	0.886	0.63	0.836	0.792	0.672	0.876	0.598	0.818	0.689	0.559	0.75	0.577	0.7	0	0.4	0.143	0	0	0	0	0	0	0	0.294	0.483
2.023	0	0	0	0	0.862	0	0	0	0	1.162	0	0	0	0	0	0	0	0	0	0	0	0	0	0	0	0	0	0	0	0	0	0	0.2	0	0	0	0	0.2	0	0.116	0.328
0	0	0	9.397	0	0	0	0	9.397	0	0	0	0	2.04	0	0	0	0	0.711	0	0	0	0	0.622	0	0	0	0	1	0	0.667	0	0	0	0.2	1	0.4	0	0	0.2	0	0.967
0	0	0	0	0	0	0	0	0	0	0	0	0	0	0	0	0	0	0	0	0	0	0	0	0	0	0	0	0	0	0	0	0	0	0	0	0	0	0	0	0.716	0.317
1.9	0	0	0	0	1.9	0	0	0	0	1.9	0	0	0	0	0	0	0	0	0	0	0	0	0	0	0	0	0	0	0	0	0	0	0.2	0.2	0	0	0	0.2	0	0	0.278
21.846	0	0	0	2.863	22.856	0	0	0	3.732	10.191	0	0	0	3.732	0.205	0	0	0	0.5	0.203	0	0	0	0.5	0.109	0	0	0	0.5	0.667	0	0	0	0	0	0	0	0	0	0	0.458
0	0	0	0	0	0	2.878	1.84	0	0	0	2.878	1.84	0.868	0	0	0	0	0	0	0	0	0	0	0	0	0	0	0	0	0.111	0	0	0.5	0.2	0	0	0	0.75	0.2	0.556	0.203
0.912	0	0	0	0	0.912	0	0	0	0	0.934	0	0	0	0	1	0	0	0	0	0	0	0	0	0	0	0	0	0	0	0	0	0.2	0.333	0.2	0	0	0	0.667	0	0	0.215
0	0	0	0.929	0	0	0	0	1.935	0	0	0	0	1.935	0	0	0	0	1	0	0	0	0	1	0	0	0	0	1	0	0	0	0	0	0	0	0	0	0.5	0	0.414	0.202
0	4.44	6.356	0.893	0.861	0	7.274	9.316	0.893	0.861	0	4.558	7.496	0.893	0.861	0	0.893	0.756	0	0	0	0.857	0.689	0	0	0	0.7	0.429	0	0	0	0	0	0	0	0	0	0	0	0	0.72	0.139
0	0	0	38.154	0	0	0	0	33.81	0	0	0	0	19.322	0	0	0	0	0.327	0	0	0	0	0.344	0	0	0	0	0.222	0	0.4	0.875	0	0	0.2	0.2	1	0	0	0	0	0.587
0	0	0	1.125	0	0	0	0	1.125	0	0	0	0	1.125	0	0	0	0	0	0	0	0	0	0	0	0	0	0	0	0	0	0.2	0.25	0	0	0	0	0	0	0	0	0.806
0	0	0	0	0	0	0	0	0	0	0	0	0	0	0	0	0	0	0	0	0	0	0	0	0	0	0	0	0	0	0	0	0	0	0.2	0	0.2	0	0	0	0.554	0.288
0.968	0.861	0	0	7.68	0.865	0.861	0	0	7.512	1.833	0.861	0	0	7.807	1	0	0	0	0.473	0	0	0	0	0.393	0	0	0	0	0.536	0	0	0	0	0	0.333	0	0	0	0.714	0	0.326
1.779	0	11.351	13.476	11.719	3.782	1.974	13.7	19.532	15.421	2.003	1.974	10.902	12.959	8.308	1	1	0.783	0.674	0.581	1	1	0.736	0.658	0.581	1	1	0.618	0.538	0.472	0	0	0.6	0	0	0	0	0.2	0	0.6	0.195	0.159
0	0	0	0	0	0	0	0	0	0	0	0	0	0	0	0	0	0	0	0	0	0	0	0	0	0	0	0	0	0	0	0	0	1	0	0	0	0.2	1	0	0.299	0.231
0	0	20.649	0	0	0	0	21.831	0	0	0	0	2.08	0	0	0	0	0.573	0	0	0	0	0.542	0	0	0	0	0	0	0	0.667	0.2	0	0.25	0.2	1	0.2	0	0.125	0.2	0	0.824
0	0	0.966	0	0	0	0	0	0	0	0	0	1.856	0	0	0	0	1	0	0	0	0	0	0	0	0	0	1	0	0	0	0	0	1	0	0.5	0	0.6	1	0	0.294	0.492
0.894	0.867	0	0	10.998	0	0.867	0	0	9.836	2.828	0	0	0	5.776	0.333	0	0	0	0.462	0	0	0	0	0.691	0.333	0	0	0	0.133	0	0	0.75	0	0	0	0	0.75	0	0	0	0.455
23.211	7.006	13.476	8.827	0	31.486	11.573	19.532	15.669	1.974	16.201	5.217	12.959	9.394	1.974	0.618	0.836	0.674	0.886	1	0.596	0.818	0.658	0.876	1	0.549	0.7	0.538	0.75	1	1	0	0	0.143	0	0	0	0	0	0	0	0.440
15.69	0	9.397	0	0	15.69	0	9.397	0	0	3.106	0	2.04	0	0	0.783	0	0.711	0	0	0.758	0	0.622	0	0	0.667	0	1	0	0	0	0	0	0.25	0	0.4	0	0	0	0.4	0.298	0.270
0	0	0	0	0.898	0	0	0	0	1.774	0	0	0	0	2.643	0	0	0	0	0	0	0	0	0	0	0	0	0	0	0	0	0	0	0	0	0	0	0	0	0	0.894	0.433
0	0	0	0	0	0	0	0	0	0	0	0	0	0	0	0	0	0	0	0	0	0	0	0	0	0	0	0	0	0	0.333	0.2	0	0	0.4	0.667	0.6	0	0	0	0	0.743
0	0.899	0	0	23.529	0	1.796	0	0	17.72	0	0.897	0	0	14.478	0	1	0	0	0.49	0	1	0	0	0.497	0	0	0	0	0.343	0.8	0	0	0.75	0	1	0	0	0.875	0	0.12	0.863
0	0	0	0	0	0	0	0	0	0	0	0	0	0	0	0	0	0	0	0	0	0	0	0	0	0	0	0	0	0	0	0	0	0	0	0	0	0	0	0	0.898	0.998
0	0.966	0.867	0	0.894	0	0	0.867	0	0	0	1.856	0	0	2.828	0	1	0	0	0.333	0	0	0	0	0	0	1	0	0	0.333	0	0	0	0	0	0	0.6	0	0.5	0	0.417	0.332
0	0	2.023	0	0	0	0	0.862	0	0	0	0	1.162	0	0	0	0	0	0	0	0	0	0	0	0	0	0	0	0	0	0	0.2	0	0	0	0	0.2	0	0	0	0.554	0.296
9.397	15.69	0	0	0	9.397	15.69	0	0	0	2.04	3.106	0	0	0	0.711	0.783	0	0	0	0.622	0.758	0	0	0	1	0.667	0	0	0	0	0	0	0	0.667	0	0.4	0.4	0	1	0	0.251
0	0	0	0	0	0	0	0	0	0	0	0	0	0	0	0	0	0	0	0	0	0	0	0	0	0	0	0	0	0	0	0.25	1	0	0	0	0	1	0	0	0	0.642
0	0	0	0	0	0	0	0	0	0	0	0	0	0	0	0	0	0	0	0	0	0	0	0	0	0	0	0	0	0	0	0.5	0.25	0	0	0	0.5	0	0	0	0.294	0.548
0	0	0	2.023	0.859	0	0	0	0.862	0.859	0	0	0	1.162	0.859	0	0	0	0	0	0	0	0	0	0	0	0	0	0	0	0	0	0	0	0.4	0	0	0	0	0.2	0.418	0.289
15.204	19.518	8.964	24.143	8.827	25.582	30.658	17.766	35.354	15.669	19.823	16.612	11.779	16.934	9.394	0.696	0.63	0.8	0.535	0.886	0.672	0.598	0.792	0.508	0.876	0.559	0.577	0.689	0.667	0.75	0.4	0	0	0	0.143	0	0	0	0	0	0.056	0.442
0	0	0	0	0	0	0	0	0	0	0	0	0	0	0	0	0	0	0	0	0	0	0	0	0	0	0	0	0	0	0	0	0	0	0.5	0	0	0	0	0.5	0.898	0.228
0	0	0	0	0	0	0	0	0	0	0	0	0	0	0	0	0	0	0	0	0	0	0	0	0	0	0	0	0	0	0	0.143	1	0.5	0.25	0	0	1	0	0.5	0.557	0.261
0	4.536	0	0	20.009	0	4.486	0	0	20.925	0	3.637	0	0	10.031	0	0.714	0	0	0.537	0	0.9	0	0	0.494	0	0.333	0	0	0.467	0	0.75	0.714	0.8	0	0	0	1	1	0	0	0.644
0	-1	0	-1	0	0	-1	0	-1	0	0	-1	0	-1	0	0	-1	0	-1	0	0	-1	0	-1	0	0	-1	0	-1	0	0	-1	0	-1	0	0	-1	0	-1	0	0.899	0.998
0	1.125	0	0	0	0	1.125	0	0	0	0	1.125	0	0	0	0	0	0	0	0	0	0	0	0	0	0	0	0	0	0	0	0.8	0.2	0	0	0	0	0	0.333	0	0	0.380
0	0	0	0	0	0	0	0	0	0	0	0	0	0	0	0	0	0	0	0	0	0	0	0	0	0	0	0	0	0	0	0.667	0	0	0	0	1	0	0.25	0	0.018	0.577
0.927	0	0	0	0	0.927	0	0	0	0	0.927	0	0	0	0	0	0	0	0	0	0	0	0	0	0	0	0	0	0	0	0	0.4	0.2	0.2	0	0	0.2	0.2	0	0	0.197	0.250
0	0	0	0	0.915	0	0	0	0	0	0	0	0	0	0.915	0	0	0	0	0	0	0	0	0	0	0	0	0	0	0	0.6	0.25	0	1	0.6	0.2	0.5	0	1	0.2	0	0.690
0.861	0	0.968	4.367	0	0.861	0	0.865	5.239	0	0.861	0	1.833	2.64	0	0	0	1	0.333	0	0	0	0	0.333	0	0	0	0	0.333	0	0	0	0	0.5	0	0	0	0.333	1	0	0.418	0.172
0	0	0	3.679	0	0	0	0	3.679	0	0	0	0	1.921	0	0	0	0	0.167	0	0	0	0	0.167	0	0	0	0	0	0	0	0	0.4	0	0	0	0	0.4	0	0	0.557	0.620
0	0	0	0	20.649	0	0	0	0	21.831	0	0	0	0	2.08	0	0	0	0	0.573	0	0	0	0	0.542	0	0	0	0	0	0.2	0.25	0.667	0.25	0	0.2	0.125	1	0.25	0	0	0.456
0	0	0	0	0	0	0	0	0	0	0	0	0	0	0	0	0	0	0	0	0	0	0	0	0	0	0	0	0	0	0	0.25	0	0.2	0	0	0	0	0	0	0.72	0.295
0	0	21.846	0	0	0	0	22.856	0	0	0	0	10.191	0	0	0	0	0.205	0	0	0	0	0.203	0	0	0	0	0.109	0	0	0	0	0.667	0	0	0	0	0	0	0	0	0.495
0.861	6.356	21.77	0	5.444	0.861	9.316	20.014	0	5.444	0.861	7.496	11.525	0	1.889	0	0.756	0.567	0	0.667	0	0.689	0.562	0	0.6	0	0.429	0.47	0	0	0	0	0	0	0	0	0	0	0	0	0.714	0.191
0.915	0	0	0	0	0	0	0	0	0	0.915	0	0	0	0	0	0	0	0	0	0	0	0	0	0	0	0	0	0	0	0.6	0	0.8	0.571	0	0	0	0.4	0.571	0	0	0.597
7.006	8.827	23.211	8.964	13.476	11.573	15.669	31.486	17.766	19.532	5.217	9.394	16.201	11.779	12.959	0.836	0.886	0.618	0.8	0.674	0.818	0.876	0.596	0.792	0.658	0.7	0.75	0.549	0.689	0.538	0	0.143	1	0	0	0	0	0	0	0	0.557	0.289
5.444	21.77	0	0.861	0	5.444	20.014	0	0.861	0	1.889	11.525	0	0.861	0	0.667	0.567	0	0	0	0.6	0.562	0	0	0	0	0.47	0	0	0	0	0	0.2	0	0	0	0	0	0	0	0	0.354
0	0	0	0	0	0	1.84	1.791	0	0	0	1.84	1.791	0	0	0	0	0	0	0	0	0	0	0	0	0	0	0	0	0	0.2	0	0	0.111	0	0.2	0	0	0	0	0	0.626
0	0	0	0	0	2.878	0	0	2.053	1.84	2.878	0.868	0	2.053	1.84	0	0	0	0	0	0	0	0	0	0	0	0	0	0	0	0	0.5	0.111	0.4	0	0	0.75	0	0	0	0.42	0.270
0	21.846	2.863	0	0	0	22.856	3.732	0	0	0	10.191	3.732	0	0	0	0.205	0.5	0	0	0	0.203	0.5	0	0	0	0.109	0.5	0	0	0	0.667	0	0	0.2	0	0	0	0	0.2	0.556	0.191
0	0	0	0	4.367	0	0	0	0	5.239	0	0	0	0	2.64	0	0	0	0	0.333	0	0	0	0	0.333	0	0	0	0	0.333	0	0	0	0	0.5	0	0	0	0	1	0.298	0.331
1.889	0	0	0	0	1.889	0	0	0	0	1.889	0	0	0	0	1	0	0	0	0	1	0	0	0	0	1	0	0	0	0	0.2	0	0	0	0.2	0	0	0	0	0.2	0.298	0.301
0	0.929	0	0	0	0	1.935	0	0	0	0	1.935	0	0	0	0	1	0	0	0	0	1	0	0	0	0	1	0	0	0	0	0	0	0	0	0	0.5	0	0	0	0	0.500
0	0	0	0	0.907	0	0	0	0	0.907	0	0	0	0	0.907	0	0	0	0	0	0	0	0	0	0	0	0	0	0	0	0	0.4	0.2	0.875	0	0	0.2	0	1	0	0	0.614
3.679	0	0	0	0	3.679	0	0	0	0	1.921	0	0	0	0	0.167	0	0	0	0	0.167	0	0	0	0	0	0	0	0	0	0	0	0	0.8	0	0	0	0	0.4	0	0.117	0.230
20.009	0	0.873	0	0	20.925	0	0.873	0	0	10.031	0	0.873	0	0	0.537	0	0	0	0	0.494	0	0	0	0	0.467	0	0	0	0	0	0.714	0.2	0	0	0	1	0.4	0	0	0.059	0.299
0	0	0	0	0	0	0	0	0	0	0	0	0	0	0	0	0	0	0	0	0	0	0	0	0	0	0	0	0	0	0	0	0	0	0	0	0	0	0	0	0.556	0.595
0	0	0	6.389	0	0	0	0	6.389	0	0	0	0	2.75	0	0	0	0	0.619	0	0	0	0	0.571	0	0	0	0	0.333	0	0	0	0	0.667	0.625	0	0	0	0	0	0.298	0.336
0	1.889	0	0	0	0	1.889	0	0	0	0	1.889	0	0	0	0	1	0	0	0	0	1	0	0	0	0	1	0	0	0	0	0.2	0.2	0	0	0	0	0.2	0	0	0	0.597
21.77	0.861	5.444	6.356	0	20.014	0.861	5.444	9.316	0	11.525	0.861	1.889	7.496	0	0.567	0	0.667	0.756	0	0.562	0	0.6	0.689	0	0.47	0	0	0.429	0	0	0	0	0	0.2	0	0	0	0	0	0	0.183
0	0.894	10.998	0.867	0	0	0	9.836	0.867	0	0	2.828	5.776	0	0	0	0.333	0.462	0	0	0	0	0.691	0	0	0	0.333	0.133	0	0	0.75	0	0	0	0	0.75	0	0	0	0	0	0.875
0	0	0	0	0	0	0	0	0	0	0	0	0	0	0	0	0	0	0	0	0	0	0	0	0	0	0	0	0	0	0	0	0	0	0	0	0	0	0	0	0.898	0.995
17.846	0	0	0	27.065	19.692	0	0	0	32.578	7.421	0	0	0	18.722	0.614	0	0	0	0.611	0.586	0	0	0	0.587	0.429	0	0	0	0.404	0.889	0.5	0.75	0	0	0	0.75	0.625	0	0	0.116	0.356
0	0.927	0	0	1.9	0	0.927	0	0	1.9	0	0.927	0	0	1.9	0	0	0	0	0	0	0	0	0	0	0	0	0	0	0	0.2	0	0	0.4	0	0.2	0	0	0.2	0	0	0.710
0	1.771	5.407	0.881	0	0	2.707	8.323	1.782	0	0	2.707	4.639	1.782	0	0	1	0.472	1	0	0	1	0.472	1	0	0	0.333	0.3	1	0	0	0	0.25	0	0.8	0	0	0	0	0.6	0.716	0.329
7.68	0	4.784	0.968	0	7.512	0	4.882	0.865	0.909	7.807	0	4.888	1.833	0.909	0.473	0	0.867	1	0	0.393	0	0.9	0	0	0.536	0	0.9	0	0	0	0	0	0	0	0.714	0	0	0.333	0	0.418	0.325
0	0	0	0.912	0.927	0	0	0	0.912	0.927	0	0	0	0.934	0.927	0	0	0	1	0	0	0	0	0	0	0	0	0	0	0	0.2	0.2	0.4	0	0	0	0	0.2	0	0	0	0.629
0	2.807	0	0.951	0	0	3.813	0	0.951	0	0	2.951	0	0.951	0	0	0.5	0	0	0	0	0.5	0	0	0	0	0.667	0	0	0	0	0.2	0	0.25	0	0	0	0	0	0	0	0.543
0	0	0	0	0	0	0	0	0	0	0	0	0	0	0	0	0	0	0	0	0	0	0	0	0	0	0	0	0	0	0	0	0	0.667	0	0	0	0	1	0.333	0.717	0.200
0	0	0	1.833	0	0	0	0	3.869	0	0	0	0	3.004	0	0	0	0	0.667	0	0	0	0	0.667	0	0	0	0	0.667	0	0	0	0	0.143	0	0	0	0	0	0	0.557	0.164
0	0	0	0	0	0	0	0	0	0	0	0	0	0	0	0	0	0	0	0	0	0	0	0	0	0	0	0	0	0	0.25	0.2	0	0	0	0	0	0	0	0	0	0.458
0	0	0	0	0	0	0	0	0	0	0	0	0	0	0	0	0	0	0	0	0	0	0	0	0	0	0	0	0	0	0.5	0	0	0	0.25	0.5	0	0	0	0	0.197	0.620
0	0	0.907	0	0	0	0	0.907	0	0	0	0	0.907	0	0	0	0	0	0	0	0	0	0	0	0	0	0	0	0	0	0.2	0	0	0.4	1	0	0	0	0.2	1	0	0.858
0	0	0	0	0	0	0	0	0	0	0	0	0	0	0	0	0	0	0	0	0	0	0	0	0	0	0	0	0	0	0.25	1	0.6	0	0	0.5	1	0.2	0	0	0	0.752
0	0	0	0	0	0	0	0	0	0	0	0	0	0	0	0	0	0	0	0	0	0	0	0	0	0	0	0	0	0	0	0	0	0	0	0	0	0	0	0	0.556	0.180
1.125	0	0	0	0	1.125	0	0	0	0	1.125	0	0	0	0	0	0	0	0	0	0	0	0	0	0	0	0	0	0	0	0.8	0	0	0	0.2	0	0.333	0	0	0	0	0.369
13.476	23.211	0	7.006	1.779	19.532	31.486	1.974	11.573	3.782	12.959	16.201	1.974	5.217	2.003	0.674	0.618	1	0.836	1	0.658	0.596	1	0.818	1	0.538	0.549	1	0.7	1	0	1	0	0	0	0	0	0	0	0	0	0.303
0	0	0	0	0	1.791	0	0	1.84	0.883	1.791	0	0	1.84	0.883	0	0	0	0	0	0	0	0	0	0	0	0	0	0	0	0	0.2	0	0	0	0	0.2	0	0	0	0.197	0.217
0	3.679	0	0	0	0	3.679	0	0	0	0	1.921	0	0	0	0	0.167	0	0	0	0	0.167	0	0	0	0	0	0	0	0	0	0	0	0	0.4	0	0	0	0	0.4	0.419	0.623
0	0	0	0	0	0	0	0	0	0	0	0	0	0	0	0	0	0	0	0	0	0	0	0	0	0	0	0	0	0	0	0	0	0	0	0	0	0	0	0	0.299	0.459
22.656	21.586	27.832	8.107	23.379	33.955	31.572	38.662	16.268	34.173	23.803	20.042	15.034	16.268	13.753	0.581	0.582	0.433	0.829	0.531	0.549	0.563	0.413	0.819	0.503	0.52	0.458	0.636	0.533	0.618	1	0	0	0	0.111	0	0	0	0	0	0.119	0.403
0	0.915	0	0	3.679	0	0	0	0	3.679	0	0.915	0	0	1.921	0	0	0	0	0.167	0	0	0	0	0.167	0	0	0	0	0	0.8	0.6	0	0	0	0.4	0	0	0	0	0.298	0.744
0	0	38.049	11.719	0	0	0	34.969	15.421	0	0	0	17.41	8.308	0	0	0	0.435	0.581	0	0	0	0.417	0.581	0	0	0	0.5	0.472	0	0	0.143	0.2	0	0	0	0	0	0.6	0	0.415	0.191
0	0	0	0.898	0	0	2.053	2.878	1.774	0	0.868	2.053	2.878	2.643	0	0	0	0	0	0	0	0	0	0	0	0	0	0	0	0	0.5	0.4	0	0	0.111	0.75	0	0	0	0	0.12	0.605
4.44	0	0	0	21.86	5.52	0	0	0	24.695	2.813	0	0	0	4.746	0.8	0	0	0	0.591	0.8	0	0	0	0.563	0.667	0	0	0	0.5	0	0	0	0	0	0	0	0	0	0	0.297	0.130
0	0	0	0	0	0	0	0	0	0	0	0	0	0	0	0	0	0	0	0	0	0	0	0	0	0	0	0	0	0	0	0.2	0.5	0	0.143	0	0	0	0	0	0	0.516
