1.923	0	2.643	0	0	1.923	0	2.643	0	0	0	0	0	0	0	0	0	0.333	0	0	0	0	0.333	0	0	0	0	0	0	0	0	0	0	0	0	0	0	0	0	0	0.415	0.235
1.085	1.067	0	3.265	0	1.085	1.067	0.923	3.265	0	0	0	0	0	0	0	0	0	0.667	0	0	0	0	0.667	0	0	0	0	0	0	0	0	0.75	0	1	0	0	1	0	1	0.119	0.304
0.882	0	12.702	0	4.766	0.882	0	17.9	0	9.327	0	0	0	0	0	0	0	0.5	0	0.639	0	0	0.5	0	0.639	0	0	0	0	0	0	0.4	0.625	0	0	0	0.6	0.75	0	0.75	0	0.362
0	1.227	0.879	1.125	19.851	0	1.227	0.879	1.125	23.259	0	0	0	0	0	0	0	0	0	0.281	0	0	0	0	0.281	0	0	0	0	0	0	0	0	0.714	0	0.2	0.5	0	0	0	0	0.553
0	0	1.171	0.812	7.115	3.568	1.662	2.08	4.194	10.759	0	0	0	0	0	0.333	1	0	0.333	0.4	0.333	1	0	0.333	0.4	0	0	0	0	0	0	0	0	0.444	0.667	0	0.333	0	0	0.333	0.894	0.320
2.643	1.923	0	0	0	2.643	1.923	0	0	0	0	0	0	0	0	0.333	0	0	0	0	0.333	0	0	0	0	0	0	0	0	0	0	0	0	0	0	0	0	0	0	0	0.117	0.285
6.094	5.364	0.812	0	0	9.868	7.827	4.194	2.621	1.662	0	0	0	0	0	0.067	0.179	0.333	0.333	1	0.067	0.179	0.333	0.333	1	0	0	0	0	0	0.8	0.667	0.444	0.8	0	0.6	0	0	0.8	0.333	0.197	0.475
3.082	0	1.081	0	0	4.005	0	1.081	0.923	0	0	0	0	0	0	0	0	0	0	0	0	0	0	0	0	0	0	0	0	0	1	1	0.5	0.75	0.5	1	1	0	1	0.75	0.419	0.764
0	0	0	0	0	0	1.205	0	0	0	0	0	0	0	0	0	0	0	0	0	0	0	0	0	0	0	0	0	0	0	0.125	0.25	0	0	0	0	0	0	0	0	0.9	0.323
0	19.373	4.673	0	0.851	0	20.64	5.94	0	0.851	0	0	0	0	0	0	0.389	0.933	0	0	0	0.389	0.933	0	0	0	0	0	0	0	0	0	0.2	0	0	0	0	0	0	0	0.556	0.250
0.839	17.176	0	0	2.696	3.226	20.464	0	0	3.87	0	0	0	0	0	0.333	0.255	0	0	0.667	0.333	0.255	0	0	0.667	0	0	0	0	0	0	0.4	0.143	0	0.2	0.333	0.2	0	0	0	0.298	0.362
0	6.855	0.866	0	1.125	0	12.274	1.694	0	1.125	0	0	0	0	0	0	0.321	1	0	0	0	0.321	1	0	0	0	0	0	0	0	0	0.444	0	0	0.714	0.333	0.667	0	0.6	0	0	0.599
0	5.462	0	0	11.707	0	5.462	0	0	12.905	0	0	0	0	0	0	0.133	0	0	0.59	0	0.133	0	0	0.59	0	0	0	0	0	0	0.2	0.333	0	0	0	0	0	0	0	0	0.590
4.349	6.108	0	13.641	6.855	8.738	12.292	0	19.426	12.274	0	0	0	0	0	0.75	0.485	0	0.368	0.321	0.75	0.485	0	0.368	0.321	0	0	0	0	0	0.25	0	0	0	0.444	0.25	0	0.6	0.333	0.667	0.415	0.357
6.855	0	0	4.349	0.866	12.274	0	0	8.738	1.694	0	0	0	0	0	0.321	0	0	0.75	1	0.321	0	0	0.75	1	0	0	0	0	0	0.444	0	0	0.25	0	0.667	0.6	0.333	0.25	0	0.556	0.298
2.653	0	5.413	8.044	7.122	5.215	0	8.209	10.857	14.008	0	0	0	0	0	0.333	0	0.583	0.364	0.449	0.333	0	0.583	0.364	0.449	0	0	0	0	0	0	0	0	0	0	0	0	0	0	0	0.197	0.136
0.978	9.817	0	0	11.277	0.978	13.908	0	0	14.414	0	0	0	0	0	0	0.381	0	0	0.371	0	0.381	0	0	0.371	0	0	0	0	0	0.2	0.4	0.75	0	0.2	0	0	1	0	0	0	0.507
1.067	0	0	0.843	1.672	1.067	0	0	0.843	1.672	0	0	0	0	0	0	0	0	0	1	0	0	0	0	1	0	0	0	0	0	0	0	0	0	0	0	0	0	0	0	0	0.447
6.588	2.506	1.669	6.28	3.437	13.41	9.588	5.683	14.573	9.089	0	0	0	0	0	0.526	0.667	0.733	0.44	0.611	0.526	0.667	0.733	0.44	0.611	0	0	0	0	0	0.6	0.25	0	0	0.6	0.4	0	0	0	0	0.419	0.332
11.277	0	5.918	0.978	0	14.414	0	8.842	0.978	0	0	0	0	0	0	0.371	0	0.222	0	0	0.371	0	0.222	0	0	0	0	0	0	0	0.2	0.75	0	0.2	0.8	0	1	0	0	0.4	0.298	0.309
0	0	4.285	0	0	0.852	0	6.008	0	0	0	0	0	0	0	0	0	0.238	0	0	0	0	0.238	0	0	0	0	0	0	0	0	0.75	0.2	0.5	0.2	0	0.75	0	0.75	0.4	0	0.315
2.506	6.28	6.588	2.682	1.669	9.588	14.573	13.41	9.285	5.683	0	0	0	0	0	0.667	0.44	0.526	0.528	0.733	0.667	0.44	0.526	0.528	0.733	0	0	0	0	0	0.25	0	0.6	0	0	0	0	0.4	0	0	0.415	0.298
11.707	0	0	0	3.789	12.905	0	0	0	5.797	0	0	0	0	0	0.59	0	0	0	0.8	0.59	0	0	0	0.8	0	0	0	0	0	0	0.333	1	0	0	0	0	1	0	0	0	0.538
0	1.153	0	3.704	0	0	1.153	0	5.321	0	0	0	0	0	0	0	0	0	0.467	0	0	0	0	0.467	0	0	0	0	0	0	1	0	0	0.5	0.4	1	0	0	0.25	0.6	0	0.981
0	0.978	11.277	9.817	5.918	0	0.978	14.414	13.908	8.842	0	0	0	0	0	0	0	0.371	0.381	0.222	0	0	0.371	0.381	0.222	0	0	0	0	0	0.75	0.2	0.2	0.4	0	1	0	0	0	0	0.417	0.959
8.721	5.765	14.094	0	0	11.962	9.903	15.257	0	0	0	0	0	0	0	0.53	0.694	0.45	0	0	0.53	0.694	0.45	0	0	0	0	0	0	0	0	0	0	0	0	0	0	0	0	0	0.417	0.251
1.171	0	7.115	0	0	2.08	3.568	10.759	1.662	0	0	0	0	0	0	0	0.333	0.4	1	0	0	0.333	0.4	1	0	0	0	0	0	0	0	0	0.667	0	0	0	0	0.333	0.333	0	0.718	0.258
4.766	12.702	0.828	0.882	4.184	9.327	17.9	3.733	0.882	10.356	0	0	0	0	0	0.639	0.5	0.333	0	0.333	0.639	0.5	0.333	0	0.333	0	0	0	0	0	0	0.625	0	0	0	0.75	0.75	0	0	0	0.294	0.628
0.879	0	19.851	1.227	0	0.879	0	23.259	1.227	0	0	0	0	0	0	0	0	0.281	0	0	0	0	0.281	0	0	0	0	0	0	0	0	0	0	0	0	0	0.2	0	0.5	0	0.42	0.170
19.373	0	0	0	4.673	20.64	0	0	0	5.94	0	0	0	0	0	0.389	0	0	0	0.933	0.389	0	0	0	0.933	0	0	0	0	0	0	0	0	0	0.2	0	0	0	0	0	0.198	0.300
0	0	1.923	0	2.643	0	0	1.923	0	2.643	0	0	0	0	0	0	0	0	0	0.333	0	0	0	0	0.333	0	0	0	0	0	0	0	0	0	0	0	0	0	0	0	0.894	0.198
0	8.044	2.653	0	5.413	0	10.857	5.215	0	8.209	0	0	0	0	0	0	0.364	0.333	0	0.583	0	0.364	0.333	0	0.583	0	0	0	0	0	0	0	0	0.2	0	0	0	0	0.4	0	0.42	0.324
0	1.085	0	1.067	3.082	0.923	1.085	0	1.067	4.005	0	0	0	0	0	0	0	0	0	0	0	0	0	0	0	0	0	0	0	0	0.75	0	1	0	1	1	0	1	0	1	0.196	0.899
0.851	4.673	2.518	0	0	0.851	5.94	2.518	0	0	0	0	0	0	0	0	0.933	1	0	0	0	0.933	1	0	0	0	0	0	0	0	0	0.2	0	0	0.2	0	0	0	0	0.2	0.558	0.212
5.918	11.277	0	0	0	8.842	14.414	0	0	0	0	0	0	0	0	0.222	0.371	0	0	0	0.222	0.371	0	0	0	0	0	0	0	0	0	0.2	0.8	0.75	0.8	0	0	0.4	1	0.6	0	0.269
0	0	0	0	0	0	0.944	0	0	0	0	0	0	0	0	0	0	0	0	0	0	0	0	0	0	0	0	0	0	0	0	0	0	0	0	0	0	0	0	0	0	0.389
19.851	0.879	0	0	0	23.259	0.879	0	0	0.826	0	0	0	0	0	0.281	0	0	0	0	0.281	0	0	0	0	0	0	0	0	0	0	0	0	0	0	0	0	0	0.2	0	0.296	0.298
12.702	0.882	4.766	0	0.828	17.9	0.882	9.327	0	3.733	0	0	0	0	0	0.5	0	0.639	0	0.333	0.5	0	0.639	0	0.333	0	0	0	0	0	0.625	0	0	0.4	0	0.75	0	0.75	0.6	0	0	0.548
0	0	3.265	0	1.067	0	0	3.265	0	1.067	0	0	0	0	0	0	0	0.667	0	0	0	0	0.667	0	0	0	0	0	0	0	0	0	0	0	0	0	0	0	0	0	0	0.585
0	0.949	0	1.683	0	0	2.581	0	3.801	1.205	0	0	0	0	0	0	0.333	0	0.667	0	0	0.333	0	0.667	0	0	0	0	0	0	0.8	0	0.25	0	0.667	0.2	0	0.5	0	0	0	0.822
0	11.707	3.789	0	0	0	12.905	5.797	0	0	0	0	0	0	0	0	0.59	0.8	0	0	0	0.59	0.8	0	0	0	0	0	0	0	1	0	0	0.333	1	1	0	0	0	1	0.417	0.975
0	1.081	0	3.082	0	0	1.081	0	4.005	0.852	0	0	0	0	0	0	0	0	0	0	0	0	0	0	0	0	0	0	0	0	0.5	0.5	0.75	1	0	0.75	0	0.75	1	0	0.415	0.768
0	2.187	3.704	0	1.153	0	2.994	5.321	0	1.153	0	0	0	0	0	0	0.667	0.467	0	0	0	0.667	0.467	0	0	0	0	0	0	0	0.2	0	0.5	1	0	0.4	0	0.25	1	0	0.42	0.530
0	1.942	0	1.944	0	0	1.942	1.205	2.751	0	0	0	0	0	0	0	1	0	0.333	0	0	1	0	0.333	0	0	0	0	0	0	0	0.333	0.25	0	0.125	0	0.333	0	0	0	0	0.707
0	1.927	0	0	0	0	1.927	0.944	0	0	0	0	0	0	0	0	0	0	0	0	0	0	0	0	0	0	0	0	0	0	0	0	0	0	0	0	0	0	0	0	0.557	0.259
1.125	0.866	1.227	0	0	1.125	1.694	1.227	0	0	0	0	0	0	0	0	1	0	0	0	0	1	0	0	0	0	0	0	0	0	0.714	0	0	0	0	0	0	0.5	0.333	0.2	0.418	0.261
3.377	0	2.682	7.122	6.28	9.487	0	9.285	14.008	14.573	0	0	0	0	0	0.667	0	0.528	0.449	0.44	0.667	0	0.528	0.449	0.44	0	0	0	0	0	0	0	0	0	0	0	0	0	0	0	0.113	0.265
0	0	0	0	19.373	0	0	0	0.944	20.64	0	0	0	0	0	0	0	0	0	0.389	0	0	0	0	0.389	0	0	0	0	0	0	0	0	0	0	0	0	0	0	0	0.556	0.221
5.364	0	6.094	0	0.812	7.827	2.621	9.868	0	4.194	0	0	0	0	0	0.179	0.333	0.067	0	0.333	0.179	0.333	0.067	0	0.333	0	0	0	0	0	0.667	0.8	0.8	0	0.444	0	0.8	0.6	0	0	0.299	0.345
0	19.851	0	0.879	7.811	0	23.259	0.826	0.879	11.722	0	0	0	0	0	0	0.281	0	0	0.582	0	0.281	0	0	0.582	0	0	0	0	0	0	0	0	0	0	0	0	0	0	0	0.554	0.167
0.822	5.895	0	3.437	9.817	2.541	11.09	0	9.089	13.908	0	0	0	0	0	1	0.618	0	0.611	0.381	1	0.618	0	0.611	0.381	0	0	0	0	0	0	0.2	0	0.6	0.4	0	0.4	0	0	0	0.42	0.448
3.437	1.669	5.895	6.588	0.822	9.089	5.683	11.09	13.41	2.541	0	0	0	0	0	0.611	0.733	0.618	0.526	1	0.611	0.733	0.618	0.526	1	0	0	0	0	0	0.6	0	0.2	0.6	0	0	0	0.4	0.4	0	0.556	0.267
13.641	4.184	6.108	0.828	4.349	19.426	10.356	12.292	3.733	8.738	0	0	0	0	0	0.368	0.333	0.485	0.333	0.75	0.368	0.333	0.485	0.333	0.75	0	0	0	0	0	0	0	0	0	0.25	0.333	0	0	0	0.25	0.56	0.293
0	4.349	6.855	6.108	0	0	8.738	12.274	12.292	0	0	0	0	0	0	0	0.75	0.321	0.485	0	0	0.75	0.321	0.485	0	0	0	0	0	0	0	0.25	0.444	0	0	0.6	0.25	0.667	0	0.333	0	0.809
3.265	0	1.067	0	1.085	3.265	0	1.067	0	1.085	0	0	0	0	0	0.667	0	0	0	0	0.667	0	0	0	0	0	0	0	0	0	0	0	0	0	0	0	0	0	0	0	0.197	0.149
1.942	1.944	0	0	0	1.942	2.751	0	1.205	1.205	0	0	0	0	0	1	0.333	0	0	0	1	0.333	0	0	0	0	0	0	0	0	0.333	0	0	0.667	0.25	0.333	0	0	0	0	0.198	0.510
1.081	3.082	0	0	0	1.081	4.005	0	0	0	0	0	0	0	0	0	0	0	0	0	0	0	0	0	0	0	0	0	0	0	0.5	1	0.5	1	0.75	0	1	0.75	1	0.75	0	0.544
3.789	0	0	11.707	2.187	5.797	0	0	12.905	2.994	0	0	0	0	0	0.8	0	0	0.59	0.667	0.8	0	0	0.59	0.667	0	0	0	0	0	0	1	1	0	0	0	1	1	0	0	0.116	0.431
0	0	0.882	0	12.702	0	0	0.882	0	17.9	0	0	0	0	0	0	0	0	0	0.5	0	0	0	0	0.5	0	0	0	0	0	0.4	0	0	1	0.625	0.6	0	0	1	0.75	0	0.935
1.067	3.265	1.085	0	0	1.067	3.265	1.085	0	0.923	0	0	0	0	0	0	0.667	0	0	0	0	0.667	0	0	0	0	0	0	0	0	0	0	0	0	0.75	0	0	0	0	1	0	0.378
0	0	0	1.927	0	0.944	0	0	1.927	0	0	0	0	0	0	0	0	0	0	0	0	0	0	0	0	0	0	0	0	0	0	0	0	0	0	0	0	0	0	0	0	0.465
5.765	0	8.721	0	14.094	9.903	0	11.962	0	15.257	0	0	0	0	0	0.694	0	0.53	0	0.45	0.694	0	0.53	0	0.45	0	0	0	0	0	0	0	0	0	0	0	0	0	0	0	0.297	0.153
5.895	3.437	0.822	1.669	0	11.09	9.089	2.541	5.683	0	0	0	0	0	0	0.618	0.611	1	0.733	0	0.618	0.611	1	0.733	0	0	0	0	0	0	0.2	0.6	0	0	0	0.4	0	0	0	0	0.198	0.392
7.115	1.171	0	0	17.176	10.759	2.08	0	3.568	20.464	0	0	0	0	0	0.4	0	0	0.333	0.255	0.4	0	0	0.333	0.255	0	0	0	0	0	0.667	0	0	0	0.4	0.333	0	0	0	0.2	0.19	0.468
0	1.672	0	0	0	0	1.672	0	0	0	0	0	0	0	0	0	1	0	0	0	0	1	0	0	0	0	0	0	0	0	0	0	0	0	0	0	0	0	0	0	0	0.694
0	3.789	2.187	0	0	0	5.797	2.994	0	0	0	0	0	0	0	0	0.8	0.667	0	0	0	0.8	0.667	0	0	0	0	0	0	0	1	0	0	1	0.2	1	0	0	1	0.4	0.417	0.974
0	7.122	3.377	5.413	2.682	0	14.008	9.487	8.209	9.285	0	0	0	0	0	0	0.449	0.667	0.583	0.528	0	0.449	0.667	0.583	0.528	0	0	0	0	0	0	0	0	0	0	0	0	0	0	0	0.557	0.309
0	0.843	1.067	1.171	0	0	0.843	1.067	1.171	0	0	0	0	0	0	0	0	0	0	0	0	0	0	0	0	0	0	0	0	0	0	0	0	0	0	0	0	0	0	0	0	0.652
1.669	6.588	3.437	2.506	5.895	5.683	13.41	9.089	9.588	11.09	0	0	0	0	0	0.733	0.526	0.611	0.667	0.618	0.733	0.526	0.611	0.667	0.618	0	0	0	0	0	0	0.6	0.6	0.25	0.2	0	0.4	0	0	0.4	0.717	0.323
0	2.518	0	0.851	0	0	2.518	0	0.851	0	0	0	0	0	0	0	1	0	0	0	0	1	0	0	0	0	0	0	0	0	0.2	0	0.4	0	0	0.2	0	0	0	0	0	0.504
1.944	0	1.942	0	0	2.751	1.205	1.942	0	0	0	0	0	0	0	0.333	0	1	0	0	0.333	0	1	0	0	0	0	0	0	0	0	0.667	0.333	0.25	0	0	0	0.333	0.5	0	0.417	0.298
1.153	3.704	0	0	0	1.153	5.321	0	0	0	0	0	0	0	0	0	0.467	0	0	0	0	0.467	0	0	0	0	0	0	0	0	0	0.5	1	0.2	0	0	0.25	1	0.4	0	0	0.593
0	0	0	1.081	4.285	0	0	0.852	1.081	6.008	0	0	0	0	0	0	0	0	0	0.238	0	0	0	0	0.238	0	0	0	0	0	0.75	0.5	0	0.5	0.2	0.75	0.75	0	0	0	0.296	0.782
0	0.822	9.817	5.895	0.978	0	2.541	13.908	11.09	0.978	0	0	0	0	0	0	1	0.381	0.618	0	0	1	0.381	0.618	0	0	0	0	0	0	0	0	0.4	0.2	0.2	0	0	0	0.4	0	0.556	0.229
17.176	0	0.839	7.115	0	20.464	0	3.226	10.759	0	0	0	0	0	0	0.255	0	0.333	0.4	0	0.255	0	0.333	0.4	0	0	0	0	0	0	0.4	0	0	0.667	0.143	0.2	0	0.333	0.333	0	0.419	0.270
4.285	0	0	0	8.044	6.008	0.852	0	0	10.857	0	0	0	0	0	0.238	0	0	0	0.364	0.238	0	0	0	0.364	0	0	0	0	0	0.2	0	0.2	0.75	0	0	0	0.4	0.75	0	0.292	0.283
0.828	4.766	4.184	12.702	13.641	3.733	9.327	10.356	17.9	19.426	0	0	0	0	0	0.333	0.639	0.333	0.5	0.368	0.333	0.639	0.333	0.5	0.368	0	0	0	0	0	0	0	0	0.625	0	0	0.75	0	0.75	0.333	0.716	0.228
0	0	1.683	5.918	0.949	0	0	3.801	8.842	2.581	0	0	0	0	0	0	0	0.667	0.222	0.333	0	0	0.667	0.222	0.333	0	0	0	0	0	0.8	0.8	0	0	0	0.6	0.4	0	0	0	0	0.977
0	0	0	1.672	1.923	0	0	0	1.672	1.923	0	0	0	0	0	0	0	0	1	0	0	0	0	1	0	0	0	0	0	0	0	0	0	0	0	0	0	0	0	0	0.418	0.215
1.683	0	0.949	0	0	3.801	0	2.581	0	0	0	0	0	0	0	0.667	0	0.333	0	0	0.667	0	0.333	0	0	0	0	0	0	0	0	0.8	0	0.8	0.8	0	0.6	0	0.4	0.2	0	0.335
0	14.094	3.852	8.721	0	0	15.257	5.644	11.962	0	0	0	0	0	0	0	0.45	0.4	0.53	0	0	0.45	0.4	0.53	0	0	0	0	0	0	0	0	0	0	0	0	0	0	0	0	0.554	0.217
0	0	0	0	3.265	0	0	0	0	3.265	0	0	0	0	0	0	0	0	0	0.667	0	0	0	0	0.667	0	0	0	0	0	0	0	0	0	0	0	0	0	0	0	0.419	0.512
1.672	0	0	1.067	0	1.672	0	0	1.067	0	0	0	0	0	0	1	0	0	0	0	1	0	0	0	0	0	0	0	0	0	0	0	0	0	0	0	0	0	0	0	0.296	0.205
7.811	0	0	0	0	11.722	0.826	4.038	0	0	0	0	0	0	0	0.582	0	0.667	0	0	0.582	0	0.667	0	0	0	0	0	0	0	0	0	0	0	0	0	0	0	0	0	0.896	0.110
1.927	0	0	3.852	0	1.927	0	0	5.644	0.944	0	0	0	0	0	0	0	0	0.4	0	0	0	0	0.4	0	0	0	0	0	0	0	0	0	0	0	0	0	0	0	0	0.3	0.184
0	0	1.944	0	1.942	1.205	0	2.751	0	1.942	0	0	0	0	0	0	0	0.333	0	1	0	0	0.333	0	1	0	0	0	0	0	0.667	0.25	0	0.8	0.333	0	0.5	0	0.2	0.333	0	0.696
0.866	0	1.125	6.855	1.227	1.694	0	1.125	12.274	1.227	0	0	0	0	0	1	0	0	0.321	0	1	0	0	0.321	0	0	0	0	0	0	0	0	0.714	0.444	0	0	0.333	0	0.667	0.5	0	0.447
1.171	0	0.843	2.696	0	1.171	0.937	0.843	3.87	0	0	0	0	0	0	0	0	0	0.667	0	0	0	0	0.667	0	0	0	0	0	0	0	0.375	0	0.2	0	0	0	0	0	0	0.419	0.328
0	7.115	17.176	1.171	0.839	0	10.759	20.464	2.08	3.226	0	0	0	0	0	0	0.4	0.255	0	0.333	0	0.4	0.255	0	0.333	0	0	0	0	0	0	0.667	0.4	0	0	0	0.333	0.2	0	0.333	0.419	0.312
6.108	13.641	4.349	4.184	0	12.292	19.426	8.738	10.356	0	0	0	0	0	0	0.485	0.368	0.75	0.333	0	0.485	0.368	0.75	0.333	0	0	0	0	0	0	0	0	0.25	0	0	0	0.333	0.25	0	0.6	0.119	0.155
2.518	0.851	0	4.673	0	2.518	0.851	0	5.94	0	0	0	0	0	0	1	0	0	0.933	0	1	0	0	0.933	0	0	0	0	0	0	0	0	0.2	0.2	0.4	0	0	0.2	0	0	0.42	0.217
2.187	0	0	3.789	3.704	2.994	0	0	5.797	5.321	0	0	0	0	0	0.667	0	0	0.8	0.467	0.667	0	0	0.8	0.467	0	0	0	0	0	0	1	0.2	0	0.5	0	1	0.4	0	0.25	0.556	0.273
14.094	8.721	0	5.765	3.852	15.257	11.962	0	9.903	5.644	0	0	0	0	0	0.45	0.53	0	0.694	0.4	0.45	0.53	0	0.694	0.4	0	0	0	0	0	0	0	0	0	0	0	0	0	0	0	0.116	0.257
0	0	0	0	0	0	0	0	0	2.621	0	0	0	0	0	0	0	0	0	0.333	0	0	0	0	0.333	0	0	0	0	0	0	1	0	0	0.8	0	1	0	0	0.8	0	0.518
0	1.067	1.672	0	0	0	1.067	1.672	0	0	0	0	0	0	0	0	0	1	0	0	0	0	1	0	0	0	0	0	0	0	0	0	0	0	0	0	0	0	0	0	0.556	0.231
0	0	19.373	0	0	0	0	20.64	0	0	0	0	0	0	0	0	0	0.389	0	0	0	0	0.389	0	0	0	0	0	0	0	0	0	0	0	0	0	0	0	0	0	0.718	0.423
0.949	1.683	0	0	0	2.581	3.801	0	0	0	0	0	0	0	0	0.333	0.667	0	0	0	0.333	0.667	0	0	0	0	0	0	0	0	0	0	0.8	0.8	0.25	0	0	0.2	0.6	0.5	0	0.307
0	0	7.811	19.851	0	0.826	0	11.722	23.259	4.038	0	0	0	0	0	0	0	0.582	0.281	0.667	0	0	0.582	0.281	0.667	0	0	0	0	0	0	0	0	0	0	0	0	0	0	0	0.716	0.218
0	3.852	1.927	0	0	0	5.644	1.927	0	0	0	0	0	0	0	0	0.4	0	0	0	0	0.4	0	0	0	0	0	0	0	0	0	0	0	0	0	0	0	0	0	0	0	0.605
0	0	0	0	0	0	0	0	0	0	0	0	0	0	0	0	0	0	0	0	0	0	0	0	0	0	0	0	0	0	0	0.4	1	0.2	0	0	0	1	0.2	0	0	0.607
2.696	0	0	0.839	1.171	3.87	0	0.937	3.226	1.171	0	0	0	0	0	0.667	0	0	0.333	0	0.667	0	0	0.333	0	0	0	0	0	0	0.2	0.143	0.375	0	0	0	0	0	0.333	0	0.198	0.195
5.413	2.653	7.122	0	0	8.209	5.215	14.008	0	0	0	0	0	0	0	0.583	0.333	0.449	0	0	0.583	0.333	0.449	0	0	0	0	0	0	0	0	0	0	0	0	0	0	0	0	0	0	0.554
0	0	11.707	5.462	0	0	0	12.905	5.462	0	0	0	0	0	0	0	0	0.59	0.133	0	0	0	0.59	0.133	0	0	0	0	0	0	0.333	0	0	0.2	1	0	0	0	0	1	0	0.695
5.462	0	0	0	0	5.462	0	0	0	0	0	0	0	0	0	0.133	0	0	0	0	0.133	0	0	0	0	0	0	0	0	0	0.2	0	0	0	0.333	0	0	0	0	0	0	0.315
8.044	0	0	4.285	2.653	10.857	0	0	6.008	5.215	0	0	0	0	0	0.364	0	0	0.238	0.333	0.364	0	0	0.238	0.333	0	0	0	0	0	0	0.2	0	0.2	0	0	0.4	0	0	0	0.196	0.228
6.28	2.682	2.506	3.377	6.588	14.573	9.285	9.588	9.487	13.41	0	0	0	0	0	0.44	0.528	0.667	0.667	0.526	0.44	0.528	0.667	0.667	0.526	0	0	0	0	0	0	0	0.25	0	0.6	0	0	0	0	0.4	0.12	0.225
0	0	5.364	0	6.094	2.621	0	7.827	0	9.868	0	0	0	0	0	0.333	0	0.179	0	0.067	0.333	0	0.179	0	0.067	0	0	0	0	0	0.8	0	0.667	0	0.8	0.8	0	0	0	0.6	0.556	0.344
0	0	0	2.643	0	0	0	0	2.643	0	0	0	0	0	0	0	0	0	0.333	0	0	0	0	0.333	0	0	0	0	0	0	0	0	0	0	0	0	0	0	0	0	0.056	0.417
0	0	0	7.811	5.765	0	4.038	0	11.722	9.903	0	0	0	0	0	0	0.667	0	0.582	0.694	0	0.667	0	0.582	0.694	0	0	0	0	0	0	0	0	0	0	0	0	0	0	0	0.893	0.652
0	0	0	1.942	0	1.205	0	0	1.942	0	0	0	0	0	0	0	0	0	1	0	0	0	0	1	0	0	0	0	0	0	0.25	0	0.125	0.333	0	0	0	0	0.333	0	0.558	0.480
0	2.643	0	1.923	0	0	2.643	0	1.923	0	0	0	0	0	0	0	0.333	0	0	0	0	0.333	0	0	0	0	0	0	0	0	0	0	0	0	0	0	0	0	0	0	0.898	0.243
0	5.918	0	11.277	1.683	0	8.842	0	14.414	3.801	0	0	0	0	0	0	0.222	0	0.371	0.667	0	0.222	0	0.371	0.667	0	0	0	0	0	0.8	0	0.8	0.2	0	0.4	0	0.6	0	0	0	0.822
4.673	0	0.851	19.373	2.518	5.94	0	0.851	20.64	2.518	0	0	0	0	0	0.933	0	0	0.389	1	0.933	0	0	0.389	1	0	0	0	0	0	0.2	0	0	0	0	0	0	0	0	0	0.059	0.504
0	0	3.082	1.085	1.081	0	0.923	4.005	1.085	1.081	0	0	0	0	0	0	0	0	0	0	0	0	0	0	0	0	0	0	0	0	1	0.75	1	0	0.5	1	1	1	0	0	0.557	0.993
0	0	-1	0	-1	0	0	-1	0	-1	0	0	-1	0	-1	0	0	-1	0	-1	0	0	-1	0	-1	0	0	-1	0	-1	0	0	-1	0.125	-1	0	0	-1	0	-1	0.898	0.999
0	0	0	1.153	0.882	0	0	0	1.153	0.882	0	0	0	0	0	0	0	0	0	0	0	0	0	0	0	0	0	0	0	0	0	1	0.4	0	0	0	1	0.6	0	0	0	0.581
0	0	0	0	0	0	0	0	0	0	0	0	0	0	0	0	0	0	0	0	0	0	0	0	0	0	0	0	0	0	1	0	0	0.4	0	1	0	0	0	0	0	0.994
3.704	0	1.153	2.187	0	5.321	0	1.153	2.994	0	0	0	0	0	0	0.467	0	0	0.667	0	0.467	0	0	0.667	0	0	0	0	0	0	0.5	0.2	0	0	1	0.25	0.4	0	0	1	0.296	0.549
0.812	6.094	0	5.364	0	4.194	9.868	1.662	7.827	3.568	0	0	0	0	0	0.333	0.067	1	0.179	0.333	0.333	0.067	1	0.179	0.333	0	0	0	0	0	0.444	0.8	0	0.667	0	0	0.6	0.333	0	0	0.898	0.446
0	0	5.462	-1	0	0	0	5.462	-1	0	0	0	0	-1	0	0	0	0.133	-1	0	0	0	0.133	-1	0	0	0	0	-1	0	0	0	0.2	-1	0	0	0	0	-1	0	0.298	0.641
2.682	3.377	6.28	0	2.506	9.285	9.487	14.573	0	9.588	0	0	0	0	0	0.528	0.667	0.44	0	0.667	0.528	0.667	0.44	0	0.667	0	0	0	0	0	0	0	0	0	0.25	0	0	0	0	0	0.558	0.485
0	0	0	2.518	0	0	0	0	2.518	0	0	0	0	0	0	0	0	0	1	0	0	0	0	1	0	0	0	0	0	0	0.4	0.2	0	0	1	0	0.2	0	0	1	0	0.725
4.184	0.828	13.641	4.766	6.108	10.356	3.733	19.426	9.327	12.292	0	0	0	0	0	0.333	0.333	0.368	0.639	0.485	0.333	0.333	0.368	0.639	0.485	0	0	0	0	0	0	0	0	0	0	0	0	0.333	0.75	0	0.117	0.236
0	2.696	1.171	0	0.843	0.937	3.87	1.171	0	0.843	0	0	0	0	0	0	0.667	0	0	0	0	0.667	0	0	0	0	0	0	0	0	0.375	0.2	0	0.143	0	0	0	0	0	0	0	0.420
7.122	5.413	0	2.653	3.377	14.008	8.209	0	5.215	9.487	0	0	0	0	0	0.449	0.583	0	0.333	0.667	0.449	0.583	0	0.333	0.667	0	0	0	0	0	0	0	0	0	0	0	0	0	0	0	0	0.199
0	0.812	0	6.094	1.171	1.662	4.194	3.568	9.868	2.08	0	0	0	0	0	1	0.333	0.333	0.067	0	1	0.333	0.333	0.067	0	0	0	0	0	0	0	0.444	0	0.8	0	0.333	0	0	0.6	0	0.893	0.679
1.227	1.125	0	0.866	0.879	1.227	1.125	0	1.694	0.879	0	0	0	0	0	0	0	0	1	0	0	0	0	1	0	0	0	0	0	0	0	0.714	0	0	0	0.5	0	0.2	0	0	0.296	0.507
0	0	0	0.949	1.944	0	0	1.205	2.581	2.751	0	0	0	0	0	0	0	0	0.333	0.333	0	0	0	0.333	0.333	0	0	0	0	0	0.25	0.8	0.667	0	0	0.5	0.2	0	0	0	0	0.924
3.852	0	0	14.094	1.927	5.644	0	0	15.257	1.927	0	0	0	0	0	0.4	0	0	0.45	0	0.4	0	0	0.45	0	0	0	0	0	0	0	0	0	0	0	0	0	0	0	0	0.298	0.221
0	0	5.765	0	8.721	0	0	9.903	4.038	11.962	0	0	0	0	0	0	0	0.694	0.667	0.53	0	0	0.694	0.667	0.53	0	0	0	0	0	0	0	0	0	0	0	0	0	0	0	0.896	0.592
0	0.839	2.696	17.176	0	0	3.226	3.87	20.464	0.937	0	0	0	0	0	0	0.333	0.667	0.255	0	0	0.333	0.667	0.255	0	0	0	0	0	0	0.143	0	0.2	0.4	0.375	0	0.333	0	0.2	0	0.557	0.231
0.843	1.171	0	0	1.067	0.843	1.171	0	0.937	1.067	0	0	0	0	0	0	0	0	0	0	0	0	0	0	0	0	0	0	0	0	0	0	0	0.375	0	0	0	0	0	0	0.415	0.224
0	4.285	8.044	0	0	0	6.008	10.857	0.852	0	0	0	0	0	0	0	0.238	0.364	0	0	0	0.238	0.364	0	0	0	0	0	0	0	0.2	0.2	0	0	0	0.4	0	0	0	0	0	0.846
0	7.811	0	0	0	4.038	11.722	0	0.826	0	0	0	0	0	0	0.667	0.582	0	0	0	0.667	0.582	0	0	0	0	0	0	0	0	0	0	0	0	0	0	0	0	0	0	0.897	0.151
9.817	0	0.978	0.822	0	13.908	0	0.978	2.541	0	0	0	0	0	0	0.381	0	0	1	0	0.381	0	0	1	0	0	0	0	0	0	0.4	0	0.2	0	0.75	0	0	0	0	1	0	0.230
0	0	0	0	-1	0	0	0	1.205	-1	0	0	0	0	-1	0	0	0	0	-1	0	0	0	0	-1	0	0	0	0	-1	0	0.125	0	0.25	-1	0	0	0	0	-1	0.896	0.999
0	0	0	0	5.364	0	0	2.621	0	7.827	0	0	0	0	0	0	0	0.333	0	0.179	0	0	0.333	0	0.179	0	0	0	0	0	0	0	0.8	1	0.667	0	0	0.8	1	0	0	0.933
0	-1	0	-1	5.462	0	-1	0	-1	5.462	0	-1	0	-1	0	0	-1	0	-1	0.133	0	-1	0	-1	0.133	0	-1	0	-1	0	0	-1	0	-1	0.2	0	-1	0	-1	0	0.899	0.812
