0	0	0	0.969	0	0	0	0	0.969	0	0	0	0	0	0	0	0	0	0	0	0	0	0	0	0	0	0	0	0	0	0.8	1	0.2	0.4	0	1	1	0	0	0	0	0.806
13.658	0	0	0	0	9.711	0	0	0	0	7.613	0	0	0	0	0.533	0	0	0	0	0.622	0	0	0	0	0.286	0	0	0	0	0.75	0	0	0	0.333	0.25	0.75	0	0	0	0	0.439
0	7.267	0	0	3.782	0	4.926	0	0	7.283	0	7.569	0	0	5.365	0	0.622	0	0	0.714	0	0.8	0	0	0.476	0	0.381	0	0	0.4	0.2	0.333	1	0.2	0	0.6	0.333	1	0.2	0.4	0	0.563
0	0	0	0.945	0	0	0	0	0.945	0.911	0	0	0	0	0.911	0	0	0	0	0	0	0	0	0	0	0	0	0	0	0	0.875	1	0.2	0.4	0	0.5	1	0.2	0.6	0	0	0.916
0	8.053	0	0	0	0.905	11.936	0	0	2.011	0.905	7.244	0	0	2.011	0	0.348	0	0	1	0	0.318	0	0	1	0	0.286	0	0	1	0	0	0	0	0	0	0	0	0	0	0.718	0.098
1.954	5.617	0	6.226	0	6.225	10.36	0	10.286	0	6.225	8.483	0	10.776	0	0.733	0.711	0	0.6	0	0.733	0.644	0	0.556	0	0.467	0.464	0	0.583	0	0	0	0	0	0	0	0	0	0	0	0.718	0.101
7.834	0	0	0	2.222	10.827	0	0	0	4.876	6.088	0	0	0	6.17	0.564	0	0	0	0.733	0.527	0	0	0	0.7	0.333	0	0	0	0.6	0	0.111	0	0	0.2	0	0	0	0	0.2	0.296	0.091
0	0	0	4.552	0	0	0	0	4.552	0	0	0	0	3.759	0	0	0	0	0.867	0	0	0	0	0.8	0	0	0	0	0.833	0	0	0	0	0	0	0	0	0	0	0	0.557	0.155
0	0	7.626	5.059	6.489	0	0	8.558	9.976	7.397	0	0	4.895	6.001	3.579	0	0	0.491	0.667	0.5	0	0	0.75	0.667	0.5	0	0	0.1	0.333	0	1	0.75	0.25	0	0	1	0.5	0	0	0.5	0.294	0.994
0	0	5.496	5.758	0	1.157	0	9.437	8.931	0	1.157	0	3.575	5.191	0	0	0	0.639	0.5	0	0	0	0.639	0.5	0	0	0	1	0.3	0	0.571	0.2	0.8	0	0.5	0.286	0	0.6	0	0.5	0.897	0.427
0.945	0	0	0	0	0.945	0	0	0	0	0	0	0	0	0	0	0	0	0	0	0	0	0	0	0	0	0	0	0	0	0.4	1	1	1	0.875	0.6	1	1	1	0.5	0	0.624
0.856	0	0	0	11.598	0.856	0	0	0	6.855	0.856	0	0	0	6.669	0	0	0	0	0.727	0	0	0	0	0.667	0	0	0	0	0.533	0	0	0.143	0	0.2	0	0	0	0	0	0	0.372
0	2.846	0	0	0	0	3.748	1.056	0	0	0	1.916	1.056	0	0	0	0.333	0	0	0	0	0.333	0	0	0	0	0	0	0	0	0	0	0	0.2	0	0	0	0	0	0	0.897	0.215
0	15.509	0	6.489	0	0	17.82	0	7.397	0	0	6.902	0	3.579	0	0	0.558	0	0.5	0	0	0.542	0	0.5	0	0	0.5	0	0	0	0.6	0	0	0	0	0	0	0	0.5	0	0	0.647
7.267	0	0	22.405	0	4.926	0	0	22.392	0	7.569	0	0	10.786	0	0.622	0	0	0.236	0	0.8	0	0	0.209	0	0.381	0	0	0.145	0	0.333	0.2	0.2	1	1	0.333	0.2	0.6	0	1	0	0.513
17.62	27.814	0	4.664	0	22.9	26.047	0	7.679	0	10.663	17.922	0	4.018	0	0.351	0.232	0	0.714	0	0.326	0.26	0	0.714	0	0.164	0.167	0	0.5	0	0.4	1	1	0	1	0.4	0	1	0	1	0	0.385
0	0	0	0	20.249	0	0	0	0	19.313	0	0	0	0	5.497	0	0	0	0	0.377	0	0	0	0	0.405	0	0	0	0	0.067	0.667	0	0.2	0	0.333	0.889	0	0.2	0	0	0	0.531
0.888	0	10.057	0	1.779	2.682	0	11.114	0	4.5	0	0	8.243	0	2.865	0.667	0	0.571	0	0.667	0.333	0	0.564	0	0.6	0	0	0.321	0	0.333	0.6	0	0.444	0	0.4	0	0	0	0	0.2	0	0.376
2.891	2.131	2.898	2.911	3.358	12.965	11.637	11.467	12.342	10.541	10.073	9.625	9.603	9.332	9.453	0.618	0.667	0.667	0.618	0.722	0.527	0.556	0.556	0.509	0.667	0.571	0.607	0.571	0.571	0.571	0	0	0	0.333	0	0	0	0	1	0	0.717	0.173
0	0	0	1.723	0	0.919	0	0.867	1.843	0	0.919	0	0.867	1.813	0	0	0	0	1	0	0	0	0	1	0	0	0	0	1	0	0	0	1	0.2	0	0	0	0	0	0	0.713	0.311
6.868	0	6.636	1.752	0	5.618	0	7.623	4.831	0	6.096	0	4.914	3.079	0	0.583	0	0.611	0.9	0	0.533	0	0.714	0.7	0	0.267	0	0.4	0.667	0	0.2	0.25	0.2	0.4	0.2	0.2	0	0	0	0.2	0	0.337
22.405	0.856	0	0	7.267	22.392	0.856	0	2.777	4.926	10.786	0.856	0	2.777	7.569	0.236	0	0	0.333	0.622	0.209	0	0	0.333	0.8	0.145	0	0	0.333	0.381	1	0	0.2	0	0.333	0	0	0.2	0	0.333	0	0.287
0	0	3.782	7.267	0	0	0	7.283	4.926	0	0	0	5.365	7.569	0	0	0	0.714	0.622	0	0	0	0.476	0.8	0	0	0	0.4	0.381	0	1	0.2	0	0.333	0.667	1	0.6	0.4	0.333	1	0	0.955
0	0	7.834	0	0	0	0	10.827	0.868	0	0	0	6.088	0.868	0	0	0	0.564	0	0	0	0	0.527	0	0	0	0	0.333	0	0	0.111	0	0	0.5	0	0	0	0	0	0	0.72	0.309
0	0	-1	0	-1	0	0	-1	0	-1	0	0	-1	0	-1	0	0	-1	0	-1	0	0	-1	0	-1	0	0	-1	0	-1	0	0	-1	0	-1	1	0	-1	0.25	-1	0.896	0.785
2.872	20.249	0	0	0.989	2.872	19.313	0	0	0.989	0.912	5.497	0	0	0	1	0.377	0	0	0	1	0.405	0	0	0	0	0.067	0	0	0	0	0.333	0.25	0.2	0	0	0	0	0.2	0	0	0.295
3.928	0	0	0	0	7.591	0	0	0.867	0	3.641	0	0	0.867	0	0.321	0	0	0	0	0.286	0	0	0	0	0.167	0	0	0	0	0.333	0	0	1	0	0.333	0	0	0	0	0.117	0.176
2.846	0	0	0	0	3.748	0	0	1.056	1.056	1.916	0	0	1.056	1.056	0.333	0	0	0	0	0.333	0	0	0	0	0	0	0	0	0	0	0.2	0	0	0	0	0	0	0	0	0	0.165
0	5.758	0	8.623	5.496	0	8.931	1.157	9.616	9.437	0	5.191	1.157	2.866	3.575	0	0.5	0	0.75	0.639	0	0.5	0	0.75	0.639	0	0.3	0	1	1	0.2	0	0.571	0	0.8	0	0	0.286	0	0.6	0.896	0.300
0.854	1.028	0	0	0	0.854	0	0	0	0	0.854	1.028	0	0	0	0	0	0	0	0	0	0	0	0	0	0	0	0	0	0	0	0.2	0	0	0.4	0	0.2	0	0	0	0.198	0.134
0	0.969	0	0	0	0	0.969	0	0	0	0	0	0	0	0	0	0	0	0	0	0	0	0	0	0	0	0	0	0	0	1	0.4	0.8	1	0.2	1	0	1	1	0	0	0.956
7.626	0	6.489	0	15.509	8.558	0	7.397	0	17.82	4.895	0	3.579	0	6.902	0.491	0	0.5	0	0.558	0.75	0	0.5	0	0.542	0.1	0	0	0	0.5	0.25	1	0	0.75	0	0	1	0.5	0.5	0	0	0.414
13.056	0	0	0	0	16.066	0.895	0	0.989	0.908	5.3	0.895	0	0.989	0.908	0.308	0	0	0	0	0.283	0	0	0	0	0.4	0	0	0	0	0	0	0	0	0	0	0	0	0	0	0.556	0.129
4.747	43.71	1.93	0	2.757	0.868	47.122	0.911	0.988	0.858	4.747	14.514	1.93	0.988	1.899	0.7	0.16	0	0	1	0	0.141	0	0	0	0.4	0.154	0	0	1	0.2	0.333	0.75	0	0.4	0.2	0.667	0.75	0	0.4	0	0.438
0	0	0	0	0	0	0	0	0	0	0	0	0	0	0	0	0	0	0	0	0	0	0	0	0	0	0	0	0	0	0.2	0.8	0	1	0	0	1	0	1	0	0	0.263
0	9.597	0	0	0	0	8.339	0	0	0	0	4.331	0	0	0	0	0.621	0	0	0	0	0.639	0	0	0	0	0.5	0	0	0	0	0.667	0.4	0	0.125	0	0	0.4	0	0.125	0.415	0.192
2.745	0.972	3.605	0.854	1.723	3.648	0.972	2.669	0.854	1.843	0.903	1.92	0.936	0.854	1.813	1	1	1	0	1	1	0	1	0	1	0	1	0	0	1	0	0.2	0	0	0.2	0	0.2	0.2	0	0	0.197	0.160
0.853	2.757	0	1.93	0	0.853	0.858	0	0.911	0	0.853	1.899	0	1.93	0	0	1	0	0	0	0	0	0	0	0	0	1	0	0	0	0	0.4	0	0.75	0	0	0.4	0	0.75	0.2	0	0.393
0.88	12.279	1.763	0.945	4.085	1.757	10.045	0	0	3.03	1.757	9.492	1.763	1.825	5.214	0	0.551	1	1	0.8	0	0.528	0	0	0.667	0	0.5	1	1	0.5	0	0	0.25	0	0	0	0	0	0	0	0.197	0.197
0.969	0	0	0	0	0.969	0	0	0	0	0	0	0	0	0	0	0	0	0	0	0	0	0	0	0	0	0	0	0	0	0.4	1	1	0.667	0.8	0	1	1	1	1	0	0.324
30.78	9.678	4.664	5.472	27.814	36.82	15.931	7.679	11.336	26.047	6.908	7.262	4.018	6.718	17.922	0.232	0.367	0.714	0.348	0.232	0.208	0.35	0.714	0.303	0.26	0.467	0.333	0.5	0.286	0.167	0.5	0.375	0	0.333	1	0.5	0	0	0	0	0	0.203
0.853	3.777	1.869	0.872	0	0.853	4.879	4.921	0.872	0	0.853	4.156	3.984	0.872	0	0	0.429	0.4	0	0	0	0.5	0.3	0	0	0	0.333	0.333	0	0	0	0	0	0	0	0	0	0	0	0	0.056	0.172
0	1.733	0	11.598	0.945	0	1.733	0	6.855	0.945	0	0.857	0	6.669	0	0	1	0	0.727	0	0	1	0	0.667	0	0	0	0	0.533	0	1	0.4	1	0.2	0.4	1	0	1	0	0.6	0	0.980
0	0	13.658	0.882	0	0	0	9.711	0.882	0	0	0	7.613	0.882	0	0	0	0.533	0	0	0	0	0.622	0	0	0	0	0.286	0	0	0	0	0.75	0	0	0.75	0	0.25	0	0	0.296	0.426
0	0	20.249	0	2.872	0	0	19.313	0	2.872	0	0	5.497	0	0.912	0	0	0.377	0	1	0	0	0.405	0	1	0	0	0.067	0	0	0.2	0.667	0.333	0	0	0.2	0.889	0	0	0	0	0.527
0	1.752	6.868	3.796	6.636	0	4.831	5.618	6.861	7.623	0	3.079	6.096	2.055	4.914	0	0.9	0.583	0.619	0.611	0	0.7	0.533	0.571	0.714	0	0.667	0.267	1	0.4	0.25	0.4	0.2	1	0.2	0	0	0.2	1	0	0	0.457
0	0	8.623	0	5.758	0	0	9.616	0	8.931	0	0	2.866	0	5.191	0	0	0.75	0	0.5	0	0	0.75	0	0.5	0	0	1	0	0.3	0	0	0	0	0	0	0	0	0	0	0.296	0.130
0	0	0	2.846	0	1.056	0	0	3.748	0	1.056	0	0	1.916	0	0	0	0	0.333	0	0	0	0	0.333	0	0	0	0	0	0	0	0	0	0	0	0	0	0	0	0	0.556	0.171
0.924	0	16.479	1	0.854	0.924	0	17.381	1	0.854	0.924	0	6.47	1.131	0.854	0	0	0.347	1	0	0	0	0.399	0	0	0	0	0.2	0	0	0.111	0	1	0.25	0	0	0	0.667	0.75	0	0.717	0.129
0	1.723	0	3.605	0	0	1.843	0.919	2.669	0.867	0	1.813	0.919	0.936	0.867	0	1	0	1	0	0	1	0	1	0	0	1	0	0	0	0	0.2	0	0	1	0	0	0	0.2	0	0.294	0.118
10.057	0.888	1.779	0	4.204	11.114	2.682	4.5	0	7.694	8.243	0	2.865	0	10.116	0.571	0.667	0.667	0	0.806	0.564	0.333	0.6	0	0.762	0.321	0	0.333	0	0.611	0.444	0.6	0.4	0	0	0	0	0.2	0	0	0	0.297
3.777	0.872	0.853	0.989	1.869	4.879	0.872	0.853	0.989	4.921	4.156	0.872	0.853	0	3.984	0.429	0	0	0	0.4	0.5	0	0	0	0.3	0.333	0	0	0	0.333	0	0	0	0	0	0	0	0	0	0	0.298	0.162
0	6.595	0	3.044	0	0	6.528	0	3.044	0	0	5.19	0	3.044	0	0	0.722	0	0.333	0	0	0.81	0	0.333	0	0	0.6	0	0.333	0	0.2	0.25	0	0.286	0	0	0	0	0.429	0	0.296	0.187
0.856	0	22.405	0.881	0	0.856	2.777	22.392	3.736	0	0.856	2.777	10.786	3.736	0	0	0.333	0.236	0.5	0	0	0.333	0.209	0.333	0	0	0.333	0.145	0.5	0	0	0	1	0	0.2	0	0	0	0	0.2	0.195	0.155
0	0.877	0	0	0	0	1.779	0	0	0	0	0.902	0	0	0	0	1	0	0	0	0	1	0	0	0	0	0	0	0	0	0	0	0.6	0	0	0	0	0.2	0	0	0.195	0.149
9.464	0	0	0	43.71	11.947	2.011	0.988	0	47.122	4.365	2.011	0.988	0	14.514	0.621	1	0	0	0.16	0.515	1	0	0	0.141	0.667	1	0	0	0.154	0	0	0	0	0.333	0	0	0	0	0.667	0.42	0.284
2.757	1.93	0.853	4.747	0	0.858	0.911	0.853	0.868	0	1.899	1.93	0.853	4.747	0	1	0	0	0.7	0	0	0	0	0	0	1	0	0	0.4	0	0.4	0.75	0	0.2	0	0.4	0.75	0	0.2	0	0	0.522
0	0	3.928	0	0	0	0.867	7.591	0.919	0	0	0.867	3.641	0.919	0	0	0	0.321	0	0	0	0	0.286	0	0	0	0	0.167	0	0	0	1	0.333	0	0	0	0	0.333	0	0	0.557	0.135
3.782	0	0	0	0.945	7.283	0	0	0	0	5.365	0	0	0	1.825	0.714	0	0	0	1	0.476	0	0	0	0	0.4	0	0	0	1	0	1	0.667	0.2	0	0.4	1	1	0.6	0	0.2	0.502
12.279	0.945	0.88	0	1.763	10.045	0	1.757	0	0	9.492	1.825	1.757	0	1.763	0.551	1	0	0	1	0.528	0	0	0	0	0.5	1	0	0	1	0	0	0	0.667	0.25	0	0	0	1	0	0	0.203
0	10.646	0	0	1.957	2.796	14.04	0.901	0	6.188	2.796	7.934	0.901	0	6.188	0.333	0.5	0	0	0.267	0.333	0.372	0	0	0.2	0.333	0.381	0	0	0.267	0.2	0.143	0	0	0	0	0.286	0	0	0	0.198	0.227
0	0	1	0.854	0	0	0	1	0.854	0	0	0	1.131	0.854	0	0	0	1	0	0	0	0	0	0	0	0	0	0	0	0	0.4	0	0.25	0	0	0	0	0.75	0	0	0	0.254
0.899	0	0	0	0.882	0	0	0	0	0.882	0.899	0	0	0	0.882	0	0	0	0	0	0	0	0	0	0	0	0	0	0	0	0	0	0	0	0	0	0	0	0	0	0	0.346
1.723	3.605	0	2.745	0	1.843	2.669	0	3.648	0.919	1.813	0.936	0	0.903	0.919	1	1	0	1	0	1	1	0	1	0	1	0	0	0	0	0.2	0	0	0	0	0	0.2	0	0	0	0	0.356
1.752	3.796	0	0	6.868	4.831	6.861	0	0	5.618	3.079	2.055	0	0	6.096	0.9	0.619	0	0	0.583	0.7	0.571	0	0	0.533	0.667	1	0	0	0.267	0.4	1	0.25	0	0.2	0	1	0	0	0.2	0	0.154
11.598	0	1.733	0.856	0	6.855	0	1.733	0.856	0	6.669	0	0.857	0.856	0	0.727	0	1	0	0	0.667	0	1	0	0	0.533	0	0	0	0	0.2	0.143	0.4	0	1	0	0	0	0	1	0	0.443
0.854	16.479	0.972	0.924	2.745	0.854	17.381	0.972	0.924	3.648	0.854	6.47	1.92	0.924	0.903	0	0.347	1	0	1	0	0.399	0	0	1	0	0.2	1	0	0	0	1	0.2	0.111	0	0	0.667	0.2	0	0	0.299	0.171
4.664	30.78	27.814	9.678	17.62	7.679	36.82	26.047	15.931	22.9	4.018	6.908	17.922	7.262	10.663	0.714	0.232	0.232	0.367	0.351	0.714	0.208	0.26	0.35	0.326	0.5	0.467	0.167	0.333	0.164	0	0.5	1	0.375	0.4	0	0.5	0	0	0.4	0	0.317
4.552	0	0	0	0	4.552	0	0	1.916	0	3.759	0	0	1.916	0	0.867	0	0	0	0	0.8	0	0	0	0	0.833	0	0	0	0	0	0	0	0	0	0	0	0	0	0	0.113	0.216
1.869	0.853	0	3.777	0	4.921	0.853	0	4.879	0.901	3.984	0.853	0	4.156	0.901	0.4	0	0	0.429	0	0.3	0	0	0.5	0	0.333	0	0	0.333	0	0	0	0	0	0	0	0	0	0	0	0.556	0.136
0	0	0.856	0	0	0	0	0.856	0	0	0	0	0.856	0	0	0	0	0	0	0	0	0	0	0	0	0	0	0	0	0	0	0	0	0.2	0.143	0	0	0	0	0	0	0.702
0	0	0	0	0.877	0	1.056	0	0	1.779	0	1.056	0	0	0.902	0	0	0	0	1	0	0	0	0	1	0	0	0	0	0	0	0	0	0	0	0	0	0	0	0	0.419	0.270
5.758	8.623	0	0	0	8.931	9.616	0	0	1.157	5.191	2.866	0	0	1.157	0.5	0.75	0	0	0	0.5	0.75	0	0	0	0.3	1	0	0	0	0	0	0.2	0	0.571	0	0	0	0	0.286	0.556	0.284
0	0.882	0	0	13.658	0	0.882	0	0	9.711	0	0.882	0	0	7.613	0	0	0	0	0.533	0	0	0	0	0.622	0	0	0	0	0.286	0	0	0	0	0.75	0	0	0.75	0	0.25	0	0.449
0	0	0.969	0	0	0	0	0.969	0	0	0	0	0	0	0	0	0	0	0	0	0	0	0	0	0	0	0	0	0	0	1	0.667	0.4	0.333	1	1	1	0	1	1	0.117	0.900
0	0	0.888	0	10.057	0	0	2.682	0	11.114	0	0	0	0	8.243	0	0	0.667	0	0.571	0	0	0.333	0	0.564	0	0	0	0	0.321	0	0	0.6	0	0.444	0	0	0	0	0	0.296	0.533
0.893	8.57	0	0	0.99	0.893	5.469	0	0	0.99	0.893	7.733	0	0	0.99	0	0.667	0	0	0	0	0.8	0	0	0	0	0.381	0	0	0	0.4	0.6	0.667	0.333	0	0.2	0.2	0.667	0	0	0.556	0.428
0	0	0	7.928	4.552	1.916	3.151	0	6.906	4.552	1.916	3.151	0	9.573	3.759	0	0.333	0	0.439	0.867	0	0.333	0	0.429	0.8	0	0.333	0	0.278	0.833	0	0	0	0.2	0	0	0	0	0	0	0.898	0.152
0	17.62	0	27.814	3.044	0	22.9	0	26.047	3.044	0	10.663	0	17.922	3.044	0	0.351	0	0.232	0.333	0	0.326	0	0.26	0.333	0	0.164	0	0.167	0.333	1	0.4	1	1	0.286	1	0.4	1	0	0.429	0	0.832
0.896	0	0	0	0	0.896	0	0	0	0	0	0	0	0	0	0	0	0	0	0	0	0	0	0	0	0	0	0	0	0	0	0	0	0	0	0	0.2	0	0	0	0.415	0.284
0	5.496	5.059	0	0	0	9.437	9.976	1.157	0	0	3.575	6.001	1.157	0	0	0.639	0.667	0	0	0	0.639	0.667	0	0	0	1	0.333	0	0	0.5	0.8	0	0.571	0.75	0.5	0.6	0	0.286	0.5	0.718	0.632
0	0	4.552	0	0	0	1.916	4.552	3.151	0	0	1.916	3.759	3.151	0	0	0	0.867	0.333	0	0	0	0.8	0.333	0	0	0	0.833	0.333	0	0	0	0	0	0	0	0	0	0	0	0.292	0.139
0	0	0	0	0	0	0	0	0	0	0	0	0	0	0	0	0	0	0	0	0	0	0	0	0	0	0	0	0	0	0.333	0.75	0.667	0	1	1	0.5	1	0	1	0	0.788
0	0	8.57	13.658	0.893	0	0	5.469	9.711	0.893	0	0	7.733	7.613	0.893	0	0	0.667	0.533	0	0	0	0.8	0.622	0	0	0	0.381	0.286	0	0.333	0	0.6	0.75	0.4	0	0	0.2	0.25	0.2	0.56	0.749
0	0	0.899	0.896	0	0	0	0	0.896	0	0	0	0.899	0	0	0	0	0	0	0	0	0	0	0	0	0	0	0	0	0	0	0	0	0	0	0	0	0	0	0	0.718	0.175
27.814	4.664	17.62	30.78	0	26.047	7.679	22.9	36.82	0	17.922	4.018	10.663	6.908	0	0.232	0.714	0.351	0.232	0	0.26	0.714	0.326	0.208	0	0.167	0.5	0.164	0.467	0	1	0	0.4	0.5	1	0	0	0.4	0.5	1	0	0.398
8.623	0	5.758	0	0	9.616	0	8.931	0	0	2.866	0	5.191	0	0	0.75	0	0.5	0	0	0.75	0	0.5	0	0	1	0	0.3	0	0	0	0	0	0	0.2	0	0	0	0	0	0.198	0.238
6.595	3.044	0	0	0	6.528	3.044	0	0	0	5.19	3.044	0	0	0	0.722	0.333	0	0	0	0.81	0.333	0	0	0	0.6	0.333	0	0	0	0.25	0.286	0.2	1	0	0	0.429	0	1	0	0	0.303
0	0	0.877	0	0	0	0	1.779	1.056	0	0	0	0.902	1.056	0	0	0	1	0	0	0	0	1	0	0	0	0	0	0	0	0	0	0	0	0	0	0	0	0	0	0.199	0.173
0	0.856	11.598	0	1.733	0	0.856	6.855	0	1.733	0	0.856	6.669	0	0.857	0	0	0.727	0	1	0	0	0.667	0	1	0	0	0.533	0	0	0.143	0	0.2	0	0.4	0	0	0	0	0	0.196	0.287
0	4.552	0	0	0	0	4.552	0	0	0	0	3.759	0	0	0	0	0.867	0	0	0	0	0.8	0	0	0	0	0.833	0	0	0	0	0	0	0	0	0	0	0	0	0	0.559	0.139
1.028	0	0.854	1.014	0	0	0	0.854	2.801	0	1.028	0	0.854	2.801	0	0	0	0	0.333	0	0	0	0	0.333	0	0	0	0	0.333	0	0.2	0	0	0	0	0.2	0	0	0	0	0	0.336
0.882	0	0	0.899	0	0.882	0	0	0	0	0.882	0	0	0.899	0	0	0	0	0	0	0	0	0	0	0	0	0	0	0	0	0	0	0	0	0	0	0	0	0	0.75	0.418	0.219
0.972	0.854	2.745	16.479	3.605	0.972	0.854	3.648	17.381	2.669	1.92	0.854	0.903	6.47	0.936	1	0	1	0.347	1	0	0	1	0.399	1	1	0	0	0.2	0	0.2	0	0	1	0	0.2	0	0	0.667	0.2	0	0.338
0	0	0	0	13.056	0.989	0	0.895	0	16.066	0.989	0	0.895	0	5.3	0	0	0	0	0.308	0	0	0	0	0.283	0	0	0	0	0.4	0	0	0	0	0	0	0	0	0	0	0.714	0.137
0	1.869	0	0.853	1.014	0	4.921	0.901	0.853	2.801	0	3.984	0.901	0.853	2.801	0	0.4	0	0	0.333	0	0.3	0	0	0.333	0	0.333	0	0	0.333	0	0	0	0	0	0	0	0	0	0	0.894	0.098
0	0	0	8.053	9.464	0	0.905	2.011	11.936	11.947	0	0.905	2.011	7.244	4.365	0	0	1	0.348	0.621	0	0	1	0.318	0.515	0	0	1	0.286	0.667	0	0	0	0	0	0	0	0	0	0	0.897	0.269
0	7.834	2.222	0	0	0	10.827	4.876	0	1.808	0	6.088	6.17	0	1.808	0	0.564	0.733	0	0	0	0.527	0.7	0	0	0	0.333	0.6	0	0	0	0	0.2	0.111	0	0	0	0.2	0	0	0.56	0.136
5.496	0	0	0	5.059	9.437	1.157	0	0	9.976	3.575	1.157	0	0	6.001	0.639	0	0	0	0.667	0.639	0	0	0	0.667	1	0	0	0	0.333	0.8	0.571	0.5	0.2	0	0.6	0.286	0.5	0	0	0.898	0.744
3.816	6.29	2.911	4.204	2.131	12.391	10.162	12.342	7.694	11.637	8.696	11.745	9.332	10.116	9.625	0.455	0.449	0.618	0.806	0.667	0.424	0.444	0.509	0.762	0.556	0.393	0.289	0.571	0.611	0.607	0	0	0.333	0	0	0.667	0	1	0	0	0.298	0.574
2.222	0	0	7.834	3.88	4.876	0	1.808	10.827	7.979	6.17	0	1.808	6.088	3.155	0.733	0	0	0.564	0.643	0.7	0	0	0.527	0.643	0.6	0	0	0.333	0.667	0.2	0	0	0	0	0.2	0	0	0	0	0	0.367
0	0	0	0	0.969	0	0	0	0	0.969	0	0	0	0	0	0	0	0	0	0	0	0	0	0	0	0	0	0	0	0	0.667	0.333	1	0.75	0.4	1	1	1	0.5	0	0	0.585
0	0	0.945	1.733	0	0	0	0.945	1.733	0	0	0	0	0.857	0	0	0	0	1	0	0	0	0	1	0	0	0	0	0	0	1	1	0.4	0.4	1	1	1	0.6	0	1	0	0.988
8.57	0	0.893	0	0	5.469	0	0.893	0	0	7.733	0	0.893	0	0	0.667	0	0	0	0	0.8	0	0	0	0	0.381	0	0	0	0	0.6	0.333	0.4	0	0.667	0.2	0	0.2	0	0.667	0.117	0.482
3.605	2.745	1.723	0.972	0	2.669	3.648	1.843	0.972	0	0.936	0.903	1.813	1.92	0	1	1	1	1	0	1	1	1	0	0	0	0	1	1	0	0	0	0.2	0.2	0	0.2	0	0	0.2	0	0	0.330
2.131	2.911	2.891	3.816	2.898	11.637	12.342	12.965	12.391	11.467	9.625	9.332	10.073	8.696	9.603	0.667	0.618	0.618	0.455	0.667	0.556	0.509	0.527	0.424	0.556	0.607	0.571	0.571	0.393	0.571	0	0.333	0	0	0	0	1	0	0.667	0	0.419	0.260
0.989	0	0.872	2.872	3.777	0.989	0	0.872	2.872	4.879	0	0	0.872	0.912	4.156	0	0	0	1	0.429	0	0	0	1	0.5	0	0	0	0	0.333	0	0.25	0	0	0	0	0	0	0	0	0	0.147
0	0	0	15.509	0	0	0	0	17.82	1.056	0	0	0	6.902	1.056	0	0	0	0.558	0	0	0	0	0.542	0	0	0	0	0.5	0	0	0.6	0	0	0	0	0	0	0	0	0	0.523
0	0	0	0	0	0	0	0	0	0	0	0	0	0	0	0	0	0	0	0	0	0	0	0	0	0	0	0	0	0	0	0.2	0	0.8	0.667	0	0	0	1	0.889	0	0.509
0	0	0	0	9.597	0	0	0	0	8.339	0	0	0	0	4.331	0	0	0	0	0.621	0	0	0	0	0.639	0	0	0	0	0.5	0	0	0	0.2	0.667	0	0	0	0	0	0.9	0.224
0	0	0	-1	0.888	0	0	0	-1	2.682	0	0	0	-1	0	0	0	0	-1	0.667	0	0	0	-1	0.333	0	0	0	-1	0	0	0	0	-1	0.6	0	0	0	-1	0	0.42	0.752
0	4.085	0	1.763	0	0	3.03	0.877	0	0	0	5.214	0.877	1.763	0	0	0.8	0	1	0	0	0.667	0	0	0	0	0.5	0	1	0	0	0	0	0.25	0.333	0	0	0	0	0	0.896	0.230
0	0	0	0	0	0	0	1.056	0	0	0	0	1.056	0	0	0	0	0	0	0	0	0	0	0	0	0	0	0	0	0	0	0	0	0.6	0.2	0	0	0	0	0	0.294	0.165
0	0	0	3.928	8.053	0	0	0	7.591	11.936	0	0	0	3.641	7.244	0	0	0	0.321	0.348	0	0	0	0.286	0.318	0	0	0	0.167	0.286	0	0	0	0.333	0	0	0	0	0.333	0	0	0.421
0	0.896	0	0	0.899	0	0.896	0	0	0	0	0	0	0	0.899	0	0	0	0	0	0	0	0	0	0	0	0	0	0	0	0	0	0	0	0	0	0	0	0.2	0	0.897	0.229
0	0.881	0.856	0	22.405	2.777	3.736	0.856	0.908	22.392	2.777	3.736	0.856	0.908	10.786	0.333	0.5	0	0	0.236	0.333	0.333	0	0	0.209	0.333	0.5	0	0	0.145	0	0	0	0	1	0	0	0	0	0	0.197	0.167
0.945	0	12.279	3.782	0.88	0	0	10.045	7.283	1.757	1.825	0	9.492	5.365	1.757	1	0	0.551	0.714	0	0	0	0.528	0.476	0	1	0	0.5	0.4	0	0	0.667	0	0	0	0	1	0	0.4	0	0	0.344
0	0	0	1.954	0	0	0	0.989	6.225	0.895	0	0	0.989	6.225	0.895	0	0	0	0.733	0	0	0	0	0.733	0	0	0	0	0.467	0	0	0	0	0	0	0	0	0	0	0	0.556	0.246
20.249	0	2.872	0	0	19.313	0	2.872	0	0	5.497	0	0.912	0	0	0.377	0	1	0	0	0.405	0	1	0	0	0.067	0	0	0	0	0.333	0.2	0	0.667	0.25	0	0.2	0	0.889	0	0.197	0.164
0	3.782	0.945	0	12.279	0	7.283	0	0	10.045	0	5.365	1.825	0	9.492	0	0.714	1	0	0.551	0	0.476	0	0	0.528	0	0.4	1	0	0.5	0.667	0	0	1	0	1	0.4	0	1	0	0	0.837
0	0	0	0	-1	0	0	0	0	-1	0	0	0	0	-1	0	0	0	0	-1	0	0	0	0	-1	0	0	0	0	-1	0	0	0	0	-1	0	0.25	1	0	-1	0.894	0.542
0	0	0	0	0	0	0.877	0	0	0	0	0.877	0	0	0	0	0	0	0	0	0	0	0	0	0	0	0	0	0	0	0.333	0	0.2	0	0	0	0	0	0	0	0.714	0.367
0	1.014	1.028	0	0.854	0	2.801	0	0.901	0.854	0	2.801	1.028	0.901	0.854	0	0.333	0	0	0	0	0.333	0	0	0	0	0.333	0	0	0	0	0	0.2	0	0	0	0	0.2	0	0	0.42	0.194
0	3.928	0	0	0	0	7.591	0	0	0	0	3.641	0	0	0	0	0.321	0	0	0	0	0.286	0	0	0	0	0.167	0	0	0	0	0.333	0	0	0	0	0.333	0	0	0	0.417	0.129
0	0	0	6.636	0	0	0	0	7.623	0	0	0	0	4.914	0	0	0	0	0.611	0	0	0	0	0.714	0	0	0	0	0.4	0	0	0.2	0	0.2	0	0	0.2	0.25	0	0	0.298	0.473
0	0	2.846	0	0	0	1.056	3.748	0	0	0	1.056	1.916	0	0	0	0	0.333	0	0	0	0	0.333	0	0	0	0	0	0	0	0.2	0	0	0	0	0	0	0	0	0	0	0.468
0.99	0	0	0.893	0	0.99	0	0.868	0.893	0	0.99	0	0.868	0.893	0	0	0	0	0	0	0	0	0	0	0	0	0	0	0	0	0	0.667	0.5	0.4	0	0	0.667	0	0.2	0	0.294	0.406
0	0	0	0	0	0	0	0.911	0	0	0	0	0.911	0	0	0	0	0	0	0	0	0	0	0	0	0	0	0	0	0	0.2	0.875	0	1	0	0.2	0.5	0	1	0	0	0.363
0	-1	0	-1	0	0	-1	0	-1	0	0	-1	0	-1	0	0	-1	0	-1	0	0	-1	0	-1	0	0	-1	0	-1	0	0	-1	0	-1	0	0	-1	0	-1	0	0.899	0.871
0	0	1.014	1.869	0	0.901	0	2.801	4.921	0	0.901	0	2.801	3.984	0	0	0	0.333	0.4	0	0	0	0.333	0.3	0	0	0	0.333	0.333	0	0	0	0	0	0	0	0	0	0	0	0.554	0.199
3.88	0	5.472	2.222	9.678	7.979	1.808	11.336	4.876	15.931	3.155	1.808	6.718	6.17	7.262	0.643	0	0.348	0.733	0.367	0.643	0	0.303	0.7	0.35	0.667	0	0.286	0.6	0.333	0	0	0.333	0.2	0.375	0	0	0	0.2	0	0.299	0.168
0	0	3.796	14.659	1.752	0	0	6.861	13.911	4.831	0	0	2.055	10.145	3.079	0	0	0.619	0.353	0.9	0	0	0.571	0.418	0.7	0	0	1	0.156	0.667	0	0	1	0.4	0.4	0	0	1	0	0	0.42	0.204
2.898	2.891	3.358	2.131	6.226	11.467	12.965	10.541	11.637	10.286	9.603	10.073	9.453	9.625	10.776	0.667	0.618	0.722	0.667	0.6	0.556	0.527	0.667	0.556	0.556	0.571	0.571	0.571	0.607	0.583	0	0	0	0	0	0	0	0	0	0	0.898	0.116
0	0	0.925	0	0	0	0	0	0	0	0	0	0.925	0	0	0	0	0	0	0	0	0	0	0	0	0	0	0	0	0	0	0.6	0.2	0	0.2	0	0.2	0	0	0	0.197	0.211
0	7.928	0	1.957	0	3.151	6.906	1.916	6.188	0	3.151	9.573	1.916	6.188	0	0.333	0.439	0	0.267	0	0.333	0.429	0	0.2	0	0.333	0.278	0	0.267	0	0	0.2	0	0	0	0	0	0	0	0	0.418	0.183
0	0	0	0	0	0	0	0	0	0	0	0	0	0	0	0	0	0	0	0	0	0	0	0	0	0	0	0	0	0	0	0.667	0.75	0.2	0.333	0	1	0.5	0	1	0	0.474
0	0.899	0.882	0	0	0	0	0.882	0	0	0	0.899	0.882	0	0	0	0	0	0	0	0	0	0	0	0	0	0	0	0	0	0	0	0	0	0	0	0	0	0	0	0.418	0.199
0	2.872	0.989	20.249	0.872	0	2.872	0.989	19.313	0.872	0	0.912	0	5.497	0.872	0	1	0	0.377	0	0	1	0	0.405	0	0	0	0	0.067	0	0.25	0	0	0.333	0	0	0	0	0	0	0	0.542
0	0	0	0	0	0	0	0	0	0	0	0	0	0	0	0	0	0	0	0	0	0	0	0	0	0	0	0	0	0	0	0	0.667	0.2	0.2	0	0	0.889	0	0.2	0	0.425
0.881	0	0	0	0.856	3.736	0.908	2.777	0	0.856	3.736	0.908	2.777	0	0.856	0.5	0	0.333	0	0	0.333	0	0.333	0	0	0.5	0	0.333	0	0	0	0	0	0	0	0	0	0	0	0	0.418	0.168
0	2.222	3.88	0	5.472	1.808	4.876	7.979	0	11.336	1.808	6.17	3.155	0	6.718	0	0.733	0.643	0	0.348	0	0.7	0.643	0	0.303	0	0.6	0.667	0	0.286	0	0.2	0	0	0.333	0	0.2	0	0	0	0.718	0.113
0	0	9.597	0	0	0	0	8.339	0	0	0	0	4.331	0	0	0	0	0.621	0	0	0	0	0.639	0	0	0	0	0.5	0	0	0	0	0.667	0	0	0	0	0	0	0	0.556	0.114
0	1	0.924	0	16.479	0	1	0.924	0	17.381	0	1.131	0.924	0	6.47	0	1	0	0	0.347	0	0	0	0	0.399	0	0	0	0	0.2	0	0.25	0.111	0.4	1	0	0.75	0	0	0.667	0.42	0.229
3.044	0	6.595	0	0	3.044	0	6.528	0	0	3.044	0	5.19	0	0	0.333	0	0.722	0	0	0.333	0	0.81	0	0	0.333	0	0.6	0	0	0.286	1	0.25	1	0.2	0.429	1	0	1	0	0.418	0.346
0	0	9.464	0	0	2.011	0	11.947	0.905	0.988	2.011	0	4.365	0.905	0.988	1	0	0.621	0	0	1	0	0.515	0	0	1	0	0.667	0	0	0	0	0	0	0	0	0	0	0	0	0.898	0.077
8.053	0	0	0	0	11.936	0	0.905	0	0	7.244	0	0.905	0	0	0.348	0	0	0	0	0.318	0	0	0	0	0.286	0	0	0	0	0	0	0	0	0	0	0	0	0	0	0.717	0.086
0	0	0	0	0	0	0	0	0	0	0	0	0	0	0	0	0	0	0	0	0	0	0	0	0	0	0	0	0	0	0	0	0	0.2	0	0.25	0	0	0.2	1	0.3	0.679
0	0	0	0	8.623	0	0	0	0	9.616	0	0	0	0	2.866	0	0	0	0	0.75	0	0	0	0	0.75	0	0	0	0	1	0	0	0	0	0	0	0	0	0	0	0.418	0.208
0	0	0	4.085	0	0.877	0	0	3.03	0	0.877	0	0	5.214	0	0	0	0	0.8	0	0	0	0	0.667	0	0	0	0	0.5	0	0	0	0.333	0	0.2	0	0	0	0	0	0.415	0.143
0	0.945	0	0	0	0	0.945	0	0	0	0	0	0	0	0	0	0	0	0	0	0	0	0	0	0	0	0	0	0	0	1	0.4	0.875	1	0.2	1	0.6	0.5	1	0.2	0.294	0.988
4.204	1.779	6.29	10.057	3.816	7.694	4.5	10.162	11.114	12.391	10.116	2.865	11.745	8.243	8.696	0.806	0.667	0.449	0.571	0.455	0.762	0.6	0.444	0.564	0.424	0.611	0.333	0.289	0.321	0.393	0	0.4	0	0.444	0	0	0.2	0	0	0.667	0	0.398
3.358	2.898	6.226	2.891	5.617	10.541	11.467	10.286	12.965	10.36	9.453	9.603	10.776	10.073	8.483	0.722	0.667	0.6	0.618	0.711	0.667	0.556	0.556	0.527	0.644	0.571	0.571	0.583	0.571	0.464	0	0	0	0	0	0	0	0	0	0	0.299	0.067
0	0.853	0	2.757	0.896	0	0.853	0	0.858	0.896	0	0.853	0	1.899	0	0	0	0	1	0	0	0	0	0	0	0	0	0	1	0	0	0	0	0.4	0	0	0	0.2	0.4	0	0	0.549
0	0.893	0.99	8.57	0	0	0.893	0.99	5.469	0.868	0	0.893	0.99	7.733	0.868	0	0	0	0.667	0	0	0	0	0.8	0	0	0	0	0.381	0	0.667	0.4	0	0.6	0.5	0.667	0.2	0	0.2	0	0.117	0.744
7.928	1.957	0	0	0	6.906	6.188	3.151	0.901	1.916	9.573	6.188	3.151	0.901	1.916	0.439	0.267	0.333	0	0	0.429	0.2	0.333	0	0	0.278	0.267	0.333	0	0	0.2	0	0	0	0	0	0	0	0	0	0	0.327
0	0	0	0	0	0	0	0	0	0	0	0	0	0	0	0	0	0	0	0	0	0	0	0	0	0	0	0	0	0	0.75	0	0.333	0.667	0.667	0.5	0	1	1	1	0	0.432
1.014	0	0	0	1.028	2.801	0.901	0	0	0	2.801	0.901	0	0	1.028	0.333	0	0	0	0	0.333	0	0	0	0	0.333	0	0	0	0	0	0	0	0	0.2	0	0	0	0	0.2	0.059	0.140
0	0	0	0	2.846	1.056	0	0	0	3.748	1.056	0	0	0	1.916	0	0	0	0	0.333	0	0	0	0	0.333	0	0	0	0	0	0	0	0.2	0	0	0	0	0	0	0	0.198	0.130
0	0	0	6.595	0	0	0	0	6.528	0	0	0	0	5.19	0	0	0	0	0.722	0	0	0	0	0.81	0	0	0	0	0.6	0	0	0.2	0	0.25	0	0	0	0	0	0	0.299	0.250
0	0	0	0	0	0	0	0	0	0	0	0	0	0	0	0	0	0	0	0	0	0	0	0	0	0	0	0	0	0	0	0	0	0	0	0	0	0	0	0	0.055	0.318
0	0	0	0	0	0.911	0	0	0	0	0.911	0	0	0	0	0	0	0	0	0	0	0	0	0	0	0	0	0	0	0	0	0.2	0	0.875	0	0	0.2	0	0.5	0	0.296	0.220
43.71	0	4.747	9.464	1.93	47.122	0.988	0.868	11.947	0.911	14.514	0.988	4.747	4.365	1.93	0.16	0	0.7	0.621	0	0.141	0	0	0.515	0	0.154	0	0.4	0.667	0	0.333	0	0.2	0	0.75	0.667	0	0.2	0	0.75	0.059	0.213
9.597	0	0	0	0	8.339	0	0	0	0	4.331	0	0	0	0	0.621	0	0	0	0	0.639	0	0	0	0	0.5	0	0	0	0	0.667	0	0	0	0.4	0	0	0	0	0.4	0	0.372
3.796	0	1.752	0	0	6.861	0	4.831	0	0	2.055	0	3.079	0	0	0.619	0	0.9	0	0	0.571	0	0.7	0	0	1	0	0.667	0	0	1	0	0.4	0	0.25	1	0	0	0	0	0	0.603
1.733	11.598	0	0	0	1.733	6.855	0	0	0	0.857	6.669	0	0	0	1	0.727	0	0	0	1	0.667	0	0	0	0	0.533	0	0	0	0.4	0.2	1	0.143	1	0	0	1	0	1	0	0.358
0	0	14.659	0	0	0	0	13.911	0	0	0	0	10.145	0	0	0	0	0.353	0	0	0	0	0.418	0	0	0	0	0.156	0	0	0.125	0.4	0.4	0	0	0.125	0.4	0	0	0	0.3	0.254
5.059	0	0	5.496	0	9.976	0	0	9.437	0	6.001	0	0	3.575	0	0.667	0	0	0.639	0	0.667	0	0	0.639	0	0.333	0	0	1	0	0	0.5	0.75	0.8	1	0	0.5	0.5	0.6	1	0.717	0.191
6.226	3.358	5.617	2.898	1.954	10.286	10.541	10.36	11.467	6.225	10.776	9.453	8.483	9.603	6.225	0.6	0.722	0.711	0.667	0.733	0.556	0.667	0.644	0.556	0.733	0.583	0.571	0.464	0.571	0.467	0	0	0	0	0	0	0	0	0	0	0.118	0.045
10.646	0	0	0	0	14.04	0	2.796	0	0.901	7.934	0	2.796	0	0.901	0.5	0	0.333	0	0	0.372	0	0.333	0	0	0.381	0	0.333	0	0	0.143	0	0.2	0	0	0.286	0	0	0	0	0.196	0.215
0	0	0	0	10.646	0	0.911	0	0	14.04	0	0.911	0	0	7.934	0	0	0	0	0.5	0	0	0	0	0.372	0	0	0	0	0.381	0	0	0	0.2	0.143	0	0	0	0.2	0.286	0.557	0.189
15.509	6.489	0	7.626	0	17.82	7.397	0	8.558	0	6.902	3.579	0	4.895	0	0.558	0.5	0	0.491	0	0.542	0.5	0	0.75	0	0.5	0	0	0.1	0	0	0	0.6	0.25	0	0	0.5	0	0	0	0	0.496
1.957	0	7.928	0	0	6.188	0.901	6.906	2.796	3.151	6.188	0.901	9.573	2.796	3.151	0.267	0	0.439	0.333	0.333	0.2	0	0.429	0.333	0.333	0.267	0	0.278	0.333	0.333	0	0	0.2	0.2	0	0	0	0	0	0	0.419	0.125
0	0	0	0.99	7.834	0	0.868	0	0.99	10.827	0	0.868	0	0.99	6.088	0	0	0	0	0.564	0	0	0	0	0.527	0	0	0	0	0.333	0	0.5	0.111	0	0	0	0	0	0	0	0.554	0.191
0.925	0	0	0	0	0	0	0	0	0	0.925	0	0	0	0	0	0	0	0	0	0	0	0	0	0	0	0	0	0	0	0.2	0	0.2	0.6	0.667	0	0	0	0.2	1	0	0.423
5.472	3.88	9.678	0	30.78	11.336	7.979	15.931	1.808	36.82	6.718	3.155	7.262	1.808	6.908	0.348	0.643	0.367	0	0.232	0.303	0.643	0.35	0	0.208	0.286	0.667	0.333	0	0.467	0.333	0	0.375	0	0.5	0	0	0	0	0.5	0.298	0.334
0.872	0.989	3.777	0	0.853	0.872	0.989	4.879	0	0.853	0.872	0	4.156	0	0.853	0	0	0.429	0	0	0	0	0.5	0	0	0	0	0.333	0	0	0	0	0	0.25	0	0	0	0	0	0	0.556	0.144
0	9.464	43.71	0	4.747	0.988	11.947	47.122	2.011	0.868	0.988	4.365	14.514	2.011	4.747	0	0.621	0.16	1	0.7	0	0.515	0.141	1	0	0	0.667	0.154	1	0.4	0	0	0.333	0	0.2	0	0	0.667	0	0.2	0.419	0.169
0	13.658	0	0	8.57	0	9.711	0	0	5.469	0	7.613	0	0	7.733	0	0.533	0	0	0.667	0	0.622	0	0	0.8	0	0.286	0	0	0.381	0	0.75	0.333	0	0.6	0	0.25	0	0.75	0.2	0.556	0.225
0	0	0	0	3.928	0.867	0.919	0	0	7.591	0.867	0.919	0	0	3.641	0	0	0	0	0.321	0	0	0	0	0.286	0	0	0	0	0.167	1	0	0	0	0.333	0	0	0	0	0.333	0.56	0.463
1.779	10.057	4.204	0.888	6.29	4.5	11.114	7.694	2.682	10.162	2.865	8.243	10.116	0	11.745	0.667	0.571	0.806	0.667	0.449	0.6	0.564	0.762	0.333	0.444	0.333	0.321	0.611	0	0.289	0.4	0.444	0	0.6	0	0.2	0	0	0	0	0	0.569
0	0	0	0.925	0	0	0	0	0	0	0	0	0	0.925	0	0	0	0	0	0	0	0	0	0	0	0	0	0	0	0	0.667	0.2	0	0.2	0.75	1	0	0	0	0.5	0	0.773
0	0	0.896	0.853	0	0	0	0.896	0.853	0	0	0	0	0.853	0	0	0	0	0	0	0	0	0	0	0	0	0	0	0	0	0	0	0	0	0	0.2	0	0	0	0	0	0.356
0	0.99	0	0	0	0.868	0.99	0	0	0	0.868	0.99	0	0	0	0	0	0	0	0	0	0	0	0	0	0	0	0	0	0	0.5	0	0	0.667	0.111	0	0	0	0.667	0	0	0.697
0	0	0	0.877	0.925	0	0	0	1.779	0	0	0	0	0.902	0.925	0	0	0	1	0	0	0	0	1	0	0	0	0	0	0	0.6	0	0	0	0.2	0.2	0	0	0	0	0	0.547
0	0.854	0	1.028	1	0	0.854	0	0	1	0	0.854	0	1.028	1.131	0	0	0	0	1	0	0	0	0	0	0	0	0	0	0	0	0	0.4	0.2	0.25	0	0	0	0.2	0.75	0	0.466
16.479	0.924	0.854	0	0.972	17.381	0.924	0.854	0	0.972	6.47	0.924	0.854	0	1.92	0.347	0	0	0	1	0.399	0	0	0	0	0.2	0	0	0	1	1	0.111	0	0	0.2	0.667	0	0	0	0.2	0.115	0.353
0	0	0	9.597	14.659	0	0	0	8.339	13.911	0	0	0	4.331	10.145	0	0	0	0.621	0.353	0	0	0	0.639	0.418	0	0	0	0.5	0.156	0.4	0	0.125	0.667	0.4	0.4	0	0.125	0	0	0	0.537
0	0	0	0	0.856	0	0	0	0	0.856	0	0	0	0	0.856	0	0	0	0	0	0	0	0	0	0	0	0	0	0	0	0	0.2	0	0.333	0	0	0	0	0	0	0.414	0.145
14.659	0	0	0	0	13.911	0	0	0	0	10.145	0	0	0	0	0.353	0	0	0	0	0.418	0	0	0	0	0.156	0	0	0	0	0.4	0.125	0	0.4	0	0	0.125	0	0.4	0	0	0.278
6.29	4.204	3.816	1.779	2.911	10.162	7.694	12.391	4.5	12.342	11.745	10.116	8.696	2.865	9.332	0.449	0.806	0.455	0.667	0.618	0.444	0.762	0.424	0.6	0.509	0.289	0.611	0.393	0.333	0.571	0	0	0	0.4	0.333	0	0	0.667	0.2	1	0	0.364
2.911	3.816	2.131	6.29	2.891	12.342	12.391	11.637	10.162	12.965	9.332	8.696	9.625	11.745	10.073	0.618	0.455	0.667	0.449	0.618	0.509	0.424	0.556	0.444	0.527	0.571	0.393	0.607	0.289	0.571	0.333	0	0	0	0	1	0.667	0	0	0	0.06	0.566
0	13.056	0	0	0.881	0	16.066	0.908	0.895	3.736	0	5.3	0.908	0.895	3.736	0	0.308	0	0	0.5	0	0.283	0	0	0.333	0	0.4	0	0	0.5	0	0	0	0	0	0	0	0	0	0	0.896	0.099
0	0	8.053	0	0	0	0	11.936	0	0.905	0	0	7.244	0	0.905	0	0	0.348	0	0	0	0	0.318	0	0	0	0	0.286	0	0	0	0	0	0	0	0	0	0	0	0	0.418	0.109
0	5.059	0	0	7.626	0	9.976	0	0	8.558	0	6.001	0	0	4.895	0	0.667	0	0	0.491	0	0.667	0	0	0.75	0	0.333	0	0	0.1	0.75	0	1	0.5	0.25	0.5	0	1	0.5	0	0.296	0.809
0	22.405	7.267	0.856	0	0	22.392	4.926	0.856	0	0	10.786	7.569	0.856	0	0	0.236	0.622	0	0	0	0.209	0.8	0	0	0	0.145	0.381	0	0	0.2	1	0.333	0	0.2	0.2	0	0.333	0	0.6	0	0.502
0.877	0	0	0	0	1.779	0	0	0	0	0.902	0	0	0	0	1	0	0	0	0	1	0	0	0	0	0	0	0	0	0	0	0	0	0	0.6	0	0	0	0	0.2	0.718	0.155
0	6.636	0	6.868	0	0	7.623	0	5.618	0	0	4.914	0	6.096	0	0	0.611	0	0.583	0	0	0.714	0	0.533	0	0	0.4	0	0.267	0	0.2	0.2	0	0.2	0	0.2	0	0	0.2	0.25	0	0.410
6.489	7.626	15.509	0	0	7.397	8.558	17.82	0	0	3.579	4.895	6.902	0	0	0.5	0.491	0.558	0	0	0.5	0.75	0.542	0	0	0	0.1	0.5	0	0	0	0.25	0	1	0.6	0.5	0	0	1	0	0.294	0.369
0	0	0.881	13.056	0	0.908	0	3.736	16.066	2.777	0.908	0	3.736	5.3	2.777	0	0	0.5	0.308	0.333	0	0	0.333	0.283	0.333	0	0	0.5	0.4	0.333	0	0	0	0	0	0	0	0	0	0	0.897	0.099
0	1.954	0	5.617	0	0	6.225	0	10.36	0.989	0	6.225	0	8.483	0.989	0	0.733	0	0.711	0	0	0.733	0	0.644	0	0	0.467	0	0.464	0	0	0	0	0	0	0	0	0	0	0	0.116	0.346
9.678	5.472	30.78	3.88	4.664	15.931	11.336	36.82	7.979	7.679	7.262	6.718	6.908	3.155	4.018	0.367	0.348	0.232	0.643	0.714	0.35	0.303	0.208	0.643	0.714	0.333	0.286	0.467	0.667	0.5	0.375	0.333	0.5	0	0	0	0	0.5	0	0	0.3	0.161
0	0	10.646	0	0	0	0	14.04	0.911	2.796	0	0	7.934	0.911	2.796	0	0	0.5	0	0.333	0	0	0.372	0	0.333	0	0	0.381	0	0.333	0	0	0.143	0	0.2	0	0	0.286	0	0	0.556	0.233
0	0	1.957	10.646	7.928	0.901	2.796	6.188	14.04	6.906	0.901	2.796	6.188	7.934	9.573	0	0.333	0.267	0.5	0.439	0	0.333	0.2	0.372	0.429	0	0.333	0.267	0.381	0.278	0	0.2	0	0.143	0.2	0	0	0	0.286	0	0.419	0.188
0	0.925	0	0	0	0	0	0	0	0	0	0.925	0	0	0	0	0	0	0	0	0	0	0	0	0	0	0	0	0	0	0.2	0.2	0.667	0	0	0	0	1	0	0	0	0.364
1.93	4.747	2.757	43.71	0.853	0.911	0.868	0.858	47.122	0.853	1.93	4.747	1.899	14.514	0.853	0	0.7	1	0.16	0	0	0	0	0.141	0	0	0.4	1	0.154	0	0.75	0.2	0.4	0.333	0	0.75	0.2	0.4	0.667	0	0	0.722
0	0	13.056	0	0	0.895	0.989	16.066	0	0	0.895	0.989	5.3	0	0	0	0	0.308	0	0	0	0	0.283	0	0	0	0	0.4	0	0	0	0	0	0	0	0	0	0	0	0	0.198	0.152
1.763	0.88	4.085	12.279	0	0	1.757	3.03	10.045	0	1.763	1.757	5.214	9.492	0	1	0	0.8	0.551	0	0	0	0.667	0.528	0	1	0	0.5	0.5	0	0.25	0	0	0	0	0	0	0	0	0	0	0.502
0	0	3.044	17.62	6.595	0	0	3.044	22.9	6.528	0	0	3.044	10.663	5.19	0	0	0.333	0.351	0.722	0	0	0.333	0.326	0.81	0	0	0.333	0.164	0.6	1	1	0.286	0.4	0.25	1	1	0.429	0.4	0	0	0.976
6.636	6.868	0	0	0	7.623	5.618	0	0	0	4.914	6.096	0	0	0	0.611	0.583	0	0	0	0.714	0.533	0	0	0	0.4	0.267	0	0	0	0.2	0.2	0.2	0.25	0	0	0.2	0.2	0	0	0	0.323
0	14.659	0	0	3.796	0	13.911	0	0	6.861	0	10.145	0	0	2.055	0	0.353	0	0	0.619	0	0.418	0	0	0.571	0	0.156	0	0	1	0	0.4	0	0.125	1	0	0	0	0.125	1	0.292	0.207
4.085	1.763	0	0.88	0	3.03	0	0	1.757	0.877	5.214	1.763	0	1.757	0.877	0.8	1	0	0	0	0.667	0	0	0	0	0.5	1	0	0	0	0	0.25	0	0	0	0	0	0	0	0	0	0.193
1	0	0	0	0.924	1	0	0	0	0.924	1.131	0	0	0	0.924	1	0	0	0	0	0	0	0	0	0	0	0	0	0	0	0.25	0.4	0	0	0.111	0.75	0	0	0	0	0.196	0.442
0	0	0	0	0	0	0	0	0.877	0	0	0	0	0.877	0	0	0	0	0	0	0	0	0	0	0	0	0	0	0	0	0.2	0.333	0	0	0	0	0	0	0	0	0.059	0.316
5.617	6.226	1.954	3.358	0	10.36	10.286	6.225	10.541	0	8.483	10.776	6.225	9.453	0	0.711	0.6	0.733	0.722	0	0.644	0.556	0.733	0.667	0	0.464	0.583	0.467	0.571	0	0	0	0	0	0	0	0	0	0	0	0.559	0.134
