2.891	3.845	40.766	6.619	3.888	5.833	3.892	49.02	13.017	6.711	4.954	2.861	12.94	7.271	3.676	0.667	0.9	0.202	0.628	0.667	0.667	1	0.192	0.603	0.619	0.1	0.333	0.309	0.476	0.333	0.556	1	0	0	0	0	0.625	0	0.8	0	0.299	0.587
0	13.544	0	0	5.602	0	17.15	0	0	6.654	0	6.607	0	0	2.985	0	0.386	0	0	0.714	0	0.386	0	0	0.714	0	0.143	0	0	0.333	1	0.778	0.667	1	0.2	1	0.889	1	0.875	0.4	0.117	0.967
0	0	0	0	4.511	0	0	0	0	5.453	0	0	0	0	1.816	0	0	0	0	0.429	0	0	0	0	0.533	0	0	0	0	0	0	0	0	0.4	0.2	0	0	0	0	0	0.717	0.228
0	0	0	0	0	0	0	0	0	0	0	0	0	0	0	0	0	0	0	0	0	0	0	0	0	0	0	0	0	0	0	0	0	0	0	0.5	0	0	0	0	0.12	0.561
0	0	0	4.926	0	0	0	0	6.695	0	0	0	0	1.769	0	0	0	0	0.905	0	0	0	0	0.905	0	0	0	0	1	0	1	1	0	0	0	0.8	1	0	0	0	0	0.752
7.382	1.799	0	2.653	14.409	9.694	2.797	0	6.392	14.605	8.913	0.998	0	6.559	13.293	0.582	1	0	0.711	0.398	0.578	1	0	0.714	0.473	0.694	0	0	0.762	0.244	0	0	0.4	0.571	0	0	0	0	0.857	0	0	0.255
0	0	7.324	0	0	0	0	9.506	0	0	0	0	2.182	0	0	0	0	0.6	0	0	0	0	0.6	0	0	0	0	1	0	0	0	1	0	0.25	0	0	1	0	0	0	0.415	0.292
0	0	0	2.726	0	0	0	0	2.726	0	0	0	0	0	0	0	0	0	1	0	0	0	0	1	0	0	0	0	0	0	0.667	0.8	0.2	0	0	0	0	0	0	0	0	0.711
12	1.827	0	0	0	15.703	1.827	0	0	0	6.963	0.864	0	0	0	0.567	1	0	0	0	0.567	1	0	0	0	0.238	0	0	0	0	0	0	0	0	0	0	0	0	0	0	0	0.244
0	0	0	0	0	0	0	0	0	0	0	0	0	0	0	0	0	0	0	0	0	0	0	0	0	0	0	0	0	0	0.2	0.667	0	0.8	0.25	0	0	0	0	0	0	0.498
0	0	1.834	0	0.859	8.338	5.636	10.351	4.117	7.884	0	0	0	0	0	0.357	0.6	0.244	0.667	0.357	0.357	0.6	0.244	0.667	0.357	0	0	0	0	0	0.111	1	1	0.8	0	0	0	0.375	0.4	0	0.299	0.265
0	1.779	6.619	0	3.845	0	3.536	13.017	0	3.892	0	4.69	7.271	0	2.861	0	0.8	0.628	0	0.9	0	0.667	0.603	0	1	0	0.6	0.476	0	0.333	0.8	0.8	0	0	1	1	0.4	0.8	0	0.625	0	0.755
0	0	5.654	0	0.985	0	0	5.654	0	0	0	0	0.992	0	0.985	0	0	0.533	0	0	0	0	0.533	0	0	0	0	0	0	0	0.6	1	0.75	0.8	0.4	1	1	0.375	1	0.2	0.117	0.861
0	0	2.846	0	0	0	0	1.86	0	0	0	0	0.985	0	0	0	0	0.333	0	0	0	0	1	0	0	0	0	0	0	0	0.125	0.2	0.667	0.667	0.5	0.5	0.2	0.667	0.667	0.25	0.3	0.672
1.959	2.767	2.653	3.793	1.799	5.224	8.345	6.392	9.69	2.797	6.353	7.379	6.559	7.838	0.998	0.786	0.821	0.711	0.75	1	0.9	0.643	0.714	0.611	1	0.733	0.714	0.762	0.714	0	0.4	0	0.571	0	0	0.2	0	0.857	0	0	0	0.305
2.65	0	0	0	0	2.65	0	0	0	0	1.78	0	0	0	0	1	0	0	0	0	1	0	0	0	0	1	0	0	0	0	0	0	0	0	0	0	0.25	0	0	0	0	0.160
0	0	0	0	0	0	0	0	0	0	0	0	0	0	0	0	0	0	0	0	0	0	0	0	0	0	0	0	0	0	0	0	0	0	0	0	0	0	0	0	0.292	0.101
0	0	0	0	0	0	0	0	0	0	0	0	0	0	0	0	0	0	0	0	0	0	0	0	0	0	0	0	0	0	0	0.333	0	0	0	0	0	0	0	0	0.418	0.183
0	0	6.617	14.613	0	0	0	7.628	17.971	0	0	0	2.038	6.191	0	0	0	0.643	0.503	0	0	0	0.643	0.497	0	0	0	1	0.467	0	1	0	0	0	0.625	1	0	0	0.2	0.625	0.12	0.925
0	0	0	0	0	0	0	0	0	0	0	0	0	0	0	0	0	0	0	0	0	0	0	0	0	0	0	0	0	0	1	0	0	0	0	0.667	0	0	0	0	0	0.538
0	0	0	0	0	0	0	0	0	0	0	0	0	0	0	0	0	0	0	0	0	0	0	0	0	0	0	0	0	0	0	0	0	0	0	0	0.5	0	0	0	0.42	0.641
0	0	0	0	0	0	0.971	0	2.823	0	0	0	0	0	0	0	0	0	0.667	0	0	0	0	0.667	0	0	0	0	0	0	0	0	0	0	0	0	0	0	0	0	0.718	0.335
0	0	8.7	0	0	0	0	11.567	0	0	0	0	6.72	0	0	0	0	0.621	0	0	0	0	0.621	0	0	0	0	0.333	0	0	0	0.25	0	0.2	0.125	0	0.25	0	0.2	0.125	0	0.869
0	0	22.245	2.809	0	0	0	25.839	5.005	0	0	0	9.618	5.005	0	0	0	0.366	1	0	0	0	0.36	1	0	0	0	0.25	0.5	0	0	0	0.333	0.5	0	0	0	0	0	0	0.298	0.252
0	0	0	0	0	0.92	0	0	0	0	0	0	0	0	0	0	0	0	0	0	0	0	0	0	0	0	0	0	0	0	0	0	0	0	0	0	0	0	0	0	0.559	0.392
0	4.493	41.544	0	0	0	5.54	43.82	0	0	0	1.941	4.487	0	0	0	1	0.197	0	0	0	1	0.196	0	0	0	0	0.167	0	0	0.714	0.8	0	1	0.8	1	0.6	0	0.2	0.6	0.119	0.763
0	0	0	0	0	0	0	0	0	0	0	0	0	0	0	0	0	0	0	0	0	0	0	0	0	0	0	0	0	0	0	0.4	0	0	0	0	0	0	0	0	0.296	0.233
0	0	0	0	-1	0	0	0	0	-1	0	0	0	0	-1	0	0	0	0	-1	0	0	0	0	-1	0	0	0	0	-1	0	0	0	0	-1	0	0	0	0	-1	0.198	0.955
0	0	0	0	0	0	0	0	0	0	0	0	0	0	0	0	0	0	0	0	0	0	0	0	0	0	0	0	0	0	0	0	0	0.857	0.2	0	0	0	0.857	0	0	0.300
0	0	0.992	0	0	0	0	0.992	0	0	0	0	0.992	0	0	0	0	0	0	0	0	0	0	0	0	0	0	0	0	0	0.8	0.2	0	0.5	0	1	0	0	0.25	0	0.198	0.677
0	0	0	0	1.863	0	0	0	0	1.863	0	0	0	0	0.991	0	0	0	0	0	0	0	0	0	0	0	0	0	0	0	0	0	0	0.2	0	0	0	0	0.2	0	0.198	0.248
0	7.132	0	0.859	0	4.117	15.205	5.636	4.768	8.338	0	0	0	0	0	0.667	0.248	0.6	0.6	0.357	0.667	0.248	0.6	0.6	0.357	0	0	0	0	0	0.8	0.556	1	0	0.111	0.4	0	0	0	0	0.419	0.291
0	-1	0	-1	0	0	-1	0	-1	0	0	-1	0	-1	0	0	-1	0	-1	0	0	-1	0	-1	0	0	-1	0	-1	0	0	-1	0	-1	0	0	-1	0	-1	0	0.899	0.999
8.7	0	0	0	2.733	11.567	0	0	0	3.606	6.72	0	0	0	1.762	0.621	0	0	0	0.833	0.621	0	0	0	0.833	0.333	0	0	0	0	0	0	0.125	0.25	0	0	0	0.125	0.25	0	0	0.363
0	0	0	0	0	0	0	0	0	0	0	0	0	0	0	0	0	0	0	0	0	0	0	0	0	0	0	0	0	0	0	0	0	0	0	0	0	0	0	0	0.896	0.821
1.834	0	0.859	0	0.854	10.351	8.338	7.884	5.636	4.843	0	0	0	0	0	0.244	0.357	0.357	0.6	0.7	0.244	0.357	0.357	0.6	0.7	0	0	0	0	0	1	0.111	0	1	0	0.375	0	0	0	0	0.3	0.255
0	0	0	0	0.861	0	0.92	0	0	0.861	0	0	0	0	0	0	0	0	0	0	0	0	0	0	0	0	0	0	0	0	0	0	0	0	0	0	0	0	0	0	0.717	0.412
0	0	0	0	0	0	0	0	0	0	0	0	0	0	0	0	0	0	0	0	0	0	0	0	0	0	0	0	0	0	0	0	0	0	0	0	0	0.5	0.4	0	0	0.698
3.793	2.77	2.767	5.638	1.959	9.69	4.446	8.345	10.283	5.224	7.838	6.249	7.379	7.43	6.353	0.75	0.905	0.821	0.667	0.786	0.611	1	0.643	0.556	0.9	0.714	0.733	0.714	0.81	0.733	0	0	0	0	0.4	0	0	0	0	0.2	0.554	0.249
1.779	0	0	27.689	6.619	3.536	0	0	31.837	13.017	4.69	0	0	15.252	7.271	0.8	0	0	0.28	0.628	0.667	0	0	0.269	0.603	0.6	0	0	0.219	0.476	0.8	0	0.8	0.333	0	0.4	0	1	0.333	0.8	0	0.623
6.617	0	0	0	0	7.628	0	0	0	0	2.038	0	0	0	0	0.643	0	0	0	0	0.643	0	0	0	0	1	0	0	0	0	0	1	0.625	0	0.4	0	1	0.625	0	0	0.119	0.201
0	0	0	0	0	0	0	0	0	0	0	0	0	0	0	0	0	0	0	0	0	0	0	0	0	0	0	0	0	0	0	0	0	0	0.333	0	0	0	0	0	0.556	0.212
0	0	0	0	0	0	0	0	0	0	0	0	0	0	0	0	0	0	0	0	0	0	0	0	0	0	0	0	0	0	0	0	0	0.333	0	0	0	0	0	0	0.556	0.199
0	7.382	14.409	1.799	27.689	0	9.694	14.605	2.797	31.837	0	8.913	13.293	0.998	15.252	0	0.582	0.398	1	0.28	0	0.578	0.473	1	0.269	0	0.694	0.244	0	0.219	0.4	0	0	0	0.333	0	0	0	0	0.333	0	0.481
0	0	0	0	0	0	0	0	0	0	0	0	0	0	0	0	0	0	0	0	0	0	0	0	0	0	0	0	0	0	0	0	0	0	0	0	0.4	0	0	0.5	0	0.852
0	0	18.001	0	0	0	0	20.836	0	0	0	0	4.345	0	0	0	0	0.448	0	0	0	0	0.448	0	0	0	0	0.5	0	0	0	0	0	0.2	0	0	0.25	0.143	0	0	0	0.676
0	0	0	0	0	0	0	0	0	0	0	0	0	0	0	0	0	0	0	0	0	0	0	0	0	0	0	0	0	0	0	0	0.333	0	0	0	0	0	0	0	0.299	0.182
0	0	0	0	3.62	0	0	0	0	8.419	0	0	0	0	5.628	0	0	0	0	0.857	0	0	0	0	0.679	0	0	0	0	0.8	0	0	0	0	0	0	0	0	0	0	0.12	0.468
0	0	0	2.65	0	0	0	0	2.65	0	0	0	0	1.78	0	0	0	0	1	0	0	0	0	1	0	0	0	0	1	0	0	0	1	0	0	0	0	0.667	0	0	0	0.121
18.001	0	0	0	5.689	20.836	0	0	0	7.638	4.345	0	0	0	4.75	0.448	0	0	0	0.893	0.448	0	0	0	0.893	0.5	0	0	0	0.6	0	0	0	0	0	0.143	0	0	0.25	0	0.299	0.230
0	0	0	0	0	0	0	0.92	0	0	0	0	0	0	0	0	0	0	0	0	0	0	0	0	0	0	0	0	0	0	0	0	0	0	0	0	0	0	0	0	0.713	0.353
0	0.981	0	0.861	0	0	1.901	1.021	0.861	0.985	0	0	0	0	0	0	0	0	0	0	0	0	0	0	0	0	0	0	0	0	0	1	0.556	0	0.5	0	0.4	0	0	0	0.198	0.182
0	2.65	0	0	0	0	2.65	0	0	0	0	1.78	0	0	0	0	1	0	0	0	0	1	0	0	0	0	1	0	0	0	0	0	0	0	1	0	0	0	0.25	0.667	0.418	0.249
0	0	0	0	0	0	0	0	0.971	0	0	0	0	0	0	0	0	0	0	0	0	0	0	0	0	0	0	0	0	0	0	0	0	0	0	0	0	0	0	0	0.294	0.205
0	0	0	0	0	0	0	0	0	0	0	0	0	0	0	0	0	0	0	0	0	0	0	0	0	0	0	0	0	0	0.857	0.2	0	0.4	0	0.857	0.8	0	0	0	0	0.860
0	0	0	0	0	0	0	0	0	0	0	0	0	0	0	0	0	0	0	0	0	0	0	0	0	0	0	0	0	0	0	0	0	0.25	0.6	0	0	0	0	0	0.42	0.171
0	0.883	0	0	0	2.823	5.614	0.971	3.97	0	0	0	0	0	0	0.667	0.467	0	0.5	0	0.667	0.467	0	0.5	0	0	0	0	0	0	0	0	0	0	0	0	0	0	0	0	0.419	0.203
0	0	0	2.846	0.992	0	0	0	1.86	0.992	0	0	0	0.985	0.992	0	0	0	0.333	0	0	0	0	1	0	0	0	0	0	0	0.2	0.5	0.8	0.667	0	0	0.25	1	0.667	0	0	0.427
0	1.896	1.827	0.951	12	0	5.447	1.827	4.942	15.703	0	4.482	0.864	4.942	6.963	0	0.867	1	0.9	0.567	0	0.867	1	0.9	0.567	0	0.5	0	0.4	0.238	0	0	0	0	0	0	0	0	0	0	0.717	0.247
0	0	0	0.869	0	0	0	0	0.869	0	0	0	0	0	0	0	0	0	0	0	0	0	0	0	0	0	0	0	0	0	0	0.2	0	0	0	0	0.2	0	0	0	0.554	0.161
0	12	0	1.827	2.809	0	15.703	0	1.827	5.005	0	6.963	0	0.864	5.005	0	0.567	0	1	1	0	0.567	0	1	1	0	0.238	0	0	0.5	0	0	0	0	0.5	0	0	0	0	0	0.415	0.233
4.493	0	0	0	41.544	5.54	0	0	0	43.82	1.941	0	0	0	4.487	1	0	0	0	0.197	1	0	0	0	0.196	0	0	0	0	0.167	0.8	1	0.714	0.6	0	0.6	0.2	1	0	0	0.298	0.393
14.613	0	0	1.754	0	17.971	0	0	3.49	0	6.191	0	0	1.736	0	0.503	0	0	1	0	0.497	0	0	1	0	0.467	0	0	1	0	0	0	0	0	1	0.2	0	0	0	1	0.196	0.192
0.869	0	0	0	0	0.869	0	0	0	0	0	0	0	0	0	0	0	0	0	0	0	0	0	0	0	0	0	0	0	0	0	0	0.2	0	0	0	0	0.2	0	0	0	0.443
0	0	0	0	0	0	0	0	0	0	0	0	0	0	0	0	0	0	0	0	0	0	0	0	0	0	0	0	0	0	0	0	0	0	0	0	0	0	0	0	0.298	0.122
1.827	0	12	1.896	0	1.827	0	15.703	5.447	0	0.864	0	6.963	4.482	0	1	0	0.567	0.867	0	1	0	0.567	0.867	0	0	0	0.238	0.5	0	0	0	0	0	0	0	0	0	0	0	0.415	0.231
0.854	0.859	0	1.834	0.883	4.843	7.884	3.97	10.351	5.614	0	0	0	0	0	0.7	0.357	0.5	0.244	0.467	0.7	0.357	0.5	0.244	0.467	0	0	0	0	0	0	0	0	1	0	0	0	0	0.375	0	0.718	0.217
0	0	0	0	0	0	0	0	0	0	0	0	0	0	0	0	0	0	0	0	0	0	0	0	0	0	0	0	0	0	0	0	0	0	0.2	0	0	0	0	0	0	0.188
0	0	0	0	0	0	0	0	0	0	0	0	0	0	0	0	0	0	0	0	0	0	0	0	0	0	0	0	0	0	0	0	0.2	0	0	0	0	0	0	0	0	0.143
0	0	0	0	0	0	0	0	0	0	0	0	0	0	0	0	0	0	0	0	0	0	0	0	0	0	0	0	0	0	0	0	0	0	0	0.4	0	0	0	0	0	0.931
0	7.633	0	0	0	0	9.769	0	0	0	0	3.006	0	0	0	0	0.756	0	0	0	0	0.756	0	0	0	0	0.333	0	0	0	0.2	0.2	0.25	1	0	0.2	0	0.25	1	0	0	0.492
0	0	0.861	0	0.981	0	0	0.861	0.92	1.901	0	0	0	0	0	0	0	0	0	0	0	0	0	0	0	0	0	0	0	0	0	0	0	0	1	0	0	0	0	0.4	0.556	0.203
1.894	0	0	0	0	1.894	0	0	0.942	0	1.865	0	0	0.942	0	0.333	0	0	0	0	0	0	0	0	0	0	0	0	0	0	0	0.4	0	0	0	0	0	0	0	0	0	0.394
0	0	0	0	0	0	0	0	0	0	0	0	0	0	0	0	0	0	0	0	0	0	0	0	0	0	0	0	0	0	0	0	0	0	0	0	0	0	0	0	0.296	0.189
0	27.689	1.779	14.409	0	0	31.837	3.536	14.605	0	0	15.252	4.69	13.293	0	0	0.28	0.8	0.398	0	0	0.269	0.667	0.473	0	0	0.219	0.6	0.244	0	0	0.333	0.8	0	0.8	0	0.333	0.4	0	1	0	0.690
0	0	0	6.617	0	0	0	0	7.628	0	0	0	0	2.038	0	0	0	0	0.643	0	0	0	0	0.643	0	0	0	0	1	0	0.4	0.625	0.2	0	0.857	0	0.625	0.8	0	0.857	0.118	0.564
2.846	0	0	0	0	1.86	0	0	0	0	0.985	0	0	0	0	0.333	0	0	0	0	1	0	0	0	0	0	0	0	0	0	0.667	0.125	0.5	0.2	0.2	0.667	0.5	0.25	0.2	0	0	0.331
0	0	0	0	0	0	0	0	0	0	0	0	0	0	0	0	0	0	0	0	0	0	0	0	0	0	0	0	0	0	0.2	0	0	0	0	0	0	0.25	0	0	0	0.372
0	1.995	0	5.096	0	0	0.958	0	6.117	0	0	1.995	0	4.084	0	0	1	0	1	0	0	0	0	1	0	0	1	0	0.833	0	0.667	0.2	0.2	0	0.125	0.667	0.2	0.2	0	0.5	0	0.525
0	0.985	0.917	5.654	13.143	0	0	0.917	5.654	13.999	0	0.985	0.917	0.992	4.457	0	0	0	0.533	0.6	0	0	0	0.533	0.6	0	0	0	0	0.6	0	0.4	0	0.75	0.667	0	0.2	0.4	0.375	0.556	0.418	0.629
2.726	0	0	0.992	0	2.726	0	0	0.992	0	0	0	0	0.992	0	1	0	0	0	0	1	0	0	0	0	0	0	0	0	0	0	0	0.8	0	0.667	0	0	0	0	0	0	0.327
0	2.846	0	0	0	0	1.86	0	0	0	0	0.985	0	0	0	0	0.333	0	0	0	0	1	0	0	0	0	0	0	0	0	0.5	0.667	0.2	0.125	0.8	0.25	0.667	0	0.5	1	0	0.718
11.321	5.368	0.908	5.118	7.752	17.337	7.342	1.916	9.012	11.879	9.203	6.488	1.008	4.148	10.295	0.574	0.929	1	0.806	0.564	0.574	0.929	1	0.806	0.652	0.389	0.429	0	0.667	0.4	0	1	0.2	0.375	0	0	1	0.2	0.25	0	0.298	0.381
0	5.602	3.608	0	0	0.861	6.654	4.545	0	0	0.861	2.985	3.679	0	0	0	0.714	0.8	0	0	0	0.714	0.8	0	0	0	0.333	0.5	0	0	0	0.2	0	0.667	0	0	0.4	0	1	0	0.415	0.163
0	0	0	0	7.324	0	0	0	0	9.506	0	0	0	0	2.182	0	0	0	0	0.6	0	0	0	0	0.6	0	0	0	0	1	1	0.25	0	0	0	1	0	0	0	0	0.117	0.985
5.118	3.768	5.368	5.689	11.321	9.012	7.532	7.342	7.638	17.337	4.148	6.56	6.488	4.75	9.203	0.806	0.714	0.929	0.893	0.574	0.806	0.714	0.929	0.893	0.574	0.667	0.333	0.429	0.6	0.389	0.375	0.5	1	0	0	0.25	0.25	1	0	0	0	0.646
5.368	5.118	11.321	3.768	0.908	7.342	9.012	17.337	7.532	1.916	6.488	4.148	9.203	6.56	1.008	0.929	0.806	0.574	0.714	1	0.929	0.806	0.574	0.714	1	0.429	0.667	0.389	0.333	0	1	0.375	0	0.5	0.2	1	0.25	0	0.25	0.2	0.117	0.614
0	0	0	0	0	0	0	0	0	0	0	0	0	0	0	0	0	0	0	0	0	0	0	0	0	0	0	0	0	0	0	0	0.6	0	1	0	0	0	0	0.2	0	0.603
0	0	0	7.633	8.7	0	0	0	9.769	11.567	0	0	0	3.006	6.72	0	0	0	0.756	0.621	0	0	0	0.756	0.621	0	0	0	0.333	0.333	0.25	0.2	0	0.2	0	0.25	0.2	0	0	0	0	0.827
0	14.613	0	0	6.617	0	17.971	0	0	7.628	0	6.191	0	0	2.038	0	0.503	0	0	0.643	0	0.497	0	0	0.643	0	0.467	0	0	1	0	0	1	0	0	0	0.2	1	0	0	0.42	0.427
0	0	0	0	0	0	0	0	0	0	0	0	0	0	0	0	0	0	0	0	0	0	0	0	0	0	0	0	0	0	0	0	0	0	0	0	0	0	0	0	0.556	0.182
0	6.617	0	0	0	0	7.628	0	0	0	0	2.038	0	0	0	0	0.643	0	0	0	0	0.643	0	0	0	0	1	0	0	0	0.625	0	0.4	1	0.2	0.625	0	0	1	0.8	0	0.724
14.343	1.786	0	0	0	17.164	3.606	0	0	0	10.577	1.82	0	0	0	0.463	1	0	0	0	0.456	1	0	0	0	0.267	1	0	0	0	0	0.2	0.8	0.889	1	0	0	1	0.444	1	0	0.335
0	1.894	0	0	0	0	1.894	0	0	0	0	1.865	0	0	0	0	0.333	0	0	0	0	0	0	0	0	0	0	0	0	0	0	0	0	0.4	0	0	0	0	0	0	0.556	0.261
0	0	0	0	18.001	0	0	0	0	20.836	0	0	0	0	4.345	0	0	0	0	0.448	0	0	0	0	0.448	0	0	0	0	0.5	0	0.2	0	0	0	0.25	0	0	0	0.143	0.296	0.550
2.733	0	30.354	8.7	0	3.606	0	32.464	11.567	0	1.762	0	12.747	6.72	0	0.833	0	0.286	0.621	0	0.833	0	0.284	0.621	0	0	0	0.218	0.333	0	0	0.125	0	0	0.5	0	0.125	0	0	0.25	0	0.291
14.409	0	27.689	7.382	0	14.605	0	31.837	9.694	0	13.293	0	15.252	8.913	0	0.398	0	0.28	0.582	0	0.473	0	0.269	0.578	0	0.244	0	0.219	0.694	0	0	0.4	0.333	0	0	0	0	0.333	0	0	0	0.328
0	0	0	0	0	0	0	0	0	0	0	0	0	0	0	0	0	0	0	0	0	0	0	0	0	0	0	0	0	0	0	0	0	0	0	0	0	0	0	0.4	0.42	0.971
0	2.809	0	0	22.245	0	5.005	0	0	25.839	0	5.005	0	0	9.618	0	1	0	0	0.366	0	1	0	0	0.36	0	0.5	0	0	0.25	0	0.5	0	0	0.333	0	0	0	0	0	0	0.583
0	2.726	0	0	0	0	2.726	0	0	0	0	0	0	0	0	0	1	0	0	0	0	1	0	0	0	0	0	0	0	0	0.8	0	0.667	0	0.2	0	0	0	0	0	0	0.608
0	0	0	14.343	5.654	0	0	0	17.164	5.654	0	0	0	10.577	0.992	0	0	0	0.463	0.533	0	0	0	0.456	0.533	0	0	0	0.267	0	1	0.8	0.6	0	0.75	1	1	1	0	0.375	0	0.948
3.845	6.619	2.891	0	40.766	3.892	13.017	5.833	0	49.02	2.861	7.271	4.954	0	12.94	0.9	0.628	0.667	0	0.202	1	0.603	0.667	0	0.192	0.333	0.476	0.1	0	0.309	1	0	0.556	0.8	0	0.625	0.8	0	1	0	0	0.672
0	0	0	0	0	0	0	0	0	0	0	0	0	0	0	0	0	0	0	0	0	0	0	0	0	0	0	0	0	0	0	0.2	0.25	0.667	1	0	0	0	0	1	0.299	0.225
0	0	-1	0	-1	0	0	-1	0	-1	0	0	-1	0	-1	0	0	-1	0	-1	0	0	-1	0	-1	0	0	-1	0	-1	0	0	-1	0	-1	0	0	-1	0	-1	0.894	0.999
0	0	0	0	0	0	0	0	0	0	0	0	0	0	0	0	0	0	0	0	0	0	0	0	0	0	0	0	0	0	0.25	0	1	0.2	0	0	0	1	0	0	0	0.523
0	0	4.493	0	0	0	0	5.54	0	0	0	0	1.941	0	0	0	0	1	0	0	0	0	1	0	0	0	0	0	0	0	1	0.6	0.8	0	0.714	0.2	0	0.6	0	1	0	0.492
0	14.343	0	1.786	0	0	17.164	0	3.606	0	0	10.577	0	1.82	0	0	0.463	0	1	0	0	0.456	0	1	0	0	0.267	0	1	0	0.8	0	1	0.2	0.6	1	0	1	0	1	0.298	0.891
41.544	0	0	4.493	0	43.82	0	0	5.54	0	4.487	0	0	1.941	0	0.197	0	0	1	0	0.196	0	0	1	0	0.167	0	0	0	0	0	0.714	0.8	0.8	1	0	1	0.6	0.6	1	0	0.305
0	0	0	0	0	0	0	0	0	0	0	0	0	0	0	0	0	0	0	0	0	0	0	0	0	0	0	0	0	0	0	0	0	0	0	0	0	0.4	0	0	0	0.955
0	0	0	0	0	0	0	0	0	0	0	0	0	0	0	0	0	0	0	0	0	0	0	0	0	0	0	0	0	0	0.25	0.2	0	0	0	0	0	0	0	0	0	0.421
13.544	0	0	21.752	0	17.15	0	0	23.756	0	6.607	0	0	9.847	0	0.386	0	0	0.362	0	0.386	0	0	0.362	0	0.143	0	0	0.178	0	0.778	1	1	0.2	0.667	0.889	0.875	1	0.2	1	0.419	0.452
0	8.7	2.733	0	30.354	0	11.567	3.606	0	32.464	0	6.72	1.762	0	12.747	0	0.621	0.833	0	0.286	0	0.621	0.833	0	0.284	0	0.333	0	0	0.218	0.125	0	0	0	0	0.125	0	0	0	0	0	0.441
3.608	0	0	5.602	0	4.545	0.861	0	6.654	0	3.679	0.861	0	2.985	0	0.8	0	0	0.714	0	0.8	0	0	0.714	0	0.5	0	0	0.333	0	0	0	0	0.2	0	0	0	0	0.4	0	0	0.244
0.917	0	13.143	0.985	4.69	0.917	0	13.999	0	4.69	0.917	0	4.457	0.985	4.69	0	0	0.6	0	0.833	0	0	0.6	0	0.833	0	0	0.6	0	0.5	0	0	0.667	0.4	0.857	0.4	0	0.556	0.2	0.857	0	0.481
0	0	1.894	0	0	0	0.942	1.894	0	0	0	0.942	1.865	0	0	0	0	0.333	0	0	0	0	0	0	0	0	0	0	0	0	0.4	0	0	0	0	0	0	0	0	0	0	0.360
22.245	0	0	0	1.754	25.839	0	0	0	3.49	9.618	0	0	0	1.736	0.366	0	0	0	1	0.36	0	0	0	1	0.25	0	0	0	1	0.333	0	0	0	0	0	0	0	0	0	0.117	0.285
0.907	0	4.926	2.784	0	0.907	0	6.695	4.972	0	0	0	1.769	2.188	0	0	0	0.905	1	0	0	0	0.905	1	0	0	0	1	1	0	0.889	0.25	0	0	1	0.778	0	0	0	1	0	0.672
0.859	1.834	0.854	0	0	7.884	10.351	4.843	8.338	3.97	0	0	0	0	0	0.357	0.244	0.7	0.357	0.5	0.357	0.244	0.7	0.357	0.5	0	0	0	0	0	0	1	0	0.111	0	0	0.375	0	0	0	0.299	0.161
0	0.992	2.726	0	0	0	0.992	2.726	0	0	0	0.992	0	0	0	0	0	1	0	0	0	0	1	0	0	0	0	0	0	0	0	0	0	0.8	0.8	0	0	0	1	0	0	0.664
0.861	0	0.981	0	0	0.861	0	1.901	0	0	0	0	0	0	0	0	0	0	0	0	0	0	0	0	0	0	0	0	0	0	0	0	1	0	0	0	0	0.4	0	0	0.292	0.162
7.752	0.908	6.418	11.321	0	11.879	1.916	11.837	17.337	0	10.295	1.008	7.794	9.203	0	0.564	1	0.655	0.574	0	0.652	1	0.655	0.574	0	0.4	0	0.333	0.389	0	0	0.2	0.2	0	0.889	0	0.2	0	0	0.444	0	0.370
0	21.752	13.544	4.69	0	0	23.756	17.15	4.69	0	0	9.847	6.607	4.69	0	0	0.362	0.386	0.833	0	0	0.362	0.386	0.833	0	0	0.178	0.143	0.5	0	1	0.2	0.778	0.857	1	0.875	0.2	0.889	0.857	1	0	0.993
8.723	14.303	4.64	3.888	0.951	13.782	21.032	8.768	6.711	4.942	6.004	10.681	7.755	3.676	4.942	0.44	0.447	0.861	0.667	0.9	0.429	0.437	0.861	0.619	0.9	0.2	0.311	0.464	0.333	0.4	0.222	0	0	0	0	0	0	0	0	0	0.717	0.175
0	0	0	0	0.869	0	0	0	0	0.869	0	0	0	0	0	0	0	0	0	0	0	0	0	0	0	0	0	0	0	0	0	1	0	1	0	0	0.8	0	1	0	0.118	0.632
0	0	0	0	0	0	0	0	0	0	0	0	0	0	0	0	0	0	0	0	0	0	0	0	0	0	0	0	0	0	0.2	0	0	0	0	0	0	0	0	0.25	0.415	0.174
0	0	0	1.894	0	0	0	0	1.894	0	0	0	0	1.865	0	0	0	0	0.333	0	0	0	0	0	0	0	0	0	0	0	0	0	0	0	0	0	0	0	0	0	0	0.462
27.689	14.409	0	0	1.779	31.837	14.605	0	0	3.536	15.252	13.293	0	0	4.69	0.28	0.398	0	0	0.8	0.269	0.473	0	0	0.667	0.219	0.244	0	0	0.6	0.333	0	0	0.4	0.8	0.333	0	0	0	0.4	0	0.158
0	0	0	0	0	0	0	0	0	0.92	0	0	0	0	0	0	0	0	0	0	0	0	0	0	0	0	0	0	0	0	0	0	0	0	0	0	0	0	0	0	0.713	0.413
0	0	0	0	0	0	0	0	0	0	0	0	0	0	0	0	0	0	0	0	0	0	0	0	0	0	0	0	0	0	0	0	0.2	1	0.25	0	0	0	0.667	0	0.42	0.211
0.981	0.861	0	0	0	1.901	0.861	0	0	1.021	0	0	0	0	0	0	0	0	0	0	0	0	0	0	0	0	0	0	0	0	1	0	0	0	0.556	0.4	0	0	0	0	0.419	0.297
2.77	5.638	3.793	3.62	2.767	4.446	10.283	9.69	8.419	8.345	6.249	7.43	7.838	5.628	7.379	0.905	0.667	0.75	0.857	0.821	1	0.556	0.611	0.679	0.643	0.733	0.81	0.714	0.8	0.714	0	0	0	0	0	0	0	0	0	0	0.197	0.327
4.64	8.723	0.951	14.303	1.896	8.768	13.782	4.942	21.032	5.447	7.755	6.004	4.942	10.681	4.482	0.861	0.44	0.9	0.447	0.867	0.861	0.429	0.9	0.437	0.867	0.464	0.2	0.4	0.311	0.5	0	0.222	0	0	0	0	0	0	0	0	0.716	0.195
0	1.863	0	0	0	0	1.863	0	0	0	0	0.991	0	0	0	0	0	0	0	0	0	0	0	0	0	0	0	0	0	0	0	0	0	0	0.4	0	0	0	0	0	0.557	0.254
0	0	3.62	0	5.638	0	0	8.419	0	10.283	0	0	5.628	0	7.43	0	0	0.857	0	0.667	0	0	0.679	0	0.556	0	0	0.8	0	0.81	0	0	0	0	0	0	0	0	0	0	0.12	0.491
0.859	0	7.132	0	0	4.768	2.025	15.205	0.985	4.117	0	0	0	0	0	0.6	1	0.248	0	0.667	0.6	1	0.248	0	0.667	0	0	0	0	0	0	0	0.556	0.5	0.8	0	0	0	0	0.4	0.898	0.198
0	0	0	0	0	0	0	0	0	0	0	0	0	0	0	0	0	0	0	0	0	0	0	0	0	0	0	0	0	0	0	0	0	0	0	0	0	0	0	0	0	0.988
3.768	5.689	5.118	0	5.368	7.532	7.638	9.012	0	7.342	6.56	4.75	4.148	0	6.488	0.714	0.893	0.806	0	0.929	0.714	0.893	0.806	0	0.929	0.333	0.6	0.667	0	0.429	0.5	0	0.375	0	1	0.25	0	0.25	0	1	0	0.380
0	0	0	0	0	0	0	0	0	0	0	0	0	0	0	0	0	0	0	0	0	0	0	0	0	0	0	0	0	0	0	0.25	0	0.2	0	0	0	0	0	0	0.716	0.237
0	0	0	4.511	1.894	0.942	0	0	5.453	1.894	0.942	0	0	1.816	1.865	0	0	0	0.429	0.333	0	0	0	0.533	0	0	0	0	0	0	0	0	0.4	0.2	0	0	0	0	0	0	0.415	0.141
0	2.784	0.907	0	4.926	0	4.972	0.907	0	6.695	0	2.188	0	0	1.769	0	1	0	0	0.905	0	1	0	0	0.905	0	1	0	0	1	0.25	0	0.889	0	0	0	0	0.778	0	0	0	0.743
0	0	0	0	0	0	0	0	0	0	0	0	0	0	0	0	0	0	0	0	0	0	0	0	0	0	0	0	0	0	0	0	0	0	0	0	0	0	0	0	0	0.593
0	22.245	1.754	0	0	0	25.839	3.49	0	0	0	9.618	1.736	0	0	0	0.366	1	0	0	0	0.36	1	0	0	0	0.25	1	0	0	0	0.333	0	0	0	0	0	0	0	0	0	0.570
0	0	5.602	13.544	0	0	0	6.654	17.15	0.861	0	0	2.985	6.607	0.861	0	0	0.714	0.386	0	0	0	0.714	0.386	0	0	0	0.333	0.143	0	0.667	1	0.2	0.778	0	1	1	0.4	0.889	0	0	0.891
14.303	3.888	8.723	40.766	4.64	21.032	6.711	13.782	49.02	8.768	10.681	3.676	6.004	12.94	7.755	0.447	0.667	0.44	0.202	0.861	0.437	0.619	0.429	0.192	0.861	0.311	0.333	0.2	0.309	0.464	0	0	0.222	0	0	0	0	0	0	0	0.898	0.184
0	0	0	0	0	0	0	0	0	0	0	0	0	0	0	0	0	0	0	0	0	0	0	0	0	0	0	0	0	0	0	0	0.2	0	0	0	0	0	0	0.25	0.117	0.310
0	0.869	0	0	0	0	0.869	0	0	0	0	0	0	0	0	0	0	0	0	0	0	0	0	0	0	0	0	0	0	0	0.2	0	0	0	0	0.2	0	0	0	0	0	0.736
4.926	0.907	0	0	0	6.695	0.907	0	0	0	1.769	0	0	0	0	0.905	0	0	0	0	0.905	0	0	0	0	1	0	0	0	0	0	0.889	1	0.25	1	0	0.778	1	0	0.8	0.298	0.283
0.908	11.321	7.752	5.368	6.418	1.916	17.337	11.879	7.342	11.837	1.008	9.203	10.295	6.488	7.794	1	0.574	0.564	0.929	0.655	1	0.574	0.652	0.929	0.655	0	0.389	0.4	0.429	0.333	0.2	0	0	1	0.2	0.2	0	0	1	0	0	0.443
7.132	0.859	0	0	0	15.205	4.768	4.117	2.025	5.636	0	0	0	0	0	0.248	0.6	0.667	1	0.6	0.248	0.6	0.667	1	0.6	0	0	0	0	0	0.556	0	0.8	0	1	0	0	0.4	0	0	0.72	0.291
0	0	0	0	0	0	0	0	0	0	0	0	0	0	0	0	0	0	0	0	0	0	0	0	0	0	0	0	0	0	0.2	0	0.25	0	0	0	0	0	0	0	0	0.315
0	3.608	0	0	0	0	4.545	0	0.861	0	0	3.679	0	0.861	0	0	0.8	0	0	0	0	0.8	0	0	0	0	0.5	0	0	0	0	0	0	0	0	0	0	0	0	0	0.197	0.175
0	0	0	1.995	2.846	0	0	0	0.958	1.86	0	0	0	1.995	0.985	0	0	0	1	0.333	0	0	0	0	1	0	0	0	1	0	0.2	0.667	0.125	0.2	0.667	0.2	0.667	0.5	0.2	0.667	0	0.407
0	0	0	-1	0	0	0	0	-1	0	0	0	0	-1	0	0	0	0	-1	0	0	0	0	-1	0	0	0	0	-1	0	0	0	0	-1	0	0	0	0	-1	0	0.415	0.996
0	0	0	0	0.859	0.985	1.021	2.025	0	4.768	0	0	0	0	0	0	0	1	0	0.6	0	0	1	0	0.6	0	0	0	0	0	0.5	0.556	0	0	0	0	0	0	0	0	0.417	0.254
0	0	7.633	41.544	0	0	0	9.769	43.82	0	0	0	3.006	4.487	0	0	0	0.756	0.197	0	0	0	0.756	0.196	0	0	0	0.333	0.167	0	1	0.8	0.2	0	0.2	1	0.6	0	0	0.2	0.117	0.941
0	0	0	0	2.65	0	0	0	0	2.65	0	0	0	0	1.78	0	0	0	0	1	0	0	0	0	1	0	0	0	0	1	0	0.2	0	0	0	0	0	0.25	0	0	0.298	0.145
0	4.511	0	0	0	0	5.453	0.942	0	0	0	1.816	0.942	0	0	0	0.429	0	0	0	0	0.533	0	0	0	0	0	0	0	0	0	0.2	0	0	0.4	0	0	0	0	0	0.419	0.849
0	0	0	0	0	0	0	0	0	0	0	0	0	0	0	0	0	0	0	0	0	0	0	0	0	0	0	0	0	0	0	0	0	0	0	0	0	0	0	0	0.419	0.139
2.767	3.793	1.959	2.77	2.653	8.345	9.69	5.224	4.446	6.392	7.379	7.838	6.353	6.249	6.559	0.821	0.75	0.786	0.905	0.711	0.643	0.611	0.9	1	0.714	0.714	0.714	0.733	0.733	0.762	0	0	0.4	0	0.571	0	0	0.2	0	0.857	0.415	0.353
0	0	0.859	0	7.132	2.025	0.985	4.768	1.021	15.205	0	0	0	0	0	1	0	0.6	0	0.248	1	0	0.6	0	0.248	0	0	0	0	0	0	0.5	0	0.556	0.556	0	0	0	0	0	0.418	0.195
1.995	5.096	0	0	0	0.958	6.117	0	0	0	1.995	4.084	0	0	0	1	1	0	0	0	0	1	0	0	0	1	0.833	0	0	0	0.2	0	0.667	0.5	0.2	0.2	0	0.667	0.25	0.2	0	0.399
0	0	0	1.863	0	0	0	0	1.863	0	0	0	0	0.991	0	0	0	0	0	0	0	0	0	0	0	0	0	0	0	0	0	0	0.4	0	0	0	0	0	0	0	0	0.269
1.863	0	0	0	0	1.863	0	0	0	0	0.991	0	0	0	0	0	0	0	0	0	0	0	0	0	0	0	0	0	0	0	0	0	0	0	0	0	0	0	0	0	0.298	0.348
0	1.754	14.613	0	0	0	3.49	17.971	0	0	0	1.736	6.191	0	0	0	1	0.503	0	0	0	1	0.497	0	0	0	1	0.467	0	0	0	0	0	0	0	0	0	0.2	0	0	0.556	0.323
2.784	0	0	7.324	0.907	4.972	0	0	9.506	0.907	2.188	0	0	2.182	0	1	0	0	0.6	0	1	0	0	0.6	0	1	0	0	1	0	0	0	0.25	0	0.889	0	0	0	0	0.778	0.56	0.350
0.951	4.64	1.896	8.723	0	4.942	8.768	5.447	13.782	0	4.942	7.755	4.482	6.004	0	0.9	0.861	0.867	0.44	0	0.9	0.861	0.867	0.429	0	0.4	0.464	0.5	0.2	0	0	0	0	0.222	0	0	0	0	0	0	0.72	0.139
5.602	0	0	0	3.608	6.654	0	0.861	0	4.545	2.985	0	0.861	0	3.679	0.714	0	0	0	0.8	0.714	0	0	0	0.8	0.333	0	0	0	0.5	0.2	0.667	0	1	0	0.4	1	0	1	0	0	0.450
0	0	2.809	12	0	0	0	5.005	15.703	0	0	0	5.005	6.963	0	0	0	1	0.567	0	0	0	1	0.567	0	0	0	0.5	0.238	0	0	0	0.5	0	0	0	0	0	0	0	0.417	0.284
0	0	0	0	0	0	0	0	0	0	0	0	0	0	0	0	0	0	0	0	0	0	0	0	0	0	0	0	0	0	0	0.857	0	0.2	0	0	0.857	0	0.8	0	0.197	0.694
5.689	0	3.768	18.001	5.118	7.638	0	7.532	20.836	9.012	4.75	0	6.56	4.345	4.148	0.893	0	0.714	0.448	0.806	0.893	0	0.714	0.448	0.806	0.6	0	0.333	0.5	0.667	0	0	0.5	0	0.375	0	0	0.25	0.143	0.25	0.298	0.280
3.888	40.766	14.303	2.891	8.723	6.711	49.02	21.032	5.833	13.782	3.676	12.94	10.681	4.954	6.004	0.667	0.202	0.447	0.667	0.44	0.619	0.192	0.437	0.667	0.429	0.333	0.309	0.311	0.1	0.2	0	0	0	0.556	0.222	0	0	0	0	0	0.897	0.270
0	30.354	5.096	2.733	1.995	0	32.464	6.117	3.606	0.958	0	12.747	4.084	1.762	1.995	0	0.286	1	0.833	1	0	0.284	1	0.833	0	0	0.218	0.833	0	1	0.5	0	0	0	0.2	0.25	0	0	0	0.2	0	0.723
0	18.001	5.689	0	3.768	0	20.836	7.638	0	7.532	0	4.345	4.75	0	6.56	0	0.448	0.893	0	0.714	0	0.448	0.893	0	0.714	0	0.5	0.6	0	0.333	0	0	0	0	0.5	0	0.143	0	0	0.25	0	0.561
21.752	4.69	0	13.143	13.544	23.756	4.69	0	13.999	17.15	9.847	4.69	0	4.457	6.607	0.362	0.833	0	0.6	0.386	0.362	0.833	0	0.6	0.386	0.178	0.5	0	0.6	0.143	0.2	0.857	1	0.667	0.778	0.2	0.857	0.875	0.556	0.889	0	0.281
6.619	0	3.845	1.779	2.891	13.017	0	3.892	3.536	5.833	7.271	0	2.861	4.69	4.954	0.628	0	0.9	0.8	0.667	0.603	0	1	0.667	0.667	0.476	0	0.333	0.6	0.1	0	0.8	1	0.8	0.556	0.8	1	0.625	0.4	0	0	0.388
4.511	0	0	0	0	5.453	0	0	0	0.942	1.816	0	0	0	0.942	0.429	0	0	0	0	0.533	0	0	0	0	0	0	0	0	0	0.2	0	0	0	0	0	0	0	0	0	0	0.297
0	0	0	0	0	0	0	0	0	0	0	0	0	0	0	0	0	0	0	0	0	0	0	0	0	0	0	0	0	0	0	0	0	0	0	0	0	0	0.5	0	0.294	0.448
13.143	0.917	4.69	0	21.752	13.999	0.917	4.69	0	23.756	4.457	0.917	4.69	0	9.847	0.6	0	0.833	0	0.362	0.6	0	0.833	0	0.362	0.6	0	0.5	0	0.178	0.667	0	0.857	0	0.2	0.556	0.4	0.857	0	0.2	0.556	0.600
0	0	2.65	0	0	0	0	2.65	0	0	0	0	1.78	0	0	0	0	1	0	0	0	0	1	0	0	0	0	1	0	0	0	0	0	0.2	0	0.25	0	0	0	0	0	0.242
0	4.926	0	0.907	0	0	6.695	0	0.907	0	0	1.769	0	0	0	0	0.905	0	0	0	0	0.905	0	0	0	0	1	0	0	0	1	0	1	0.889	0	1	0	0.8	0.778	0	0.299	0.915
0	0	0	3.608	0	0	0	0	4.545	0	0	0	0	3.679	0	0	0	0	0.8	0	0	0	0	0.8	0	0	0	0	0.5	0	0	0	0	0	0	0	0	0	0	0	0.897	0.189
40.766	2.891	3.888	3.845	14.303	49.02	5.833	6.711	3.892	21.032	12.94	4.954	3.676	2.861	10.681	0.202	0.667	0.667	0.9	0.447	0.192	0.667	0.619	1	0.437	0.309	0.1	0.333	0.333	0.311	0	0.556	0	1	0	0	0	0	0.625	0	0.294	0.209
0	0	0	0	0	0	0	0	0	0	0	0	0	0	0	0	0	0	0	0	0	0	0	0	0	0	0	0	0	0	0	0	0	0	0	0	0	0	0	0	0	0.217
1.786	0	14.343	6.418	0	3.606	0	17.164	11.837	0	1.82	0	10.577	7.794	0	1	0	0.463	0.655	0	1	0	0.456	0.655	0	1	0	0.267	0.333	0	0.2	0.889	0	0.2	0.8	0	0.444	0	0	1	0	0.507
7.633	0	0	0	0	9.769	0	0	0	0	3.006	0	0	0	0	0.756	0	0	0	0	0.756	0	0	0	0	0.333	0	0	0	0	0.2	1	0.2	0.8	0.25	0	1	0.2	0.6	0.25	0	0.240
0	0	0	0	0	0	0	0	0	0	0	0	0	0	0	0	0	0	0	0	0	0	0	0	0	0	0	0	0	0	0.2	0.4	0.857	0.625	0	0.8	0	0.857	0.625	0	0	0.554
0	41.544	0	0	7.633	0	43.82	0	0	9.769	0	4.487	0	0	3.006	0	0.197	0	0	0.756	0	0.196	0	0	0.756	0	0.167	0	0	0.333	0.8	0	1	0.714	0.2	0.6	0	1	1	0	0	0.890
0	7.324	2.784	0	0	0	9.506	4.972	0	0	0	2.182	2.188	0	0	0	0.6	1	0	0	0	0.6	1	0	0	0	1	1	0	0	0	0	0	0	0.25	0	0	0	0	0	0.898	0.176
5.654	0	0.985	0	0	5.654	0	0	0	0	0.992	0	0.985	0	0	0.533	0	0	0	0	0.533	0	0	0	0	0	0	0	0	0	0.75	0.6	0.4	1	0	0.375	1	0.2	1	0	0.415	0.307
0	0	0	0	0	0	0	0	0	0	0	0	0	0	0	0	0	0	0	0	0	0	0	0	0	0	0	0	0	0	0.333	0	0	0	0	0	0	0	0	0	0	0.279
1.754	0	0	22.245	14.613	3.49	0	0	25.839	17.971	1.736	0	0	9.618	6.191	1	0	0	0.366	0.503	1	0	0	0.36	0.497	1	0	0	0.25	0.467	0	0	0	0.333	0	0	0	0	0	0.2	0	0.333
0	0	0	0.883	0	0.971	2.823	0	5.614	0	0	0	0	0	0	0	0.667	0	0.467	0	0	0.667	0	0.467	0	0	0	0	0	0	0	0	0	0	0	0	0	0	0	0	0.716	0.163
0	0	1.863	0	0	0	0	1.863	0	0	0	0	0.991	0	0	0	0	0	0	0	0	0	0	0	0	0	0	0	0	0	0	0	0	0	0	0	0	0	0	0	0	0.470
1.896	0.951	0	4.64	1.827	5.447	4.942	0	8.768	1.827	4.482	4.942	0	7.755	0.864	0.867	0.9	0	0.861	1	0.867	0.9	0	0.861	1	0.5	0.4	0	0.464	0	0	0	0	0	0	0	0	0	0	0	0.554	0.162
5.638	3.62	2.77	0	3.793	10.283	8.419	4.446	0	9.69	7.43	5.628	6.249	0	7.838	0.667	0.857	0.905	0	0.75	0.556	0.679	1	0	0.611	0.81	0.8	0.733	0	0.714	0	0	0	0	0	0	0	0	0	0	0.893	0.296
7.324	0	0	0	2.784	9.506	0	0	0	4.972	2.182	0	0	0	2.188	0.6	0	0	0	1	0.6	0	0	0	1	1	0	0	0	1	0	0	0	1	0	0	0	0	1	0	0.415	0.271
0.992	0	0	0	2.726	0.992	0	0	0	2.726	0.992	0	0	0	0	0	0	0	0	1	0	0	0	0	1	0	0	0	0	0	0	0.8	0	0.2	0	0	1	0	0	0	0	0.452
1.799	2.653	7.382	1.959	0	2.797	6.392	9.694	5.224	0	0.998	6.559	8.913	6.353	0	1	0.711	0.582	0.786	0	1	0.714	0.578	0.9	0	0	0.762	0.694	0.733	0	0	0.571	0	0.4	0.4	0	0.857	0	0.2	0	0.418	0.197
0	0	0	0.981	0	1.021	0	0.985	1.901	2.025	0	0	0	0	0	0	0	0	0	1	0	0	0	0	1	0	0	0	0	0	0.556	0	0.5	1	0	0	0	0	0.4	0	0.419	0.218
5.096	0	1.995	30.354	0	6.117	0	0.958	32.464	0	4.084	0	1.995	12.747	0	1	0	1	0.286	0	1	0	0	0.284	0	0.833	0	1	0.218	0	0	0.5	0.2	0	0.667	0	0.25	0.2	0	0.667	0.296	0.296
0	0	0	0	0	0	0	0	0	0	0	0	0	0	0	0	0	0	0	0	0	0	0	0	0	0	0	0	0	0	0.4	0	0	0	0	0	0	0	0	0	0	0.368
0	0.854	0.883	0.859	0	3.97	4.843	5.614	7.884	2.823	0	0	0	0	0	0.5	0.7	0.467	0.357	0.667	0.5	0.7	0.467	0.357	0.667	0	0	0	0	0	0	0	0	0	0	0	0	0	0	0	0.718	0.175
0	0	0	7.132	1.834	5.636	4.117	8.338	15.205	10.351	0	0	0	0	0	0.6	0.667	0.357	0.248	0.244	0.6	0.667	0.357	0.248	0.244	0	0	0	0	0	1	0.8	0.111	0.556	1	0	0.4	0	0	0.375	0.717	0.321
4.69	13.143	21.752	0.917	0	4.69	13.999	23.756	0.917	0	4.69	4.457	9.847	0.917	0	0.833	0.6	0.362	0	0	0.833	0.6	0.362	0	0	0.5	0.6	0.178	0	0	0.857	0.667	0.2	0	1	0.857	0.556	0.2	0.4	0.875	0.418	0.636
2.809	0	0	0	0	5.005	0	0	0	0	5.005	0	0	0	0	1	0	0	0	0	1	0	0	0	0	0.5	0	0	0	0	0.5	0	0	0	0	0	0	0	0	0	0	0.535
2.653	1.959	1.799	2.767	7.382	6.392	5.224	2.797	8.345	9.694	6.559	6.353	0.998	7.379	8.913	0.711	0.786	1	0.821	0.582	0.714	0.9	1	0.643	0.578	0.762	0.733	0	0.714	0.694	0.571	0.4	0	0	0	0.857	0.2	0	0	0	0.557	0.473
30.354	2.733	0	0	5.096	32.464	3.606	0	0	6.117	12.747	1.762	0	0	4.084	0.286	0.833	0	0	1	0.284	0.833	0	0	1	0.218	0	0	0	0.833	0	0	0.5	0.125	0	0	0	0.25	0.125	0	0.199	0.311
0	0	0.869	0	0	0	0	0.869	0	0	0	0	0	0	0	0	0	0	0	0	0	0	0	0	0	0	0	0	0	0	0	0	0	1	0.2	0	0	0	0.8	0.2	0.417	0.204
0.883	0	0	0.854	0	5.614	3.97	2.823	4.843	0.971	0	0	0	0	0	0.467	0.5	0.667	0.7	0	0.467	0.5	0.667	0.7	0	0	0	0	0	0	0	0	0	0	0	0	0	0	0	0	0.12	0.247
6.418	7.752	0	0.908	1.786	11.837	11.879	0	1.916	3.606	7.794	10.295	0	1.008	1.82	0.655	0.564	0	1	1	0.655	0.652	0	1	1	0.333	0.4	0	0	1	0.2	0	0.889	0.2	0.2	0	0	0.444	0.2	0	0.292	0.528
0	0	0	0	0	0	0	0	0	0	0	0	0	0	0	0	0	0	0	0	0	0	0	0	0	0	0	0	0	0	0	1	0	0	0.2	0	0.667	0	0	0	0.299	0.184
0	6.418	1.786	7.752	14.343	0	11.837	3.606	11.879	17.164	0	7.794	1.82	10.295	10.577	0	0.655	1	0.564	0.463	0	0.655	1	0.652	0.456	0	0.333	1	0.4	0.267	0.889	0.2	0.2	0	0	0.444	0	0	0	0	0	0.755
0.985	5.654	0	0	0.917	0	5.654	0	0	0.917	0.985	0.992	0	0	0.917	0	0.533	0	0	0	0	0.533	0	0	0	0	0	0	0	0	0.4	0.75	0	0.6	0	0.2	0.375	0	1	0.4	0.117	0.444
0	0	4.511	0	0	0	0	5.453	0	0	0	0	1.816	0	0	0	0	0.429	0	0	0	0	0.533	0	0	0	0	0	0	0	0	0	0.2	0	0	0	0	0	0	0	0.418	0.219
3.62	0	5.638	0	2.77	8.419	0	10.283	0	4.446	5.628	0	7.43	0	6.249	0.857	0	0.667	0	0.905	0.679	0	0.556	0	1	0.8	0	0.81	0	0.733	0	0	0	0	0	0	0	0	0	0	0.716	0.261
0	0	0	0	4.493	0	0	0	0	5.54	0	0	0	0	1.941	0	0	0	0	1	0	0	0	0	1	0	0	0	0	0	0.6	0	1	0	0.8	0	0	0.2	0	0.6	0	0.308
