22.783	0	0	24.023	2.693	23.371	0	0	22.154	2.693	10.933	0	0	17.539	1.993	0.323	0	0	0.308	1	0.324	0	0	0.324	1	0.244	0	0	0.175	1	0	0.2	0	0.429	0	0	0	0.333	0	0	0.198	0.238
0	0	0	0	0	0	0	0	0	0	0	0	0	0	0	0	0	0	0	0	0	0	0	0	0	0	0	0	0	0	0	0	0	0	0	0	0.8	0	0	0	0.718	0.523
0	7.574	9.134	3.643	1.78	1.837	12.637	12.253	7.604	2.654	1.837	7.824	3.119	3.961	0.874	0	0.679	0.679	0.643	1	0	0.654	0.641	0.643	1	0	0.286	0.333	0	0	0.2	0	0	0	0	0	0	0	0	0	0.896	0.225
0	0	0	0	0	0	0	0	0	0	0	0	0	0	0	0	0	0	0	0	0	0	0	0	0	0	0	0	0	0	0	0	0	0	0	0.2	0	0	0	0	0.897	0.988
8.814	10.076	0	0	3.653	17.139	17.133	0	2.615	9.492	10.365	10.376	0	3.594	7.695	0.508	0.525	0	0.667	0.6	0.467	0.475	0	1	0.6	0.278	0.222	0	0.667	0.286	0	0.667	0	0	0	0	0	0	0	0	0.119	0.217
0.877	0.881	0	6.681	8.498	0	0.881	0	6.681	8.235	0.877	0	0	4.808	2.501	0	0	0	0.81	0.889	0	0	0	0.667	0.857	0	0	0	0.4	1	0.2	0.5	1	0.286	0	0.2	0	1	0	0	0	0.500
0	0	0	0	0.927	0	0	0	0	0	0	0	0	0	1.816	0	0	0	0	1	0	0	0	0	0	0	0	0	0	1	0	0	0	0	0.75	0	0	0	0	0.5	0.896	0.582
0	0	0	0	0	0	0	0	0	0	0	0	0	0	0	0	0	0	0	0	0	0	0	0	0	0	0	0	0	0	0.4	0.333	0	0.6	0.667	0	0.333	0	1	1	0.415	0.495
14.823	0	0	0	0	14.823	0	0	0	0	8.068	0	0	0	0	0.6	0	0	0	0	0.505	0	0	0	0	0.464	0	0	0	0	0.4	0.429	0.333	0	0	0	0.714	0.667	0	0.5	0.419	0.335
9.851	0	0	2.851	10.076	14.362	2.158	2.615	8.382	17.133	9.887	3.137	3.594	5.532	10.376	0.681	0.333	0.667	0.714	0.525	0.654	0	1	0.619	0.475	0.5	0.333	0.667	0.5	0.222	0.5	0	0	0	0.667	0.25	0.333	0	0	0	0.294	0.338
0	0	0	0	0	0	0	0	0	0	0	0	0	0	0	0	0	0	0	0	0	0	0	0	0	0	0	0	0	0	0.2	0.571	0	0	0.429	0.2	0.857	0	0	0.714	0	0.493
0	0	0	-1	0	0	0	0	-1	0	0	0	0	-1	0	0	0	0	-1	0	0	0	0	-1	0	0	0	0	-1	0	0	0	0	-1	0	0	0	0	-1	0	0.415	0.997
0	0	0	14.823	0	0	0	0	14.823	0	0	0	0	8.068	0	0	0	0	0.6	0	0	0	0	0.505	0	0	0	0	0.464	0	0	0.333	0.143	0.4	0	0.5	0.667	0.143	0	0	0	0.857
3.663	0.992	6.147	2.706	0	4.647	0.963	6.011	3.599	0	3.775	1.955	5.635	1.821	0	0.933	1	0.806	1	0	0.9	0	0.667	1	0	0.667	0	0.8	0	0	0	0.25	0.2	0.143	0.6	0	0.125	0	0.286	0	0.559	0.421
0	0	26.611	0	0	0	0.956	31.471	0	0	0	0.956	9.479	0	0	0	0	0.286	0	0	0	0	0.26	0	0	0	0	0.111	0	0	0	0	0	0.2	0.667	0	0	0	0	1	0	0.346
0	0	0	11.218	0	0	0	0	10.251	0	0	0	0	2.915	0	0	0	0	0.591	0	0	0	0	0.556	0	0	0	0	0.333	0	0.25	0	0.5	0.222	0	0.75	0	0.25	0	1	0.417	0.609
6.681	2.832	0.881	1.867	0.877	6.681	3.917	0.881	3.761	0	4.808	2.929	0	2.812	0.877	0.81	0.833	0	0.833	0	0.667	0.833	0	0.5	0	0.4	0.333	0	0.667	0	0.286	0	0.5	0	0.2	0	0	0	0	0.2	0.418	0.447
0	0	0	0	0	0	0	0	0	0	0	0	0	0	0	0	0	0	0	0	0	0	0	0	0	0	0	0	0	0	0	0	0	0	0	0	0	0	0	0	0.415	0.604
0	0	0	0	0	0	0	0	0	0	0	0	0	0	0	0	0	0	0	0	0	0	0	0	0	0	0	0	0	0	0.25	0.333	0.2	0	0.6	0	1	0	0	0.8	0.294	0.617
0	2.851	9.851	0	0	2.158	8.382	14.362	0	2.615	3.137	5.532	9.887	0	3.594	0.333	0.714	0.681	0	0.667	0	0.619	0.654	0	1	0.333	0.5	0.5	0	0.667	0	0	0.5	0	0	0.333	0	0.25	0	0	0.893	0.727
3.755	0	0	0	0.889	3.755	0	0	0	0.889	0	0	0	0	0.889	1	0	0	0	0	0.833	0	0	0	0	0	0	0	0	0	0.5	0.8	0	0	0	0.5	1	0	0.5	0	0	0.557
0	8.613	1.824	0	0	0	9.621	2.832	0	0	0	2.05	1.008	0	0	0	0.622	1	0	0	0	0.511	1	0	0	0	0	0	0	0	0	1	0	0	0	0	0	0	0	0	0.9	0.338
0	11.218	0	0	0	0	10.251	0	0	0	0	2.915	0	0	0	0	0.591	0	0	0	0	0.556	0	0	0	0	0.333	0	0	0	0	0.222	0.25	0	0.5	0	0	0.75	0	0.25	0.42	0.216
26.611	0	0	0	2.706	31.471	0	0	0.956	3.599	9.479	0	0	0.956	1.821	0.286	0	0	0	1	0.26	0	0	0	1	0.111	0	0	0	0	0	0	0.667	0	0.143	0	0	1	0	0.286	0	0.239
2.832	1.867	6.681	1.982	0.881	3.917	3.761	6.681	2.866	0.881	2.929	2.812	4.808	1.913	0	0.833	0.833	0.81	1	0	0.833	0.5	0.667	0.667	0	0.333	0.667	0.4	1	0	0	0	0.286	0	0.5	0	0	0	0	0	0.197	0.510
0	0	0	0	14.823	0	0	0	0	14.823	0	0	0	0	8.068	0	0	0	0	0.6	0	0	0	0	0.505	0	0	0	0	0.464	0	0.2	0.429	0.571	0.4	0	0.2	0.714	0.857	0	0.199	0.552
0	0.918	0	0	0	0	0.918	0	0	0	0	0	0	0	0	0	0	0	0	0	0	0	0	0	0	0	0	0	0	0	0.6	0.2	0	0	0	0.8	0.2	0	0	0	0	0.824
0	0	3.755	0	0	0	0	3.755	0	0	0	0	0	0	0	0	0	1	0	0	0	0	0.833	0	0	0	0	0	0	0	0.8	0	0.5	0.667	0	1	0.5	0.5	0.667	0	0.117	0.977
0	0	0	0	0	0	0	0	0	0	0	0	0	0	0	0	0	0	0	0	0	0	0	0	0	0	0	0	0	0	0.25	0.667	0.6	0	0.2	0	1	0.4	0	0	0.296	0.408
0	0	0	0	0	0	0	0	0	0	0	0	0	0	0	0	0	0	0	0	0	0	0	0	0	0	0	0	0	0	0	0	0	0	0	0	0	0	0	0	0.718	0.997
7.574	3.643	0	3.653	9.134	12.637	7.604	1.837	9.492	12.253	7.824	3.961	1.837	7.695	3.119	0.679	0.643	0	0.6	0.679	0.654	0.643	0	0.6	0.641	0.286	0	0	0.286	0.333	0	0	0.2	0	0	0	0	0	0	0	0.298	0.162
0	0	0	0	0	0	0	0	0	0	0	0	0	0	0	0	0	0	0	0	0	0	0	0	0	0	0	0	0	0	0	0	0	0	0	0	0	0.2	0	0	0.299	0.990
21.71	10.39	0	0	6.622	23.67	11.377	0	1.041	6.551	3.744	2.742	0	1.041	2.94	0.28	0.636	0	0	0.778	0.267	0.561	0	0	0.667	0	0.333	0	0	0	0	0	0	0	0	0	0	0	0	0	0.419	0.199
0	1.78	0.918	9.134	0	0	2.654	0.918	12.253	0	0	0.874	0	3.119	0	0	1	0	0.679	0	0	1	0	0.641	0	0	0	0	0.333	0	0	0	0.2	0	0.6	0	0	0.2	0	0.8	0.3	0.500
0	0	0	0	26.611	0.956	0	0	0	31.471	0.956	0	0	0	9.479	0	0	0	0	0.286	0	0	0	0	0.26	0	0	0	0	0.111	0	0.2	0	0.6	0	0	0	0	0.4	0	0.298	0.269
1.99	6.622	0	0	0	2.909	6.551	0	0	0	2.01	2.94	0	0	0	1	0.778	0	0	0	0.667	0.667	0	0	0	0	0	0	0	0	0.2	0	0.667	0	0	0.2	0	0.667	0	0.5	0.416	0.405
0	14.823	0	0	0	0	14.823	0	0	0	0	8.068	0	0	0	0	0.6	0	0	0	0	0.505	0	0	0	0	0.464	0	0	0	0.333	0.4	0	0.429	0.143	0.667	0	0.5	0.714	0.143	0	0.778
0	0	0	0	2.851	0	0	0	0	8.382	0	0	0	0	5.532	0	0	0	0	0.714	0	0	0	0	0.619	0	0	0	0	0.5	0	0	0	0	0	0	0	0	0	0	0.415	0.508
0	0	0	0	0	0	0	0	0	0	0	0	0	0	0	0	0	0	0	0	0	0	0	0	0	0	0	0	0	0	0.5	0.25	0	0	0	0.25	0.75	1	0	0	0	0.775
10.076	0	8.814	9.851	0	17.133	2.615	17.139	14.362	0	10.376	3.594	10.365	9.887	0	0.525	0.667	0.508	0.681	0	0.475	1	0.467	0.654	0	0.222	0.667	0.278	0.5	0	0.667	0	0	0.5	0	0	0	0	0.25	0	0.556	0.250
0	0.877	8.498	0.881	0	0	0	8.235	0.881	0	0	0.877	2.501	0	0	0	0	0.889	0	0	0	0	0.857	0	0	0	0	1	0	0	1	0.2	0	0.5	0.6	1	0.2	0	0	0.2	0	0.945
0	0	0	0	0	0	0	0	0	0	0	0	0	0	0	0	0	0	0	0	0	0	0	0	0	0	0	0	0	0	0.143	0	0	0.333	0	0.143	0.5	0	0.667	0	0.897	0.529
0	24.023	22.783	2.742	0	0	22.154	23.371	2.742	0	0	17.539	10.933	2.828	0	0	0.308	0.323	0.833	0	0	0.324	0.324	0.667	0	0	0.175	0.244	0.667	0	0.2	0.429	0	0.25	0	0	0	0	0	0.333	0	0.670
0	0	0	0	10.39	0	0	1.041	0	11.377	0	0	1.041	0	2.742	0	0	0	0	0.636	0	0	0	0	0.561	0	0	0	0	0.333	0	0.2	0	0.2	0	0.4	0.2	0	0.4	0	0.298	0.417
0	0	0	0.889	0	0	0	0	0.889	0	0	0	0	0.889	0	0	0	0	0	0	0	0	0	0	0	0	0	0	0	0	0.25	0.333	0.6	0	0.333	0.25	0.667	1	0	0.333	0	0.499
0.881	6.681	0.877	2.832	0	0.881	6.681	0	3.917	0	0	4.808	0.877	2.929	0	0	0.81	0	0.833	0	0	0.667	0	0.833	0	0	0.4	0	0.333	0	0.5	0.286	0.2	0	1	0	0	0.2	0	1	0.198	0.444
0	0	0	0	0	0	0	0	0	0	0	0	0	0	0	0	0	0	0	0	0	0	0	0	0	0	0	0	0	0	0	0	0	0	0	0	0	0	0	0	0.113	0.590
3.643	3.653	7.574	0	0	7.604	9.492	12.637	0	1.837	3.961	7.695	7.824	0	1.837	0.643	0.6	0.679	0	0	0.643	0.6	0.654	0	0	0	0.286	0.286	0	0	0	0	0	0	0.2	0	0	0	0	0	0.893	0.291
0	0	0	0	0	0	0	0	0	0	0	0	0	0	0	0	0	0	0	0	0	0	0	0	0	0	0	0	0	0	0	0	0	0	0	0	0	0.8	0	0	0.896	0.598
1.867	1.982	2.832	12.115	6.681	3.761	2.866	3.917	16.355	6.681	2.812	1.913	2.929	9.643	4.808	0.833	1	0.833	0.522	0.81	0.5	0.667	0.833	0.493	0.667	0.667	1	0.333	0.311	0.4	0	0	0	0	0.286	0	0	0	0	0	0.72	0.153
0	0	0	0	8.613	0	0	0	0	9.621	0	0	0	0	2.05	0	0	0	0	0.622	0	0	0	0	0.511	0	0	0	0	0	0	0	0	0.5	1	0	1	0	0.25	0	0.559	0.560
0.918	0	0	1.78	0	0.918	0	0	2.654	0	0	0	0	0.874	0	0	0	0	1	0	0	0	0	1	0	0	0	0	0	0	0.2	0	0.6	0	0	0.2	0	0.8	0	0	0.42	0.340
15.727	0	0	0.895	0	14.548	0	0	1.831	0	5.056	0	0	0.936	0	0.49	0	0	1	0	0.505	0	0	1	0	0.2	0	0	0	0	0	0	0	0.25	0.571	0	0	0	0	0.857	0.418	0.217
0	0	0	0	0	0	0	0	0	0	0	0	0	0	0	0	0	0	0	0	0	0	0	0	0	0	0	0	0	0	0	0	0	0	0	0	0	0	0	0	0	0.422
2.742	3.832	24.023	0	0	2.742	3.832	22.154	0	0	2.828	4.237	17.539	0	0	0.833	0.905	0.308	0	0	0.667	0.833	0.324	0	0	0.667	1	0.175	0	0	0.25	0.714	0.429	0.6	0.2	0	0.857	0	0	0	0.718	0.326
6.622	0	1.99	21.71	0	6.551	0	2.909	23.67	0	2.94	0	2.01	3.744	0	0.778	0	1	0.28	0	0.667	0	0.667	0.267	0	0	0	0	0	0	0	0	0.2	0	0.667	0	0	0.2	0	0.667	0.415	0.155
0	3.755	0.889	0	0	0	3.755	0.889	0	0	0	0	0.889	0	0	0	1	0	0	0	0	0.833	0	0	0	0	0	0	0	0	0	0.5	0	0.8	0.333	0	0.5	0	1	0.667	0	0.841
0	0	0	0	0	0	0	0	0	0	0	0	0	0	0	0	0	0	0	0	0	0	0	0	0	0	0	0	0	0	0	0.5	0	0.25	0	1	0.25	0	0.75	0	0	0.918
11.218	0	0	0	0	10.251	0	0	0	0	2.915	0	0	0	0	0.591	0	0	0	0	0.556	0	0	0	0	0.333	0	0	0	0	0.222	0	0	0.8	0.25	0	0	0	1	0.75	0	0.360
0	0	0	0	0	0	0	0	0	0	0	0	0	0	0	0	0	0	0	0	0	0	0	0	0	0	0	0	0	0	0	0	0	0	0	0	0.2	0	0	0	0.717	0.951
0	0	0	0	0	0	0	0	0	0	0	0	0	0	0	0	0	0	0	0	0	0	0	0	0	0	0	0	0	0	0.6	0.2	0.2	0.25	0.2	0.8	0	0.4	0	0.2	0	0.914
0	21.71	6.622	10.39	1.99	0	23.67	6.551	11.377	2.909	0	3.744	2.94	2.742	2.01	0	0.28	0.778	0.636	1	0	0.267	0.667	0.561	0.667	0	0	0	0.333	0	0	0	0	0	0.2	0	0	0	0	0.2	0.718	0.474
0	0	0	0	-1	0	0	0	0	-1	0	0	0	0	-1	0	0	0	0	-1	0	0	0	0	-1	0	0	0	0	-1	0	0.143	0	0	-1	0	0.143	0	0.5	-1	0.898	0.512
1.824	0	0	8.613	0	2.832	0	0	9.621	0	1.008	0	0	2.05	0	1	0	0	0.622	0	1	0	0	0.511	0	0	0	0	0	0	0	0	0	1	0	0	0	0	0	0	0.896	0.310
0	0	0	0	0	0	0	0	0	0	0	0	0	0	0	0	0	0	0	0	0	0	0	0	0	0	0	0	0	0	0	0	0	0	0	0	0	0	0	0	0.299	0.310
2.693	0	12.115	22.783	1.982	2.693	0	16.355	23.371	2.866	1.993	0	9.643	10.933	1.913	1	0	0.522	0.323	1	1	0	0.493	0.324	0.667	1	0	0.311	0.244	1	0	0	0	0	0	0	0.333	0	0	0	0.72	0.217
0	0	0	0	0	0	0	0	0	0	0	0	0	0	0	0	0	0	0	0	0	0	0	0	0	0	0	0	0	0	0	0	0	0	0	0	0	0	0	0	0.298	0.299
0	6.147	3.832	3.663	2.742	0	6.011	3.832	4.647	2.742	0	5.635	4.237	3.775	2.828	0	0.806	0.905	0.933	0.833	0	0.667	0.833	0.9	0.667	0	0.8	1	0.667	0.667	0.6	0.2	0.714	0	0.25	0	0	0.857	0	0	0.292	0.667
0	8.498	0	0	0	0	8.235	0	0	0	0	2.501	0	0	0	0	0.889	0	0	0	0	0.857	0	0	0	0	1	0	0	0	0.6	0	0	1	0.8	0.2	0	0	1	1	0	0.889
0	0	10.39	0	21.71	1.041	0	11.377	0	23.67	1.041	0	2.742	0	3.744	0	0	0.636	0	0.28	0	0	0.561	0	0.267	0	0	0.333	0	0	0	0	0	0.2	0	0	0.4	0	0.2	0	0.558	0.273
0	0	0	8.498	0	0	0	0	8.235	0	0	0	0	2.501	0	0	0	0	0.889	0	0	0	0	0.857	0	0	0	0	1	0	0	0.6	0.8	0	0	0	0.2	1	0	0	0.197	0.394
0	0	0	0	0	0	0	0	0	0	0	0	0	0	0	0	0	0	0	0	0	0	0	0	0	0	0	0	0	0	0	0	0	0	0	0	0	0	0	0.8	0.198	0.618
0	0	0.927	0	0.895	0	0	0	0	1.831	0	0	1.816	0	0.936	0	0	1	0	1	0	0	0	0	1	0	0	1	0	0	0	0	0.75	0	0.25	0	0	0.5	0	0	0.898	0.222
6.147	3.663	0	0.992	3.832	6.011	4.647	0	0.963	3.832	5.635	3.775	0	1.955	4.237	0.806	0.933	0	1	0.905	0.667	0.9	0	0	0.833	0.8	0.667	0	0	1	0.2	0	0.6	0.25	0.714	0	0	0	0.125	0.857	0.292	0.394
0.889	0	0	3.755	0	0.889	0	0	3.755	0	0.889	0	0	0	0	0	0	0	1	0	0	0	0	0.833	0	0	0	0	0	0	0	0	0.333	0.5	0.25	0	0	0.667	0.5	0.25	0.296	0.408
2.706	0	0.992	26.611	3.663	3.599	0	0.963	31.471	4.647	1.821	0	1.955	9.479	3.775	1	0	1	0.286	0.933	1	0	0	0.26	0.9	0	0	0	0.111	0.667	0.143	0.667	0.25	0	0	0.286	1	0.125	0	0	0.716	0.217
0	0	0	0	0	0	0	0	0	0	0	0	0	0	0	0	0	0	0	0	0	0	0	0	0	0	0	0	0	0	0.667	0	0.25	0.4	0.6	1	0	0	0	0.4	0	0.958
0	0	2.851	0	0	0	0	8.382	0	2.158	0	0	5.532	0	3.137	0	0	0.714	0	0.333	0	0	0.619	0	0	0	0	0.5	0	0.333	0	0	0	0	0	0	0	0	0	0.333	0.893	0.308
0	-1	0	-1	0	0	-1	0	-1	0	0	-1	0	-1	0	0	-1	0	-1	0	0	-1	0	-1	0	0	-1	0	-1	0	0	-1	0	-1	0	0	-1	0	-1	0	0.899	0.997
0	0	0	0	0	0	0	0.956	0	0	0	0	0.956	0	0	0	0	0	0	0	0	0	0	0	0	0	0	0	0	0	0.2	0.6	0	0.25	0	0	0.4	0	0	0	0	0.382
0	0.895	15.727	0.927	0	0	1.831	14.548	0	0	0	0.936	5.056	1.816	0	0	1	0.49	1	0	0	1	0.505	0	0	0	0	0.2	1	0	0	0.25	0	0.75	0	0	0	0	0.5	0	0	0.607
0	1.99	0	6.622	0	0	2.909	0	6.551	0	0	2.01	0	2.94	0	0	1	0	0.778	0	0	0.667	0	0.667	0	0	0	0	0	0	0.667	0.2	0	0	0.8	0.667	0.2	0.5	0	1	0.117	0.880
0	0	0	0	0	0	0	0	0	0	0	0	0	0	0	0	0	0	0	0	0	0	0	0	0	0	0	0	0	0	0	0	0.333	0.6	0.25	0	0	1	0.8	0	0	0.464
1.78	9.134	0	0	0.918	2.654	12.253	0	1.837	0.918	0.874	3.119	0	1.837	0	1	0.679	0	0	0	1	0.641	0	0	0	0	0.333	0	0	0	0	0	0	0.2	0.2	0	0	0	0	0.2	0.556	0.237
0	9.851	10.076	0	8.814	2.615	14.362	17.133	2.158	17.139	3.594	9.887	10.376	3.137	10.365	0.667	0.681	0.525	0.333	0.508	1	0.654	0.475	0	0.467	0.667	0.5	0.222	0.333	0.278	0	0.5	0.667	0	0	0	0.25	0	0.333	0	0.199	0.534
1.982	12.115	1.867	2.693	2.832	2.866	16.355	3.761	2.693	3.917	1.913	9.643	2.812	1.993	2.929	1	0.522	0.833	1	0.833	0.667	0.493	0.5	1	0.833	1	0.311	0.667	1	0.333	0	0	0	0	0	0	0	0	0	0	0.897	0.449
0	0	0	0	0	0	0	0	0	0	0	0	0	0	0	0	0	0	0	0	0	0	0	0	0	0	0	0	0	0	0.2	0.6	0.2	0.2	0	0.4	0.8	0.2	0	0.4	0.298	0.536
0	0	0	0	0	0	0	0	0	0.956	0	0	0	0	0.956	0	0	0	0	0	0	0	0	0	0	0	0	0	0	0	0.6	0.25	0.2	0.667	0	0.4	0	0	1	0	0	0.760
9.134	0	1.78	7.574	0	12.253	1.837	2.654	12.637	0	3.119	1.837	0.874	7.824	0	0.679	0	1	0.679	0	0.641	0	1	0.654	0	0.333	0	0	0.286	0	0	0.2	0	0	0	0	0	0	0	0	0.893	0.170
24.023	2.742	0	3.832	22.783	22.154	2.742	0	3.832	23.371	17.539	2.828	0	4.237	10.933	0.308	0.833	0	0.905	0.323	0.324	0.667	0	0.833	0.324	0.175	0.667	0	1	0.244	0.429	0.25	0.2	0.714	0	0	0	0	0.857	0	0.557	0.258
0	0	11.218	0	0	0	0	10.251	0	0	0	0	2.915	0	0	0	0	0.591	0	0	0	0	0.556	0	0	0	0	0.333	0	0	0	0.8	0.222	0	0	0	1	0	0	0	0.292	0.256
0	0	0	0	0	0	0	0	0	0	0	0	0	0	0	0	0	0	0	0	0	0	0	0	0	0	0	0	0	0	0	0	0	0	0	0	0	0	0.8	0	0.418	0.403
0	0	14.823	0	0	0	0	14.823	0	0	0	0	8.068	0	0	0	0	0.6	0	0	0	0	0.505	0	0	0	0	0.464	0	0	0.429	0	0.4	0.2	0.333	0.714	0	0	0.2	0.667	0.418	0.698
0	0	0	0	0	0	0	0	0	0	0	0	0	0	0	0	0	0	0	0	0	0	0	0	0	0	0	0	0	0	0	0	0	0	0	0	0	0	0.2	0	0.897	0.649
0	15.727	0	0	0	0	14.548	0	0	0	0	5.056	0	0	0	0	0.49	0	0	0	0	0.505	0	0	0	0	0.2	0	0	0	0	0	0.571	0	0.2	0	0	0.857	0	0.2	0	0.402
0.927	0	0.895	0	0	0	0	1.831	0	0	1.816	0	0.936	0	0	1	0	1	0	0	0	0	1	0	0	1	0	0	0	0	0.75	0	0.25	0	0	0.5	0	0	0	0	0.718	0.354
0	0	0	0	0	0	0	0	0	0	0	0	0	0	0	0	0	0	0	0	0	0	0	0	0	0	0	0	0	0	0	0	0	0	0	0.8	0	0	0	0	0.198	0.490
0	0	8.613	0	0	0	0	9.621	0	0	0	0	2.05	0	0	0	0	0.622	0	0	0	0	0.511	0	0	0	0	0	0	0	0	0	1	0	0	0	0	0	1	0	0.716	0.266
0	0	0	15.727	0	0	0	0	14.548	0	0	0	0	5.056	0	0	0	0	0.49	0	0	0	0	0.505	0	0	0	0	0.2	0	0.571	0	0.2	0	0	0.857	0	0.2	0	0	0.418	0.696
0	1.824	0	0	0	0	2.832	0	0	0	0	1.008	0	0	0	0	1	0	0	0	0	1	0	0	0	0	0	0	0	0	0	0	0	0	0	0	0	0	0	0	0.894	0.315
0	0	0	0	0	0	0	0	0	0	0	0	0	0	0	0	0	0	0	0	0	0	0	0	0	0	0	0	0	0	0.2	0.25	0.6	0.333	0.2	0	0	0.8	1	0.4	0.298	0.314
3.832	0	2.742	6.147	24.023	3.832	0	2.742	6.011	22.154	4.237	0	2.828	5.635	17.539	0.905	0	0.833	0.806	0.308	0.833	0	0.667	0.667	0.324	1	0	0.667	0.8	0.175	0.714	0.6	0.25	0.2	0.429	0.857	0	0	0	0	0.299	0.625
0	8.814	3.653	10.076	3.643	0	17.139	9.492	17.133	7.604	0	10.365	7.695	10.376	3.961	0	0.508	0.6	0.525	0.643	0	0.467	0.6	0.475	0.643	0	0.278	0.286	0.222	0	0	0	0	0.667	0	0	0	0	0	0	0.299	0.725
0	0	0	0	0	0	0	0	0	0	0	0	0	0	0	0	0	0	0	0	0	0	0	0	0	0	0	0	0	0	0	0	0	0	0	0	0	0	0	0.2	0.415	0.997
0	0	0	0	0	0	0	0	0	0	0	0	0	0	0	0	0	0	0	0	0	0	0	0	0	0	0	0	0	0	0.333	0.6	0.4	0.25	0	0.333	1	0	0.25	0	0	0.720
0	0.889	0	0	0	0	0.889	0	0	0	0	0.889	0	0	0	0	0	0	0	0	0	0	0	0	0	0	0	0	0	0	0.333	0	0.25	0	0.6	0.667	0	0.25	0	1	0.117	0.900
10.39	0	21.71	0	0	11.377	1.041	23.67	0	0	2.742	1.041	3.744	0	0	0.636	0	0.28	0	0	0.561	0	0.267	0	0	0.333	0	0	0	0	0	0	0	0	0	0	0	0	0.4	0	0.195	0.161
0	26.611	2.706	0	0.992	0	31.471	3.599	0	0.963	0	9.479	1.821	0	1.955	0	0.286	1	0	1	0	0.26	1	0	0	0	0.111	0	0	0	0.667	0	0.143	0	0.25	1	0	0.286	0	0.125	0.297	0.628
0	0	0	0	11.218	0	0	0	0	10.251	0	0	0	0	2.915	0	0	0	0	0.591	0	0	0	0	0.556	0	0	0	0	0.333	0.8	0	0	0.6	0.222	1	0	0	0.2	0	0	0.927
0.992	2.706	3.663	0	6.147	0.963	3.599	4.647	0	6.011	1.955	1.821	3.775	0	5.635	1	1	0.933	0	0.806	0	1	0.9	0	0.667	0	0	0.667	0	0.8	0.25	0.143	0	0.667	0.2	0.125	0.286	0	1	0	0.3	0.395
0	0	0	0	0	0	0	0	0	0	0	0	0	0	0	0	0	0	0	0	0	0	0	0	0	0	0	0	0	0	0.333	0	0.25	0	0.2	1	0	0	0	0	0.298	0.914
0	0	0	0	0	0	0	0	0	0	0	0	0	0	0	0	0	0	0	0	0	0	0	0	0	0	0	0	0	0	0.6	0.25	0.333	0.333	0.4	1	0.25	0.333	0.667	0	0.298	0.771
0	22.783	2.693	0	12.115	0	23.371	2.693	0	16.355	0	10.933	1.993	0	9.643	0	0.323	1	0	0.522	0	0.324	1	0	0.493	0	0.244	1	0	0.311	0	0	0	0.2	0	0.333	0	0	0	0	0.714	0.585
0	0	0	0.918	0	0	0	0	0.918	0	0	0	0	0	0	0	0	0	0	0	0	0	0	0	0	0	0	0	0	0	0	0.6	0	0.2	0.333	0	0.8	0	0.2	1	0.414	0.326
8.613	0	0	0	1.824	9.621	0	0	0	2.832	2.05	0	0	0	1.008	0.622	0	0	0	1	0.511	0	0	0	1	0	0	0	0	0	1	0	0	0	0	0	0	0	0	0	0.297	0.237
0	0	-1	0	-1	0	0	-1	0	-1	0	0	-1	0	-1	0	0	-1	0	-1	0	0	-1	0	-1	0	0	-1	0	-1	0	0	-1	0.143	-1	0	0	-1	0.143	-1	0.896	0.776
0.895	0.927	0	0	15.727	1.831	0	0	0	14.548	0.936	1.816	0	0	5.056	1	1	0	0	0.49	1	0	0	0	0.505	0	1	0	0	0.2	0.25	0.75	0	0	0	0	0.5	0	0	0	0.415	0.271
0	0	0	0	0	0	0	0	0	1.041	0	0	0	0	1.041	0	0	0	0	0	0	0	0	0	0	0	0	0	0	0	0.2	0.2	0	0.6	0	0.2	0.4	0.4	0.8	0	0	0.520
2.851	0	0	0	9.851	8.382	0	2.158	0	14.362	5.532	0	3.137	0	9.887	0.714	0	0.333	0	0.681	0.619	0	0	0	0.654	0.5	0	0.333	0	0.5	0	0	0	0	0.5	0	0	0.333	0	0.25	0.716	0.309
0	0	0	1.824	0	0	0	0	2.832	0	0	0	0	1.008	0	0	0	0	1	0	0	0	0	1	0	0	0	0	0	0	0	0	0	0	0	0	0	0	0	0	0.299	0.958
8.498	0	0	0.877	0	8.235	0	0	0	0	2.501	0	0	0.877	0	0.889	0	0	0	0	0.857	0	0	0	0	1	0	0	0	0	0	1	0.6	0.2	0	0	1	0.2	0.2	0	0.2	0.289
0	0	0	0	0	0	0	0	0	0	0	0	0	0	0	0	0	0	0	0	0	0	0	0	0	0	0	0	0	0	0	0	0	0	0	0	0	0	0	0	0.556	0.273
0	0	0	1.99	3.755	0	0	0	2.909	3.755	0	0	0	2.01	0	0	0	0	1	1	0	0	0	0.667	0.833	0	0	0	0	0	0	0.667	0.8	0.2	0.5	0.5	0.667	1	0.2	0.5	0.296	0.673
3.653	0	3.643	8.814	7.574	9.492	0	7.604	17.139	12.637	7.695	0	3.961	10.365	7.824	0.6	0	0.643	0.508	0.679	0.6	0	0.643	0.467	0.654	0.286	0	0	0.278	0.286	0	0	0	0	0	0	0	0	0	0	0.898	0.484
12.115	2.693	1.982	0	1.867	16.355	2.693	2.866	0	3.761	9.643	1.993	1.913	0	2.812	0.522	1	1	0	0.833	0.493	1	0.667	0	0.5	0.311	1	1	0	0.667	0	0	0	0	0	0	0	0	0.333	0	0.897	0.356
0	0	0	0	0	0	0	0	0	0	0	0	0	0	0	0	0	0	0	0	0	0	0	0	0	0	0	0	0	0	0	0.4	0.667	0.333	0.25	0	0	1	0.333	0	0.415	0.226
