0	8.497	0	0.999	0	0	8.497	0.987	2.116	2.083	0	3.007	0.987	2.116	2.083	0	0.306	0	1	1	0	0.306	0	1	1	0	0.667	0	1	1	0.2	1	0	0.286	0.2	0	0	0	0	0	0	0.586
5.905	0	26.653	0	9.206	8.078	1.955	32.419	0	10.144	6.107	1.955	12.457	0	7.15	0.964	1	0.228	0	0.822	0.964	1	0.228	0	0.822	0.533	1	0.164	0	0.571	0	0	0.2	0	0	0	0	0	0	0.6	0.418	0.347
0	6.755	2.932	0	0	0	5.593	0.912	0	0	0	5.864	2.966	0	0	0	0.333	0.333	0	0	0	0.533	0	0	0	0	0.2	0.667	0	0	0	0.75	0.2	0	0.25	0.8	0.5	0.2	0	0.5	0.198	0.766
0	5.37	2.88	0	0	0	7.405	3.867	0	0	0	2.806	0.987	0	0	0	0.429	0.833	0	0	0	0.429	0.833	0	0	0	0	0	0	0	0.8	0	0	0	0	0.8	0	0	0	0	0.419	0.794
0	1.861	0	16.476	0	2.24	2.77	0	18.702	0	2.24	0.909	0	7.419	0	1	0.333	0	0.304	0	1	0.333	0	0.304	0	1	0	0	0.143	0	0	0	0	0	0	0	0	0	0	0	0.56	0.391
2.708	1.101	3.736	0	0.967	2.708	0	6.667	0	3.968	0	2.071	4.768	0	3.968	0.667	0	0.619	0	0.333	0.667	0	0.619	0	0.333	0	0	0.4	0	0.333	0.2	0.4	0	0	0	0	0	0	0	0	0	0.596
0	0	5.37	0	0	0	0	7.405	0	0	0	0	2.806	0	0	0	0	0.429	0	0	0	0	0.429	0	0	0	0	0	0	0	0	0.333	0	0	0.8	0	0.333	0	0	0.8	0	0.523
12.729	0	3.67	2.103	0	16.008	0	3.67	3.978	0	4.557	0	0.949	3.978	0	0.383	0	0.333	0.5	0	0.375	0	0.333	0.5	0	0.5	0	0	0.333	0	0.375	0.2	0.667	0.5	0.8	0	0.2	0	0	1	0	0.495
0.958	15.593	0	0	14.653	0.958	17.808	0	0	17.044	0.958	8.908	0	0	10.592	0	0.595	0	0	0.676	0	0.588	0	0	0.676	0	0.278	0	0	0.472	0	0	0	0	0	0	0	0	0.333	0.2	0.554	0.219
6.805	0	16.476	0.883	1.861	8.618	0	18.702	1.787	2.77	3.808	0	7.419	1.787	0.909	0.333	0	0.304	1	0.333	0.333	0	0.304	1	0.333	0.167	0	0.143	1	0	0	0.2	0	0	0	0	0.4	0	0	0	0.3	0.143
0	-1	0	-1	1.998	0	-1	0	-1	1.998	0	-1	0	-1	1.998	0	-1	0	-1	1	0	-1	0	-1	1	0	-1	0	-1	1	0	-1	0	-1	0	0	-1	0	-1	0	0.899	0.792
8.497	0.999	0	0	0	8.497	2.116	0	0	0.987	3.007	2.116	0	0	0.987	0.306	1	0	0	0	0.306	1	0	0	0	0.667	1	0	0	0	1	0.286	0.2	0	0	0	0	0	0	0	0.298	0.781
0.881	0	10.492	0	0	0.881	0	11.45	0	0	0	0	2.119	0	0	0	0	0.833	0	0	0	0	0.818	0	0	0	0	1	0	0	0.429	0	0	0.4	0	0.714	0	0	0.2	0.2	0.299	0.784
6.59	4.379	0	4.884	6.386	11.598	3.737	0	9.244	11.279	8.699	5.301	0	5.074	6.733	0.394	0.4	0	0.639	0.303	0.394	0.333	0	0.639	0.288	0.278	0.3	0	0.3	0.381	0	0.25	0.778	0	0	0	0	0.333	0	0	0.299	0.426
0	8.124	9.804	0	0	0	8.518	15.697	0	0	0	9.292	9.01	0	0	0	0.47	0.358	0	0	0	0.639	0.358	0	0	0	0.361	0.194	0	0	0.25	0.4	0.375	0.333	0.2	0.25	0	0	1	1	0	0.866
0	0	1.082	0	0	0.912	0	3.347	0	0	0.912	0	3.347	0	0	0	0	0.667	0	0	0	0	0.667	0	0	0	0	0.667	0	0	0	0	0.2	0	0	0	0	0.4	0	0	0.557	0.235
0	0	0	5.892	15.614	0	0	0	6.769	14.888	0	0	0	4.715	9.831	0	0	0	0.381	0.49	0	0	0	0.381	0.667	0	0	0	0.4	0.222	0	0.25	0.444	0.667	0	0	0.25	0.667	0.667	0	0	0.521
0	0	0	4.54	0	0	0	0.897	5.711	0	0	0	0.897	3.897	0	0	0	0	0.667	0	0	0	0	0.667	0	0	0	0	0.833	0	0	0	0	0	0	0	0	0	0	0	0.893	0.184
0	4.54	0	0	0	0	5.711	0	0	0.897	0	3.897	0	0	0.897	0	0.667	0	0	0	0	0.667	0	0	0	0	0.833	0	0	0	0	0	0	0	0	0	0	0	0	0	0.715	0.190
0	0	0	8.497	0	0.987	0	2.083	8.497	0	0.987	0	2.083	3.007	0	0	0	1	0.306	0	0	0	1	0.306	0	0	0	1	0.667	0	0	0.2	0.2	1	0.556	0	0	0	0	0.111	0.299	0.293
0	0	0	1.861	0	0	2.24	0	2.77	0.912	0	2.24	0	0.909	0.912	0	1	0	0.333	0	0	1	0	0.333	0	0	1	0	0	0	0	0	0	0	0	0	0	0	0	0	0.899	0.235
5.37	0	0	0	2.88	7.405	0	0	0	3.867	2.806	0	0	0	0.987	0.429	0	0	0	0.833	0.429	0	0	0	0.833	0	0	0	0	0	0	0	0.8	0.333	0	0	0	0.8	0.333	0	0.415	0.162
0	2.76	4.884	0	4.379	0	4.839	9.244	0	3.737	0	2.05	5.074	0	5.301	0	0.533	0.639	0	0.4	0	0.8	0.639	0	0.333	0	0	0.3	0	0.3	0	0.375	0	0	0.25	0	0.125	0	0	0	0	0.509
0.901	4.151	5.836	0	0	0	6.408	5.78	0.885	0	1.799	5.236	3.837	0.885	0	0	0.8	0.714	0	0	0	0.8	0.667	0	0	0	0.7	0.333	0	0	0.2	0.2	0	0	0	0.2	0	0	0	0	0	0.553
2.103	8.439	0	0	12.729	3.978	10.823	0	0.916	16.008	3.978	5.254	0	0.916	4.557	0.5	0.509	0	0	0.383	0.5	0.509	0	0	0.375	0.333	0.4	0	0	0.5	0.5	0	0.2	0.2	0.375	0	0	0.2	0	0	0	0.659
0	0	0	12.939	5.37	0	0	0	14.945	7.405	0	0	0	3.203	2.806	0	0	0	0.581	0.429	0	0	0	0.571	0.429	0	0	0	0.333	0	0.333	0	0	0	0	0.333	0	0	0	0	0	0.688
0	1.84	0	5.185	14.331	0.904	4.587	0	6.089	17.57	0.904	3.661	0	3.915	4.47	0	0.8	0	0.533	0.603	0	0.8	0	0.533	0.596	0	0.667	0	0.5	0.833	0	0	0	0	0	0	0	0	0	0	0.713	0.181
0	4.43	0	9.206	0	0	6.48	0.961	10.144	0	0	3.376	0.961	7.15	0	0	0.867	0	0.822	0	0	0.867	0	0.822	0	0	0.667	0	0.571	0	0.333	0	0	0	0.4	0.333	0.2	0	0.6	0.4	0	0.662
26.653	5.905	9.206	0	4.43	32.419	8.078	10.144	1.955	6.48	12.457	6.107	7.15	1.955	3.376	0.228	0.964	0.822	1	0.867	0.228	0.964	0.822	1	0.867	0.164	0.533	0.571	1	0.667	0.2	0	0	0	0	0	0	0.6	0	0.2	0	0.311
15.593	0	0.958	0	0	17.808	0	0.958	0	0	8.908	0	0.958	0	0	0.595	0	0	0	0	0.588	0	0	0	0	0.278	0	0	0	0	0	0	0	0	0	0	0.333	0	0	0	0.718	0.250
0	2.103	12.729	8.439	3.67	0	3.978	16.008	10.823	3.67	0	3.978	4.557	5.254	0.949	0	0.5	0.383	0.509	0.333	0	0.5	0.375	0.509	0.333	0	0.333	0.5	0.4	0	0.2	0.5	0.375	0	0.667	0.2	0	0	0	0	0	0.785
0	1.044	1.808	0	0	0	1.044	1.808	0	0	0	0	1.808	0	0	0	0	1	0	0	0	0	1	0	0	0	0	1	0	0	0	0.25	0	0.6	0.2	0	0	0	0.2	0.2	0.056	0.611
0	0	0	0	0	0	0	0	0	0	0	0	0	0	0	0	0	0	0	0	0	0	0	0	0	0	0	0	0	0	0	0	0	0	0.8	0	0	0	0	0.8	0	0.808
0	0.883	6.805	0.999	16.476	0	1.787	8.618	0.999	18.702	0	1.787	3.808	0.999	7.419	0	1	0.333	0	0.304	0	1	0.333	0	0.304	0	1	0.167	0	0.143	0.2	0	0	0	0	0.4	0	0	0	0	0	0.683
0	5.684	0.999	0.914	8.497	0	7.942	2.116	0.914	8.497	0	3.306	2.116	0	3.007	0	0.393	1	0	0.306	0	0.393	1	0	0.306	0	0.333	1	0	0.667	0	0	0.286	0	1	0	0	0	0	0	0	0.498
0	0	0.881	0	10.492	0	0	0.881	2.113	11.45	0	0	0	2.113	2.119	0	0	0	0	0.833	0	0	0	0	0.818	0	0	0	0	1	0	0.4	0.429	0	0	0	0.2	0.714	0	0	0.197	0.316
0.934	0	1.881	0	2.111	0.934	0	2.891	0	3.359	0	0	1.949	0	2.461	0	0	0	0	1	0	0	0	0	1	0	0	0	0	1	0.25	0	0	0.4	0	0	0	0	0	0	0	0.491
1.082	0	0	0	17.745	3.347	0.912	0	0	19.085	3.347	0.912	0	0	5.788	0.667	0	0	0	0.339	0.667	0	0	0	0.339	0.667	0	0	0	0.3	0.2	0	0	0	0.714	0.4	0	0	0	0.143	0.418	0.211
3.736	2.708	0.967	1.101	1.88	6.667	2.708	3.968	0	3.776	4.768	0	3.968	2.071	1.896	0.619	0.667	0.333	0	1	0.619	0.667	0.333	0	1	0.4	0	0.333	0	1	0	0.2	0	0.4	0	0	0	0	0	0	0.419	0.258
0	5.892	0	14.331	0	0	6.769	0	17.57	0	0	4.715	0	4.47	0	0	0.381	0	0.603	0	0	0.381	0	0.596	0	0	0.4	0	0.833	0	0.25	0.667	0	0	0.444	0.25	0.667	0	0	0.667	0	0.514
0	0	0	0	0.881	0	2.113	0	0	0.881	0	2.113	0	0	0	0	0	0	0	0	0	0	0	0	0	0	0	0	0	0	0.4	0	0	0	0.429	0.2	0	0	0	0.714	0	0.639
6.755	0	0	3.625	2.932	5.593	0	0	8.015	0.912	5.864	0	0	5.318	2.966	0.333	0	0	0.464	0.333	0.533	0	0	0.464	0	0.2	0	0	0.4	0.667	0.75	0	0	0.25	0.2	0.5	0	0.8	0	0.2	0	0.718
0.999	0	8.497	5.684	0	2.116	0	8.497	7.942	0	2.116	0	3.007	3.306	0	1	0	0.306	0.393	0	1	0	0.306	0.393	0	1	0	0.667	0.333	0	0.286	0	1	0	0.2	0	0	0	0	0	0.557	0.557
5.836	0.901	0	4.151	14.817	5.78	0	0	6.408	15.852	3.837	1.799	0	5.236	7.844	0.714	0	0	0.8	0.581	0.667	0	0	0.8	0.581	0.333	0	0	0.7	0.524	0	0.2	0	0.2	0	0	0.2	0	0	0	0	0.372
12.939	0	0	0	0	14.945	0	0	0	0	3.203	0	0	0	0	0.581	0	0	0	0	0.571	0	0	0	0	0.333	0	0	0	0	0	1	0	0.625	0.333	0	1	0	0.75	0.333	0.296	0.232
0	0	0	9.804	8.439	0	0	0.916	15.697	10.823	0	0	0.916	9.01	5.254	0	0	0	0.358	0.509	0	0	0	0.358	0.509	0	0	0	0.194	0.4	0	0.2	0.2	0.375	0	0	1	0	0	0	0	0.698
0	0	0	0	24.879	0.897	0	0	0	29.33	0.897	0	0	0	10.776	0	0	0	0	0.31	0	0	0	0	0.31	0	0	0	0	0.267	0	0	0	0	0.6	0	0	0	0	0.6	0.716	0.185
24.879	0	0.924	0	0.886	29.33	0	1.864	0.897	1.816	10.776	0	1.864	0.897	1.816	0.31	0	1	0	1	0.31	0	1	0	1	0.267	0	1	0	0	0.6	0	0	0	0	0.6	0	0	0	0	0.298	0.594
0	0	0	0	-1	0	0	0	0	-1	0	0	0	0	-1	0	0	0	0	-1	0	0	0	0	-1	0	0	0	0	-1	0	0	0	0	-1	0	0	0	0	-1	0.899	0.999
0	0	-1	0	-1	0	0	-1	0	-1	0	0	-1	0	-1	0	0	-1	0	-1	0	0	-1	0	-1	0	0	-1	0	-1	0	0	-1	0	-1	0	0	-1	0	-1	0.899	0.999
0.967	3.736	1.88	2.708	12.424	3.968	6.667	3.776	2.708	17.14	3.968	4.768	1.896	0	6.569	0.333	0.619	1	0.667	0.324	0.333	0.619	1	0.667	0.309	0.333	0.4	1	0	0.2	0	0	0	0.2	0	0	0	0	0	0	0.894	0.608
0	5.956	0	16.096	0.94	0	6.925	0	18.247	0.94	0	4.114	0	6.394	0.94	0	0.476	0	0.281	0	0	0.476	0	0.281	0	0	0.333	0	0.2	0	0.889	0.667	0.4	0	0	0.889	0.667	0.2	0	0.286	0.414	0.938
0	0	0	0	0	0	0	0	0	0	0	0	0	0	0	0	0	0	0	0	0	0	0	0	0	0	0	0	0	0	0	0	0.8	0	0	0	0	0.8	0	0.2	0	0.505
0	0	0	0.988	0	2.113	0	0	1.939	0	2.113	0	0	0.951	0	0	0	0	0	0	0	0	0	0	0	0	0	0	0	0	0	0	0.4	0	0	0	0	0.2	0	0	0.556	0.568
4.54	0	0	0	0	5.711	0	0	0	0	3.897	0	0	0	0	0.667	0	0	0	0	0.667	0	0	0	0	0.833	0	0	0	0	0	0	0	0	0	0	0	0	0.2	0	0.113	0.344
8.439	0	2.103	0	0	10.823	0.916	3.978	0	0	5.254	0.916	3.978	0	0	0.509	0	0.5	0	0	0.509	0	0.5	0	0	0.4	0	0.333	0	0	0	0.2	0.5	0	0.2	0	0	0	0	0.2	0	0.633
0	3.625	6.755	0	0	0	8.015	5.593	0.935	0	0	5.318	5.864	0.935	0	0	0.464	0.333	0	0	0	0.464	0.533	0	0	0	0.4	0.2	0	0	0	0.25	0.75	0	0	0	0	0.5	0	0.8	0	0.404
5.185	11.774	1.84	0	0	6.089	14.862	4.587	0	0.904	3.915	4.379	3.661	0	0.904	0.533	0.514	0.8	0	0	0.533	0.514	0.8	0	0	0.5	0.833	0.667	0	0	0	0.25	0	0.2	0	0	0	0	0	0	0	0.469
0	0	0	0	0	0	0	0	0	0	0	0	0	0	0	0	0	0	0	0	0	0	0	0	0	0	0	0	0	0	0.8	0	0	0	0	0.8	0	0.2	0	0	0.298	0.889
0	0	0.914	2.111	5.684	0	0	0.914	3.359	7.942	0	0	0	2.461	3.306	0	0	0	1	0.393	0	0	0	1	0.393	0	0	0	1	0.333	0	0	0	0	0	0	0	0	0	0	0.557	0.395
1.998	0	0	0	0	1.998	0	0	0	0	1.998	0	0.9	0	0	1	0	0	0	0	1	0	0	0	0	1	0	0	0	0	0	0	0.4	0	0	0	0	0	0	0	0.298	0.531
14.653	0	1.011	0.958	0	17.044	0	0	0.958	0.885	10.592	0	1.011	0.958	0.885	0.676	0	0	0	0	0.676	0	0	0	0	0.472	0	0	0	0	0	0	0.25	0	0	0.2	0	0	0	0	0.42	0.666
0.94	0	0	0	0	0.94	0	0	0	0	0.94	0	0	0	0.97	0	0	0	0	0	0	0	0	0	0	0	0	0	0	0	0	0.4	0.125	0.889	0	0.286	0.2	0.625	0.889	0	0.418	0.529
0	0	8.439	0	2.103	0.916	0	10.823	0	3.978	0.916	0	5.254	0	3.978	0	0	0.509	0	0.5	0	0	0.509	0	0.5	0	0	0.4	0	0.333	0.2	0	0	0.2	0.5	0	0	0	1	0	0	0.488
8.25	6.386	0	0	8.124	13.491	11.279	0	0	8.518	4.88	6.733	0	0	9.292	0.363	0.303	0	0	0.47	0.341	0.288	0	0	0.639	0.5	0.381	0	0	0.361	0.375	0	0.333	0.778	0.4	0	0	1	0.333	0	0.9	0.459
15.614	0	0	0	0	14.888	0	0	0	0	9.831	0	0	0	0	0.49	0	0	0	0	0.667	0	0	0	0	0.222	0	0	0	0	0	0.444	0	0	0	0	0.667	0	0	0.333	0	0.371
0.924	24.879	0.886	0	0	1.864	29.33	1.816	0	0	1.864	10.776	1.816	0	0	1	0.31	1	0	0	1	0.31	1	0	0	1	0.267	0	0	0	0	0.6	0	0	0	0	0.6	0	0	0	0.558	0.168
0.999	0	0.883	1.808	0	0.999	0	1.787	1.808	0	0.999	0	1.787	1.808	0	0	0	1	1	0	0	0	1	1	0	0	0	1	1	0	0	0.2	0	0	0.2	0	0.2	0	0	0.4	0	0.390
17.745	0	5.634	1.082	0	19.085	0	5.634	3.347	0	5.788	0	2.784	3.347	0	0.339	0	1	0.667	0	0.339	0	1	0.667	0	0.3	0	1	0.667	0	0.714	0	0.6	0.2	0.429	0.143	0	1	0.4	1	0.299	0.265
12.424	1.88	0	0.967	3.625	17.14	3.776	0.935	3.968	8.015	6.569	1.896	0.935	3.968	5.318	0.324	1	0	0.333	0.464	0.309	1	0	0.333	0.464	0.2	1	0	0.333	0.4	0	0	0	0	0.25	0	0	0	0	0	0.718	0.258
19.319	0	1.908	0.886	0	24.424	0	3.987	1.816	0	12.369	0	3.987	1.816	0	0.407	0	0.5	1	0	0.403	0	0.5	1	0	0.255	0	0.333	0	0	0	0	0	0	0	0	0	0	0	0	0.42	0.208
0	0	14.331	1.84	5.892	0	0.904	17.57	4.587	6.769	0	0.904	4.47	3.661	4.715	0	0	0.603	0.8	0.381	0	0	0.596	0.8	0.381	0	0	0.833	0.667	0.4	0	0	0	0	0.667	0	0	0	0	0.667	0.415	0.289
14.817	0	0	5.836	0	15.852	0	0	5.78	0	7.844	0	0.898	3.837	0	0.581	0	0	0.714	0	0.581	0	0	0.667	0	0.524	0	0	0.333	0	0	0	0	0	0	0	0	0	0	0	0.3	0.354
0	0	2.76	1.998	0	0	0	4.839	1.998	0	0	0.9	2.05	1.998	0	0	0	0.533	1	0	0	0	0.8	1	0	0	0	0	1	0	0	0.4	0.375	0	0	0	0	0.125	0	0	0	0.630
0.883	0.999	0	0	6.805	1.787	0.999	0	0	8.618	1.787	0.999	0	0	3.808	1	0	0	0	0.333	1	0	0	0	0.333	1	0	0	0	0.167	0	0	0.2	0.2	0	0	0	0.4	0.2	0	0.419	0.500
0	5.836	14.817	0.901	0	0	5.78	15.852	0	0	0	3.837	7.844	1.799	0.898	0	0.714	0.581	0	0	0	0.667	0.581	0	0	0	0.333	0.524	0	0	0	0	0	0.2	0	0	0	0	0.2	0	0.557	0.256
0	0.988	0	0	0	0	1.939	2.113	1.161	0	0	0.951	2.113	1.161	0	0	0	0	0	0	0	0	0	0	0	0	0	0	0	0	0	0	0	0	0.4	0	0	0	0	0.2	0.896	0.835
2.111	1.881	0	0.934	0	3.359	2.891	0	0.934	0	2.461	1.949	0	0	0	1	0	0	0	0	1	0	0	0	0	1	0	0	0	0	0	0	0	0.25	0	0	0	0	0	0	0.298	0.528
0	0	1.998	-1	0	0	0	1.998	-1	0	0	0	1.998	-1	0.9	0	0	1	-1	0	0	0	1	-1	0	0	0	1	-1	0	0	0	0	-1	0.4	0	0	0	-1	0	0.419	0.561
0.914	0	5.684	0	0	0.914	0	7.942	0	0	0	0	3.306	0	0	0	0	0.393	0	0	0	0	0.393	0	0	0	0	0.333	0	0	0	0	0	0	0	0	0	0	0	0	0.556	0.112
0	1.808	0.999	0	0.883	0	1.808	0.999	0	1.787	0	1.808	0.999	0	1.787	0	1	0	0	1	0	1	0	0	1	0	1	0	0	1	0.2	0	0	0	0	0.2	0	0	0	0	0	0.861
0	0	0.94	5.956	0	0	0	0.94	6.925	0	0	0	0.94	4.114	0	0	0	0	0.476	0	0	0	0	0.476	0	0	0	0	0.333	0	0.4	0.889	0	0.667	0.125	0.2	0.889	0.286	0.667	0.625	0	0.886
0	0.958	14.653	15.593	1.011	0	0.958	17.044	17.808	0	0	0.958	10.592	8.908	1.011	0	0	0.676	0.595	0	0	0	0.676	0.588	0	0	0	0.472	0.278	0	0	0	0	0	0.25	0	0	0.2	0	0	0.56	0.288
0	0	4.54	0	0	0	0	5.711	0	0	0	0	3.897	0	0	0	0	0.667	0	0	0	0	0.667	0	0	0	0	0.833	0	0	0	0	0	0.8	0	0	0.2	0	0.8	0	0.298	0.221
1.84	5.185	0	11.774	0	4.587	6.089	0.904	14.862	0	3.661	3.915	0.904	4.379	0	0.8	0.533	0	0.514	0	0.8	0.533	0	0.514	0	0.667	0.5	0	0.833	0	0	0	0	0.25	0	0	0	0	0	0	0.556	0.379
0	8.25	8.124	6.386	0	0	13.491	8.518	11.279	0	0	4.88	9.292	6.733	0	0	0.363	0.47	0.303	0	0	0.341	0.639	0.288	0	0	0.5	0.361	0.381	0	0.333	0.375	0.4	0	0.25	1	0	0	0	0.25	0.298	0.930
0	0	0	0	6.625	0	2.083	0	0.987	8.579	0	2.083	0	0.987	5.803	0	1	0	0	0.222	0	1	0	0	0.222	0	1	0	0	0.133	0.556	0.2	0.25	0	0	0.111	0	0	0	0	0.197	0.888
0	0	0	0	12.939	0	0	0	0	14.945	0	0	0	0	3.203	0	0	0	0	0.581	0	0	0	0	0.571	0	0	0	0	0.333	0.625	0.6	1	0	0	0.75	0.8	1	0.2	0	0.415	0.725
1.808	0	0	1.044	0.999	1.808	0	0	1.044	0.999	1.808	0	0	0	0.999	1	0	0	0	0	1	0	0	0	0	1	0	0	0	0	0	0	0.2	0.25	0	0	0	0.2	0	0	0.417	0.448
0	0	15.614	0	0	0	0	14.888	0	0	0	0	9.831	0	0	0	0	0.49	0	0	0	0	0.667	0	0	0	0	0.222	0	0	0.444	0	0	0.25	0	0.667	0	0	0.25	0	0.298	0.713
0.988	0	0	0	0	1.939	1.161	0	0	2.113	0.951	1.161	0	0	2.113	0	0	0	0	0	0	0	0	0	0	0	0	0	0	0	0	0	0	0	0	0	0	0	0	0	0.296	0.388
0	0	0	2.88	0	0	0	0	3.867	0	0	0	0	0.987	0	0	0	0	0.833	0	0	0	0	0.833	0	0	0	0	0	0	0	0	0	0	0	0	0	0	0	0	0.556	0.811
0	1.082	17.745	0	5.634	0	3.347	19.085	0.912	5.634	0	3.347	5.788	0.912	2.784	0	0.667	0.339	0	1	0	0.667	0.339	0	1	0	0.667	0.3	0	1	0	0.2	0.714	0	0.6	0	0.4	0.143	0	1	0	0.605
9.804	0	0	8.124	0	15.697	0	0	8.518	0	9.01	0	0	9.292	0	0.358	0	0	0.47	0	0.358	0	0	0.639	0	0.194	0	0	0.361	0	0.375	0.25	0.2	0.4	0	0	0.25	1	0	0	0	0.440
1.881	0.934	2.111	0	0	2.891	0.934	3.359	0	0	1.949	0	2.461	0	0	0	0	1	0	0	0	0	1	0	0	0	0	1	0	0	0	0.25	0	0	0	0	0	0	0	0	0.296	0.122
4.43	9.206	0	26.653	0	6.48	10.144	0	32.419	0.961	3.376	7.15	0	12.457	0.961	0.867	0.822	0	0.228	0	0.867	0.822	0	0.228	0	0.667	0.571	0	0.164	0	0	0	0.333	0.2	0	0.2	0.6	0.333	0	0	0.298	0.584
1.908	19.319	0	0	0	3.987	24.424	0	0	1.955	3.987	12.369	0	0	1.955	0.5	0.407	0	0	1	0.5	0.403	0	0	1	0.333	0.255	0	0	1	0	0	0	0	0	0	0	0	0	0	0.419	0.247
16.096	0	5.956	3.67	0	18.247	0	6.925	3.67	0	6.394	0	4.114	0.949	0	0.281	0	0.476	0.333	0	0.281	0	0.476	0.333	0	0.2	0	0.333	0	0	0	0.8	0.667	0.667	0.889	0	1	0.667	0	0.889	0.56	0.565
0	14.817	0	0	0	0	15.852	0	0	1.161	0.898	7.844	0	0	1.161	0	0.581	0	0	0	0	0.581	0	0	0	0	0.524	0	0	0	0	0	0	0	0	0	0	0	0	0	0	0.580
5.684	0.914	0	0	0.999	7.942	0.914	0	0	2.116	3.306	0	0	0	2.116	0.393	0	0	0	1	0.393	0	0	0	1	0.333	0	0	0	1	0	0	0	0	0.286	0	0	0	0	0	0	0.249
0	0.94	0	0	0	0	0.94	0	0	0	0	0.94	0.97	0	0	0	0	0	0	0	0	0	0	0	0	0	0	0	0	0	0.125	0	0	0.4	0	0.625	0.286	0	0.2	0	0	0.849
0	1.998	0	0	2.76	0	1.998	0	0	4.839	0.9	1.998	0	0	2.05	0	1	0	0	0.533	0	1	0	0	0.8	0	1	0	0	0	0.4	0	0	0	0.375	0	0	0	0	0.125	0	0.524
0	0	0.988	0	0	1.161	0	1.939	0	0	1.161	0	0.951	0.898	0	0	0	0	0	0	0	0	0	0	0	0	0	0	0	0	0	0	0	0	0	0	0	0	0	0	0.896	0.396
2.88	0	0	5.37	0	3.867	0	0	7.405	0	0.987	0	0	2.806	0	0.833	0	0	0.429	0	0.833	0	0	0.429	0	0	0	0	0	0	0	0.8	0	0	0	0	0.8	0	0	0	0.417	0.513
1.011	14.653	0	0	4.151	0	17.044	0.885	0	6.408	1.011	10.592	0.885	0	5.236	0	0.676	0	0	0.8	0	0.676	0	0	0.8	0	0.472	0	0	0.7	0.25	0	0	0	0.2	0	0.2	0	0	0	0	0.512
9.206	26.653	4.43	5.905	0	10.144	32.419	6.48	8.078	0	7.15	12.457	3.376	6.107	0	0.822	0.228	0.867	0.964	0	0.822	0.228	0.867	0.964	0	0.571	0.164	0.667	0.533	0	0	0.2	0	0	0.333	0.6	0	0.2	0	0.333	0	0.713
0	6.59	6.386	4.379	8.25	0	11.598	11.279	3.737	13.491	0	8.699	6.733	5.301	4.88	0	0.394	0.303	0.4	0.363	0	0.394	0.288	0.333	0.341	0	0.278	0.381	0.3	0.5	0.778	0	0	0.25	0.375	0.333	0	0	0	0	0.299	0.786
0	0	11.774	0	5.185	0	0	14.862	0.961	6.089	0	0	4.379	0.961	3.915	0	0	0.514	0	0.533	0	0	0.514	0	0.533	0	0	0.833	0	0.5	0.2	0.4	0.25	0	0	0	0.4	0	0	0	0	0.638
0	5.634	0	17.745	0	0	5.634	0	19.085	0	0	2.784	0	5.788	0	0	1	0	0.339	0	0	1	0	0.339	0	0	1	0	0.3	0	0.429	0.6	0	0.714	0	1	1	0	0.143	0	0.119	0.841
0	0	15.593	15.614	0.958	0	0	17.808	14.888	0.958	0	0	8.908	9.831	0.958	0	0	0.595	0.49	0	0	0	0.588	0.667	0	0	0	0.278	0.222	0	0	0	0	0	0	0.333	0	0	0	0	0.714	0.810
0	0	0	0.94	1.101	0	0	0	0.94	0	0.97	0	0	0.94	2.071	0	0	0	0	0	0	0	0	0	0	0	0	0	0	0	0	0.125	0	0	0.4	0	0.625	0	0.286	0	0	0.781
0	1.011	4.151	14.653	0.901	0.885	0	6.408	17.044	0	0.885	1.011	5.236	10.592	1.799	0	0	0.8	0.676	0	0	0	0.8	0.676	0	0	0	0.7	0.472	0	0	0.25	0.2	0	0.2	0	0	0	0.2	0.2	0.417	0.357
0	12.939	0	0	0	0	14.945	0	0	0	0	3.203	0	0	0	0	0.581	0	0	0	0	0.571	0	0	0	0	0.333	0	0	0	0	0	0.333	1	0	0	0	0.333	1	0	0.296	0.407
0	0	24.879	0	0.924	0	0.897	29.33	0	1.864	0	0.897	10.776	0	1.864	0	0	0.31	0	1	0	0	0.31	0	1	0	0	0.267	0	1	0	0	0.6	0	0	0	0	0.6	0	0	0.417	0.152
2.76	0	0	0	4.884	4.839	0	0	0	9.244	2.05	0	0	0.9	5.074	0.533	0	0	0	0.639	0.8	0	0	0	0.639	0	0	0	0	0.3	0.375	0	0	0.4	0	0.125	0	0	0	0	0	0.536
0	0	0	0	4.54	0	0	0	0	5.711	0	0	0	0	3.897	0	0	0	0	0.667	0	0	0	0	0.667	0	0	0	0	0.833	0	0.8	0	0	0	0.2	0.8	0	0	0	0	0.731
4.884	0	4.379	2.76	6.59	9.244	0	3.737	4.839	11.598	5.074	0	5.301	2.05	8.699	0.639	0	0.4	0.533	0.394	0.639	0	0.333	0.8	0.394	0.3	0	0.3	0	0.278	0	0	0.25	0.375	0	0	0	0	0.125	0	0	0.553
0	3.67	16.096	12.729	5.956	0	3.67	18.247	16.008	6.925	0	0.949	6.394	4.557	4.114	0	0.333	0.281	0.383	0.476	0	0.333	0.281	0.375	0.476	0	0	0.2	0.5	0.333	0.8	0.667	0	0.375	0.667	1	0	0	0	0.667	0.298	0.913
0	0.886	19.319	0.924	1.908	0	1.816	24.424	1.864	3.987	0	1.816	12.369	1.864	3.987	0	1	0.407	1	0.5	0	1	0.403	1	0.5	0	0	0.255	1	0.333	0	0	0	0	0	0	0	0	0	0	0	0.534
0	1.908	0	19.319	5.905	0	3.987	1.955	24.424	8.078	0	3.987	1.955	12.369	6.107	0	0.5	1	0.407	0.964	0	0.5	1	0.403	0.964	0	0.333	1	0.255	0.533	0	0	0	0	0	0	0	0	0	0	0	0.426
0	0	0.934	0	1.881	0	0	0.934	0	2.891	0	0	0	0	1.949	0	0	0	0	0	0	0	0	0	0	0	0	0	0	0	0	0.4	0.25	0.25	0	0	0	0	0.5	0	0	0.627
5.956	16.096	0	0	0	6.925	18.247	0	0	0	4.114	6.394	0	0	0	0.476	0.281	0	0	0	0.476	0.281	0	0	0	0.333	0.2	0	0	0	0.667	0	0.889	0.8	0.4	0.667	0	0.889	1	0.2	0.059	0.624
6.625	0	0	0	1.044	8.579	0	0	0	1.044	5.803	0	0	0	0	0.222	0	0	0	0	0.222	0	0	0	0	0.133	0	0	0	0	0	0.25	0.6	0.556	0.25	0	0	0.2	0.111	0	0.418	0.318
0	0	0	4.43	0	0.961	0	0	6.48	0	0.961	0	0	3.376	0	0	0	0	0.867	0	0	0	0	0.867	0	0	0	0	0.667	0	0	0.333	0.4	0	0.2	0	0.333	0.4	0.2	0	0.298	0.367
0	2.111	0	1.881	0.914	0	3.359	0	2.891	0.914	0	2.461	0	1.949	0	0	1	0	0	0	0	1	0	0	0	0	1	0	0	0	0	0	0	0	0	0	0	0	0	0	0.294	0.434
5.634	17.745	0	0	0	5.634	19.085	0	0	0	2.784	5.788	0	0	0	1	0.339	0	0	0	1	0.339	0	0	0	1	0.3	0	0	0	0.6	0.714	0.429	0	0	1	0.143	1	0	0	0.198	0.763
11.774	0	5.185	0	1.84	14.862	0	6.089	0	4.587	4.379	0	3.915	0	3.661	0.514	0	0.533	0	0.8	0.514	0	0.533	0	0.8	0.833	0	0.5	0	0.667	0.25	0.2	0	0.4	0	0	0	0	0.4	0	0.417	0.753
0	10.492	0	0.881	0	0	11.45	0	0.881	0	0	2.119	0	0	0	0	0.833	0	0	0	0	0.818	0	0	0	0	1	0	0	0	0	0	0.6	0.429	0.625	0.2	0	0.8	0.714	0.75	0	0.489
0	0	0	14.817	0.988	0	0	1.161	15.852	1.939	0	0.898	1.161	7.844	0.951	0	0	0	0.581	0	0	0	0	0.581	0	0	0	0	0.524	0	0	0	0	0	0	0	0	0	0	0	0.556	0.277
0	0	0	5.634	0	0	0	0	5.634	0	0	0	0	2.784	0	0	0	0	1	0	0	0	0	1	0	0	0	0	1	0	0	0.429	0	0.6	0	0	1	0	1	0	0	0.654
0	15.614	0	0	15.593	0	14.888	0	0	17.808	0	9.831	0	0	8.908	0	0.49	0	0	0.595	0	0.667	0	0	0.588	0	0.222	0	0	0.278	0	0	0	0.444	0	0	0	0.333	0.667	0	0.292	0.600
0	0	0	0	0	2.083	0.987	0	0	0	2.083	0.987	0	0	0	1	0	0	0	0	1	0	0	0	0	1	0	0	0	0	0.2	0	0.556	0.2	0.25	0	0	0.111	0	0	0.556	0.557
0	12.424	3.625	1.88	0	0.935	17.14	8.015	3.776	0	0.935	6.569	5.318	1.896	0	0	0.324	0.464	1	0	0	0.309	0.464	1	0	0	0.2	0.4	1	0	0	0	0.25	0	0	0	0	0	0	0	0.713	0.311
1.044	0	0	6.625	1.808	1.044	0	0	8.579	1.808	0	0	0	5.803	1.808	0	0	0	0.222	1	0	0	0	0.222	1	0	0	0	0.133	1	0.25	0.6	0	0	0	0	0.2	0	0	0	0	0.657
1.88	0.967	12.424	3.736	0	3.776	3.968	17.14	6.667	0.935	1.896	3.968	6.569	4.768	0.935	1	0.333	0.324	0.619	0	1	0.333	0.309	0.619	0	1	0.333	0.2	0.4	0	0	0	0	0	0	0	0	0	0	0	0.896	0.477
0	0	0	2.932	0.934	0	0	0	0.912	0.934	0	0	0	2.966	0	0	0	0	0.333	0	0	0	0	0	0	0	0	0	0.667	0	0.4	0.25	0	0.2	0.25	0	0.5	0	0.2	0	0	0.590
5.892	14.331	0	0	0	6.769	17.57	0	0	0	4.715	4.47	0	0	0	0.381	0.603	0	0	0	0.381	0.596	0	0	0	0.4	0.833	0	0	0	0.667	0	0.25	0	0	0.667	0	0.25	0	0	0	0.335
0	0	6.625	0	0	0	0	8.579	2.083	0	0	0	5.803	2.083	0	0	0	0.222	1	0	0	0	0.222	1	0	0	0	0.133	1	0	0.25	0.556	0	0.2	0.6	0	0.111	0	0	0.2	0	0.769
0	0	0	10.492	0	0	0	0	11.45	0	0	0	0	2.119	0	0	0	0	0.833	0	0	0	0	0.818	0	0	0	0	1	0	0.6	0	0.625	0	1	0.8	0.2	0.75	0	1	0.117	0.818
6.386	0	8.25	6.59	0	11.279	0	13.491	11.598	0	6.733	0	4.88	8.699	0	0.303	0	0.363	0.394	0	0.288	0	0.341	0.394	0	0.381	0	0.5	0.278	0	0	0.778	0.375	0	0.333	0	0.333	0	0	1	0.716	0.326
0	0	0	0	0	0	0	0	0	0	0	0	0	0	0	0	0	0	0	0	0	0	0	0	0	0	0	0	0	0	0	0	0	0	0	0	0	0	0	0	0.296	0.991
0	9.804	0	0	0	0	15.697	0	0	0.916	0	9.01	0	0	0.916	0	0.358	0	0	0	0	0.358	0	0	0	0	0.194	0	0	0	0.2	0.375	0	0.25	0.2	1	0	0	0.25	0	0.198	0.733
0.886	0.924	0	24.879	19.319	1.816	1.864	0	29.33	24.424	1.816	1.864	0	10.776	12.369	1	1	0	0.31	0.407	1	1	0	0.31	0.403	0	1	0	0.267	0.255	0	0	0	0.6	0	0	0	0	0.6	0	0.418	0.451
3.625	0	0	12.424	6.755	8.015	0.935	0	17.14	5.593	5.318	0.935	0	6.569	5.864	0.464	0	0	0.324	0.333	0.464	0	0	0.309	0.533	0.4	0	0	0.2	0.2	0.25	0	0	0	0.75	0	0	0	0	0.5	0.556	0.280
0	0	5.905	1.908	26.653	1.955	0	8.078	3.987	32.419	1.955	0	6.107	3.987	12.457	1	0	0.964	0.5	0.228	1	0	0.964	0.5	0.228	1	0	0.533	0.333	0.164	0	0	0	0	0.2	0	0	0	0	0	0	0.446
1.861	16.476	0	6.805	0	2.77	18.702	2.24	8.618	0	0.909	7.419	2.24	3.808	0	0.333	0.304	1	0.333	0	0.333	0.304	1	0.333	0	0	0.143	1	0.167	0	0	0	0	0	0	0	0	0	0	0	0	0.470
0	6.625	1.044	0	0	0	8.579	1.044	0	0	0	5.803	0	0	0	0	0.222	0	0	0	0	0.222	0	0	0	0	0.133	0	0	0	0.6	0	0.25	0.25	0	0.2	0	0	0	0	0.556	0.760
0	0	12.939	0	0	0	0	14.945	0	0	0	0	3.203	0	0	0	0	0.581	0	0	0	0	0.571	0	0	0	0	0.333	0	0	1	0.625	0	0.6	0	1	0.75	0	0.8	0	0	0.951
3.67	12.729	0	0	16.096	3.67	16.008	0	0	18.247	0.949	4.557	0	0	6.394	0.333	0.383	0	0	0.281	0.333	0.375	0	0	0.281	0	0.5	0	0	0.2	0.667	0.375	0.8	0.2	0	0	0	1	0.2	0	0.419	0.547
1.101	0	2.708	0	3.736	0	0	2.708	0	6.667	2.071	0	0	0.97	4.768	0	0	0.667	0	0.619	0	0	0.667	0	0.619	0	0	0	0	0.4	0.4	0	0.2	0	0	0	0	0	0	0	0	0.773
0	0	1.101	0	2.708	0	0	0	0	2.708	0	0.97	2.071	0	0	0	0	0	0	0.667	0	0	0	0	0.667	0	0	0	0	0	0	0	0.4	0.125	0.2	0	0	0	0.625	0	0.415	0.503
0	0	0	0	11.774	0	0.961	0	0	14.862	0	0.961	0	0	4.379	0	0	0	0	0.514	0	0	0	0	0.514	0	0	0	0	0.833	0.4	0	0.2	0.333	0.25	0.4	0	0	0.333	0	0	0.612
0	0	0	0	0	0	0	0	0	0	0	0	0	0	0	0	0	0	0	0	0	0	0	0	0	0	0	0	0	0	0	0	0	0.429	0	0	0	0	1	0	0	0.453
16.476	6.805	1.861	0	0	18.702	8.618	2.77	0	2.24	7.419	3.808	0.909	0	2.24	0.304	0.333	0.333	0	1	0.304	0.333	0.333	0	1	0.143	0.167	0	0	1	0	0	0	0.2	0	0	0	0	0.4	0	0.418	0.466
8.124	0	0	8.25	9.804	8.518	0	0	13.491	15.697	9.292	0	0	4.88	9.01	0.47	0	0	0.363	0.358	0.639	0	0	0.341	0.358	0.361	0	0	0.5	0.194	0.4	0.333	0.25	0.375	0.375	0	1	0.25	0	0	0	0.617
4.379	4.884	6.59	0	0	3.737	9.244	11.598	0	0	5.301	5.074	8.699	0	0	0.4	0.639	0.394	0	0	0.333	0.639	0.394	0	0	0.3	0.3	0.278	0	0	0.25	0	0	0	0.778	0	0	0	0	0.333	0	0.653
0	2.932	0	0	0	0	0.912	0	0	0	0	2.966	0	0	0	0	0.333	0	0	0	0	0	0	0	0	0	0.667	0	0	0	0.25	0.2	0.4	0	0	0.5	0.2	0	0.8	0	0	0.816
14.331	0	5.892	0	0	17.57	0	6.769	0.904	0	4.47	0	4.715	0.904	0	0.603	0	0.381	0	0	0.596	0	0.381	0	0	0.833	0	0.4	0	0	0	0	0.667	0	0.25	0	0	0.667	0	0.25	0.299	0.363
4.151	0	0.901	1.011	5.836	6.408	0.885	0	0	5.78	5.236	0.885	1.799	1.011	3.837	0.8	0	0	0	0.714	0.8	0	0	0	0.667	0.7	0	0	0	0.333	0.2	0	0.2	0.25	0	0	0	0.2	0	0	0.415	0.509
10.492	0.881	0	0	0	11.45	0.881	0	0	0	2.119	0	0	0	0	0.833	0	0	0	0	0.818	0	0	0	0	1	0	0	0	0	0	0.429	0	0	0.6	0	0.714	0.2	0	0.8	0	0.374
2.932	0	0	6.755	0	0.912	0	0	5.593	0	2.966	0	0	5.864	0	0.333	0	0	0.333	0	0	0	0	0.533	0	0.667	0	0	0.2	0	0.2	0	0.25	0.75	0.4	0.2	0.8	0.5	0.5	0	0	0.542
0	0	0	0	1.082	0	0	0.912	2.24	3.347	0	0	0.912	2.24	3.347	0	0	0	1	0.667	0	0	0	1	0.667	0	0	0	1	0.667	0	0	0	0	0.2	0	0	0	0	0.4	0.893	0.169
0	2.88	0	0	0	0	3.867	0	0	0	0	0.987	0	0	0	0	0.833	0	0	0	0	0.833	0	0	0	0	0	0	0	0	0	0	0	0.8	0	0	0	0	0.8	0	0.558	0.264
