0	0	4.793	0	0	0	0	6.552	0	0	0	0	1.893	0	0	0	0	0.524	0	0	0	0	0.524	0	0	0	0	0	0	0	0.125	0.4	0.125	0	0	0.125	0.2	0	0	0	0	0.837
3.658	0	0	0.925	2.875	8.802	0.944	0	3.725	6.848	6.981	0.944	0	2.8	5.045	0.417	0	0	0.833	0.619	0.417	0	0	0.833	0.619	0.381	0	0	0.667	0.6	0.2	0	0	0	0	0.4	0.4	0.2	0.2	0.6	0.299	0.675
0	0	0	4.692	4.793	0	0	0	5.564	6.552	0	0	0	0.947	1.893	0	0	0	0.533	0.524	0	0	0	0.533	0.524	0	0	0	0	0	0.4	0	0.125	0.25	0.125	0.2	0	0.125	0	0	0	0.678
0	0	0	1.884	0	0	0	0.931	3.7	0	0	0	0.931	1.816	0	0	0	0	0.167	0	0	0	0	0.167	0	0	0	0	0	0	0	0	0.4	0	0	0.2	0	0.8	0	0	0	0.701
5.611	5.695	7.428	1.838	9.535	14.437	14.91	16.11	11.133	18.48	8.787	9.093	9.702	6.962	10.847	0.451	0.495	0.4	0.622	0.353	0.451	0.495	0.4	0.622	0.353	0.464	0.536	0.306	0.667	0.333	0	0	0	0	0	0	0	0	0	0	0.898	0.235
6.619	0	0	1.883	0	9.901	0	0	5.037	0	5.213	0	0	4.166	0	0.422	0	0	0.8	0	0.422	0	0	0.8	0	0.4	0	0	0.833	0	0	0.333	0	0	0	0	0.667	0	0	0	0.415	0.419
0	0	0	0	0	0	0	0	0	0	0	0	0	0	0	0	0	0	0	0	0	0	0	0	0	0	0	0	0	0	0	0	0	0	0	0	0	0	0	0	0.896	0.793
0	0	0	0	0	0	0	0	0	0	0	0	0	0	0	0	0	0	0	0	0	0	0	0	0	0	0	0	0	0	0	0	0	0	0	0	0	0	0	0	0.897	0.504
0	0	0	0	0	3.745	3.882	0	0	0	3.745	3.882	0	0	0	0.5	0.5	0	0	0	0.5	0.5	0	0	0	0.167	0.167	0	0	0	0.2	0	0.333	0	0	0	0	1	0.333	0	0	0.340
0.86	0.915	4.692	0	0	0.86	0.915	5.564	0	0	0.86	0.915	0.947	0	0	0	0	0.533	0	0	0	0	0.533	0	0	0	0	0	0	0	0	0	0.25	0.6	0	0	0	0	0.4	0	0.896	0.579
0	0	0	4.793	2.692	0	0	0	6.552	4.564	0	0	0	1.893	3.647	0	0	0	0.524	0.4	0	0	0	0.524	0.4	0	0	0	0	0.167	0.2	0	0.4	0.125	0	0	0	0.2	0	0	0	0.728
0	0	0	0	5.753	0	0.985	0	0	5.753	0	0.985	0	0	3.896	0	0	0	0	0.6	0	0	0	0	0.6	0	0	0	0	0.167	0.2	0.375	0	0.333	0	0.2	0.625	0.2	0.111	0.111	0	0.779
0.872	0.914	2.853	1.843	2.693	5.656	8.668	8.852	9.662	7.545	3.837	7.754	5.033	6.005	3.984	0.8	0.75	0.778	0.622	0.714	0.8	0.75	0.778	0.622	0.714	0.167	0.25	0.3	0.133	0.333	0	0	0	0	0	0	0	0	0.2	0.2	0.717	0.353
2.875	0	7.971	3.658	2.842	6.848	0	14.207	8.802	7.122	5.045	0	9.377	6.981	5.339	0.619	0	0.242	0.417	0.524	0.619	0	0.242	0.417	0.524	0.6	0	0.25	0.381	0.7	0	0	0.125	0.2	0.286	0.6	0.2	0.375	0.4	0.429	0	0.532
0	0	-1	0	-1	0	0	-1	0	-1	0	0	-1	0	-1	0	0	-1	0	-1	0	0	-1	0	-1	0	0	-1	0	-1	0	0	-1	0	-1	0.6	0	-1	0	-1	0.898	0.792
0	7.602	0	0	0	0	9.443	0	0	0	0	5.57	0	0	0	0	0.333	0	0	0	0	0.333	0	0	0	0	0	0	0	0	0	0.333	0	0	0	0.8	0.333	0	0	0	0.42	0.681
4.819	2.764	2.949	1.97	2.862	13.632	9.798	12.381	8.026	12.164	8.558	9.798	6.13	8.026	10.216	0.576	0.694	0.582	0.81	0.582	0.576	0.694	0.582	0.81	0.582	0.429	0.389	0.6	0.476	0.528	0.2	0	0	0	0	0	0	0	0	0	0.717	0.284
0	2.842	1.907	7.971	0.936	0.907	7.122	9.483	14.207	5.17	0.907	5.339	9.483	9.377	5.17	0	0.524	0.528	0.242	0.6	0	0.524	0.528	0.242	0.6	0	0.7	0.389	0.25	0.5	0.333	0.286	0.25	0.125	0	0.667	0.429	0.25	0.375	0.2	0.714	0.729
0	0	4.696	0	0	0	0	4.696	0	0	0	0	0.911	0	0	0	0	0.4	0	0	0	0	0.4	0	0	0	0	0	0	0	0	0.2	0	0.2	0.429	0	0.2	0	0.4	0.286	0	0.739
14.19	15.893	0	2.693	0	19.234	22.915	2.909	7.545	0	6.12	8.056	2.909	3.984	0	0.211	0.188	0.667	0.714	0	0.211	0.188	0.667	0.714	0	0.133	0.143	0.667	0.333	0	0	0	0	0	0	0.286	0	0	0.2	0.333	0.716	0.522
0	1.753	0	0	0	0	2.686	0	0	0	0	0.933	0	0	0	0	0.667	0	0	0	0	0.667	0	0	0	0	0	0	0	0	0	0.2	0	0.5	0	0	0	0	0.125	0	0	0.839
0	0	0	0	0	0	0	0	0	0	0	0	0	0	0	0	0	0	0	0	0	0	0	0	0	0	0	0	0	0	0.6	0	0.143	0.25	0.2	0.2	0	0.286	1	0.4	0	0.845
3.878	2.862	2.915	2.949	1.838	13.226	12.164	12.303	12.381	11.133	12.239	10.216	10.409	6.13	6.962	0.545	0.582	0.618	0.582	0.622	0.545	0.582	0.618	0.582	0.622	0.364	0.528	0.472	0.6	0.667	0	0	0	0	0	0	0	0	0	0	0.717	0.245
11.776	0.884	1.883	0	0	16.488	4.546	5.037	1.847	0	8.09	4.546	4.166	1.847	0	0.3	0.7	0.8	1	0	0.3	0.7	0.8	1	0	0.381	0.6	0.833	1	0	0	0	0	0.2	0.333	0	0.2	0	0.4	0.667	0.296	0.458
0.914	1.843	0.872	1.811	2.853	8.668	9.662	5.656	9.58	8.852	7.754	6.005	3.837	6.031	5.033	0.75	0.622	0.8	0.622	0.778	0.75	0.622	0.8	0.622	0.778	0.25	0.133	0.167	0.267	0.3	0	0	0	0	0	0	0.2	0	0.2	0	0.556	0.331
0	0	1.753	0	0	0	0	2.686	0	0	0	0	0.933	0	0	0	0	0.667	0	0	0	0	0.667	0	0	0	0	0	0	0	0.5	0	0.2	0.429	0	0.125	0	0	0.286	0	0.415	0.541
2.907	3.673	1.97	0	2.764	7.73	8.506	8.026	0	9.798	4.807	3.819	8.026	0	9.798	0.714	0.786	0.81	0	0.694	0.714	0.786	0.81	0	0.694	0.667	0.333	0.476	0	0.389	0	0	0	0	0	0	0	0	0	0	0.554	0.260
0	0.882	0	0	0	0	2.624	0	0	0	0	0	0	0	0	0	0	0	0	0	0	0	0	0	0	0	0	0	0	0	0.25	0	0.2	0	0	0	0	0.2	0	0	0.718	0.847
0	0	0	5.753	0	0	0	0	5.753	0	0	0	0	3.896	0	0	0	0	0.6	0	0	0	0	0.6	0	0	0	0	0.167	0	0	0.25	0.6	0	0.143	0	1	0.2	0.111	0.286	0	0.595
0.925	0	0	0	3.658	3.725	0	0.944	0.907	8.802	2.8	0	0.944	0.907	6.981	0.833	0	0	0	0.417	0.833	0	0	0	0.417	0.667	0	0	0	0.381	0	0.25	0	0.571	0.2	0.2	0.25	0.4	0.429	0.4	0	0.583
0	0	0	2.714	0	0	0.874	0	5.333	0.866	0	0	0	2.676	0.866	0	0	0	0.2	0	0	0	0	0.2	0	0	0	0	0	0	0.571	0.2	0.2	0.5	0.556	0.714	0	0.2	0	0.222	0.299	0.742
0	0	2.692	0	0	0	0	4.564	0	0	0	0	3.647	0	0	0	0	0.4	0	0	0	0	0.4	0	0	0	0	0.167	0	0	0.4	0.2	0	0	0.2	0.2	0	0	0	0	0	0.720
7.971	2.875	2.842	0	0	14.207	6.848	7.122	0	0.907	9.377	5.045	5.339	0	0.907	0.242	0.619	0.524	0	0	0.242	0.619	0.524	0	0	0.25	0.6	0.7	0	0	0.125	0	0.286	0	0.333	0.375	0.6	0.429	0.2	0.667	0.554	0.587
0.882	0	0	0	0	2.624	0	0	0	0	0	0	0	0	0	0	0	0	0	0	0	0	0	0	0	0	0	0	0	0	0	0	0.25	0	0.2	0	0	0	0	0.2	0.715	0.334
0	0	0	0	0	0	0.931	0	0	0	0	0.931	0	0	0	0	0	0	0	0	0	0	0	0	0	0	0	0	0	0	0	0.4	0	0	0	0	0.8	0	0.2	0	0	0.786
0	0.936	0.884	1.907	11.776	1.847	5.17	4.546	9.483	16.488	1.847	5.17	4.546	9.483	8.09	1	0.6	0.7	0.528	0.3	1	0.6	0.7	0.528	0.3	1	0.5	0.6	0.389	0.381	0.2	0	0	0.25	0	0.4	0.2	0.2	0.25	0	0.415	0.726
0	0	0	0	0	0	0	0	0	0	0	0	0	0	0	0	0	0	0	0	0	0	0	0	0	0	0	0	0	0	0	0	0	0	0	0	0	0	0	0	0.897	0.355
2.853	0.872	2.693	0.914	15.893	8.852	5.656	7.545	8.668	22.915	5.033	3.837	3.984	7.754	8.056	0.778	0.8	0.714	0.75	0.188	0.778	0.8	0.714	0.75	0.188	0.3	0.167	0.333	0.25	0.143	0	0	0	0	0	0	0	0.2	0	0	0.715	0.281
0.915	0	0.86	0	4.692	0.915	0	0.86	0	5.564	0.915	0	0.86	0	0.947	0	0	0	0	0.533	0	0	0	0	0.533	0	0	0	0	0	0	0.6	0	0.2	0.25	0	0.4	0	0	0	0.713	0.619
0	0	0	0	0	0	0	0	0	0	0	0	0	0	0	0	0	0	0	0	0	0	0	0	0	0	0	0	0	0	0	0	0	0	0	0	0	0	0	0	0.717	0.552
0.884	0	11.776	0.936	1.883	4.546	1.847	16.488	5.17	5.037	4.546	1.847	8.09	5.17	4.166	0.7	1	0.3	0.6	0.8	0.7	1	0.3	0.6	0.8	0.6	1	0.381	0.5	0.833	0	0.2	0	0	0	0.2	0.4	0	0.2	0	0	0.666
0	0	0	4.696	1.753	0	0	0	4.696	2.686	0	0	0	0.911	0.933	0	0	0	0.4	0.667	0	0	0	0.4	0.667	0	0	0	0	0	0	0.429	0.5	0	0.2	0	0.286	0.125	0	0	0	0.760
0	0	0	0	0	0	0	0	0	0	0	0	0	0	0	0	0	0	0	0	0	0	0	0	0	0	0	0	0	0	0	0	0	0	0	0	0	0	0	0	0.713	0.843
0	2.692	0	0	0	0	4.564	0	0	0	0	3.647	0	0	0	0	0.4	0	0	0	0	0.4	0	0	0	0	0.167	0	0	0	0.2	0	0.4	0.4	0.333	0	0	0	0.2	0.111	0	0.730
7.602	0	0	0	0	9.443	0	0	0	0	5.57	0	0	0	0	0.333	0	0	0	0	0.333	0	0	0	0	0	0	0	0	0	0.333	0	0	0.333	0	0.333	0	0.8	1	0	0	0.508
0	0.892	0	2.815	0.882	0	0.892	0	3.748	2.624	0	0	0	0.933	0	0	0	0	0.667	0	0	0	0	0.667	0	0	0	0	0	0	0	0.222	0	0.333	0	0	0	0	0	0	0.717	0.593
0	-1	0	-1	0	0	-1	0	-1	0	0	-1	0	-1	0	0	-1	0	-1	0	0	-1	0	-1	0	0	-1	0	-1	0	0	-1	0	-1	0	0.4	-1	0	-1	0	0.899	0.941
0	0	0	0	0	0.985	0	0	0	0	0.985	0	0	0	0	0	0	0	0	0	0	0	0	0	0	0	0	0	0	0	0.375	0.333	0.2	0.4	0	0.625	0.111	0.2	0	0.2	0	0.731
0	0	0	0	0	0	0	0	0	0	0	0	0	0	0	0	0	0	0	0	0	0	0	0	0	0	0	0	0	0	0	0	0	0	0.444	0	0	0.4	0.8	0.111	0	0.870
5.695	1.838	5.611	2.915	7.428	14.91	11.133	14.437	12.303	16.11	9.093	6.962	8.787	10.409	9.702	0.495	0.622	0.451	0.618	0.4	0.495	0.622	0.451	0.618	0.4	0.536	0.667	0.464	0.472	0.306	0	0	0	0	0	0	0	0	0	0	0.898	0.188
2.815	0	0.892	0	0	3.748	0	0.892	0	0	0.933	0	0	0	0	0.667	0	0	0	0	0.667	0	0	0	0	0	0	0	0	0	0.333	0	0.222	0	0	0	0	0	0	0	0.198	0.515
2.915	3.878	1.838	2.862	5.695	12.303	13.226	11.133	12.164	14.91	10.409	12.239	6.962	10.216	9.093	0.618	0.545	0.622	0.582	0.495	0.618	0.545	0.622	0.582	0.495	0.472	0.364	0.667	0.528	0.536	0	0	0	0	0	0	0	0	0	0	0.894	0.200
2.949	4.819	2.862	2.764	3.878	12.381	13.632	12.164	9.798	13.226	6.13	8.558	10.216	9.798	12.239	0.582	0.576	0.582	0.694	0.545	0.582	0.576	0.582	0.694	0.545	0.6	0.429	0.528	0.389	0.364	0	0.2	0	0	0	0	0	0	0	0	0.415	0.202
1.907	0	0.936	2.842	0	9.483	0.907	5.17	7.122	1.847	9.483	0.907	5.17	5.339	1.847	0.528	0	0.6	0.524	1	0.528	0	0.6	0.524	1	0.389	0	0.5	0.7	1	0.25	0.333	0	0.286	0.2	0.25	0.667	0.2	0.429	0.4	0.415	0.619
0	0	0	0	0	0	0	0	0	0.907	0	0	0	0	0.907	0	0	0	0	0	0	0	0	0	0	0	0	0	0	0	0	0	0	0	0.571	0	0	0.333	0	0.429	0.419	0.793
0	6.619	0	0	0	0	9.901	0	0	0	0	5.213	0	0	0	0	0.422	0	0	0	0	0.422	0	0	0	0	0.4	0	0	0	0	0	0	0.333	0	0	0	0	0.667	0.6	0.9	0.504
0	0	7.602	0	0	0	0	9.443	3.745	0	0	0	5.57	3.745	0	0	0	0.333	0.5	0	0	0	0.333	0.5	0	0	0	0	0.167	0	0	0.333	0.333	0.2	0	0	1	0.333	0	0.8	0	0.587
0	0.925	3.658	0	0	0.944	3.725	8.802	0	0	0.944	2.8	6.981	0	0	0	0.833	0.417	0	0	0	0.833	0.417	0	0	0	0.667	0.381	0	0	0	0	0.2	0.25	0	0.4	0.2	0.4	0.25	0.2	0.556	0.736
0	0	2.714	0	0	0	0	5.333	0	0.874	0	0	2.676	0	0	0	0	0.2	0	0	0	0	0.2	0	0	0	0	0	0	0	0	0.2	0.5	0.25	0.2	0	0.2	0	0	0	0.415	0.553
3.607	9.535	1.811	7.428	1.843	10.882	18.48	9.58	16.11	9.662	6.2	10.847	6.031	9.702	6.005	0.545	0.353	0.622	0.4	0.622	0.545	0.353	0.622	0.4	0.622	0.4	0.333	0.267	0.306	0.133	0	0	0	0	0	0	0	0.2	0	0.2	0.717	0.436
0	0	0	0	1.884	0	0	0.866	0.874	3.7	0	0	0.866	0	1.816	0	0	0	0	0.167	0	0	0	0	0.167	0	0	0	0	0	0.2	0.571	0.556	0.2	0	0.2	0.714	0.222	0	0	0	0.717
1.883	11.776	0	0.884	6.619	5.037	16.488	0	4.546	9.901	4.166	8.09	0	4.546	5.213	0.8	0.3	0	0.7	0.422	0.8	0.3	0	0.7	0.422	0.833	0.381	0	0.6	0.4	0	0	0.333	0	0	0	0	0.667	0.2	0	0.556	0.574
0	0	0	0	4.696	0	0	0	0	4.696	0	0	0	0	0.911	0	0	0	0	0.4	0	0	0	0	0.4	0	0	0	0	0	0.2	0.2	0	0.143	0	0.2	0.4	0	0.286	0	0	0.694
3.673	0	2.907	0	1.97	8.506	0	7.73	0	8.026	3.819	0	4.807	0	8.026	0.786	0	0.714	0	0.81	0.786	0	0.714	0	0.81	0.333	0	0.667	0	0.476	0	0	0	0	0	0	0	0	0	0	0.893	0.299
1.884	0	0	0	0	3.7	0.866	0	0	0	1.816	0.866	0	0	0	0.167	0	0	0	0	0.167	0	0	0	0	0	0	0	0	0	0	0.556	0	0.2	0	0	0.222	0	0.2	0.2	0.296	0.609
0	0	0	6.619	-1	0	0	0	9.901	-1	0	0	0	5.213	-1	0	0	0	0.422	-1	0	0	0	0.422	-1	0	0	0	0.4	-1	0	0	0	0	-1	0	0	0.6	0	-1	0.896	0.644
2.692	0	0	0	0	4.564	0	0	0	0	3.647	0	0	0	0	0.4	0	0	0	0	0.4	0	0	0	0	0.167	0	0	0	0	0	0.4	0.2	0.2	0.4	0	0.2	0	0	0	0.3	0.385
0	2.714	0	0	0	0.874	5.333	0	0	0	0	2.676	0	0	0	0	0.2	0	0	0	0	0.2	0	0	0	0	0	0	0	0	0.2	0.5	0.571	0	0.2	0	0	0.714	0	0.2	0.298	0.678
0	0	0.882	0.892	0	0	0	2.624	0.892	0	0	0	0	0	0	0	0	0	0	0	0	0	0	0	0	0	0	0	0	0	0	0	0	0.222	0.25	0	0	0	0	0	0.899	0.520
2.862	2.949	3.878	4.819	2.915	12.164	12.381	13.226	13.632	12.303	10.216	6.13	12.239	8.558	10.409	0.582	0.582	0.545	0.576	0.618	0.582	0.582	0.545	0.576	0.618	0.528	0.6	0.364	0.429	0.472	0	0	0	0.2	0	0	0	0	0	0	0.718	0.224
4.793	0	0	0	0	6.552	0	0	0	0	1.893	0	0	0	0	0.524	0	0	0	0	0.524	0	0	0	0	0	0	0	0	0	0.125	0.125	0	0.4	0.2	0	0.125	0	0.2	0	0.415	0.454
0	0	0	0	0	0	0	0	0	0	0	0	0	0	0	0	0	0	0	0	0	0	0	0	0	0	0	0	0	0	0	0	0	0	0	0	0	0	0.4	0	0.716	0.910
0	0	0	14.19	0	0	2.909	3.882	19.234	3.745	0	2.909	3.882	6.12	3.745	0	0.667	0.5	0.211	0.5	0	0.667	0.5	0.211	0.5	0	0.667	0.167	0.133	0.167	0	0	0	0	0.2	0.333	0	0	0.286	0	0	0.657
1.811	3.607	1.843	9.535	0.914	9.58	10.882	9.662	18.48	8.668	6.031	6.2	6.005	10.847	7.754	0.622	0.545	0.622	0.353	0.75	0.622	0.545	0.622	0.353	0.75	0.267	0.4	0.133	0.333	0.25	0	0	0	0	0	0.2	0	0.2	0	0	0.898	0.490
0.936	1.907	0	0	0.884	5.17	9.483	1.847	0.907	4.546	5.17	9.483	1.847	0.907	4.546	0.6	0.528	1	0	0.7	0.6	0.528	1	0	0.7	0.5	0.389	1	0	0.6	0	0.25	0.2	0.333	0	0.2	0.25	0.4	0.667	0.2	0.717	0.678
4.692	0.86	0	0.915	0	5.564	0.86	0	0.915	0	0.947	0.86	0	0.915	0	0.533	0	0	0	0	0.533	0	0	0	0	0	0	0	0	0	0.25	0	0	0	0.4	0	0	0	0	0.2	0.718	0.457
0	0	0	0	0	0	0	0.985	0	0	0	0	0.985	0	0	0	0	0	0	0	0	0	0	0	0	0	0	0	0	0	0.333	0.4	0.375	0.2	0.2	0.111	0	0.625	0	0.2	0	0.772
1.753	0	0	0	0	2.686	0	0	0	0	0.933	0	0	0	0	0.667	0	0	0	0	0.667	0	0	0	0	0	0	0	0	0	0.2	0.5	0	0	0	0	0.125	0	0	0	0.419	0.435
2.693	2.853	15.893	0.872	14.19	7.545	8.852	22.915	5.656	19.234	3.984	5.033	8.056	3.837	6.12	0.714	0.778	0.188	0.8	0.211	0.714	0.778	0.188	0.8	0.211	0.333	0.3	0.143	0.167	0.133	0	0	0	0	0	0.2	0	0	0	0.286	0.419	0.435
0	0	0	0	0	3.882	0	3.745	2.909	0	3.882	0	3.745	2.909	0	0.5	0	0.5	0.667	0	0.5	0	0.5	0.667	0	0.167	0	0.167	0.667	0	0	0	0.2	0	0.333	0	0.333	0	0	1	0.198	0.401
0	0	0	7.602	0	0	0	0	9.443	0	0	0	0	5.57	0	0	0	0	0.333	0	0	0	0	0.333	0	0	0	0	0	0	0	0	0	0.333	0	0	0.8	0	0.333	0.4	0	0.827
0	0	0	0.882	2.714	0	0	0	2.624	5.333	0	0	0	0	2.676	0	0	0	0	0.2	0	0	0	0	0.2	0	0	0	0	0	0.2	0.25	0	0	0.5	0.2	0	0	0	0	0	0.635
0	0	0	0	0	0	0	0.907	0	0	0	0	0.907	0	0	0	0	0	0	0	0	0	0	0	0	0	0	0	0	0	0	0	0.571	0	0.25	0.333	0	0.429	0	0.25	0.714	0.727
0	0	3.673	0	2.907	0	0	8.506	0	7.73	0	0	3.819	0	4.807	0	0	0.786	0	0.714	0	0	0.786	0	0.714	0	0	0.333	0	0.667	0	0	0	0	0	0	0	0	0	0	0.898	0.428
2.764	1.97	4.819	2.907	2.949	9.798	8.026	13.632	7.73	12.381	9.798	8.026	8.558	4.807	6.13	0.694	0.81	0.576	0.714	0.582	0.694	0.81	0.576	0.714	0.582	0.389	0.476	0.429	0.667	0.6	0	0	0.2	0	0	0	0	0	0	0	0.556	0.338
0	0	0	0	7.602	0	3.745	0	3.882	9.443	0	3.745	0	3.882	5.57	0	0.5	0	0.5	0.333	0	0.5	0	0.5	0.333	0	0.167	0	0.167	0	0.333	0.2	0	0	0.333	1	0	0	0	0.333	0	0.836
0	0	0	0	0	0	0	0	0	0	0	0	0	0	0	0	0	0	0	0	0	0	0	0	0	0	0	0	0	0	0	0	0	0	0	0	0	0	0	0.333	0	0.782
0	0	0	0	0	0	0	0	0	0	0	0	0	0	0	0	0	0	0	0	0	0	0	0	0	0	0	0	0	0	0	0	0	0	0	0	0	0	0	0	0.9	0.637
1.838	2.915	5.695	3.878	5.611	11.133	12.303	14.91	13.226	14.437	6.962	10.409	9.093	12.239	8.787	0.622	0.618	0.495	0.545	0.451	0.622	0.618	0.495	0.545	0.451	0.667	0.472	0.536	0.364	0.464	0	0	0	0	0	0	0	0	0	0	0.899	0.163
0	0	1.884	0	0	0.866	0	3.7	0	0	0.866	0	1.816	0	0	0	0	0.167	0	0	0	0	0.167	0	0	0	0	0	0	0	0.556	0.2	0	0.571	0	0.222	0.2	0	0.714	0	0.116	0.763
9.535	7.428	3.607	5.611	1.811	18.48	16.11	10.882	14.437	9.58	10.847	9.702	6.2	8.787	6.031	0.353	0.4	0.545	0.451	0.622	0.353	0.4	0.545	0.451	0.622	0.333	0.306	0.4	0.464	0.267	0	0	0	0	0	0	0	0	0	0.2	0.893	0.265
0	0	0	0	0	0	0	0	0	0	0	0	0	0	0	0	0	0	0	0	0	0	0	0	0	0	0	0	0	0	0.2	0.143	0.2	0.6	0	0.4	0.286	0.2	0.2	0	0.298	0.653
0	0	2.815	0	0.892	0	0	3.748	0	0.892	0	0	0.933	0	0	0	0	0.667	0	0	0	0	0.667	0	0	0	0	0	0	0	0	0	0.333	0	0.222	0	0	0	0	0	0.717	0.305
0	0	0	0	0	0	0	0	0	0	0	0	0	0	0	0	0	0	0	0	0	0	0	0	0	0	0	0	0	0	0	0	0.444	0	0.2	0.4	0	0.111	0	0	0.42	0.782
5.753	0	0	0	0	5.753	0	0	0	0	3.896	0	0	0	0	0.6	0	0	0	0	0.6	0	0	0	0	0.167	0	0	0	0	0	0	0.25	0.2	0	0.111	0.2	1	0.2	0	0.299	0.539
0	4.793	0	0	0	0	6.552	0	0	0	0	1.893	0	0	0	0	0.524	0	0	0	0	0.524	0	0	0	0	0	0	0	0	0	0.125	0.2	0.125	0.4	0	0	0	0.125	0.2	0.42	0.601
0	3.658	2.875	0	7.971	0	8.802	6.848	0.944	14.207	0	6.981	5.045	0.944	9.377	0	0.417	0.619	0	0.242	0	0.417	0.619	0	0.242	0	0.381	0.6	0	0.25	0	0.2	0	0	0.125	0.2	0.4	0.6	0.4	0.375	0	0.791
0	4.696	0	0	0	0	4.696	0	0	0	0	0.911	0	0	0	0	0.4	0	0	0	0	0.4	0	0	0	0	0	0	0	0	0.429	0	0	0	0.5	0.286	0	0	0	0.125	0.299	0.836
1.97	2.907	2.764	3.673	4.819	8.026	7.73	9.798	8.506	13.632	8.026	4.807	9.798	3.819	8.558	0.81	0.714	0.694	0.786	0.576	0.81	0.714	0.694	0.786	0.576	0.476	0.667	0.389	0.333	0.429	0	0	0	0	0.2	0	0	0	0	0	0.556	0.345
1.843	1.811	0.914	3.607	0.872	9.662	9.58	8.668	10.882	5.656	6.005	6.031	7.754	6.2	3.837	0.622	0.622	0.75	0.545	0.8	0.622	0.622	0.75	0.545	0.8	0.133	0.267	0.25	0.4	0.167	0	0	0	0	0	0.2	0.2	0	0	0	0.556	0.432
0	0	0	0	0.925	0.907	0	0	0	3.725	0.907	0	0	0	2.8	0	0	0	0	0.833	0	0	0	0	0.833	0	0	0	0	0.667	0.571	0	0.25	0	0	0.429	0.333	0.25	0	0.2	0.557	0.709
0	0	0	0	0	0	0	0	0	0	0	0	0	0	0	0	0	0	0	0	0	0	0	0	0	0	0	0	0	0	0	0	0	0	0	0	0	0	0	0	0.898	0.712
2.842	7.971	0	2.875	1.907	7.122	14.207	0.907	6.848	9.483	5.339	9.377	0.907	5.045	9.483	0.524	0.242	0	0.619	0.528	0.524	0.242	0	0.619	0.528	0.7	0.25	0	0.6	0.389	0.286	0.125	0.333	0	0.25	0.429	0.375	0.667	0.6	0.25	0.716	0.669
0	0	0	0	3.673	0	0	0	0	8.506	0	0	0	0	3.819	0	0	0	0	0.786	0	0	0	0	0.786	0	0	0	0	0.333	0	0	0	0	0	0	0	0	0	0	0.898	0.413
0	14.19	0	15.893	0	2.909	19.234	0	22.915	3.882	2.909	6.12	0	8.056	3.882	0.667	0.211	0	0.188	0.5	0.667	0.211	0	0.188	0.5	0.667	0.133	0	0.143	0.167	0	0	0	0	0	0	0.286	0.333	0	0	0.415	0.527
0	0	0	1.753	2.815	0	0	0	2.686	3.748	0	0	0	0.933	0.933	0	0	0	0.667	0.667	0	0	0	0.667	0.667	0	0	0	0	0	0	0	0	0.2	0.333	0	0	0	0	0	0	0.530
0	1.884	0	0	0	0	3.7	0	0.866	0.931	0	1.816	0	0.866	0.931	0	0.167	0	0	0	0	0.167	0	0	0	0	0	0	0	0	0	0	0	0.556	0.4	0	0	0.2	0.222	0.8	0	0.733
0	4.692	0	0.86	0	0	5.564	0	0.86	0	0	0.947	0	0.86	0	0	0.533	0	0	0	0	0.533	0	0	0	0	0	0	0	0	0	0.25	0.4	0	0.125	0	0	0.2	0	0.125	0.714	0.662
4.696	0	0	0	0	4.696	0	0	0	0	0.911	0	0	0	0	0.4	0	0	0	0	0.4	0	0	0	0	0	0	0	0	0	0	0	0.429	0.2	0	0	0	0.286	0.2	0	0.56	0.224
7.428	5.611	9.535	5.695	3.607	16.11	14.437	18.48	14.91	10.882	9.702	8.787	10.847	9.093	6.2	0.4	0.451	0.353	0.495	0.545	0.4	0.451	0.353	0.495	0.545	0.306	0.464	0.333	0.536	0.4	0	0	0	0	0	0	0	0	0	0	0.896	0.212
0	0	0	0	0	0	0	0	0	0	0	0	0	0	0	0	0	0	0	0	0	0	0	0	0	0	0	0	0	0	0.143	0.6	0.2	0	0.2	0.286	0.2	0.4	0	0.2	0.418	0.746
0	0	0	-1	0	0	0	0	-1	0	0	0	0	-1	0	0	0	0	-1	0	0	0	0	-1	0	0	0	0	-1	0	0	0	0	-1	0	0	0.4	0	-1	0	0.897	0.921
0	0	0.925	0	0	0	0.907	3.725	0	0.944	0	0.907	2.8	0	0.944	0	0	0.833	0	0	0	0	0.833	0	0	0	0	0.667	0	0	0.25	0.571	0	0	0	0.25	0.429	0.2	0.333	0.4	0	0.753
0	0	0	0	0	0.931	0	0	0	0	0.931	0	0	0	0	0	0	0	0	0	0	0	0	0	0	0	0	0	0	0	0.4	0	0	0	0	0.8	0.2	0	0	0	0.298	0.625
0	0	0	2.692	0	0	0	0	4.564	0.985	0	0	0	3.647	0.985	0	0	0	0.4	0	0	0	0	0.4	0	0	0	0	0.167	0	0.4	0.2	0.333	0	0.375	0	0	0.111	0	0.625	0	0.709
0	0	0.915	0	0.86	0	0	0.915	0	0.86	0	0	0.915	0	0.86	0	0	0	0	0	0	0	0	0	0	0	0	0	0	0	0.6	0.2	0	0.444	0	0.4	0	0	0.111	0	0.196	0.743
0	0	0	0	0	0	0	0	0.931	0	0	0	0	0.931	0	0	0	0	0	0	0	0	0	0	0	0	0	0	0	0	0	0	0	0.4	0	0	0	0	0.8	0	0	0.532
0	0	5.753	0	0	0	0	5.753	0.985	0	0	0	3.896	0.985	0	0	0	0.6	0	0	0	0	0.6	0	0	0	0	0.167	0	0	0	0.2	0	0.375	0.25	0.2	0.2	0.111	0.625	1	0	0.648
0.892	2.815	0	0	0	0.892	3.748	0	0	0	0	0.933	0	0	0	0	0.667	0	0	0	0	0.667	0	0	0	0	0	0	0	0	0.222	0.333	0	0	0	0	0	0	0	0	0.299	0.504
0	0	0	0	0.915	0	0	0	0	0.915	0	0	0	0	0.915	0	0	0	0	0	0	0	0	0	0	0	0	0	0	0	0.2	0.444	0.6	0	0	0	0.111	0.4	0.4	0	0.197	0.770
0	0	0	0	0	0	0	0	0	0	0	0	0	0	0	0	0	0	0	0	0	0	0	0	0	0	0	0	0	0	0	0	0	0	0	0	0	0	0	0	0.896	0.474
0	1.883	6.619	11.776	0	0	5.037	9.901	16.488	0	0	4.166	5.213	8.09	0	0	0.8	0.422	0.3	0	0	0.8	0.422	0.3	0	0	0.833	0.4	0.381	0	0.333	0	0	0	0	0.667	0	0	0	0	0.198	0.611
0	0	0	0	0	0	0	0	0	0	0	0	0	0	0	0	0	0	0	0	0	0	0	0	0	0	0	0	0	0	0.444	0	0.2	0	0.6	0.111	0.4	0	0	0.4	0.556	0.680
0	5.753	0	0	0	0	5.753	0	0	0	0	3.896	0	0	0	0	0.6	0	0	0	0	0.6	0	0	0	0	0.167	0	0	0	0.25	0	0	0	0.6	1	0.111	0	0.2	0.2	0.294	0.868
2.714	0	0	0	0	5.333	0	0.874	0	0	2.676	0	0	0	0	0.2	0	0	0	0	0.2	0	0	0	0	0	0	0	0	0	0.5	0	0.2	0.2	0.571	0	0	0	0.2	0.714	0.3	0.601
15.893	2.693	14.19	2.853	0	22.915	7.545	19.234	8.852	2.909	8.056	3.984	6.12	5.033	2.909	0.188	0.714	0.211	0.778	0.667	0.188	0.714	0.211	0.778	0.667	0.143	0.333	0.133	0.3	0.667	0	0	0	0	0	0	0.2	0.286	0	0	0.717	0.306
