0	0	0	0	0	0	0	0	0	0	0	0	0	0	0	0	0	0	0	0	0	0	0	0	0	0	0	0	0	0	0	0	0	0	0	0	0	0.5	0	0	0.554	0.290
1.986	1.717	0	0.951	1.829	1.986	1.717	0	2.077	1.829	0	0	0	0	0	1	1	0	1	1	1	1	0	1	1	0	0	0	0	0	0.4	0.2	0.4	0.667	0.2	0	0.2	0.2	1	0.8	0	0.422
7.339	11.291	0	0.899	13.123	13.2	17.678	1.031	6.145	22.114	0	0	0	0	0	0.577	0.375	0	0.8	0.362	0.577	0.375	0	0.8	0.362	0	0	0	0	0	0	0.222	0	0.889	0.25	0	0	0	0.111	0	0.195	0.337
0	0	0	0	0.867	0	0	0	0	0.867	0	0	0	0	0	0	0	0	0	0	0	0	0	0	0	0	0	0	0	0	0	0	0.25	0	0	0.25	0	0	0	0	0.294	0.665
0	0	-1	0	-1	0	0	-1	0	-1	0	0	-1	0	-1	0	0	-1	0	-1	0	0	-1	0	-1	0	0	-1	0	-1	0	0	-1	0	-1	0	0	-1	0	-1	0.898	1.000
0	0.912	0	0	0	1.063	5.41	3.74	5.677	1.791	1.063	4.498	3.74	5.677	1.791	0	0.2	0.333	0.1	0	0	0.2	0.333	0.1	0	0	0.167	0.333	0.1	0	0	0	0	0	0	0	0	0	0	0	0.56	0.208
9.653	0	1.055	0	3.727	11.87	0	1.055	0	6.773	0	0	0	0	0	0.273	0	0	0	0.333	0.273	0	0	0	0.333	0	0	0	0	0	0.4	0.286	0.571	0.8	0.4	0	0.857	1	0.4	0.2	0	0.242
0	0	0	0	0	0	0	0	0	0	0	0	0	0	0	0	0	0	0	0	0	0	0	0	0	0	0	0	0	0	0	0	0	0	0	0	0	0	0.5	0	0.117	0.367
3.973	0.997	4.64	1.755	0	8.179	3.954	7.446	5.529	1.003	0	0	0	0	0	0.571	0.833	0.571	0.8	0	0.571	0.833	0.571	0.8	0	0	0	0	0	0	0	0	0	0	0	0	0	0	0	0	0.059	0.298
13.437	12.61	0	0.835	0	18.51	16.785	0.958	1.899	0	0	0	0	0	0	0.34	0.368	0	1	0	0.34	0.368	0	1	0	0	0	0	0	0	0.5	0.2	0	0	0	0.25	0	0	0	0	0	0.446
0	0.874	1.708	1.08	0	0	3.214	3.5	2.026	2.009	0	0	0	0	0	0	0.667	0.667	1	0	0	0.667	0.667	1	0	0	0	0	0	0	0	0	0.4	0	0.5	0	0	0.2	0	1	0.554	0.249
12.61	0.835	13.437	2.162	0	16.785	1.899	18.51	7.563	0.958	0	0	0	0	0	0.368	1	0.34	0.536	0	0.368	1	0.34	0.536	0	0	0	0	0	0	0.2	0	0.5	0	0	0	0	0.25	0	0	0	0.200
0	0	0	0	1.865	0	0	0	0	4.305	0	0	0	0	0	0	0	0	0	0.333	0	0	0	0	0.333	0	0	0	0	0	0.6	0	0	0	0.875	0.8	0	0	0	0.875	0	0.502
0	0.867	0	0	2.36	0	0.867	0	0.973	2.36	0	0	0	0	0	0	0	0	0	0	0	0	0	0	0	0	0	0	0	0	0	0.4	0	0	0	0	0	0	0	0	0	0.506
0	0.958	0	0	0	0.837	0.958	0.868	0	0	0	0	0	0	0	0	0	0	0	0	0	0	0	0	0	0	0	0	0	0	0	0	0	0.333	0	0	0	0	0.667	0	0.716	0.215
2.906	0	4.803	8.176	0	8.766	2.614	10.808	13.845	7.28	8.766	2.614	10.808	10.247	7.28	0.472	0.333	0.327	0.22	0.393	0.444	0.333	0.309	0.22	0.393	0.472	0.333	0.327	0.378	0.393	0.25	0	0	0	0	0	0	0	0	0	0	0.272
0	0	15.462	6.033	2.356	0	0	19.491	8.131	3.456	0	0	0	0	0	0	0	0.147	0.429	0.667	0	0	0.147	0.429	0.667	0	0	0	0	0	0.111	0	0.25	0	0	0	0	0	0	0	0.299	0.432
0	0	0	0	0	0	0	0	0	0	0	0	0	0	0	0	0	0	0	0	0	0	0	0	0	0	0	0	0	0	0.333	0	0	0	0	0	0	0	0	0	0.56	0.518
14.742	0	0	3.764	3.261	20.841	0.892	0.851	7.688	6.99	0	0	0	0	0	0.226	0	0	0.571	0.667	0.226	0	0	0.571	0.667	0	0	0	0	0	0.4	0	1	0.5	0	0	0	1	0	0	0.292	0.268
0.899	2.782	11.291	1.803	7.339	6.145	7.876	17.678	6.611	13.2	0	0	0	0	0	0.8	0.857	0.375	0.81	0.577	0.8	0.857	0.375	0.81	0.577	0	0	0	0	0	0.889	0	0.222	0	0	0.111	0	0	0	0	0.298	0.734
0	1.811	3.916	5.702	2.88	8.41	9.296	10.468	13.116	10.429	8.41	9.296	11.426	13.116	9.508	0.679	0.639	0.527	0.487	0.578	0.679	0.639	0.6	0.487	0.578	0.607	0.583	0.509	0.449	0.611	0	0	0	0	0	0	0	0	0	0	0.419	0.212
0	0	0	7.946	0	0.989	0	0	11.56	2.365	0	0	0	0	0	0	0	0	0.258	1	0	0	0	0.258	1	0	0	0	0	0	0	0.2	0.667	0.2	0	0	0	1	0.6	0.4	0.419	0.292
0.958	0	0	0	0	0.958	0	0.837	0	0.868	0	0	0	0	0	0	0	0	0	0	0	0	0	0	0	0	0	0	0	0	0	0.333	0	0.75	0	0	0.667	0	0	0	0.898	0.302
0	1.199	0.926	3.719	7.899	0.857	1.199	0.926	5.423	8.756	0	0	0	0	0	0	0	0	0.667	0.556	0	0	0	0.667	0.556	0	0	0	0	0	0.143	0	0.75	0.2	0	0	0	0.25	0.2	0	0.418	0.168
1.811	5.702	0	3.709	3.916	9.296	13.116	8.41	10.825	10.468	9.296	13.116	8.41	10.825	11.426	0.639	0.487	0.679	0.473	0.527	0.639	0.487	0.679	0.473	0.6	0.583	0.449	0.607	0.455	0.509	0	0	0	0	0	0	0	0	0	0	0.556	0.146
0	6.025	0.965	0	0	1.113	9.322	4.761	0	0	0	0	0	0	0	0	0.472	0.4	0	0	0	0.472	0.4	0	0	0	0	0	0	0	0.4	0	0	0	1	0.2	0	0	0	0.429	0	0.490
0	0	0	1.82	0	0	0	0	2.842	0	0	0	0	2.842	0	0	0	0	0.333	0	0	0	0	0.333	0	0	0	0	0.333	0	0	0	0	0	0	0	0	0	0.2	0.5	0.296	0.344
5.702	3.709	1.811	5.114	0	13.116	10.825	9.296	13.699	8.41	13.116	10.825	9.296	12.764	8.41	0.487	0.473	0.639	0.449	0.679	0.487	0.473	0.639	0.449	0.679	0.449	0.455	0.583	0.455	0.607	0	0	0	0	0	0	0	0	0	0	0.419	0.132
7.899	0.926	0.839	0	0	8.756	0.926	2.543	0.857	0	0	0	0	0	0	0.556	0	0	0	0	0.556	0	0	0	0	0	0	0	0	0	0	0.75	0	0.143	0.75	0	0.25	0	0	0	0.556	0.198
4.64	3.973	0	0.997	3.719	7.446	8.179	1.003	3.954	5.423	0	0	0	0	0	0.571	0.571	0	0.833	0.667	0.571	0.571	0	0.833	0.667	0	0	0	0	0	0	0	0	0	0.2	0	0	0	0	0.2	0.558	0.161
3.495	0	0	6.536	0	6.243	0	0	7.882	0	2.737	0	0	0	0	0.143	0	0	0.524	0	0.143	0	0	0.524	0	0.333	0	0	0	0	0.2	1	0	0.667	0	1	0.333	0	0	0.2	0.298	0.466
0	0.867	0	0	23.372	0	0.867	0	0	23.372	0	0	0	0	0	0	0	0	0	0.142	0	0	0	0	0.142	0	0	0	0	0	0	0	0.4	0.25	0	0	0	0.2	0	0	0	0.462
1.055	9.653	3.727	0	0	1.055	11.87	6.773	0	0	0	0	0	0	0	0	0.273	0.333	0	0	0	0.273	0.333	0	0	0	0	0	0	0	0.571	0.4	0.4	0.286	0	1	0	0.2	0.857	0	0	0.751
0	0	0	0	0	0	0	0	0	0	0	0	0	0	0	0	0	0	0	0	0	0	0	0	0	0	0	0	0	0	0	0	0	0	0	0	0	0	0	0	0.556	0.998
0.863	1.724	0.969	1.901	0.947	2.852	2.869	0.969	2.847	0.947	0	0	0	0	0	0.333	0.333	0	1	0	0.333	0.333	0	1	0	0	0	0	0	0	0	0	0	1	0	0.375	0	0.2	0.25	0	0.715	0.336
0	0	0	0	0	0	0	0	0	0	0	0	0	0	0	0	0	0	0	0	0	0	0	0	0	0	0	0	0	0	0	0	0	0	0	0	0.5	0	0	0	0	0.431
0	1.09	0	0.926	0.867	0	1.09	0.973	1.899	0.867	0	0	0	0	0	0	0	0	0	0	0	0	0	0	0	0	0	0	0	0	0	0.25	0	0	0.4	0	0	0	0.333	0	0.298	0.175
3.916	0	2.88	1.811	1.899	10.468	8.41	10.429	9.296	7.903	11.426	8.41	9.508	9.296	6.967	0.527	0.679	0.578	0.639	0.607	0.6	0.679	0.578	0.639	0.607	0.509	0.607	0.611	0.583	0.571	0	0	0	0	0	0	0	0	0	0	0	0.489
0	3.727	6.025	1.055	0	0	6.773	9.322	1.055	1.113	0	0	0	0	0	0	0.333	0.472	0	0	0	0.333	0.472	0	0	0	0	0	0	0	0	0.4	0	0.571	0.4	0	0.2	0	1	0.2	0.418	0.293
0	1.901	0	2.109	0	0	4.024	0	2.96	0	0	0	0	0	0	0	0.667	0	1	0	0	0.667	0	1	0	0	0	0	0	0	0	0.4	0.8	0	0.286	0	0	0.4	0.75	0.857	0	0.386
0.874	1.08	0	4.813	1.708	3.214	2.026	0	4.813	3.5	0	0	0	0	0	0.667	1	0	0.7	0.667	0.667	1	0	0.7	0.667	0	0	0	0	0	0	0	0	0.25	0.4	0	0	0	0.5	0.2	0.558	0.335
0	14.742	3.261	0	0	0.851	20.841	6.99	0.892	0.842	0	0	0	0	0	0	0.226	0.667	0	0	0	0.226	0.667	0	0	0	0	0	0	0	1	0.4	0	0	0	1	0	0	0	0	0	0.656
0	0	0	0	0	0	0	0	0	0	0	0	0	0	0	0	0	0	0	0	0	0	0	0	0	0	0	0	0	0	0	0	0	0	0.25	0	0	0.25	0	0	0.298	0.561
0	-1	0	-1	0	0	-1	0	-1	0	0	-1	0	-1	0	0	-1	0	-1	0	0	-1	0	-1	0	0	-1	0	-1	0	0	-1	0	-1	0	0	-1	0	-1	0	0.899	0.831
0	0	0.942	0	0	0	0	0.942	0.925	0	0	0	0	0	0	0	0	0	0	0	0	0	0	0	0	0	0	0	0	0	0	1	0.333	1	1	0	1	0.333	0.75	1	0	0.659
0	6.536	3.495	1.838	0	0	7.882	6.243	3.57	0	0	0	2.737	0	0	0	0.524	0.143	0.667	0	0	0.524	0.143	0.667	0	0	0	0.333	0	0	1	0.667	0.2	0	0	0.333	0	1	0	0	0.893	0.801
0.896	0	1.803	5.349	2.782	7.448	0	6.611	13.381	7.876	0	0	0	0	0	0.81	0	0.81	0.667	0.857	0.81	0	0.81	0.667	0.857	0	0	0	0	0	0.75	1	0	0.2	0	0	0.875	0	0.2	0	0.296	0.595
0.965	0	0	6.025	1.055	4.761	1.113	0	9.322	3.189	0	0	0	0	0	0.4	0	0	0.472	0.333	0.4	0	0	0.472	0.333	0	0	0	0	0	0	0.4	1	0	1	0	0.2	0.429	0	1	0.296	0.300
0	0	2.36	0.867	0	0	0	2.36	0.867	0	0	0	0	0	0	0	0	0	0	0	0	0	0	0	0	0	0	0	0	0	0	0	0	0.4	0	0	0	0	0	0	0.556	0.236
0.926	0	7.899	1.199	0.839	0.926	0.857	8.756	1.199	2.543	0	0	0	0	0	0	0	0.556	0	0	0	0	0.556	0	0	0	0	0	0	0	0.75	0.143	0	0	0	0.25	0	0	0	0	0.294	0.727
2.782	1.803	0.899	0.896	11.291	7.876	6.611	6.145	7.448	17.678	0	0	0	0	0	0.857	0.81	0.8	0.81	0.375	0.857	0.81	0.8	0.81	0.375	0	0	0	0	0	0	0	0.889	0.75	0.222	0	0	0.111	0	0	0.718	0.275
0	0	0	0	-1	0	0	0	0	-1	0	0	0	0	-1	0	0	0	0	-1	0	0	0	0	-1	0	0	0	0	-1	0	0	0	0	-1	0	0	0	0	-1	0.117	1.000
0.839	7.899	0	0.926	0	2.543	8.756	0	0.926	0	0	0	0	0	0	0	0.556	0	0	0	0	0.556	0	0	0	0	0	0	0	0	0	0	0.75	0.75	0.333	0	0	0	0.25	0.667	0.118	0.199
1.829	0	6.468	1.986	0	1.829	0	8.546	1.986	0	0	0	0	0	0	1	0	0.464	1	0	1	0	0.464	1	0	0	0	0	0	0	0.2	0.4	0.4	0.4	0	0.8	0.2	0.6	0	0	0	0.381
2.36	0	0	0	0	2.36	0	0	0	0	0	0	0	0	0	0	0	0	0	0	0	0	0	0	0	0	0	0	0	0	0	0	0	0	0	0	0	0	0	0	0.297	0.167
3.709	5.114	5.702	1.854	1.811	10.825	13.699	13.116	7.286	9.296	10.825	12.764	13.116	6.365	9.296	0.473	0.449	0.487	0.536	0.639	0.473	0.449	0.487	0.536	0.639	0.455	0.455	0.449	0.524	0.583	0	0	0	0	0	0	0	0	0	0	0.559	0.413
0.926	0	1.09	0	0	1.899	0	1.09	0	0	0	0	0	0	0	0	0	0	0	0	0	0	0	0	0	0	0	0	0	0	0	0	0.25	0.2	0	0.333	0	0	1	0	0.417	0.350
1.781	4.798	1.82	4.195	0	4.551	9.991	2.842	9.317	0	3.637	9.991	2.842	9.317	0	0.5	0.556	0.333	0.556	0	0.5	0.556	0.333	0.556	0	0.667	0.533	0.333	0.556	0	0	0	0	0	0	0	0	0.2	0	0	0.714	0.347
0	0	0.867	1.09	0	0.973	0	0.867	1.09	0	0	0	0	0	0	0	0	0	0	0	0	0	0	0	0	0	0	0	0	0	0	0	0.4	0.25	0	0	0	0	0	0	0.419	0.285
0	8.176	2.906	0.958	4.803	2.614	13.845	8.766	2.747	10.808	2.614	10.247	8.766	3.705	10.808	0.333	0.22	0.472	0.5	0.327	0.333	0.22	0.444	0.333	0.309	0.333	0.378	0.472	0.5	0.327	0	0	0.25	0	0	0	0	0	0	0	0.419	0.173
0	0	23.372	0.867	4.644	0	0	23.372	0.867	5.569	0	0	0	0	0	0	0	0.142	0	0.267	0	0	0.142	0	0.267	0	0	0	0	0	0.4	0	0	0	0.6	0.2	0	0	0	0.4	0	0.581
6.033	0.883	0	0	0	8.131	0.883	0	0	0	0	0	0	0	0	0.429	0	0	0	0	0.429	0	0	0	0	0	0	0	0	0	0	0.25	0	1	0.111	0	0	0	1	0	0	0.262
3.261	0	0	14.742	0.994	6.99	0.851	0.842	20.841	3.866	0	0	0	0	0	0.667	0	0	0.226	0.5	0.667	0	0	0.226	0.5	0	0	0	0	0	0	1	0	0.4	0.2	0	1	0	0	0	0	0.374
0	0	0	1.901	9.653	0	0	0	4.024	11.87	0	0	0	0	0	0	0	0	0.667	0.273	0	0	0	0.667	0.273	0	0	0	0	0	0.8	0	0.286	0.4	0.4	0.4	0	0.857	0	0	0	0.737
0.867	0	0	0	0	0.867	0	0	0	0	0	0	0	0	0	0	0	0	0	0	0	0	0	0	0	0	0	0	0	0	0	0.25	0	0	0.4	0	0	0	0.25	0.2	0	0.602
0	0.914	0	1.09	0	0	2.047	0	2.124	0	0	0	0	0	0	0	1	0	0	0	0	1	0	0	0	0	0	0	0	0	0	0	0	0	0	0	0	0	0	0	0.554	0.235
0	4.64	3.719	3.973	1.199	1.003	7.446	5.423	8.179	1.199	0	0	0	0	0	0	0.571	0.667	0.571	0	0	0.571	0.667	0.571	0	0	0	0	0	0	0	0	0.2	0	0	0	0	0.2	0	0	0.298	0.164
0	0	0	0	1.838	0	0.989	2.365	0	3.57	0	0	0	0	0	0	0	1	0	0.667	0	0	1	0	0.667	0	0	0	0	0	0.667	0	0	0.2	0	1	0	0.4	0	0	0.893	0.823
2.88	3.916	1.899	0	4.195	10.429	10.468	7.903	8.41	9.317	9.508	11.426	6.967	8.41	9.317	0.578	0.527	0.607	0.679	0.556	0.578	0.6	0.607	0.679	0.556	0.611	0.509	0.571	0.607	0.556	0	0	0	0	0	0	0	0	0	0	0	0.440
1.82	1.781	0	4.798	0	2.842	4.551	0	9.991	0	2.842	3.637	0	9.991	0	0.333	0.5	0	0.556	0	0.333	0.5	0	0.556	0	0.333	0.667	0	0.533	0	0	0	0	0	0	0.2	0	0	0	0	0.059	0.333
13.123	0	0	7.339	2.162	22.114	1.031	0	13.2	7.563	0	0	0	0	0	0.362	0	0	0.577	0.536	0.362	0	0	0.577	0.536	0	0	0	0	0	0.25	0	0.778	0	0	0	0	0.667	0	0	0	0.232
0	0	0	0	0	0	0	0	0	0	0	0	0	0	0	0	0	0	0	0	0	0	0	0	0	0	0	0	0	0	0	0	0	0	0	0	0	0	0	0	0.898	0.999
3.764	1.055	0	0	14.742	7.688	3.189	0.892	0	20.841	0	0	0	0	0	0.571	0.333	0	0	0.226	0.571	0.333	0	0	0.226	0	0	0	0	0	0.5	1	0	1	0.4	0	1	0	0.429	0	0	0.435
0	1.82	0	1.781	0	0	2.842	0	4.551	0	0	2.842	0	3.637	0	0	0.333	0	0.5	0	0	0.333	0	0.5	0	0	0.333	0	0.667	0	0	0	0	0	0	0	0.2	0	0	0	0.417	0.413
0	0	1.755	13.437	0.997	0	0.958	5.529	18.51	3.954	0	0	0	0	0	0	0	0.8	0.34	0.833	0	0	0.8	0.34	0.833	0	0	0	0	0	0	0	0	0.5	0	0	0	0	0.25	0	0.9	0.219
0	0	0	0	0	0	0	0	0	0	0	0	0	0	0	0	0	0	0	0	0	0	0	0	0	0	0	0	0	0	0	0	0	0	0	0	0	0	0	0	0.419	0.991
0	2.36	0	0	0	0	2.36	0	0	0	0	0	0	0	0	0	0	0	0	0	0	0	0	0	0	0	0	0	0	0	0	0	0	0	0	0	0	0	0	0	0	0.400
23.372	0	4.644	0	0	23.372	0	5.569	0	0	0	0	0	0	0	0.142	0	0.267	0	0	0.142	0	0.267	0	0	0	0	0	0	0	0	0.4	0.6	0	0.5	0	0.2	0.4	0	0	0	0.206
0	4.803	0	2.906	1.854	7.28	10.808	0.987	8.766	7.286	7.28	10.808	0.987	8.766	6.365	0.393	0.327	0	0.472	0.536	0.393	0.309	0	0.444	0.536	0.393	0.327	0	0.472	0.524	0	0	0	0.25	0	0	0	0	0	0	0.897	0.162
5.114	1.854	3.709	0	5.702	13.699	7.286	10.825	0.987	13.116	12.764	6.365	10.825	0.987	13.116	0.449	0.536	0.473	0	0.487	0.449	0.536	0.473	0	0.487	0.455	0.524	0.455	0	0.449	0	0	0	0	0	0	0	0	0	0	0.196	0.084
1.717	0.951	1.986	0.947	0	1.717	2.077	1.986	0.947	0	0	0	0	0	0	1	1	1	0	0	1	1	1	0	0	0	0	0	0	0	0.2	0.667	0.4	0	0.4	0.2	1	0	0	0.2	0.298	0.302
1.708	0	0	0.874	1.901	3.5	0	2.009	3.214	2.847	0	0	0	0	0	0.667	0	0	0.667	1	0.667	0	0	0.667	1	0	0	0	0	0	0.4	0	0.5	0	1	0.2	0	1	0	0.25	0	0.340
0	0	0.867	0	0	0	0	0.867	0	0	0	0	0	0	0	0	0	0	0	0	0	0	0	0	0	0	0	0	0	0	0.25	0	0	0	0	0	0.25	0	0	0	0	0.262
0	0	0	0	0	0	0	0	0	0	0	0	0	0	0	0	0	0	0	0	0	0	0	0	0	0	0	0	0	0	0	0	0	0	0	0	0	0	0	0	0.419	1.000
0	3.261	0.994	0	3.502	0.842	6.99	3.866	0.851	6.317	0	0	0	0	0	0	0.667	0.5	0	0.238	0	0.667	0.5	0	0.238	0	0	0	0	0	0	0	0.2	1	0.4	0	0	0	1	0.4	0.415	0.276
0	0	9.653	0	1.055	0	0	11.87	0	1.055	0	0	0	0	0	0	0	0.273	0	0	0	0	0.273	0	0	0	0	0	0	0	0.286	0.8	0.4	0	0.571	0.857	0.4	0	0	1	0.418	0.581
0	0	0	0.914	0.866	0	0	0	2.047	0.866	0	0	0	0	0	0	0	0	1	0	0	0	0	1	0	0	0	0	0	0	0	0	0	0	0	0	0	0	0	0	0.299	0.121
2.162	0	0.835	13.123	12.61	7.563	0	1.899	22.114	16.785	0	0	0	0	0	0.536	0	1	0.362	0.368	0.536	0	1	0.362	0.368	0	0	0	0	0	0	0.778	0	0.25	0.2	0	0.667	0	0	0	0.298	0.254
0.835	2.162	12.61	0	13.437	1.899	7.563	16.785	0	18.51	0	0	0	0	0	1	0.536	0.368	0	0.34	1	0.536	0.368	0	0.34	0	0	0	0	0	0	0	0.2	0.778	0.5	0	0	0	0.667	0.25	0.414	0.197
0	0	0	-1	6.596	0	0	0	-1	8.414	0	0	0	-1	0	0	0	0	-1	0.583	0	0	0	-1	0.583	0	0	0	-1	0	0	0	0	-1	0.4	0	0	0	-1	0	0.415	0.675
15.462	0	2.356	0	0	19.491	0	3.456	0	0.865	0	0	0	0	0	0.147	0	0.667	0	0	0.147	0	0.667	0	0	0	0	0	0	0	0.25	0.111	0	0	0	0	0	0	0	0	0	0.283
0	0	0.912	0	0	5.677	2.172	5.41	3.243	1.063	5.677	2.172	4.498	3.243	1.063	0.1	1	0.2	0.667	0	0.1	1	0.2	0.667	0	0.1	1	0.167	0.333	0	0	0	0	0	0	0	0	0	0	0	0.414	0.209
0	3.764	14.742	1.055	0	0.892	7.688	20.841	3.189	0.851	0	0	0	0	0	0	0.571	0.226	0.333	0	0	0.571	0.226	0.333	0	0	0	0	0	0	0	0.5	0.4	1	1	0	0	0	1	1	0.415	0.284
0	0.839	0	7.899	0.958	0	2.543	0	8.756	0.958	0	0	0	0	0	0	0	0	0.556	0	0	0	0	0.556	0	0	0	0	0	0	0.75	0	0.333	0	0	0	0	0.667	0	0	0.415	0.801
0	0	0	0	0	0	0	0	0	0	0	0	0	0	0	0	0	0	0	0	0	0	0	0	0	0	0	0	0	0	0	0	0.6	0.333	0	0	0	0.8	0	0	0.418	0.143
0	0	0.867	0	0	1.791	3.74	1.991	1.063	3.789	1.791	3.74	1.991	1.063	3.789	0	0.333	1	0	0.5	0	0.333	1	0	0.5	0	0.333	1	0	0.5	0	0	0	0	0	0	0	0	0	0	0.197	0.091
0	13.437	0	12.61	1.755	0.958	18.51	0	16.785	5.529	0	0	0	0	0	0	0.34	0	0.368	0.8	0	0.34	0	0.368	0.8	0	0	0	0	0	0	0.5	0	0.2	0	0	0.25	0	0	0	0.556	0.180
11.291	0.899	7.339	2.782	0	17.678	6.145	13.2	7.876	1.031	0	0	0	0	0	0.375	0.8	0.577	0.857	0	0.375	0.8	0.577	0.857	0	0	0	0	0	0	0.222	0.889	0	0	0	0	0.111	0	0	0	0.414	0.370
0	0	6.596	0	14.129	0	0	8.414	0	16.53	0	0	0	0	0	0	0	0.583	0	0.467	0	0	0.583	0	0.467	0	0	0	0	0	0	0	0.4	0	0.333	0	0	0	0	0.667	0.296	0.354
0	7.946	0	3.502	0	0	11.56	0.989	6.317	0	0	0	0	0	0	0	0.258	0	0.238	0	0	0.258	0	0.238	0	0	0	0	0	0	0.2	0.2	0	0.4	0.667	0	0.6	0	0.4	1	0.717	0.323
1.755	0	0.997	0	3.973	5.529	0	3.954	0.958	8.179	0	0	0	0	0	0.8	0	0.833	0	0.571	0.8	0	0.833	0	0.571	0	0	0	0	0	0	0	0	0	0	0	0	0	0	0	0.292	0.264
4.803	2.906	0	0	0	10.808	8.766	7.28	2.614	0.987	10.808	8.766	7.28	2.614	0.987	0.327	0.472	0.393	0.333	0	0.309	0.444	0.393	0.333	0	0.327	0.472	0.393	0.333	0	0	0.25	0	0	0	0	0	0	0	0	0	0.220
0	0	0	0	0	0	0	0	0	0	0	0	0	0	0	0	0	0	0	0	0	0	0	0	0	0	0	0	0	0	0	0	0	0	0	0	0	0	0	0	0.419	0.352
0	0	0.866	0	0	0	0	0.866	0	0	0	0	0	0	0	0	0	0	0	0	0	0	0	0	0	0	0	0	0	0	0	0	0	0	0	0	0	0	0	0	0	0.582
0.914	1.09	0	0	0	2.047	2.124	0	0.865	0	0	0	0	0	0	1	0	0	0	0	1	0	0	0	0	0	0	0	0	0	0	0	0	0	0	0	0	0	0	0	0	0.312
0	1.708	1.901	0	1.724	2.009	3.5	2.847	0	2.869	0	0	0	0	0	0	0.667	1	0	0.333	0	0.667	1	0	0.333	0	0	0	0	0	0.5	0.4	1	0	0	1	0.2	0.25	0	0	0.417	0.433
0	13.123	2.162	0	0.835	0	22.114	7.563	1.031	1.899	0	0	0	0	0	0	0.362	0.536	0	1	0	0.362	0.536	0	1	0	0	0	0	0	0.778	0.25	0	0	0	0.667	0	0	0	0	0	0.881
6.468	1.829	0	0	0	8.546	1.829	0	0	0	0	0	0	0	0	0.464	1	0	0	0	0.464	1	0	0	0	0	0	0	0	0	0.4	0.2	0	0.4	0.4	0.6	0.8	0	0.2	0	0	0.199
1.055	0	3.764	0.965	0	3.189	0	7.688	4.761	0.892	0	0	0	0	0	0.333	0	0.571	0.4	0	0.333	0	0.571	0.4	0	0	0	0	0	0	1	1	0.5	0	0	1	0.429	0	0	0	0.117	0.686
0	0	0	2.36	0	0	0	0	2.36	0	0	0	0	0	0	0	0	0	0	0	0	0	0	0	0	0	0	0	0	0	0	0	0	0	0	0	0	0	0	0	0.299	0.337
4.644	23.372	0	0	0	5.569	23.372	0	0	0.925	0	0	0	0	0	0.267	0.142	0	0	0	0.267	0.142	0	0	0	0	0	0	0	0	0.6	0	0.5	0.4	1	0.4	0	0	0.2	0.75	0.2	0.400
1.865	0	4.813	0	1.08	4.305	0	4.813	0	2.026	0	0	0	0	0	0.333	0	0.7	0	1	0.333	0	0.7	0	1	0	0	0	0	0	0.875	0	0.25	0.6	0	0.875	0	0.5	0.8	0	0	0.399
1.899	2.88	4.195	3.916	4.798	7.903	10.429	9.317	10.468	9.991	6.967	9.508	9.317	11.426	9.991	0.607	0.578	0.556	0.527	0.556	0.607	0.578	0.556	0.6	0.556	0.571	0.611	0.556	0.509	0.533	0	0	0	0	0	0	0	0	0	0	0.556	0.248
0.969	0.863	0.947	1.724	0.951	0.969	2.852	0.947	2.869	2.077	0	0	0	0	0	0	0.333	0	0.333	1	0	0.333	0	0.333	1	0	0	0	0	0	0	0	0	0	0.667	0.2	0.375	0	0	1	0.415	0.300
4.813	1.865	1.08	0	0.874	4.813	4.305	2.026	0	3.214	0	0	0	0	0	0.7	0.333	1	0	0.667	0.7	0.333	1	0	0.667	0	0	0	0	0	0.25	0.875	0	0	0	0.5	0.875	0	0	0	0	0.340
0	0	0	0.866	0	0	0	0	0.866	0	0	0	0	0	0	0	0	0	0	0	0	0	0	0	0	0	0	0	0	0	0	0	0.333	0	0	0	0	0	0	0	0.419	0.243
6.025	0	0	3.727	0.965	9.322	0	1.113	6.773	4.761	0	0	0	0	0	0.472	0	0	0.333	0.4	0.472	0	0	0.333	0.4	0	0	0	0	0	0	0	0.4	0.4	0	0	0	0.2	0.2	0	0	0.209
0	0	0	0	0.926	0	0	0	0.868	1.899	0	0	0	0	0	0	0	0	0	0	0	0	0	0	0	0	0	0	0	0	0.2	0	0	0	0	1	0	0	0	0.333	0.198	0.886
0	0	0	0	0	0	0	0	0	0	0	0	0	0	0	0	0	0	0	0	0	0	0	0	0	0	0	0	0	0	0	0	0	0	0	0	0	0	0	0	0.896	0.560
0	0	0	0	0	0	0	0	0	0	0	0	0	0	0	0	0	0	0	0	0	0	0	0	0	0	0	0	0	0	0	0	0	0	0	0	0	0	0	0	0	0.996
1.09	0.926	0	0	0	1.09	1.899	0	0	0.973	0	0	0	0	0	0	0	0	0	0	0	0	0	0	0	0	0	0	0	0	0.25	0	0	0	0	0	0.333	0	0	0	0	0.554
6.536	1.838	0	0	3.495	7.882	3.57	0	2.365	6.243	0	0	0	0	2.737	0.524	0.667	0	1	0.143	0.524	0.667	0	1	0.143	0	0	0	0	0.333	0.667	0	1	0	0.2	0	0	0.333	0.4	1	0.893	0.141
0	0	0.958	0.839	0	0	0	0.958	2.543	0.837	0	0	0	0	0	0	0	0	0	0	0	0	0	0	0	0	0	0	0	0	0.333	0.75	0	0	0	0.667	0	0	0	0	0.893	0.784
0	0.942	0.883	0	6.033	0	0.942	0.883	0	8.131	0	0	0	0	0	0	0	0	0	0.429	0	0	0	0	0.429	0	0	0	0	0	1	0.333	0.25	0	0	1	0.333	0	0	0	0.298	0.940
0	0	0	0.958	0	0.868	0.837	0	0.958	0	0	0	0	0	0	0	0	0	0	0	0	0	0	0	0	0	0	0	0	0	0	0	0	0	0.2	0	0	0	0	1	0.896	0.113
0	0	0	0	0	0	0	0	0	0	0	0	0	0	0	0	0	0	0	0	0	0	0	0	0	0	0	0	0	0	0	0	0	0	0	0	0	0	0	0	0.297	0.285
0.866	0	0	0	0	0.866	0	0	0	0	0	0	0	0	0	0	0	0	0	0	0	0	0	0	0	0	0	0	0	0	0	0	0	0	0	0	0	0	0	0	0.418	0.140
0	0	1.865	0	4.813	0	0	4.305	0	4.813	0	0	0	0	0	0	0	0.333	0	0.7	0	0	0.333	0	0.7	0	0	0	0	0	0	0.6	0.875	0	0.25	0	0.8	0.875	0	0.5	0.299	0.216
0	6.468	0	1.829	2.109	0	8.546	0	1.829	2.96	0	0	0	0	0	0	0.464	0	1	1	0	0.464	0	1	1	0	0	0	0	0	0	0.4	0.4	0.2	0	0	0.6	0	0.8	0.75	0	0.451
0	0	0	0	0	0	0	0	0	0	0	0	0	0	0	0	0	0	0	0	0	0	0	0	0	0	0	0	0	0	0	0	0	0	0	0	0	0	0	0	0	0.355
4.195	1.899	4.798	2.88	1.781	9.317	7.903	9.991	10.429	4.551	9.317	6.967	9.991	9.508	3.637	0.556	0.607	0.556	0.578	0.5	0.556	0.607	0.556	0.578	0.5	0.556	0.571	0.533	0.611	0.667	0	0	0	0	0	0	0	0	0	0	0.296	0.107
0	4.644	0	23.372	0	0	5.569	0.925	23.372	0	0	0	0	0	0	0	0.267	0	0.142	0	0	0.267	0	0.142	0	0	0	0	0	0	0.5	0.6	1	0	1	0	0.4	0.75	0	1	0	0.512
0	0	1.838	0	6.536	2.365	0	3.57	0.989	7.882	0	0	0	0	0	1	0	0.667	0	0.524	1	0	0.667	0	0.524	0	0	0	0	0	0	0.667	0	0	0.667	0.4	1	0	0	0	0.298	0.235
0	6.033	0	0.883	15.462	0	8.131	0	0.883	19.491	0	0	0	0	0	0	0.429	0	0	0.147	0	0.429	0	0	0.147	0	0	0	0	0	0	0	0.111	0.25	0.25	0	0	0	0	0	0.556	0.109
0	1.986	1.829	1.717	6.468	0	1.986	1.829	1.717	8.546	0	0	0	0	0	0	1	1	1	0.464	0	1	1	1	0.464	0	0	0	0	0	0.4	0.4	0.2	0.2	0.4	0.2	0	0.8	0.2	0.6	0	0.312
1.08	4.813	0.874	1.865	0	2.026	4.813	3.214	4.305	0	0	0	0	0	0	1	0.7	0.667	0.333	0	1	0.7	0.667	0.333	0	0	0	0	0	0	0	0.25	0	0.875	0	0	0.5	0	0.875	0	0.296	0.237
0	7.339	13.123	11.291	0	1.031	13.2	22.114	17.678	0	0	0	0	0	0	0	0.577	0.362	0.375	0	0	0.577	0.362	0.375	0	0	0	0	0	0	0	0	0.25	0.222	0.778	0	0	0	0	0.667	0.558	0.315
0	0	0	0	0	0	0	0	0	0	0	0	0	0	0	0	0	0	0	0	0	0	0	0	0	0	0	0	0	0	0	0	0	0	0	0	0	0	0	0	0.715	0.985
0.994	0	3.502	3.261	7.946	3.866	0.842	6.317	6.99	11.56	0	0	0	0	0	0.5	0	0.238	0.667	0.258	0.5	0	0.238	0.667	0.258	0	0	0	0	0	0.2	0	0.4	0	0.2	0	0	0.4	0	0.6	0	0.222
0.912	0	0	0	0	5.41	5.677	1.063	2.172	3.74	4.498	5.677	1.063	2.172	3.74	0.2	0.1	0	1	0.333	0.2	0.1	0	1	0.333	0.167	0.1	0	1	0.333	0	0	0	0	0	0	0	0	0	0	0.556	0.170
6.596	0	14.129	0	0	8.414	0	16.53	0	0	0	0	0	0	0	0.583	0	0.467	0	0	0.583	0	0.467	0	0	0	0	0	0	0	0.4	0	0.333	0	1	0	0	0.667	0	1	0	0.344
1.901	0	1.724	1.708	0.863	2.847	2.009	2.869	3.5	2.852	0	0	0	0	0	1	0	0.333	0.667	0.333	1	0	0.333	0.667	0.333	0	0	0	0	0	1	0.5	0	0.4	0	0.25	1	0	0.2	0.375	0.296	0.412
1.09	0	0.914	2.356	0	2.124	0.865	2.047	3.456	0	0	0	0	0	0	0	0	1	0.667	0	0	0	1	0.667	0	0	0	0	0	0	0	0	0	0	0	0	0	0	0	0	0	0.312
1.854	0	5.114	0	3.709	7.286	0.987	13.699	7.28	10.825	6.365	0.987	12.764	7.28	10.825	0.536	0	0.449	0.393	0.473	0.536	0	0.449	0.393	0.473	0.524	0	0.455	0.393	0.455	0	0	0	0	0	0	0	0	0	0	0.893	0.479
9.404	0	0	14.129	5.349	14.699	0	0	16.53	13.381	0	0	0	0	0	0.582	0	0	0.467	0.667	0.582	0	0	0.467	0.667	0	0	0	0	0	0	1	1	0.333	0.2	0.2	1	1	0.667	0.2	0	0.323
0	0	0	0	0	3.243	0	2.172	0	5.677	3.243	0	2.172	0	5.677	0.667	0	1	0	0.1	0.667	0	1	0	0.1	0.333	0	1	0	0.1	0	0	0	0	0	0	0.2	0	0	0	0.717	0.177
3.502	0.994	7.946	0	0	6.317	3.866	11.56	0.842	0	0	0	0	0	0	0.238	0.5	0.258	0	0	0.238	0.5	0.258	0	0	0	0	0	0	0	0.4	0.2	0.2	0	0.2	0.4	0	0.6	0	0	0	0.514
0	0.965	1.055	0	3.764	0	4.761	3.189	1.113	7.688	0	0	0	0	0	0	0.4	0.333	0	0.571	0	0.4	0.333	0	0.571	0	0	0	0	0	1	0	1	0.4	0.5	0.429	0	1	0.2	0	0.418	0.461
0	9.404	5.349	0	0	0	14.699	13.381	0	0	0	0	0	0	0	0	0.582	0.667	0	0	0	0.582	0.667	0	0	0	0	0	0	0	1	0	0.2	1	1	1	0.2	0.2	1	0.875	0.198	0.929
0.958	0	8.176	0.867	0	2.747	3.789	13.845	1.991	2.614	3.705	3.789	10.247	1.991	2.614	0.5	0.5	0.22	1	0.333	0.333	0.5	0.22	1	0.333	0.5	0.5	0.378	1	0.333	0	0	0	0	0	0	0	0	0	0	0	0.447
8.176	0.958	0	0	2.906	13.845	2.747	2.614	3.789	8.766	10.247	3.705	2.614	3.789	8.766	0.22	0.5	0.333	0.5	0.472	0.22	0.333	0.333	0.5	0.444	0.378	0.5	0.333	0.5	0.472	0	0	0	0	0.25	0	0	0	0	0	0.415	0.159
0	2.356	1.09	15.462	0.914	0.865	3.456	2.124	19.491	2.047	0	0	0	0	0	0	0.667	0	0.147	1	0	0.667	0	0.147	1	0	0	0	0	0	0	0	0	0.25	0	0	0	0	0	0	0.415	0.138
0	0	0.926	0	1.09	0	0	1.899	0	1.09	0	0	0	0	0	0	0	0	0	0	0	0	0	0	0	0	0	0	0	0	0	0.2	0	0	0.25	0	1	0.333	0	0	0.559	0.509
0	5.349	0.896	0	1.803	0	13.381	7.448	0	6.611	0	0	0	0	0	0	0.667	0.81	0	0.81	0	0.667	0.81	0	0.81	0	0	0	0	0	1	0.2	0.75	1	0	0.875	0.2	0	1	0	0	0.907
0	0	0	0	0	0	0	0	0	0	0	0	0	0	0	0	0	0	0	0	0	0	0	0	0	0	0	0	0	0	0	0	0	0	0	0	0	0	0	0.25	0.898	0.207
0	0	0	0	0	0	0	0	0	0	0	0	0	0	0	0	0	0	0	0	0	0	0	0	0	0	0	0	0	0	0	0.333	0	0	0.6	0	0	0	0	0.8	0.057	0.544
1.901	2.109	0	0	0	4.024	2.96	0	0	0	0	0	0	0	0	0.667	1	0	0	0	0.667	1	0	0	0	0	0	0	0	0	0.4	0	0	0.4	0.8	0	0.75	0	0	0.4	0	0.324
3.727	1.055	0	9.653	6.025	6.773	1.055	0	11.87	9.322	0	0	0	0	0	0.333	0	0	0.273	0.472	0.333	0	0	0.273	0.472	0	0	0	0	0	0.4	0.571	0	0.4	0	0.2	1	0	0	0	0.298	0.493
0	0	0	0	0.912	2.172	3.243	5.677	0	5.41	2.172	3.243	5.677	0	4.498	1	0.667	0.1	0	0.2	1	0.667	0.1	0	0.2	1	0.333	0.1	0	0.167	0	0	0	0	0	0	0	0	0.2	0	0.118	0.253
1.724	1.901	0.863	0	0.969	2.869	2.847	2.852	2.009	0.969	0	0	0	0	0	0.333	1	0.333	0	0	0.333	1	0.333	0	0	0	0	0	0	0	0	1	0	0.5	0	0	0.25	0.375	1	0.2	0.9	0.216
0	0.866	0	0	0	0	0.866	0	0	0	0	0	0	0	0	0	0	0	0	0	0	0	0	0	0	0	0	0	0	0	0	0	0	0	0.333	0	0	0	0	0	0.897	0.231
0	0	1.854	4.803	5.114	0.987	7.28	7.286	10.808	13.699	0.987	7.28	6.365	10.808	12.764	0	0.393	0.536	0.327	0.449	0	0.393	0.536	0.309	0.449	0	0.393	0.524	0.327	0.455	0	0	0	0	0	0	0	0	0	0	0.717	0.182
0.867	0	0	0	0.958	1.991	1.791	3.789	3.74	2.747	1.991	1.791	3.789	3.74	3.705	1	0	0.5	0.333	0.5	1	0	0.5	0.333	0.333	1	0	0.5	0.333	0.5	0	0	0	0	0	0	0	0	0	0	0.557	0.213
1.803	0.896	2.782	0	0.899	6.611	7.448	7.876	0	6.145	0	0	0	0	0	0.81	0.81	0.857	0	0.8	0.81	0.81	0.857	0	0.8	0	0	0	0	0	0	0.75	0	1	0.889	0	0	0	0.875	0.111	0.296	0.151
0	0	2.109	6.468	1.901	0	0	2.96	8.546	4.024	0	0	0	0	0	0	0	1	0.464	0.667	0	0	1	0.464	0.667	0	0	0	0	0	0.4	0	0	0.4	0.4	0	0	0.75	0.6	0	0	0.395
0	0	0	0	0	0	0.868	0	0.837	0	0	0	0	0	0	0	0	0	0	0	0	0	0	0	0	0	0	0	0	0	0	0	0.2	0	0	0	0	1	0	0	0.72	0.244
4.798	4.195	1.781	1.899	1.82	9.991	9.317	4.551	7.903	2.842	9.991	9.317	3.637	6.967	2.842	0.556	0.556	0.5	0.607	0.333	0.556	0.556	0.5	0.607	0.333	0.533	0.556	0.667	0.571	0.333	0	0	0	0	0	0	0	0	0	0.2	0.117	0.388
0	3.495	0	0	0	0	6.243	0	0	3.243	0	2.737	0	0	3.243	0	0.143	0	0	0.667	0	0.143	0	0	0.667	0	0.333	0	0	0.333	0	0.2	0	1	0	0	1	0.2	0.333	0	0.559	0.279
0.883	0	6.033	0.942	0	0.883	0	8.131	0.942	0	0	0	0	0	0	0	0	0.429	0	0	0	0	0.429	0	0	0	0	0	0	0	0.25	1	0	0.333	0	0	1	0	0.333	0	0	0.499
1.199	3.719	0	0	0.926	1.199	5.423	0.857	1.003	0.926	0	0	0	0	0	0	0.667	0	0	0	0	0.667	0	0	0	0	0	0	0	0	0	0.2	0.143	0	0.75	0	0.2	0	0	0.25	0	0.533
14.129	6.596	0	0	9.404	16.53	8.414	0	0	14.699	0	0	0	0	0	0.467	0.583	0	0	0.582	0.467	0.583	0	0	0.582	0	0	0	0	0	0.333	0.4	1	0	0	0.667	0	1	0	0.2	0	0.451
0.947	0.969	0.951	0.863	1.717	0.947	0.969	2.077	2.852	1.717	0	0	0	0	0	0	0	1	0.333	1	0	0	1	0.333	1	0	0	0	0	0	0	0	0.667	0	0.2	0	0.2	1	0.375	0.2	0.298	0.152
5.349	0	0	9.404	0.896	13.381	0	0	14.699	7.448	0	0	0	0	0	0.667	0	0	0.582	0.81	0.667	0	0	0.582	0.81	0	0	0	0	0	0.2	1	1	0	0.75	0.2	1	0.875	0.2	0	0	0.602
7.946	3.502	0	0.994	0	11.56	6.317	0	3.866	0.989	0	0	0	0	0	0.258	0.238	0	0.5	0	0.258	0.238	0	0.5	0	0	0	0	0	0	0.2	0.4	0.2	0.2	0	0.6	0.4	0	0	0	0.419	0.396
0	0	0	0	0	0	0	0	0	0	0	0	0	0	0	0	0	0	0	0	0	0	0	0	0	0	0	0	0	0	0	0	0	0	0	0	0	0	0	0	0.556	0.496
2.109	0	1.901	0	0	2.96	0	4.024	0	0	0	0	0	0	0	1	0	0.667	0	0	1	0	0.667	0	0	0	0	0	0	0	0	0.4	0.4	0	0	0.75	0	0	0	0	0	0.421
2.356	15.462	0	0	1.09	3.456	19.491	0.865	0	2.124	0	0	0	0	0	0.667	0.147	0	0	0	0.667	0.147	0	0	0	0	0	0	0	0	0	0.25	0	0.111	0	0	0	0	0	0	0	0.215
0.951	0.947	1.717	0.969	1.986	2.077	0.947	1.717	0.969	1.986	0	0	0	0	0	1	0	1	0	1	1	0	1	0	1	0	0	0	0	0	0.667	0	0.2	0	0.4	1	0	0.2	0.2	0	0	0.499
0	0	0	0	0	0	0	0	0	0	0	0	0	0	0	0	0	0	0	0	0	0	0	0	0	0	0	0	0	0	0	0	0	0	0	0.5	0	0	0	0	0.296	0.563
0	0	0	0.912	0.867	3.74	1.063	1.791	5.41	1.991	3.74	1.063	1.791	4.498	1.991	0.333	0	0	0.2	1	0.333	0	0	0.2	1	0.333	0	0	0.167	1	0	0	0	0	0	0	0	0	0	0	0.299	0.148
0.867	0	0	0	0	0.867	0.973	0	0	0	0	0	0	0	0	0	0	0	0	0	0	0	0	0	0	0	0	0	0	0	0.4	0	0	0	0	0	0	0	0	0	0	0.516
0	0	0	0	0.942	0	0.925	0	0	0.942	0	0	0	0	0	0	0	0	0	0	0	0	0	0	0	0	0	0	0	0	1	1	0	0.5	0.333	1	0.75	0	0	0.333	0.298	0.957
0	0	0	4.644	0	0.925	0	0	5.569	0	0	0	0	0	0	0	0	0	0.267	0	0	0	0	0.267	0	0	0	0	0	0	1	0.5	1	0.6	0	0.75	0	1	0.4	0	0.294	0.705
0.997	1.755	3.973	0	4.64	3.954	5.529	8.179	0	7.446	0	0	0	0	0	0.833	0.8	0.571	0	0.571	0.833	0.8	0.571	0	0.571	0	0	0	0	0	0	0	0	0	0	0	0	0	0	0	0.554	0.256
0	0.867	0.958	0	8.176	3.789	1.991	2.747	1.791	13.845	3.789	1.991	3.705	1.791	10.247	0.5	1	0.5	0	0.22	0.5	1	0.333	0	0.22	0.5	1	0.5	0	0.378	0	0	0	0	0	0	0	0	0	0	0.298	0.121
0	14.129	9.404	6.596	0	0	16.53	14.699	8.414	0	0	0	0	0	0	0	0.467	0.582	0.583	0	0	0.467	0.582	0.583	0	0	0	0	0	0	1	0.333	0	0.4	1	1	0.667	0.2	0	1	0	0.911
3.719	0	1.199	4.64	0	5.423	1.003	1.199	7.446	0.857	0	0	0	0	0	0.667	0	0	0.571	0	0.667	0	0	0.571	0	0	0	0	0	0	0.2	0	0	0	0.143	0.2	0	0	0	0	0	0.339
1.838	0	6.536	0	0	3.57	2.365	7.882	0	0	0	0	0	0	0	0.667	1	0.524	0	0	0.667	1	0.524	0	0	0	0	0	0	0	0	0	0.667	0.667	1	0	0.4	0	1	0.333	0.896	0.147
0	0	0	3.495	0	0	0	3.243	6.243	2.172	0	0	3.243	2.737	2.172	0	0	0.667	0.143	1	0	0	0.667	0.143	1	0	0	0.333	0.333	1	0	0	0	0.2	0	0.2	0	0	1	0	0.718	0.199
0.942	0	0	0	0.883	0.942	0	0	0	0.883	0	0	0	0	0	0	0	0	0	0	0	0	0	0	0	0	0	0	0	0	0.333	0	1	1	0.25	0.333	0	1	1	0	0.417	0.516
