48.395	10.701	30.782	2.076	0	54.229	15.913	35.387	5.095	2.162	10.817	8.101	7.518	4.166	2.162	0.133	0.3	0.222	0.7	0	0.12	0.283	0.198	0.7	0	0.022	0.214	0.19	0	0	0	0	0	0.2	0.2	0	0	0	0	0.6	0.42	0.137
0.977	9.8	1.918	2.015	1.986	3.993	11.853	4.845	5.01	1.986	3.993	9.216	2.927	5.01	0.988	0.333	0.418	0.8	0.6	0.667	0.333	0.455	0.7	0.6	0	0.167	0.083	0.667	0.2	0	0	0.6	0	0.4	1	0	0	0	0	0.667	0.197	0.101
1.873	1.273	1.856	4.213	0	5.015	0	6.411	8.362	0	4.095	1.273	4.555	5.133	0	0.6	0	0.667	0.571	0	0.6	0	0.667	0.571	0	0.333	0	0.333	0.2	0	0	0	0	0	0.2	0	0	0	0	0.4	0.196	0.244
0	0	0	0	0	0	0	0	0	0	0	0	0	0	0	0	0	0	0	0	0	0	0	0	0	0	0	0	0	0	0	0	0	0	0	0	0	0	0	0	0.717	0.411
0.922	46.997	1.875	0	1.978	0.922	53.689	3.035	0	3.222	0	17.462	2.118	0	1.245	0	0.163	0.667	0	0.667	0	0.153	0.667	0	0.667	0	0.15	1	0	0	0	0.4	0	0.8	0.2	0	0	0	0.8	0	0.557	0.204
0	0	0	2.046	0	0	0	0	2.046	0	0	0	0	2.046	0	0	0	0	1	0	0	0	0	1	0	0	0	0	1	0	0.5	1	1	0	0	0	0	1	0	0	0	0.509
6.762	2.812	21.497	17.041	9.817	10.22	2.812	21.456	18.163	12.935	6.234	0	4.031	9.629	3.141	0.6	0.667	0.377	0.438	0.526	0.533	0.667	0.338	0.405	0.513	0.6	0	0.833	0.389	1	0.4	0	0.2	0.5	0	0.2	0	0.2	0.75	0	0.556	0.259
0	0	1.877	0	0	0	0	0.951	0	0	0	0	0.926	0	0	0	0	0	0	0	0	0	0	0	0	0	0	0	0	0	0	0	0	0	0.143	0	0	0	0	0	0.415	0.327
7.697	7.097	0	0.925	0	10.735	5.961	1.91	0.925	0	5.96	4.579	1.91	0	0	0.618	0.75	1	0	0	0.582	0.867	1	0	0	0.6	0.167	1	0	0	0	0.667	0.25	0	0.143	0	0	0	0	0.143	0.198	0.279
7.042	3.236	0	5.084	0	7.014	3.236	0	5.084	0	5.922	0.995	0	1.944	0	0.489	0.667	0	0.571	0	0.571	0.333	0	0.6	0	0.133	0	0	1	0	0	0.333	0.2	0.5	0.75	0	0	0.2	0.25	1	0.296	0.325
0	9.817	0	21.497	0	0	12.935	0	21.456	0	0	3.141	0	4.031	0	0	0.526	0	0.377	0	0	0.513	0	0.338	0	0	1	0	0.833	0	0	0	0	0.2	0	0.6	0	0	0.2	0	0.899	0.409
1.852	0	0	4.969	7.013	1.852	0	0	6.025	9.04	0	0	0	3.219	4.24	1	0	0	0.476	0.611	1	0	0	0.333	0.583	0	0	0	0.333	0.833	0	0.2	0.2	0	0	0	0	0.2	0	0	0.3	0.177
9.8	2.015	0.977	0.981	1.918	11.853	5.01	3.993	3.066	4.845	9.216	5.01	3.993	2.084	2.927	0.418	0.6	0.333	0.333	0.8	0.455	0.6	0.333	0.333	0.7	0.083	0.2	0.167	0	0.667	0.6	0.4	0	0	0	0	0	0	0	0	0.2	0.282
0	2.046	0	0	0	0	2.046	0	0	0	0	2.046	0	0	0	0	1	0	0	0	0	1	0	0	0	0	1	0	0	0	1	0	0.5	0	1	0	0	0	0	1	0.119	0.463
0	0	0.925	0.966	7.097	0	0	0.925	0.966	5.961	0	0	0	0	4.579	0	0	0	0	0.75	0	0	0	0	0.867	0	0	0	0	0.167	0.2	0	0	0.125	0.667	0.2	0	0	0	0	0	0.630
0	0.925	0	0	0	0	1.9	0.976	0	0	0	0.976	0.976	0	0	0	0	0	0	0	0	0	0	0	0	0	0	0	0	0	0	0.125	0	0	0	0	0	0	0	0	0.893	0.362
0	8.595	0	0	0	0.935	8.595	0	0	0	0.935	5.206	2.137	0	0	0	0.5	1	0	0	0	0.639	0	0	0	0	0.4	1	0	0	0.714	0	0.2	0.25	0	0.714	0	0	0	0	0.299	0.460
0	0	0	0	0	0	0	0	0	0	0	0	0	0	0	0	0	0	0	0	0	0	0	0	0	0	0	0	0	0	0	0	0	0	0	0	0	0	0	0	0	0.934
0	0	0	1.978	0	0	0	0	3.222	0	0	0	0	1.245	0	0	0	0	0.667	0	0	0	0	0.667	0	0	0	0	0	0	0	0	0	0.2	0	0	0	0	0	0	0.557	0.289
3.129	0	4.969	0	0	3.129	0	6.025	1.971	0	1.154	0	3.219	1.971	0	1	0	0.476	1	0	1	0	0.333	1	0	0	0	0.333	1	0	0	0	0	0	0.2	0	0	0	0	0	0	0.236
0	0	0	0	0	0	0	0	0	0	0	0	0	0	0	0	0	0	0	0	0	0	0	0	0	0	0	0	0	0	0	0	0	0	0	0	0	0	0	0.2	0.415	0.739
2.153	0	0	0	0	2.153	0	0	0	0	2.153	0	0	0	0	1	0	0	0	0	1	0	0	0	0	1	0	0	0	0	0.2	0	1	0.6	0	0	0	0	0	0.333	0	0.505
0	0	0	0	0	0	0	0	0	0	0	0	0	0	0	0	0	0	0	0	0	0	0	0	0	0	0	0	0	0	0	0	0	0	0	1	0	0	0.2	0	0	0.871
0	0	0	0	0	0.916	0	0	0	0	0.916	0	0	0	0	0	0	0	0	0	0	0	0	0	0	0	0	0	0	0	0.2	0	1	0	0	0	0	1	0.25	0	0.415	0.423
4.969	3.129	0	0	1.852	6.025	3.129	0	0	1.852	3.219	1.154	0	0	0	0.476	1	0	0	1	0.333	1	0	0	1	0.333	0	0	0	0	0	0	0.2	0	0	0	0	0	0	0	0	0.366
4.718	4.161	0	1.986	0	5.655	6.117	0	1.986	0	4.774	5.093	0	0.988	0	0.524	0.679	0	0.667	0	0.467	0.667	0	0	0	0.3	0.2	0	0	0	0	0.2	0.25	1	1	0	0	0	0.667	0	0	0.103
8.902	0	0	0	6.608	11.81	0	0	0	8.691	5.092	0	0	2.137	3.949	0.44	0	0	1	0.583	0.47	0	0	0	0.528	0.4	0	0	1	0.5	0.5	0	0.333	0.2	0	0	0	0	0	0	0.718	0.305
20.123	1.904	0	0	0	21.262	4.09	0	0	0	7.554	2.185	0	0	0	0.359	0.667	0	0	0	0.338	0.667	0	0	0	0.048	0	0	0	0	0.2	0.2	1	0.333	0	0	0	1	1	0	0.292	0.250
3.716	0	2.86	0	0	4.638	0	2.86	0	0	1.846	0	0	0	0	0.8	0	0.667	0	0	0.8	0	0.667	0	0	0	0	0	0	0	0	0	0	0.4	0	0	0	0	0.2	0	0.417	0.125
0	0	2.228	0	2.148	0	0	0.955	0	0.995	0	0	2.228	0	1.153	0	0	0	0	0	0	0	0	0	0	0	0	0	0	0	0.667	0	0	1	0.5	0.778	0	0	1	0.375	0	0.691
21.497	6.762	9.817	2.812	0	21.456	10.22	12.935	2.812	0	4.031	6.234	3.141	0	0	0.377	0.6	0.526	0.667	0	0.338	0.533	0.513	0.667	0	0.833	0.6	1	0	0	0.2	0.4	0	0	0	0.2	0.2	0	0	0.6	0.059	0.251
0	16.955	0	0	0	0	13.886	0	0	0	0	9.117	0	0	0	0	0.603	0	0	0	0	0.615	0	0	0	0	0.306	0	0	0	0.4	0	0.25	0.6	0	0	0	0	0.4	0.2	0	0.497
0	0	0	0	0	0	0	0	0	0	0	0	0	0	0	0	0	0	0	0	0	0	0	0	0	0	0	0	0	0	0	0	0	0	0	0	0	0	0	0	0.417	0.943
0.925	0	7.097	0	7.697	0.925	0	5.961	0	10.735	0	0	4.579	0	5.96	0	0	0.75	0	0.618	0	0	0.867	0	0.582	0	0	0.167	0	0.6	0	0.2	0.667	0	0	0	0.2	0	0	0	0	0.319
1.875	0.922	1.978	46.997	0	3.035	0.922	3.222	53.689	0	2.118	0	1.245	17.462	0	0.667	0	0.667	0.163	0	0.667	0	0.667	0.153	0	1	0	0	0.15	0	0	0	0.2	0.4	0	0	0	0	0	0	0.42	0.271
0	0	0	8.595	8.902	0	0.935	0	8.595	11.81	2.137	0.935	0	5.206	5.092	1	0	0	0.5	0.44	0	0	0	0.639	0.47	1	0	0	0.4	0.4	0.2	0.714	0	0	0.5	0	0.714	0	0	0	0.197	0.331
0	4.245	5.084	0.95	3.236	0	3.319	5.084	0.95	3.236	0	3.896	1.944	0	0.995	0	0.476	0.571	0	0.667	0	0.333	0.6	0	0.333	0	0.167	1	0	0	0.8	0	0.5	0	0.333	1	0	0.25	0	0	0.056	0.934
0.925	0	0	0	0	1.9	0	0	0	0.976	0.976	0	0	0	0.976	0	0	0	0	0	0	0	0	0	0	0	0	0	0	0	0.125	0	0	0.4	0	0	0	0	0.2	0	0.3	0.278
0	0	0	16.955	0	0	0	0	13.886	0	0	0	0	9.117	0	0	0	0	0.603	0	0	0	0	0.615	0	0	0	0	0.306	0	0.25	0.4	0	0	0.6	0	0	0.2	0	0	0	0.470
2.046	0	0	0	0	2.046	0	0	0	0	2.046	0	0	0	0	1	0	0	0	0	1	0	0	0	0	1	0	0	0	0	0	0	1	0	0.5	0	0	0	0	0	0.299	0.618
1.877	0	0	0	0	0.951	0	0	0	0	0.926	0	0	0	0	0	0	0	0	0	0	0	0	0	0	0	0	0	0	0	0	0	0.143	0	1	0	0	0	0	0.889	0	0.219
3.755	1.886	0.946	6.608	0	5.724	1.886	1.869	8.691	0	1.969	0.937	0	3.949	0	0.533	1	1	0.583	0	0.533	1	1	0.528	0	0	0	0	0.5	0	0	0	0	0	0	0	0	0	0	0	0.897	0.127
1.958	6.732	0	0	0	1.958	7.892	0	0	0	1.958	2.172	0	0	0	1	0.607	0	0	0	1	0.607	0	0	0	1	0	0	0	0	0.2	0	0	0	0	0	0	0	0	0	0	0.551
4.161	1.986	4.718	1.918	0	6.117	1.986	5.655	4.845	0	5.093	0.988	4.774	2.927	0	0.679	0.667	0.524	0.8	0	0.667	0	0.467	0.7	0	0.2	0	0.3	0.667	0	0.2	1	0	0	0.25	0	0.667	0	0	0	0	0.203
0	0	0	3.8	0	0	0	0	7.326	0	0	0	0	3.526	0	0	0	0	0.619	0	0	0	0	0.619	0	0	0	0	0.333	0	0	0	0	0	0	0	0	0	0	0	0.898	0.568
0	0	0.925	0	0	0	0	1.9	0	0	0	0	0.976	0	0	0	0	0	0	0	0	0	0	0	0	0	0	0	0	0	0	0.4	0.125	0.286	0	0	0.2	0	0.143	0	0.296	0.158
2.934	0	0	0	6.732	5.051	0	0	0	7.892	2.172	0	0	0	2.172	0.7	0	0	0	0.607	0.7	0	0	0	0.607	0	0	0	0	0	0.4	0	0	0	0	0	0	0	0	0	0	0.152
2.934	0	0	0	0	3.942	0	0	0	0	1.949	0	0	0	0	0.5	0	0	0	0	0.5	0	0	0	0	0	0	0	0	0	0	0	0.857	0	0	0	0	1	0	0	0.297	0.216
0	0	0	0	0	0	0	0	0	0	0	0	0	0	0	0	0	0	0	0	0	0	0	0	0	0	0	0	0	0	0	0	0	0	0	0	0	0	0	0	0.198	0.232
0	7.55	1.904	3.858	20.123	0	9.479	4.09	5.893	21.262	0	1.929	2.185	2.97	7.554	0	0.533	0.667	1	0.359	0	0.511	0.667	1	0.338	0	0	0	0.333	0.048	0.333	0	0.2	0	0.2	1	0	0	0	0	0	0.657
0	0	0	0	0	0	0	0	0	0	0	0	0	0	0	0	0	0	0	0	0	0	0	0	0	0	0	0	0	0	0	0	0	0	0	0	0	0	0	0	0	0.932
0	0	0	0	0	0	0	0	0	0	0	0	0	0	0	0	0	0	0	0	0	0	0	0	0	0	0	0	0	0	0	0	0	0	0	0	0.2	1	0	0	0.296	0.817
0	0	0	0	0	0	0	0	0	0	0	0	0	0	0	0	0	0	0	0	0	0	0	0	0	0	0	0	0	0	0	0	0	0	0	0	0.2	0	0	0	0.417	0.480
0	0	3.716	2.912	2.86	0	0	4.638	3.935	2.86	0	0	1.846	3.089	0	0	0	0.8	0.6	0.667	0	0	0.8	0.667	0.667	0	0	0	0	0	0	0.4	0	0.2	0	0	0.2	0	0	0	0.116	0.202
1.153	0	0	1.024	0	0	0	0	1.024	0	1.153	0	0	1.024	0	0	0	0	0	0	0	0	0	0	0	0	0	0	0	0	0	0.6	0.875	0.25	0	0	0	0.625	0	0	0	0.514
0	1.978	0	1.875	0	0	3.222	0	3.035	0	0	1.245	0	2.118	0	0	0.667	0	0.667	0	0	0.667	0	0.667	0	0	0	0	1	0	0	0.2	0	0	0	0	0	0	0	0	0.294	0.284
6.732	0	1.958	2.934	0	7.892	0	1.958	5.051	0	2.172	0	1.958	2.172	0	0.607	0	1	0.7	0	0.607	0	1	0.7	0	0	0	1	0	0	0	0	0.2	0.4	0	0	0	0	0	0	0	0.195
1.273	4.213	1.873	0	1.856	0	8.362	5.015	0	6.411	1.273	5.133	4.095	0	4.555	0	0.571	0.6	0	0.667	0	0.571	0.6	0	0.667	0	0.2	0.333	0	0.333	0	0	0	0.875	0	0	0	0	0.875	0	0	0.443
0	0	0	20.123	2.228	0	0	0	21.262	0.955	0	0	0	7.554	2.228	0	0	0	0.359	0	0	0	0	0.338	0	0	0	0	0.048	0	0	1	0.667	0.2	0	0	1	0.778	0	0	0	0.454
0	0	0	1.079	0	0	0	1.008	1.079	0	0	0	1.008	1.079	0	0	0	0	0	0	0	0	0	0	0	0	0	0	0	0	0.4	0.25	1	0.2	0.667	0	0	0	0	1	0.557	0.227
3.392	0	0	0	17.041	4.003	0	0	0	18.163	5.213	0	0	0	9.629	0.933	0	0	0	0.438	0.833	0	0	0	0.405	0.6	0	0	0	0.389	0.556	0	0	0.4	0.5	0.222	0	0.667	0.6	0.75	0	0.393
0	0	0	0	0	0	0	0	0	0	0	0	0	0	0	0	0	0	0	0	0	0	0	0	0	0	0	0	0	0	0.333	1	0	0	0	1	1	0	0	0	0	0.798
0	2.912	0	0	3.716	0	3.935	0	0	4.638	0	3.089	0	0	1.846	0	0.6	0	0	0.8	0	0.667	0	0	0.8	0	0	0	0	0	0.4	0.2	0	0	0	0.2	0	0	0	0	0	0.228
0	0	-1	0	-1	0	0	-1	0	-1	0	0	-1	0	-1	0	0	-1	0	-1	0	0	-1	0	-1	0	0	-1	0	-1	0	0	-1	0	-1	0	0	-1	0	-1	0.899	0.947
0	0	46.997	1.86	0.922	0	1.92	53.689	5.031	0.922	0	1.92	17.462	5.031	0	0	1	0.163	0.8	0	0	1	0.153	0.8	0	0	1	0.15	0.6	0	0.8	0	0.4	0	0	0.8	0	0	0	0	0	0.772
1.86	0	0	4.72	0	5.031	0.947	1.92	8.89	0	5.031	0.947	1.92	6.027	0	0.8	0	1	0.583	0	0.8	0	1	0.556	0	0.6	0	1	0.4	0	0	0	0	0	0.8	0	0	0	0	0.8	0.419	0.097
0	0	0	0	0	0	0	0	0	0	0	0	0	0	0	0	0	0	0	0	0	0	0	0	0	0	0	0	0	0	0.8	0.2	0	0	0	0.6	0	0	0	0	0.198	0.523
0	0	0	0	0	0	0	0	0	0	0	0	0	0	0	0	0	0	0	0	0	0	0	0	0	0	0	0	0	0	0	0	0	0	0	0	0	0	0	0	0	0.921
0	0	0	0	-1	0	0	0	0	-1	0	0	0	0	-1	0	0	0	0	-1	0	0	0	0	-1	0	0	0	0	-1	0	0	0	0	-1	0	0	0	0	-1	0.119	0.934
1.978	1.875	0	0.922	0	3.222	3.035	0	0.922	0	1.245	2.118	0	0	0	0.667	0.667	0	0	0	0.667	0.667	0	0	0	0	1	0	0	0	0.2	0	0	0	0	0	0	0	0	0	0	0.356
0	-1	0	-1	0	0	-1	0	-1	0	0	-1	0	-1	0	0	-1	0	-1	0	0	-1	0	-1	0	0	-1	0	-1	0	0	-1	0	-1	0	0.2	-1	0	-1	0	0.899	0.997
1.986	1.918	4.161	0.977	4.718	1.986	4.845	6.117	3.993	5.655	0.988	2.927	5.093	3.993	4.774	0.667	0.8	0.679	0.333	0.524	0	0.7	0.667	0.333	0.467	0	0.667	0.2	0.167	0.3	1	0	0.2	0	0	0.667	0	0	0	0	0	0.442
0	0	0	2.86	23.783	0	0	0	2.86	27.863	0	0	0	0	8.18	0	0	0	0.667	0.323	0	0	0	0.667	0.296	0	0	0	0	0.071	0	0	0.2	0	0	0.143	0	0	0	0.4	0.897	0.507
0	0	0	1.877	0	0	0	0.916	0.951	0	0	0	0.916	0.926	0	0	0	0	0	0	0	0	0	0	0	0	0	0	0	0	1	0.143	0.333	0	0	0.889	0	0	0	0.25	0.419	0.801
0	0	0	0	0	0	0	0	0	0	0	0	0	0	0	0	0	0	0	0	0	0	0	0	0	0	0	0	0	0	0	1	1	0.5	0	0	1	1	0	0	0	0.572
1.024	21.232	0	8.786	1.153	1.024	22.209	0	9.746	0	1.024	8.522	0	4.164	1.153	0	0.409	0	0.673	0	0	0.394	0	0.711	0	0	0.357	0	0.5	0	0.25	0.8	0.6	0	0	0	0.6	0	0	0	0.12	0.345
0	0	3.392	0	0	0	0	4.003	0	0	0	0	5.213	0	0	0	0	0.933	0	0	0	0	0.833	0	0	0	0	0.6	0	0	0	0.4	0.556	0	0	0	0.6	0.222	0.333	0.667	0	0.381
0	1.86	0	0	46.997	1.92	5.031	0	0.947	53.689	1.92	5.031	0	0.947	17.462	1	0.8	0	0	0.163	1	0.8	0	0	0.153	1	0.6	0	0	0.15	0	0	0.8	0	0.4	0	0	0.8	0	0	0.418	0.167
0	0	8.714	11.591	14.828	0.964	0	11.901	13.605	14.225	0.964	0	5.116	4.908	10.123	0	0	0.621	0.549	0.468	0	0	0.591	0.516	0.495	0	0	0.2	0.6	0.289	0	0	0	0	0.4	0	0	0	0	0	0.718	0.196
0	0	0	0	0	0	0.976	0	0	0	0	0.976	0	0	0	0	0	0	0	0	0	0	0	0	0	0	0	0	0	0	0	0	0	0	0	0	0	0.2	0	0	0.554	0.157
8.714	0	14.828	0	0.917	11.901	0.964	14.225	0	0.917	5.116	0.964	10.123	0	0	0.621	0	0.468	0	0	0.591	0	0.495	0	0	0.2	0	0.289	0	0	0	0	0.4	0	0	0	0	0	0	0	0.417	0.170
4.213	0	1.273	0	1.873	8.362	0	0	0	5.015	5.133	0	1.273	0	4.095	0.571	0	0	0	0.6	0.571	0	0	0	0.6	0.2	0	0	0	0.333	0	0.875	0	0.4	0	0	0.875	0	0.8	0	0.299	0.194
0	0	0	0	0	0	0	0	0	0	0	0	0	0	0	0	0	0	0	0	0	0	0	0	0	0	0	0	0	0	1	0.5	0	1	1	1	0	0	0	1	0.119	0.997
6.608	0	1.886	8.902	3.755	8.691	0	1.886	11.81	5.724	3.949	0	0.937	5.092	1.969	0.583	0	1	0.44	0.533	0.528	0	1	0.47	0.533	0.5	0	0	0.4	0	0	0.333	0	0.5	0	0	0	0	0	0	0.296	0.086
1.957	0	0	0.946	0	2.892	0	0	1.869	0	1.883	0	0	0	0	0.667	0	0	1	0	0.667	0	0	1	0	0	0	0	0	0	0	0	0.2	0	0	0	0	0	0	0	0.299	0.148
5.084	0	3.236	4.245	7.042	5.084	0	3.236	3.319	7.014	1.944	0	0.995	3.896	5.922	0.571	0	0.667	0.476	0.489	0.6	0	0.333	0.333	0.571	1	0	0	0.167	0.133	0.5	0.8	0.333	0	0	0.25	1	0	0	0	0.555	0.266
0	0	0	0	0	0	0	0	0	0	0	0	0	0	0	0	0	0	0	0	0	0	0	0	0	0	0	0	0	0	0	0.25	0.6	0.4	0	0.2	0	0	0	0	0	0.467
0	0	0	0	0	0	1.008	0	0	0	0	1.008	0	0	0	0	0	0	0	0	0	0	0	0	0	0	0	0	0	0	0.667	1	0	0.4	0	1	0	0	0	0	0	0.923
0	0	0	4.718	8.595	0	0	0	5.655	8.595	0	0	0	4.774	5.206	0	0	0	0.524	0.5	0	0	0	0.467	0.639	0	0	0	0.3	0.4	1	0.25	0.25	0	0	0	0	0	0	0	0	0.518
0	0	0	0	2.934	0	0	0	1.008	3.942	0	0	0	1.008	1.949	0	0	0	0	0.5	0	0	0	0	0.5	0	0	0	0	0	0	0.667	0	1	0	0	1	0	0	0	0.42	0.240
2.912	0	0	0.917	0	3.935	0	0	0.917	0	3.089	0	0	0	0	0.6	0	0	0	0	0.667	0	0	0	0	0	0	0	0	0	0.2	0	0.4	0	0	0	0	0.2	0	0	0	0.190
0	0	0	-1	0	0	0	0	-1	0	0	0	0	-1	0	0	0	0	-1	0	0	0	0	-1	0	0	0	0	-1	0	0	0	0	-1	0	0	0.2	0	-1	0	0.415	0.997
2.228	0	2.148	0	0	0.955	0	0.995	0	0	2.228	0	1.153	0	0	0	0	0	0	0	0	0	0	0	0	0	0	0	0	0	0	0.667	0.5	0	0.6	0	0.778	0.375	0	0.4	0	0.382
0	0	0	0	0	0	0	0	0	0	0	0	0	0	0	0	0	0	0	0	0	0	0	0	0	0	0	0	0	0	0	0	0	0	0	0	0	0.2	0	0	0.417	0.672
46.997	0	0.922	0	1.875	53.689	0	0.922	1.92	3.035	17.462	0	0	1.92	2.118	0.163	0	0	1	0.667	0.153	0	0	1	0.667	0.15	0	0	1	1	0.4	0.8	0	0	0	0	0.8	0	0	0	0	0.209
0	0	0	0	0	0	0.916	0	0	0.916	0	0.916	0	0	0.916	0	0	0	0	0	0	0	0	0	0	0	0	0	0	0	0	0.333	0	1	0.2	0.25	0	0	0.889	0	0.417	0.516
1.918	0.977	1.986	9.8	4.161	4.845	3.993	1.986	11.853	6.117	2.927	3.993	0.988	9.216	5.093	0.8	0.333	0.667	0.418	0.679	0.7	0.333	0	0.455	0.667	0.667	0.167	0	0.083	0.2	0	0	1	0.6	0.2	0	0	0.667	0	0	0.415	0.201
0	0	4.213	0	1.273	0	0	8.362	0	0	0	0	5.133	0	1.273	0	0	0.571	0	0	0	0	0.571	0	0	0	0	0.2	0	0	0.875	0.4	0	0.75	0	0.875	0.8	0	1	0	0	0.904
0	0	0	0.925	0	0.976	0	0	1.9	0	0.976	0	0	0.976	0	0	0	0	0	0	0	0	0	0	0	0	0	0	0	0	0	0	0	0.125	0	0	0	0	0	0.2	0.056	0.192
0	0	0	0	0	0	0	0	0	0	0	0	0	0	0	0	0	0	0	0	0	0	0	0	0	0	0	0	0	0	0	0	0	0	0	0	0	0	0	0	0.717	0.929
0	20.123	0	1.904	0	0	21.262	0	4.09	0	0	7.554	0	2.185	0	0	0.359	0	0.667	0	0	0.338	0	0.667	0	0	0.048	0	0	0	1	0.2	0	0.2	0.667	1	0	0	0	0.778	0	0.989
2.015	0.981	9.8	0	0.977	5.01	3.066	11.853	0	3.993	5.01	2.084	9.216	0	3.993	0.6	0.333	0.418	0	0.333	0.6	0.333	0.455	0	0.333	0.2	0	0.083	0	0.167	0.4	0	0.6	0	0	0	0	0	0	0	0.298	0.203
0.981	0	2.015	0	9.8	3.066	0	5.01	0	11.853	2.084	0	5.01	0	9.216	0.333	0	0.6	0	0.418	0.333	0	0.6	0	0.455	0	0	0.2	0	0.083	0	0	0.4	0	0.6	0	0	0	0	0	0.558	0.238
21.232	8.786	1.024	14.823	0	22.209	9.746	1.024	19.193	0	8.522	4.164	1.024	8.34	0	0.409	0.673	0	0.421	0	0.394	0.711	0	0.392	0	0.357	0.5	0	0.357	0	0.8	0	0.25	0	0.6	0.6	0	0	0	0	0.298	0.165
0	0	0	0	0	0	2.026	1.971	0	0	0	2.026	1.971	0	0	0	1	1	0	0	0	1	1	0	0	0	1	1	0	0	0.5	0.6	0	0	0	0	0.8	0	0	0	0.196	0.729
0	3.8	0	0	0	0	7.326	0	2.162	0	0	3.526	0	2.162	0	0	0.619	0	0	0	0	0.619	0	0	0	0	0.333	0	0	0	0	0	0	0.2	0	0	0	0	0.6	0	0.893	0.500
0	0	0	0	0	0	0	0	0	0	0	0	0	0	0	0	0	0	0	0	0	0	0	0	0	0	0	0	0	0	0	0	0	0	0	0	0	0	0	0	0.298	0.873
0	0	0	0	0	0	0	0	0	0	0	0	0	0	0	0	0	0	0	0	0	0	0	0	0	0	0	0	0	0	0	0.8	0	0.2	0.6	0	0.6	0	0	0	0.415	0.190
0	0	0	0	3.392	0	0	0	0	4.003	0	0	0	0	5.213	0	0	0	0	0.933	0	0	0	0	0.833	0	0	0	0	0.6	0.4	0	0	1	0.556	0.6	0.333	0	0	0.222	0	0.674
7.097	0.925	7.697	0	0	5.961	0.925	10.735	0	1.91	4.579	0	5.96	0	1.91	0.75	0	0.618	0	1	0.867	0	0.582	0	1	0.167	0	0.6	0	1	0.667	0	0	0.2	0.25	0	0	0	0.2	0	0.198	0.197
0	0	0.949	0	0.966	0	0	0.949	0	0.966	0	0	0	0	0	0	0	0	0	0	0	0	0	0	0	0	0	0	0	0	0	0	0	0	0.125	0	0.2	0	0	0	0.296	0.159
0	0	8.902	0	0	0	0	11.81	0.935	0	0	2.137	5.092	0.935	0	0	1	0.44	0	0	0	0	0.47	0	0	0	1	0.4	0	0	0	0.2	0.5	0.714	0.333	0	0	0	0.714	0	0	0.345
0	0	0	0	0	0	0	0	0	0	0	0	0	0	0	0	0	0	0	0	0	0	0	0	0	0	0	0	0	0	1	0	0.333	0.875	0	1	0	1	0.625	0	0	0.997
0	0	1.079	1.957	0	0	0	1.079	2.892	0	0	0	1.079	1.883	0	0	0	0	0.667	0	0	0	0	0.667	0	0	0	0	0	0	0	0.2	0.2	0	0.25	0	0	0	0	0	0.42	0.135
0.95	0	4.245	0	0	0.95	0	3.319	0	0	0	0	3.896	0	0	0	0	0.476	0	0	0	0	0.333	0	0	0	0	0.167	0	0	0	0	0	1	0.8	0	0	0	1	1	0.556	0.247
0	0	2.934	0	0	0	0	3.942	0	0	0	0	1.949	0	0	0	0	0.5	0	0	0	0	0.5	0	0	0	0	0	0	0	0	0	0	0.667	0.857	0	0	0	1	1	0.717	0.308
0	2.934	6.732	0	1.958	0	5.051	7.892	0	1.958	0	2.172	2.172	0	1.958	0	0.7	0.607	0	1	0	0.7	0.607	0	1	0	0	0	0	1	0	0.4	0	0	0.2	0	0	0	0	0	0	0.350
14.828	8.714	0.917	0	0	14.225	11.901	0.917	0.964	0	10.123	5.116	0	0.964	0	0.468	0.621	0	0	0	0.495	0.591	0	0	0	0.289	0.2	0	0	0	0.4	0	0	0	0	0	0	0	0	0	0	0.251
1.079	0	0	0	0	1.079	0	0	0	0	1.079	0	0	0	0	0	0	0	0	0	0	0	0	0	0	0	0	0	0	0	0.2	0	0.25	0.2	0.4	0	0	0	0	0	0	0.415
0	0	0	0	0	0	0	0	0	0	0	0	0	0	0	0	0	0	0	0	0	0	0	0	0	0	0	0	0	0	0	0	0.125	0.333	0	0	0	0	1	0	0	0.515
0	0	0	0	0	0	0	0	0	0	0	0	0	0	0	0	0	0	0	0	0	0	0	0	0	0	0	0	0	0	0	0	0	0	0	0	0	0	0	0	0.298	0.830
8.786	14.823	21.232	0	1.024	9.746	19.193	22.209	0	1.024	4.164	8.34	8.522	0	1.024	0.673	0.421	0.409	0	0	0.711	0.392	0.394	0	0	0.5	0.357	0.357	0	0	0	0	0.8	0.143	0.25	0	0	0.6	0.143	0	0.298	0.177
0	1.153	0	0	0	0	0	0	0	0	0	1.153	0	0	0	0	0	0	0	0	0	0	0	0	0	0	0	0	0	0	0.875	0	0	0.6	1	0.625	0	0	0	1	0	0.942
0	8.902	6.608	0	1.886	0	11.81	8.691	0	1.886	0	5.092	3.949	0	0.937	0	0.44	0.583	0	1	0	0.47	0.528	0	1	0	0.4	0.5	0	0	0.333	0.5	0	0	0	0	0	0	0	0	0.893	0.435
2.86	3.716	0	0	0	2.86	4.638	0	0	0	0	1.846	0	0	0	0.667	0.8	0	0	0	0.667	0.8	0	0	0	0	0	0	0	0	0	0	0	0	0	0	0	0	0	0.143	0.714	0.232
0	0	0	0	0	0	0	0	0	0	0	0	0	0	0	0	0	0	0	0	0	0	0	0	0	0	0	0	0	0	0	0	0	0	0	0	0	0	1	0	0.716	0.901
0	0	0	0	0	0	0	0	0	0	0	0	0	0	0	0	0	0	0	0	0	0	0	0	0	0	0	0	0	0	0	0	0	0	0	0	0	0	0.2	0	0	0.297
0	0	2.934	0	0	0	0	5.051	0	0	0	0	2.172	0	0	0	0	0.7	0	0	0	0	0.7	0	0	0	0	0	0	0	0	0	0.4	0	0	0	0	0	0	0	0	0.382
0	0	0	0	4.213	0	0	0	0	8.362	0	0	0	0	5.133	0	0	0	0	0.571	0	0	0	0	0.571	0	0	0	0	0.2	0.4	0.75	0.875	0.2	0	0.8	1	0.875	0.2	0	0	0.685
0	0	0	2.934	0	0	0	0	3.942	0	0	0	0	1.949	0	0	0	0	0.5	0	0	0	0	0.5	0	0	0	0	0	0	0	0.857	0	0	0.2	0	1	0	0	0	0.554	0.342
0	0	0	0	0	0	0	0	0	0	0	0	0	0	0	0	0	0	0	0	0	0	0	0	0	0	0	0	0	0	0	0	0	0	0	0.2	0	0	0.2	1	0.558	0.825
11.591	15.952	0	0	0	13.605	17.951	0	0	0.964	4.908	6.038	0	0	0.964	0.549	0.484	0	0	0	0.516	0.471	0	0	0	0.6	0.267	0	0	0	0	0	0	0	0	0	0	0	0	0	0.556	0.192
0	0	0	0	0.949	0	0	0	0.976	0.949	0	0	0	0.976	0	0	0	0	0	0	0	0	0	0	0	0	0	0	0	0	0	0	0	0	0	0.2	0	0	0	0	0	0.561
0	1.957	0	0	1.079	0	2.892	0	0	1.079	0	1.883	0	0	1.079	0	0.667	0	0	0	0	0.667	0	0	0	0	0	0	0	0	0.2	0	0	0	0.2	0	0	0	0	0	0.292	0.385
0	0	0	0	15.952	0	0	0	0	17.951	0	0	0	0	6.038	0	0	0	0	0.484	0	0	0	0	0.471	0	0	0	0	0.267	0	1	0	0	0	0	1	0	0	0	0	0.690
0	7.697	0	7.097	14.823	1.91	10.735	0	5.961	19.193	1.91	5.96	0	4.579	8.34	1	0.618	0	0.75	0.421	1	0.582	0	0.867	0.392	1	0.6	0	0.167	0.357	0.25	0	0.143	0.667	0	0	0	0.143	0	0	0.417	0.302
0	0	0	0	0	2.026	0	0	0	1.971	2.026	0	0	0	1.971	1	0	0	0	1	1	0	0	0	1	1	0	0	0	1	0.6	0	0.5	0	0	0.8	0	0	0	0	0.298	0.512
0	0	0	0	0	0.916	0	0	0	0	0.916	0	0	0	0	0	0	0	0	0	0	0	0	0	0	0	0	0	0	0	0.333	1	0	0.143	0	0	0.889	0.25	0	0	0.298	0.400
0	0	0	0	0	0	0	0	0	0	0	0	0	0	0	0	0	0	0	0	0	0	0	0	0	0	0	0	0	0	0	0	0	0	0	0	0	0	0.2	0	0.419	0.950
23.783	0	4.717	0	3.858	27.863	0	7.854	0	5.893	8.18	0	3.136	0	2.97	0.323	0	0.5	0	1	0.296	0	0.5	0	1	0.071	0	0	0	0.333	0	0.2	0.2	0	0	0.4	0	0	0.143	0	0.059	0.208
0.917	14.828	0	8.714	2.912	0.917	14.225	0	11.901	3.935	0	10.123	0	5.116	3.089	0	0.468	0	0.621	0.6	0	0.495	0	0.591	0.667	0	0.289	0	0.2	0	0	0.4	0	0	0.2	0	0	0	0	0	0	0.264
0	4.72	1.86	0.948	0	0.947	8.89	5.031	0.948	1.92	0.947	6.027	5.031	0.948	1.92	0	0.583	0.8	0	1	0	0.556	0.8	0	1	0	0.4	0.6	0	1	0	0	0	0.143	0	0	0	0	0	0	0	0.422
0	1.856	2.076	1.873	10.701	0	6.411	5.095	5.015	15.913	0	4.555	4.166	4.095	8.101	0	0.667	0.7	0.6	0.3	0	0.667	0.7	0.6	0.283	0	0.333	0	0.333	0.214	0.2	0	0.2	0	0	0.4	0	0	0	0	0	0.466
2.148	2.228	0	0	16.955	0.995	0.955	0	0	13.886	1.153	2.228	0	0	9.117	0	0	0	0	0.603	0	0	0	0	0.615	0	0	0	0	0.306	0.5	0	0.6	0.667	0	0.375	0	0.4	0.778	0	0	0.416
0	0	0	0	0.981	0	0	0	0	3.066	0	0	0	0	2.084	0	0	0	0	0.333	0	0	0	0	0.333	0	0	0	0	0	0	0	0	0	0	0	0	0	0	0	0.198	0.314
9.817	21.497	0	6.762	0	12.935	21.456	0	10.22	0	3.141	4.031	0	6.234	0	0.526	0.377	0	0.6	0	0.513	0.338	0	0.533	0	1	0.833	0	0.6	0	0	0.2	0	0.4	0	0	0.2	0.6	0.2	0	0.717	0.240
8.595	0	0	0	0	8.595	0	0.935	0	0	5.206	0	0.935	0	2.137	0.5	0	0	0	1	0.639	0	0	0	0	0.4	0	0	0	1	0	0.25	0.714	1	0.2	0	0	0.714	0	0	0	0.190
3.8	0	0	30.782	0	7.326	2.162	0	35.387	0	3.526	2.162	0	7.518	0	0.619	0	0	0.222	0	0.619	0	0	0.198	0	0.333	0	0	0.19	0	0	0.2	0	0	0	0	0.6	0	0	0	0.9	0.164
4.245	0.95	0	0	5.084	3.319	0.95	0	0	5.084	3.896	0	0	0	1.944	0.476	0	0	0	0.571	0.333	0	0	0	0.6	0.167	0	0	0	1	0	0	0.8	0	0.5	0	0	1	0	0.25	0	0.305
0.949	0	0.966	0	0	0.949	0	0.966	0	0	0	0	0	0	0	0	0	0	0	0	0	0	0	0	0	0	0	0	0	0	0	0	0.125	0	0	0	0	0	0.2	0	0.196	0.212
0	0	0	0	2.934	0	0	0	0	5.051	0	0	0	0	2.172	0	0	0	0	0.7	0	0	0	0	0.7	0	0	0	0	0	0	0	0	0	0.4	0	0	0	0.6	0	0.56	0.351
0	0	0	0	0	0	0	0	0	0	0	0	0	0	0	0	0	0	0	0	0	0	0	0	0	0	0	0	0	0	0	0.333	0	1	0.125	0	1	0	1	0	0	0.572
0	0	0	0	0	1.008	0	0	0	0	1.008	0	0	0	0	0	0	0	0	0	0	0	0	0	0	0	0	0	0	0	1	0.4	0.667	0.25	0	0	0	1	0	0	0.198	0.531
0	2.148	16.955	2.228	0	0	0.995	13.886	0.955	0	0	1.153	9.117	2.228	0	0	0	0.603	0	0	0	0	0.615	0	0	0	0	0.306	0	0	0.6	0.5	0	0	0.4	0.4	0.375	0	0	0	0	0.718
0	0	0	0	0	0	0	0	0	0	0	0	0	0	0	0	0	0	0	0	0	0	0	0	0	0	0	0	0	0	0	0	0	0	0	0	0.2	0.2	0	0	0.19	0.507
0	0	0	0	0	0	0	0	0	0	0	0	0	0	0	0	0	0	0	0	0	0	0	0	0	0	0	0	0	0	0	0	0.2	0.857	0.8	0	0	0	1	0.6	0.294	0.138
0	0	0	0	0	0	0	0	0	0	0	0	0	0	0	0	0	0	0	0	0	0	0	0	0	0	0	0	0	0	1	0	0	1	0	1	0	0	1	0	0.298	0.987
0	30.782	3.8	48.395	0	2.162	35.387	7.326	54.229	0	2.162	7.518	3.526	10.817	0	0	0.222	0.619	0.133	0	0	0.198	0.619	0.12	0	0	0.19	0.333	0.022	0	0.2	0	0	0	0	0.6	0	0	0	0	0.718	0.230
0	0	0	0	0.95	0	0.916	0	0	0.95	0	0.916	0	0	0	0	0	0	0	0	0	0	0	0	0	0	0	0	0	0	1	0.2	0	0	0	1	0	0	0	0	0	0.945
0	0	23.783	0	4.717	0	0	27.863	0	7.854	0	0	8.18	0	3.136	0	0	0.323	0	0.5	0	0	0.296	0	0.5	0	0	0.071	0	0	0.2	0	0	0	0.2	0	0.143	0.4	0	0	0.896	0.205
0	0	0	2.153	0	0	0	0	2.153	0	0	0	0	2.153	0	0	0	0	1	0	0	0	0	1	0	0	0	0	1	0	0	1	0.4	0.2	0	0.333	0	0.6	0	0	0	0.633
0	0	0	0	0	0	0	0	0	0	0	0	0	0	0	0	0	0	0	0	0	0	0	0	0	0	0	0	0	0	0	0	0	0	0	0	0	0.2	0	0	0.418	0.336
1.904	0	20.123	7.55	0	4.09	0	21.262	9.479	0	2.185	0	7.554	1.929	0	0.667	0	0.359	0.533	0	0.667	0	0.338	0.511	0	0	0	0.048	0	0	0.2	0.333	0.2	0	1	0	1	0	0	1	0	0.264
0	0	0	0	0	0	0	0	0	0	0	0	0	0	0	0	0	0	0	0	0	0	0	0	0	0	0	0	0	0	0.2	0	0.8	0	0	0	0	0.6	0	0	0	0.910
0	1.852	7.013	0	0.948	0	1.852	9.04	0	0.948	0	0	4.24	0	0.948	0	1	0.611	0	0	0	1	0.583	0	0	0	0	0.833	0	0	0.2	0	0	0.2	0.143	0.2	0	0	0	0	0	0.415
0	11.591	0	15.952	8.714	0	13.605	0.964	17.951	11.901	0	4.908	0.964	6.038	5.116	0	0.549	0	0.484	0.621	0	0.516	0	0.471	0.591	0	0.6	0	0.267	0.2	0	0	0	0	0	0	0	0	0	0	0.9	0.658
0	0	0	0	2.153	0	0	0	0	2.153	0	0	0	0	2.153	0	0	0	0	1	0	0	0	0	1	0	0	0	0	1	0.6	0	0	0.25	0.2	0	0.2	0	0	0	0.298	0.534
0	0	0	0	0	0	0	0	0	0	0	0	0	0	0	0	0	0	0	0	0	0	0	0	0	0	0	0	0	0	0	0	0	0	0	0	1	0	0	0	0.417	0.887
0	0	0	0	0	0	0	0	0	0	0	0	0	0	0	0	0	0	0	0	0	0	0	0	0	0	0	0	0	0	0.6	0	0.286	0	0.4	0	0	0.143	0	0.2	0	0.725
0	0	0	0	0	0	0	0	0	0	0	0	0	0	0	0	0	0	0	0	0	0	0	0	0	0	0	0	0	0	0	0	0	0	0	0.2	0	0	0	0.2	0	0.531
0	3.392	17.041	0	2.812	0	4.003	18.163	0	2.812	0	5.213	9.629	0	0	0	0.933	0.438	0	0.667	0	0.833	0.405	0	0.667	0	0.6	0.389	0	0	0	0.556	0.5	0	0	0.667	0.222	0.75	0	0	0	0.603
4.72	0.948	0	7.013	1.86	8.89	0.948	0.947	9.04	5.031	6.027	0.948	0.947	4.24	5.031	0.583	0	0	0.611	0.8	0.556	0	0	0.583	0.8	0.4	0	0	0.833	0.6	0	0.143	0	0	0	0	0	0	0	0	0.195	0.218
0	0	0	0	0	0	0	0	0	0	0	0	0	0	0	0	0	0	0	0	0	0	0	0	0	0	0	0	0	0	0	0	0.6	0.8	0.286	0	0	0	0.6	0.143	0	0.210
0	0	0	7.042	0	0	0	0	7.014	0	0	0	0	5.922	0	0	0	0	0.489	0	0	0	0	0.571	0	0	0	0	0.133	0	0.75	0.2	0.4	0	0.875	1	0.2	0.8	0	0.875	0	0.865
2.076	0	10.701	1.856	48.395	5.095	0	15.913	6.411	54.229	4.166	0	8.101	4.555	10.817	0.7	0	0.3	0.667	0.133	0.7	0	0.283	0.667	0.12	0	0	0.214	0.333	0.022	0.2	0.2	0	0	0	0	0.4	0	0	0	0	0.297
0	1.877	0	0	0	0	0.951	0	0	0.916	0	0.926	0	0	0.916	0	0	0	0	0	0	0	0	0	0	0	0	0	0	0	0.143	0	1	0	0.333	0	0	0.889	0	0	0.557	0.250
0	2.153	0	0	0	0	2.153	0	0	0	0	2.153	0	0	0	0	1	0	0	0	0	1	0	0	0	0	1	0	0	0	1	0.2	0	0	0.4	0	0	0.333	0	0.6	0	0.409
0	4.718	0	4.161	0	0	5.655	0	6.117	0	0	4.774	0	5.093	0	0	0.524	0	0.679	0	0	0.467	0	0.667	0	0	0.3	0	0.2	0	0.25	0	1	0.2	0.25	0	0	0	0	0	0.296	0.285
14.823	0	8.786	0	21.232	19.193	0	9.746	1.91	22.209	8.34	0	4.164	1.91	8.522	0.421	0	0.673	1	0.409	0.392	0	0.711	1	0.394	0.357	0	0.5	1	0.357	0	0.143	0	0.25	0.8	0	0.143	0	0	0.6	0.415	0.186
0	0	0.981	0	2.015	0	0	3.066	0	5.01	0	0	2.084	0	5.01	0	0	0.333	0	0.6	0	0	0.333	0	0.6	0	0	0	0	0.2	0	0	0	0	0.4	0	0	0	0	0	0.419	0.409
4.717	23.783	3.858	0	7.55	7.854	27.863	5.893	0	9.479	3.136	8.18	2.97	0	1.929	0.5	0.323	1	0	0.533	0.5	0.296	1	0	0.511	0	0.071	0.333	0	0	0.2	0	0	0.2	0	0	0.4	0	0	0	0.42	0.372
0	2.934	0	0	0	0	3.942	0	0	0	0	1.949	0	0	0	0	0.5	0	0	0	0	0.5	0	0	0	0	0	0	0	0	0.857	0	0	0	0	1	0	0	0	0	0.119	0.982
0	0.946	1.957	3.755	0	0	1.869	2.892	5.724	0	0	0	1.883	1.969	0	0	1	0.667	0.533	0	0	1	0.667	0.533	0	0	0	0	0	0	0	0	0	0	0.2	0	0	0	0	0	0.197	0.197
0.966	0.949	0	0	0	0.966	0.949	0	0	0	0	0	0	0	0	0	0	0	0	0	0	0	0	0	0	0	0	0	0	0	0.125	0	0	0	0.2	0	0	0	0	0.2	0	0.268
0	0	0	1.958	0	0	0	2.026	1.958	0	0	0	2.026	1.958	0	0	0	1	1	0	0	0	1	1	0	0	0	1	1	0	0	0	0.6	0.2	0.5	0	0	0.8	0	0	0.299	0.150
1.886	6.608	3.755	0	0.946	1.886	8.691	5.724	0	1.869	0.937	3.949	1.969	0	0	1	0.583	0.533	0	1	1	0.528	0.533	0	1	0	0.5	0	0	0	0	0	0	0.333	0	0	0	0	0	0	0.415	0.149
0	0	14.823	7.697	8.786	0	1.91	19.193	10.735	9.746	0	1.91	8.34	5.96	4.164	0	1	0.421	0.618	0.673	0	1	0.392	0.582	0.711	0	1	0.357	0.6	0.5	0.143	0.25	0	0	0	0.143	0	0	0	0	0.897	0.227
0.948	7.013	4.72	0	0	0.948	9.04	8.89	0	0.947	0.948	4.24	6.027	0	0.947	0	0.611	0.583	0	0	0	0.583	0.556	0	0	0	0.833	0.4	0	0	0.143	0	0	0.2	0	0	0	0	0.2	0	0.557	0.149
16.955	0	0	2.148	0	13.886	0	0	0.995	0	9.117	0	0	1.153	0	0.603	0	0	0	0	0.615	0	0	0	0	0.306	0	0	0	0	0	0.6	0.4	0.5	0.25	0	0.4	0	0.375	0	0	0.271
0	0	2.046	0	0	0	0	2.046	0	0	0	0	2.046	0	0	0	0	1	0	0	0	0	1	0	0	0	0	1	0	0	0	0	0	0.125	1	0	0	0	0	0	0.893	0.293
0	0	0	0	0.925	0	0	0	0	1.9	0	0	0	0	0.976	0	0	0	0	0	0	0	0	0	0	0	0	0	0	0	0.4	0.286	0	0.6	0.125	0.2	0.143	0	0	0	0.198	0.180
0	0	0	0	0	0	0	0	0	0	0	0	0	0	0	0	0	0	0	0	0	0	0	0	0	0	0	0	0	0	0	0	0	0	0	0	0	0	0	0	0	0.345
0	1.079	0	0	0	0	1.079	0	0	1.008	0	1.079	0	0	1.008	0	0	0	0	0	0	0	0	0	0	0	0	0	0	0	0.25	0.2	0.4	0	1	0	0	0	0	0	0.116	0.585
0	0	0	9.817	0	0	0	0	12.935	0	0	0	0	3.141	0	0	0	0	0.526	0	0	0	0	0.513	0	0	0	0	1	0	0	0	0	0	0	0	0.6	0	0	0	0.716	0.377
0	0	3.129	0	4.969	0	1.971	3.129	0	6.025	0	1.971	1.154	0	3.219	0	1	1	0	0.476	0	1	1	0	0.333	0	1	0	0	0.333	0	0	0	0.5	0	0	0	0	0	0	0.556	0.211
3.858	4.717	7.55	23.783	0	5.893	7.854	9.479	27.863	0	2.97	3.136	1.929	8.18	0	1	0.5	0.533	0.323	0	1	0.5	0.511	0.296	0	0.333	0	0	0.071	0	0	0.2	0	0	0.333	0	0	0	0.4	1	0.554	0.162
30.782	48.395	0	10.701	3.8	35.387	54.229	2.162	15.913	7.326	7.518	10.817	2.162	8.101	3.526	0.222	0.133	0	0.3	0.619	0.198	0.12	0	0.283	0.619	0.19	0.022	0	0.214	0.333	0	0	0.2	0	0	0	0	0.6	0	0	0.713	0.160
0	1.958	0	6.732	0	0	1.958	0	7.892	2.026	0	1.958	0	2.172	2.026	0	1	0	0.607	1	0	1	0	0.607	1	0	1	0	0	1	0	0.2	0	0	0.6	0	0	0	0	0.8	0	0.511
0	0	0	0	0	0	0	0	0	0	0	0	0	0	0	0	0	0	0	0	0	0	0	0	0	0	0	0	0	0	0	0	0	0	0	0.2	0	0	0	0	0.059	0.618
0	0	0.95	0	4.245	0	0	0.95	0.916	3.319	0	0	0	0.916	3.896	0	0	0	0	0.476	0	0	0	0	0.333	0	0	0	0	0.167	0	1	0	0.2	0	0	1	0	0	0	0	0.315
3.236	5.084	7.042	0	0	3.236	5.084	7.014	0	0	0.995	1.944	5.922	0	0	0.667	0.571	0.489	0	0	0.333	0.6	0.571	0	0	0	1	0.133	0	0	0.333	0.5	0	0.8	0.2	0	0.25	0	1	0.2	0.19	0.494
0	7.042	0	3.236	0	0	7.014	0	3.236	0	0	5.922	0	0.995	0	0	0.489	0	0.667	0	0	0.571	0	0.333	0	0	0.133	0	0	0	0.2	0	0.75	0.333	0.4	0.2	0	1	0	0.8	0	0.476
0	1.024	1.153	21.232	0	0	1.024	0	22.209	0	0	1.024	1.153	8.522	0	0	0	0	0.409	0	0	0	0	0.394	0	0	0	0	0.357	0	0.6	0.25	0	0.8	0.875	0	0	0	0.6	0.625	0	0.750
15.952	0	11.591	0	0	17.951	0	13.605	0	0	6.038	0	4.908	0	0	0.484	0	0.549	0	0	0.471	0	0.516	0	0	0.267	0	0.6	0	0	0	0	0	0	0	0	0	0	0	0	0.299	0.152
10.701	2.076	48.395	0	30.782	15.913	5.095	54.229	0	35.387	8.101	4.166	10.817	0	7.518	0.3	0.7	0.133	0	0.222	0.283	0.7	0.12	0	0.198	0.214	0	0.022	0	0.19	0	0.2	0	0.2	0	0	0	0	0.4	0	0	0.284
0	2.86	0	3.716	0	0	2.86	0	4.638	0	0	0	0	1.846	0	0	0.667	0	0.8	0	0	0.667	0	0.8	0	0	0	0	0	0	0	0	0	0	0.2	0	0	0.143	0	0	0.299	0.525
17.041	0	2.812	3.392	6.762	18.163	0	2.812	4.003	10.22	9.629	0	0	5.213	6.234	0.438	0	0.667	0.933	0.6	0.405	0	0.667	0.833	0.533	0.389	0	0	0.6	0.6	0.5	0	0	0.556	0.4	0.75	0.667	0	0.222	0.2	0.196	0.298
0	0	0	0	0	0	0	0	0	0	0	0	0	0	0	0	0	0	0	0	0	0	0	0	0	0	0	0	0	0	0.125	0	0	0	0	0	0	0	0	0	0.2	0.345
0	0	15.952	0	11.591	0	0	17.951	0	13.605	0	0	6.038	0	4.908	0	0	0.484	0	0.549	0	0	0.471	0	0.516	0	0	0.267	0	0.6	0	0	0	1	0	0	0	0	1	0	0.559	0.610
1.856	1.873	0	1.273	2.076	6.411	5.015	0	0	5.095	4.555	4.095	0	1.273	4.166	0.667	0.6	0	0	0.7	0.667	0.6	0	0	0.7	0.333	0.333	0	0	0	0	0	0.2	0	0.2	0	0	0.4	0	0	0.414	0.141
0.946	3.755	0	1.886	1.957	1.869	5.724	0	1.886	2.892	0	1.969	0	0.937	1.883	1	0.533	0	1	0.667	1	0.533	0	1	0.667	0	0	0	0	0	0	0	0	0	0	0	0	0	0	0	0.716	0.241
0	0	0	0	1.877	0	0	0	0	0.951	0	0	0	0	0.926	0	0	0	0	0	0	0	0	0	0	0	0	0	0	0	0	0	0	0	0	0	0	0	0	0	0.298	0.221
0	0	0	1.153	0	0	0	0	0	0	0	0	0	1.153	0	0	0	0	0	0	0	0	0	0	0	0	0	0	0	0	0	0.875	1	0	0.333	0	0.625	1	0	1	0	0.841
0	4.969	1.852	3.129	0	0	6.025	1.852	3.129	0	0	3.219	0	1.154	0	0	0.476	1	1	0	0	0.333	1	1	0	0	0.333	0	0	0	0.2	0	0	0	0.2	0	0	0	0	0.2	0.557	0.241
0	0	0	0	0	0	0	0	0	0	0	0	0	0	0	0	0	0	0	0	0	0	0	0	0	0	0	0	0	0	0	0	0	0	0	0	0	0	0	0.2	0.557	0.325
0	0	0	0	2.046	0	0	0	0	2.046	0	0	0	0	2.046	0	0	0	0	1	0	0	0	0	1	0	0	0	0	1	0	0.125	0	0	0	0	0	0	0	0	0.718	0.272
0	0	0	0	0	0	0	0	0	0	0	0	0	0	0	0	0	0	0	0	0	0	0	0	0	0	0	0	0	0	0.286	0.6	0.4	0	0	0.143	0	0.2	0	0	0.299	0.322
0	0.917	2.912	14.828	0	0	0.917	3.935	14.225	0	0	0	3.089	10.123	0	0	0	0.6	0.468	0	0	0	0.667	0.495	0	0	0	0	0.289	0	0	0	0.2	0.4	0.4	0	0	0	0	0.2	0.298	0.210
0	0	0	0	3.129	1.971	0	0	2.026	3.129	1.971	0	0	2.026	1.154	1	0	0	1	1	1	0	0	1	1	1	0	0	1	0	0	0.5	0	0.6	0	0	0	0	0.8	0	0.418	0.279
7.013	0	0.948	1.852	4.72	9.04	0	0.948	1.852	8.89	4.24	0	0.948	0	6.027	0.611	0	0	1	0.583	0.583	0	0	1	0.556	0.833	0	0	0	0.4	0	0.2	0.143	0	0	0	0.2	0	0	0	0.294	0.174
0	0	0	0	0	0	0	0.916	0.916	0	0	0	0.916	0.916	0	0	0	0	0	0	0	0	0	0	0	0	0	0	0	0	0	0	0.2	0.333	1	0	0.25	0	0	1	0.558	0.299
0	0	2.153	0	0	0	0	2.153	0	0	0	0	2.153	0	0	0	0	1	0	0	0	0	1	0	0	0	0	1	0	0	0	0.6	0.2	0	1	0	0	0	0.2	0	0.414	0.324
7.55	3.858	0	4.717	1.904	9.479	5.893	0	7.854	4.09	1.929	2.97	0	3.136	2.185	0.533	1	0	0.5	0.667	0.511	1	0	0.5	0.667	0	0.333	0	0	0	0	0	0.333	0.2	0.2	0	0	1	0	0	0.415	0.257
0	0	8.595	0	0	0	0	8.595	0	0.935	0	0	5.206	0	0.935	0	0	0.5	0	0	0	0	0.639	0	0	0	0	0.4	0	0	0.25	1	0	0.25	0.714	0	0	0	0	0.714	0	0.428
0	0.966	0	0.949	0.925	0	0.966	0	0.949	0.925	0	0	0	0	0	0	0	0	0	0	0	0	0	0	0	0	0	0	0	0	0	0.125	0.2	0	0	0	0	0.2	0	0	0	0.710
2.812	17.041	6.762	0	21.497	2.812	18.163	10.22	0	21.456	0	9.629	6.234	0	4.031	0.667	0.438	0.6	0	0.377	0.667	0.405	0.533	0	0.338	0	0.389	0.6	0	0.833	0	0.5	0.4	0	0.2	0	0.75	0.2	0.667	0.2	0.294	0.425
