0	1.765	0	0.886	0	1.762	3.427	3.407	0.886	0	1.762	3.427	3.407	0.886	0	1	0.667	1	0	0	1	0.667	1	0	0	1	0.5	1	0	0	0	0	0	0.2	0	0	0	0	0	0	0.716	0.316
12.488	21.284	0.886	0	1.765	15.287	22.147	0.886	0	3.427	6.643	8.882	0.886	0	3.427	0.342	0.379	0	0	0.667	0.342	0.375	0	0	0.667	0.4	0.393	0	0	0.5	0	0	0.2	0	0	0	0	0	0	0	0	0.711
0	0	6.838	0	0	0.966	0	9.279	0	0	0.966	0	9.279	0	0	0	0	0.639	0	0	0	0	0.472	0	0	0	0	0.5	0	0	0.25	0.333	0	0	0.2	0.5	0.667	0	0	0.2	0.415	0.446
0	0	17.783	0	0	0	0	22.944	0	2.653	0	0	12.842	0	2.653	0	0	0.297	0	0.667	0	0	0.296	0	0.667	0	0	0.364	0	0.667	0.2	0.4	0	0	0	0.2	1	0	0	0	0	0.675
0	1.673	0	18.266	0	0	3.124	0	20.312	0	0	3.124	0	8.743	1.233	0	1	0	0.438	0	0	1	0	0.414	0	0	0.667	0	0.429	0	0	0	0	0.25	0	0	0	0	0	0.333	0.897	0.441
6.687	0.826	5.811	0	0	7.805	2.675	9.67	1.746	0	6.356	2.675	7.908	1.746	0	0.556	0.667	0.356	0	0	0.571	0.667	0.311	0	0	0.533	0.333	0.214	0	0	0.4	0	0	0	0.857	0	0	0	0	1	0	0.462
0	0	0	0	0	0	0	0	0	0	0	0	0	0	0	0	0	0	0	0	0	0	0	0	0	0	0	0	0	0	0	0	0	0	0	0	0	0	0	0	0.196	0.867
0	0	0	0.891	0	0	0	0	0	0	0	0	0	0.891	0	0	0	0	0	0	0	0	0	0	0	0	0	0	0	0	0	0.6	1	0.2	0	0	0	1	0	0	0	0.882
0	3.563	0	0	6.892	0	3.563	0	0	7.736	0	0.955	0	0	4.032	0	0.833	0	0	0.929	0	0.833	0	0	0.929	0	0	0	0	0.833	0.667	0	1	0	0.25	0.333	0	0.889	0.2	0	0.117	0.958
0	0	0	1.088	0	0	0	0	1.088	0	0	0	0	1.088	0	0	0	0	0	0	0	0	0	0	0	0	0	0	0	0	0	0.4	0.25	0	0.25	0	0.6	0.625	0	0.75	0.558	0.288
0	0	1.741	0	0	0	0.975	1.741	0	0.975	0	0.975	0	0	0.975	0	0	0	0	0	0	0	0	0	0	0	0	0	0	0	0	0	0	0.2	0	0.2	0	0	0	0	0.298	0.910
8.491	11.604	8.918	1.812	14.764	14.811	17.496	16.116	3.757	22.899	9.594	8.19	10.312	1.945	12.901	0.667	0.642	0.681	1	0.486	0.667	0.642	0.681	1	0.486	0.643	0.733	0.75	1	0.644	0.25	0	0	0	0	0	0	0.2	0	0.333	0	0.402
0	0	0	0	0.894	0	0	0	0	0	0	0	0	0	0.894	0	0	0	0	0	0	0	0	0	0	0	0	0	0	0	0.2	0.667	0.75	0.714	0	0	0	1	0.286	0	0	0.951
0	1.536	0	2.457	0.855	0	0	1.157	2.457	1.789	0	1.536	1.157	2.457	1.789	0	0	0	0	1	0	0	0	0	1	0	0	0	0	1	0	0.2	0	0	0	0	0	0	0	0	0.3	0.565
1.741	0	0	0	0	1.741	0	0.975	0.975	0	0	0	0.975	0.975	0	0	0	0	0	0	0	0	0	0	0	0	0	0	0	0	0	0	0	0	0.75	0	0.2	0	0	0.375	0.557	0.817
0	0	0	0	21.284	0	0.87	0	0	22.147	0	0.87	0	0	8.882	0	0	0	0	0.379	0	0	0	0	0.375	0	0	0	0	0.393	0.2	0.2	0	0	0	0	0	0	0.667	0	0	0.852
2.636	2.038	0	5.548	4.77	3.764	1.878	1.857	7.346	4.77	2.178	2.863	1.857	5.671	4.77	0.7	0.333	0	0.536	0.667	1	0	0	0.5	0.667	0	0.333	0	0.467	0.667	0.25	0	0	0	0	0	0	0	0	0	0	0.719
22.406	14.764	10.709	8.918	8.615	33.282	22.899	21.236	16.116	17.453	16.701	12.901	14.932	10.312	13.128	0.348	0.486	0.515	0.681	0.633	0.344	0.486	0.515	0.681	0.633	0.474	0.644	0.53	0.75	0.6	0	0	0.333	0	0	0	0.333	1	0.2	0	0	0.481
5.811	6.687	0	0.826	2.853	9.67	7.805	0	2.675	3.777	7.908	6.356	0	2.675	3.777	0.356	0.556	0	0.667	0.333	0.311	0.571	0	0.667	0.167	0.214	0.533	0	0.333	0.333	0	0.4	0.857	0	0	0	0	1	0	0.125	0	0.395
0	0	5.211	0.898	0.854	0	0	5.728	0	0.854	0	0	7.074	0.898	1.051	0	0	0.5	0	1	0	0	0.6	0	0	0	0	0.429	0	0	1	0.5	0	0.2	0	0.333	0.75	0	0.2	0	0	0.962
0	0	0	0	0	0	0	0	0	0	0	0	0	0	0	0	0	0	0	0	0	0	0	0	0	0	0	0	0	0	0.8	0	0.8	0	0	0.8	0	0.6	0	0	0	0.956
7.956	0	0	0	0	7.956	0	0	0	0	2.97	0	0	0	0	0.607	0	0	0	0	0.607	0	0	0	0	0	0	0	0	0	0	0	0.2	0	0	0	0	0.2	0.143	0.2	0	0.322
7.856	0	6.412	17.783	1.815	12.081	2.653	12.299	22.944	5.706	6.041	2.653	8.847	12.842	5.706	0.449	0.667	0.394	0.297	0.533	0.436	0.667	0.379	0.296	0.533	0.667	0.667	0.5	0.364	0.533	0	0	0	0	0	0	0	0	0	0	0.898	0.618
0	0	0	0	0.875	0	0	0	0	0	0	0	0	0	0.875	0	0	0	0	0	0	0	0	0	0	0	0	0	0	0	0	0.25	0	0.25	0	0	0.75	0	0.625	0.2	0.419	0.899
0	0	0	-1	0	0	0	0	-1	0	0	0	0	-1	0	0	0	0	-1	0	0	0	0	-1	0	0	0	0	-1	0	0	0	0	-1	0	0	0	0	-1	0	0.299	0.999
0	0	0	0	0	0	0	0	0	0	1.81	0	0	0	0	0	0	0	0	0	0	0	0	0	0	0	0	0	0	0	0.25	1	0.8	0	0	0.25	0.625	0.4	0	0	0	0.640
1.991	1.727	0	8.197	0	3.029	2.608	0	11.02	1.732	2.185	0.88	0	4.745	1.732	0.667	0	0	0.303	0	0.667	0	0	0.303	0	1	0	0	0.2	0	0	0	0	0	0.2	0	0	0	0	0	0.055	0.435
12.882	5.649	0	0.847	0	5.925	2.097	0	0.847	0	13.115	5.887	0	0.847	0	0.628	1	0	0	0	0.4	1	0	0	0	0.394	0.7	0	0	0	0.571	1	0.667	0	0.25	0.857	1	0.667	0	0.25	0.299	0.632
0	0	0	0.83	12.166	0	0	0	0.83	7.977	0	0	0	0.83	5.633	0	0	0	0	0.822	0	0	0	0	0.429	0	0	0	0	0.833	0.667	0.6	0.8	0	1	1	1	1	0.125	0	0	0.986
0	0.825	0	0	0	0	1.714	0	0	0	0	0.889	0	0	0	0	1	0	0	0	0	1	0	0	0	0	0	0	0	0	0	0.6	0	0.4	0.25	0	0.2	0	0	0	0.556	0.234
0	0	0	0	0	0	0	0	0	0	0	0	0	0	0	0	0	0	0	0	0	0	0	0	0	0	0	0	0	0	0	0	0	0	0	0	0	0	0	0	0.198	0.247
7.363	6.046	9.724	29.874	2.627	11.446	9.802	14.465	36.357	9.533	4.083	7.25	4.808	17.1	7.756	0.682	0.655	0.575	0.31	0.489	0.682	0.655	0.575	0.308	0.489	0.333	0.429	0.3	0.457	0.25	0	0	0	0.333	0	1	0	0	0.444	0	0.557	0.794
5.943	2.949	0	0	0	6.935	0.883	0	0	0	4.374	3.847	0	0	0	0.5	0	0	0	0	0.619	0	0	0	0	0.333	0	0	0	0	0	0	1	0.333	0.6	0	0	1	0	0	0.299	0.644
29.375	0	2.43	2.796	0	36.414	0.877	5.251	4.827	1.746	15.31	0.877	4.415	4.827	1.746	0.241	0	0.5	0.3	0	0.233	0	0.5	0.3	0	0.22	0	0.333	0.3	0	0.5	0	0	0	0	0	0	0	0	0	0	0.404
0	0	7.288	0	0	0	0	8.247	0	0	0	0	6.493	0	0	0	0	0.611	0	0	0	0	0.444	0	0	0	0	0.429	0	0	0	0	0	0	0.8	0	0	0	0	1	0.893	0.242
0	-1	0	-1	0	0	-1	0	-1	0	0	-1	0	-1	0	0	-1	0	-1	0	0	-1	0	-1	0	0	-1	0	-1	0	0	-1	0	-1	0	0	-1	0	-1	0	0.899	0.999
2.014	2.737	0	2.719	2.785	2.881	2.733	0	5.44	4.506	2.881	2.895	0	3.693	3.682	0.333	0.833	0	0.4	0.4	0.333	0.667	0	0.4	0.4	0.333	1	0	0.5	0.5	0	0.25	0	0	0	0	0	0	0	0	0	0.255
0	20.009	0	14.695	0	0	23.594	0	18.423	0	0	7.977	0	5.818	0	0	0.377	0	0.374	0	0	0.377	0	0.374	0	0	0.381	0	0.333	0	0.6	0.5	0	0	0.4	0	0	0	0	0	0	0.821
0	0	0	0	0	0	0	0	0	0	0	1.81	0	0	0	0	0	0	0	0	0	0	0	0	0	0	0	0	0	0	0.8	0.25	0	1	0.75	0.4	0.25	0	0.625	1	0	0.951
0	12.478	41.837	0	0	0	9.451	37.637	0	0	0	7.404	16.096	1.233	0	0	0.514	0.214	0	0	0	0.378	0.236	0	0	0	0.619	0.231	0	0	0	0	0	0	0	0.8	0	0	0.333	0	0	0.466
17.364	0.854	5.548	5.211	2.038	21.238	0.854	7.346	5.728	1.878	11.353	1.051	5.671	7.074	2.863	0.273	1	0.536	0.5	0.333	0.268	0	0.5	0.6	0	0.164	0	0.467	0.429	0.333	0	0	0	0	0	0	0	0	0	0	0.419	0.328
0	0	0	0	17.783	0	0	0	0	22.944	0	0	0	0	12.842	0	0	0	0	0.297	0	0	0	0	0.296	0	0	0	0	0.364	0.4	0	0.2	0	0	1	0	0.2	0	0	0	0.938
1.536	2.457	0	0	0	0	2.457	0	1.157	1.157	1.536	2.457	0	1.157	1.157	0	0	0	0	0	0	0	0	0	0	0	0	0	0	0	0.2	0	0	0	0	0	0	0	0	0	0	0.541
0	0	0	0	0	0	0	0	0	0.975	0	0	0	0	0.975	0	0	0	0	0	0	0	0	0	0	0	0	0	0	0	0	0	0.2	0	0	0	0	0	0	0	0.415	0.197
0	0.898	0	0	5.211	0	0	0	0	5.728	0	0.898	0	0	7.074	0	0	0	0	0.5	0	0	0	0	0.6	0	0	0	0	0.429	0.5	0.2	1	0.2	0	0.75	0.2	0.333	0.2	0	0	0.840
0	0	15.43	0.903	0	0	0	16.824	1.745	0	0	0	6.93	0.842	0	0	0	0.444	0	0	0	0	0.333	0	0	0	0	0.333	0	0	0.2	0.25	0.4	0	0	0	0.5	0.4	0	0	0	0.555
3.563	0	0	10.435	0	3.563	0	0	10.435	0	0.955	0	0	6.256	0	0.833	0	0	0.861	0	0.833	0	0	0.389	0	0	0	0	0.8	0	0	0	0.667	0.8	1	0	0.2	0.333	0.6	0.889	0	0.537
0	6.838	18.266	0	1.673	0	9.279	20.312	0.966	3.124	0	9.279	8.743	0.966	3.124	0	0.639	0.438	0	1	0	0.472	0.414	0	1	0	0.5	0.429	0	0.667	0.2	0	0.25	0.25	0	0.2	0	0	0.5	0	0	0.733
0	0	0	0	0	0	0	0	0	0	0	0	0	0	0	0	0	0	0	0	0	0	0	0	0	0	0	0	0	0	0.667	0.5	0	0	0	0	0	0	0	0	0	0.944
0	0	0	0	0	0	0	0	0	0	0	0	0	0	0	0	0	0	0	0	0	0	0	0	0	0	0	0	0	0	1	0.6	0	1	0	1	0	0	1	0	0	0.976
0	1.731	0	0.873	0	0	1.731	0	0.873	0	0	1.731	0	0.873	0	0	1	0	0	0	0	1	0	0	0	0	1	0	0	0	0.333	0	0.25	0	1	0.667	0	0.25	0	1	0	0.906
0	2.796	29.375	13.463	2.43	0.877	4.827	36.414	18.658	5.251	0.877	4.827	15.31	7.111	4.415	0	0.3	0.241	0.386	0.5	0	0.3	0.233	0.386	0.5	0	0.3	0.22	0.467	0.333	0	0	0.5	0	0	0	0	0	0	0	0.417	0.674
0	5.811	2.853	6.687	1.823	0	9.67	3.777	7.805	0.943	0	7.908	3.777	6.356	4.573	0	0.356	0.333	0.556	0.2	0	0.311	0.167	0.571	0	0	0.214	0.333	0.533	0.2	0.857	0	0	0.4	0	1	0	0.125	0	0	0.119	0.969
0	0	0.855	1.536	0	1.157	0	1.789	0	0	1.157	0	1.789	1.536	0	0	0	1	0	0	0	0	1	0	0	0	0	1	0	0	0	0	0	0.2	0	0	0	0	0	0	0.716	0.386
0	0	7.956	0	0	0	0	7.956	0	0	0	0	2.97	0	0	0	0	0.607	0	0	0	0	0.607	0	0	0	0	0	0	0	0	0	0	0	0.2	0	0.143	0	0	0.2	0	0.540
0	0	0	0	0	0.87	0	0	0	0	0.87	0	0	0	0	0	0	0	0	0	0	0	0	0	0	0	0	0	0	0	0.2	0	0.2	1	0	0	0.667	0	1	0	0	0.748
0	0	0	0	0	0	0	0	0	0	0	0	0	1.81	0	0	0	0	0	0	0	0	0	0	0	0	0	0	0	0	0	0.8	0.75	0.25	0	0	0.4	1	0.25	0	0	0.879
0	4.714	0	0	0	0	2.773	0	0	0	0	4.714	0	0	0	0	0.2	0	0	0	0	0.333	0	0	0	0	0.2	0	0	0	0.6	0.6	0.875	0.667	0.667	0.4	0.6	0.75	1	1	0	0.898
0	0	0	0	0	0	0	0	0	0	0	1.81	0	0	0	0	0	0	0	0	0	0	0	0	0	0	0	0	0	0	0.8	0.6	0	0	0	0	0.6	0	0	0	0	0.754
6.838	0	0	0	18.266	9.279	0.966	0	0	20.312	9.279	0.966	0	0	8.743	0.639	0	0	0	0.438	0.472	0	0	0	0.414	0.5	0	0	0	0.429	0	0.25	0.2	0.333	0.25	0	0.5	0.2	0.667	0	0.557	0.335
4.169	0.875	3.685	0	1.919	4.994	0	3.685	0	4.002	4.994	0.875	3.685	0	4.002	0.3	0	0.333	0	0.5	0.3	0	0.167	0	0.5	0.3	0	0.333	0	0.5	0	0	0.2	0	0	0.333	0.2	0.2	0	0	0.197	0.246
0	0	6.892	3.563	6.703	0	0	7.736	3.563	9.451	0	0	4.032	0.955	4.954	0	0	0.929	0.833	0.8	0	0	0.929	0.833	0.8	0	0	0.833	0	0.7	1	0.667	0.25	0	0	0.889	0.333	0	0	0	0.298	0.966
5.143	8.615	3.619	10.709	28.933	14.312	17.453	10.108	21.236	38.12	12.326	13.128	8.248	14.932	12.166	0.833	0.633	0.867	0.515	0.222	0.833	0.633	0.867	0.515	0.216	0.689	0.6	0.786	0.53	0.6	0.2	0	0	0.333	0	0.4	0	0	1	0	0.12	0.337
3.685	4.169	1.919	0.875	5.471	3.685	4.994	4.002	0	6.415	3.685	4.994	4.002	0.875	5.651	0.333	0.3	0.5	0	0.607	0.167	0.3	0.5	0	0.476	0.333	0.3	0.5	0	0.8	0.2	0	0	0	0	0.2	0.333	0	0.2	0.333	0.198	0.636
0	0	0	0	0	0	0	0.975	0	0	0	0	0.975	0	0	0	0	0	0	0	0	0	0	0	0	0	0	0	0	0	0.2	0	0	0	0	0	0	0	0	0.2	0.059	0.712
2.038	5.548	2.636	17.364	0	1.878	7.346	3.764	21.238	1.857	2.863	5.671	2.178	11.353	1.857	0.333	0.536	0.7	0.273	0	0	0.5	1	0.268	0	0.333	0.467	0	0.164	0	0	0	0.25	0	0	0	0	0	0	0	0	0.481
1.727	8.197	1.991	0	0	2.608	11.02	3.029	0	0	0.88	4.745	2.185	0	0	0	0.303	0.667	0	0	0	0.303	0.667	0	0	0	0.2	1	0	0	0	0	0	0	0	0	0	0	0	0	0.896	0.208
0	0	0	0	0.825	0	0	0	0	0	0	0	0	0	0.825	0	0	0	0	0	0	0	0	0	0	0	0	0	0	0	0.667	0.75	0	0	0.2	1	0.5	0	0	0	0	0.963
4.77	0	0	2.636	0	4.77	1.857	0	3.764	0	4.77	1.857	0	2.178	0	0.667	0	0	0.7	0	0.667	0	0	1	0	0.667	0	0	0	0	0	0	0	0.25	0	0	0	0	0	0	0.119	0.315
0	0	0	0	16.601	0	0	0	0.975	17.685	0	0	0	0.975	7.35	0	0	0	0	0.439	0	0	0	0	0.409	0	0	0	0	0.429	0.2	0.75	0	0	0.6	0	0.375	0	0	0	0	0.554
1.731	0.873	0	1.132	0	1.731	0.873	0	0	0	1.731	0.873	0	1.132	0	1	0	0	0	0	1	0	0	0	0	1	0	0	0	0	0	0	0.333	0	0.25	0	0	0.667	0.125	0.25	0	0.503
0	0	0.904	0	0	0	0	0.904	0	0	0	0	0.904	0	0	0	0	0	0	0	0	0	0	0	0	0	0	0	0	0	0	0.2	0	0	0	0	0.2	0	0	0	0.42	0.552
21.284	0	12.488	0	0.886	22.147	0	15.287	0	0.886	8.882	0	6.643	0	0.886	0.379	0	0.342	0	0	0.375	0	0.342	0	0	0.393	0	0.4	0	0	0	0	0	0.2	0.2	0	0	0	0	0	0.196	0.418
0	0	0	0	0	0	0	0	0	0	0	0	0	0	0	0	0	0	0	0	0	0	0	0	0	0	0	0	0	0	0	0	0	0	0	0	0	0	0	0.2	0.556	0.794
7.288	0	0	0	0	8.247	0	0	0	0.966	6.493	0	0	0	0.966	0.611	0	0	0	0	0.444	0	0	0	0	0.429	0	0	0	0	0	0	0.8	0	0.5	0	0	1	0	1	0.415	0.160
9.724	7.363	2.627	6.046	0	14.465	11.446	9.533	9.802	0	4.808	4.083	7.756	7.25	0	0.575	0.682	0.489	0.655	0	0.575	0.682	0.489	0.655	0	0.3	0.333	0.25	0.429	0	0	0	0	0	0	0	1	0	0	0	0.419	0.490
0	0	5.126	0.841	0.857	0.865	0	7.653	0.841	2.656	0.865	0	2.526	0	0.865	0	0	0.714	0	0.333	0	0	0.714	0	0.333	0	0	0	0	0	0	0.5	0	0	0	0	0	0	0	0	0.113	0.449
9.788	0	0	0	0	10.677	0	0	0	0	0.889	0	0	0	0	0.636	0	0	0	0	0.636	0	0	0	0	0	0	0	0	0	0	0.25	0	0	0	0	0	0	0	0	0.296	0.661
20.009	14.695	0	1.435	0	23.594	18.423	0	1.435	0	7.977	5.818	0	1.435	0	0.377	0.374	0	0	0	0.377	0.374	0	0	0	0.381	0.333	0	0	0	0.5	0	0.6	0.2	0	0	0	0	0	0	0.195	0.818
0	0	0	0.904	1.08	0	0	0	0.904	1.08	0	0	0	0.904	1.08	0	0	0	0	0	0	0	0	0	0	0	0	0	0	0	0	0	0	0	0	0.4	0	0	0	0	0.298	0.688
0	0.83	0	0	0	0	0.83	0	0	0	0	0.83	0	0	0	0	0	0	0	0	0	0	0	0	0	0	0	0	0	0	0.6	0	0.667	0.25	0.8	1	0.125	1	0.25	1	0	0.745
0	6.732	0	0.954	4.344	0	7.426	0	0.954	5.193	0	5.831	0	0.954	3.501	0	0.511	0	0	0.8	0	0.321	0	0	0.7	0	0.6	0	0	1	0.2	0	0	0	0.111	0	0	0	0	0	0	0.819
0	0	0.825	0	0	0	0	0	0	0	0	0	0.825	0	0	0	0	0	0	0	0	0	0	0	0	0	0	0	0	0	0	0.667	0.2	0.75	1	0	1	0	0.5	1	0	0.668
0	12.882	0	5.649	0.83	0	5.925	0	2.097	0.83	0	13.115	0	5.887	0.83	0	0.628	0	1	0	0	0.4	0	1	0	0	0.394	0	0.7	0	0.667	0.571	0.25	1	0	0.667	0.857	0.25	1	0.125	0	0.780
0	0	17.166	0	3.252	0	0	20.879	0	0	0	0	6.938	0	3.252	0	0	0.486	0	0	0	0	0.486	0	0	0	0	0.667	0	0	0.4	0	0.2	0.6	0	0	0	0	0	0	0.298	0.539
12.478	0	0	0	41.837	9.451	0	0	0	37.637	7.404	1.233	0	0	16.096	0.514	0	0	0	0.214	0.378	0	0	0	0.236	0.619	0	0	0	0.231	0	0	0	0	0	0	0.333	0.8	0	0	0.419	0.551
1.815	6.412	3.841	7.856	8.942	5.706	12.299	8.368	12.081	12.997	5.706	8.847	8.368	6.041	8.709	0.533	0.394	0.536	0.449	0.41	0.533	0.379	0.5	0.436	0.41	0.533	0.5	0.536	0.667	0.429	0	0	0	0	0	0	0	0	0	0	0.896	0.317
0.841	13.599	0	0	0	0.841	10.44	0	0	0.865	0	8.871	0	0	0.865	0	0.448	0	0	0	0	0.333	0	0	0	0	0.464	0	0	0	0	0	0.5	0.4	0	0	0	0	0	0	0.556	0.421
0	0	0	0	0	0	0	0	0	0	0	0	0	0	0	0	0	0	0	0	0	0	0	0	0	0	0	0	0	0	0.2	1	0.2	0	0	0	1	0.2	0	0	0	0.734
0	0	0	2.216	7.956	0	0	0	2.216	7.956	0	0	0	2.216	2.97	0	0	0	1	0.607	0	0	0	1	0.607	0	0	0	1	0	0	0	0	0.2	0	0.143	0	0	0	0	0.716	0.411
0	0	0	0	0	0	0	0	0	0	0	0	0	0	1.81	0	0	0	0	0	0	0	0	0	0	0	0	0	0	0	0.75	0	0	0.8	0.6	1	0	0	0.4	0.6	0	0.984
4.714	0	0	0.934	0	2.773	0	0	0	0	4.714	0	0	0.934	0	0.2	0	0	0	0	0.333	0	0	0	0	0.2	0	0	0	0	0.6	0.667	0.6	0	0.875	0.6	1	0.4	0	0.75	0	0.636
0	20.211	2.12	1.805	0	0	21.519	2.12	1.805	0	0	4.61	2.12	1.805	0	0	0.498	1	1	0	0	0.494	1	1	0	0	0.667	1	1	0	1	0.4	0	0	0	1	0	0	0	0	0.196	0.971
0	2.216	0	1.08	0	0	2.216	0	1.08	0	0	2.216	0	1.08	0	0	1	0	0	0	0	1	0	0	0	0	1	0	0	0	0	0.2	0	0	0	0	0	0.143	0	0	0.294	0.648
0	0	0	2.12	0	0	0	0	2.12	0	0	0	0	2.12	0	0	0	0	1	0	0	0	0	1	0	0	0	0	1	0	0.714	0	0.667	0	0.2	0.286	0	0	0	0	0.557	0.920
0	7.288	0	0	0.83	0	8.247	0.966	0	0.83	0	6.493	0.966	0	0.83	0	0.611	0	0	0	0	0.444	0	0	0	0	0.429	0	0	0	0.8	0	0.5	0	0	1	0	1	0	0	0.556	0.825
0	5.471	4.628	1.919	5.214	0	6.415	5.669	4.002	9.93	0	5.651	5.669	4.002	9.93	0	0.607	0.733	0.5	0.289	0	0.476	0.667	0.5	0.267	0	0.8	0.733	0.5	0.289	0	0	0	0	0	0	0.333	0	0	0	0	0.395
2.853	0	1.823	5.811	7.008	3.777	0	0.943	9.67	9.969	3.777	0	4.573	7.908	4.629	0.333	0	0.2	0.356	0.436	0.167	0	0	0.311	0.436	0.333	0	0.2	0.214	0.1	0	0.857	0	0	0	0.125	1	0	0	0	0	0.445
11.996	0	16.044	0	9.106	5.249	0	14.004	0	7.854	11.126	0	9.329	0	8.541	0.603	0	0.373	0	0.621	0.2	0	0.305	0	0.429	0.378	0	0.361	0	0.571	0.667	1	0	0	0	1	1	0.6	0	0	0	0.699
18.266	0	1.673	6.838	0	20.312	0	3.124	9.279	0	8.743	0	3.124	9.279	0	0.438	0	1	0.639	0	0.414	0	1	0.472	0	0.429	0	0.667	0.5	0	0.25	0.2	0	0	0	0	0.2	0	0	0	0.718	0.301
2.796	13.463	0	0	29.375	4.827	18.658	0.877	0	36.414	4.827	7.111	0.877	0	15.31	0.3	0.386	0	0	0.241	0.3	0.386	0	0	0.233	0.3	0.467	0	0	0.22	0	0	0	0	0.5	0	0	0	0	0	0.12	0.538
0.894	0	0.891	0	0	0	0	0	0	0	0.894	0	0.891	0	0	0	0	0	0	0	0	0	0	0	0	0	0	0	0	0	0	0.75	0.2	0.2	0.6	0	1	0	0	0	0	0.478
1.819	0	7.216	6.703	1.435	4.452	0	11.368	9.451	1.435	2.633	0	5.242	4.954	1.435	0.4	0	0.742	0.8	0	0.4	0	0.742	0.8	0	0.667	0	0.7	0.7	0	0	0	0	0	0.2	0	0	0	0	0	0.896	0.582
0	0	3.478	0	0	0	0	3.478	0	0	0	0	0.896	0	0	0	0	0.833	0	0	0	0	0.833	0	0	0	0	0	0	0	0	0	0	0	0.4	0	0	0	0	0.2	0	0.574
2.719	0	2.737	0	2.014	5.44	0.891	2.733	0	2.881	3.693	0.891	2.895	0	2.881	0.4	0	0.833	0	0.333	0.4	0	0.667	0	0.333	0.5	0	1	0	0.333	0	0	0.25	0	0	0	0	0	0	0	0.559	0.378
8.918	8.491	14.764	11.604	22.406	16.116	14.811	22.899	17.496	33.282	10.312	9.594	12.901	8.19	16.701	0.681	0.667	0.486	0.642	0.348	0.681	0.667	0.486	0.642	0.344	0.75	0.643	0.644	0.733	0.474	0	0.25	0	0	0	0.2	0	0.333	0	0	0	0.778
0	0	0	0	0	0	0	0	0	0	0	0	0	0	0	0	0	0	0	0	0	0	0	0	0	0	0	0	0	0	0.125	0.8	0	1	0	0	0.4	0	1	0	0	0.766
0	0	0.83	12.882	0	0	0	0.83	5.925	0	0	0	0.83	13.115	0	0	0	0	0.628	0	0	0	0	0.4	0	0	0	0	0.394	0	0.25	0.667	0	0.571	0.6	0.25	0.667	0.125	0.857	1	0	0.817
29.874	12.856	6.046	8.732	7.363	36.357	17.804	9.802	16.143	11.446	17.1	10.525	7.25	10.552	4.083	0.31	0.536	0.655	0.575	0.682	0.308	0.536	0.655	0.575	0.682	0.457	0.444	0.429	0.578	0.333	0.333	0	0	0	0	0.444	0	0	0	1	0.298	0.520
0	0	21.284	0	12.488	0	0	22.147	0.87	15.287	0	0	8.882	0.87	6.643	0	0	0.379	0	0.342	0	0	0.375	0	0.342	0	0	0.393	0	0.4	0	0.2	0	0.2	0	0	0	0	0	0	0	0.545
0	0	0	0	0	0	0	0	0	0	0	0	0	1.81	0	0	0	0	0	0	0	0	0	0	0	0	0	0	0	0	0	0.8	0	0.6	0.4	0	0	0	0.6	0	0.419	0.400
0	0.934	4.714	2.569	0	0	0	2.773	1.676	0	0	0.934	4.714	2.569	0	0	0	0.2	0	0	0	0	0.333	0	0	0	0	0.2	0	0	0.667	0	0.6	0	0.6	1	0	0.6	0	0.4	0	0.952
0	0	0	0	0	0	0	0	0	0	0	0	0	0	0	0	0	0	0	0	0	0	0	0	0	0	0	0	0	0	0	0	0	0	0	0	0	0	0	0	0.897	0.835
0	17.783	7.856	0	6.412	2.653	22.944	12.081	0	12.299	2.653	12.842	6.041	0	8.847	0.667	0.297	0.449	0	0.394	0.667	0.296	0.436	0	0.379	0.667	0.364	0.667	0	0.5	0	0	0	0.2	0	0	0	0	0.2	0	0.417	0.535
3.85	0	0	5.214	5.08	6.482	0	0.89	9.93	8.742	6.482	0	0.89	9.93	7.858	0.095	0	0	0.289	0.278	0.095	0	0	0.267	0.25	0.095	0	0	0.289	0.286	0	0	0	0	0.333	0	0	0	0	0	0.298	0.239
10.185	0.969	0	0.836	0	13.002	3.014	0	3.482	0	5.968	2.045	0	1.793	0	0.505	0.333	0	0.833	0	0.505	0.333	0	0.833	0	0.333	1	0	1	0	0.4	0	0	0.6	0.4	0	0	0	0	0.6	0.197	0.567
0	0.903	0	0	15.43	0	1.745	0	0	16.824	0	0.842	0	0	6.93	0	0	0	0	0.444	0	0	0	0	0.333	0	0	0	0	0.333	0.25	0	0.2	0.5	0.4	0.5	0	0	0.25	0.4	0	0.429
0	0	-1	0	-1	0	0	-1	0	-1	0	0	-1	0	-1	0	0	-1	0	-1	0	0	-1	0	-1	0	0	-1	0	-1	0	0	-1	0	-1	0	0	-1	0	-1	0.898	0.999
2.216	1.08	0	0	0	2.216	1.08	0	0	0	2.216	1.08	0	0	0	1	0	0	0	0	1	0	0	0	0	1	0	0	0	0	0.2	0	0	0	0	0	0	0	0	0.143	0.056	0.321
0	0	0	0	0	0	0	0	0	0	0	0	0	0	0	0	0	0	0	0	0	0	0	0	0	0	0	0	0	0	0	0	0	0	0	0	0	0	0	0	0.556	0.997
0	0.825	0	0	0	0	0	0	0	0	0	0.825	0	0	0	0	0	0	0	0	0	0	0	0	0	0	0	0	0	0	1	0.2	0.8	0	0.125	1	0	0.4	0	0	0.298	0.987
12.856	8.732	29.874	0	6.046	17.804	16.143	36.357	0	9.802	10.525	10.552	17.1	0	7.25	0.536	0.575	0.31	0	0.655	0.536	0.575	0.308	0	0.655	0.444	0.578	0.457	0	0.429	0	0	0.333	0.8	0	0	0	0.444	1	0	0	0.611
0.855	0	0	0	8.197	1.789	1.157	0	0	11.02	1.789	1.157	0	0	4.745	1	0	0	0	0.303	1	0	0	0	0.303	1	0	0	0	0.2	0	0	0	0	0	0	0	0	0	0	0.414	0.188
0	0	4.344	6.732	4.994	0	0	5.193	7.426	2.525	0	0	3.501	5.831	5.004	0	0	0.8	0.511	0.667	0	0	0.7	0.321	1	0	0	1	0.6	0.7	0	0.2	0.111	0	0.333	0	0	0	0	0.333	0	0.593
0	0	0	0	0	0	0	0	0	0	0	0	0	0	0	0	0	0	0	0	0	0	0	0	0	0	0	0	0	0	0	0	0	0	0	0	0	0	0	0	0.72	0.753
0	0	0	0	0	0	0	0	0	0	0	0	0	0	0	0	0	0	0	0	0	0	0	0	0	0	0	0	0	0	0	0	0	0	0	0	0	0	0	0	0.018	0.976
0	0	12.478	0	0	0	0	9.451	0	0	1.233	0	7.404	0	0	0	0	0.514	0	0	0	0	0.378	0	0	0	0	0.619	0	0	0	0	0	0	0	0.333	0	0	0	0.8	0.19	0.723
8.197	0	1.727	0.855	1.991	11.02	0	2.608	1.789	3.029	4.745	0	0.88	1.789	2.185	0.303	0	0	1	0.667	0.303	0	0	1	0.667	0.2	0	0	1	1	0	0	0	0	0	0	0	0	0	0	0.717	0.368
0	0	0	0	1.741	0.975	0	0	0	1.741	0.975	0	0	0	0	0	0	0	0	0	0	0	0	0	0	0	0	0	0	0	0	0.2	0	0	0	0	0	0.2	0	0	0.414	0.407
0	0.891	0	0.894	0	0	0	0	0	0	0	0.891	0	0.894	0	0	0	0	0	0	0	0	0	0	0	0	0	0	0	0	0.6	0.2	0	0	1	0	0	0	0	1	0	0.847
0	0	0	0	0	0	0	0	0	0	0	0	0	0	0	0	0	0	0	0	0	0	0	0	0	0	0	0	0	0	0	0	0	0	0	0	0	0	0	0	0	0.988
10.709	22.406	8.615	14.764	5.143	21.236	33.282	17.453	22.899	14.312	14.932	16.701	13.128	12.901	12.326	0.515	0.348	0.633	0.486	0.833	0.515	0.344	0.633	0.486	0.833	0.53	0.474	0.6	0.644	0.689	0.333	0	0	0	0.2	1	0	0	0.333	0.4	0.059	0.802
11.604	1.812	8.491	0	8.918	17.496	3.757	14.811	0	16.116	8.19	1.945	9.594	0	10.312	0.642	1	0.667	0	0.681	0.642	1	0.667	0	0.681	0.733	1	0.643	0	0.75	0	0	0.25	0	0	0	0	0	0	0.2	0.12	0.755
0.954	0	6.732	0	0	0.954	0	7.426	0	0	0.954	0	5.831	0	0	0	0	0.511	0	0	0	0	0.321	0	0	0	0	0.6	0	0	0	0	0	0	0.2	0	0	0	0	0	0.292	0.406
5.126	0	0.857	0	1.824	7.653	0.865	2.656	0	3.152	2.526	0.865	0.865	0	1.328	0.714	0	0.333	0	1	0.714	0	0.333	0	1	0	0	0	0	0	0	0	0	0.5	0	0	0	0	0	0	0.897	0.474
0	3.85	5.08	0	0	0.89	6.482	8.742	0	0	0.89	6.482	7.858	0	0	0	0.095	0.278	0	0	0	0.095	0.25	0	0	0	0.095	0.286	0	0	0	0	0.333	0	0	0	0	0	0	0	0.558	0.260
16.044	11.996	9.106	0	0	14.004	5.249	7.854	0	0	9.329	11.126	8.541	0	0	0.373	0.603	0.621	0	0	0.305	0.2	0.429	0	0	0.361	0.378	0.571	0	0	0	0.667	0	1	0	0.6	1	0	1	0	0	0.435
0	0	0.825	0	0	0	0	1.714	0	0	0	0	0.889	0	0	0	0	1	0	0	0	0	1	0	0	0	0	0	0	0	0.4	0	0.6	0	0	0	0	0.2	0	0	0	0.778
17.783	0	0	0	7.856	22.944	0	2.653	0	12.081	12.842	0	2.653	0	6.041	0.297	0	0.667	0	0.449	0.296	0	0.667	0	0.436	0.364	0	0.667	0	0.667	0	0.2	0	0.4	0	0	0.2	0	1	0	0.2	0.161
0	0	9.788	0	0	0	0	10.677	0	0	0	0	0.889	0	0	0	0	0.636	0	0	0	0	0.636	0	0	0	0	0	0	0	0.25	0	0	0	0	0	0	0	0	0	0	0.963
0	0	0.894	0	0.891	0	0	0	0	0	0	0	0.894	0	0.891	0	0	0	0	0	0	0	0	0	0	0	0	0	0	0	0.75	0.2	0	0.667	0.2	1	0	0	0	0	0.417	0.983
0	0	0	0	1.812	0	0	0	0	3.757	0	0	0	0	1.945	0	0	0	0	1	0	0	0	0	1	0	0	0	0	1	0	0	0	0	0	0.2	0	0	0	0	0	0.692
0	0	0.83	7.288	0	0.966	0	0.83	8.247	0	0.966	0	0.83	6.493	0	0	0	0	0.611	0	0	0	0	0.444	0	0	0	0	0.429	0	0.5	0.8	0	0	0	1	1	0	0	0	0.417	0.704
0	0	0	0	0	0	0	0	0	0	0	0	0	0	0	0	0	0	0	0	0	0	0	0	0	0	0	0	0	0	0	0	0.8	0.667	0.8	0	0	0.8	0	0.6	0	0.980
0	0	0.875	0	4.169	0	0	0	0	4.994	0	0	0.875	0	4.994	0	0	0	0	0.3	0	0	0	0	0.3	0	0	0	0	0.3	0	0	0	0.25	0	0	0	0.2	0.75	0.333	0.898	0.797
0	0	0	0	3.478	0	0	0	0	3.478	0	0	0	0	0.896	0	0	0	0	0.833	0	0	0	0	0.833	0	0	0	0	0	0	0	0	0	0	0	0	0	0	0	0.298	0.372
0	0	0	0	0	0	0	0	0	0	0	0	0	0	0	0	0	0	0	0	0	0	0	0	0	0	0	0	0	0	0	0	0	0	0	0	0	0	0	0	0.717	0.159
0	0	0	1.731	0	0	0	0	1.731	0	0	0	0	1.731	0	0	0	0	1	0	0	0	0	1	0	0	0	0	1	0	0.25	0.333	1	0	0.4	0.25	0.667	1	0	0	0	0.879
0	1.741	0	0	0	0.975	1.741	0	0	0	0.975	0	0	0	0	0	0	0	0	0	0	0	0	0	0	0	0	0	0	0	0	0	0.75	0	0.2	0	0	0.375	0.2	0	0.556	0.337
0	0	0	20.009	17.166	0	0	0	23.594	20.879	0	0	0	7.977	6.938	0	0	0	0.377	0.486	0	0	0	0.377	0.486	0	0	0	0.381	0.667	0	0.6	0.4	0.5	0.2	0	0	0	0	0	0.198	0.532
0	1.088	0	2.106	0	0	1.088	0	3.781	0	0	1.088	0	3.781	0	0	0	0	0.667	0	0	0	0	0.667	0	0	0	0	0.667	0	0.4	0	0	0	0.25	0.6	0	0	0	0.625	0	0.724
0	0	0	4.994	0	0	0	0	2.525	0	0	0	0	5.004	0	0	0	0	0.667	0	0	0	0	1	0	0	0	0	0.7	0	0	0	0	0.333	1	0	0	0	0.333	1	0.556	0.362
0.904	0	0	0	0	0.904	0	0	0	0	0.904	0	0	0	0	0	0	0	0	0	0	0	0	0	0	0	0	0	0	0	0	0	0	0.2	0	0	0	0	0.2	0.4	0.299	0.304
0	0	0	0	0	0	0	0	0	0	0	0	1.81	0	0	0	0	0	0	0	0	0	0	0	0	0	0	0	0	0	0	0.75	0.6	0	0.8	0	1	0.6	0	0	0	0.941
0.969	0.836	10.185	2.587	0	3.014	3.482	13.002	6.665	0	2.045	1.793	5.968	4.077	0	0.333	0.833	0.505	0.714	0	0.333	0.833	0.505	0.714	0	1	1	0.333	0.5	0	0	0.6	0.4	0	0	0	0	0	0	0	0.72	0.286
1.805	3.252	20.211	17.166	0	1.805	0	21.519	20.879	0	1.805	3.252	4.61	6.938	0	1	0	0.498	0.486	0	1	0	0.494	0.486	0	1	0	0.667	0.667	0	0	0	0.4	0.2	1	0	0	0	0	1	0.418	0.303
6.046	29.874	7.363	12.856	9.724	9.802	36.357	11.446	17.804	14.465	7.25	17.1	4.083	10.525	4.808	0.655	0.31	0.682	0.536	0.575	0.655	0.308	0.682	0.536	0.575	0.429	0.457	0.333	0.444	0.3	0	0.333	0	0	0	0	0.444	1	0	0	0.554	0.479
1.823	2.853	7.008	0	0	0.943	3.777	9.969	0	0	4.573	3.777	4.629	0	0	0.2	0.333	0.436	0	0	0	0.167	0.436	0	0	0.2	0.333	0.1	0	0	0	0	0	0.857	0.333	0	0.125	0	1	0	0	0.679
0	0	0	4.714	0	0	0	0	2.773	0	0	0	0	4.714	0	0	0	0	0.2	0	0	0	0	0.333	0	0	0	0	0.2	0	0.875	0.6	0.667	0.6	1	0.75	0.4	1	0.6	1	0	0.967
0.903	0	0	0	0	1.745	0	0	0	0	0.842	0	0	0	0	0	0	0	0	0	0	0	0	0	0	0	0	0	0	0	0	0.5	0.25	0.333	0.2	0	0.25	0.5	1	0	0.298	0.358
0	0	0	0	0	0	0	0	0	0	0	0	0	0	0	0	0	0	0	0	0	0	0	0	0	0	0	0	0	0	0	0	0	0	0	0	0	0	0	0	0.055	0.481
0.83	0	0	0	0	0.83	0	0	0	0	0.83	0	0	0	0	0	0	0	0	0	0	0	0	0	0	0	0	0	0	0	0	0.25	0.6	0.667	0.667	0.125	0.25	1	0.667	1	0.2	0.495
0	0	0	0	0	0	0	0	0	0	0	0	0	0	0	0	0	0	0	0	0	0	0	0	0	0	0	0	0	0	0	0	0	0	0	0	0	0	0	0	0.716	0.962
0	0	0	0	18.069	0	0	0	0	18.959	0	0	0	0	4.468	0	0	0	0	0.268	0	0	0	0	0.263	0	0	0	0	0	0	1	0	0.6	0	0	1	0	0	0	0	0.827
0	0	2.719	5.08	2.737	0.891	0	5.44	8.742	2.733	0.891	0	3.693	7.858	2.895	0	0	0.4	0.278	0.833	0	0	0.4	0.25	0.667	0	0	0.5	0.286	1	0	0	0	0.333	0.25	0	0	0	0	0	0.42	0.274
0.836	2.587	0.969	0	10.185	3.482	6.665	3.014	0	13.002	1.793	4.077	2.045	0	5.968	0.833	0.714	0.333	0	0.505	0.833	0.714	0.333	0	0.505	1	0.5	1	0	0.333	0.6	0	0	0	0.4	0	0	0	0	0	0.717	0.379
0	0	1.132	0	0.873	0	0	0	0	0.873	0	0	1.132	0	0.873	0	0	0	0	0	0	0	0	0	0	0	0	0	0	0	0	1	0	0	0	0	1	0.125	0	0	0	0.990
0	2.014	2.785	2.737	0	0	2.881	4.506	2.733	0	0	2.881	3.682	2.895	0	0	0.333	0.4	0.833	0	0	0.333	0.4	0.667	0	0	0.333	0.5	1	0	0	0	0	0.25	0.333	0	0	0	0	1	0.717	0.298
0	0	0	0	0.825	0	0	0	0	1.714	0	0	0	0	0.889	0	0	0	0	1	0	0	0	0	1	0	0	0	0	0	0	0	0.4	0.8	0.6	0	0	0	0	0.2	0.294	0.547
0	0	0	9.788	0	0	0	0	10.677	0	0	0	0	0.889	0	0	0	0	0.636	0	0	0	0	0.636	0	0	0	0	0	0	0	0	0	0	0	0	0	0	0	0	0.292	0.390
0	41.837	0	0	0	0	37.637	0	0	0	0	16.096	0	0	0	0	0.214	0	0	0	0	0.236	0	0	0	0	0.231	0	0	0	0	0	0	0	0.2	0	0	0	0.8	0.2	0.419	0.414
0	0	0	0	0	0	0	0	0	0	0	0	0	0	0	0	0	0	0	0	0	0	0	0	0	0	0	0	0	0	0	0.125	0	0.8	0.5	0	0	0	0.4	0	0	0.940
0	0	0	0	0	0	0	0.87	0	0	0	0	0.87	0	0	0	0	0	0	0	0	0	0	0	0	0	0	0	0	0	0	1	0.2	0.667	0.2	0.667	1	0	1	0	0	0.897
15.43	0	0	0	0	16.824	0	0	0	0	6.93	0	0	0	0	0.444	0	0	0	0	0.333	0	0	0	0	0.333	0	0	0	0	0.4	0.2	0	0.25	1	0.4	0	0	0.5	1	0	0.389
0	0.855	8.197	0	1.727	0	1.789	11.02	1.157	2.608	0	1.789	4.745	1.157	0.88	0	1	0.303	0	0	0	1	0.303	0	0	0	1	0.2	0	0	0	0	0	0	0	0	0	0	0	0	0.119	0.822
0	0	0	0	0	0	0	0	0	0	0	0	0	0	0	0	0	0	0	0	0	0	0	0	0	0	0	0	0	0	0	0	0	0	0	0	0	0	0	0	0.417	0.356
7.008	1.823	0	2.853	2.949	9.969	0.943	0	3.777	0.883	4.629	4.573	0	3.777	3.847	0.436	0.2	0	0.333	0	0.436	0	0	0.167	0	0.1	0.2	0	0.333	0	0	0	0.333	0	0	0	0	0	0.125	0	0.298	0.369
0	0	0	0	0	0	0	0	0	0	0	0	0	0	0	0	0	0	0	0	0	0	0	0	0	0	0	0	0	0	0.667	0.875	1	0.6	0	1	0.75	1	0.4	0.667	0	0.964
8.732	0	12.856	5.974	29.874	16.143	0	17.804	13.409	36.357	10.552	0	10.525	11.62	17.1	0.575	0	0.536	0.808	0.31	0.575	0	0.536	0.808	0.308	0.578	0	0.444	0.709	0.457	0	0.8	0	0	0.333	0	1	0	0	0.444	0.419	0.322
0	0	0	0	0	0	0	0	0	0	0	0	0	0	0	0	0	0	0	0	0	0	0	0	0	0	0	0	0	0	0	0	0	0	0.2	0	0	0	0	0	0.417	0.595
0	0	0	0	0	0	0	0	0	0	0	0	0	0	0	0	0	0	0	0	0	0	0	0	0	0	0	0	0	0	0	0	0	0.333	0	0	0	0	1	0	0	0.566
5.974	28.933	0	3.619	8.732	13.409	38.12	0	10.108	16.143	11.62	12.166	0	8.248	10.552	0.808	0.222	0	0.867	0.575	0.808	0.216	0	0.867	0.575	0.709	0.6	0	0.786	0.578	0	0	0.8	0	0	0	0	1	0	0	0	0.358
0	6.703	1.819	6.892	7.216	0	9.451	4.452	7.736	11.368	0	4.954	2.633	4.032	5.242	0	0.8	0.4	0.929	0.742	0	0.8	0.4	0.929	0.742	0	0.7	0.667	0.833	0.7	0	0	0	0.25	0	0	0	0	0	0	0.897	0.657
5.468	0	0	0	0	4.567	0	0	0	0	3.55	0	0	0	0	0.381	0	0	0	0	0.5	0	0	0	0	0.5	0	0	0	0	0	0.4	0	0	0	0	0.6	0	0	0	0	0.436
1.435	7.216	14.695	1.819	20.009	1.435	11.368	18.423	4.452	23.594	1.435	5.242	5.818	2.633	7.977	0	0.742	0.374	0.4	0.377	0	0.742	0.374	0.4	0.377	0	0.7	0.333	0.667	0.381	0.2	0	0	0	0.5	0	0	0	0	0	0.298	0.327
0	0	0	4.77	0	0	0	0	4.77	0	0	0	0	4.77	0	0	0	0	0.667	0	0	0	0	0.667	0	0	0	0	0.667	0	0	0	0	0	0	0	0	0	0	0	0.558	0.311
0	0	0	0	0	0	0	0	0	0	0	0	0	0	0	0	0	0	0	0	0	0	0	0	0	0	0	0	0	0	0	0	0	0	0	0	0	0.2	0	0	0.418	0.700
0	0	0	0	0	0	0	0	0	0	0	0	0	0	0	0	0	0	0	0	0	0	0	0	0	0	0	0	0	0	0	0	1	0	0.2	0	0	1	0	0	0	0.884
0.83	0	0	0	0	0.83	0.966	0	0	0	0.83	0.966	0	0	0	0	0	0	0	0	0	0	0	0	0	0	0	0	0	0	0	0.5	0	0.8	0.333	0	1	0	1	0.667	0.713	0.305
0	2.12	0	0	0	0	2.12	0	0	0	0	2.12	0	0	0	0	1	0	0	0	0	1	0	0	0	0	1	0	0	0	0	0	0.714	1	0.667	0	0	0.286	1	0	0.715	0.330
9.904	0	0.847	0	5.649	6.72	0	0.847	0	2.097	11.531	0	0.847	0	5.887	0.822	0	0	0	1	0.533	0	0	0	1	0.528	0	0	0	0.7	0	0.2	0	1	1	0	0	0	1	1	0	0.762
0	0	0	0	1.132	0	0	0	0	0	0	0	0	0	1.132	0	0	0	0	0	0	0	0	0	0	0	0	0	0	0	1	0	0	0.6	0	1	0	0	0	0.125	0.2	0.978
0	0	0	0	0	0	0	0	0	0	0	0	0	0	1.81	0	0	0	0	0	0	0	0	0	0	0	0	0	0	0	0	0.4	1	0.2	0.25	0	0	0.625	0	0.25	0	0.929
0	0.83	0	0	0	0	0.83	0	0.966	0.966	0	0.83	0	0.966	0.966	0	0	0	0	0	0	0	0	0	0	0	0	0	0	0	0	0	0.333	0.5	0.25	0	0	0.667	1	0.5	0.556	0.131
0	0	0	0	0	0	0	0	0	0	0	0	0	0	0	0	0	0	0	0	0	0	0	0	0	0	0	0	0	0	0	0	0	0	0	0	0	0	0	0	0.198	0.982
0	2.116	0	0	9.904	0	0	0	0	6.72	0	2.116	0	0	11.531	0	1	0	0	0.822	0	0	0	0	0.533	0	1	0	0	0.528	1	0	0.2	0	0	1	0	0	0.2	0	0	0.987
0	0	16.601	0	0	0	0	17.685	0	0	0	0	7.35	0	0	0	0	0.439	0	0	0	0	0.409	0	0	0	0	0.429	0	0	0	0.2	0.6	0.75	0	0	0	0	0.375	0	0.415	0.366
0	0	0	0	0	0	0	0	0	0	0	0	0	0	0	0	0	0	0	0	0	0	0	0	0	0	0	0	0	0	0	0	0.5	0.125	0.667	0	0	0	0	0	0.197	0.564
0	0	5.468	10.185	0	0	0	4.567	13.002	0	0	0	3.55	5.968	0	0	0	0.381	0.505	0	0	0	0.5	0.505	0	0	0	0.5	0.333	0	0.4	0	0	0.4	0	0.6	0	0	0	0	0	0.717
20.211	1.805	0	3.252	2.12	21.519	1.805	0	0	2.12	4.61	1.805	0	3.252	2.12	0.498	1	0	0	1	0.494	1	0	0	1	0.667	1	0	0	1	0.4	0	1	0	0	0	0	1	0	0	0.298	0.434
0	0	0	0	13.599	0	0	0	0	10.44	0	0	0	0	8.871	0	0	0	0	0.448	0	0	0	0	0.333	0	0	0	0	0.464	0	0.8	0.4	0.8	0	0	0.6	0	0.8	0	0.417	0.685
0	0	0	0	0	0	0	0	0	0	0	0	0	0	0	0	0	0	0	0	0	0	0	0	0	0	0	0	0	0	0	0.2	0.2	0.2	0.4	0	0.2	0	0	0	0	0.473
41.837	0	0	12.478	0	37.637	0	0	9.451	0	16.096	0	0	7.404	0	0.214	0	0	0.514	0	0.236	0	0	0.378	0	0.231	0	0	0.619	0	0	0	0	0	0	0	0.8	0	0	0	0	0.433
0	0	2.116	7.956	0	0	0	0	7.956	0	0	0	2.116	2.97	0	0	0	1	0.607	0	0	0	0	0.607	0	0	0	1	0	0	0	0.2	0	0	1	0.2	0.2	0	0	1	0	0.464
0	15.43	0	0	11.996	0	16.824	0	0	5.249	0	6.93	0	0	11.126	0	0.444	0	0	0.603	0	0.333	0	0	0.2	0	0.333	0	0	0.378	0	0.4	1	0.2	0.667	0	0.4	1	0	1	0	0.726
0	0	10.435	1.824	0	0	0	10.435	3.152	0	0	0	6.256	1.328	0	0	0	0.861	1	0	0	0	0.389	1	0	0	0	0.8	0	0	0.25	0	0.8	0	0	0	0	0.6	0	0.2	0.417	0.801
5.08	0	0	3.85	0	8.742	0.89	0	6.482	0.891	7.858	0.89	0	6.482	0.891	0.278	0	0	0.095	0	0.25	0	0	0.095	0	0.286	0	0	0.095	0	0.333	0	0	0	0	0	0	0	0	0	0.198	0.349
0	0	18.069	0	0	0	0	18.959	0	0	0	0	4.468	0	0	0	0	0.268	0	0	0	0	0.263	0	0	0	0	0	0	0	0	0	0	1	0.2	0	0	0	1	0.2	0.419	0.614
0	0	0	0	0	0	0	0	0	0.87	0	0	0	0	0.87	0	0	0	0	0	0	0	0	0	0	0	0	0	0	0	1	0.667	0	0.875	0.2	1	1	0.667	0.75	0	0	0.982
0	2.627	2.587	9.724	0.836	0	9.533	6.665	14.465	3.482	0	7.756	4.077	4.808	1.793	0	0.489	0.714	0.575	0.833	0	0.489	0.714	0.575	0.833	0	0.25	0.5	0.3	1	0	0	0	0	0.6	0	0	0	0	0	0.055	0.695
0	0	1.08	0	2.216	0	0	1.08	0	2.216	0	0	1.08	0	2.216	0	0	0	0	1	0	0	0	0	1	0	0	0	0	1	0	0	0	0	0.2	0	0.4	0	0	0	0.716	0.303
0	0	0	0	0	0	0	0	0	0	0	0	0	0	0	0	0	0	0	0	0	0	0	0	0	0	0	0	0	0	0	0	0	0	0	0	0	0	0	0	0.418	0.983
0	0	0	0.83	6.838	0	0	0.966	0.83	9.279	0	0	0.966	0.83	9.279	0	0	0	0	0.639	0	0	0	0	0.472	0	0	0	0	0.5	0.333	0	0.25	0	0	0.667	0	0.5	0	0	0	0.765
6.412	7.856	1.815	0	3.841	12.299	12.081	5.706	2.653	8.368	8.847	6.041	5.706	2.653	8.368	0.394	0.449	0.533	0.667	0.536	0.379	0.436	0.533	0.667	0.5	0.5	0.667	0.533	0.667	0.536	0	0	0	0	0	0	0	0	0	0	0.897	0.178
0	0	0	0	0	0	0	0	0	0	0	0	0	0	0	0	0	0	0	0	0	0	0	0	0	0	0	0	0	0	0	0	0	0	0	0	0	0	0	0	0.894	0.920
0.934	2.569	0	0	4.714	0	1.676	0	1.732	2.773	0.934	2.569	0	1.732	4.714	0	0	0	0	0.2	0	0	0	0	0.333	0	0	0	0	0.2	0	0	0.667	0.2	0.6	0	0	1	0	0.6	0	0.716
0	9.788	0	0	0	0	10.677	0	0	0	0	0.889	0	0	0	0	0.636	0	0	0	0	0.636	0	0	0	0	0	0	0	0	0	0	0	0.25	0	0	0	0	0	0	0.898	0.298
0	0	0	12.166	0	0	0	0	7.977	0	0	0	0	5.633	0	0	0	0	0.822	0	0	0	0	0.429	0	0	0	0	0.833	0	0	0.333	0	1	0	0	1	0	0	0	0	0.511
5.214	4.628	0	0	3.85	9.93	5.669	0	0	6.482	9.93	5.669	0	0	6.482	0.289	0.733	0	0	0.095	0.267	0.667	0	0	0.095	0.289	0.733	0	0	0.095	0	0	0	0	0	0	0	0	0	0	0.298	0.182
5.471	1.919	0	3.685	4.628	6.415	4.002	0	3.685	5.669	5.651	4.002	0	3.685	5.669	0.607	0.5	0	0.333	0.733	0.476	0.5	0	0.167	0.667	0.8	0.5	0	0.333	0.733	0	0	0	0.2	0	0.333	0	0	0.2	0	0	0.609
0	0.841	0	13.599	5.126	0	0.841	0.865	10.44	7.653	0	0	0.865	8.871	2.526	0	0	0	0.448	0.714	0	0	0	0.333	0.714	0	0	0	0.464	0	0.5	0	0	0	0	0	0	0	0	0	0.554	0.781
0	0	9.904	2.116	0.847	0	0	6.72	0	0.847	0	0	11.531	2.116	0.847	0	0	0.822	1	0	0	0	0.533	0	0	0	0	0.528	1	0	0.2	1	0	0	0	0	1	0	0	0	0	0.610
0	0	0	0	0	0	0	0	0	0	0	0	0	0	0	0	0	0	0	0	0	0	0	0	0	0	0	0	0	0	0.25	0	0.25	0.4	0	0.625	0	0.75	0.6	0	0.9	0.768
0	0	0	0	0	0	0	0	0	0	0	0	0	0	0	0	0	0	0	0	0	0	0	0	0	0	0	0	0	0	0	0	0	0	0	0	0	0	0	0	0.716	0.702
0	5.974	8.732	28.933	12.856	0	13.409	16.143	38.12	17.804	0	11.62	10.552	12.166	10.525	0	0.808	0.575	0.222	0.536	0	0.808	0.575	0.216	0.536	0	0.709	0.578	0.6	0.444	0.8	0	0	0	0	1	0	0	0	0	0.298	0.920
0	5.214	3.85	4.628	0	0	9.93	6.482	5.669	0.89	0	9.93	6.482	5.669	0.89	0	0.289	0.095	0.733	0	0	0.267	0.095	0.667	0	0	0.289	0.095	0.733	0	0	0	0	0	0	0	0	0	0	0	0	0.598
0	7.008	2.949	1.823	5.943	0	9.969	0.883	0.943	6.935	0	4.629	3.847	4.573	4.374	0	0.436	0	0.2	0.5	0	0.436	0	0	0.619	0	0.1	0	0.2	0.333	0.333	0	0	0	0	0	0	0	0	0	0	0.544
0.873	1.132	1.731	0	0	0.873	0	1.731	0	0	0.873	1.132	1.731	0	0	0	0	1	0	0	0	0	1	0	0	0	0	1	0	0	0	0	0	0	0.333	0	0.125	0	0	0.667	0	0.586
0	0	0	0	0	0	0	0	0	0	0	0	1.81	0	0	0	0	0	0	0	0	0	0	0	0	0	0	0	0	0	1	0	0.25	0.4	0.8	0.625	0	0.25	0	0.4	0	0.984
0	0	0	0	0	0	0	0	0	0	0	0	0	0	0	0	0	0	0	0	0	0	0	0	0	0	0	0	0	0	1	0	0.2	0	0.2	1	0	0	0	0.2	0	0.999
0	0	0	0	2.457	0	0	1.157	0	2.457	0	0	1.157	0	2.457	0	0	0	0	0	0	0	0	0	0	0	0	0	0	0	0	0.4	0	1	0	0	0	0	1	0	0	0.563
0	0	0	0	0	0	0	0	0	0	0	0	0	0	0	0	0	0	0	0	0	0	0	0	0	0	0	0	0	0	0.8	0.8	0	0	0.4	0.6	0.8	0	0	0	0.117	0.985
18.069	0	0	0	0.898	18.959	0	0	0	0	4.468	0	0	0	0.898	0.268	0	0	0	0	0.263	0	0	0	0	0	0	0	0	0	0	0	0.2	0	0.2	0	0	0.2	0	0.2	0	0.339
0	18.069	0.898	0	0	0	18.959	0	0	0	0	4.468	0.898	0	0	0	0.268	0	0	0	0	0.263	0	0	0	0	0	0	0	0	0.2	0	0.2	0	0.5	0.2	0	0.2	0	0.75	0	0.746
16.601	0	0	0	0	17.685	0	0	0	0	7.35	0	0	0	0	0.439	0	0	0	0	0.409	0	0	0	0	0.429	0	0	0	0	0.6	0	0	0.2	0	0	0	0	0	0	0.298	0.301
2.785	0	0	2.014	0	4.506	0	0	2.881	0	3.682	0	0	2.881	0	0.4	0	0	0.333	0	0.4	0	0	0.333	0	0.5	0	0	0.333	0	0	0	0.333	0	0.5	0	0	1	0	0.25	0.556	0.503
13.463	0	2.796	0	0	18.658	0	4.827	3.407	0.877	7.111	0	4.827	3.407	0.877	0.386	0	0.3	1	0	0.386	0	0.3	1	0	0.467	0	0.3	1	0	0	0	0	0	0	0	0	0	0	0	0.415	0.616
7.216	1.819	1.435	0	14.695	11.368	4.452	1.435	0	18.423	5.242	2.633	1.435	0	5.818	0.742	0.4	0	0	0.374	0.742	0.4	0	0	0.374	0.7	0.667	0	0	0.333	0	0	0.2	0	0	0	0	0	0	0	0.56	0.817
14.764	8.918	22.406	8.491	10.709	22.899	16.116	33.282	14.811	21.236	12.901	10.312	16.701	9.594	14.932	0.486	0.681	0.348	0.667	0.515	0.486	0.681	0.344	0.667	0.515	0.644	0.75	0.474	0.643	0.53	0	0	0	0.25	0.333	0.333	0.2	0	0	1	0	0.774
0	16.601	0	0	0.954	0	17.685	0	0	0.954	0	7.35	0	0	0.954	0	0.439	0	0	0	0	0.409	0	0	0	0	0.429	0	0	0	0	0.6	0	0	0	0	0	0	0	0	0	0.695
0	0	0	0	0	0	0	0	0	0	0	0	0	0	0	0	0	0	0	0	0	0	0	0	0	0	0	0	0	0	0.2	0.2	0	1	0.2	0.2	0	0	1	0	0.299	0.730
0	0	0	0	0	0	0	0	0	0	0	0	0	0	0	0	0	0	0	0	0	0	0	0	0	0	0	0	0	0	0.5	0	0.667	0	0	0	0	0	0	0	0	0.704
0	0	0	0	0.904	0	0	0	0	0.904	0	0	0	0	0.904	0	0	0	0	0	0	0	0	0	0	0	0	0	0	0	0.2	0	0	0	0	0.2	0	0	0	0	0	0.511
0	4.77	0	0	0	0	4.77	0	1.857	0	0	4.77	0	1.857	0	0	0.667	0	0	0	0	0.667	0	0	0	0	0.667	0	0	0	0	0	0	0	0	0	0	0	0	0	0	0.729
0.825	0	0	0	0	1.714	0	0	0	0	0.889	0	0	0	0	1	0	0	0	0	1	0	0	0	0	0	0	0	0	0	0.6	0.4	0	0	0	0.2	0	0	0	0	0.2	0.892
0	12.166	0	0	0	0	7.977	0	0	0	0	5.633	0	0	0	0	0.822	0	0	0	0	0.429	0	0	0	0	0.833	0	0	0	0.333	1	0	0.8	0	1	0	0	1	0	0	0.973
3.619	5.143	28.933	8.615	5.974	10.108	14.312	38.12	17.453	13.409	8.248	12.326	12.166	13.128	11.62	0.867	0.833	0.222	0.633	0.808	0.867	0.833	0.216	0.633	0.808	0.786	0.689	0.6	0.6	0.709	0	0.2	0	0	0	0	0.4	0	0	0	0.294	0.320
6.732	0.954	0	0	0	7.426	0.954	0	0	0	5.831	0.954	0	0	0	0.511	0	0	0	0	0.321	0	0	0	0	0.6	0	0	0	0	0	0	0.2	0	0	0	0	0	0	0	0	0.431
0	0	0	0	0	0	0	0	0	0	0	0	0	0	0	0	0	0	0	0	0	0	0	0	0	0	0	0	0	0	0.25	0.25	0	0	0	0.75	0.625	0	0	0	0.055	0.823
0	9.106	0	16.044	0	0	7.854	0	14.004	0	0	8.541	0	9.329	0	0	0.621	0	0.373	0	0	0.429	0	0.305	0	0	0.571	0	0.361	0	0	0	0	0	0	0	0	0	0.6	0	0.299	0.712
1.824	0.857	0	5.126	0	3.152	2.656	0	7.653	0	1.328	0.865	0	2.526	0	1	0.333	0	0.714	0	1	0.333	0	0.714	0	0	0	0	0	0	0	0	0	0	0.25	0	0	0	0	0	0.299	0.349
2.587	0	0.836	2.627	0.969	6.665	0	3.482	9.533	3.014	4.077	0	1.793	7.756	2.045	0.714	0	0.833	0.489	0.333	0.714	0	0.833	0.489	0.333	0.5	0	1	0.25	1	0	0	0.6	0	0	0	0	0	0	0	0.556	0.315
0	5.08	0	0	2.719	0	8.742	0.891	0.89	5.44	0	7.858	0.891	0.89	3.693	0	0.278	0	0	0.4	0	0.25	0	0	0.4	0	0.286	0	0	0.5	0	0.333	0	0	0	0	0	0	0	0	0	0.480
0	0	0	0.825	0	0	0	0	0	0	0	0	0	0.825	0	0	0	0	0	0	0	0	0	0	0	0	0	0	0	0	0.8	1	0.125	0.2	0	0.4	1	0	0	0	0	0.794
1.08	0	2.216	0	0	1.08	0	2.216	0	0	1.08	0	2.216	0	0	0	0	1	0	0	0	0	1	0	0	0	0	1	0	0	0	0	0.2	0	0	0	0	0	0.4	0	0.297	0.268
17.166	0	3.252	0	1.805	20.879	0	0	0	1.805	6.938	0	3.252	0	1.805	0.486	0	0	0	1	0.486	0	0	0	1	0.667	0	0	0	1	0.2	0.4	0	0	0	0	0	0	0	0	0	0.794
0	10.185	0	0.969	5.468	0	13.002	0	3.014	4.567	0	5.968	0	2.045	3.55	0	0.505	0	0.333	0.381	0	0.505	0	0.333	0.5	0	0.333	0	1	0.5	0	0.4	0.4	0	0	0	0	0.6	0	0	0	0.777
3.478	0	0	0	0	3.478	0	0	0	0	0.896	0	0	0	0	0.833	0	0	0	0	0.833	0	0	0	0	0	0	0	0	0	0	0	0.4	0	0	0	0	0.2	0	0	0	0.269
0	3.478	0	0	0	0	3.478	0	0	0	0	0.896	0	0	0	0	0.833	0	0	0	0	0.833	0	0	0	0	0	0	0	0	0.4	0	0	0	0.75	0.2	0	0	0	0.5	0	0.789
2.569	0	0.934	0	0	1.676	1.732	0	0	0	2.569	1.732	0.934	0	0	0	0	0	0	0	0	0	0	0	0	0	0	0	0	0	0	0.2	0	0	0.667	0	0	0	0	1	0	0.462
0	2.785	0	0	0.903	0	4.506	0	0	1.745	0	3.682	0	0	0.842	0	0.4	0	0	0	0	0.4	0	0	0	0	0.5	0	0	0	0.333	0	0.5	0	0	1	0	0.25	0	0	0.417	0.876
0	1.991	0	1.727	2.569	0	3.029	1.732	2.608	1.676	0	2.185	1.732	0.88	2.569	0	0.667	0	0	0	0	0.667	0	0	0	0	1	0	0	0	0	0	0.2	0	0	0	0	0	0	0	0	0.966
0.875	0	4.169	0	3.685	0	0	4.994	0	3.685	0.875	0	4.994	0	3.685	0	0	0.3	0	0.333	0	0	0.3	0	0.167	0	0	0.3	0	0.333	0	0	0	0	0.2	0.2	0	0.333	0	0.2	0.059	0.510
0	0	2.569	1.991	0.934	1.732	0	1.676	3.029	0	1.732	0	2.569	2.185	0.934	0	0	0	0.667	0	0	0	0	0.667	0	0	0	0	1	0	0.2	0	0	0	0	0	0	0	0	0	0	0.526
0	0	0	0	0	0	0	0	0	0	0	0	0	0	0	0	0	0	0	0	0	0	0	0	0	0	0	0	0	0	1	0.25	0.4	0.333	0	1	0.25	0	0.667	0	0	0.987
0	0	0	5.468	0	0	0	0	4.567	0	0	0	0	3.55	0	0	0	0	0.381	0	0	0	0	0.5	0	0	0	0	0.5	0	0	0	0.4	0	0.2	0	0	1	0	0.2	0	0.470
5.548	17.364	2.038	0.854	2.636	7.346	21.238	1.878	0.854	3.764	5.671	11.353	2.863	1.051	2.178	0.536	0.273	0.333	1	0.7	0.5	0.268	0	0	1	0.467	0.164	0.333	0	0	0	0	0	0	0.25	0	0	0	0	0	0.299	0.430
0	0	0	41.837	0	0	0	0	37.637	0	0	0	0	16.096	0	0	0	0	0.214	0	0	0	0	0.236	0	0	0	0	0.231	0	0	0	0.2	0	0	0	0	0.2	0	0	0	0.664
1.132	0	0.873	0	1.731	0	0	0.873	0	1.731	1.132	0	0.873	0	1.731	0	0	0	0	1	0	0	0	0	1	0	0	0	0	1	0	0	0	1	0	0.125	0	0	1	0	0	0.719
1.812	0	11.604	0	8.491	3.757	0	17.496	0	14.811	1.945	0	8.19	0	9.594	1	0	0.642	0	0.667	1	0	0.642	0	0.667	1	0	0.733	0	0.643	0	0	0	0	0.25	0	0	0	0.2	0	0	0.196
0	0	2.457	0	1.536	1.157	0	2.457	0	0	1.157	0	2.457	0	1.536	0	0	0	0	0	0	0	0	0	0	0	0	0	0	0	0	0	0	0.4	0.2	0	0	0	0	0	0.298	0.439
0	0	0	0	0	0	0	0	0	0	0	0	0	0	0	0	0	0	0	0	0	0	0	0	0	0	0	0	0	0	0.75	0	0.667	0.4	0	0.5	0	1	0.2	0	0	0.739
2.737	2.719	2.014	0	0	2.733	5.44	2.881	0.891	0	2.895	3.693	2.881	0.891	0	0.833	0.4	0.333	0	0	0.667	0.4	0.333	0	0	1	0.5	0.333	0	0	0.25	0	0	0	0	0	0	0	0	0	0	0.459
2.949	0	5.943	7.008	0	0.883	0	6.935	9.969	0	3.847	0	4.374	4.629	0	0	0	0.5	0.436	0	0	0	0.619	0.436	0	0	0	0.333	0.1	0	0	0.333	0	0	1	0	0	0	0	1	0	0.540
0	4.994	0	4.344	0	0	2.525	0	5.193	0	0	5.004	0	3.501	0	0	0.667	0	0.8	0	0	1	0	0.7	0	0	0.7	0	1	0	0	0.333	0	0.111	0	0	0.333	0	0	0	0	0.907
0	0	0	1.673	12.478	0	0	0	3.124	9.451	0	0	1.233	3.124	7.404	0	0	0	1	0.514	0	0	0	1	0.378	0	0	0	0.667	0.619	0	0	0	0	0	0	0	0.333	0	0	0.896	0.391
0	10.435	3.563	0	0	0	10.435	3.563	0	0	0	6.256	0.955	0	0	0	0.861	0.833	0	0	0	0.389	0.833	0	0	0	0.8	0	0	0	0	0.8	0	0.25	0.667	0.2	0.6	0	0	0.333	0.556	0.496
13.599	0	0.841	0	0	10.44	0	0.841	0	0	8.871	0	0	0	0	0.448	0	0	0	0	0.333	0	0	0	0	0.464	0	0	0	0	0	0.4	0	0	0.5	0	0	0	0	0	0	0.586
2.106	8.942	1.088	3.841	0	3.781	12.997	1.088	8.368	0	3.781	8.709	1.088	8.368	0	0.667	0.41	0	0.536	0	0.667	0.41	0	0.5	0	0.667	0.429	0	0.536	0	0	0	0	0	0.4	0	0	0	0	0.6	0.556	0.263
8.615	10.709	5.143	22.406	3.619	17.453	21.236	14.312	33.282	10.108	13.128	14.932	12.326	16.701	8.248	0.633	0.515	0.833	0.348	0.867	0.633	0.515	0.833	0.344	0.867	0.6	0.53	0.689	0.474	0.786	0	0.333	0.2	0	0	0	1	0.4	0	0	0.299	0.207
0	1.824	0	0.857	10.435	0	3.152	0	2.656	10.435	0	1.328	0	0.865	6.256	0	1	0	0.333	0.861	0	1	0	0.333	0.389	0	0	0	0	0.8	0	0	0.25	0	0.8	0	0	0	0	0.6	0.19	0.778
6.892	0	6.703	0	0	7.736	0	9.451	0	0	4.032	0	4.954	0	0	0.929	0	0.8	0	0	0.929	0	0.8	0	0	0.833	0	0.7	0	0	0.25	1	0	0.667	0	0	0.889	0	0.333	0	0	0.679
0.847	9.904	5.649	0	12.882	0.847	6.72	2.097	0	5.925	0.847	11.531	5.887	0	13.115	0	0.822	1	0	0.628	0	0.533	1	0	0.4	0	0.528	0.7	0	0.394	0	0	1	0.2	0.571	0	0	1	0	0.857	0	0.757
0	0	0	1.741	0	0	0.975	0	1.741	0	0	0.975	0	0	0	0	0	0	0	0	0	0	0	0	0	0	0	0	0	0	0.75	0	0.2	0	0	0.375	0	0	0	0	0	0.812
0	0	11.996	15.43	16.044	0	0	5.249	16.824	14.004	0	0	11.126	6.93	9.329	0	0	0.603	0.444	0.373	0	0	0.2	0.333	0.305	0	0	0.378	0.333	0.361	1	0	0.667	0.4	0	1	0	1	0.4	0.6	0	0.959
2.12	0	0	20.211	0	2.12	0	0	21.519	0	2.12	0	0	4.61	0	1	0	0	0.498	0	1	0	0	0.494	0	1	0	0	0.667	0	0	1	0	0.4	0.714	0	1	0	0	0.286	0	0.471
0	0	0.954	16.601	6.732	0	0	0.954	17.685	7.426	0	0	0.954	7.35	5.831	0	0	0	0.439	0.511	0	0	0	0.409	0.321	0	0	0	0.429	0.6	0	0	0	0.6	0	0	0	0	0	0	0	0.387
0	0	0	5.943	0	0	0	0	6.935	0	0	0	0	4.374	0	0	0	0	0.5	0	0	0	0	0.619	0	0	0	0	0.333	0	0.6	1	1	0	0	0	1	1	0	0	0	0.949
12.166	0	0	0	0	7.977	0	0	0	0	5.633	0	0	0	0	0.822	0	0	0	0	0.429	0	0	0	0	0.833	0	0	0	0	1	0.8	0.333	0.667	0	0	1	1	1	0	0	0.765
1.919	3.685	5.471	4.169	0	4.002	3.685	6.415	4.994	0	4.002	3.685	5.651	4.994	0	0.5	0.333	0.607	0.3	0	0.5	0.167	0.476	0.3	0	0.5	0.333	0.8	0.3	0	0	0.2	0	0	0	0	0.2	0.333	0.333	0	0.118	0.303
0	2.43	0.826	29.375	6.687	1.746	5.251	2.675	36.414	7.805	1.746	4.415	2.675	15.31	6.356	0	0.5	0.667	0.241	0.556	0	0.5	0.667	0.233	0.571	0	0.333	0.333	0.22	0.533	0	0	0	0.5	0.4	0	0	0	0	0	0.296	0.316
3.841	1.815	8.942	6.412	2.106	8.368	5.706	12.997	12.299	3.781	8.368	5.706	8.709	8.847	3.781	0.536	0.533	0.41	0.394	0.667	0.5	0.533	0.41	0.379	0.667	0.536	0.533	0.429	0.5	0.667	0	0	0	0	0	0	0	0	0	0	0.417	0.204
1.765	0.886	0	12.488	0	3.427	0.886	1.762	15.287	3.407	3.427	0.886	1.762	6.643	3.407	0.667	0	1	0.342	1	0.667	0	1	0.342	1	0.5	0	1	0.4	1	0	0.2	0	0	0	0	0	0	0	0	0	0.585
0	0	0.903	2.785	0	0	0	1.745	4.506	0	0	0	0.842	3.682	0	0	0	0	0.4	0	0	0	0	0.4	0	0	0	0	0.5	0	0.5	0.333	0	0	0.25	0.25	1	0	0	0.5	0.018	0.663
0	0	1.812	0	11.604	0	0	3.757	0	17.496	0	0	1.945	0	8.19	0	0	1	0	0.642	0	0	1	0	0.642	0	0	1	0	0.733	0	0	0	0	0	0	0.2	0	0	0	0.115	0.429
0	2.636	4.77	2.038	0	1.857	3.764	4.77	1.878	0	1.857	2.178	4.77	2.863	0	0	0.7	0.667	0.333	0	0	1	0.667	0	0	0	0	0.667	0.333	0	0	0.25	0	0	0	0	0	0	0	0	0.558	0.293
0.857	5.126	1.824	0	0	2.656	7.653	3.152	0.865	0	0.865	2.526	1.328	0.865	0	0.333	0.714	1	0	0	0.333	0.714	1	0	0	0	0	0	0	0	0	0	0	0	0	0	0	0	0	0	0.9	0.262
0	0	13.599	0	0.841	0	0	10.44	0	0.841	0	0	8.871	0	0	0	0	0.448	0	0	0	0	0.333	0	0	0	0	0.464	0	0	0.4	0	0	0.8	0	0	0	0	0.6	0	0	0.929
0	0	0	9.106	0	0	0	0	7.854	0	0	0	0	8.541	0	0	0	0	0.621	0	0	0	0	0.429	0	0	0	0	0.571	0	0	0	0	0	0	0	0	0	0	0	0.195	0.376
14.695	1.435	20.009	7.216	0	18.423	1.435	23.594	11.368	0	5.818	1.435	7.977	5.242	0	0.374	0	0.377	0.742	0	0.374	0	0.377	0.742	0	0.333	0	0.381	0.7	0	0	0.2	0.5	0	0.6	0	0	0	0	0	0.56	0.333
0	0	0	0	0	0	0	0	0	0	0	0	0	0	0	0	0	0	0	0	0	0	0	0	0	0	0	0	0	0	0.667	0.714	0.2	0	0.75	0	0.286	0	0	1	0	0.971
0	0	13.463	0	2.796	0	3.407	18.658	1.762	4.827	0	3.407	7.111	1.762	4.827	0	1	0.386	1	0.3	0	1	0.386	1	0.3	0	1	0.467	1	0.3	0	0	0	0	0	0	0	0	0	0	0.19	0.887
0.854	5.211	17.364	0	5.548	0.854	5.728	21.238	0	7.346	1.051	7.074	11.353	0	5.671	1	0.5	0.273	0	0.536	0	0.6	0.268	0	0.5	0	0.429	0.164	0	0.467	0	0	0	1	0	0	0	0	0.333	0	0	0.831
0.825	0	0	0	0	0	0	0	0	0	0.825	0	0	0	0	0	0	0	0	0	0	0	0	0	0	0	0	0	0	0	0.2	0	1	0.667	0.8	0	0	1	1	0.4	0	0.718
0	0	0	0	0	0	0	0	0	0	1.81	0	0	0	0	0	0	0	0	0	0	0	0	0	0	0	0	0	0	0	0.6	0	0.8	0.75	0	0.6	0	0	1	0	0	0.627
3.252	17.166	1.805	0	20.211	0	20.879	1.805	0	21.519	3.252	6.938	1.805	0	4.61	0	0.486	1	0	0.498	0	0.486	1	0	0.494	0	0.667	1	0	0.667	0	0.2	0	0.4	0.4	0	0	0	0	0	0	0.461
0	0	0	0	0	0	0	0	0	1.157	0	0	0	0	1.157	0	0	0	0	0	0	0	0	0	0	0	0	0	0	0	0.4	1	0	0.25	0	0	1	0	0.25	0	0	0.713
0	0	0	0	7.288	0	0	0	0	8.247	0	0	0	0	6.493	0	0	0	0	0.611	0	0	0	0	0.444	0	0	0	0	0.429	0	0	0	0	0	0	0	0	0	0	0.897	0.347
0	5.468	0	0	0	0	4.567	0	0	0	0	3.55	0	0	0	0	0.381	0	0	0	0	0.5	0	0	0	0	0.5	0	0	0	0	0	0	0.4	0.4	0	0	0	0.6	1	0	0.937
0	0.904	0	0	0	0	0.904	0	0	0	0	0.904	0	0	0	0	0	0	0	0	0	0	0	0	0	0	0	0	0	0	0	0	0	0	0	0	0	0.4	0	0	0	0.568
0.826	0	6.687	2.43	5.811	2.675	1.746	7.805	5.251	9.67	2.675	1.746	6.356	4.415	7.908	0.667	0	0.556	0.5	0.356	0.667	0	0.571	0.5	0.311	0.333	0	0.533	0.333	0.214	0	0	0.4	0	0	0	0	0	0	0	0	0.426
0	0	0	3.478	0	0	0	0	3.478	0	0	0	0	0.896	0	0	0	0	0.833	0	0	0	0	0.833	0	0	0	0	0	0	0	0.4	0.75	0	0.667	0	0.2	0.5	0	1	0	0.727
4.344	0	4.994	0	0	5.193	0	2.525	0	0	3.501	0	5.004	0	0	0.8	0	0.667	0	0	0.7	0	1	0	0	1	0	0.7	0	0	0.111	0	0.333	0.2	0	0	0	0.333	0	0	0	0.459
1.088	2.106	0	8.942	0	1.088	3.781	0	12.997	0	1.088	3.781	0	8.709	0	0	0.667	0	0.41	0	0	0.667	0	0.41	0	0	0.667	0	0.429	0	0	0	0.4	0	0	0	0	0.6	0	0	0.418	0.471
2.116	0	0	0	0	0	0	0	0	0	2.116	0	0	0	0	1	0	0	0	0	0	0	0	0	0	1	0	0	0	0	0	0	1	0.2	0.2	0	0.2	1	0.2	0	0	0.531
28.933	3.619	5.974	5.143	0	38.12	10.108	13.409	14.312	0	12.166	8.248	11.62	12.326	0	0.222	0.867	0.808	0.833	0	0.216	0.867	0.808	0.833	0	0.6	0.786	0.709	0.689	0	0	0	0	0.2	0.8	0	0	0	0.4	1	0	0.219
8.942	3.841	2.106	1.815	1.088	12.997	8.368	3.781	5.706	1.088	8.709	8.368	3.781	5.706	1.088	0.41	0.536	0.667	0.533	0	0.41	0.5	0.667	0.533	0	0.429	0.536	0.667	0.533	0	0	0	0	0	0	0	0	0	0	0	0.299	0.272
10.435	0	0	0	3.563	10.435	0	0	0	3.563	6.256	0	0	0	0.955	0.861	0	0	0	0.833	0.389	0	0	0	0.833	0.8	0	0	0	0	0.8	0.25	0	0	0	0.6	0	0.2	0	0	0.117	0.769
0	0	0	0	0	0	0	0	0	0	0	0	0	0	0	0	0	0	0	0	0	0	0	0	0	0	0	0	0	0	0.4	0.2	0	0	1	0	0	0	0	0.625	0	0.764
2.627	9.724	0	7.363	2.587	9.533	14.465	0	11.446	6.665	7.756	4.808	0	4.083	4.077	0.489	0.575	0	0.682	0.714	0.489	0.575	0	0.682	0.714	0.25	0.3	0	0.333	0.5	0	0	0	0	0	0	0	0	1	0	0.556	0.187
0	0	0	1.765	13.463	3.407	1.762	0	3.427	18.658	3.407	1.762	0	3.427	7.111	1	1	0	0.667	0.386	1	1	0	0.667	0.386	1	1	0	0.5	0.467	0	0	0	0	0	0	0	0	0	0	0.556	0.419
9.106	16.044	0	11.996	0	7.854	14.004	0	5.249	0	8.541	9.329	0	11.126	0	0.621	0.373	0	0.603	0	0.429	0.305	0	0.2	0	0.571	0.361	0	0.378	0	0	0	0	0.667	0	0	0.6	0	1	0	0.199	0.562
0	0	0	0	0	0	0	0	0	0	0	0	0	0	0	0	0	0	0	0	0	0	0	0	0	0	0	0	0	0	0	0	0	0	0	0	0	0	0	0	0.718	0.310
0	0	0	0	0	0	0	0	0	0	0	0	0	0	0	0	0	0	0	0	0	0	0	0	0	0	0	0	0	0	0	0	0	0	0	0	0	0	0	0	0.557	0.875
0	0	12.166	0	0	0	0	7.977	0	0	0	0	5.633	0	0	0	0	0.822	0	0	0	0	0.429	0	0	0	0	0.833	0	0	0.8	0.667	1	0.6	0.333	1	1	0	1	1	0	0.828
0	0	0	0.825	9.788	0	0	0	1.714	10.677	0	0	0	0.889	0.889	0	0	0	1	0.636	0	0	0	1	0.636	0	0	0	0	0	0	0	0.25	0.6	0	0	0	0	0.2	0	0.19	0.498
4.994	4.344	0	0	0	2.525	5.193	0	0	0	5.004	3.501	0	0	0	0.667	0.8	0	0	0	1	0.7	0	0	0	0.7	1	0	0	0	0.333	0.111	0	0	0	0.333	0	0	0	0	0	0.578
0	0	0	0	-1	0	0	0	0	-1	0	0	0	0	-1	0	0	0	0	-1	0	0	0	0	-1	0	0	0	0	-1	0	0	0	0	-1	0	0	0	0	-1	0.897	0.896
5.649	0.847	12.882	9.904	0	2.097	0.847	5.925	6.72	0	5.887	0.847	13.115	11.531	0	1	0	0.628	0.822	0	1	0	0.4	0.533	0	0.7	0	0.394	0.528	0	1	0	0.571	0	0.667	1	0	0.857	0	0.667	0	0.766
0	0	0	0	0	0	0	0	0	0	0	0	0	0	0	0	0	0	0	0	0	0	0	0	0	0	0	0	0	0	0.2	0	0.4	0.2	0	0	0	0	0.2	0	0	0.682
6.703	6.892	0	0	1.819	9.451	7.736	0	0	4.452	4.954	4.032	0	0	2.633	0.8	0.929	0	0	0.4	0.8	0.929	0	0	0.4	0.7	0.833	0	0	0.667	0	0.25	0	1	0	0	0	0	0.889	0	0.294	0.750
0	0	0	0	0	0	0	0	0	0	0	0	0	0	0	0	0	0	0	0	0	0	0	0	0	0	0	0	0	0	0	0.667	0	0.5	0.8	0	0	0	0	0.8	0	0.911
2.457	0	1.536	0	0	2.457	1.157	0	0	0	2.457	1.157	1.536	0	0	0	0	0	0	0	0	0	0	0	0	0	0	0	0	0	0	0	0.2	0	0	0	0	0	0	0	0.294	0.353
5.211	0	0.854	0	17.364	5.728	0	0.854	0	21.238	7.074	0	1.051	0	11.353	0.5	0	1	0	0.273	0.6	0	0	0	0.268	0.429	0	0	0	0.164	0	1	0	0.5	0	0	0.333	0	0.75	0	0	0.532
0	5.943	0	2.949	0	0	6.935	0	0.883	0	0	4.374	0	3.847	0	0	0.5	0	0	0	0	0.619	0	0	0	0	0.333	0	0	0	1	0	0.6	0	1	1	0	0	0	1	0.298	0.979
0	7.956	0	0	2.116	0	7.956	0	0	0	0	2.97	0	0	2.116	0	0.607	0	0	1	0	0.607	0	0	0	0	0	0	0	1	0.2	0	0	0	0	0.2	0	0.2	0	0	0	0.664
0.886	12.488	1.765	21.284	0	0.886	15.287	3.427	22.147	1.762	0.886	6.643	3.427	8.882	1.762	0	0.342	0.667	0.379	1	0	0.342	0.667	0.375	1	0	0.4	0.5	0.393	1	0.2	0	0	0	0	0	0	0	0	0	0	0.839
1.673	18.266	0	0	0	3.124	20.312	0	0	0	3.124	8.743	0	0	0	1	0.438	0	0	0	1	0.414	0	0	0	0.667	0.429	0	0	0	0	0.25	0	0.2	0	0	0	0	0.2	0	0.718	0.419
2.43	29.375	0	0	0.826	5.251	36.414	1.746	0.877	2.675	4.415	15.31	1.746	0.877	2.675	0.5	0.241	0	0	0.667	0.5	0.233	0	0	0.667	0.333	0.22	0	0	0.333	0	0.5	0	0	0	0	0	0	0	0	0.42	0.367
4.628	0	5.214	5.471	0	5.669	0	9.93	6.415	0	5.669	0	9.93	5.651	0	0.733	0	0.289	0.607	0	0.667	0	0.267	0.476	0	0.733	0	0.289	0.8	0	0	0	0	0	0	0	0	0	0.333	0	0.554	0.598
0.891	0.894	0	0	0	0	0	0	0	0	0.891	0.894	0	0	0	0	0	0	0	0	0	0	0	0	0	0	0	0	0	0	0.2	0	0.6	0.75	0	0	0	0	1	0	0	0.630
0.898	0	0	18.069	0	0	0	0	18.959	0	0.898	0	0	4.468	0	0	0	0	0.268	0	0	0	0	0.263	0	0	0	0	0	0	0.2	0.2	0.5	0	1	0.2	0.2	0.75	0	0.333	0	0.623
