0	0	0	0	0	0	0	0	0	0	0	0	0	0	0	0	0	0	0	0	0	0	0	0	0	0	0	0	0	0	0	0	0	0	0	0	0	0	0	0	0.417	0.729
0.962	5.734	3.81	8.688	2.773	6.885	12.451	10.335	15.344	8.798	6.885	11.54	12.236	10.681	8.798	0.714	0.561	0.606	0.486	0.778	0.714	0.545	0.756	0.476	0.778	0.571	0.564	0.485	0.511	0.611	0.5	0	0	0	0	0	0	0	0	0	0	0.639
5.836	0	9.679	0	0	6.807	0	8.497	0	0	2	0	5.866	0	0	0.571	0	0.382	0	0	0.571	0	0.444	0	0	0	0	0.2	0	0	0	0	0	0	0	0	0	0	0	0.333	0.557	0.318
0	0	0	0	0	0	0	0	0	0	0	0	0	0	0	0	0	0	0	0	0	0	0	0	0	0	0	0	0	0	0.75	0.333	0	0	0.5	0.75	0.333	0	0.333	1	0.296	0.894
1.829	5.614	6.99	2.923	16.026	5.847	11.58	12.102	9.846	24.651	4.018	8.741	9.143	8.928	16.783	0.933	0.652	0.606	0.644	0.341	0.933	0.652	0.606	0.644	0.333	0.833	0.639	0.5	0.528	0.3	0	0	0	0	0.2	0.333	0	0	0	0.8	0.19	0.632
0	0	1.018	0	0	0	0	1.018	0	0	0	0	1.018	0	0	0	0	0	0	0	0	0	0	0	0	0	0	0	0	0	0.2	0.25	0	0.2	0	0.4	0	0	0	0	0	0.957
0	0	0	0	0	0	0	0	0	0	0	0	0	0	0	0	0	0	0	0	0	0	0	0	0	0	0	0	0	0	1	0	0	0	0	0	0	0	0	0	0	0.979
0	1.018	0	0	0	0	1.018	0	0	0	0	1.018	0	0	0	0	0	0	0	0	0	0	0	0	0	0	0	0	0	0	0	0	0.2	0.2	0	0	0	0	0.4	0	0.299	0.300
0	0.908	0	0	0	0	1.795	0	0	0	0	0.887	0	0	0	0	1	0	0	0	0	1	0	0	0	0	0	0	0	0	0.6	0.25	0	0	0	1	0	0.333	0	0	0.298	0.950
9.241	10.6	4.783	0	2.844	12.68	14.815	7.877	0	4.778	3.439	12.915	3.094	0	2.902	0.5	0.39	0.571	0	0.6	0.5	0.39	0.571	0	0.6	0.333	0.231	0.667	0	0.667	0	0.333	0	0	1	0	0.333	0	0	0.25	0.715	0.218
0	0	0	0	0	0	0	0	0	2.018	0	0	0	0	2.018	0	0	0	0	0	0	0	0	0	0	0	0	0	0	0	0	1	0	0	0	0	0	0	0	0	0.419	0.969
0	0	1.128	0	13.762	0	2	5.19	0	19.065	0	2	5.19	0	12.341	0	0	0.4	0	0.439	0	0	0.4	0	0.433	0	0	0.4	0	0.333	0	0.25	0	0	0	0	0	0	0	0	0.419	0.762
0	0	0	0.908	7.531	0	0	0	1.795	7.531	0	0	0	0.887	6.642	0	0	0	1	0.607	0	0	0	1	0.607	0	0	0	0	0.524	0	0.6	0	0.25	0.2	0.333	1	0	0	0.2	0.298	0.774
0	0	0	0	0	0	0	0	0	0	0	0	0	0	0	0	0	0	0	0	0	0	0	0	0	0	0	0	0	0	0	0	0	0	0	0	0	0	0	0	0.12	0.579
0	0	0	0	0	0	0	0	0	0	0	0	0	0	0	0	0	0	0	0	0	0	0	0	0	0	0	0	0	0	0	0	0	0	0	0	0	0	0	0	0.415	0.528
0	0	5.836	0	9.679	0	0	6.807	0	8.497	0	0	2	0	5.866	0	0	0.571	0	0.382	0	0	0.571	0	0.444	0	0	0	0	0.2	0	0	0	0	0	0	0	0	0	0	0.717	0.390
0	2.844	3.856	4.783	0	0	4.778	5.928	7.877	0	0	2.902	3.031	3.094	0	0	0.6	0.733	0.571	0	0	0.6	0.733	0.571	0	0	0.667	0.667	0.667	0	0	1	0	0	0.2	0	0.25	0	0	0	0.19	0.902
0	0	0	0	0	0.945	0	0	0	0.945	0.945	0	0	0	0.945	0	0	0	0	0	0	0	0	0	0	0	0	0	0	0	0	0.6	0.889	0.2	0	0	1	0.444	0	0.2	0.419	0.366
2.923	2.953	5.614	0	1.829	9.846	10.896	11.58	3.792	5.847	8.928	10.005	8.741	3.792	4.018	0.644	0.745	0.652	0.5	0.933	0.644	0.745	0.652	0.5	0.933	0.528	0.622	0.639	0.5	0.833	0	0	0	0.6	0	0	0	0	0	0.333	0.715	0.329
0	0	0	0	1.128	2	0	0	0	5.19	2	0	0	0	5.19	0	0	0	0	0.4	0	0	0	0	0.4	0	0	0	0	0.4	0.25	0	0	0	0	0	0	0	0	0	0.116	0.681
11.814	7.819	5.786	0.922	8.589	12.848	10.046	6.955	0.922	11.568	4.045	5.095	3.068	0.922	4.884	0.423	0.578	0.619	0	0.485	0.423	0.578	0.619	0	0.485	0.833	0.7	1	0	0.5	0	0	0	0	0	0	0.5	0	0	0	0.897	0.470
0	2.849	0.922	0	7.819	0	2.849	0.922	0	10.046	0	2.849	0.922	0	5.095	0	0.667	0	0	0.578	0	0.667	0	0	0.578	0	0.667	0	0	0.7	0.4	0.5	0	0	0	0.6	0.25	0	0.333	0.5	0	0.804
0	0	0	0	0	0	0	0	0	0	0	0	0	0	0	0	0	0	0	0	0	0	0	0	0	0	0	0	0	0	0.5	0	0.8	0.75	0.667	1	0	0.8	0.75	1	0.718	0.907
0	0	0	7.531	2.015	0	0	0	7.531	0.893	0	0	0	6.642	2.015	0	0	0	0.607	1	0	0	0	0.607	0	0	0	0	0.524	0	0.2	1	0.6	0.2	0.25	0.2	1	0.2	0.2	0.25	0	0.736
0	0	0	0	0	0	0	0	0	0	0	0	0	0	0	0	0	0	0	0	0	0	0	0	0	0	0	0	0	0	0	0.75	0.5	0.333	0.8	0	0.75	1	0.333	0.8	0.714	0.254
0	0	0	0	0	0	0	0	0	0	0	0	0	0	0	0	0	0	0	0	0	0	0	0	0	0	0	0	0	0	0	0	1	0.143	0	0	0	0	0.286	0	0.296	0.267
2.953	0	2.923	14.951	5.614	10.896	3.792	9.846	24.468	11.58	10.005	3.792	8.928	17.358	8.741	0.745	0.5	0.644	0.372	0.652	0.745	0.5	0.644	0.364	0.652	0.622	0.5	0.528	0.41	0.639	0	0.6	0	0.75	0	0	0	0	0	0	0.717	0.282
0	0	0	0	0	0	0	2.018	0	0	0	0	2.018	0	0	0	0	0	0	0	0	0	0	0	0	0	0	0	0	0	0	0	0	1	0	0	0	0	0	0	0.894	0.198
0	0	0	0	0	0	0	0	0	0	0	0	0	0	0	0	0	0	0	0	0	0	0	0	0	0	0	0	0	0	0	0	0	0	0	0	0	0	0	0	0.715	0.970
7.531	0	0	0	0	7.531	0	0	0	0	6.642	0	0	0	0	0.607	0	0	0	0	0.607	0	0	0	0	0.524	0	0	0	0	0.2	0	1	0	0.2	0.2	0	1	0.333	0.2	0.198	0.554
5.614	2.923	1.829	2.953	6.99	11.58	9.846	5.847	10.896	12.102	8.741	8.928	4.018	10.005	9.143	0.652	0.644	0.933	0.745	0.606	0.652	0.644	0.933	0.745	0.606	0.639	0.528	0.833	0.622	0.5	0	0	0	0	0	0	0	0.333	0	0	0.896	0.674
8.688	1.035	5.734	13.762	0.962	15.344	3.094	12.451	19.065	6.885	10.681	4.045	11.54	12.341	6.885	0.486	0.833	0.561	0.439	0.714	0.476	1	0.545	0.433	0.714	0.511	0.833	0.564	0.333	0.571	0	0.4	0	0	0.5	0	0	0	0	0	0.415	0.234
16.026	6.99	0	1.829	10.6	24.651	12.102	0	5.847	14.815	16.783	9.143	0	4.018	12.915	0.341	0.606	0	0.933	0.39	0.333	0.606	0	0.933	0.39	0.3	0.5	0	0.833	0.231	0.2	0	0	0	0.333	0.8	0	0	0.333	0.333	0.117	0.462
0	0	0	0	0	0	0	2	0	0	0	0	2	0	0	0	0	0	0	0	0	0	0	0	0	0	0	0	0	0	0	0	0.25	0	0	0	0	0	0	0	0.896	0.288
0	3.856	0	0	0	0	5.928	0	0	0.945	0	3.031	0	0	0.945	0	0.733	0	0	0	0	0.733	0	0	0	0	0.667	0	0	0	0.2	0	0.6	0	0	0	0	1	0	0	0.296	0.411
0	0	2.849	0	0	0	0	2.849	0	0	0	0	2.849	0	0	0	0	0.667	0	0	0	0	0.667	0	0	0	0	0.667	0	0	0	0.429	0.5	0.4	0.4	0.333	1	0.25	0.4	0.6	0.117	0.620
5.786	11.814	8.589	7.819	0	6.955	12.848	11.568	10.046	0	3.068	4.045	4.884	5.095	0	0.619	0.423	0.485	0.578	0	0.619	0.423	0.485	0.578	0	1	0.833	0.5	0.7	0	0	0	0	0	0	0	0	0	0.5	0	0.893	0.528
2.844	4.783	0	9.241	3.856	4.778	7.877	0	12.68	5.928	2.902	3.094	0	3.439	3.031	0.6	0.571	0	0.5	0.733	0.6	0.571	0	0.5	0.733	0.667	0.667	0	0.333	0.667	1	0	0	0	0	0.25	0	0	0	0	0.896	0.727
0	0	0	0	2.849	0	0	0	0	2.849	0	0	0	0	2.849	0	0	0	0	0.667	0	0	0	0	0.667	0	0	0	0	0.667	0.429	0.4	0	0.333	0.5	1	0.4	0.333	1	0.25	0.418	0.939
8.589	5.786	0	11.814	0.908	11.568	6.955	0	12.848	1.795	4.884	3.068	0	4.045	0.887	0.485	0.619	0	0.423	1	0.485	0.619	0	0.423	1	0.5	1	0	0.833	0	0	0	0	0	0.25	0	0	0	0	0	0.557	0.276
1.018	0	0	0	0	1.018	0	0	0	0	1.018	0	0	0	0	0	0	0	0	0	0	0	0	0	0	0	0	0	0	0	0	0.2	0	0.25	0.2	0	0.4	0	0	0	0.415	0.202
0	0	0	-1	0	0	0	0	-1	0	0	0	0	-1	0	0	0	0	-1	0	0	0	0	-1	0	0	0	0	-1	0	0	0	0	-1	0	0	0	0	-1	0	0.894	0.998
5.734	8.688	0.962	1.035	3.81	12.451	15.344	6.885	3.094	10.335	11.54	10.681	6.885	4.045	12.236	0.561	0.486	0.714	0.833	0.606	0.545	0.476	0.714	1	0.756	0.564	0.511	0.571	0.833	0.485	0	0	0.5	0.4	0	0	0	0	0	0	0.417	0.279
0	0	7.531	0	0	0	0	7.531	0	0	0	0	6.642	0	0	0	0	0.607	0	0	0	0	0.607	0	0	0	0	0.524	0	0	0	0	0.2	0.6	1	0	0.333	0.2	1	1	0	0.635
2.015	0	0	0	0	0.893	0	0	0	1.86	2.015	0	0	0	1.86	1	0	0	0	0	0	0	0	0	0	0	0	0	0	0	0.25	0.6	0	0.2	0	0.25	0.2	0.333	0.2	0	0.296	0.403
3.856	0	0	2.844	0	5.928	0	0	4.778	0	3.031	0	0	2.902	0	0.733	0	0	0.6	0	0.733	0	0	0.6	0	0.667	0	0	0.667	0	0	0	0.2	1	0.6	0	0	0	0.25	1	0.197	0.288
0	0	0	0	0	0	0	0	0	0	0	0	0	0	0	0	0	0	0	0	0	0	0	0	0	0	0	0	0	0	0	0.2	0	0	0	0	0	0	0	0	0.718	0.813
2.849	0	0	0	0.922	2.849	0	0	0	0.922	2.849	0	0	0	0.922	0.667	0	0	0	0	0.667	0	0	0	0	0.667	0	0	0	0	0.5	0	0.4	0.429	0	0.25	0.333	0.6	1	0	0.296	0.753
0	0	0	0	0	0	0	0	0	0	0	0	0	0	0	0	0	0	0	0	0	0	0	0	0	0	0	0	0	0	0.667	0.8	0.2	0.5	0.25	1	0.8	0	1	0	0.117	0.977
9.679	5.836	0	0	0	8.497	6.807	0	0	0	5.866	2	0	0	0	0.382	0.571	0	0	0	0.444	0.571	0	0	0	0.2	0	0	0	0	0	0	0	0	0.333	0	0	0.333	0	0.333	0.294	0.204
0	8.589	0.908	5.786	0	0	11.568	1.795	6.955	0	0	4.884	0.887	3.068	0	0	0.485	1	0.619	0	0	0.485	1	0.619	0	0	0.5	0	1	0	0	0	0.25	0	0.6	0	0	0	0	1	0.899	0.270
0	9.679	0	5.836	0	0	8.497	0	6.807	0	0	5.866	0	2	0	0	0.382	0	0.571	0	0	0.444	0	0.571	0	0	0.2	0	0	0	0	0	0.333	0	0.75	0.333	0	0.333	0	0.75	0.198	0.763
0	0	0	0	0	0	0.945	0.945	0	0	0	0.945	0.945	0	0	0	0	0	0	0	0	0	0	0	0	0	0	0	0	0	0.889	0	0	0.6	0.143	0.444	0	0.2	1	0.286	0.414	0.985
6.99	1.829	16.026	5.614	0	12.102	5.847	24.651	11.58	0	9.143	4.018	16.783	8.741	0	0.606	0.933	0.341	0.652	0	0.606	0.933	0.333	0.652	0	0.5	0.833	0.3	0.639	0	0	0	0.2	0	0	0	0.333	0.8	0	0	0.713	0.583
2.773	3.81	14.951	0.962	0	8.798	10.335	24.468	6.885	3.792	8.798	12.236	17.358	6.885	3.792	0.778	0.606	0.372	0.714	0.5	0.778	0.756	0.364	0.714	0.5	0.611	0.485	0.41	0.571	0.5	0	0	0.75	0.5	0.6	0	0	0	0	0	0.554	0.279
0	0	0	0	0.934	0	2.018	0.976	0	0.934	0	2.018	0.976	0	0	0	0	0	0	0	0	0	0	0	0	0	0	0	0	0	0	0	0	0	0	0	0	0	0	0	0.9	0.240
0	0	0	0	0	0	0	0	0	0	0	0	0	0	0	0	0	0	0	0	0	0	0	0	0	0	0	0	0	0	0	0	0	0.2	0	0	0	0	0	0	0.899	0.791
0	0	0	0	0	0.945	0	0	0.945	0	0.945	0	0	0.945	0	0	0	0	0	0	0	0	0	0	0	0	0	0	0	0	0	0.889	0.143	0	0	0.2	0.444	0.286	0	0	0.298	0.520
13.762	1.128	1.035	0	8.688	19.065	5.19	3.094	0	15.344	12.341	5.19	4.045	0	10.681	0.439	0.4	0.833	0	0.486	0.433	0.4	1	0	0.476	0.333	0.4	0.833	0	0.511	0	0	0.4	0	0	0	0	0	0	0	0.557	0.513
0	0	0	0	0	2.018	0	0	0	0.976	2.018	0	0	0	0.976	0	0	0	0	0	0	0	0	0	0	0	0	0	0	0	0	0	0	0	0	0	0	0	0	0	0.717	0.273
0	0	0	0	0	0	0	0	0	0	0	0	0	0	0	0	0	0	0	0	0	0	0	0	0	0	0	0	0	0	0.8	0.5	0.667	0	0.2	0.8	1	1	0	0	0.299	0.954
0.908	0	0	8.589	0	1.795	0	0	11.568	0	0.887	0	0	4.884	0	1	0	0	0.485	0	1	0	0	0.485	0	0	0	0	0.5	0	0.25	0	0.6	0	0	0	0	1	0	0.333	0.894	0.311
0	0	2.015	0	0	0	0	0.893	0	0	0	0	2.015	0	0	0	0	1	0	0	0	0	0	0	0	0	0	0	0	0	0.6	0.2	0.25	1	0	0.2	0.2	0.25	1	0.333	0	0.760
1.035	13.762	8.688	1.128	5.734	3.094	19.065	15.344	5.19	12.451	4.045	12.341	10.681	5.19	11.54	0.833	0.439	0.486	0.4	0.561	1	0.433	0.476	0.4	0.545	0.833	0.333	0.511	0.4	0.564	0.4	0	0	0	0	0	0	0	0	0	0	0.607
0	0	0	0	0	0	0	0	0	2	0	0	0	0	2	0	0	0	0	0	0	0	0	0	0	0	0	0	0	0	0	0	0	0	0.25	0	0	0	0	0	0.715	0.408
0	0	0	5.713	0	0	0	0	6.755	0	0	0	0	2.072	0	0	0	0	0.571	0	0	0	0	0.571	0	0	0	0	0	0	0.4	0.333	0.429	0	0	0.4	1	1	0.333	0.333	0.196	0.441
0	7.531	0	0	0	0	7.531	0	0	0	0	6.642	0	0	0	0	0.607	0	0	0	0	0.607	0	0	0	0	0.524	0	0	0	1	0.2	0.2	0	0.6	1	0.2	0.2	0	0.2	0.117	0.995
0	0	0	0	-1	0	0	0	0	-1	0	0	0	0	-1	0	0	0	0	-1	0	0	0	0	-1	0	0	0	0	-1	0	0	0	0	-1	0	0	0	0	-1	0.894	0.815
0	0	0	3.856	0	0	0	0.945	5.928	0	0	0	0.945	3.031	0	0	0	0	0.733	0	0	0	0	0.733	0	0	0	0	0.667	0	0.6	0.2	0	0	0.889	1	0	0	0	0.444	0	0.896
0	0	0.934	0	5.713	0.976	0	0.934	2.018	6.755	0.976	0	0	2.018	2.072	0	0	0	0	0.571	0	0	0	0	0.571	0	0	0	0	0	0	0	0	0	0	0	0	0	0	0.333	0.896	0.321
0	0	0	0	0	0	0	0	0	0	0	0	0	0	0	0	0	0	0	0	0	0	0	0	0	0	0	0	0	0	0	0	0	0	0	0	0	0	0	0	0.415	0.365
0.934	0	5.713	0	0	0.934	0.976	6.755	0	0	0	0.976	2.072	0	0	0	0	0.571	0	0	0	0	0.571	0	0	0	0	0	0	0	0	0	0	0	0.333	0	0	0.333	0	1	0.714	0.512
5.713	0.934	0	0	0	6.755	0.934	0	0.976	0	2.072	0	0	0.976	0	0.571	0	0	0	0	0.571	0	0	0	0	0	0	0	0	0	0	0	0.333	0	0.4	0.333	0	1	0	0.4	0.117	0.435
0	0	0	0	5.836	0	0	0	1.86	6.807	0	0	0	1.86	2	0	0	0	0	0.571	0	0	0	0	0.571	0	0	0	0	0	0	0	0	0	0	0	0	0	0	0	0.718	0.412
0	-1	0	-1	0	0	-1	0	-1	0	0	-1	0	-1	0	0	-1	0	-1	0	0	-1	0	-1	0	0	-1	0	-1	0	0	-1	0	-1	0	0	-1	0	-1	0	0.896	0.998
0	0	0	0	0	0	0	0	0	0	0	0	0	0	0	0	0	0	0	0	0	0	0	0	0	0	0	0	0	0	0	0	0	0	0	0	0	0	0	0	0.195	0.328
0	0	0	2.015	0	1.86	0	0	0.893	0	1.86	0	0	2.015	0	0	0	0	1	0	0	0	0	0	0	0	0	0	0	0	0	0	0	0.25	0	0	0.333	0	0.25	0	0.897	0.296
0	0	0	0	1.018	0	0	0	0	1.018	0	0	0	0	1.018	0	0	0	0	0	0	0	0	0	0	0	0	0	0	0	0.25	0.2	0.2	0.667	0	0	0	0.4	1	0	0.296	0.675
10.6	0	9.241	16.026	4.783	14.815	0	12.68	24.651	7.877	12.915	0	3.439	16.783	3.094	0.39	0	0.5	0.341	0.571	0.39	0	0.5	0.333	0.571	0.231	0	0.333	0.3	0.667	0.333	0	0	0.2	0	0.333	0	0	0.8	0	0.117	0.483
0.922	0	7.819	2.849	11.814	0.922	0	10.046	2.849	12.848	0.922	0	5.095	2.849	4.045	0	0	0.578	0.667	0.423	0	0	0.578	0.667	0.423	0	0	0.7	0.667	0.833	0	0.4	0	0.5	0	0	0.6	0.5	0.25	0	0.414	0.285
0	0	0	0	0	0	0	0	0.945	0	0	0	0	0.945	0	0	0	0	0	0	0	0	0	0	0	0	0	0	0	0	0	0.143	0	0	1	0	0.286	0	0.2	0	0.415	0.468
0	16.026	10.6	6.99	9.241	0	24.651	14.815	12.102	12.68	0	16.783	12.915	9.143	3.439	0	0.341	0.39	0.606	0.5	0	0.333	0.39	0.606	0.5	0	0.3	0.231	0.5	0.333	0	0.2	0.333	0	0	0	0.8	0.333	0	0	0.294	0.622
0	0	0	1.018	0	0	0	0	1.018	0	0	0	0	1.018	0	0	0	0	0	0	0	0	0	0	0	0	0	0	0	0	0.2	0	0	0	0	0	0	0	0	0	0	0.520
14.951	2.773	0	3.81	2.953	24.468	8.798	3.792	10.335	10.896	17.358	8.798	3.792	12.236	10.005	0.372	0.778	0.5	0.606	0.745	0.364	0.778	0.5	0.756	0.745	0.41	0.611	0.5	0.485	0.622	0.75	0	0.6	0	0	0	0	0	0	0	0	0.488
7.819	0.922	11.814	0	5.786	10.046	0.922	12.848	0	6.955	5.095	0.922	4.045	0	3.068	0.578	0	0.423	0	0.619	0.578	0	0.423	0	0.619	0.7	0	0.833	0	1	0	0	0	0.4	0	0.5	0	0	0.6	0	0.296	0.622
0	0	0	0	0	0	1.86	0	0	0	0	1.86	0	0	0	0	0	0	0	0	0	0	0	0	0	0	0	0	0	0	0	0	0	0	0	0	0	0	0.333	0	0.896	0.260
3.81	0.962	2.773	5.734	14.951	10.335	6.885	8.798	12.451	24.468	12.236	6.885	8.798	11.54	17.358	0.606	0.714	0.778	0.561	0.372	0.756	0.714	0.778	0.545	0.364	0.485	0.571	0.611	0.564	0.41	0	0.5	0	0	0.75	0	0	0	0	0	0	0.475
0	0	-1	0	-1	0	0	-1	0	-1	0	0	-1	0	-1	0	0	-1	0	-1	0	0	-1	0	-1	0	0	-1	0	-1	0	0	-1	0	-1	0	0	-1	0	-1	0.896	0.874
4.783	9.241	2.844	10.6	0	7.877	12.68	4.778	14.815	0	3.094	3.439	2.902	12.915	0	0.571	0.5	0.6	0.39	0	0.571	0.5	0.6	0.39	0	0.667	0.333	0.667	0.231	0	0	0	1	0.333	0	0	0	0.25	0.333	0	0.899	0.337
0	5.713	0	0.934	0	0	6.755	0	0.934	0	0	2.072	0	0	0	0	0.571	0	0	0	0	0.571	0	0	0	0	0	0	0	0	0.333	0	0.4	0	0.429	1	0.333	0.4	0	1	0.117	0.861
0	0	0	9.679	0	0	0	0	8.497	0	0	0	0	5.866	0	0	0	0	0.382	0	0	0	0	0.444	0	0	0	0	0.2	0	0.333	0	0.75	0	0	0.333	0.333	0.75	0	0	0.117	0.692
0	14.951	2.953	2.773	2.923	3.792	24.468	10.896	8.798	9.846	3.792	17.358	10.005	8.798	8.928	0.5	0.372	0.745	0.778	0.644	0.5	0.364	0.745	0.778	0.644	0.5	0.41	0.622	0.611	0.528	0.6	0.75	0	0	0	0	0	0	0	0	0	0.731
0	0	0	0	0	0	0.945	0	0	0	0	0.945	0	0	0	0	0	0	0	0	0	0	0	0	0	0	0	0	0	0	0.143	0	0	0.889	0	0.286	0.2	0	0.444	0	0.557	0.780
0	0	0	0	0	0	0	0	0	0	0	0	0	0	0	0	0	0	0	0	0	0	0	0	0	0	0	0	0	0	0.2	0.667	0.25	0.8	0.2	0	1	0	0.8	0.4	0.557	0.293
0	2.015	0	0	0	0	0.893	1.86	0	0	0	2.015	1.86	0	0	0	1	0	0	0	0	0	0	0	0	0	0	0	0	0	0	0.25	0	0.6	0	0.333	0.25	0	0.2	0	0.19	0.682
1.128	0	13.762	0	1.035	5.19	0	19.065	2	3.094	5.19	0	12.341	2	4.045	0.4	0	0.439	0	0.833	0.4	0	0.433	0	1	0.4	0	0.333	0	0.833	0	0	0	0.25	0.4	0	0	0	0	0	0.713	0.280
