0	0	0	0	0	0	0	0	0	0	0	0	0	0	0	0	0	0	0	0	0	0	0	0	0	0	0	0	0	0	0.2	0	0.333	0.4	0.5	0.4	0.444	0.667	0.4	1	0	0.768
0.88	1.039	0	0	0.9	1.814	0	0	0	0	1.814	2.923	0	0	0.9	1	1	0	0	0	0	0	0	0	0	1	1	0	0	0	0.2	0.2	0.2	0	0.333	0	0.2	0	0	1	0.415	0.223
4.113	4.097	5.915	12.88	12.139	7.033	7.105	9.964	19.179	15.233	6.127	7.105	7.225	10.69	7.467	0.81	0.81	0.844	0.532	0.619	0.667	0.524	0.711	0.474	0.562	0.667	0.619	0.762	0.489	0.714	0	0.25	0.333	0	0	0	0	0	0	0	0.415	0.151
0	0	0.87	0	7.546	0	0	0.87	0	7.546	0	0	0	0	0	0	0	0	0	0.786	0	0	0	0	0.464	0	0	0	0	0	0.333	0	0	0	0	1	0.8	0	0	0	0.298	0.954
0	0	0	0	0	0	0	0	0	0	0	0	0	0	0	0	0	0	0	0	0	0	0	0	0	0	0	0	0	0	0	0	1	0	0.2	0	0	1	0	0.4	0.418	0.303
24.471	10.652	0	12.139	1.771	29.636	5.312	0	15.233	2.741	14.126	6.265	0	7.467	0.97	0.352	0.491	0	0.619	1	0.299	0.067	0	0.562	0.667	0.308	0.667	0	0.714	0	0.6	0	0	0	0.25	1	0	0	0	0	0.419	0.269
43.006	28.657	6.754	0	0	41.574	20.487	3.091	0	0	20.844	20.106	6.86	0	0	0.164	0.291	0.952	0	0	0.115	0.252	1	0	0	0.248	0.281	0.8	0	0	0	0.2	0	0.6	0	0	0.2	0	0.2	0	0.199	0.163
0	0.941	0	0	0	0	0.941	0	0	0	0	0.941	0	0	0	0	0	0	0	0	0	0	0	0	0	0	0	0	0	0	0.2	0	0.2	0.4	0.667	0	0	0.8	0.4	0.667	0.415	0.362
10.196	0	7.422	0	0	11.378	0	7.422	0	0	2.085	0	0.935	0	0	0.855	0	0.714	0	0	0.691	0	0.607	0	0	1	0	0	0	0	0.125	0.5	0.143	0.333	0.2	0	1	0.143	0.667	0	0.2	0.429
4.858	0	0	3.842	11.563	4.858	0	0	4.801	12.444	2.02	0	0	1.858	3.754	0.9	0	0	0.9	0.526	0.7	0	0	0.7	0.449	0	0	0	1	0	0	0	0	0	0	0	0	0	0	0	0.714	0.441
0	0	0	0	0	0	0	0	0	0	0	0	0	0	0	0	0	0	0	0	0	0	0	0	0	0	0	0	0	0	0.6	0.25	0.571	0.8	0.5	0.6	0	0.714	0	1	0	0.577
6.782	5.689	0	0.892	0	6.782	3.872	0	0.892	0	4.98	4.64	0	0	0	0.714	0.667	0	0	0	0.476	0.667	0	0	0	0.8	0.6	0	0	0	0	0	0	0	0	0	0	0	0	0	0.419	0.243
4.097	12.88	4.113	8.749	5.915	7.105	19.179	7.033	12.689	9.964	7.105	10.69	6.127	11.727	7.225	0.81	0.532	0.81	0.514	0.844	0.524	0.474	0.667	0.449	0.711	0.619	0.489	0.667	0.348	0.762	0.25	0	0	0	0.333	0	0	0	0	0	0	0.246
4.694	0	0.881	0	0	5.596	0	0.881	0	0	0.902	0	0	0	0	0.867	0	0	0	0	0.733	0	0	0	0	0	0	0	0	0	0	0	0	0	0	0	0	0	0	0	0.419	0.121
0	1.771	0	0	0	0	2.741	0	0	0.995	0	0.97	0	0	0	0	1	0	0	0	0	0.667	0	0	0	0	0	0	0	0	0	0.25	0.111	0	0	0	0	0	0	0	0.897	0.570
12.88	8.749	4.097	4.919	4.113	19.179	12.689	7.105	8.87	7.033	10.69	11.727	7.105	4.959	6.127	0.532	0.514	0.81	0.833	0.81	0.474	0.449	0.524	0.75	0.667	0.489	0.348	0.619	0.4	0.667	0	0	0.25	0	0	0	0	0	0.2	0	0.296	0.283
0.901	12.472	7.763	1.834	0	0.901	5.817	5.703	1.834	0	0.901	11.614	6.858	1.834	0	0	0.516	0.844	0	0	0	0.533	0.867	0	0	0	0.527	0.714	0	0	0.2	0.25	0.2	0.6	0	0.6	1	0.2	0.6	0	0	0.451
0	0	0	0	0	0	0	0	0	0	0	0	0	0	0	0	0	0	0	0	0	0	0	0	0	0	0	0	0	0	0	0.2	0	0.667	0.8	0.25	0.4	1	0.667	0	0.558	0.414
5.738	0	15.983	0.976	0	7.645	0	22.804	2.804	0	1.908	0	8.769	1.828	0	0.607	0	0.403	0.667	0	0.429	0	0.348	0.667	0	0	0	0.028	0	0	0	0	0	0	0	0	0	0	0	0	0.56	0.246
0	0	0	0	0	0	0	0	0	0	0	0	0	0	0	0	0	0	0	0	0	0	0	0	0	0	0	0	0	0	0.2	0	0	0	0	0.8	0	0	0.333	0	0	0.710
0.892	0	5.689	0	6.782	0.892	0	3.872	0	6.782	0	0	4.64	0	4.98	0	0	0.667	0	0.714	0	0	0.667	0	0.476	0	0	0.6	0	0.8	0	0.222	0	0	0	0	0	0	0	0	0.299	0.214
0	0	0	0	0	0	0	0	0	0	0	0	0	0	0	0	0	0	0	0	0	0	0	0	0	0	0	0	0	0	0	0.143	0	0.75	0	0	0	0.333	0	0	0.897	0.351
0	-1	0	-1	0	0	-1	0	-1	0	0	-1	0	-1	0	0	-1	0	-1	0	0	-1	0	-1	0	0	-1	0	-1	0	0	-1	0	-1	0	0.2	-1	0	-1	0	0.899	0.997
4.919	4.665	8.749	0	12.88	8.87	7.838	12.689	0	19.179	4.959	4.075	11.727	0	10.69	0.833	0.929	0.514	0	0.532	0.75	0.857	0.449	0	0.474	0.4	0.5	0.348	0	0.489	0	0	0	0	0	0.2	0	0	0	0	0.419	0.216
0	0	7.736	11.563	0	0	0	6.717	12.444	0	0	0	3.661	3.754	0	0	0	0.889	0.526	0	0	0	0.762	0.449	0	0	0	0.5	0	0	0.2	0	0.6	0	0	0	0.143	0.2	0	0	0.292	0.395
0	0	1.009	0	5.652	0	0	1.009	0	7.504	0	0	1.009	0	1.852	0	0	0	0	0.714	0	0	0	0	0.536	0	0	0	0	0	0.667	0.2	0	0.2	0	0.667	0.8	0	0	0	0	0.585
7.422	10.196	0	0	8.1	7.422	11.378	0	0	9.282	0.935	2.085	0	0	2.135	0.714	0.855	0	0	0.917	0.607	0.691	0	0	0.75	0	1	0	0	1	0.143	0.125	0.2	0.5	0.222	0.143	0	0	1	0.111	0.418	0.278
0	0	0	0	0	0	0	0	0	0	0	0	0	0	0	0	0	0	0	0	0	0	0	0	0	0	0	0	0	0	0	0	0	0	0	0	0	0	0	0	0.418	0.990
28.657	0	43.006	0	6.754	20.487	0	41.574	0	3.091	20.106	0	20.844	0	6.86	0.291	0	0.164	0	0.952	0.252	0	0.115	0	1	0.281	0	0.248	0	0.8	0.2	0.6	0	0.667	0	0.2	0.2	0	0	0	0	0.321
0	0	0	0	0	0	0	0	0	0	0	0	0	0	0	0	0	0	0	0	0	0	0	0	0	0	0	0	0	0	0	0	0	0	0.222	0	0	0	0	0	0.296	0.511
0	0	0	0	-1	0	0	0	0	-1	0	0	0	0	-1	0	0	0	0	-1	0	0	0	0	-1	0	0	0	0	-1	0	0	0	0	-1	0	0	0	0	-1	0.897	0.991
3.842	0.9	0	0	4.858	4.801	0	0	0	4.858	1.858	0.9	0	0	2.02	0.9	0	0	0	0.9	0.7	0	0	0	0.7	1	0	0	0	0	0	0	0	0.25	0	0	0	0	0	0	0.718	0.282
0	0	0	0	0	0	0	0	0	0	0	0	0	0	0	0	0	0	0	0	0	0	0	0	0	0	0	0	0	0	0	0.4	0.2	0	0.333	0.444	0.4	0.4	0	0.667	0.298	0.516
0	0.988	0	0	0	1.824	1.925	0.907	0	0	0.877	1.925	0	0	0	1	1	0	0	0	1	0	0	0	0	0	1	0	0	0	0	0	0	0	0	0	0	0	0	0	0.299	0.236
0.941	0	0	0	0	0.941	0	0	0	0	0.941	0	0	0	0	0	0	0	0	0	0	0	0	0	0	0	0	0	0	0	0	0.4	0.2	0	0.2	0	0.4	0	0	0.8	0.292	0.291
1.771	0	0	24.471	0	2.741	0	0	29.636	0	0.97	0	0	14.126	0	1	0	0	0.352	0	0.667	0	0	0.299	0	0	0	0	0.308	0	0.25	0	0	0.6	0.111	0	0	0	1	0	0.415	0.287
0.87	0	7.546	0	0	0.87	0	7.546	0	0	0	0	0	0	0	0	0	0.786	0	0	0	0	0.464	0	0	0	0	0	0	0	0	0.333	0	0	0	0	1	0	0.8	0	0.419	0.312
0	0	0	7.736	0	0	0	0	6.717	0	0	0	0	3.661	0	0	0	0	0.889	0	0	0	0	0.762	0	0	0	0	0.5	0	0.333	0	0	0.6	0.667	0	0	0	0.2	0.667	0.556	0.446
0	0	0	0	0	0	0	0	0	0	0	0	0	0	0	0	0	0	0	0	0	0	0	0	0	0	0	0	0	0	0	0	0	0	0	0	0	0	0	0	0.12	0.966
5.915	4.113	12.139	4.097	10.652	9.964	7.033	15.233	7.105	5.312	7.225	6.127	7.467	7.105	6.265	0.844	0.81	0.619	0.81	0.491	0.711	0.667	0.562	0.524	0.067	0.762	0.667	0.714	0.619	0.667	0.333	0	0	0.25	0	0	0	0	0	0	0.298	0.297
0	0	0	0	0	0	0	0	0	0	0	0	0	0	0	0	0	0	0	0	0	0	0	0	0	0	0	0	0	0	1	0	0.2	0	0	1	0	0.4	0	0	0	0.833
0	0	4.694	10.827	0.881	0	0	5.596	12.606	0.881	0	0	0.902	3.764	0	0	0	0.867	0.526	0	0	0	0.733	0.462	0	0	0	0	0	0	0	0	0	0	0	0	0	0	0	0	0.893	0.478
6.754	43.006	0	28.657	0.988	3.091	41.574	0	20.487	1.925	6.86	20.844	0	20.106	1.925	0.952	0.164	0	0.291	1	1	0.115	0	0.252	0	0.8	0.248	0	0.281	1	0	0	0	0.2	0	0	0	0	0.2	0	0	0.418
0	0	0	0	0	0	0	0	0	0	0	0	0	0	0	0	0	0	0	0	0	0	0	0	0	0	0	0	0	0	0.25	0.8	0.6	0	0.571	0	0	0.6	1	0.714	0.415	0.374
0	0	10.196	0	7.422	0	0	11.378	0	7.422	0	0	2.085	0	0.935	0	0	0.855	0	0.714	0	0	0.691	0	0.607	0	0	1	0	0	0.5	0.333	0.125	0.2	0.143	1	0.667	0	0.4	0.143	0	0.869
11.563	0	0	4.858	0	12.444	0	0	4.858	0	3.754	0	0	2.02	0	0.526	0	0	0.9	0	0.449	0	0	0.7	0	0	0	0	0	0	0	0	0	0	0.2	0	0	0.143	0	0	0.296	0.323
12.472	1.834	0.901	17.109	7.763	5.817	1.834	0.901	12.916	5.703	11.614	1.834	0.901	15.175	6.858	0.516	0	0	0.582	0.844	0.533	0	0	0.462	0.867	0.527	0	0	0.429	0.714	0.25	0.6	0.2	0	0.2	1	0.6	0.6	0	0.2	0.294	0.376
0	0	0	0	0	0	0	0	0	0	0	0	0	0	0	0	0	0	0	0	0	0	0	0	0	0	0	0	0	0	0	0	0	0.143	0.2	0.333	0	0	0	0.8	0.298	0.655
0	0.88	0.9	1.039	37.304	0	1.814	0	0	28.087	0	1.814	0.9	2.923	25.949	0	1	0	1	0.253	0	0	0	0	0.172	0	1	0	1	0.21	0.2	0.2	0.333	0.2	0	0	0	1	0.2	0	0.419	0.367
0	7.736	0	0	0	0	6.717	0	0	0	0	3.661	0	0	0	0	0.889	0	0	0	0	0.762	0	0	0	0	0.5	0	0	0	0	0.6	0.333	0.2	0	0	0.2	0	0	0	0	0.513
0	8.1	0	0	0	0	9.282	0	0	0	0	2.135	0	0	0	0	0.917	0	0	0	0	0.75	0	0	0	0	1	0	0	0	0	0.222	0	0.2	0	0	0.111	0	0	0	0.116	0.407
0	4.858	11.563	0	0	0	4.858	12.444	0	0	0	2.02	3.754	0	0	0	0.9	0.526	0	0	0	0.7	0.449	0	0	0	0	0	0	0	0	0	0	0	0	0	0	0	0	0.143	0.417	0.552
0.976	4.852	0	5.652	5.738	2.804	5.897	0	7.504	7.645	1.828	1.045	0	1.852	1.908	0.667	0.8	0	0.714	0.607	0.667	0.467	0	0.536	0.429	0	0	0	0	0	0	0	0	0	0	0	0	0	0	0	0.195	0.379
0.885	0	4.938	0	17.109	0.885	0	4.938	0	12.916	0.885	0	2.206	0	15.175	0	0	0.8	0	0.582	0	0	0.3	0	0.462	0	0	0	0	0.429	0	0	0	0	0	0	0	0	0	0	0	0.392
0	0	0	0	0	0	0	0	0	0	0	0	0	0	0	0	0	0	0	0	0	0	0	0	0	0	0	0	0	0	0	0	0	0	0	0	0	0	0	0	0.718	0.979
0	0	0.892	0	5.689	0	0	0.892	0	3.872	0	0	0	0	4.64	0	0	0	0	0.667	0	0	0	0	0.667	0	0	0	0	0.6	0.222	0	0	0	0	0	0	0	0	0	0.556	0.294
15.983	5.738	0	0	4.665	22.804	7.645	0	0	7.838	8.769	1.908	0	0	4.075	0.403	0.607	0	0	0.929	0.348	0.429	0	0	0.857	0.028	0	0	0	0.5	0	0	0	0	0	0	0	0	0	0	0.893	0.152
10.827	0	0	0	0	12.606	0	0	0.907	0	3.764	0	0	0	0	0.526	0	0	0	0	0.462	0	0	0	0	0	0	0	0	0	0	0	0	0	0	0	0	0	0	0	0.3	0.189
0	0	0	0	0	0	0.995	0	0	0	0	0	0	0	0	0	0	0	0	0	0	0	0	0	0	0	0	0	0	0	0	0	0.667	0.111	0.6	0	0	0	0	0.2	0.296	0.647
0	0	0.941	0	0	0	0	0.941	0	0	0	0	0.941	0	0	0	0	0	0	0	0	0	0	0	0	0	0	0	0	0	0.4	0	0	0	0.2	0.4	0	0	0	0	0	0.657
37.304	0.9	0	0	0	28.087	0	0	0	0	25.949	0.9	0	0	0	0.253	0	0	0	0	0.172	0	0	0	0	0.21	0	0	0	0	0	0.333	0	0.2	0.25	0	1	0	0	0	0	0.198
0	0	0	0	0	0	0	0	0	0	0	0	0	0	0	0	0	0	0	0	0	0	0	0	0	0	0	0	0	0	0	0.2	0	0	0.4	0	0.8	0	0	0.4	0.298	0.281
0.9	0	3.842	0	0	0	0	4.801	0	0	0.9	0	1.858	0	0	0	0	0.9	0	0	0	0	0.7	0	0	0	0	1	0	0	0	0.25	0	0	0	0	0	0	0	0	0	0.472
7.736	0	0	0	0	6.717	0	0	0	0	3.661	0	0	0	0	0.889	0	0	0	0	0.762	0	0	0	0	0.5	0	0	0	0	0.6	0.2	0	0	0.333	0.2	0	0	0.143	0	0	0.558
0	0.91	0	0	0	0	0.91	0	0	0	0	0.91	0	0	0	0	0	0	0	0	0	0	0	0	0	0	0	0	0	0	0.75	0.4	0.143	0	0	0	0.8	0	0	0	0.417	0.527
8.749	4.919	12.88	4.665	4.097	12.689	8.87	19.179	7.838	7.105	11.727	4.959	10.69	4.075	7.105	0.514	0.833	0.532	0.929	0.81	0.449	0.75	0.474	0.857	0.524	0.348	0.4	0.489	0.5	0.619	0	0	0	0	0.25	0	0.2	0	0	0	0.292	0.239
10.652	12.139	24.471	5.915	0	5.312	15.233	29.636	9.964	0	6.265	7.467	14.126	7.225	0	0.491	0.619	0.352	0.844	0	0.067	0.562	0.299	0.711	0	0.667	0.714	0.308	0.762	0	0	0	0.6	0.333	0	0	0	1	0	0	0.12	0.240
0	0	0	0	0	0	0	0	0	0	0	0	0	0	0	0	0	0	0	0	0	0	0	0	0	0	0	0	0	0	0	0	0	0	0	0	0	0	0	0	0.559	0.633
0	0	0	0	0	0	0	0	0	0	0	0	0	0	0	0	0	0	0	0	0	0	0	0	0	0	0	0	0	0	0.8	0	0.25	0	0.6	0	1	0	0.25	0.6	0	0.641
0	0	0	0	0	0	0	0	0	0	0	0	0	0	0	0	0	0	0	0	0	0	0	0	0	0	0	0	0	0	0.4	0	0	0	0.2	0.4	0	0.444	0	0.4	0	0.603
1.009	0	5.652	0	4.852	1.009	0	7.504	0	5.897	1.009	0	1.852	0	1.045	0	0	0.714	0	0.8	0	0	0.536	0	0.467	0	0	0	0	0	0	0.667	0	0.2	0	0	0.667	0	0.8	0	0.556	0.389
0	7.422	8.1	10.196	0	0	7.422	9.282	11.378	0	0	0.935	2.135	2.085	0	0	0.714	0.917	0.855	0	0	0.607	0.75	0.691	0	0	0	1	1	0	0.2	0.143	0.222	0.125	0	0	0.143	0.111	0	0	0.894	0.306
0	11.563	0	0	7.736	0	12.444	0	0	6.717	0	3.754	0	0	3.661	0	0.526	0	0	0.889	0	0.449	0	0	0.762	0	0	0	0	0.5	0	0	0.2	0	0.6	0.143	0	0	0	0.2	0.557	0.427
0	0	0	0	28.657	0	0	0	0.995	20.487	0	0	0	0	20.106	0	0	0	0	0.291	0	0	0	0	0.252	0	0	0	0	0.281	0.667	0	0.6	0	0.2	0	0	0.2	0	0.2	0	0.510
0	15.983	4.665	5.738	4.919	0	22.804	7.838	7.645	8.87	0	8.769	4.075	1.908	4.959	0	0.403	0.929	0.607	0.833	0	0.348	0.857	0.429	0.75	0	0.028	0.5	0	0.4	0	0	0	0	0	0	0	0	0	0.2	0.556	0.366
12.139	5.915	10.652	4.113	24.471	15.233	9.964	5.312	7.033	29.636	7.467	7.225	6.265	6.127	14.126	0.619	0.844	0.491	0.81	0.352	0.562	0.711	0.067	0.667	0.299	0.714	0.762	0.667	0.667	0.308	0	0.333	0	0	0.6	0	0	0	0	1	0.419	0.185
0.9	0	37.304	0.88	0	0	0	28.087	1.814	0	0.9	0	25.949	1.814	0	0	0	0.253	1	0	0	0	0.172	0	0	0	0	0.21	1	0	0.333	0.2	0	0.2	0	1	0	0	0	0	0	0.660
7.546	0.87	0	0	0	7.546	0.87	0	0	0	0	0	0	0	0	0.786	0	0	0	0	0.464	0	0	0	0	0	0	0	0	0	0	0	0	0.333	0	0	0	0	1	0	0.897	0.315
0	6.754	0.988	43.006	0	0	3.091	1.925	41.574	1.824	0	6.86	1.925	20.844	0.877	0	0.952	1	0.164	1	0	1	0	0.115	1	0	0.8	1	0.248	0	0	0	0	0	0	0	0	0	0	0	0.298	0.257
0	0	0	8.1	0	0	0	0	9.282	0	0	0	0	2.135	0	0	0	0	0.917	0	0	0	0	0.75	0	0	0	0	1	0	0	0	0	0.222	0	0	0	0	0.111	0	0.554	0.432
0	0	10.827	0	0	0	0.907	12.606	1.824	0	0	0	3.764	0.877	0	0	0	0.526	1	0	0	0	0.462	1	0	0	0	0	0	0	0	0	0	0	0	0	0	0	0	0	0.296	0.150
0	0	1.039	6.782	0.88	0	0	0	6.782	1.814	0	0	2.923	4.98	1.814	0	0	1	0.714	1	0	0	0	0.476	0	0	0	1	0.8	1	0	0	0.2	0	0.2	0	0	0.2	0	0	0	0.469
0	0	0	0	0	0	0	0	0	0	0	0	0	0	0	0	0	0	0	0	0	0	0	0	0	0	0	0	0	0	0	0.5	0	0.571	0.333	0	1	0.8	0.714	1	0	1.000
0	0	0	0	0	0	0	0	0	0	0	0	0	0	0	0	0	0	0	0	0	0	0	0	0	0	0	0	0	0	0	0	0.4	0.2	0	0	0	0.4	0.8	0.444	0.296	0.316
0.91	0	0	7.763	0	0.91	0	0	5.703	0	0.91	0	0	6.858	0	0	0	0	0.844	0	0	0	0	0.867	0	0	0	0	0.714	0	0.4	0	0.75	0.2	0.143	0.8	0	0	0.2	0	0	0.485
17.109	4.938	1.834	0.885	12.472	12.916	4.938	1.834	0.885	5.817	15.175	2.206	1.834	0.885	11.614	0.582	0.8	0	0	0.516	0.462	0.3	0	0	0.533	0.429	0	0	0	0.527	0	0	0.6	0	0.25	0	0	0.6	0	1	0	0.342
0	0	0.885	0.881	4.938	0	0	0.885	0.881	4.938	0	0	0.885	0	2.206	0	0	0	0	0.8	0	0	0	0	0.3	0	0	0	0	0	0	0	0	0	0	0	0	0	0	0	0.292	0.210
1.834	17.109	12.472	4.938	0.901	1.834	12.916	5.817	4.938	0.901	1.834	15.175	11.614	2.206	0.901	0	0.582	0.516	0.8	0	0	0.462	0.533	0.3	0	0	0.429	0.527	0	0	0.6	0	0.25	0	0.2	0.6	0	1	0	0.6	0	0.487
0	0	0	0	0	0	0	0	0	0	0	0	0	0	0	0	0	0	0	0	0	0	0	0	0	0	0	0	0	0	0.571	0.6	0.5	0.25	0	0.714	0.6	1	0	0	0.557	0.685
8.1	0	0	7.422	0	9.282	0	0	7.422	0	2.135	0	0	0.935	0	0.917	0	0	0.714	0	0.75	0	0	0.607	0	1	0	0	0	0	0.222	0.2	0	0.143	0	0.111	0	0	0.143	0	0.554	0.295
0	0	0	0	0	0	0	0	0	0	0	0	0	0	0	0	0	0	0	0	0	0	0	0	0	0	0	0	0	0	0	0.2	0	1	0.4	0	0.4	0	1	0.4	0.557	0.395
4.852	5.652	0.976	1.009	0	5.897	7.504	2.804	1.009	0	1.045	1.852	1.828	1.009	0	0.8	0.714	0.667	0	0	0.467	0.536	0.667	0	0	0	0	0	0	0	0	0	0	0	0	0	0	0	0	0	0	0.272
0	0	0	0	10.196	0	0	0	0	11.378	0	0	0	0	2.085	0	0	0	0	0.855	0	0	0	0	0.691	0	0	0	0	1	0.333	0.2	0.5	0	0.125	0.667	0.4	1	0.444	0	0	0.625
5.652	1.009	4.852	0	0.976	7.504	1.009	5.897	0	2.804	1.852	1.009	1.045	0	1.828	0.714	0	0.8	0	0.667	0.536	0	0.467	0	0.667	0	0	0	0	0	0	0	0	0.667	0	0	0	0	0.667	0	0.419	0.192
0	0	0	0	0	0	0	0	0	0	0	0	0	0	0	0	0	0	0	0	0	0	0	0	0	0	0	0	0	0	0	0.333	0.667	0	0.2	0	0	0.667	0	0.4	0	0.652
0	0	0	0	0.892	0	0	0	0	0.892	0	0	0	0	0	0	0	0	0	0	0	0	0	0	0	0	0	0	0	0	0	0	0.222	0	0	0	0	0	0	0	0.292	0.337
5.689	0.892	6.782	0	0	3.872	0.892	6.782	0	0	4.64	0	4.98	0	0	0.667	0	0.714	0	0	0.667	0	0.476	0	0	0.6	0	0.8	0	0	0	0	0	0.222	0	0	0	0	0	0	0	0.356
0	0.881	0	4.694	0.885	0	0.881	0	5.596	0.885	0	0	0	0.902	0.885	0	0	0	0.867	0	0	0	0	0.733	0	0	0	0	0	0	0	0	0	0	0	0	0	0	0	0	0.2	0.273
0	0	0	7.546	0	0	0	0	7.546	0	0	0	0	0	0	0	0	0	0.786	0	0	0	0	0.464	0	0	0	0	0	0	0	0	0	0	1	0	0	0	0	1	0.296	0.392
0	24.471	1.771	10.652	0	0	29.636	2.741	5.312	0	0	14.126	0.97	6.265	0	0	0.352	1	0.491	0	0	0.299	0.667	0.067	0	0	0.308	0	0.667	0	0	0.6	0.25	0	0	0	1	0	0	0	0	0.386
4.665	0	4.919	15.983	8.749	7.838	0	8.87	22.804	12.689	4.075	0	4.959	8.769	11.727	0.929	0	0.833	0.403	0.514	0.857	0	0.75	0.348	0.449	0.5	0	0.4	0.028	0.348	0	0	0	0	0	0	0	0.2	0	0	0.12	0.137
1.039	0	0.88	0	0	0	0	1.814	0	0	2.923	0	1.814	0	0	1	0	1	0	0	0	0	0	0	0	1	0	1	0	0	0.2	0	0.2	0	0.2	0.2	0	0	0	0	0	0.445
0	0	0	0.91	0	0	0	0	0.91	0	0	0	0	0.91	0	0	0	0	0	0	0	0	0	0	0	0	0	0	0	0	0.143	0.75	0	0.4	0	0	0	0	0.8	0.333	0.897	0.427
0.988	0	0	6.754	0	1.925	0	1.824	3.091	0.907	1.925	0	0.877	6.86	0	1	0	1	0.952	0	0	0	1	1	0	1	0	0	0.8	0	0	0	0	0	0	0	0	0	0	0	0	0.452
0	37.304	0	0.9	0.9	0	28.087	0	0	0	0	25.949	0	0.9	0.9	0	0.253	0	0	0	0	0.172	0	0	0	0	0.21	0	0	0	0	0	0.25	0.333	0	0	0	0	1	0	0.557	0.309
0	0	0	0.988	10.827	0.907	1.824	0	1.925	12.606	0	0.877	0	1.925	3.764	0	1	0	1	0.526	0	1	0	0	0.462	0	0	0	1	0	0	0	0	0	0	0	0	0	0	0	0	0.344
0	0	0	1.771	0	0	0	0.995	2.741	0	0	0	0	0.97	0	0	0	0	1	0	0	0	0	0.667	0	0	0	0	0	0	0.111	0	0	0.25	0	0	0	0	0	0	0.72	0.279
0	0	0	0	0	0	0	0	0	0	0	0	0	0	0	0	0	0	0	0	0	0	0	0	0	0	0	0	0	0	0	0	0	0	0	0	0	0	0.2	0	0.195	0.805
0	7.546	0	0.87	0	0	7.546	0	0.87	0	0	0	0	0	0	0	0.786	0	0	0	0	0.464	0	0	0	0	0	0	0	0	0	0	0	0	0	0	0	0	0	0	0.294	0.402
0	0	0	0	0	0	0	0	0	0	0	0	0	0	0	0	0	0	0	0	0	0	0	0	0	0	0	0	0	0	0.2	1	0	0	0	0.4	1	0	0	0	0.298	0.354
4.938	0.885	17.109	0	1.834	4.938	0.885	12.916	0	1.834	2.206	0.885	15.175	0	1.834	0.8	0	0.582	0	0	0.3	0	0.462	0	0	0	0	0.429	0	0	0	0	0	0	0.6	0	0	0	0	0.6	0.294	0.336
0	0.976	5.738	4.852	15.983	0	2.804	7.645	5.897	22.804	0	1.828	1.908	1.045	8.769	0	0.667	0.607	0.8	0.403	0	0.667	0.429	0.467	0.348	0	0	0	0	0.028	0	0	0	0	0	0	0	0	0	0	0.893	0.395
0	6.782	0	5.689	1.039	0	6.782	0	3.872	0	0	4.98	0	4.64	2.923	0	0.714	0	0.667	1	0	0.476	0	0.667	0	0	0.8	0	0.6	1	0	0	0	0	0.2	0	0	0	0	0.2	0.56	0.271
0	0	0	0	0.87	0	0	0	0	0.87	0	0	0	0	0	0	0	0	0	0	0	0	0	0	0	0	0	0	0	0	0	0	0.333	0.5	0	0.8	0	1	1	0	0.898	0.711
0	0	0	0	0	0	0	0	0	0	0	0	0	0	0	0	0	0	0	0	0	0	0	0	0	0	0	0	0	0	0.2	0.667	0	0	0	0.4	0.667	0.25	0	1	0	0.695
0	0	-1	0	-1	0	0	-1	0	-1	0	0	-1	0	-1	0	0	-1	0	-1	0	0	-1	0	-1	0	0	-1	0	-1	0	0	-1	0	-1	0	0	-1	0	-1	0.899	0.995
0	10.827	0	0	4.694	0	12.606	0	0	5.596	0	3.764	0	0	0.902	0	0.526	0	0	0.867	0	0.462	0	0	0.733	0	0	0	0	0	0	0	0	0	0	0	0	0	0	0	0.898	0.288
0	0	0	0	0	0	0	0	0	0	0	0	0	0	0	0	0	0	0	0	0	0	0	0	0	0	0	0	0	0	0.5	0.571	0	0.6	0	1	0.714	0	0.6	0.8	0.294	0.958
0	0	0	-1	0	0	0	0	-1	0	0	0	0	-1	0	0	0	0	-1	0	0	0	0	-1	0	0	0	0	-1	0	0	0	0	-1	0	0	0.2	0	-1	0	0.898	0.992
0	0	0	0.941	1.009	0	0	0	0.941	1.009	0	0	0	0.941	1.009	0	0	0	0	0	0	0	0	0	0	0	0	0	0	0	0.2	0.2	0.667	0	0	0.8	0	0.667	0	0	0	0.828
0	0	0	0	0	0.995	0	0	0	0	0	0	0	0	0	0	0	0	0	0	0	0	0	0	0	0	0	0	0	0	0	0.111	0	0	0.667	0	0	0	0	0	0.56	0.292
0	0	0	0	0	0	0	0	0	0	0	0	0	0	0	0	0	0	0	0	0	0	0	0	0	0	0	0	0	0	0	0	0.8	0.2	0.25	1	0.25	0	0.4	0	0.558	0.676
0	3.842	4.858	0.9	0	0	4.801	4.858	0	0	0	1.858	2.02	0.9	0	0	0.9	0.9	0	0	0	0.7	0.7	0	0	0	1	0	0	0	0	0	0	0	0	0	0	0	0	0	0.894	0.396
0.881	4.694	0	0	0	0.881	5.596	0	0	0	0	0.902	0	0	0	0	0.867	0	0	0	0	0.733	0	0	0	0	0	0	0	0	0	0	0	0	0	0	0	0	0	0	0.559	0.219
7.763	0.901	0	12.472	0.91	5.703	0.901	0	5.817	0.91	6.858	0.901	0	11.614	0.91	0.844	0	0	0.516	0	0.867	0	0	0.533	0	0.714	0	0	0.527	0	0.2	0.2	0	0.25	0.4	0.2	0.6	0	1	0.8	0	0.572
0	7.763	0.91	0.901	0	0	5.703	0.91	0.901	0	0	6.858	0.91	0.901	0	0	0.844	0	0	0	0	0.867	0	0	0	0	0.714	0	0	0	0	0.2	0.4	0.2	0.75	0	0.2	0.8	0.6	0	0.298	0.347
0	0	0	0	0	0	0	0	0	0	0	0	0	0	0	0	0	0	0	0	0	0	0	0	0	0	0	0	0	0	0.667	0	0.2	0.333	0	0.667	0	0.4	0	0.25	0	0.689
0	0	28.657	0	43.006	0	0	20.487	0	41.574	0	0	20.106	0	20.844	0	0	0.291	0	0.164	0	0	0.252	0	0.115	0	0	0.281	0	0.248	0.6	0.667	0.2	0	0	0.2	0	0.2	0	0	0	0.645
0	0	0	0	0	0	0	0	0	0	0	0	0	0	0	0	0	0	0	0	0	0	0	0	0	0	0	0	0	0	0	0	0.2	0	0	0	0.333	0.8	0	0	0.419	0.518
0	0	0.9	37.304	3.842	0	0	0	28.087	4.801	0	0	0.9	25.949	1.858	0	0	0	0.253	0.9	0	0	0	0.172	0.7	0	0	0	0.21	1	0.25	0	0	0	0	0	0	0	0	0	0.116	0.426
0	0	0	0	0.941	0	0	0	0	0.941	0	0	0	0	0.941	0	0	0	0	0	0	0	0	0	0	0	0	0	0	0	0	0	0.4	0.2	0	0	0	0.4	0.4	0	0	0.517
