0	0	3.813	0	5.707	0	0	6.748	0	6.694	0	0	0	0	0	0	0	0.81	0	0.905	0	0	0.81	0	0.905	0	0	0	0	0	0.5	0.571	0	0	0.2	0.5	0.857	0	0	0	0.294	0.945
0	0	0	0	0	0	0	0	0	0	0	0	0	0	0	0	0	0	0	0	0	0	0	0	0	0	0	0	0	0	0	0.2	0.6	0.4	0	0	0	0	0.2	0	0.294	0.571
7.728	20.162	1.225	0	0	9.659	25.105	1.225	0	0	2.837	8.037	1.225	0	0	0.533	0.39	0	0	0	0.533	0.39	0	0	0	0.333	0.179	0	0	0	0	0	0.8	0.2	0.2	0	0	0.4	0	0.2	0	0.277
0	0	16.18	0	0	0	0	17.117	0	0	0	0	0	0	0	0	0	0.551	0	0	0	0	0.551	0	0	0	0	0	0	0	0	0.4	0	0	0.444	0.2	0	0	0	0.778	0	0.730
0	-1	0	-1	0	0	-1	0	-1	0	0	-1	0	-1	0	0	-1	0	-1	0	0	-1	0	-1	0	0	-1	0	-1	0	0	-1	0	-1	0	0.8	-1	0	-1	0	0.899	0.873
7.55	0	0	0.951	0	10.446	0	0	2.84	0.924	4.779	0	0	1.889	0.924	0.618	0	0	1	0	0.618	0	0	1	0	0.3	0	0	1	0	0	0	0.4	0.25	0.143	0	0	0	0	0	0.556	0.359
0	0	1.01	0	0	0	0	1.01	0	0	0	0	0	0	0	0	0	0	0	0	0	0	0	0	0	0	0	0	0	0	0.5	0	0	0	0.75	0	0.333	0	0	0.125	0	0.372
0	0	0	0	0	0	1.049	1.049	0	0	0	0	0	0	0	0	0	0	0	0	0	0	0	0	0	0	0	0	0	0	0	0	0	0	0.143	0	0.2	0	0	0	0.558	0.353
0	0	0	0	10.219	0	0	0	0	14.543	0	0	0	0	0	0	0	0	0	0.686	0	0	0	0	0.686	0	0	0	0	0	0	0	0	0	0	0	0	0	0	0	0.897	0.587
0	0	0	0	0	0	0	0	0	0	0	0	0	0	0	0	0	0	0	0	0	0	0	0	0	0	0	0	0	0	0.2	0.2	0.25	0.4	0.444	0.8	0	0	0.2	0.556	0	0.797
0	0	1.003	0	0	0	0	2.922	0	0	0	0	2.922	0	0	0	0	1	0	0	0	0	1	0	0	0	0	1	0	0	0.2	0.25	0.2	0.8	0.667	0	0	0	1	0.667	0	0.456
0	0	18.125	0	0	2.939	0	23.709	0	0	2.939	0	7.612	0	0	0.667	0	0.383	0	0	0.667	0	0.379	0	0	0	0	0.143	0	0	0	0.2	0	0.25	1	0	0.4	0	0.75	1	0.198	0.281
14.542	10.219	10.374	0	23.228	19.352	14.543	14.51	0	28.617	0	0	0	0	0	0.491	0.686	0.533	0	0.359	0.491	0.686	0.533	0	0.356	0	0	0	0	0	0	0	0	0	0	0	0	0	0	0	0.717	0.207
0	0	0	0	0	0	0	0	0	0	0	0	0	0	0	0	0	0	0	0	0	0	0	0	0	0	0	0	0	0	0.333	0	0	0.8	0.8	0	0	0	0	1	0	0.368
0	0	0	0	0	0	0	0	0	0	0	0	0	0	0	0	0	0	0	0	0	0	0	0	0	0	0	0	0	0	0.333	0.2	0.25	0.333	0	0	0	0	0	0	0	0.653
1.017	0	5.915	4.832	0	3.079	0	7.86	8.604	0	3.079	0	3.066	4.774	0	1	0	0.679	0.556	0	1	0	0.679	0.556	0	0.667	0	0.667	0.2	0	0	0.333	0.25	0	0	0.2	0.333	0.5	0	0	0	0.375
0	0	0	0	0	0	0	0	0	0	0	0	0	0	0	0	0	0	0	0	0	0	0	0	0	0	0	0	0	0	0.778	0.571	0.4	0.25	0.2	0.444	1	0.2	0	0	0.299	0.818
0	0	0	0	0	0.924	0	0	0	0	0.924	0	0	0	0	0	0	0	0	0	0	0	0	0	0	0	0	0	0	0	0	0	0.4	0.6	0.2	0	0	0.2	0.8	0	0	0.648
2.909	0	15.506	1.003	13.964	5.135	0	16.499	2.922	18.931	3.216	0	2.065	2.922	5.914	0.7	0	0.493	1	0.379	0.7	0	0.493	1	0.379	1	0	1	1	0.5	0	0.667	0	0.2	0	0	0.667	0	0	0	0	0.496
13.964	15.506	4.652	2.909	0	18.931	16.499	6.882	5.135	2.655	5.914	2.065	2.229	3.216	2.655	0.379	0.493	0.762	0.7	1	0.379	0.493	0.762	0.7	1	0.5	1	1	1	1	0	0	0	0	0	0	0	0.25	0	0	0.559	0.253
0	4.832	1.017	0	5.915	0	8.604	3.079	0	7.86	0	4.774	3.079	0	3.066	0	0.556	1	0	0.679	0	0.556	1	0	0.679	0	0.2	0.667	0	0.667	0.333	0	0	0	0.25	0.333	0	0.2	1	0.5	0	0.325
0	0	0	1.85	16.18	0	0	0	2.862	17.117	0	0	0	1.012	0	0	0	0	1	0.551	0	0	0	1	0.551	0	0	0	0	0	0.4	0	0	0	0	0	0	0.2	0	0	0	0.475
1.906	0.965	0	0	0	2.961	0.965	0	0	0	1.055	0.965	0	0	0	0.667	0	0	0	0	0.667	0	0	0	0	0	0	0	0	0	0	0	0	0.2	0.2	0	0	0	0	1	0	0.367
0	0	0	0	0	0	0	0	0	0	0	0	0	0	0	0	0	0	0	0	0	0	0	0	0	0	0	0	0	0	0.2	0.4	0	0.778	0.6	0	0.2	0	0.444	0	0	0.446
0	0	0	6.138	22.331	0	0	0.9	10.211	24.453	0	0	0	5.298	7.915	0	0	0	0.467	0.36	0	0	0	0.467	0.36	0	0	0	0.4	0.25	0	0	0	0.75	0	0	0.4	0	0.625	0.2	0	0.549
0	0	0	0	1.003	0	0	0	0	2.922	0	0	0	0	2.922	0	0	0	0	1	0	0	0	0	1	0	0	0	0	1	0.25	0.8	0.2	0.667	0.2	0	1	0	0	0	0	0.790
3.813	0	5.707	0	15.063	6.748	0	6.694	0	16.994	0	0	0	0	0	0.81	0	0.905	0	0.618	0.81	0	0.905	0	0.618	0	0	0	0	0	0	0.5	0.2	0.571	0	0	0.5	0	0.857	0	0	0.352
0	16.875	0	12.533	3.823	0	21.092	1.895	13.482	6.796	0	7.331	1.895	3.915	4	0	0.295	0	0.467	0.536	0	0.295	0	0.495	0.524	0	0.048	0	0.167	0.333	0.2	0	0	0.2	0.5	0.6	0	0	0	0	0	0.676
0	0	12.533	0	16.875	0	1.002	13.482	0	21.092	0	1.002	3.915	0	7.331	0	0	0.467	0	0.295	0	0	0.495	0	0.295	0	0	0.167	0	0.048	0	0	0.2	0.143	0	0	0	0	0	0	0	0.522
15.014	0	0	0	6.554	20.144	0	0	0	7.599	9.197	0	0	0	1.993	0.404	0	0	0	0.643	0.404	0	0	0	0.643	0.214	0	0	0	1	0.556	0	0.8	0.667	0	0	0	1	0.222	0	0.898	0.257
0	0	0	0	0	0	0	0	0.924	0	0	0	0	0.924	0	0	0	0	0	0	0	0	0	0	0	0	0	0	0	0	0.2	0.4	0.2	0	0.25	0	0.2	0.8	0	0	0	0.598
1.906	3.823	0	0	4.708	3.082	6.796	0.924	1.895	6.718	2.172	4	0.924	1.895	3.976	0	0.536	0	0	0.571	0	0.524	0	0	0.524	0	0.333	0	0	0.333	0	0.5	0	0	0	0	0	0	0	0	0	0.482
0	0	0	0	0	0	0.924	0	0	0	0	0.924	0	0	0	0	0	0	0	0	0	0	0	0	0	0	0	0	0	0	0.4	0	0.2	0	0.2	0.2	0	0	0	0.8	0.298	0.794
0	0	0	1.902	18.125	0	0	2.939	4.956	23.709	0	0	2.939	3.054	7.612	0	0	0.667	0.4	0.383	0	0	0.667	0.4	0.379	0	0	0	0	0.143	0.2	0.25	0	0.2	0	0.4	0.75	0	0	0	0	0.534
0	0	0	0	0	0	0	0	0	0	0	0	0	0	0	0	0	0	0	0	0	0	0	0	0	0	0	0	0	0	0	0.8	0.333	0.2	0	0	0	0	0	0	0	0.393
0	0	10.219	0	14.542	0	0	14.543	0	19.352	0	0	0	0	0	0	0	0.686	0	0.491	0	0	0.686	0	0.491	0	0	0	0	0	0	0	0	0	0	0	0	0	0	0	0.898	0.491
0	0	0	0	0	0	0	0	0	0	0	0	0	0	0	0	0	0	0	0	0	0	0	0	0	0	0	0	0	0	0.25	0.333	0	0.2	0	0	0	0	0	0.333	0	0.422
0	0.951	7.55	4.886	0	0	2.84	10.446	9.515	0	0	1.889	4.779	1.418	0	0	1	0.618	0.722	0	0	1	0.618	0.722	0	0	1	0.3	0	0	0	0.25	0	0	0.4	0	0	0	0	0	0.557	0.579
0.965	0	1.906	4.708	0	0.965	0	2.961	6.718	0	0.965	0	1.055	3.976	0	0	0	0.667	0.571	0	0	0	0.667	0.524	0	0	0	0	0.333	0	0	0.2	0	0	0	0	0	0	0	0	0	0.609
15.506	2.909	13.964	0	4.652	16.499	5.135	18.931	0	6.882	2.065	3.216	5.914	0	2.229	0.493	0.7	0.379	0	0.762	0.493	0.7	0.379	0	0.762	1	1	0.5	0	1	0	0	0	0.667	0	0	0	0	0.667	0.25	0.197	0.182
0	0	22.331	0	0	0.9	0	24.453	0	0	0	0	7.915	0	0	0	0	0.36	0	0	0	0	0.36	0	0	0	0	0.25	0	0	0	0	0	0	0.25	0	0	0.2	0.4	0	0	0.291
0	0	4.832	1.915	0	0	0	8.604	2.817	0	0	0	4.774	0.902	0	0	0	0.556	0.667	0	0	0	0.556	0.667	0	0	0	0.2	0	0	0	0	0	0.2	0.333	1	0	0	0	0.333	0	0.533
4.652	13.964	0	15.506	0	6.882	18.931	2.655	16.499	0	2.229	5.914	2.655	2.065	0	0.762	0.379	1	0.493	0	0.762	0.379	1	0.493	0	1	0.5	1	1	0	0	0	0	0	0.667	0.25	0	0	0	0.222	0.116	0.366
0	15.014	6.554	0	0	0	20.144	7.599	0	0	0	9.197	1.993	0	0	0	0.404	0.643	0	0	0	0.404	0.643	0	0	0	0.214	1	0	0	0.8	0.556	0	0	0	1	0	0	0	0	0.198	0.897
0	1.906	4.708	3.823	0	0.924	3.082	6.718	6.796	0	0.924	2.172	3.976	4	0	0	0	0.571	0.536	0	0	0	0.524	0.524	0	0	0	0.333	0.333	0	0	0	0	0.5	0.2	0	0	0	0	0	0	0.427
0	0	0	0	0	0	0	0	0	0	0	0	0	0	0	0	0	0	0	0	0	0	0	0	0	0	0	0	0	0	0.4	0.778	0.2	0.571	0	0.2	0.444	0	1	0	0	0.821
0	1.906	0	0.965	0	0	2.961	0	0.965	0	0	1.055	0	0.965	0	0	0.667	0	0	0	0	0.667	0	0	0	0	0	0	0	0	0	0	0.2	0	0.4	0	0	1	0	0.4	0	0.487
0	1.01	0	0	0	0	1.01	0	0	0	0	0	0	0	0	0	0	0	0	0	0	0	0	0	0	0	0	0	0	0	0.75	0	0	0.5	0	0.125	0	0	0	0	0.9	0.540
0	0	0	-1	0	0	0	0	-1	0	0	0	0	-1	0	0	0	0	-1	0	0	0	0	-1	0	0	0	0	-1	0	0	0	0	-1	0	0	0.8	0	-1	0	0.717	0.800
0	0	0	0	0	0	0	0	0	0	0	0	0	0	0	0	0	0	0	0	0	0	0	0	0	0	0	0	0	0	0.8	0.667	0.25	0.2	0.2	1	0	0	0	0	0	0.911
6.554	0	0	15.014	0	7.599	0	0	20.144	0	1.993	0	0	9.197	0	0.643	0	0	0.404	0	0.643	0	0	0.404	0	1	0	0	0.214	0	0	0.8	0	0.556	0	0	1	0	0	0	0	0.377
0	0	3.706	22.331	0	0	0	5.626	24.453	0	0	0	0	7.915	0	0	0	0.4	0.36	0	0	0	0.4	0.36	0	0	0	0	0.25	0	0	0.25	0	0	0	0	0	0	0.2	0	0	0.436
0.951	4.886	0	19.447	7.55	2.84	9.515	0	26.349	10.446	1.889	1.418	0	4.043	4.779	1	0.722	0	0.4	0.618	1	0.722	0	0.4	0.618	1	0	0	0.5	0.3	0.25	0	0	0	0	0	0	0	0	0	0.558	0.572
0	1.902	0	16.795	0	0	4.956	0	21.003	2.939	0	3.054	0	5.155	2.939	0	0.4	0	0.4	0.667	0	0.4	0	0.395	0.667	0	0	0	0.1	0	0.25	0.2	0.2	0	0	0.75	0	0.4	0	0	0.296	0.743
3.955	0	0	18.125	1.85	6.216	0	0.977	23.709	2.862	3.263	0	0.977	7.612	1.012	0.533	0	0	0.383	1	0.533	0	0	0.379	1	0.333	0	0	0.143	0	0	1	0	0	0	0	1	0	0	0	0	0.343
0	6.138	0	0	0	0	10.211	0	0	0.9	0	5.298	0	0	0	0	0.467	0	0	0	0	0.467	0	0	0	0	0.4	0	0	0	0	0.75	0	0	0	0.4	0.625	0	0	0	0	0.653
4.886	19.447	0.951	15.746	0	9.515	26.349	2.84	21.514	0	1.418	4.043	1.889	2.355	0	0.722	0.4	1	0.467	0	0.722	0.4	1	0.467	0	0	0.5	1	0	0	0	0	0.25	0	0	0	0	0	0	0	0.894	0.284
0	0	15.014	0	0	0	0	20.144	2.655	0	0	0	9.197	2.655	0	0	0	0.404	1	0	0	0	0.404	1	0	0	0	0.214	1	0	0	0.667	0.556	0	0.8	0	0.222	0	0	1	0.559	0.758
3.885	3.711	0	0.913	20.162	6.696	6.678	0	1.852	25.105	2.811	3.871	0	0.94	8.037	0.476	0.571	0	1	0.39	0.476	0.571	0	1	0.39	0.333	0.667	0	0	0.179	0.25	0	0.2	0.25	0	0	0	0	0	0	0.197	0.332
0	0	0	1.01	0.993	0	0	0	1.01	3.766	0	0	0	0	3.766	0	0	0	0	0.667	0	0	0	0	0.667	0	0	0	0	0.667	0	0.75	0	0	0	0	0.125	0	0	0	0.298	0.436
0	0	0	16.18	0	0	0	0	17.117	0	0	0	0	0	0	0	0	0	0.551	0	0	0	0	0.551	0	0	0	0	0	0	0	0.444	0.571	0	0.5	0	0.778	0.857	0	0.5	0.419	0.546
0	0	0	0	0	0	1.049	1.002	0	0	0	0	1.002	0	0	0	0	0	0	0	0	0	0	0	0	0	0	0	0	0	0.143	0	0	0	0	0	0	0	0	0	0.716	0.387
0	0	-1	0	-1	0	0	-1	0	-1	0	0	-1	0	-1	0	0	-1	0	-1	0	0	-1	0	-1	0	0	-1	0	-1	0	0	-1	0	-1	0	0	-1	0	-1	0.896	0.885
1.01	0	0	0	0	1.01	0	0	0	0	0	0	0	0	0	0	0	0	0	0	0	0	0	0	0	0	0	0	0	0	0	0.5	0.75	0	0	0	0	0.125	0.333	0	0	0.362
0	4.652	0	13.964	0	2.655	6.882	0	18.931	0	2.655	2.229	0	5.914	0	1	0.762	0	0.379	0	1	0.762	0	0.379	0	1	1	0	0.5	0	0	0	0.667	0	0	0	0.25	0.222	0	0	0.897	0.449
0	0	0	0	0	0	0	0	0	0	0	0	0	0	0	0	0	0	0	0	0	0	0	0	0	0	0	0	0	0	0.2	0.8	0.667	0	0.8	0	1	0	0	1	0	0.489
0	0	0	0	-1	0	0	0	0	-1	0	0	0	0	-1	0	0	0	0	-1	0	0	0	0	-1	0	0	0	0	-1	0	0	0	0	-1	0	0	0	0	-1	0.297	0.855
0	6.554	0	0	0	0	7.599	0	0	0	0	1.993	0	0	0	0	0.643	0	0	0	0	0.643	0	0	0	0	1	0	0	0	0	0	0	0.8	0.2	0	0	0	1	0	0	0.506
0.993	0	0.913	0	3.711	3.766	0	1.852	0	6.678	3.766	0	0.94	0	3.871	0.667	0	1	0	0.571	0.667	0	1	0	0.571	0.667	0	0	0	0.667	0	0	0.25	0	0	0	0	0	0	0	0.558	0.261
8.488	0	0	1.225	0	9.603	0	0	1.225	0	3.013	0	0	1.225	0	0.556	0	0	0	0	0.556	0	0	0	0	0.333	0	0	0	0	0.4	0.2	0.2	0.8	0.8	0.2	0.2	0	0.4	0	0.198	0.467
0	7.55	0	0	0	0	10.446	0.924	0	0	0	4.779	0.924	0	0	0	0.618	0	0	0	0	0.618	0	0	0	0	0.3	0	0	0	0.4	0	0.143	0	0.6	0	0	0	0	0.8	0	0.866
0	0	0.993	0	0.913	0	0	3.766	0	1.852	0	0	3.766	0	0.94	0	0	0.667	0	1	0	0	0.667	0	1	0	0	0.667	0	0	0	0	0	0.75	0.25	0	0	0	0.125	0	0.559	0.747
0	0	0	0	1.01	0	0	0	0	1.01	0	0	0	0	0	0	0	0	0	0	0	0	0	0	0	0	0	0	0	0	0	0	0.5	0.25	0	0.333	0	0	0	0	0	0.687
6.138	0	0	5.915	0	10.211	0	0	7.86	0	5.298	0	0	3.066	0	0.467	0	0	0.679	0	0.467	0	0	0.679	0	0.4	0	0	0.667	0	0.75	0	0	0.25	0	0.625	0	0.4	0.5	0	0	0.481
0	1.003	2.909	0	15.506	0	2.922	5.135	0	16.499	0	2.922	3.216	0	2.065	0	1	0.7	0	0.493	0	1	0.7	0	0.493	0	1	1	0	1	0.667	0.2	0	0.2	0	0.667	0	0	0	0	0	0.883
12.533	0	16.875	0	0	13.482	0	21.092	1.002	0	3.915	0	7.331	1.002	0	0.467	0	0.295	0	0	0.495	0	0.295	0	0	0.167	0	0.048	0	0	0.2	0	0	0	0.2	0	0	0	0	0.6	0.298	0.148
0	0	0	0	3.813	0	0	0	0	6.748	0	0	0	0	0	0	0	0	0	0.81	0	0	0	0	0.81	0	0	0	0	0	0.571	0	0.5	0.444	0	0.857	0	0.5	0.778	0	0.716	0.915
0	3.955	1.85	0	0	0.977	6.216	2.862	0	0	0.977	3.263	1.012	0	0	0	0.533	1	0	0	0	0.533	1	0	0	0	0.333	0	0	0	0	0	0	1	0	0	0	0	1	0	0.296	0.369
10.219	0	14.542	0	10.374	14.543	0	19.352	0	14.51	0	0	0	0	0	0.686	0	0.491	0	0.533	0.686	0	0.491	0	0.533	0	0	0	0	0	0	0	0	0	0	0	0	0	0	0	0.896	0.265
0	0	0	0	0	0	0	0	0	0	0	0	0	0	0	0	0	0	0	0	0	0	0	0	0	0	0	0	0	0	0	0	0	0	0	0	0	0	0	0	0.055	0.842
0	0	0	4.652	15.014	0	2.655	0	6.882	20.144	0	2.655	0	2.229	9.197	0	1	0	0.762	0.404	0	1	0	0.762	0.404	0	1	0	1	0.214	0.667	0	0	0	0.556	0.222	0	0	0.25	0	0.419	0.651
5.915	1.017	0	0	6.138	7.86	3.079	0	0	10.211	3.066	3.079	0	0	5.298	0.679	1	0	0	0.467	0.679	1	0	0	0.467	0.667	0.667	0	0	0.4	0.25	0	0	0.333	0.75	0.5	0.2	0	0.333	0.625	0	0.440
0	0	0	0	0	0	0	0	0	0	0	0	0	0	0	0	0	0	0	0	0	0	0	0	0	0	0	0	0	0	0.75	0.444	0.25	0.25	0.571	0.75	0.556	0	0	1	0.294	0.966
0	0	0	0	0	0	0	0	0	0	0	0	0	0	0	0	0	0	0	0	0	0	0	0	0	0	0	0	0	0	0	0	0	0	0	0	0	0	0.8	0	0.558	0.753
1.902	16.795	0	0	0	4.956	21.003	0	0	0	3.054	5.155	0	0	0	0.4	0.4	0	0	0	0.4	0.395	0	0	0	0	0.1	0	0	0	0.2	0	0.25	0.625	0.2	0	0	0.75	0.375	0.4	0	0.391
0	1.915	0	0	4.832	0	2.817	0	0	8.604	0	0.902	0	0	4.774	0	0.667	0	0	0.556	0	0.667	0	0	0.556	0	0	0	0	0.2	0	0.2	0	0.2	0	0	0	1	0	0	0	0.441
3.823	0	1.906	0	0	6.796	1.895	3.082	0	0.924	4	1.895	2.172	0	0.924	0.536	0	0	0	0	0.524	0	0	0	0	0.333	0	0	0	0	0.5	0	0	0.2	0	0	0	0	0.6	0	0	0.365
0	3.885	20.162	3.711	7.728	0	6.696	25.105	6.678	9.659	0	2.811	8.037	3.871	2.837	0	0.476	0.39	0.571	0.533	0	0.476	0.39	0.571	0.533	0	0.333	0.179	0.667	0.333	0.2	0.25	0	0	0	0	0	0	0	0	0	0.760
0	0	0	0	0	0	0	0	0	0	0	0	0	0	0	0	0	0	0	0	0	0	0	0	0	0	0	0	0	0	0.667	0.2	0.8	0.8	0.25	0	0	1	1	0	0	0.331
15.746	23.228	19.447	10.374	4.886	21.514	28.617	26.349	14.51	9.515	2.355	0	4.043	0	1.418	0.467	0.359	0.4	0.533	0.722	0.467	0.356	0.4	0.533	0.722	0	0	0.5	0	0	0	0	0	0	0	0	0	0	0	0	0.195	0.150
11.481	15.063	1.913	5.707	0	13.435	16.994	2.811	6.694	0	0	0	0	0	0	0.67	0.618	1	0.905	0	0.67	0.618	1	0.905	0	0	0	0	0	0	0.2	0	0	0.2	0	0	0	0	0	0	0.117	0.156
0	0	0	0	0	0	0	0	0	0	0	0	0	0	0	0	0	0	0	0	0	0	0	0	0	0	0	0	0	0	0.2	0.333	0.333	0	0.25	0	0	0	0	0	0	0.485
15.063	5.707	11.481	3.813	1.913	16.994	6.694	13.435	6.748	2.811	0	0	0	0	0	0.618	0.905	0.67	0.81	1	0.618	0.905	0.67	0.81	1	0	0	0	0	0	0	0.2	0.2	0	0	0	0	0	0	0	0.56	0.135
22.331	0	0	0	0	24.453	0.9	0	0	0	7.915	0	0	0	0	0.36	0	0	0	0	0.36	0	0	0	0	0.25	0	0	0	0	0	0	0.25	0	0	0.2	0	0	0	0	0.298	0.204
0	0	1.915	0	0	0	0	2.817	0	0	0	0	0.902	0	0	0	0	0.667	0	0	0	0	0.667	0	0	0	0	0	0	0	0.2	0	0.2	0	0	0	0	0	0	0	0	0.559
16.18	0	0	0	0	17.117	0	0	0	0	0	0	0	0	0	0.551	0	0	0	0	0.551	0	0	0	0	0	0	0	0	0	0	0	0.444	0.4	0	0	0.2	0.778	0	0	0.292	0.378
10.374	14.542	23.228	10.219	15.746	14.51	19.352	28.617	14.543	21.514	0	0	0	0	2.355	0.533	0.491	0.359	0.686	0.467	0.533	0.491	0.356	0.686	0.467	0	0	0	0	0	0	0	0	0	0	0	0	0	0	0	0.898	0.341
0	0	0	8.488	0	0	0	0	9.603	0	0	0	0	3.013	0	0	0	0	0.556	0	0	0	0	0.556	0	0	0	0	0.333	0	0.8	0.2	0	0.4	0.333	0	0	0	0.2	0	0	0.664
0	0	3.823	16.875	1.906	1.895	0	6.796	21.092	3.082	1.895	0	4	7.331	2.172	0	0	0.536	0.295	0	0	0	0.524	0.295	0	0	0	0.333	0.048	0	0	0.2	0.5	0	0	0	0.6	0	0	0	0	0.365
16.795	0	1.902	1.865	0	21.003	0	4.956	3.852	0	5.155	0	3.054	1.988	0	0.4	0	0.4	0.333	0	0.395	0	0.4	0.333	0	0.1	0	0	0	0	0	0.625	0.2	0	0.25	0	0.375	0	0	0.75	0	0.225
0	0	0	3.706	0	0	0	0	5.626	0	0	0	0	0	0	0	0	0	0.4	0	0	0	0	0.4	0	0	0	0	0	0	0	0	0	0	0	0	0	0	0	0	0.298	0.747
0	0	0	0	0	0	0	0	0	0	0	0	0	0	0	0	0	0	0	0	0	0	0	0	0	0	0	0	0	0	0.25	0.75	0.571	0.444	0.778	0	0.75	1	0.556	0.444	0	0.748
1.85	0	0	3.955	0	2.862	0.977	0	6.216	0	1.012	0.977	0	3.263	0	1	0	0	0.533	0	1	0	0	0.533	0	0	0	0	0.333	0	0	0	0	0	0.4	0	0	0	0	0	0.554	0.346
0.913	0.993	3.711	0	3.885	1.852	3.766	6.678	0	6.696	0.94	3.766	3.871	0	2.811	1	0.667	0.571	0	0.476	1	0.667	0.571	0	0.476	0	0.667	0.667	0	0.333	0.25	0	0	0	0.25	0	0	0	0	0	0	0.317
0	5.915	6.138	1.017	0	0	7.86	10.211	3.079	0	0	3.066	5.298	3.079	0	0	0.679	0.467	1	0	0	0.679	0.467	1	0	0	0.667	0.4	0.667	0	0	0.25	0.75	0	0	0	0.5	0.625	0.2	0.4	0	0.306
1.225	7.728	0	20.162	8.488	1.225	9.659	0	25.105	9.603	1.225	2.837	0	8.037	3.013	0	0.533	0	0.39	0.556	0	0.533	0	0.39	0.556	0	0.333	0	0.179	0.333	0.8	0	0.2	0	0.4	0.4	0	0.2	0	0.2	0	0.613
1.003	0	0	0	2.909	2.922	0	0	0	5.135	2.922	0	0	0	3.216	1	0	0	0	0.7	1	0	0	0	0.7	1	0	0	0	1	0.2	0.2	0.667	0.25	0	0	0	0.667	0	0	0	0.481
0	0	0	1.906	0.916	0	0	0	2.961	1.916	0	0	0	1.055	1	0	0	0	0.667	1	0	0	0	0.667	1	0	0	0	0	0	0.2	0	0.4	0	0.2	1	0	0.4	0	0	0.2	0.886
0	0	0	6.554	1.915	0	0	0	7.599	2.817	0	0	0	1.993	0.902	0	0	0	0.643	0.667	0	0	0	0.643	0.667	0	0	0	1	0	0	0	0.2	0	0.2	0	0	0	0	0	0	0.473
0	0	0.916	0	1.025	0	0	1.916	0	1.025	0	0	1	0	0	0	0	1	0	0	0	0	1	0	0	0	0	0	0	0	0.4	0.2	0.2	0	0.2	0.4	1	0	0	0	0	0.589
0	8.488	0	0	0	0	9.603	0	0	0	0	3.013	0	0	0	0	0.556	0	0	0	0	0.556	0	0	0	0	0.333	0	0	0	0.2	0.4	0.8	0.2	0	0	0.2	0	0.2	0	0	0.359
0	0	0	0	0	0	0	0	0	0	0	0	0	0	0	0	0	0	0	0	0	0	0	0	0	0	0	0	0	0	0	0	0	0	0	0	0	0	0	0	0	0.747
23.228	10.374	15.746	14.542	19.447	28.617	14.51	21.514	19.352	26.349	0	0	2.355	0	4.043	0.359	0.533	0.467	0.491	0.4	0.356	0.533	0.467	0.491	0.4	0	0	0	0	0.5	0	0	0	0	0	0	0	0	0	0	0.198	0.179
0	0	0	0	0	0	0	0	0	0	0	0	0	0	0	0	0	0	0	0	0	0	0	0	0	0	0	0	0	0	0.8	0	0.2	0.333	0.667	1	0	0	0	0	0	0.906
0	3.706	0	0	0	0	5.626	0	0	0	0	0	0	0	0	0	0.4	0	0	0	0	0.4	0	0	0	0	0	0	0	0	0	0	0	0	0	0	0	0	0	0	0.554	0.375
0	0	0	0	12.533	1.002	0	0	1.049	13.482	1.002	0	0	0	3.915	0	0	0	0	0.467	0	0	0	0	0.495	0	0	0	0	0.167	0	0.143	0	0	0.2	0	0	0	0	0	0	0.471
0	1.225	8.488	7.728	0	0	1.225	9.603	9.659	0	0	1.225	3.013	2.837	0	0	0	0.556	0.533	0	0	0	0.556	0.533	0	0	0	0.333	0.333	0	0.2	0.8	0.4	0	0.2	0.2	0.4	0.2	0	0	0	0.640
0	0	0	0	0	0	0	0	0	0	0	0	0	0	0	0	0	0	0	0	0	0	0	0	0	0	0	0	0	0	0.571	0.25	0.778	0.75	0.4	1	0	0.444	0.75	0.2	0.716	0.949
0	1.865	16.795	1.025	1.902	0	3.852	21.003	1.025	4.956	0	1.988	5.155	0	3.054	0	0.333	0.4	0	0.4	0	0.333	0.395	0	0.4	0	0	0.1	0	0	0.625	0	0	0.2	0.2	0.375	0	0	0	0	0	0.499
0	18.125	3.955	0	0	0	23.709	6.216	2.939	0.977	0	7.612	3.263	2.939	0.977	0	0.383	0.533	0.667	0	0	0.379	0.533	0.667	0	0	0.143	0.333	0	0	1	0	0	0	0	1	0	0	0	0	0.298	0.867
0	16.18	0	0	0	0	17.117	0	0	0	0	0	0	0	0	0	0.551	0	0	0	0	0.551	0	0	0	0	0	0	0	0	0.444	0	0	0	0.571	0.778	0	0	0.2	0.857	0.414	0.714
0.916	0	1.025	0	1.865	1.916	0	1.025	0	3.852	1	0	0	0	1.988	1	0	0	0	0.333	1	0	0	0	0.333	0	0	0	0	0	0.2	0.4	0.2	0.2	0	0	0.4	0	1	0	0	0.418
0	1.85	0	0	0	0	2.862	0	0.977	0	0	1.012	0	0.977	0	0	1	0	0	0	0	1	0	0	0	0	0	0	0	0	0	0	0.4	0	0	0	0	0	0	0.2	0.556	0.442
0	0	0	0	0	0	0	0	0	0	0	0	0	0	0	0	0	0	0	0	0	0	0	0	0	0	0	0	0	0	0	0.25	0	0.333	0.5	0	0	0.333	0	0	0	0.543
0	0	0	0	0	0	0	1.049	0	0	0	0	0	0	0	0	0	0	0	0	0	0	0	0	0	0	0	0	0	0	0	0	0	0	0	0	0	0.2	0	0	0.195	0.384
0	4.708	0.965	0	1.906	0	6.718	0.965	0.924	2.961	0	3.976	0.965	0.924	1.055	0	0.571	0	0	0.667	0	0.524	0	0	0.667	0	0.333	0	0	0	0.2	0	0	0	0	0	0	0	0	0	0	0.523
0	1.913	0	11.481	0	0	2.811	0	13.435	0	0	0	0	0	0	0	1	0	0.67	0	0	1	0	0.67	0	0	0	0	0	0	0	0	0	0.2	0	0	0	0	0	0	0.898	0.655
16.875	12.533	0	0	0	21.092	13.482	0	0	1.895	7.331	3.915	0	0	1.895	0.295	0.467	0	0	0	0.295	0.495	0	0	0	0.048	0.167	0	0	0	0	0.2	0.2	0	0	0	0	0.6	0	0	0	0.290
0	0	0	0	0	0	0	0	0	0	0	0	0	0	0	0	0	0	0	0	0	0	0	0	0	0	0	0	0	0	0	0	0	0	0	0	0	0	0	0	0.42	0.679
4.832	0	0	0	1.017	8.604	0	0	0	3.079	4.774	0	0	0	3.079	0.556	0	0	0	1	0.556	0	0	0	1	0.2	0	0	0	0.667	0	0	0.333	0	0	0	1	0.333	0	0.2	0	0.286
3.706	0	0	0	0	5.626	0	0	0	0	0	0	0	0	0	0.4	0	0	0	0	0.4	0	0	0	0	0	0	0	0	0	0	0	0	0.25	0	0	0	0	0	0	0.298	0.200
0	0	0	0	0	0	0.924	0	0	0.924	0	0.924	0	0	0.924	0	0	0	0	0	0	0	0	0	0	0	0	0	0	0	0.6	0.143	0	0.4	0	0.8	0	0	0	0	0.298	0.911
4.708	0	0	1.906	0.965	6.718	0.924	0	3.082	0.965	3.976	0.924	0	2.172	0.965	0.571	0	0	0	0	0.524	0	0	0	0	0.333	0	0	0	0	0	0	0.2	0	0	0	0	0	0	0	0	0.350
1.025	0.916	1.865	0	0	1.025	1.916	3.852	0	0	0	1	1.988	0	0	0	1	0.333	0	0	0	1	0.333	0	0	0	0	0	0	0	0.2	0.2	0	0.4	0.625	0	0	0	0.4	0.375	0	0.335
0	0	0	0	0	0	0	0	0	0	0	0	0	0	0	0	0	0	0	0	0	0	0	0	0	0	0	0	0	0	0.444	0.25	0.75	0.2	0.25	0.556	0	0.75	0.8	0	0.414	0.924
3.711	0.913	3.885	0.993	0	6.678	1.852	6.696	3.766	0	3.871	0.94	2.811	3.766	0	0.571	1	0.476	0.667	0	0.571	1	0.476	0.667	0	0.667	0	0.333	0.667	0	0	0.25	0.25	0	0.2	0	0	0	0	0	0.415	0.205
0	0	0	0	0	0	0	0	0	0	0	0	0	0	0	0	0	0	0	0	0	0	0	0	0	0	0	0	0	0	0	0.333	0.8	0	0.2	0	0	1	0	0	0	0.527
20.162	0	7.728	3.885	1.225	25.105	0	9.659	6.696	1.225	8.037	0	2.837	2.811	1.225	0.39	0	0.533	0.476	0	0.39	0	0.533	0.476	0	0.179	0	0.333	0.333	0	0	0.2	0	0.25	0.8	0	0	0	0	0.4	0.195	0.186
0	0	0	0	0	1.049	0	0	0	1.049	0	0	0	0	0	0	0	0	0	0	0	0	0	0	0	0	0	0	0	0	0	0	0	0	0	0.2	0	0	0	0	0	0.356
1.913	11.481	0	15.063	0	2.811	13.435	0	16.994	0	0	0	0	0	0	1	0.67	0	0.618	0	1	0.67	0	0.618	0	0	0	0	0	0	0	0.2	0	0	0	0	0	0	0	0	0.714	0.305
0	0	0	0	0	1.049	0	0	1.049	1.002	0	0	0	0	1.002	0	0	0	0	0	0	0	0	0	0	0	0	0	0	0	0	0	0.143	0	0	0	0	0	0.2	0	0.414	0.428
19.447	15.746	4.886	23.228	0.951	26.349	21.514	9.515	28.617	2.84	4.043	2.355	1.418	0	1.889	0.4	0.467	0.722	0.359	1	0.4	0.467	0.722	0.356	1	0.5	0	0	0	1	0	0	0	0	0.25	0	0	0	0	0	0.718	0.209
0	0	0	0	0	0	0	0	0	0	0	0	0	0	0	0	0	0	0	0	0	0	0	0	0	0	0	0	0	0	0.333	0	0.2	0.6	0.333	0	0	0	0	0	0	0.347
0	0	0	0	0	0	0	0	0	1.049	0	0	0	0	0	0	0	0	0	0	0	0	0	0	0	0	0	0	0	0	0	0	0	0	0	0	0	0	0	0.2	0.556	0.570
18.125	0	0	0	3.955	23.709	2.939	0	0	6.216	7.612	2.939	0	0	3.263	0.383	0.667	0	0	0.533	0.379	0.667	0	0	0.533	0.143	0	0	0	0.333	0	0	1	0.2	0	0	0	1	0.4	0	0.419	0.198
5.707	3.813	15.063	0	11.481	6.694	6.748	16.994	0	13.435	0	0	0	0	0	0.905	0.81	0.618	0	0.67	0.905	0.81	0.618	0	0.67	0	0	0	0	0	0.2	0	0	0.5	0.2	0	0	0	0.5	0	0.717	0.202
0	0	0	1.913	0	0	0	0	2.811	0	0	0	0	0	0	0	0	0	1	0	0	0	0	1	0	0	0	0	0	0	0	0	0	0	0	0	0	0	0	0	0.893	0.583
1.865	1.025	0	0.916	16.795	3.852	1.025	0	1.916	21.003	1.988	0	0	1	5.155	0.333	0	0	1	0.4	0.333	0	0	1	0.395	0	0	0	0	0.1	0	0.2	0.625	0.2	0	0	0	0.375	0	0	0	0.503
0	0	0	0	0	0	0	0	0	0	0	0	0	0	0	0	0	0	0	0	0	0	0	0	0	0	0	0	0	0	0	0.6	0.333	0	0.2	0	0	0	0	0	0	0.488
0	0	0	0	0	0	0	0	0	0	0	0	0	0	0	0	0	0	0	0	0	0	0	0	0	0	0	0	0	0	0.25	0.2	0.444	0.2	0.75	0	0.8	0.556	0	0.75	0.299	0.478
1.915	0	0	0	0	2.817	0	0	0	0	0.902	0	0	0	0	0.667	0	0	0	0	0.667	0	0	0	0	0	0	0	0	0	0.2	0.2	0	0	0	0	0	0	0	1	0	0.274
0	0	0	7.55	0	0.924	0	0	10.446	0	0.924	0	0	4.779	0	0	0	0	0.618	0	0	0	0	0.618	0	0	0	0	0.3	0	0.143	0.4	0.6	0	0	0	0	0.8	0	0	0.299	0.648
0	0	0	0	0	0	0	0.924	0.924	0	0	0	0.924	0.924	0	0	0	0	0	0	0	0	0	0	0	0	0	0	0	0	0	0.6	0	0.143	0.4	0	0.8	0	0	0.2	0	0.494
0	0	0	0	0	0	0	0	0	0	0	0	0	0	0	0	0	0	0	0	0	0	0	0	0	0	0	0	0	0	0.6	0	0	0.2	0.333	0	0	0	0	0	0	0.803
0	22.331	0	0	3.706	0	24.453	0	0.9	5.626	0	7.915	0	0	0	0	0.36	0	0	0.4	0	0.36	0	0	0.4	0	0.25	0	0	0	0.25	0	0	0	0	0	0.2	0	0	0	0	0.437
