0.672	1.536	2.465	5.282	0	10.491	10.103	7.692	7.621	10.904	10.491	10.103	13.347	12.285	10.904	0.714	0.714	0.378	0.422	0.714	0.667	0.667	0.8	0.533	0.667	0.714	0.714	0.378	0.422	0.714	0	0	0.6	0	0	0	0	0	0	0	0.417	0.383
3.636	1.597	0	3.617	0.704	9.384	6.32	4.4	8.251	5.057	8.593	6.609	4.4	9.894	5.057	0.489	0.476	0.5	0.327	0.6	0.422	0.533	0.5	0.393	0.6	0.5	0.533	0.5	0.361	0.6	0	0.5	0	0.2	0	0	0.5	0	0	0	0.298	0.115
0	0	1.734	1.185	0	1.51	1.303	2.531	1.958	0	1.51	1.303	1.721	0.773	0	0	0	0.667	0	0	0	0	0.667	0	0	0	0	1	0	0	0	0	0	0	0	0	0	0	0	0	0	0.442
3.153	6.809	1.62	1.181	0.961	5.744	11.45	1.62	2.004	0.668	3.288	7.262	1.62	3.184	1.629	0.524	0.33	1	0.833	1	0.524	0.319	1	0.667	0	0.333	0.393	1	0.833	1	0	0	0.4	0.625	0	0	0.4	0	1	0.2	0.417	0.123
0	0	0	0	0	1.288	0	0	0	0.646	1.288	0	0	0	0.646	0	0	0	0	0	0	0	0	0	0	0	0	0	0	0	0	0	0	0	0	0	0	0	0	0	0.558	0.219
8.762	0	0	2.001	0.642	10.614	0	0	2.001	1.64	5.499	0	0	2.001	1.64	0.394	0	0	0.667	1	0.394	0	0	0.667	1	0.2	0	0	0.333	1	0.5	1	0	0.8	0.111	0	1	0	0.2	0	0.294	0.303
0.652	0.876	0	0	0	0.652	0.693	0	0.789	0	0.652	1.568	0	0.789	0	0	0	0	0	0	0	0	0	0	0	0	0	0	0	0	0	0	0	0	0.4	0	0	0	0	0.4	0.296	0.214
0	0	0	0	0	0	0	0	0	0	0	0	0	0	0	0	0	0	0	0	0	0	0	0	0	0	0	0	0	0	0	0	0	0	0	0	0	0.333	0	0	0.896	1.000
0	0	0	1.987	0.876	0.693	0.789	0.789	6.362	0.693	0.693	0.789	0.789	6.362	1.568	0	0	0	0.714	0	0	0	0	0.667	0	0	0	0	0.714	0	0	0	0	0	0	0	0	0	0	0	0.717	0.188
0.696	6.148	0	14.866	0	4.973	3.409	3.737	13.592	2.275	4.973	9.877	3.737	11.156	4.317	0.6	0.273	0.5	0.314	0.7	0.533	0.5	0.5	0.41	0.667	0.333	0.255	0.5	0.327	0.7	0	0.2	1	0.625	1	0	0.2	1	0.375	1	0.718	0.132
11.22	0	4.637	3.658	0.982	14.154	0	9.192	1.825	0.9	12.536	0	7.536	4.296	1.882	0.325	0	0.422	0.3	1	0.317	0	0.378	0	0	0.231	0	0.286	0.2	1	1	1	0.8	0.4	0.667	1	1	1	0	1	0	0.242
0.649	0	0	0	0	0.649	0.646	0.646	0	0	0.649	0.646	0.646	0	0	0	0	0	0	0	0	0	0	0	0	0	0	0	0	0	0.4	0	0	0	0.25	0	0	0	0	0	0.198	0.248
0	0.652	0	0.876	0	0	0.652	0	0.693	0	0	0.652	0	1.568	0	0	0	0	0	0	0	0	0	0	0	0	0	0	0	0	0	0	0.4	0	1	0	0	0.4	0	1	0	0.532
2.465	0.672	0	1.536	1.099	7.692	10.491	10.904	10.103	9.301	13.347	10.491	10.904	10.103	9.301	0.378	0.714	0.714	0.714	0.714	0.8	0.667	0.667	0.667	0.571	0.378	0.714	0.714	0.714	0.714	0.6	0	0	0	0.111	0	0	0	0	0	0	0.372
0	0	0	-1	0	0	0	0	-1	0	0	0	0	-1	0	0	0	0	-1	0	0	0	0	-1	0	0	0	0	-1	0	0	0	0	-1	0	0	0	0	-1	0	0.718	0.994
1.342	0	14.866	0	6.148	2.151	0	13.592	0	3.409	1.503	0	11.156	0	9.877	0.333	0	0.314	0	0.273	0.333	0	0.41	0	0.5	0	0	0.327	0	0.255	0	0.4	0.625	0	0.2	0.667	0.6	0.375	0	0.2	0	0.169
1.597	3.617	3.636	6.022	0	6.32	8.251	9.384	13.791	4.4	6.609	9.894	8.593	12.188	4.4	0.476	0.327	0.489	0.276	0.5	0.533	0.393	0.422	0.257	0.5	0.533	0.361	0.5	0.205	0.5	0.5	0.2	0	0	0	0.5	0	0	0	0	0	0.589
4.761	3.836	1.181	0.982	6.809	8.578	9.243	2.004	0.9	11.45	6.127	8.45	3.184	1.882	7.262	0.643	0.511	0.833	1	0.33	0.607	0.489	0.667	0	0.319	0.467	0.417	0.833	1	0.393	0.75	0	0.625	0.667	0	0.75	0.111	1	1	0.4	0	0.609
14.866	1.342	6.148	0	0.696	13.592	2.151	3.409	0	4.973	11.156	1.503	9.877	0	4.973	0.314	0.333	0.273	0	0.6	0.41	0.333	0.5	0	0.533	0.327	0	0.255	0	0.333	0.625	0	0.2	0.4	0	0.375	0.667	0.2	0.6	0	0	0.240
0	1.185	0	8.138	1.734	1.303	1.958	1.51	10.322	2.531	1.303	0.773	1.51	6.352	1.721	0	0	0	0.244	0.667	0	0	0	0.244	0.667	0	0	0	0.107	1	0	0	0	0.333	0	0	0	0	0	0	0.296	0.180
0.693	0	0.652	0	1.784	0.693	0	0.652	0.646	0	0.693	0	0.652	0.646	1.784	0	0	0	0	1	0	0	0	0	0	0	0	0	0	1	0	0.25	0.2	0	0.2	0	0	0	0	0.2	0.294	0.260
0	0	6.011	0.696	6.022	2.275	3.737	14.246	4.973	13.791	4.317	3.737	13.597	4.973	12.188	0.7	0.5	0.242	0.6	0.276	0.667	0.5	0.192	0.533	0.257	0.7	0.5	0.238	0.333	0.205	1	1	0.2	0	0	1	1	0.2	0	0	0	0.825
0	1.482	0	4.543	0	0	1.341	0	4.567	0	0	3.947	0	4.44	0	0	0.167	0	0.381	0	0	0	0	0.4	0	0	0.167	0	0.4	0	0.6	0.4	0	0	0	0.2	0.6	0	0.333	0	0.113	0.517
0	0	0	0	-1	0	0	0	0	-1	0	0	0	0	-1	0	0	0	0	-1	0	0	0	0	-1	0	0	0	0	-1	0	0	0	0	-1	0.333	0	0	0	-1	0.893	1.000
0	0	0	0	0.649	0	1.288	0.646	0	0.649	0	1.288	0.646	0	0.649	0	0	0	0	0	0	0	0	0	0	0	0	0	0	0	0	0	0	0	0.4	0	0	0	0	0	0.299	0.300
0	0	0	0	0	0	0	0	0	0	0	0	0	0	0	0	0	0	0	0	0	0	0	0	0	0	0	0	0	0	0	0	0	0	0	0	0	0	0	0	0.556	0.910
0	0.696	0	6.148	6.011	3.737	4.973	2.275	3.409	14.246	3.737	4.973	4.317	9.877	13.597	0.5	0.6	0.7	0.273	0.242	0.5	0.533	0.667	0.5	0.192	0.5	0.333	0.7	0.255	0.238	1	0	1	0.2	0.2	1	0	1	0.2	0.2	0.714	0.714
3.836	0.982	4.761	4.637	1.181	9.243	0.9	8.578	9.192	2.004	8.45	1.882	6.127	7.536	3.184	0.511	1	0.643	0.422	0.833	0.489	0	0.607	0.378	0.667	0.417	1	0.467	0.286	0.833	0	0.667	0.75	0.8	0.625	0.111	1	0.75	1	1	0.299	0.117
0	0	0.649	0	0	0.646	0	0.649	1.288	0.646	0.646	0	0.649	1.288	0.646	0	0	0	0	0	0	0	0	0	0	0	0	0	0	0	0	0	0.4	0	0	0	0	0	0	0	0.718	0.262
0	0	1.342	0	14.866	0	0	2.151	0	13.592	0	0	1.503	0	11.156	0	0	0.333	0	0.314	0	0	0.333	0	0.41	0	0	0	0	0.327	0.4	0	0	0	0.625	0.6	0	0.667	0	0.375	0	0.543
2.89	0	5.282	0	1.536	10.119	0	7.621	0	10.103	10.119	0	12.285	0	10.103	0.714	0	0.422	0	0.714	0.667	0	0.533	0	0.667	0.714	0	0.422	0	0.714	0	0	0	0	0	0	0	0	0	0	0.414	0.334
0	-1	0	-1	0	0	-1	0	-1	0	0	-1	0	-1	0	0	-1	0	-1	0	0	-1	0	-1	0	0	-1	0	-1	0	0	-1	0	-1	0	0	-1	0	-1	0	0.899	1.000
0	0	0	0	0	0	0	0	0	0	0	0	0	0	0	0	0	0	0	0	0	0	0	0	0	0	0	0	0	0	0	0	0	0	0	0	0	0	0	0.333	0.896	0.999
0	0	0	0.649	1.342	0	0	0	0.649	2.151	0	0	0	0.649	1.503	0	0	0	0	0.333	0	0	0	0	0.333	0	0	0	0	0	0	0	0.4	0.333	0	0	0	0.6	0.333	0.667	0.296	0.288
0	0	1.878	0	0	0	1.355	1.878	0	0	0	1.355	1.878	0	0	0	0	1	0	0	0	0	0	0	0	0	0	1	0	0	0.2	0.4	0	0	0	0.2	0.8	0.8	0	0	0.198	0.279
0	0	0	0	0	0	0	0	0	0	0	0	0	0	0	0	0	0	0	0	0	0	0	0	0	0	0	0	0	0	0	0	0	0	0	0	0	0	0	0	0.716	0.997
0	3.636	0.704	1.597	0	4.4	9.384	5.057	6.32	0	4.4	8.593	5.057	6.609	0	0.5	0.489	0.6	0.476	0	0.5	0.422	0.6	0.533	0	0.5	0.5	0.6	0.533	0	0	0	0	0.5	0	0	0	0	0.5	0.2	0.899	0.188
1.181	4.761	6.809	3.836	3.153	2.004	8.578	11.45	9.243	5.744	3.184	6.127	7.262	8.45	3.288	0.833	0.643	0.33	0.511	0.524	0.667	0.607	0.319	0.489	0.524	0.833	0.467	0.393	0.417	0.333	0.625	0.75	0	0	0	1	0.75	0.4	0.111	0	0	0.651
0.659	0	0	0	0.649	1.709	0.715	0	0	0.649	1.709	0.715	0	0	0.649	1	0	0	0	0	1	0	0	0	0	1	0	0	0	0	0.222	0	0	0	0.333	0	0	0.667	0	0.333	0.298	0.204
0.982	4.637	3.836	11.22	4.761	0.9	9.192	9.243	14.154	8.578	1.882	7.536	8.45	12.536	6.127	1	0.422	0.511	0.325	0.643	0	0.378	0.489	0.317	0.607	1	0.286	0.417	0.231	0.467	0.667	0.8	0	1	0.75	1	1	0.111	1	0.75	0	0.783
4.543	3.491	1.482	0	0	4.567	3.491	1.341	0	0	4.44	2.829	3.947	0	0	0.381	0.7	0.167	0	0	0.4	0.7	0	0	0	0.4	0.833	0.167	0	0	0	0	0.4	0	0.6	0.333	0	0.6	0	0.2	0.56	0.482
0	0	0	0	0	0	0	0	0	0	0	0	0	0	0	0	0	0	0	0	0	0	0	0	0	0	0	0	0	0	0	0	0	0	0	0	0	0	0	0	0.296	0.999
0	0	2.001	0	0	0	0	2.001	0	0	0	0	2.001	0	0	0	0	0.667	0	0	0	0	0.667	0	0	0	0	0.333	0	0	1	0.4	0.8	0	1	1	0.4	0.2	0	1	0.294	0.980
1.734	0	0	0	0	2.531	1.51	0	1.303	1.941	1.721	1.51	0	1.303	1.941	0.667	0	0	0	0	0.667	0	0	0	0	1	0	0	0	0	0	0	0	0	0.2	0	0	0	0	0	0.417	0.171
0	0.649	0	0	0	0	0.649	0	0	0	0	0.649	0	0	0	0	0	0	0	0	0	0	0	0	0	0	0	0	0	0	0	0.333	0	0	0.4	0	0.333	0	0.667	0.6	0.558	0.190
0.652	0.693	1.784	0	0.801	0.652	0.693	0	0	0	0.652	0.693	1.784	0	0.801	0	0	1	0	0	0	0	0	0	0	0	0	1	0	0	0.2	0	0.2	0.25	0.6	0	0	0.2	0	0	0	0.462
1.222	4.161	0	0.642	3.491	1.222	5.016	0	1.64	3.491	3.002	2.51	0	1.64	2.829	1	0.9	0	1	0.7	0	0.9	0	1	0.7	1	0.333	0	1	0.833	0.2	0.5	0	0.111	0	0.4	0	0	0	0	0	0.368
3.658	0.801	0	1.784	11.22	1.825	0	0	0	14.154	4.296	0.801	0	1.784	12.536	0.3	0	0	1	0.325	0	0	0	0	0.317	0.2	0	0	1	0.231	0.4	0.6	1	0.2	1	0	0	1	0.2	1	0	0.364
3.491	0	4.543	1.222	1.482	3.491	0	4.567	1.222	1.341	2.829	0	4.44	3.002	3.947	0.7	0	0.381	1	0.167	0.7	0	0.4	0	0	0.833	0	0.4	1	0.167	0	0	0	0.2	0.4	0	0	0.333	0.4	0.6	0.718	0.119
0.803	0.961	1.945	1.62	0.801	3.339	0.668	3.69	1.62	0	3.339	1.629	3.69	1.62	0.801	0.333	1	0.5	1	0	0.333	0	0.5	1	0	0.333	1	0.333	1	0	0	0	0	0.4	0.25	0	0.2	0	0	0	0.419	0.132
0.642	0	4.161	8.762	1.222	1.64	0	5.016	10.614	1.222	1.64	0	2.51	5.499	3.002	1	0	0.9	0.394	1	1	0	0.9	0.394	0	1	0	0.333	0.2	1	0.111	0	0.5	0.5	0.2	0	0	0	0	0.4	0.717	0.138
8.138	0.663	1.185	0	0	10.322	0.663	1.958	0	1.303	6.352	0.663	0.773	0	1.303	0.244	0	0	0	0	0.244	0	0	0	0	0.107	0	0	0	0	0.333	0.25	0	0	0	0	0	0	0	0	0.898	0.229
5.282	2.89	1.536	0	0.672	7.621	10.119	10.103	0	10.491	12.285	10.119	10.103	0	10.491	0.422	0.714	0.714	0	0.714	0.533	0.667	0.667	0	0.667	0.422	0.714	0.714	0	0.714	0	0	0	0	0	0	0	0	0	0	0.296	0.292
0	1.734	0	0	0	0	2.531	1.941	1.51	0	0	1.721	1.941	1.51	0	0	0.667	0	0	0	0	0.667	0	0	0	0	1	0	0	0	0	0	0.2	0	0	0	0	0	0	0	0.415	0.176
0	0	0	0.652	2.001	0	0	0	0.652	2.001	0	0	0	0.652	2.001	0	0	0	0	0.667	0	0	0	0	0.667	0	0	0	0	0.333	0.4	0	1	0	0.8	0.4	0	1	0	0.2	0	0.588
0	0.801	0	1.945	0.659	0	0	0.715	3.69	1.709	0	0.801	0.715	3.69	1.709	0	0	0	0.5	1	0	0	0	0.5	1	0	0	0	0.333	1	0	0.25	0	0	0.222	0	0	0	0	0	0	0.164
2.308	1.099	2.542	0	1.987	9.443	9.301	5.081	10.904	6.362	9.443	9.301	7.282	10.904	6.362	0.714	0.714	0.714	0.714	0.714	0.667	0.571	0.8	0.667	0.667	0.714	0.714	0.714	0.714	0.714	0	0.111	0	0	0	0	0	0	0	0	0.42	0.219
1.62	3.153	0.961	6.809	0.803	1.62	5.744	0.668	11.45	3.339	1.62	3.288	1.629	7.262	3.339	1	0.524	1	0.33	0.333	1	0.524	0	0.319	0.333	1	0.333	1	0.393	0.333	0.4	0	0	0	0	0	0	0.2	0.4	0	0	0.551
0	0	0	0	2.89	0	0	0	0	10.119	0	0	0	0	10.119	0	0	0	0	0.714	0	0	0	0	0.667	0	0	0	0	0.714	0	0	0	0	0	0	0	0	0	0	0.415	0.332
0	3.658	11.22	0.801	4.637	0	1.825	14.154	0	9.192	0	4.296	12.536	0.801	7.536	0	0.3	0.325	0	0.422	0	0	0.317	0	0.378	0	0.2	0.231	0	0.286	1	0.4	1	0.6	0.8	1	0	1	0	1	0	0.920
1.784	0.652	0.801	0.693	3.658	0	0.652	0	0.693	1.825	1.784	0.652	0.801	0.693	4.296	1	0	0	0	0.3	0	0	0	0	0	1	0	0	0	0.2	0.2	0.2	0.6	0	0.4	0.2	0	0	0	0	0	0.403
3.617	6.022	1.597	6.011	3.636	8.251	13.791	6.32	14.246	9.384	9.894	12.188	6.609	13.597	8.593	0.327	0.276	0.476	0.242	0.489	0.393	0.257	0.533	0.192	0.422	0.361	0.205	0.533	0.238	0.5	0.2	0	0.5	0.2	0	0	0	0.5	0.2	0	0.415	0.264
0	0	0	0.704	0	0	0	0	5.057	0	0	0	0	5.057	0	0	0	0	0.6	0	0	0	0	0.6	0	0	0	0	0.6	0	0	0	0	0	0	0	0.2	0	0	0	0.419	0.991
0	1.222	3.491	4.161	4.543	0	1.222	3.491	5.016	4.567	0	3.002	2.829	2.51	4.44	0	1	0.7	0.9	0.381	0	0	0.7	0.9	0.4	0	1	0.833	0.333	0.4	0	0.2	0	0.5	0	0	0.4	0	0	0.333	0.415	0.249
1.945	0.803	0.801	0.961	0	3.69	3.339	0	0.668	0	3.69	3.339	0.801	1.629	0	0.5	0.333	0	1	0	0.5	0.333	0	0	0	0.333	0.333	0	1	0	0	0	0.25	0	0	0	0	0	0.2	0	0.117	0.145
0	0	0	1.734	0	1.941	0	0	2.531	0	1.941	0	0	1.721	0	0	0	0	0.667	0	0	0	0	0.667	0	0	0	0	1	0	0.2	0	0	0	0	0	0	0	0	0	0	0.163
0.649	0	0	0.659	0	0.649	0	0	1.709	0	0.649	0	0	1.709	0	0	0	0	1	0	0	0	0	1	0	0	0	0	1	0	0.333	0	0	0.222	0	0.333	0.667	0	0	0	0.059	0.413
0.876	0	0.652	0	0	0.693	0.789	0.652	0.693	0	1.568	0.789	0.652	0.693	0	0	0	0	0	0	0	0	0	0	0	0	0	0	0	0	0	0	0	0	0	0	0	0	0	0	0.019	0.195
2.542	2.308	1.987	1.099	0	5.081	9.443	6.362	9.301	0.789	7.282	9.443	6.362	9.301	0.789	0.714	0.714	0.714	0.714	0	0.8	0.667	0.667	0.571	0	0.714	0.714	0.714	0.714	0	0	0	0	0.111	0	0	0	0	0	0	0.018	0.293
4.161	0.642	1.222	0	0	5.016	1.64	1.222	0	0	2.51	1.64	3.002	0	0	0.9	1	1	0	0	0.9	1	0	0	0	0.333	1	1	0	0	0.5	0.111	0.2	0	0	0	0	0.4	0	0	0.415	0.682
0	0	0.693	0.649	0.652	0	0.646	0.693	0.649	0.652	0	0.646	0.693	0.649	0.652	0	0	0	0	0	0	0	0	0	0	0	0	0	0	0	0.25	0	0	0.4	0.2	0	0	0	0	0	0.296	0.231
1.099	0	2.308	2.465	2.542	9.301	10.904	9.443	7.692	5.081	9.301	10.904	9.443	13.347	7.282	0.714	0.714	0.714	0.378	0.714	0.571	0.667	0.667	0.8	0.8	0.714	0.714	0.714	0.378	0.714	0.111	0	0	0.6	0	0	0	0	0	0	0.556	0.212
0	2.001	8.762	0	0	0	2.001	10.614	0	0	0	2.001	5.499	0	0	0	0.667	0.394	0	0	0	0.667	0.394	0	0	0	0.333	0.2	0	0	1	0.8	0.5	1	0	1	0.2	0	1	0	0.298	0.952
0.704	0	0	3.636	0	5.057	4.4	0	9.384	0	5.057	4.4	0	8.593	0	0.6	0.5	0	0.489	0	0.6	0.5	0	0.422	0	0.6	0.5	0	0.5	0	0	0	0	0	0	0	0	0.2	0	0	0.556	0.263
0	0	0.659	0.801	0	0.715	0	1.709	0	0	0.715	0	1.709	0.801	0	0	0	1	0	0	0	0	1	0	0	0	0	1	0	0	0	0	0.222	0.25	0	0	0	0	0	0.667	0.717	0.196
0.801	1.784	3.658	0.652	0	0	0	1.825	0.652	0	0.801	1.784	4.296	0.652	0	0	1	0.3	0	0	0	0	0	0	0	0	1	0.2	0	0	0.6	0.2	0.4	0.2	1	0	0.2	0	0	1	0	0.412
0.801	1.945	0	0.803	0	0	3.69	0	3.339	0.715	0.801	3.69	0	3.339	0.715	0	0.5	0	0.333	0	0	0.5	0	0.333	0	0	0.333	0	0.333	0	0.25	0	0	0	0	0	0	0	0	0	0	0.716
0	0	0	0	1.878	1.355	0	0	0	1.878	1.355	0	0	0	1.878	0	0	0	0	1	0	0	0	0	0	0	0	0	0	1	0.4	0	0.2	0	0	0.8	0	0.2	0	0.8	0	0.653
0.961	1.62	0.803	3.153	1.945	0.668	1.62	3.339	5.744	3.69	1.629	1.62	3.339	3.288	3.69	1	1	0.333	0.524	0.5	0	1	0.333	0.524	0.5	1	1	0.333	0.333	0.333	0	0.4	0	0	0	0.2	0	0	0	0	0	0.330
0	0	0	0	0	0	0	0	0	0	0	0	0	0	0	0	0	0	0	0	0	0	0	0	0	0	0	0	0	0	0	0	0	0	0	0	0	0	0.2	0	0.717	0.996
0	0	0.876	0	0.652	0.789	0.693	0.693	0.789	0.652	0.789	0.693	1.568	0.789	0.652	0	0	0	0	0	0	0	0	0	0	0	0	0	0	0	0	0	0	0	0	0	0	0	0	0	0.557	0.220
0	0	2.89	0	5.282	0	0	10.119	0	7.621	0	0	10.119	0	12.285	0	0	0.714	0	0.422	0	0	0.667	0	0.533	0	0	0.714	0	0.422	0	0	0	0	0	0	0	0	0	0	0.059	0.509
0	8.762	0.642	0	4.161	0	10.614	1.64	0	5.016	0	5.499	1.64	0	2.51	0	0.394	1	0	0.9	0	0.394	1	0	0.9	0	0.2	1	0	0.333	0	0.5	0.111	1	0.5	0	0	0	1	0	0.419	0.252
1.987	2.542	0	2.308	0	6.362	5.081	0.789	9.443	0.693	6.362	7.282	0.789	9.443	0.693	0.714	0.714	0	0.714	0	0.667	0.8	0	0.667	0	0.714	0.714	0	0.714	0	0	0	0	0	0	0	0	0	0	0	0.556	0.184
4.637	11.22	0.982	0	3.836	9.192	14.154	0.9	0	9.243	7.536	12.536	1.882	0	8.45	0.422	0.325	1	0	0.511	0.378	0.317	0	0	0.489	0.286	0.231	1	0	0.417	0.8	1	0.667	1	0	1	1	1	1	0.111	0	0.314
1.185	8.138	0	0.663	0	1.958	10.322	1.303	0.663	1.51	0.773	6.352	1.303	0.663	1.51	0	0.244	0	0	0	0	0.244	0	0	0	0	0.107	0	0	0	0	0.333	0	0.25	0	0	0	0	0	0	0.718	0.169
1.482	4.543	0	3.491	0	1.341	4.567	0	3.491	0	3.947	4.44	0	2.829	0	0.167	0.381	0	0.7	0	0	0.4	0	0.7	0	0.167	0.4	0	0.833	0	0.4	0	0.6	0	0	0.6	0.333	0.2	0	0	0.418	0.401
0	0	0	0	0	0	1.941	0	0	1.288	0	1.941	0	0	1.288	0	0	0	0	0	0	0	0	0	0	0	0	0	0	0	0	0.2	0	0	0	0	0	0	0	0	0	0.238
6.011	0	6.022	0	3.617	14.246	2.275	13.791	3.737	8.251	13.597	4.317	12.188	3.737	9.894	0.242	0.7	0.276	0.5	0.327	0.192	0.667	0.257	0.5	0.393	0.238	0.7	0.205	0.5	0.361	0.2	1	0	1	0.2	0.2	1	0	1	0	0	0.323
2.001	0	0	0	8.762	2.001	0	0	0	10.614	2.001	0	0	0	5.499	0.667	0	0	0	0.394	0.667	0	0	0	0.394	0.333	0	0	0	0.2	0.8	1	1	0.4	0.5	0.2	1	1	0.4	0	0	0.612
0	0	0	0	0	0	0	0	0	0	0	0	0	0	0	0	0	0	0	0	0	0	0	0	0	0	0	0	0	0	0	0	0	0	0	0	0	0	0	0	0.056	0.772
6.148	14.866	0.696	1.342	0	3.409	13.592	4.973	2.151	3.737	9.877	11.156	4.973	1.503	3.737	0.273	0.314	0.6	0.333	0.5	0.5	0.41	0.533	0.333	0.5	0.255	0.327	0.333	0	0.5	0.2	0.625	0	0	1	0.2	0.375	0	0.667	1	0.118	0.483
1.878	0	0	0	0.663	1.878	0	0	1.355	0.663	1.878	0	0	1.355	0.663	1	0	0	0	0	0	0	0	0	0	1	0	0	0	0	0	0.2	0	0.4	0.25	0.8	0.2	0	0.8	0	0.299	0.377
0	2.465	1.099	0.672	2.308	10.904	7.692	9.301	10.491	9.443	10.904	13.347	9.301	10.491	9.443	0.714	0.378	0.714	0.714	0.714	0.667	0.8	0.571	0.667	0.667	0.714	0.378	0.714	0.714	0.714	0	0.6	0.111	0	0	0	0	0	0	0	0.299	0.124
0	0	0	0	0	0	0	1.288	1.941	0	0	0	1.288	1.941	0	0	0	0	0	0	0	0	0	0	0	0	0	0	0	0	0	0	0	0.2	0	0	0	0	0	0	0.556	0.160
0	0	0	1.482	0	0	0	0	1.341	1.355	0	0	0	3.947	1.355	0	0	0	0.167	0	0	0	0	0	0	0	0	0	0.167	0	0	0.6	0	0.4	0.4	0	0.2	0	0.6	0.8	0.556	0.359
6.809	1.181	3.153	4.761	1.62	11.45	2.004	5.744	8.578	1.62	7.262	3.184	3.288	6.127	1.62	0.33	0.833	0.524	0.643	1	0.319	0.667	0.524	0.607	1	0.393	0.833	0.333	0.467	1	0	0.625	0	0.75	0.4	0.4	1	0	0.75	0	0.42	0.141
0	0	0	0	0	0	0	1.355	0	0	0	0	1.355	0	0	0	0	0	0	0	0	0	0	0	0	0	0	0	0	0	0	0	0.4	0.6	0.2	0	0	0.8	0.2	0.2	0.419	0.522
0.663	0	8.138	1.878	1.185	0.663	0	10.322	1.878	1.958	0.663	0	6.352	1.878	0.773	0	0	0.244	1	0	0	0	0.244	0	0	0	0	0.107	1	0	0.25	0	0.333	0	0	0	0	0	0.8	0	0.556	0.527
0	0.649	0	0	0.693	0.646	0.649	0	0.646	0.693	0.646	0.649	0	0.646	0.693	0	0	0	0	0	0	0	0	0	0	0	0	0	0	0	0	0.4	0.25	0	0	0	0	0	0	0	0.896	0.322
0	0	0	0	0	0	0	0	0	0	0	0	0	0	0	0	0	0	0	0	0	0	0	0	0	0	0	0	0	0	0	0	0	0	0	0	0	0	0	0	0.418	0.574
0	0.659	0.649	0	0	0	1.709	0.649	0.715	0	0	1.709	0.649	0.715	0	0	1	0	0	0	0	1	0	0	0	0	1	0	0	0	0	0.222	0.333	0	0	0.667	0	0.333	0	0	0.56	0.857
0	1.878	0.663	0	8.138	0	1.878	0.663	0	10.322	0	1.878	0.663	0	6.352	0	1	0	0	0.244	0	0	0	0	0.244	0	1	0	0	0.107	0	0	0.25	0.2	0.333	0	0.8	0	0.2	0	0	0.432
0	0	-1	0	-1	0	0	-1	0	-1	0	0	-1	0	-1	0	0	-1	0	-1	0	0	-1	0	-1	0	0	-1	0	-1	0	0	-1	0	-1	0	0.333	-1	0	-1	0.896	1.000
6.022	6.011	3.617	0	1.597	13.791	14.246	8.251	2.275	6.32	12.188	13.597	9.894	4.317	6.609	0.276	0.242	0.327	0.7	0.476	0.257	0.192	0.393	0.667	0.533	0.205	0.238	0.361	0.7	0.533	0	0.2	0.2	1	0.5	0	0.2	0	1	0.5	0.557	0.090
1.536	5.282	0.672	2.89	2.465	10.103	7.621	10.491	10.119	7.692	10.103	12.285	10.491	10.119	13.347	0.714	0.422	0.714	0.714	0.378	0.667	0.533	0.667	0.667	0.8	0.714	0.422	0.714	0.714	0.378	0	0	0	0	0.6	0	0	0	0	0	0.557	0.203
0	1.987	0	2.542	0	0.789	6.362	0.693	5.081	0.789	0.789	6.362	0.693	7.282	0.789	0	0.714	0	0.714	0	0	0.667	0	0.8	0	0	0.714	0	0.714	0	0	0	0	0	0	0	0	0	0	0	0.897	0.203
0	0.704	0	0	0	0	5.057	0	4.4	0	0	5.057	0	4.4	0	0	0.6	0	0.5	0	0	0.6	0	0.5	0	0	0.6	0	0.5	0	0	0	0	0	0	0.2	0	0	0	0	0.198	0.821
