0.858	2.677	4.608	0	0	0.858	4.485	4.608	0	0	0.858	2.752	1.919	0	0	0	0.5	0.7	0	0	0	0.5	0.7	0	0	0	0	0	0	0	0	0	0	0.4	0	0	0.2	0	0.6	0	0.417	0.289
0	0	0	0	0	0	0	0	0	0	0	0	0	0	0	0	0	0	0	0	0	0	0	0	0	0	0	0	0	0	0	0	0	0	0	0	0	0	0	0	0.415	0.767
0.858	0	0	0	0	0.858	0	0	0	0	0.858	0	0	0	0	0	0	0	0	0	0	0	0	0	0	0	0	0	0	0	0	0	0	0	0	0	0	0	0	0	0.898	0.157
0	1.762	1.988	1.777	0	0	1.762	1.988	1.777	0	0	1.762	1.988	0.9	0	0	0	0	0	0	0	0	0	0	0	0	0	0	0	0	0.333	0	0	0	0.333	0.333	0	0	0	0.333	0.714	0.630
12.015	4.814	0	0	0	12.015	6.643	0	0	0	0.981	1.829	0	0	0	0.515	0.905	0	0	0	0.5	0.905	0	0	0	0	1	0	0	0	0	0	0.2	0	0.5	0	0	0	0	0.5	0.195	0.637
0	0	0	0	0	0	0	0	0.932	0	0	0	0	0.932	0	0	0	0	0	0	0	0	0	0	0	0	0	0	0	0	0	0	0	0	0	0	0	0	0	0	0	0.736
3.998	1.786	0	2.79	11.531	3.794	1.786	0	4.662	12.489	2.905	1.786	0	1.873	3.887	0.9	0	0	0.8	0.5	1	0	0	0.8	0.5	0.333	0	0	1	0.333	0	0.6	0	0	0	0	0.2	0	0	0	0	0.590
9.849	4.906	3.05	4.756	4.113	13.022	10.052	5.229	7.903	8.22	4.203	5.145	3.312	3.147	4.107	0.538	0.622	1	0.786	0.464	0.538	0.622	1	0.786	0.464	0.333	0.3	1	0.667	0.167	0	0	0	0	0	0	0	0	0	0	0.419	0.207
0	0	0	0	0	0	0	0	0	0	0	0	0	0	0	0	0	0	0	0	0	0	0	0	0	0	0	0	0	0	0	0	0	0	0	0	0	0	0	0	0.415	0.931
0	1.933	0.968	0	0	0	1.933	0	0	0	0	1.933	0.968	0	0	0	0	0	0	0	0	0	0	0	0	0	0	0	0	0	0	0	0.2	0	0	0	0	0	0	0	0.554	0.208
1.762	1.777	0	0	1.988	1.762	1.777	0	0	1.988	1.762	0.9	0	0	1.988	0	0	0	0	0	0	0	0	0	0	0	0	0	0	0	0	0	0.333	0	0	0	0	0.333	0	0	0.055	0.637
0	0	0	0	0	0	0	0	0	0	0	0	0	0	0	0	0	0	0	0	0	0	0	0	0	0	0	0	0	0	0	0	0	0	0	0	0	0	0	0	0.717	0.935
0	0	0.858	0.968	0	0	0	0.858	0	0	0	0	0.858	0.968	0	0	0	0	0	0	0	0	0	0	0	0	0	0	0	0	0	0	0	0.2	0	0	0	0	0	0	0.899	0.367
0	0	0	0	0	0	0	0	0	0	0	0	0	0	0	0	0	0	0	0	0	0	0	0	0	0	0	0	0	0	0	0	0	0	0	0	0	0	0	0	0.898	0.993
4.049	2.053	0	0	0	4.961	2.053	0	0	0	2.155	2.053	0	0	0	0.8	1	0	0	0	0.8	1	0	0	0	1	1	0	0	0	0.8	0.889	0.143	0.75	0.25	1	0.333	0.143	0.625	0	0.556	0.277
0	1.974	2.677	0.987	0.858	0	3.944	4.485	3.702	0.858	0	1.97	2.752	2.714	0.858	0	0.667	0.5	0.167	0	0	0.667	0.5	0.167	0	0	0	0	0.333	0	0.4	0	0	0	0	0.6	0	0.2	0	0	0	0.704
0	0	0	0	0	0	0	0	0	0	0	0	0	0	0	0	0	0	0	0	0	0	0	0	0	0	0	0	0	0	0	0	0	0	0	0	0	0	0	0	0.197	0.625
11.531	0	0	3.998	0	12.489	0	0	3.794	0	3.887	0	0	2.905	0	0.5	0	0	0.9	0	0.5	0	0	1	0	0.333	0	0	0.333	0	0	0	0.75	0	0	0	0	0.25	0	0	0.299	0.267
15.723	8.809	0.987	0	1.974	21.679	14.048	3.702	1.992	3.944	7.754	5.239	2.714	1.992	1.97	0.216	0.319	0.167	1	0.667	0.216	0.319	0.167	1	0.667	0.071	0.2	0.333	1	0	0	0	0	0	0	1	0	0	0	0	0	0.196
1.786	2.79	3.998	0	0	1.786	4.662	3.794	0	0	1.786	1.873	2.905	0	0	0	0.8	0.9	0	0	0	0.8	1	0	0	0	1	0.333	0	0	0.6	0	0	0	0	0.2	0	0	0	0	0	0.686
1.933	0	0	4.608	0.968	1.933	0	0	4.608	0	1.933	0	0	1.919	0.968	0	0	0	0.7	0	0	0	0	0.7	0	0	0	0	0	0	0	0	0	0	0.2	0	0	0	0	0	0.556	0.435
4.814	0	12.015	0	0	6.643	0	12.015	0	0	1.829	0	0.981	0	0	0.905	0	0.515	0	0	0.905	0	0.5	0	0	1	0	0	0	0	0	0	0	0	0.2	0	0	0	0	0	0.554	0.308
4.058	4.113	0.869	3.05	0.858	8.191	8.22	3.598	5.229	6.646	6.224	4.107	3.598	3.312	5.787	0.536	0.464	0.5	1	0.143	0.536	0.464	0.5	1	0.143	0.267	0.167	0.333	1	0	0	0	0	0	0	0	0	0.2	0	0	0	0.550
1.988	0	0	1.762	23.035	1.988	0	0	1.762	24.08	1.988	0	0	1.762	8.805	0	0	0	0	0.279	0	0	0	0	0.275	0	0	0	0	0.179	0	0.333	0.333	0	0.4	0	0.333	0.333	0	0	0	0.596
0	0	0	12.015	6.056	0	0	0	12.015	6.955	0	0	0	0.981	2.946	0	0	0	0.515	0.905	0	0	0	0.5	0.905	0	0	0	0	0.333	0.5	0.2	0.75	0	0	0.5	0	0.25	0	0	0	0.570
0	0	0	0	-1	0	0	0	0	-1	0	0	0	0	-1	0	0	0	0	-1	0	0	0	0	-1	0	0	0	0	-1	0	0	0	0	-1	0	0	0	0	-1	0.9	0.995
1.777	0	1.762	5.973	0	1.777	0	1.762	6.885	0	0.9	0	1.762	4.969	0	0	0	0	0.762	0	0	0	0	0.762	0	0	0	0	0.4	0	0	0	0	0	0.333	0	0	0	0	0.333	0.418	0.248
0	4.608	1.933	0.858	0	0	4.608	1.933	0.858	0	0	1.919	1.933	0.858	0	0	0.7	0	0	0	0	0.7	0	0	0	0	0	0	0	0	0	0	0	0	0	0	0	0	0	0	0	0.550
0	0	0	0	1.876	0	0	0	0	1.876	0	0	0	0	1.876	0	0	0	0	0	0	0	0	0	0	0	0	0	0	0	0	0	0	0	0	0	0	0	0	0.4	0.893	0.299
8.809	0	15.723	0	0.987	14.048	1.992	21.679	4.576	3.702	5.239	1.992	7.754	4.576	2.714	0.319	1	0.216	0.5	0.167	0.319	1	0.216	0.5	0.167	0.2	1	0.071	0.5	0.333	0	0	0	0	0	0	0	1	0	0	0.418	0.129
1.974	0.987	0	15.723	2.677	3.944	3.702	0	21.679	4.485	1.97	2.714	0	7.754	2.752	0.667	0.167	0	0.216	0.5	0.667	0.167	0	0.216	0.5	0	0.333	0	0.071	0	0	0	0.4	0	0	0	0	0.6	1	0.2	0.419	0.166
0	0	0	0	0.894	0	0	0	0	4.282	0	0	0	0	3.388	0	0	0	0	0.667	0	0	0	0	0.667	0	0	0	0	0.667	0	0	0	0	0	0	0	0	0	0	0.557	0.384
5.993	0	2.922	2.097	7.029	6.141	0	4.736	5.005	8.946	5.385	0	2.852	3.906	3.986	0.619	0	0.8	0.9	0.694	0.667	0	0.8	0.9	0.694	0.3	0	0.667	0.5	0.167	0.667	0.8	0.625	0.25	0.444	1	1	0.625	0.75	0.444	0.298	0.655
0	0	8.809	0	15.723	1.992	4.576	14.048	2.902	21.679	1.992	4.576	5.239	2.902	7.754	1	0.5	0.319	0.333	0.216	1	0.5	0.319	0.333	0.216	1	0.5	0.2	0.333	0.071	0	0	0	0	0	0	0	0	0	1	0.556	0.225
0	25.292	0	7.029	4.756	0	31.869	0	8.946	7.903	0	11.622	0	3.986	3.147	0	0.198	0	0.694	0.786	0	0.196	0	0.694	0.786	0	0.127	0	0.167	0.667	0.75	0.125	0	0.444	0	0	0	0.4	0.444	0	0	0.802
0	0	0	0	0	0	0	0	0	0	0	0	0	0	0	0	0	0	0	0	0	0	0	0	0	0	0	0	0	0	0	0	0	0	0	0	0	0	0	0	0.198	0.890
0	12.015	0	4.814	0	0	12.015	0	6.643	0	0	0.981	0	1.829	0	0	0.515	0	0.905	0	0	0.5	0	0.905	0	0	0	0	1	0	0.2	0	0.5	0	0.75	0	0	0.5	0	0.25	0	0.639
2.677	0	0.858	1.974	4.608	4.485	0	0.858	3.944	4.608	2.752	0	0.858	1.97	1.919	0.5	0	0	0.667	0.7	0.5	0	0	0.667	0.7	0	0	0	0	0	0	0.4	0	0	0	0.2	0.6	0	0	0	0	0.347
4.113	3.05	4.058	9.849	0.869	8.22	5.229	8.191	13.022	3.598	4.107	3.312	6.224	4.203	3.598	0.464	1	0.536	0.538	0.5	0.464	1	0.536	0.538	0.5	0.167	1	0.267	0.333	0.333	0	0	0	0	0	0	0	0	0	0.2	0.557	0.514
0	0	4.814	0	12.015	0	0	6.643	0	12.015	0	0	1.829	0	0.981	0	0	0.905	0	0.515	0	0	0.905	0	0.5	0	0	1	0	0	0	0	0	0	0	0	0	0	0	0	0	0.702
0	0.894	0	0	0	2.902	4.282	4.576	0	1.992	2.902	3.388	4.576	0	1.992	0.333	0.667	0.5	0	1	0.333	0.667	0.5	0	1	0.333	0.667	0.5	0	1	0	0	0	0	0	0	0	0	0	0	0.419	0.258
2.922	5.993	7.029	0	25.292	4.736	6.141	8.946	0	31.869	2.852	5.385	3.986	0	11.622	0.8	0.619	0.694	0	0.198	0.8	0.667	0.694	0	0.196	0.667	0.3	0.167	0	0.127	0.625	0.667	0.444	0.8	0.125	0.625	1	0.444	1	0	0.3	0.450
0	0	0	0	0	0	0	0	0	0	0	0	0	0	0	0	0	0	0	0	0	0	0	0	0	0	0	0	0	0	0	0	0	0	0	0	0	0	0	0	0.897	0.914
0	0.968	0	0	0.858	0	0	0	0	0.858	0	0.968	0	0	0.858	0	0	0	0	0	0	0	0	0	0	0	0	0	0	0	0	0.2	0	0	0	0	0	0	0	0	0.419	0.260
0	0	0	0	0	0	0	0	0	0	0	0	0	0	0	0	0	0	0	0	0	0	0	0	0	0	0	0	0	0	0	0	0	0.75	0	0	0	0	0.25	0	0.899	0.204
0	0	-1	0	-1	0	0	-1	0	-1	0	0	-1	0	-1	0	0	-1	0	-1	0	0	-1	0	-1	0	0	-1	0	-1	0	0	-1	0	-1	0	0	-1	0	-1	0.896	0.998
0	0	0	0.894	8.809	4.576	2.902	1.992	4.282	14.048	4.576	2.902	1.992	3.388	5.239	0.5	0.333	1	0.667	0.319	0.5	0.333	1	0.667	0.319	0.5	0.333	1	0.667	0.2	0	0	0	0	0	0	0	0	0	0	0.299	0.170
0	0	2.097	0.89	0	0	0	5.005	0.89	0	0	0	3.906	0.89	0	0	0	0.9	0	0	0	0	0.9	0	0	0	0	0.5	0	0	0.8	0.75	0.25	0.2	0.8	0.8	0.5	0.75	0.4	1	0	0.828
0	0	0	0	0	0	0	0	0	0	0	0	0	0	0	0	0	0	0	0	0	0	0	0	0	0	0	0	0	0	0	0	0	0	0	0	0	0	0	0	0.717	0.761
0	-1	0	-1	0	0	-1	0	-1	0	0	-1	0	-1	0	0	-1	0	-1	0	0	-1	0	-1	0	0	-1	0	-1	0	0	-1	0	-1	0	1	-1	0	-1	0	0.899	0.979
0	22.216	0	0	2.79	0	26.202	0	0	4.662	0	11.255	0	0	1.873	0	0.257	0	0	0.8	0	0.257	0	0	0.8	0	0.055	0	0	1	1	0	0	0	0	1	0	0	0	0	0	1.000
0.869	4.058	0.858	4.113	1.801	3.598	8.191	6.646	8.22	5.85	3.598	6.224	5.787	4.107	4.049	0.5	0.536	0.143	0.464	0.333	0.5	0.536	0.143	0.464	0.333	0.333	0.267	0	0.167	0.333	0	0	0	0	0.5	0.2	0	0	0	0	0.298	0.239
2.097	0	0	0	5.993	5.005	0	0	0	6.141	3.906	0	0	0	5.385	0.9	0	0	0	0.619	0.9	0	0	0	0.667	0.5	0	0	0	0.3	0.25	0.8	0.8	0.75	0.667	0.75	0.8	1	0.5	1	0.197	0.579
0	0	0	0	0	0	0	0	0	0	0	0	0	0	0	0	0	0	0	0	0	0	0	0	0	0	0	0	0	0	0	0	0	0	0	0	0	0	0	0	0.896	0.844
0.858	0.869	1.801	4.058	0	6.646	3.598	5.85	8.191	0.879	5.787	3.598	4.049	6.224	0.879	0.143	0.5	0.333	0.536	0	0.143	0.5	0.333	0.536	0	0	0.333	0.333	0.267	0	0	0	0.5	0	0	0	0.2	0	0	0	0.419	0.191
0.968	0	0	1.933	0	0	0	0	1.933	0	0.968	0	0	1.933	0	0	0	0	0	0	0	0	0	0	0	0	0	0	0	0	0.2	0	0	0	0	0	0	0	0	0	0.113	0.553
5.656	6.056	0	0	0.966	5.656	6.955	0	0	0.966	1.104	2.946	0	0	0	0.867	0.905	0	0	0	0.867	0.905	0	0	0	0	0.333	0	0	0	0.25	0	1	0.75	0.6	0	0	1	0.25	0.6	0.718	0.268
0	0	0	6.793	4.814	0	0	0	7.723	6.643	0	0	0	1.948	1.829	0	0	0	0.679	0.905	0	0	0	0.679	0.905	0	0	0	1	1	0	0	0	0	0	0	0	0	0	0	0	0.696
0	0	4.756	25.292	4.906	0	0	7.903	31.869	10.052	0	0	3.147	11.622	5.145	0	0	0.786	0.198	0.622	0	0	0.786	0.196	0.622	0	0	0.667	0.127	0.3	0	0.75	0	0.125	0	0.4	0	0	0	0	0.556	0.322
0.966	0	0	5.656	3.058	0.966	0	0.948	5.656	4.324	0	0	0.948	1.104	1.266	0	0	0	0.867	1	0	0	0	0.867	1	0	0	0	0	0	0.6	1	0	0.25	0.4	0.6	1	0	0	0	0.298	0.441
1.876	0	0	0	2.053	1.876	0	0	0	2.053	1.876	0	0	0	2.053	0	0	0	0	1	0	0	0	0	1	0	0	0	0	1	0	0	0.75	0	0.889	0.4	0	0.625	0	0.333	0.117	0.149
0	3.998	11.531	1.786	0	0	3.794	12.489	1.786	0	0	2.905	3.887	1.786	0	0	0.9	0.5	0	0	0	1	0.5	0	0	0	0.333	0.333	0	0	0	0	0	0.6	0.75	0	0	0	0.2	0.25	0.418	0.616
3.058	0	0	0.966	0	4.324	0.948	0	0.966	0	1.266	0.948	0	0	0	1	0	0	0	0	1	0	0	0	0	0	0	0	0	0	0.4	0	0	0.6	0	0	0	0	0.6	0	0.292	0.461
5.973	0	0	0	1.777	6.885	0	0	0	1.777	4.969	0	0	0	0.9	0.762	0	0	0	0	0.762	0	0	0	0	0.4	0	0	0	0	0	0.25	0	0.143	0	0	0	0	0.143	0	0.298	0.302
0	5.973	1.777	0	1.762	0	6.885	1.777	0	1.762	0	4.969	0.9	0	1.762	0	0.762	0	0	0	0	0.762	0	0	0	0	0.4	0	0	0	0	0	0	0.25	0	0	0	0	0	0	0.898	0.293
0	0.89	0	23.035	2.097	0	0.89	0	24.08	5.005	0	0.89	0	8.805	3.906	0	0	0	0.279	0.9	0	0	0	0.275	0.9	0	0	0	0.179	0.5	0.75	0.2	0.8	0.4	0.25	0.5	0.4	0.8	0	0.75	0	0.904
0	0	0	0	0	0	0	0	0	0	0	0	0	0	0	0	0	0	0	0	0	0	0	0	0	0	0	0	0	0	0	0	0	0	0	0	0	0	0	0	0.415	0.883
4.608	0.858	0	2.677	1.933	4.608	0.858	0	4.485	1.933	1.919	0.858	0	2.752	1.933	0.7	0	0	0.5	0	0.7	0	0	0.5	0	0	0	0	0	0	0	0	0	0	0	0	0	0	0.2	0	0	0.458
6.793	5.92	0	0	0	7.723	4.952	0	0	0	1.948	2.986	0	0	0	0.679	0.333	0	0	0	0.679	0.5	0	0	0	1	0	0	0	0	0	0	0	0	0	0	0	0	0	0	0.415	0.285
0	6.793	0	5.92	0	0	7.723	0	4.952	0	0	1.948	0	2.986	0	0	0.679	0	0.333	0	0	0.679	0	0.5	0	0	1	0	0	0	0	0	0	0	0	0	0	0	0	0	0.419	0.168
5.92	0	6.793	0	0	4.952	0	7.723	0	0	2.986	0	1.948	0	0	0.333	0	0.679	0	0	0.5	0	0.679	0	0	0	0	1	0	0	0	0	0	0	0	0	0	0	0	0	0.299	0.345
0	2.097	5.993	0	2.922	0	5.005	6.141	0	4.736	0	3.906	5.385	0	2.852	0	0.9	0.619	0	0.8	0	0.9	0.667	0	0.8	0	0.5	0.3	0	0.667	0.8	0.25	0.667	0.8	0.625	1	0.75	1	0.8	0.625	0.298	0.852
0	0	1.876	0	0	0	0	1.876	0	0	0	0	1.876	0	0	0	0	0	0	0	0	0	0	0	0	0	0	0	0	0	0	0	0	0	0.75	0	0	0.4	0	0.625	0.557	0.429
2.053	0	4.049	1.876	0	2.053	0	4.961	1.876	0	2.053	0	2.155	1.876	0	1	0	0.8	0	0	1	0	0.8	0	0	1	0	1	0	0	0.889	0.75	0.8	0	0.143	0.333	0.625	1	0.4	0.143	0.298	0.746
6.056	0	5.656	0	0	6.955	0	5.656	0	0	2.946	0	1.104	0	0	0.905	0	0.867	0	0	0.905	0	0.867	0	0	0.333	0	0	0	0	0	0.75	0.25	0.5	1	0	0.25	0	0.5	1	0.713	0.352
0	5.656	0.966	6.056	0	0	5.656	0.966	6.955	0.948	0	1.104	0	2.946	0.948	0	0.867	0	0.905	0	0	0.867	0	0.905	0	0	0	0	0.333	0	1	0.25	0.6	0	0	1	0	0.6	0	0	0.299	0.997
0	0	0	0	0	0	0	0	0	0	0	0	0	0	0	0	0	0	0	0	0	0	0	0	0	0	0	0	0	0	0	0	0	0	0	0	0	0	1	0	0.717	0.954
0	11.531	0	0	0	0	12.489	0	0	0	0	3.887	0	0	0	0	0.5	0	0	0	0	0.5	0	0	0	0	0.333	0	0	0	0.75	0	0	0	0	0.25	0	0	0	0	0	0.651
2.79	0	1.786	0	3.998	4.662	0	1.786	0	3.794	1.873	0	1.786	0	2.905	0.8	0	0	0	0.9	0.8	0	0	0	1	1	0	0	0	0.333	0	0	0.6	1	0	0	0	0.2	1	0	0.419	0.317
0	0	5.92	0.858	6.793	0	0	4.952	0.858	7.723	0	0	2.986	0.858	1.948	0	0	0.333	0	0.679	0	0	0.5	0	0.679	0	0	0	0	1	0	0	0	0	0	0	0	0	0	0	0.415	0.508
0	0	0	0	0	0.932	2.833	0	0.879	0	0.932	2.833	0	0.879	0	0	0.333	0	0	0	0	0.333	0	0	0	0	0.333	0	0	0	0	0	0	0	0	0	0	0	0	0	0.557	0.467
7.029	2.922	25.292	5.993	0	8.946	4.736	31.869	6.141	0	3.986	2.852	11.622	5.385	0	0.694	0.8	0.198	0.619	0	0.694	0.8	0.196	0.667	0	0.167	0.667	0.127	0.3	0	0.444	0.625	0.125	0.667	0.75	0.444	0.625	0	1	0	0.554	0.540
0	0	0	1.801	0	2.833	0.879	0.932	5.85	0	2.833	0.879	0.932	4.049	0	0.333	0	0	0.333	0	0.333	0	0	0.333	0	0.333	0	0	0.333	0	0	0	0	0.5	0	0	0	0	0	0	0.418	0.277
0	0	22.216	3.058	0	0	0	26.202	4.324	0	0	0	11.255	1.266	0	0	0	0.257	1	0	0	0	0.257	1	0	0	0	0.055	0	0	0	0	0	0.4	1	0	0	0	0	1	0.417	0.416
22.216	0	0	0	0	26.202	0	0	0	0	11.255	0	0	0	0	0.257	0	0	0	0	0.257	0	0	0	0	0.055	0	0	0	0	0	0	1	0	0	0	0	1	0	0	0.415	0.384
0	0	0.894	0	0	0	0	4.282	0	2.902	0	0	3.388	0	2.902	0	0	0.667	0	0.333	0	0	0.667	0	0.333	0	0	0.667	0	0.333	0	0	0	0	0	0	0	0	0	0	0.716	0.415
4.906	4.756	9.849	0	3.05	10.052	7.903	13.022	0	5.229	5.145	3.147	4.203	0	3.312	0.622	0.786	0.538	0	1	0.622	0.786	0.538	0	1	0.3	0.667	0.333	0	1	0	0	0	0	0	0	0	0	0.4	0	0.717	0.481
0	1.988	23.035	0	0.89	0	1.988	24.08	0	0.89	0	1.988	8.805	0	0.89	0	0	0.279	0	0	0	0	0.275	0	0	0	0	0.179	0	0	0.333	0	0.4	0.333	0.2	0.333	0	0	0.333	0.4	0	0.815
0.89	23.035	0	0	0	0.89	24.08	0	0	0	0.89	8.805	0	0	0	0	0.279	0	0	0	0	0.275	0	0	0	0	0.179	0	0	0	0.2	0.4	0.75	0.333	0.8	0.4	0	0.5	0.333	0.8	0	0.676
0	1.801	0	0.858	0	0.879	5.85	2.833	6.646	0.932	0.879	4.049	2.833	5.787	0.932	0	0.333	0.333	0.143	0	0	0.333	0.333	0.143	0	0	0.333	0.333	0	0	0	0.5	0	0	0	0	0	0	0	0	0	0.552
0	1.876	2.053	0	4.049	0	1.876	2.053	0	4.961	0	1.876	2.053	0	2.155	0	0	1	0	0.8	0	0	1	0	0.8	0	0	1	0	1	0.75	0	0.889	0	0.8	0.625	0.4	0.333	0	1	0.415	0.474
0	0	5.973	4.049	0	0	0	6.885	4.961	0	0	0	4.969	2.155	0	0	0	0.762	0.8	0	0	0	0.762	0.8	0	0	0	0.4	1	0	0.25	0.143	0	0.8	0	0	0.143	0	1	0	0	0.836
0	0	6.056	0	5.656	0	0	6.955	0	5.656	0	0	2.946	0	1.104	0	0	0.905	0	0.867	0	0	0.905	0	0.867	0	0	0.333	0	0	0.75	0.5	0	0.2	0.25	0.25	0.5	0	0	0	0.415	0.902
1.801	0.858	0	0.869	0	5.85	6.646	0.879	3.598	2.833	4.049	5.787	0.879	3.598	2.833	0.333	0.143	0	0.5	0.333	0.333	0.143	0	0.5	0.333	0.333	0	0	0.333	0.333	0.5	0	0	0	0	0	0	0	0.2	0	0.119	0.352
0	0	0	11.531	0	0	0	0	12.489	0	0	0	0	3.887	0	0	0	0	0.5	0	0	0	0	0.5	0	0	0	0	0.333	0	0	0.75	0	0	0	0	0.25	0	0	0	0.116	0.768
0	0	0	0	0	0	0.932	0	2.833	0	0	0.932	0	2.833	0	0	0	0	0.333	0	0	0	0	0.333	0	0	0	0	0.333	0	0	0	0	0	0	0	0	0	0	0	0.197	0.656
0	0.858	0	0	5.92	0	0.858	0	0	4.952	0	0.858	0	0	2.986	0	0	0	0	0.333	0	0	0	0	0.5	0	0	0	0	0	0	0	0	0	0	0	0	0	0	0	0.896	0.440
0	0	0	-1	0	0	0	0	-1	0	0	0	0	-1	0	0	0	0	-1	0	0	0	0	-1	0	0	0	0	-1	0	0	0	0	-1	0	0	1	0	-1	0	0.896	0.954
25.292	7.029	0	2.922	0	31.869	8.946	0	4.736	0	11.622	3.986	0	2.852	0	0.198	0.694	0	0.8	0	0.196	0.694	0	0.8	0	0.127	0.167	0	0.667	0	0.125	0.444	0.75	0.625	0	0	0.444	0	0.625	0.4	0.415	0.277
0.987	15.723	1.974	8.809	0	3.702	21.679	3.944	14.048	0	2.714	7.754	1.97	5.239	0	0.167	0.216	0.667	0.319	0	0.167	0.216	0.667	0.319	0	0.333	0.071	0	0.2	0	0	0	0	0	0.4	0	1	0	0	0.6	0.415	0.314
0	3.058	0	0	22.216	0	4.324	0	0.948	26.202	0	1.266	0	0.948	11.255	0	1	0	0	0.257	0	1	0	0	0.257	0	0	0	0	0.055	0	0.4	0	0	0	0	0	0	0	0	0	0.540
3.05	9.849	4.113	4.906	4.058	5.229	13.022	8.22	10.052	8.191	3.312	4.203	4.107	5.145	6.224	1	0.538	0.464	0.622	0.536	1	0.538	0.464	0.622	0.536	1	0.333	0.167	0.3	0.267	0	0	0	0	0	0	0	0	0	0	0.718	0.341
0.894	0	0	0	0	4.282	0	2.902	0	4.576	3.388	0	2.902	0	4.576	0.667	0	0.333	0	0.5	0.667	0	0.333	0	0.5	0.667	0	0.333	0	0.5	0	0	0	0	0	0	0	0	0	0	0.717	0.267
0	4.049	0	2.053	5.973	0	4.961	0	2.053	6.885	0	2.155	0	2.053	4.969	0	0.8	0	1	0.762	0	0.8	0	1	0.762	0	1	0	1	0.4	0.143	0.8	0.25	0.889	0	0.143	1	0	0.333	0	0.418	0.380
0	0.966	3.058	0	0	0.948	0.966	4.324	0	0	0.948	0	1.266	0	0	0	0	1	0	0	0	0	1	0	0	0	0	0	0	0	0	0.6	0.4	1	0	0	0.6	0	1	0	0.557	0.233
23.035	0	0.89	1.988	0	24.08	0	0.89	1.988	0	8.805	0	0.89	1.988	0	0.279	0	0	0	0	0.275	0	0	0	0	0.179	0	0	0	0	0.4	0.333	0.2	0	0.75	0	0.333	0.4	0	0.5	0	0.447
0	0	2.79	22.216	1.786	0	0	4.662	26.202	1.786	0	0	1.873	11.255	1.786	0	0	0.8	0.257	0	0	0	0.8	0.257	0	0	0	1	0.055	0	0	1	0	0	0.6	0	1	0	0	0.2	0	0.491
4.756	0	4.906	0	9.849	7.903	0	10.052	0	13.022	3.147	0	5.145	0	4.203	0.786	0	0.622	0	0.538	0.786	0	0.622	0	0.538	0.667	0	0.3	0	0.333	0	0	0	0.75	0	0	0.4	0	0	0	0.896	0.277
