0	1.923	0	6.067	0	0	2.906	0	6.07	0	0	1.988	0	1.883	0	0	1	0	0.619	0	0	1	0	0.867	0	0	1	0	0	0	0	0.2	0.714	0.333	0	0	0	0.714	0	0	0	0.158
0	0	0	7.388	0	0	0	0	7.388	0	0	0	0	0	0	0	0	0	0.75	0	0	0	0	0.75	0	0	0	0	0	0	0	0	0	0.6	0	0	0	0	0	0	0.199	0.733
0.937	0	0	0	18.898	0.937	0	0	0	16.859	0.937	0	0	0	6.279	0	0	0	0	0.596	0	0	0	0	0.603	0	0	0	0	0.7	0	0.333	0.25	0	1	0	0.333	0	0	0	0.415	0.229
0	0	0	2.073	0	0	0	0	3.07	0	0	0	0	2.158	0	0	0	0	0.667	0	0	0	0	0.667	0	0	0	0	1	0	0	0	0	0	0.333	0	0	0	0	0.333	0.716	0.281
44.884	1.822	4.817	1.09	2.851	49.314	1.822	3.694	1.09	3.803	12.652	0	3.074	0	2.905	0.232	1	0.733	0	0.5	0.224	1	0.667	0	0.5	0.182	0	0.667	0	0.333	0.714	0	0.2	0.286	0	0.714	0	0.2	1	0	0.119	0.333
2.817	2.735	0	0	0	2.817	2.735	0	0	0	0	0.941	0	0	0	0.667	0	0	0	0	0.667	0	0	0	0	0	0	0	0	0	0.6	1	0.6	0.75	0	0.8	1	0.6	1	0.25	0	0.561
0	6.559	10.205	0	0	0	5.664	11.888	0	0	0	5.83	11.927	0	0	0	0.694	0.833	0	0	0	0.733	0.891	0	0	0	0.4	0.491	0	0	0.333	0.25	0.25	0	0.25	0.333	0.75	0.75	0	0.75	0	0.583
1.923	6.067	0	0	0	2.906	6.07	0	0	0	1.988	1.883	0	0	0	1	0.619	0	0	0	1	0.867	0	0	0	1	0	0	0	0	0.2	0.333	0	0	0.714	0	0	0	0.8	0.714	0	0.554
23.565	3.593	0	12.234	5.452	27.067	6.621	0.878	20.912	10.541	15.957	5.706	1.905	12.862	8.694	0.379	0.714	1	0.584	0.709	0.425	0.714	0	0.574	0.709	0.276	0.333	1	0.379	0.5	0	0	0	0	0.556	0	0	0	0	0	0.294	0.277
5.636	0	0	0	0	6.538	0	0	0	0.902	1.98	0	0	0	0.902	0.286	0	0	0	0	0.286	0	0	0	0	0	0	0	0	0	0	0	0	0	0	0	0	0	0	0	0.118	0.206
0	0	0	0.929	0	0	0	0	1.843	0	0	0	0	0.913	0	0	0	0	0	0	0	0	0	0	0	0	0	0	0	0	0	0	0	0.286	0	0	0	0	0	0	0.418	0.211
0.909	0	0	79.681	0	1.975	0	0	85.854	0	1.975	0	0	24.702	0	1	0	0	0.117	0	1	0	0	0.11	0	1	0	0	0.143	0	0	0.2	0	0	0	0.4	0	0	0	0	0.198	0.405
0	0	0	0	0	0.909	0	0	0	0	0.909	0	0	0	0	0	0	0	0	0	0	0	0	0	0	0	0	0	0	0	0	0	0	0	0.143	0	0	0.2	0	0.571	0.557	0.272
0	0	0	0	1.054	0	0	0	0	1.054	0	0	0	0	0	0	0	0	0	0	0	0	0	0	0	0	0	0	0	0	0	0	0	0.2	0	0	0	0.111	0.2	0	0.415	0.231
0	0	1.032	0	0	0	0	1.979	0	0	0	0	1.979	0	0	0	0	0	0	0	0	0	0	0	0	0	0	0	0	0	0	0	0	0	0	0	0	0	0	0	0.055	0.409
0	10.755	2.039	0	0.957	0.915	12.759	0.935	0	1.849	0.915	8.117	2.974	0	0.892	0	0.692	0.333	0	1	0	0.628	0	0	1	0	0.536	0.333	0	0	0.5	0.2	0.6	0.4	0	0	0	0.2	0	0	0.417	0.556
0	0	0	0.932	0	0.963	0	0	1.894	0	0.963	0	0	1.894	0	0	0	0	0	0	0	0	0	0	0	0	0	0	0	0	0	0	0.2	0	0	0	0	0	0	0	0.418	0.176
3.891	17.367	0	10.484	28.156	8.061	16.554	0	13.826	33.447	6.254	6.907	0	10.115	6.213	0.821	0.561	0	0.473	0.341	0.786	0.617	0	0.473	0.331	0.467	0.467	0	0.422	0.333	0	0.778	0.286	0	0	0	0	0.429	0	0	0.559	0.237
2.025	0	0	0	19.172	2.025	0	0	0	20.081	1.058	0	0	0	5.117	1	0	0	0	0.424	1	0	0	0	0.447	0	0	0	0	0.1	0	0	0	0	0	0	0	0	0	0.667	0	0.357
1.947	0	10.484	0	17.367	0.975	0	13.826	0	16.554	1.947	0	10.115	0	6.907	1	0	0.473	0	0.561	0	0	0.473	0	0.617	1	0	0.422	0	0.467	0	0	0	0.2	0.778	0	0	0	0.2	0	0	0.439
23.108	28.156	1.938	0	27.456	24.289	33.447	2.854	0	24.393	7.468	6.213	2.854	0	12.413	0.391	0.341	1	0	0.269	0.387	0.331	1	0	0.337	0.524	0.333	0.667	0	0.197	0.714	0	0	0.286	0.2	0	0	0	0.429	0	0.716	0.549
0	5.094	3.693	0	1.832	0	7.926	5.481	0	2.922	0	6.081	2.717	0	2.02	0	0.214	0.6	0	0.667	0	0.179	0.6	0	0.667	0	0.067	0	0	0	0	0	0	0	0	0	0	0	0	0	0	0.491
0	0	0	0	0	0	0	0	0	0	0	0	0	0	0	0	0	0	0	0	0	0	0	0	0	0	0	0	0	0	0	0	0	0	0	0	0	0	0	0	0.19	0.313
0	0	0	0	0.92	0	0	0	0	0.92	0	0	0	0	0.92	0	0	0	0	0	0	0	0	0	0	0	0	0	0	0	0	0	0	0	0	0	0	0	0	0	0.716	0.233
12.259	0	1.844	6.642	18.019	16.357	0	2.73	10.915	21.054	3.087	0	1.827	5.184	5.27	0.708	0	0.333	0.891	0.421	0.7	0	0.333	0.891	0.416	0.667	0	0	0.7	0.5	0.4	0.75	1	0.444	0.333	0	0	0.2	0	0.333	0	0.296
0	0	0	0	0	0	0	0	0	0	0	0	0	0	0	0	0	0	0	0	0	0	0	0	0	0	0	0	0	0	0	0.2	0	0	0	0	0	0	0	0	0.298	0.262
1.214	2.511	1.9	14.281	4.661	0	0	0.904	15.236	4.661	1.214	2.511	1.9	3.046	2.768	0	1	1	0.527	0.8	0	0	0	0.495	0.8	0	1	1	0	0.667	0.2	1	0.2	0.2	0.6	0	1	0	0	0	0	0.517
0	0	0	0	0.921	0	0	0	0	1.876	0	0	0	0	0.955	0	0	0	0	1	0	0	0	0	1	0	0	0	0	0	0	0	0	0	0	0	0	0	0	0	0.299	0.213
0	0	0	16.539	0.932	0	0	0	18.386	1.894	0	0	0	3.191	1.894	0	0	0	0.464	0	0	0	0	0.451	0	0	0	0	0.333	0	0	0	0	0	0	0	0	0	0	0	0.559	0.592
0.951	0.951	5.705	0	9.752	1.937	1.872	9.931	0	13.04	0.987	0.921	6.137	0	5.305	1	1	0.622	0	0.705	1	1	0.6	0	0.692	0	0	0.467	0	0.5	0	0	0	0.6	0.6	0	0	0	0	0.6	0	0.438
0	0	0	0	0	0	0	0	0	0	0	0	0	0	0	0	0	0	0	0	0	0	0	0	0	0	0	0	0	0	0.222	0	0	0	0	0	0	0	0	0	0.298	0.251
0	0	0	0	0	0	0	0	0	0	0	0	0	0	0	0	0	0	0	0	0	0	0	0	0	0	0	0	0	0	0	0	0.222	0	0	0	0	0	0	0	0.419	0.296
2.856	0	0	0	0	0.891	0	0	0	0	1.965	0	0	0	0	0.333	0	0	0	0	0	0	0	0	0	0	0	0	0	0	0.25	0	0.2	0	0	0	0	0.2	0.2	0	0	0.366
79.681	20.683	0	23.253	0.909	85.854	22.698	0	27.963	1.975	24.702	6.661	0	9.764	1.975	0.117	0.395	0	0.396	1	0.11	0.383	0	0.376	1	0.143	0.286	0	0.361	1	0	0.2	0.2	0.4	0	0	0.2	0	0.2	0.4	0	0.183
2.815	0.898	0	0	2.302	1.924	0.898	0	0	1.155	3.176	0	0	0	2.538	0.2	0	0	0	0.333	1	0	0	0	0	0.333	0	0	0	1	0.5	0.2	0.2	0	0.4	0.375	0.2	0.4	0	0.8	0	0.425
0	1.019	6.559	0	0	0	1.019	5.664	0	0	0	1.019	5.83	0	0	0	0	0.694	0	0	0	0	0.733	0	0	0	0	0.4	0	0	0	0	0.25	0.25	0.333	0	0	0.75	0	0.333	0	0.550
27.127	0.918	0.929	9.373	0	25.511	0	2.746	9.373	0	11.682	0.918	1.787	4.368	0.93	0.23	0	0.667	0.5	0	0.258	0	1	0.467	0	0.073	0	0	0.167	0	0.333	0	0	0	0	0.333	0	0.2	0	0.6	0	0.430
0.94	1.041	5.094	0	0	0	1.041	5.094	0	0	0.94	1.041	1.927	0	0	0	0	0.9	0	0	0	0	0.9	0	0	0	0	0	0	0	0.625	0.25	0.2	0.2	0.5	0.5	1	0.6	0	0.25	0	0.558
22.343	0	3.873	0	0	20.134	0	3.873	0	0	10.571	0	0.935	0	0	0.391	0	0.833	0	0	0.405	0	0.667	0	0	0.267	0	0	0	0	0.4	0.889	0	0.4	0.667	0.4	1	0	0.8	1	0	0.303
4.817	44.884	2.851	1.822	6.783	3.694	49.314	3.803	1.822	5.529	3.074	12.652	2.905	0	5.142	0.733	0.232	0.5	1	0.639	0.667	0.224	0.5	1	0.533	0.667	0.182	0.333	0	0.4	0.2	0.714	0	0	0	0.2	0.714	0	0	0	0	0.431
0	0	0	0	0.992	0	0	0	0	0.992	0	0	0	0	0	0	0	0	0	0	0	0	0	0	0	0	0	0	0	0	0	0.4	0.333	0.5	0	0.25	0	0.333	0.25	0	0.417	0.569
2.029	0	0	0	0	2.029	0	0	0	0	1.079	0	0	0	0	1	0	0	0	0	1	0	0	0	0	0	0	0	0	0	0.2	0	0	0	0	0.4	0	0	0	0	0	0.360
5.705	0.951	9.752	0.951	3.608	9.931	1.937	13.04	1.872	7.593	6.137	0.987	5.305	0.921	4.862	0.622	1	0.705	1	0.786	0.6	1	0.692	1	0.75	0.467	0	0.5	0	0.6	0	0	0.6	0	0.143	0	0	0.6	0	0	0.418	0.204
0	0	0	0	0	0	0	0	0	0	0	0	0	0	0	0	0	0	0	0	0	0	0	0	0	0	0	0	0	0	0	0.222	0	0	0	0	0	0	0	0	0.557	0.160
10.205	0	0	6.559	13.997	11.888	0	0	5.664	17.634	11.927	0	0	5.83	9.783	0.833	0	0	0.694	0.515	0.891	0	0	0.733	0.463	0.491	0	0	0.4	0.528	0.25	0.333	0.25	0.25	0.25	0.75	0.333	0.75	0.75	0.25	0	0.519
0	0	0	0	0	0	0	0	0	0	0	0	0	0	0	0	0	0	0	0	0	0	0	0	0	0	0	0	0	0	0	0	0	0	0	0	0	0	0	0	0.714	0.252
1.032	0	0	0	0.908	1.979	0	0	0	1.855	1.979	0	0	0	1.855	0	0	0	0	0	0	0	0	0	0	0	0	0	0	0	0	0	0	0	0.5	0	0	0	0	0	0.896	0.420
0	2.025	19.172	0	0	0	2.025	20.081	0	0	0	1.058	5.117	0	0	0	1	0.424	0	0	0	1	0.447	0	0	0	0	0.1	0	0	0	0	0	0	0	0	0	0.667	0	0	0.296	0.201
0	0	0	0	0	0	0	0.997	0	0	0	0	0.997	0	0	0	0	0	0	0	0	0	0	0	0	0	0	0	0	0	0	0	0	0	0	0	0	0	0.143	0	0	0.531
0	0	0	3.873	0	0	0	0	3.873	0	0	0	0	0.935	0	0	0	0	0.833	0	0	0	0	0.667	0	0	0	0	0	0	0	0.667	0.25	0	0	0	1	0	0	0.5	0	0.626
0	0	0	0	0	0	0	0	0	0	0	0	0	0	0	0	0	0	0	0	0	0	0	0	0	0	0	0	0	0	0.4	0	0	0	0	0.8	0	0	0	0	0.056	0.722
0	0.911	0.882	18.898	0	0	0	0.882	16.859	0.915	0	0.911	0.882	6.279	0.915	0	0	0	0.596	0	0	0	0	0.603	0	0	0	0	0.7	0	0	0	0	1	0.4	0	0	0	0	0.4	0.294	0.389
0	6.642	12.259	0.884	1.844	0	10.915	16.357	0.884	2.73	0	5.184	3.087	0	1.827	0	0.891	0.708	0	0.333	0	0.891	0.7	0	0.333	0	0.7	0.667	0	0	0.75	0.444	0.4	0	1	0	0	0	0	0.2	0	0.567
0	0	0.937	0	0	0	0	0.937	0	0	0	0	0.937	0	0	0	0	0	0	0	0	0	0	0	0	0	0	0	0	0	0.333	0	0	0	0.25	0.333	0	0	0	0	0.417	0.781
0	79.681	0.909	20.683	0	0	85.854	1.975	22.698	0	0	24.702	1.975	6.661	0	0	0.117	1	0.395	0	0	0.11	1	0.383	0	0	0.143	1	0.286	0	0.2	0	0	0.2	0	0	0	0.4	0.2	0	0	0.637
3.994	0.937	0	0	0	3.994	0.937	0	0	0	2.096	0.937	0	0	0	0.5	0	0	0	0	0.5	0	0	0	0	1	0	0	0	0	0.2	0.111	0	0	0	0	0	0	0	0	0	0.431
0	7.388	0	0.955	0	0	7.388	0	0.955	0	0	0	0	0	0	0	0.75	0	0	0	0	0.75	0	0	0	0	0	0	0	0	0	0.6	0	0.2	0	0	0	0	0.6	0	0	0.615
6.129	0	0.98	2.889	0	7.081	0	0.98	3.841	0	2.233	0	0.98	2.82	0	0.762	0	0	0.667	0	0.762	0	0	0.667	0	1	0	0	0.333	0	0	0	0	0	0	0.2	0	0	0	0	0.42	0.242
0	0	0	0	5.094	0.997	0	0	0	7.926	0.997	0	0	0	6.081	0	0	0	0	0.214	0	0	0	0	0.179	0	0	0	0	0.067	0	0	0	0	0	0	0	0	0	0	0.198	0.142
0	2.856	0	0	1.412	0	0.891	0	0	0	0	1.965	0	0	1.412	0	0.333	0	0	0	0	0	0	0	0	0	0	0	0	0	0.2	0.25	0	0	0	0.2	0	0	0	0	0	0.582
10.755	0	0	44.299	2.039	12.759	0	0.915	47.545	0.935	8.117	0	0.915	8.565	2.974	0.692	0	0	0.288	0.333	0.628	0	0	0.273	0	0.536	0	0	0.107	0.333	0.2	0.4	0.5	0.8	0.6	0	0	0	0.4	0.2	0	0.168
0	1.913	0	0	0	0	1.913	0	0	0	0	1.021	0	0	0	0	0	0	0	0	0	0	0	0	0	0	0	0	0	0	0.4	0	0.6	0	0.2	0	0	0.6	0	0	0	0.388
1.938	23.108	27.456	28.156	0.878	2.854	24.289	24.393	33.447	0.878	2.854	7.468	12.413	6.213	0.878	1	0.391	0.269	0.341	0	1	0.387	0.337	0.331	0	0.667	0.524	0.197	0.333	0	0	0.714	0.2	0	0.143	0	0	0	0	0	0.418	0.261
0	10.167	2.735	1.988	23.253	1.845	13.732	4.76	2.036	27.963	1.845	7.218	2.926	2.998	9.764	1	0.692	0.8	1	0.396	1	0.681	0.8	1	0.376	1	0.476	0.667	1	0.361	0.143	0.111	0	0.5	0.4	0.286	0	0.8	0	0.2	0.716	0.421
1.789	0	0	0.927	0.955	1.789	0	0	0.927	0.955	0.891	0	0	0.927	0	0	0	0	0	0	0	0	0	0	0	0	0	0	0	0	0	0	0	0	0.2	0	0	0	0	0.6	0.117	0.581
0	5.636	0	0	0	0	6.538	0.902	0	0	0	1.98	0.902	0	0	0	0.286	0	0	0	0	0.286	0	0	0	0	0	0	0	0	0	0	0	0	0	0	0	0	0	0	0.714	0.182
28.156	0	23.108	3.891	1.938	33.447	0	24.289	8.061	2.854	6.213	0	7.468	6.254	2.854	0.341	0	0.391	0.821	1	0.331	0	0.387	0.786	1	0.333	0	0.524	0.467	0.667	0	0.286	0.714	0	0	0	0.429	0	0	0	0.298	0.158
13.277	0	0	0	4.916	10.632	0	0	0	4.916	5.584	0	0	0	1.082	0.582	0	0	0	0.9	0.564	0	0	0	0.9	0.3	0	0	0	0	0	0	0	0.25	0	0	0.5	0.25	0	0	0	0.357
9.752	5.705	3.608	0.951	5.569	13.04	9.931	7.593	1.937	10.869	5.305	6.137	4.862	0.987	6.368	0.705	0.622	0.786	1	0.818	0.692	0.6	0.75	1	0.8	0.5	0.467	0.6	0	0.6	0.6	0	0.143	0	0	0.6	0	0	0	0	0.298	0.457
0	0	0	19.555	0	0	0	0	19.555	0	0	0	0	5.834	0	0	0	0	0.289	0	0	0	0	0.289	0	0	0	0	0	0	0	0.2	0	0.4	0	0	0	0	0.4	0	0.299	0.171
0	0	0	0	0	0	0	0	0	0	0	0	0	0	0	0	0	0	0	0	0	0	0	0	0	0	0	0	0	0	0	0	0	0	0	0	0	0	0	0	0	0.578
21.875	11.461	7.601	0	1.801	26.483	17.86	15.111	0.974	4.714	11.198	11.448	11.421	1.982	4.714	0.49	0.51	0.619	1	0.8	0.477	0.503	0.581	0	0.7	0.333	0.364	0.345	1	0.3	0	0	0	0	0.25	0	0	0	0	0	0.417	0.391
1.326	0	2.849	2.817	0	1.326	0	2.849	2.85	0	2.242	0	0.997	2.765	0	1	0	1	0.3	0	0	0	1	0.667	0	1	0	0	0.333	0	0	0.2	0	0.111	0	0	0	0	0	0	0.418	0.236
0	0.879	0	1.835	0	0	0	0	2.806	0	0	0.879	0	1.912	0	0	0	0	1	0	0	0	0	0.667	0	0	0	0	1	0	0	0.25	0	0	0	0	0	0	0	0.143	0.717	0.232
19.172	0	0	2.025	0	20.081	0	0	2.025	0	5.117	0	0	1.058	0	0.424	0	0	1	0	0.447	0	0	1	0	0.1	0	0	0	0	0	0	0	0	0	0.667	0	0	0	0	0.059	0.298
5.094	0.94	0	1.041	0	5.094	0	0	1.041	0	1.927	0.94	0	1.041	0	0.9	0	0	0	0	0.9	0	0	0	0	0	0	0	0	0	0.2	0.625	0.5	0.25	0.4	0.6	0.5	0.25	1	0	0.298	0.587
2.511	14.281	1.214	0	1.9	0	15.236	0	0	0.904	2.511	3.046	1.214	0	1.9	1	0.527	0	0	1	0	0.495	0	0	0	1	0	0	0	1	1	0.2	0.2	0.4	0.2	1	0	0	0.2	0	0.117	0.752
0	0.878	0	0	1.947	0	0.878	0	0	0.975	0	0.878	0	0	1.947	0	0	0	0	1	0	0	0	0	0	0	0	0	0	1	0.2	0	0	0	0	0.2	0	0	0	0	0	0.562
0	1.054	19.555	0	0	0	1.054	19.555	0	0	0	0	5.834	0	0	0	0	0.289	0	0	0	0	0.289	0	0	0	0	0	0	0	0.2	0	0.4	0	0.2	0	0	0.4	0.111	0	0	0.478
1.041	0	0.94	0	5.094	1.041	0	0	0	5.094	1.041	0	0.94	0	1.927	0	0	0	0	0.9	0	0	0	0	0.9	0	0	0	0	0	0.25	0.2	0.625	0	0.2	1	0	0.5	0	0.6	0	0.320
6.642	0.884	0	0	12.259	10.915	0.884	0	0	16.357	5.184	0	0	0	3.087	0.891	0	0	0	0.708	0.891	0	0	0	0.7	0.7	0	0	0	0.667	0.444	0	0.75	0.4	0.4	0	0	0	0	0	0	0.407
0	2.029	0	0	0	0	2.029	0	0	0	0	1.079	0	0	0	0	1	0	0	0	0	1	0	0	0	0	0	0	0	0	0	0.2	0	0	0	0	0.4	0	0	0	0.415	0.204
26.382	1.801	11.996	7.601	1.803	34.821	4.714	19.141	15.111	2.871	13.565	4.714	9.915	11.421	1.964	0.379	0.8	0.585	0.619	0.667	0.373	0.7	0.567	0.581	0.667	0.364	0.3	0.356	0.345	1	0	0.25	0	0	0.2	0	0	0	0	0.6	0.56	0.337
0	10.205	13.997	0	1.09	0	11.888	17.634	0	1.09	0	11.927	9.783	0	0	0	0.833	0.515	0	0	0	0.891	0.463	0	0	0	0.491	0.528	0	0	0.25	0.25	0.25	0.333	0.286	0.75	0.75	0.25	0.333	1	0.417	0.791
0	13.277	4.916	0	1.835	0	10.632	4.916	0	2.806	0	5.584	1.082	0	1.912	0	0.582	0.9	0	1	0	0.564	0.9	0	0.667	0	0.3	0	0	1	0	0	0	0	0	0.25	0	0	0.5	0	0	0.702
2.817	6.05	0	10.172	1.326	2.85	4.805	0	11.077	1.326	2.765	5.18	0	1.807	2.242	0.3	0.619	0	0.745	1	0.667	0.6	0	0.709	0	0.333	0.3	0	0	1	0.111	0	0.2	0.5	0	0	0	0	0.375	0	0	0.377
7.388	0.955	0	0	0	7.388	0.955	0	0	0	0	0	0	0	0	0.75	0	0	0	0	0.75	0	0	0	0	0	0	0	0	0	0.6	0.2	0	0	0	0	0.6	0	0	0	0	0.519
0	12.151	0	3.84	0	0	9.836	0	2.948	0	0	2.315	0	0.892	0	0	0.485	0	0.833	0	0	0.689	0	0.667	0	0	0	0	0	0	0	0	0	0	0	0	0	0	0	0	0.554	0.224
0	0	0	0	5.673	0	0	0	0	5.673	0	0	0	0	2.917	0	0	0	0	0.333	0	0	0	0	0.333	0	0	0	0	0.333	0	0	0	0	0.4	0	0	0	0	0.2	0.714	0.311
0	0	0	0	9.719	0	0	0	0.909	9.719	0	0	0	0.909	5.813	0	0	0	0	0.727	0	0	0	0	0.689	0	0	0	0	0.333	0.143	0	0.2	0	0	0.571	0.2	0.2	0	0.333	0.196	0.253
0	0	5.636	0	0	0	0	6.538	0	0	0	0	1.98	0	0	0	0	0.286	0	0	0	0	0.286	0	0	0	0	0	0	0	0	0	0	0	0	0	0	0	0	0	0.559	0.154
0.937	0	3.994	4.955	0	0.937	0	3.994	3.902	0	0.937	0	2.096	3.996	0	0	0	0.5	0.81	0	0	0	0.5	1	0	0	0	1	0.333	0	0.111	0	0.2	0.5	0	0	0	0	0	0	0.298	0.259
0	0	0	3.994	1.035	0	0	0	3.994	1.035	0	0	0	2.096	1.035	0	0	0	0.5	0	0	0	0	0.5	0	0	0	0	1	0	0	0	0	0.2	0	0	0	0	0	0	0.896	0.246
1.988	3.026	10.167	4.661	0	2.036	1.115	13.732	4.661	1.845	2.998	3.026	7.218	2.768	1.845	1	1	0.692	0.8	1	1	0	0.681	0.8	1	1	1	0.476	0.667	1	0.5	0	0.111	0.6	0.143	0	0	0	0	0.286	0	0.467
0	2.815	2.302	0.898	0.91	0	1.924	1.155	0.898	0.91	0	3.176	2.538	0	0.91	0	0.2	0.333	0	0	0	1	0	0	0	0	0.333	1	0	0	0.2	0.5	0.4	0.2	0	0.4	0.375	0.8	0.2	0.25	0.298	0.275
0	0	0	0	0	0	0	0	0	0	0	0	0	0	0	0	0	0	0	0	0	0	0	0	0	0	0	0	0	0	0	0.4	0	0	0	0	0.8	0	0	0	0.294	0.875
0	0	0.932	0	0	0	0	1.894	0	0	0	0	1.894	0	0	0	0	0	0	0	0	0	0	0	0	0	0	0	0	0	0	0	0	0	0	0	0	0	0	0	0.897	0.290
0	0.934	2.073	0	0	0	1.931	3.07	0	0	0	1.931	2.158	0	0	0	1	0.667	0	0	0	1	0.667	0	0	0	1	1	0	0	0	0	0	0	0	0	0	0	0	0	0.419	0.216
18.019	1.844	34.698	12.259	0	21.054	2.73	39.273	16.357	0	5.27	1.827	8.259	3.087	0	0.421	0.333	0.283	0.708	0	0.416	0.333	0.279	0.7	0	0.5	0	0.286	0.667	0	0.333	1	0.667	0.4	0.25	0.333	0.2	0.667	0	0.75	0	0.474
0	0	0	0	0	0	0	0	0	0	0	0	0	0	0	0	0	0	0	0	0	0	0	0	0	0	0	0	0	0	0	0	0	0	0	0	0	0	0	0	0.713	0.144
18.898	0	0.911	0.937	0	16.859	0	0	0.937	0	6.279	0	0.911	0.937	0	0.596	0	0	0	0	0.603	0	0	0	0	0.7	0	0	0	0	1	0.25	0	0	0	0	0	0	0	0	0	0.456
0	0	0	0	0	0	0	0	0	0	0	0	0	0	0	0	0	0	0	0	0	0	0	0	0	0	0	0	0	0	0	0	0	0	0	0	0	0	0	0	0.418	0.160
0	0	0	0	0	0	0	0	0	0	0	0	0	0	0	0	0	0	0	0	0	0	0	0	0	0	0	0	0	0	0	0	0	0	0	0	0	0	0	0	0.716	0.263
0	0	0	0	0	0	0	0	0	0	0	0	0	0	0	0	0	0	0	0	0	0	0	0	0	0	0	0	0	0	0	0.714	0	0	0.6	0	0.714	0	0	0.2	0	0.518
0	0.92	0	3.411	2.025	0	0.92	0	1.875	2.025	0	0.92	0	3.667	1.058	0	0	0	0.667	1	0	0	0	1	1	0	0	0	0.667	0	0	0	0	0.714	0	0	0	0	0.857	0	0.018	0.496
23.253	2.735	20.683	0	79.681	27.963	4.76	22.698	1.845	85.854	9.764	2.926	6.661	1.845	24.702	0.396	0.8	0.395	1	0.117	0.376	0.8	0.383	1	0.11	0.361	0.667	0.286	1	0.143	0.4	0	0.2	0.143	0	0.2	0.8	0.2	0.286	0	0	0.207
29.293	1.803	0	11.996	17.557	35.735	2.871	1.907	19.141	24.744	11.823	1.964	1.907	9.915	10.33	0.413	0.667	0	0.585	0.413	0.405	0.667	0	0.567	0.387	0.6	1	0	0.356	0.467	0	0.2	0	0	0	0	0.6	0	0	0	0.118	0.281
15.731	0	19.589	0	0	17.713	0.895	17.23	0.958	0	11.064	0.895	15.067	0.958	0	0.549	0	0.616	0	0	0.523	0	0.654	0	0	0.364	0	0.308	0	0	0	0	0.444	0	0	0	0	0.444	0.6	0	0	0.298
0	-1	0	-1	0	0	-1	0	-1	0	0	-1	0	-1	0	0	-1	0	-1	0	0	-1	0	-1	0	0	-1	0	-1	0	1	-1	0	-1	0.6	0	-1	0	-1	0	0.718	0.856
1.019	0	0	1.035	6.559	1.019	0	0	1.035	5.664	1.019	0	0	1.035	5.83	0	0	0	0	0.694	0	0	0	0	0.733	0	0	0	0	0.4	0	0.25	0	0	0.25	0	0	0	0	0.75	0.3	0.207
0	19.555	0	0	0	0	19.555	0	0	0	0	5.834	0	0	0	0	0.289	0	0	0	0	0.289	0	0	0	0	0	0	0	0	0.2	0.4	0	0.2	0	0	0.4	0	0	0	0	0.601
16.539	0	0	0.957	0	18.386	0	0	1.849	0	3.191	0	0	0.892	0	0.464	0	0	1	0	0.451	0	0	1	0	0.333	0	0	0	0	0	0.6	0	0	0	0	0.6	0	0	0	0.56	0.294
0	2.796	0.929	0.902	0	0	3.709	1.843	0	0	0	2.826	0.913	0.902	0	0	0	0	0	0	0	0	0	0	0	0	0	0	0	0	0.2	0.5	0.286	0.4	0	0	0	0	0	0	0	0.444
0	0.884	0	0	12.461	0	1.77	0	0	14.425	0	0.886	0	0	6.478	0	1	0	0	0.619	0	1	0	0	0.703	0	0	0	0	0.333	0.6	0.333	0.875	0.25	0.6	1	0	0.75	0.5	0.4	0	0.526
0	0	0	0	2.029	0	0	0	0	2.029	0	0	0	0	1.079	0	0	0	0	1	0	0	0	0	1	0	0	0	0	0	0	0	0	0	0.2	0	0	0	0	0.4	0.056	0.080
0.929	27.127	0	0.918	6.221	2.746	25.511	0	0	9.281	1.787	11.682	0.93	0.918	6.146	0.667	0.23	0	0	0.472	1	0.258	0	0	0.444	0	0.073	0	0	0.2	0	0.333	0	0	0.4	0.2	0.333	0.6	0	0.6	0	0.609
0	0	0	0	2.889	0	0	0	0	3.841	0	0	0	0	2.82	0	0	0	0	0.667	0	0	0	0	0.667	0	0	0	0	0.333	0	0	0	0	0	0	0	0	0	0	0.898	0.199
0	0	0	0	0	0	0.963	0	0	0	0	0.963	0	0	0	0	0	0	0	0	0	0	0	0	0	0	0	0	0	0	0.2	0	0	0	0.2	0	0	0	0	0	0	0.581
0	0	0	0.916	0	0	0	0	0.916	0	0	0	0	0.916	0	0	0	0	0	0	0	0	0	0	0	0	0	0	0	0	0	0	0	0	0	0	0	0	0	0	0.718	0.201
0	0	1.947	0.878	10.484	0	0	0.975	0.878	13.826	0	0	1.947	0.878	10.115	0	0	1	0	0.473	0	0	0	0	0.473	0	0	1	0	0.422	0	0.2	0	0	0	0	0.2	0	0	0	0.197	0.261
0.918	9.373	27.127	0	0.929	0	9.373	25.511	0.905	2.746	0.918	4.368	11.682	0.905	1.787	0	0.5	0.23	0	0.667	0	0.467	0.258	0	1	0	0.167	0.073	0	0	0	0	0.333	0	0	0	0	0.333	0	0.2	0.198	0.287
9.373	0	0.918	0	27.127	9.373	0.905	0	0	25.511	4.368	0.905	0.918	0	11.682	0.5	0	0	0	0.23	0.467	0	0	0	0.258	0.167	0	0	0	0.073	0	0	0	0	0.333	0	0	0	0	0.333	0.113	0.255
0.932	0	0	0	0	1.894	0	0	0	0.963	1.894	0	0	0	0.963	0	0	0	0	0	0	0	0	0	0	0	0	0	0	0	0	0	0	0	0	0	0	0	0	0	0.56	0.241
2.851	4.817	6.783	44.884	1.035	3.803	3.694	5.529	49.314	1.035	2.905	3.074	5.142	12.652	1.035	0.5	0.733	0.639	0.232	0	0.5	0.667	0.533	0.224	0	0.333	0.667	0.4	0.182	0	0	0.2	0	0.714	0	0	0.2	0	0.714	0	0	0.224
0	12.461	0.884	0	6.642	0	14.425	0.884	0	10.915	0	6.478	0	0	5.184	0	0.619	0	0	0.891	0	0.703	0	0	0.891	0	0.333	0	0	0.7	0.4	0.6	0	0.875	0.444	0	0.4	0	0.75	0	0	0.575
0	0	0	0	0	0	0	0	0	0	0	0	0	0	0	0	0	0	0	0	0	0	0	0	0	0	0	0	0	0	0	0	0	0.222	0	0	0	0	0	0.2	0.197	0.178
0	0	0	0	0	0	0	0	0	0	0	0	0	0	0	0	0	0	0	0	0	0	0	0	0	0	0	0	0	0	0	0.2	0	0	0.4	0	0	0	0	0.8	0.896	0.342
6.05	10.172	2.817	2.981	0	4.805	11.077	2.85	2.981	0	5.18	1.807	2.765	0	0	0.619	0.745	0.3	1	0	0.6	0.709	0.667	0.667	0	0.3	0	0.333	0	0	0	0.5	0.111	0	0.2	0	0.375	0	0.125	0	0	0.296
19.555	0	0	1.054	0	19.555	0	0	1.054	0	5.834	0	0	0	0	0.289	0	0	0	0	0.289	0	0	0	0	0	0	0	0	0	0.4	0.2	0.2	0	0	0.4	0	0	0	0	0.298	0.196
0	2.817	1.326	6.05	2.849	0	2.85	1.326	4.805	2.849	0	2.765	2.242	5.18	0.997	0	0.3	1	0.619	1	0	0.667	0	0.6	1	0	0.333	1	0.3	0	0.2	0.111	0	0	0	0	0	0	0	0	0	0.512
0.916	0	0	0	0	0.916	0	0	0	0	0.916	0	0	0	0	0	0	0	0	0	0	0	0	0	0	0	0	0	0	0	0	0.6	0	0	0	0	0.2	0	0	0	0	0.376
0	0	0	1.923	0	0	0	0	2.906	0	0	0	0	1.988	0	0	0	0	1	0	0	0	0	1	0	0	0	0	1	0	0.714	0	0	0.2	0	0.714	0	0	0	0	0.119	0.634
0	0	0	0	0	0	0	0	0	0	0	0	0	0	0	0	0	0	0	0	0	0	0	0	0	0	0	0	0	0	0	0	0	0	0	0	0	0	0	0	0.714	0.275
0	3.994	0	0.937	0	0	3.994	0	0.937	0	0	2.096	0	0.937	0	0	0.5	0	0	0	0	0.5	0	0	0	0	1	0	0	0	0	0.2	0	0.111	0	0	0	0	0	0	0.415	0.185
0	0	1.913	0	0	0	0	1.913	0	0	0	0	1.021	0	0	0	0	0	0	0	0	0	0	0	0	0	0	0	0	0	0	0	0	0	0.4	0	0	0	0	0	0.12	0.082
12.151	3.84	0	0	0	9.836	2.948	0	0	0	2.315	0.892	0	0	0	0.485	0.833	0	0	0	0.689	0.667	0	0	0	0	0	0	0	0	0	0	0	0.6	0	0	0	0	0	0	0	0.226
0	0	0	0	0	0	0	0	0	0	0	0	0	0	0	0	0	0	0	0	0	0	0	0	0	0	0	0	0	0	0	0	0	0	0	0	0	0	0	0	0.557	0.296
0.911	18.898	0	0	0.882	0	16.859	0	0	0.882	0.911	6.279	0	0	0.882	0	0.596	0	0	0	0	0.603	0	0	0	0	0.7	0	0	0	0	1	0	0.25	0	0	0	0	0	0	0	0.565
0	2.817	0	2.735	0	0	2.817	0	2.735	0	0	0	0	0.941	0	0	0.667	0	0	0	0	0.667	0	0	0	0	0	0	0	0	0.6	0.6	0	1	0.6	0.6	0.8	0.25	1	0	0.016	0.868
13.997	0	1.09	10.205	1.822	17.634	0	1.09	11.888	1.822	9.783	0	0	11.927	0	0.515	0	0	0.833	1	0.463	0	0	0.891	1	0.528	0	0	0.491	0	0.25	0.25	0.286	0.25	0	0.25	0.75	1	0.75	0	0	0.383
6.067	0	1.923	29.391	0	6.07	0	2.906	31.316	0	1.883	0	1.988	9.096	0	0.619	0	1	0.409	0	0.867	0	1	0.4	0	0	0	1	0.286	0	0.333	0	0.2	0.8	0	0	0.8	0	0.8	0	0	0.329
0	0	-1	1.134	-1	0	0	-1	3.092	-1	0	0	-1	2.179	-1	0	0	-1	1	-1	0	0	-1	1	-1	0	0	-1	1	-1	0	0.2	-1	0	-1	0	0.4	-1	0.2	-1	0.896	0.614
0	0	2.025	0.92	0	0	0	2.025	0.92	0	0	0	1.058	0.92	0	0	0	1	0	0	0	0	1	0	0	0	0	0	0	0	0	0	0	0	0	0	0	0	0	0	0.417	0.218
0	0	0	0	0	0	0	0	0	0	0	0	0	0	0	0	0	0	0	0	0	0	0	0	0	0	0	0	0	0	0	0	0	0	0	0.143	0	0	0	0	0.897	0.351
0.98	6.129	0	0	0	0.98	7.081	0	0	0	0.98	2.233	0	0	0	0	0.762	0	0	0	0	0.762	0	0	0	0	1	0	0	0	0	0	0	0	0	0	0.2	0	0	0	0.418	0.141
4.916	0	1.835	13.277	0.879	4.916	0	2.806	10.632	0	1.082	0	1.912	5.584	0.879	0.9	0	1	0.582	0	0.9	0	0.667	0.564	0	0	0	1	0.3	0	0	0	0	0	0.25	0	0.25	0	0	0	0.554	0.279
0	3.639	0.898	0	2.815	0	3.639	0.898	0	1.924	0	1.825	0	0	3.176	0	0.3	0	0	0.2	0	0.5	0	0	1	0	0	0	0	0.333	0	0.625	0.2	0	0.5	0	0.375	0.2	0	0.375	0.417	0.451
0	0	0	0	0	0	0	0	0	0	0	0	0	0	0	0	0	0	0	0	0	0	0	0	0	0	0	0	0	0	0	0	0	0	0.2	0	0	0	0	0.2	0.418	0.116
0.92	0	0	0	0.878	0.92	0	0	0	0.878	0.92	0	0	0	0.878	0	0	0	0	0	0	0	0	0	0	0	0	0	0	0	0	0	0	0	0	0	0	0	0	0	0.419	0.146
0	0	0	0	0	0	0	0	0	0	0	0	0	0	0	0	0	0	0	0	0	0	0	0	0	0	0	0	0	0	0	0	0.4	0.2	0	0	0	0.8	0	0	0.558	0.534
0	5.094	0	0.94	0	0	5.094	0	0	0	0	1.927	0	0.94	0	0	0.9	0	0	0	0	0.9	0	0	0	0	0	0	0	0	0.5	0.2	0.4	0.625	0	0.25	0.6	0	0.5	0.25	0	0.700
0	0	0.92	0	0	0	0	0.92	0	0	0	0	0.92	0	0	0	0	0	0	0	0	0	0	0	0	0	0	0	0	0	0	0	0	0	0	0	0	0	0	0	0.554	0.353
0	0.882	44.299	0	0	0.915	0.882	47.545	0	0	0.915	0.882	8.565	0	0	0	0	0.288	0	0	0	0	0.273	0	0	0	0	0.107	0	0	0.4	0	0.8	0	0.4	0.4	0	0.4	0	0	0.298	0.467
2.735	0	23.253	10.167	20.683	4.76	1.845	27.963	13.732	22.698	2.926	1.845	9.764	7.218	6.661	0.8	1	0.396	0.692	0.395	0.8	1	0.376	0.681	0.383	0.667	1	0.361	0.476	0.286	0	0.143	0.4	0.111	0.2	0.8	0.286	0.2	0	0.2	0.556	0.289
0.955	0	7.388	1.789	0	0.955	0	7.388	1.789	0	0	0	0	0.891	0	0	0	0.75	0	0	0	0	0.75	0	0	0	0	0	0	0	0.2	0	0.6	0	0	0.6	0	0	0	0	0.298	0.348
17.557	0	0	29.293	0	24.744	1.907	0	35.735	0.958	10.33	1.907	0	11.823	0.958	0.413	0	0	0.413	0	0.387	0	0	0.405	0	0.467	0	0	0.6	0	0	0	0	0	0	0	0	0	0	0.6	0	0.304
0	0	0	0	0	0	0.909	0	0	0	0	0.909	0	0	0	0	0	0	0	0	0	0	0	0	0	0	0	0	0	0	0	0	0.143	0	0.2	0.2	0	0.571	0	0.2	0	0.412
1.803	11.996	29.293	26.382	0	2.871	19.141	35.735	34.821	1.907	1.964	9.915	11.823	13.565	1.907	0.667	0.585	0.413	0.379	0	0.667	0.567	0.405	0.373	0	1	0.356	0.6	0.364	0	0.2	0	0	0	0	0.6	0	0	0	0	0.419	0.572
0	0	14.281	0.892	2.511	0	0	15.236	0.892	0	0	0	3.046	0	2.511	0	0	0.527	0	1	0	0	0.495	0	0	0	0	0	0	1	0.4	0	0.2	0.222	1	0.2	0	0	0	1	0	0.490
0	0	0	0	0	0	0	0	0	0	0	0	0	0	0	0	0	0	0	0	0	0	0	0	0	0	0	0	0	0	0	0	0	0	0	0	0	0.2	0	0	0	0.706
6.783	2.851	1.035	4.817	0.915	5.529	3.803	1.035	3.694	0	5.142	2.905	1.035	3.074	0.915	0.639	0.5	0	0.733	0	0.533	0.5	0	0.667	0	0.4	0.333	0	0.667	0	0	0	0	0.2	0	0	0	0	0.2	0	0	0.199
0	0.909	0	0	0	0	1.975	0	0	0	0	1.975	0	0	0	0	1	0	0	0	0	1	0	0	0	0	1	0	0	0	0	0	0	0.2	0	0	0.4	0	0	0	0	0.532
1.844	12.259	18.019	0	34.698	2.73	16.357	21.054	0	39.273	1.827	3.087	5.27	0	8.259	0.333	0.708	0.421	0	0.283	0.333	0.7	0.416	0	0.279	0	0.667	0.5	0	0.286	1	0.4	0.333	0.75	0.667	0.2	0	0.333	0	0.667	0	0.583
0	0.929	6.221	27.127	0	0	2.746	9.281	25.511	0	0.93	1.787	6.146	11.682	0	0	0.667	0.472	0.23	0	0	1	0.444	0.258	0	0	0	0.2	0.073	0	0	0	0.4	0.333	0	0.6	0.2	0.6	0.333	0	0	0.561
0	0	13.277	0	0	0	0	10.632	0	0	0	0	5.584	0	0	0	0	0.582	0	0	0	0	0.564	0	0	0	0	0.3	0	0	0	0.25	0	0	0	0.5	0	0	0	0.25	0.294	0.708
0	0	0	0	4.765	0	0	0	0	4.765	0	0	0	0	2.961	0	0	0	0	0.6	0	0	0	0	0.5	0	0	0	0	0.333	0	0	0	0	0	0	0	0	0	0	0.56	0.324
0	0	0	12.151	5.636	0	0	0	9.836	6.538	0	0	0	2.315	1.98	0	0	0	0.485	0.286	0	0	0	0.689	0.286	0	0	0	0	0	0	0	0	0	0	0	0	0	0	0	0.117	0.174
0	0.932	0	0	0	0	1.894	0.963	0	0	0	1.894	0.963	0	0	0	0	0	0	0	0	0	0	0	0	0	0	0	0	0	0	0	0	0	0.2	0	0	0	0	0	0.019	0.623
1.035	0	0	0	1.019	1.035	0	0	0	1.019	1.035	0	0	0	1.019	0	0	0	0	0	0	0	0	0	0	0	0	0	0	0	0	0	0.25	0	0	0	0	0	0	0	0.415	0.156
0	1.035	1.019	0	0	0	1.035	1.019	0	0	0	1.035	1.019	0	0	0	0	0	0	0	0	0	0	0	0	0	0	0	0	0	0.25	0	0	0	0	0	0	0	0	0	0	0.612
12.461	0	0	0	0.884	14.425	0	0	0	0.884	6.478	0	0	0	0	0.619	0	0	0	0	0.703	0	0	0	0	0.333	0	0	0	0	0.6	0.875	0.4	0.6	0	0.4	0.75	0	1	0	0	0.399
0	0	22.343	9.719	3.873	0	0	20.134	9.719	3.873	0	0	10.571	5.813	0.935	0	0	0.391	0.727	0.833	0	0	0.405	0.689	0.667	0	0	0.267	0.333	0	0.889	0.4	0.4	0	0	1	0.8	0.4	0.333	0	0	0.736
0	0	15.731	0	19.589	0.895	0.958	17.713	0	17.23	0.895	0.958	11.064	0	15.067	0	0	0.549	0	0.616	0	0	0.523	0	0.654	0	0	0.364	0	0.308	0	0	0	0	0.444	0	0.6	0	0	0.444	0	0.808
0	0	2.029	0	0	0	0	2.029	0	0	0	0	1.079	0	0	0	0	1	0	0	0	0	1	0	0	0	0	0	0	0	0	0	0.2	0	0	0	0	0.4	0	0	0.418	0.114
0	4.765	0	0	1.041	0	4.765	0	0	1.041	0	2.961	0	0	1.041	0	0.6	0	0	0	0	0.5	0	0	0	0	0.333	0	0	0	0	0	0.2	0	0.25	0	0	0	0	1	0.195	0.181
0	0.916	0	0	0	0	0.916	0	0	0	0	0.916	0	0	0	0	0	0	0	0	0	0	0	0	0	0	0	0	0	0	0	0	0	0.6	0	0	0	0	0.2	0	0	0.509
2.039	0	0.957	10.755	0	0.935	0.915	1.849	12.759	0	2.974	0.915	0.892	8.117	0	0.333	0	1	0.692	0	0	0	1	0.628	0	0.333	0	0	0.536	0	0.6	0.5	0	0.2	0.6	0.2	0	0	0	0.6	0	0.580
0	29.391	6.067	0	1.923	0	31.316	6.07	0	2.906	0	9.096	1.883	0	1.988	0	0.409	0.619	0	1	0	0.4	0.867	0	1	0	0.286	0	0	1	0	0.8	0.333	0	0.2	0.8	0.8	0	0	0	0.298	0.645
0	0	1.054	0	0	0	0	1.054	0	0	0	0	0	0	0	0	0	0	0	0	0	0	0	0	0	0	0	0	0	0	0	0	0	0	0.2	0.111	0	0	0	0	0.414	0.341
0	34.698	5.101	18.019	0	0	39.273	7.658	21.054	0	0	8.259	3.727	5.27	0	0	0.283	0.905	0.421	0	0	0.279	0.905	0.416	0	0	0.286	0.667	0.5	0	0.25	0.667	0.889	0.333	0.333	0.75	0.667	0.444	0.333	1	0	0.696
9.719	0	0	0	0	9.719	0	0	0	0	5.813	0	0	0	0	0.727	0	0	0	0	0.689	0	0	0	0	0.333	0	0	0	0	0	0.2	0.4	0.143	0.889	0.333	0.2	0.8	0.571	1	0	0.490
0	0	9.373	0	0.918	0.905	0	9.373	0.886	0	0.905	0	4.368	0.886	0.918	0	0	0.5	0	0	0	0	0.467	0	0	0	0	0.167	0	0	0	0	0	0	0	0	0	0	0	0	0.715	0.223
0	1.789	0.955	0	7.388	0	1.789	0.955	0	7.388	0	0.891	0	0	0	0	0	0	0	0.75	0	0	0	0	0.75	0	0	0	0	0	0	0	0.2	0	0.6	0	0	0.6	0	0	0.298	0.246
4.765	0	0	0	0	4.765	0	0	0	0	2.961	0	0	0	0	0.6	0	0	0	0	0.5	0	0	0	0	0.333	0	0	0	0	0	0	0	0	0.2	0	0	0	0	0	0	0.188
3.873	22.343	0	0	0	3.873	20.134	0	0	0	0.935	10.571	0	0	0	0.833	0.391	0	0	0	0.667	0.405	0	0	0	0	0.267	0	0	0	0	0.4	0.667	0.889	0	0	0.4	1	1	0	0	0.273
0	0	0	0	1.062	0	0	0	0	0	0	0	0	0	1.062	0	0	0	0	0	0	0	0	0	0	0	0	0	0	0	0	0	0.2	0	0.25	0	0	0.2	0	0	0	0.558
0	0	0.916	0	0	0	0	0.916	0	0	0	0	0.916	0	0	0	0	0	0	0	0	0	0	0	0	0	0	0	0	0	0.6	0	0	0	0	0.2	0	0	0	0	0.298	0.538
10.172	2.981	6.05	10.956	2.817	11.077	2.981	4.805	16.7	2.85	1.807	0	5.18	5.79	2.765	0.745	1	0.619	0.382	0.3	0.709	0.667	0.6	0.36	0.667	0	0	0.3	0.067	0.333	0.5	0	0	0	0.111	0.375	0.125	0	0	0	0	0.628
0	0.98	0	6.129	0	0	0.98	0	7.081	0	0	0.98	0	2.233	0	0	0	0	0.762	0	0	0	0	0.762	0	0	0	0	1	0	0	0	0	0	0	0	0	0	0.2	0	0	0.404
0.882	0	0	0.911	44.299	0.882	0	0.915	0	47.545	0.882	0	0.915	0.911	8.565	0	0	0	0	0.288	0	0	0	0	0.273	0	0	0	0	0.107	0	0	0.4	0	0.8	0	0	0.4	0	0.4	0	0.571
0.892	0.921	0	0	0	0.892	1.876	0	0	0	0	0.955	0	0	0	0	1	0	0	0	0	1	0	0	0	0	0	0	0	0	0.222	0	0	0	0.4	0	0	0	0	0.2	0.419	0.226
0	0	12.461	0.884	0	0	0	14.425	1.77	0	0	0	6.478	0.886	0	0	0	0.619	1	0	0	0	0.703	1	0	0	0	0.333	0	0	0.875	0.6	0.6	0.333	0.4	0.75	1	0.4	0	0	0	0.710
0.898	0	2.815	3.639	0	0.898	0	1.924	3.639	0	0	0	3.176	1.825	0	0	0	0.2	0.3	0	0	0	1	0.5	0	0	0	0.333	0	0	0.2	0	0.5	0.625	0.2	0.2	0	0.375	0.375	0.4	0.419	0.270
0	0	0	0	0	0	0.902	0	0	0	0	0.902	0	0	0	0	0	0	0	0	0	0	0	0	0	0	0	0	0	0	0	0	0	0	0	0	0	0	0	0	0.9	0.152
0	29.293	17.557	1.803	0	1.907	35.735	24.744	2.871	0	1.907	11.823	10.33	1.964	0	0	0.413	0.413	0.667	0	0	0.405	0.387	0.667	0	0	0.6	0.467	1	0	0	0	0	0.2	0	0	0	0	0.6	0	0.415	0.414
0	0.91	6.68	2.302	0.932	0	0.91	6.68	1.155	0.932	0	0.91	2.103	2.538	0	0	0	0.619	0.333	0	0	0	0.619	0	0	0	0	1	1	0	0.25	0	0.25	0.4	0.25	0.25	0.25	0.125	0.8	0.5	0	0.630
0	0.908	0	0	0	0	1.855	0	0	0	0	1.855	0	0	0	0	0	0	0	0	0	0	0	0	0	0	0	0	0	0	0	0.5	0	0	0	0	0	0	0	0	0.717	0.224
1.035	6.783	0.915	2.851	0	1.035	5.529	0	3.803	0	1.035	5.142	0.915	2.905	0	0	0.639	0	0.5	0	0	0.533	0	0.5	0	0	0.4	0	0.333	0	0	0	0	0	0	0	0	0	0	0	0.298	0.130
5.673	0	0.911	0	0	5.673	0	0	0	0	2.917	0	0.911	0	0	0.333	0	0	0	0	0.333	0	0	0	0	0.333	0	0	0	0	0.4	0	0.2	0	0	0.2	0	0	0	0	0.419	0.161
0	5.101	0.902	0	2.796	0	7.658	0	0	3.709	0	3.727	0.902	0	2.826	0	0.905	0	0	0	0	0.905	0	0	0	0	0.667	0	0	0	0.333	0.889	0.4	0.25	0.5	1	0.444	0	0.75	0	0	0.882
1.412	0	0	0	0.884	0	0	0	0	1.77	1.412	0	0	0	0.886	0	0	0	0	1	0	0	0	0	1	0	0	0	0	0	0	0	0.25	0.2	0.333	0	0	0.5	0.2	0	0.292	0.330
0.934	0	0	0	2.073	1.931	0	0	0	3.07	1.931	0	0	0	2.158	1	0	0	0	0.667	1	0	0	0	0.667	1	0	0	0	1	0	0	0	0	0	0	0	0	0	0	0.296	0.340
0	16.539	0	0	0	0	18.386	0	0	0	0	3.191	0	0	0	0	0.464	0	0	0	0	0.451	0	0	0	0	0.333	0	0	0	0	0	0	0.6	0	0	0	0	0.6	0	0.055	0.672
0.927	0	0	0	2.735	0.927	0	0	0	2.735	0.927	0	0	0	0.941	0	0	0	0	0	0	0	0	0	0	0	0	0	0	0	0.25	0.4	0.75	0.2	1	1	0.6	1	0.6	1	0	0.748
0	0	0	0	0	0	0	0	0	0.997	0	0	0	0	0.997	0	0	0	0	0	0	0	0	0	0	0	0	0	0	0	0	0	0	0	0	0	0.143	0	0	0	0.554	0.183
0	0	0	0	0	0	0	0	0.902	0	0	0	0	0.902	0	0	0	0	0	0	0	0	0	0	0	0	0	0	0	0	0	0	0	0	0	0	0	0	0	0	0.195	0.100
0	19.589	4.955	15.731	0	0	17.23	3.902	17.713	0	0	15.067	3.996	11.064	0	0	0.616	0.81	0.549	0	0	0.654	1	0.523	0	0	0.308	0.333	0.364	0	0	0.444	0.5	0	0	0	0.444	0	0	0	0	0.513
0	0	0	0	0	0	0	0	0	0	0	0	0	0	0	0	0	0	0	0	0	0	0	0	0	0	0	0	0	0	0	0	0	0.2	0	0	0	0	0	0	0	0.175
0	1.412	0.884	0	0	0	0	1.77	0	0	0	1.412	0.886	0	0	0	0	1	0	0	0	0	1	0	0	0	0	0	0	0	0.25	0	0.333	0	0.6	0.5	0	0	0	1	0	0.610
0	3.653	0	0.932	0	0	3.653	0	0.932	0	0	0.9	0	0	0	0	0.833	0	0	0	0	0.833	0	0	0	0	0	0	0	0	0	0.5	0.2	0.25	0	0	0	0	0.5	0	0.294	0.394
0	0.937	18.898	0	0.911	0	0.937	16.859	0	0	0	0.937	6.279	0	0.911	0	0	0.596	0	0	0	0	0.603	0	0	0	0	0.7	0	0	0.25	0	1	0.333	0	0	0	0	0.333	0	0	0.411
0	0	0	0	0	0	0	0.909	0	0	0	0	0.909	0	0	0	0	0	0	0	0	0	0	0	0	0	0	0	0	0	0	0	0	0	0	0	0	0	0	0.2	0.557	0.348
0	0	1.041	4.765	0.94	0	0	1.041	4.765	0	0	0	1.041	2.961	0.94	0	0	0	0.6	0	0	0	0	0.5	0	0	0	0	0.333	0	0.2	0	0.25	0	0.625	0	0	1	0	0.5	0	0.405
0	0.992	0.927	0	0	0	0.992	0.927	0	0	0	0	0.927	0	0	0	0	0	0	0	0	0	0	0	0	0	0	0	0	0	0.8	0	0	0.333	0	0.8	0	0	0.333	0	0.015	0.740
6.221	0	0	0.929	1.134	9.281	0	0	2.746	3.092	6.146	0.93	0	1.787	2.179	0.472	0	0	0.667	1	0.444	0	0	1	1	0.2	0	0	0	1	0.4	0	0	0	0	0.6	0.6	0	0.2	0.2	0	0.615
0	23.565	5.452	3.593	29.76	0.878	27.067	10.541	6.621	33.59	1.905	15.957	8.694	5.706	19.013	1	0.379	0.709	0.714	0.288	0	0.425	0.709	0.714	0.304	1	0.276	0.5	0.333	0.206	0	0	0.556	0	0.111	0	0	0	0	0	0	0.603
0	0	0	0	0	0	0	0	0	0	0	0	0	0	0	0	0	0	0	0	0	0	0	0	0	0	0	0	0	0	0	0	0	0	0	0	0	0	0	0	0.72	0.252
0	0	0	0	0.916	0	0	0	0	0.916	0	0	0	0	0.916	0	0	0	0	0	0	0	0	0	0	0	0	0	0	0	0	0	0	0	0	0	0	0	0	0	0.298	0.181
17.367	10.484	3.891	1.947	0	16.554	13.826	8.061	0.975	0	6.907	10.115	6.254	1.947	0	0.561	0.473	0.821	1	0	0.617	0.473	0.786	0	0	0.467	0.422	0.467	1	0	0.778	0	0	0	0.286	0	0	0	0	0.429	0.115	0.319
0	0	0	2.849	0	0	0	0.886	2.849	0	0	0	0.886	0.997	0	0	0	0	1	0	0	0	0	1	0	0	0	0	0	0	0	0	0	0	0	0	0	0	0	0	0.896	0.252
6.68	0	0.932	0.91	3.653	6.68	0	0.932	0.91	3.653	2.103	0	0	0.91	0.9	0.619	0	0	0	0.833	0.619	0	0	0	0.833	1	0	0	0	0	0.25	0.25	0.25	0	0.5	0.125	0.25	0.5	0.25	0	0	0.172
0	0	0	0	2.856	0	0	0	0	0.891	0	0	0	0	1.965	0	0	0	0	0.333	0	0	0	0	0	0	0	0	0	0	0	0	0	0	0.25	0.2	0	0	0	0	0.42	0.308
0	0	0	0	0	0	0	0	0	0	0	0	0	0	0	0	0	0	0	0	0	0	0	0	0	0	0	0	0	0	0.2	0	0	0.2	0	0	0	0	0	0	0	0.495
0	0	0	0	1.913	0	0	0	0	1.913	0	0	0	0	1.021	0	0	0	0	0	0	0	0	0	0	0	0	0	0	0	0	0	0	0	0	0	0	0	0	0	0.554	0.112
3.026	4.661	1.988	1.9	10.167	1.115	4.661	2.036	0.904	13.732	3.026	2.768	2.998	1.9	7.218	1	0.8	1	1	0.692	0	0.8	1	0	0.681	1	0.667	1	1	0.476	0	0.6	0.5	0.2	0.111	0	0	0	0	0	0	0.459
1.054	0	0	0	19.555	1.054	0	0	0	19.555	0	0	0	0	5.834	0	0	0	0	0.289	0	0	0	0	0.289	0	0	0	0	0	0	0	0.2	0	0.4	0	0.111	0	0	0.4	0.197	0.262
0	0	1.035	0	0	0	0	1.035	0	0	0	0	1.035	0	0	0	0	0	0	0	0	0	0	0	0	0	0	0	0	0	0	0	0	0	0.25	0	0	0	0	0	0.714	0.315
0	0	29.391	0	0	0	0	31.316	0	0	0	0	9.096	0	0	0	0	0.409	0	0	0	0	0.4	0	0	0	0	0.286	0	0	0	0.2	0.8	0.6	0	0	0	0.8	0.6	0.8	0	0.812
5.101	0	0	34.698	0.902	7.658	0	0	39.273	0	3.727	0	0	8.259	0.902	0.905	0	0	0.283	0	0.905	0	0	0.279	0	0.667	0	0	0.286	0	0.889	0.25	0.333	0.667	0.4	0.444	0.75	1	0.667	0	0	0.526
0	0	1.062	0	0	0	0	0	0	0	0	0	1.062	0	0	0	0	0	0	0	0	0	0	0	0	0	0	0	0	0	0.2	0	0.25	0	0.2	0.2	0	0	0	0.6	0.198	0.243
5.569	3.608	0	9.752	12.234	10.869	7.593	0	13.04	20.912	6.368	4.862	0	5.305	12.862	0.818	0.786	0	0.705	0.584	0.8	0.75	0	0.692	0.574	0.6	0.6	0	0.5	0.379	0	0.143	0	0.6	0	0	0	0	0.6	0	0.418	0.136
0	0	0	-1	0.951	0	0	0	-1	1.872	0	0	0	-1	0.921	0	0	0	-1	1	0	0	0	-1	1	0	0	0	-1	0	0	1	0.6	-1	0	0	0	0	-1	0	0.556	0.504
0	1.134	0	0	-1	0	3.092	0	0	-1	0	2.179	0	0	-1	0	1	0	0	-1	0	1	0	0	-1	0	1	0	0	-1	0.2	0	0	0	-1	0.4	0.2	0	0	-1	0.298	0.609
2.889	0	0	0	6.129	3.841	0	0	0	7.081	2.82	0	0	0	2.233	0.667	0	0	0	0.762	0.667	0	0	0	0.762	0.333	0	0	0	1	0	0	0	0	0	0	0	0	0	0.2	0.897	0.187
0.929	0	0	2.796	0	1.843	0	0	3.709	0	0.913	0	0	2.826	0	0	0	0	0	0	0	0	0	0	0	0	0	0	0	0	0.286	0.2	0	0.5	0	0	0	0	0	0	0.299	0.260
0.92	3.411	0	0.878	0	0.92	1.875	0	0.878	0	0.92	3.667	0	0.878	0	0	0.667	0	0	0	0	1	0	0	0	0	0.667	0	0	0	0	0.714	0	0.143	0	0	0.857	0	0	0	0.195	0.237
0	2.073	0	0	0	0	3.07	0	0	0	0	2.158	0	0	0	0	0.667	0	0	0	0	0.667	0	0	0	0	1	0	0	0	0	0	0	0	0	0	0	0	0	0	0.897	0.161
0	0	0	0.909	0	0	0	0	1.975	0	0	0	0	1.975	0	0	0	0	1	0	0	0	0	1	0	0	0	0	1	0	0	0	0	0	0	0	0	0	0.4	0	0.198	0.150
1.801	7.601	26.382	21.875	11.996	4.714	15.111	34.821	26.483	19.141	4.714	11.421	13.565	11.198	9.915	0.8	0.619	0.379	0.49	0.585	0.7	0.581	0.373	0.477	0.567	0.3	0.345	0.364	0.333	0.356	0.25	0	0	0	0	0	0	0	0	0	0	0.503
0	3.873	0	22.343	0	0	3.873	0	20.134	0	0	0.935	0	10.571	0	0	0.833	0	0.391	0	0	0.667	0	0.405	0	0	0	0	0.267	0	0.667	0	0	0.4	0.25	1	0	0	0.4	0	0	0.700
0.932	6.68	3.653	0	0	0.932	6.68	3.653	0	0	0	2.103	0.9	0	0	0	0.619	0.833	0	0	0	0.619	0.833	0	0	0	1	0	0	0	0.25	0.25	0.5	0.25	0	0.5	0.125	0	0.25	0	0	0.380
0	0	3.639	0	0	0	0	3.639	0	0	0	0	1.825	0	0	0	0	0.3	0	0	0	0	0.5	0	0	0	0	0	0	0	0	0.2	0.625	0	0	0	0	0.375	0	0	0.298	0.245
0	0	0.927	1.062	0	0	0	0.927	0	0	0	0	0.927	1.062	0	0	0	0	0	0	0	0	0	0	0	0	0	0	0	0	0.4	0.2	0.25	0.25	0.75	0.6	0.6	1	0	1	0	0.761
0	0	0	0	0.916	0	0	0	0	0.916	0	0	0	0	0.916	0	0	0	0	0	0	0	0	0	0	0	0	0	0	0	0	0	0.6	0.714	0	0	0	0.2	0.714	0	0	0.168
14.281	0	2.511	0	1.214	15.236	0	0	0	0	3.046	0	2.511	0	1.214	0.527	0	1	0	0	0.495	0	0	0	0	0	0	1	0	0	0.2	0.4	1	0	0.2	0	0.2	1	0	0	0.292	0.326
0	0	0	3.653	0	0	0	0	3.653	0	0	0	0	0.9	0	0	0	0	0.833	0	0	0	0	0.833	0	0	0	0	0	0	0.2	0	0	0.5	0	0	0	0	0	0	0	0.307
0	5.569	12.234	3.608	3.593	0	10.869	20.912	7.593	6.621	0	6.368	12.862	4.862	5.706	0	0.818	0.584	0.786	0.714	0	0.8	0.574	0.75	0.714	0	0.6	0.379	0.6	0.333	0	0	0	0.143	0	0	0	0	0	0	0	0.699
0.957	2.039	0	0	16.539	1.849	0.935	0	0.915	18.386	0.892	2.974	0	0.915	3.191	1	0.333	0	0	0.464	1	0	0	0	0.451	0	0.333	0	0	0.333	0	0.6	0.6	0.5	0	0	0.2	0.6	0	0	0	0.422
0	0	0	0	0	0	0	0	0	0	0	0	0	0	0	0	0	0	0	0	0	0	0	0	0	0	0	0	0	0	0	0	0	0	0	0	0	0	0	0	0.119	0.362
20.683	23.253	79.681	2.735	0	22.698	27.963	85.854	4.76	0	6.661	9.764	24.702	2.926	0	0.395	0.396	0.117	0.8	0	0.383	0.376	0.11	0.8	0	0.286	0.361	0.143	0.667	0	0.2	0.4	0	0	0.2	0.2	0.2	0	0.8	0	0.298	0.266
10.484	1.947	17.367	0	3.891	13.826	0.975	16.554	0	8.061	10.115	1.947	6.907	0	6.254	0.473	1	0.561	0	0.821	0.473	0	0.617	0	0.786	0.422	1	0.467	0	0.467	0	0	0.778	0	0	0	0	0	0	0	0.414	0.188
0	44.299	10.755	0	0	0	47.545	12.759	0.915	0.915	0	8.565	8.117	0.915	0.915	0	0.288	0.692	0	0	0	0.273	0.628	0	0	0	0.107	0.536	0	0	0.4	0.8	0.2	0.4	0.5	0	0.4	0	0.4	0	0	0.622
0	1.832	10.956	3.693	2.981	0	2.922	16.7	5.481	2.981	0	2.02	5.79	2.717	0	0	0.667	0.382	0.6	1	0	0.667	0.36	0.6	0.667	0	0	0.067	0	0	0	0	0	0	0	0	0	0	0	0.125	0.715	0.334
0	0	0	0.908	0	0	0	0	1.855	0	0	0	0	1.855	0	0	0	0	0	0	0	0	0	0	0	0	0	0	0	0	0	0	0	0.5	0	0	0	0	0	0	0.715	0.127
0	0	5.673	0	0.911	0	0	5.673	0	0	0	0	2.917	0	0.911	0	0	0.333	0	0	0	0	0.333	0	0	0	0	0.333	0	0	0	0	0.4	0	0.2	0	0	0.2	0	0	0.557	0.199
0	0	0.916	0	0	0	0	0.916	0	0	0	0	0.916	0	0	0	0	0	0	0	0	0	0	0	0	0	0	0	0	0	0	0	0	0	0.2	0	0	0	0	0.2	0	0.545
1.09	13.997	1.822	0	44.884	1.09	17.634	1.822	0	49.314	0	9.783	0	0	12.652	0	0.515	1	0	0.232	0	0.463	1	0	0.224	0	0.528	0	0	0.182	0.286	0.25	0	0.25	0.714	1	0.25	0	0.75	0.714	0.299	0.554
4.661	1.9	3.026	1.214	1.988	4.661	0.904	1.115	0	2.036	2.768	1.9	3.026	1.214	2.998	0.8	1	1	0	1	0.8	0	0	0	1	0.667	1	1	0	1	0.6	0.2	0	0.2	0.5	0	0	0	0	0	0	0.455
0.879	1.835	0	4.916	0	0	2.806	0	4.916	0	0.879	1.912	0	1.082	0	0	1	0	0.9	0	0	0.667	0	0.9	0	0	1	0	0	0	0.25	0	0	0	0	0	0	0	0	0	0.055	0.406
0	0	2.889	0	0	0	0	3.841	0	0	0	0	2.82	0	0	0	0	0.667	0	0	0	0	0.667	0	0	0	0	0.333	0	0	0	0	0	0	0	0	0	0	0	0	0.898	0.252
0	0	0	1.913	0	0	0	0	1.913	0	0	0	0	1.021	0	0	0	0	0	0	0	0	0	0	0	0	0	0	0	0	0.6	0.4	0.2	0	0	0.6	0	0	0	0	0	0.576
0	0	0.921	0	0.892	0	0	1.876	0	0.892	0	0	0.955	0	0	0	0	1	0	0	0	0	1	0	0	0	0	0	0	0	0	0	0	0	0.222	0	0	0	0	0	0	0.646
0	0	9.719	0	0	0	0	9.719	0	0	0	0	5.813	0	0	0	0	0.727	0	0	0	0	0.689	0	0	0	0	0.333	0	0	0.2	0.143	0	0	0.4	0.2	0.571	0.333	0.2	0.8	0	0.645
0	0	0	2.817	3.84	0	0	0	2.817	2.948	0	0	0	0	0.892	0	0	0	0.667	0.833	0	0	0	0.667	0.667	0	0	0	0	0	0	0.6	0.6	0.6	0	0.25	0.6	0	0.8	0	0	0.763
34.698	18.019	0	1.844	5.101	39.273	21.054	0	2.73	7.658	8.259	5.27	0	1.827	3.727	0.283	0.421	0	0.333	0.905	0.279	0.416	0	0.333	0.905	0.286	0.5	0	0	0.667	0.667	0.333	0.25	1	0.889	0.667	0.333	0.75	0.2	0.444	0	0.310
0.992	0	0	0	0.927	0.992	0	0	0	0.927	0	0	0	0	0.927	0	0	0	0	0	0	0	0	0	0	0	0	0	0	0	0	0.333	0.8	0	0	0	0.333	0.8	0.25	0	0.556	0.246
0	0	0	0	0	0	0	0	0	0	0	0	0	0	0	0	0	0	0	0	0	0	0	0	0	0	0	0	0	0	0	0	0	0	0	0	0	0	0	0	0.718	0.239
0	0	0	0	0	0	0	0	0	0	0	0	0	0	0	0	0	0	0	0	0	0	0	0	0	0	0	0	0	0	0	0	0	0	0	0	0	0	0	0	0.714	0.207
0	0	0	0.98	0	0	0	0	0.98	0	0	0	0	0.98	0	0	0	0	0	0	0	0	0	0	0	0	0	0	0	0	0	0	0	0	0	0	0	0	0	0	0.418	0.212
5.452	0	29.76	23.565	0	10.541	0.878	33.59	27.067	0.974	8.694	1.905	19.013	15.957	1.982	0.709	1	0.288	0.379	1	0.709	0	0.304	0.425	0	0.5	1	0.206	0.276	1	0.556	0	0.111	0	0	0	0	0	0	0	0.419	0.280
0	0.927	2.735	0	2.817	0	0.927	2.735	0	2.817	0	0.927	0.941	0	0	0	0	0	0	0.667	0	0	0	0	0.667	0	0	0	0	0	0.75	0.25	1	0.4	0.6	1	1	1	0.6	0.8	0	0.945
0	0	5.094	0	0	0	0.997	7.926	0	0	0	0.997	6.081	0	0	0	0	0.214	0	0	0	0	0.179	0	0	0	0	0.067	0	0	0	0	0	0	0	0	0	0	0	0	0	0.464
0	1.032	0.908	0	0	0	1.979	1.855	0	0	0	1.979	1.855	0	0	0	0	0	0	0	0	0	0	0	0	0	0	0	0	0	0	0	0.5	0	0	0	0	0	0	0	0.896	0.155
27.456	1.938	0.878	23.108	3.411	24.393	2.854	0.878	24.289	1.875	12.413	2.854	0.878	7.468	3.667	0.269	1	0	0.391	0.667	0.337	1	0	0.387	1	0.197	0.667	0	0.524	0.667	0.2	0	0.143	0.714	0.714	0	0	0	0	0.857	0	0.460
0	0	0	0	13.277	0	0	0	0	10.632	0	0	0	0	5.584	0	0	0	0	0.582	0	0	0	0	0.564	0	0	0	0	0.3	0.25	0	0	0.667	0	0	0	0.5	1	0	0	0.345
3.608	9.752	5.569	5.705	0	7.593	13.04	10.869	9.931	0	4.862	5.305	6.368	6.137	0	0.786	0.705	0.818	0.622	0	0.75	0.692	0.8	0.6	0	0.6	0.5	0.6	0.467	0	0.143	0.6	0	0	0	0	0.6	0	0	0	0.557	0.256
0	19.172	0	0	0	0	20.081	0	0	0	0	5.117	0	0	0	0	0.424	0	0	0	0	0.447	0	0	0	0	0.1	0	0	0	0	0	0	0	0	0	0.667	0	0	0	0.554	0.223
2.796	0.902	0	0	0.929	3.709	0	0	0	1.843	2.826	0.902	0	0	0.913	0	0	0	0	0	0	0	0	0	0	0	0	0	0	0	0.5	0.4	0.2	0.333	0.286	0	0	0	1	0	0	0.336
3.653	0.932	0	6.68	0	3.653	0.932	0	6.68	0	0.9	0	0	2.103	0	0.833	0	0	0.619	0	0.833	0	0	0.619	0	0	0	0	1	0	0.5	0.25	0	0.25	0.2	0	0.5	0	0.125	0	0	0.336
19.589	15.731	0	0	4.955	17.23	17.713	0	0.895	3.902	15.067	11.064	0	0.895	3.996	0.616	0.549	0	0	0.81	0.654	0.523	0	0	1	0.308	0.364	0	0	0.333	0.444	0	0	0	0.5	0.444	0	0	0	0	0	0.487
0	0	0	2.029	0	0	0	0	2.029	0	0	0	0	1.079	0	0	0	0	1	0	0	0	0	1	0	0	0	0	0	0	0	0	0	0.2	0.222	0	0	0	0.4	0	0	0.491
0	0.927	1.789	0	0	0	0.927	1.789	0	0	0	0.927	0.891	0	0	0	0	0	0	0	0	0	0	0	0	0	0	0	0	0	0	0	0	0.8	0	0	0	0	0.8	0	0.417	0.458
3.639	0	0	0	0.898	3.639	0	0	0	0.898	1.825	0	0	0	0	0.3	0	0	0	0	0.5	0	0	0	0	0	0	0	0	0	0.625	0	0	0.2	0.2	0.375	0	0	0	0.2	0	0.372
29.391	0	0	0	6.067	31.316	0	0	0	6.07	9.096	0	0	0	1.883	0.409	0	0	0	0.619	0.4	0	0	0	0.867	0.286	0	0	0	0	0.8	0	0	0.2	0.333	0.8	0	0.8	0	0	0.117	0.347
0	0	0	0	0	0.886	0	0	0	0.905	0.886	0	0	0	0.905	0	0	0	0	0	0	0	0	0	0	0	0	0	0	0	0	0	0	0	0	0	0	0	0	0	0.9	0.282
0	0	0.992	0	0	0	0	0.992	0	0	0	0	0	0	0	0	0	0	0	0	0	0	0	0	0	0	0	0	0	0	0.333	0	0	0.4	0.8	0.333	0.25	0	0	0.8	0.714	0.751
0.884	0	0	1.412	0	1.77	0	0	0	0	0.886	0	0	1.412	0	1	0	0	0	0	1	0	0	0	0	0	0	0	0	0	0.333	0.25	0.6	0	0.875	0	0.5	1	0	0.75	0	0.196
2.073	0	0	0.934	0	3.07	0	0	1.931	0	2.158	0	0	1.931	0	0.667	0	0	1	0	0.667	0	0	1	0	1	0	0	1	0	0	0	0	0	0	0	0	0	0	0	0.713	0.330
0	0	0	0	0	0	0	0	0.963	0	0	0	0	0.963	0	0	0	0	0	0	0	0	0	0	0	0	0	0	0	0	0	0.2	0.2	0	0	0	0	0	0	0	0.292	0.219
10.956	0	2.981	1.832	10.172	16.7	0	2.981	2.922	11.077	5.79	0	0	2.02	1.807	0.382	0	1	0.667	0.745	0.36	0	0.667	0.667	0.709	0.067	0	0	0	0	0	0	0	0	0.5	0	0	0.125	0	0.375	0.415	0.158
0	1.062	0	0	0.927	0	0	0	0	0.927	0	1.062	0	0	0.927	0	0	0	0	0	0	0	0	0	0	0	0	0	0	0	0.2	0.25	0.4	0.2	0.25	0.6	0	0.6	0.2	1	0	0.595
2.849	1.326	0	0	0	2.849	1.326	0	0	0	0.997	2.242	0	0	0	1	1	0	0	0	1	0	0	0	0	0	1	0	0	0	0	0	0	0.2	0	0	0	0	0	0	0.294	0.300
10.167	1.988	0	3.026	2.735	13.732	2.036	1.845	1.115	4.76	7.218	2.998	1.845	3.026	2.926	0.692	1	1	1	0.8	0.681	1	1	0	0.8	0.476	1	1	1	0.667	0.111	0.5	0.143	0	0	0	0	0.286	0	0.8	0.299	0.262
0	0	3.84	0	12.151	0	0	2.948	0	9.836	0	0	0.892	0	2.315	0	0	0.833	0	0.485	0	0	0.667	0	0.689	0	0	0	0	0	0.6	0	0	0.6	0	0	0.25	0	0.6	0	0	0.663
0	0	0	5.636	0	0.902	0	0	6.538	0	0.902	0	0	1.98	0	0	0	0	0.286	0	0	0	0	0.286	0	0	0	0	0	0	0	0	0	0	0	0	0	0	0	0	0.899	0.118
44.299	0	0	0.882	10.755	47.545	0.915	0	0.882	12.759	8.565	0.915	0	0.882	8.117	0.288	0	0	0	0.692	0.273	0	0	0	0.628	0.107	0	0	0	0.536	0.8	0.4	0.4	0	0.2	0.4	0.4	0	0	0	0.298	0.269
12.234	0	3.593	5.569	23.565	20.912	0	6.621	10.869	27.067	12.862	0	5.706	6.368	15.957	0.584	0	0.714	0.818	0.379	0.574	0	0.714	0.8	0.425	0.379	0	0.333	0.6	0.276	0	0	0	0	0	0	0	0	0	0	0	0.262
0.884	0	6.642	12.461	0	0.884	0	10.915	14.425	0	0	0	5.184	6.478	0	0	0	0.891	0.619	0	0	0	0.891	0.703	0	0	0	0.7	0.333	0	0	0.4	0.444	0.6	0.75	0	0	0	0.4	0	0.196	0.201
0.908	0	0	1.032	0	1.855	0	0	1.979	0	1.855	0	0	1.979	0	0	0	0	0	0	0	0	0	0	0	0	0	0	0	0	0.5	0	0	0	0	0	0	0	0	0	0.198	0.158
0	0	0.951	0	0.951	0	0	1.872	0	1.937	0	0	0.921	0	0.987	0	0	1	0	1	0	0	1	0	1	0	0	0	0	0	0.6	0	0	1	0	0	0	0	0	0	0	0.515
0.916	0	0	0	0	0.916	0	0	0	0	0.916	0	0	0	0	0	0	0	0	0	0	0	0	0	0	0	0	0	0	0	0	0	0.2	0	0	0	0	0.2	0	0	0.197	0.119
0	0	0	0	0	0	0	0	0	0	0	0	0	0	0	0	0	0	0	0	0	0	0	0	0	0	0	0	0	0	0	0	0	0	0	0	0	0	0	0	0.415	0.213
0	9.719	0	0	22.343	0	9.719	0	0	20.134	0	5.813	0	0	10.571	0	0.727	0	0	0.391	0	0.689	0	0	0.405	0	0.333	0	0	0.267	0.4	0	0.889	0.2	0.4	0.8	0.333	1	0.2	0.4	0	0.762
0	0	0	17.557	15.731	0.958	0	0.895	24.744	17.713	0.958	0	0.895	10.33	11.064	0	0	0	0.413	0.549	0	0	0	0.387	0.523	0	0	0	0.467	0.364	0	0	0	0	0	0.6	0	0	0	0	0	0.625
0	0	0	0.911	3.639	0	0	0	0	3.639	0	0	0	0.911	1.825	0	0	0	0	0.3	0	0	0	0	0.5	0	0	0	0	0	0.2	0	0	0.2	0.625	0	0	0	0	0.375	0	0.623
0.915	1.035	0	6.783	0	0	1.035	0	5.529	0	0.915	1.035	0	5.142	0	0	0	0	0.639	0	0	0	0	0.533	0	0	0	0	0.4	0	0	0	0	0	0	0	0	0	0	0	0	0.363
1.9	1.214	4.661	2.511	3.026	0.904	0	4.661	0	1.115	1.9	1.214	2.768	2.511	3.026	1	0	0.8	1	1	0	0	0.8	0	0	1	0	0.667	1	1	0.2	0.2	0.6	1	0	0	0	0	1	0	0	0.418
0	0.915	0	1.035	0.934	0	0	0	1.035	1.931	0	0.915	0	1.035	1.931	0	0	0	0	1	0	0	0	0	1	0	0	0	0	1	0	0	0	0	0	0	0	0	0	0	0.292	0.231
2.302	0	0.91	2.815	0	1.155	0	0.91	1.924	0	2.538	0	0.91	3.176	0	0.333	0	0	0.2	0	0	0	0	1	0	1	0	0	0.333	0	0.4	0.2	0	0.5	0.25	0.8	0.4	0.25	0.375	0.25	0	0.544
1.134	0	0	6.221	0	3.092	0	0	9.281	0	2.179	0	0	6.146	0	1	0	0	0.472	0	1	0	0	0.444	0	1	0	0	0.2	0	0	0	0.2	0.4	0	0.2	0	0.4	0.6	0	0	0.505
0	0.92	0.878	0	0	0	0.92	0.878	0	0	0	0.92	0.878	0	0	0	0	0	0	0	0	0	0	0	0	0	0	0	0	0	0	0	0	0	0.2	0	0	0	0	0.2	0	0.509
11.461	0	21.875	29.76	7.601	17.86	0.974	26.483	33.59	15.111	11.448	1.982	11.198	19.013	11.421	0.51	1	0.49	0.288	0.619	0.503	0	0.477	0.304	0.581	0.364	1	0.333	0.206	0.345	0	0	0	0.111	0	0	0	0	0	0	0	0.212
1.832	3.693	0	0	10.956	2.922	5.481	0	0	16.7	2.02	2.717	0	0	5.79	0.667	0.6	0	0	0.382	0.667	0.6	0	0	0.36	0	0	0	0	0.067	0	0	0	0	0	0	0	0	0	0	0.294	0.304
0	0.929	0	0	0	0	1.843	0	0	0	0	0.913	0	0	0	0	0	0	0	0	0	0	0	0	0	0	0	0	0	0	0	0.286	0	0.2	0	0	0	0	0	0	0	0.273
0.902	0	2.796	5.101	0	0	0	3.709	7.658	0	0.902	0	2.826	3.727	0	0	0	0	0.905	0	0	0	0	0.905	0	0	0	0	0.667	0	0.4	0.333	0.5	0.889	0.2	0	1	0	0.444	0	0	0.478
0	0	0	0	1.032	0	0	0	0	1.979	0	0	0	0	1.979	0	0	0	0	0	0	0	0	0	0	0	0	0	0	0	0	0	0	0.4	0	0	0	0	0.8	0	0.554	0.096
11.996	26.382	1.803	1.801	29.293	19.141	34.821	2.871	4.714	35.735	9.915	13.565	1.964	4.714	11.823	0.585	0.379	0.667	0.8	0.413	0.567	0.373	0.667	0.7	0.405	0.356	0.364	1	0.3	0.6	0	0	0.2	0.25	0	0	0	0.6	0	0	0.298	0.259
0	0.957	16.539	2.039	0	0	1.849	18.386	0.935	0	0	0.892	3.191	2.974	0	0	1	0.464	0.333	0	0	1	0.451	0	0	0	0	0.333	0.333	0	0.6	0	0	0.6	0	0.6	0	0	0.2	0	0.419	0.534
3.693	0	1.832	5.094	0	5.481	0	2.922	7.926	0	2.717	0	2.02	6.081	0	0.6	0	0.667	0.214	0	0.6	0	0.667	0.179	0	0	0	0	0.067	0	0	0	0	0	0	0	0	0	0	0	0.197	0.242
0	0	0.934	0.915	0	0	0	1.931	0	0	0	0	1.931	0.915	0	0	0	1	0	0	0	0	1	0	0	0	0	1	0	0	0	0	0	0	0	0	0	0	0	0	0	0.545
0.878	0	0	0.92	0	0.878	0	0	0.92	0	0.878	0	0	0.92	0	0	0	0	0	0	0	0	0	0	0	0	0	0	0	0	0	0	0.2	0	0	0	0	0.2	0	0	0.298	0.177
29.76	5.452	0	0	11.461	33.59	10.541	0.974	0.878	17.86	19.013	8.694	1.982	1.905	11.448	0.288	0.709	1	1	0.51	0.304	0.709	0	0	0.503	0.206	0.5	1	1	0.364	0.111	0.556	0	0	0	0	0	0	0	0	0.556	0.103
0	0.916	0	0	0	0	0.916	0	0	0	0	0.916	0	0	0	0	0	0	0	0	0	0	0	0	0	0	0	0	0	0	0.2	0	0	0	0	0.2	0	0	0	0	0	0.314
0	0	1.412	2.856	0	0	0	0	0.891	0	0	0	1.412	1.965	0	0	0	0	0.333	0	0	0	0	0	0	0	0	0	0	0	0	0.2	0	0.25	0.25	0	0.2	0	0	0.5	0.418	0.217
0.878	27.456	3.411	1.938	0.92	0.878	24.393	1.875	2.854	0.92	0.878	12.413	3.667	2.854	0.92	0	0.269	0.667	1	0	0	0.337	1	1	0	0	0.197	0.667	0.667	0	0.143	0.2	0.714	0	0	0	0	0.857	0	0	0.418	0.209
0	0	0	0.916	0	0	0	0	0.916	0	0	0	0	0.916	0	0	0	0	0	0	0	0	0	0	0	0	0	0	0	0	0	0.2	0	0	0	0	0.2	0	0	0.111	0	0.287
0	0.892	0	0.921	14.281	0	0.892	0	1.876	15.236	0	0	0	0.955	3.046	0	0	0	1	0.527	0	0	0	1	0.495	0	0	0	0	0	0	0.222	0.4	0	0.2	0	0	0.2	0	0	0	0.514
0.927	0	0	0.992	1.789	0.927	0	0	0.992	1.789	0.927	0	0	0	0.891	0	0	0	0	0	0	0	0	0	0	0	0	0	0	0	0	0.8	0	0	0	0	0.8	0	0	0	0.199	0.795
0.921	0	0.892	0	0	1.876	0	0.892	0	0	0.955	0	0	0	0	1	0	0	0	0	1	0	0	0	0	0	0	0	0	0	0	0	0.222	0	0	0	0	0	0	0	0.298	0.245
0	0	0	0	0	0	0	0	0	0	0	0	0	0	0	0	0	0	0	0	0	0	0	0	0	0	0	0	0	0	0	0	0	0	0	0	0	0	0	0	0	0.436
0	3.891	28.156	17.367	23.108	0	8.061	33.447	16.554	24.289	0	6.254	6.213	6.907	7.468	0	0.821	0.341	0.561	0.391	0	0.786	0.331	0.617	0.387	0	0.467	0.333	0.467	0.524	0.286	0	0	0.778	0.714	0.429	0	0	0	0	0.418	0.498
0	4.955	0.937	0	3.994	0	3.902	0.937	0	3.994	0	3.996	0.937	0	2.096	0	0.81	0	0	0.5	0	1	0	0	0.5	0	0.333	0	0	1	0	0.5	0.111	0	0.2	0	0	0	0	0	0	0.538
1.913	0	0	0	0	1.913	0	0	0	0	1.021	0	0	0	0	0	0	0	0	0	0	0	0	0	0	0	0	0	0	0	0	0	0.4	0	0.6	0	0	0	0	0.6	0.2	0.212
0	0	0	0	29.391	0	0	0	0	31.316	0	0	0	0	9.096	0	0	0	0	0.409	0	0	0	0	0.4	0	0	0	0	0.286	0.2	0.6	0	0.4	0.8	0	0.6	0	0	0.8	0	0.612
1.822	1.09	44.884	13.997	4.817	1.822	1.09	49.314	17.634	3.694	0	0	12.652	9.783	3.074	1	0	0.232	0.515	0.733	1	0	0.224	0.463	0.667	0	0	0.182	0.528	0.667	0	0.286	0.714	0.25	0.2	0	1	0.714	0.25	0.2	0	0.390
0	0	0	0.879	0	0	0	0	0	0	0	0	0	0.879	0	0	0	0	0	0	0	0	0	0	0	0	0	0	0	0	0	0	0	0.25	0	0	0	0.143	0	0	0.296	0.271
4.955	0	0	19.589	0.937	3.902	0	0	17.23	0.937	3.996	0	0	15.067	0.937	0.81	0	0	0.616	0	1	0	0	0.654	0	0.333	0	0	0.308	0	0.5	0	0	0.444	0.111	0	0	0	0.444	0	0	0.546
0	0	0	0	0.937	0	0	0	0	0.937	0	0	0	0	0.937	0	0	0	0	0	0	0	0	0	0	0	0	0	0	0	0	0	0.333	0	0	0	0	0.333	0	0	0.713	0.244
0	0	0	0	9.373	0	0.886	0.905	0	9.373	0	0.886	0.905	0	4.368	0	0	0	0	0.5	0	0	0	0	0.467	0	0	0	0	0.167	0	0	0	0	0	0	0	0	0	0	0.899	0.220
2.981	10.956	10.172	0	6.05	2.981	16.7	11.077	0	4.805	0	5.79	1.807	0	5.18	1	0.382	0.745	0	0.619	0.667	0.36	0.709	0	0.6	0	0.067	0	0	0.3	0	0	0.5	0	0	0.125	0	0.375	0	0	0	0.329
0.951	0	0.951	0	5.705	1.872	0	1.937	0	9.931	0.921	0	0.987	0	6.137	1	0	1	0	0.622	1	0	1	0	0.6	0	0	0	0	0.467	0	0.6	0	0	0	0	0	0	0	0	0.415	0.240
0	0	0	0	0	0	0	0	0	0	0	0	0	0	0	0	0	0	0	0	0	0	0	0	0	0	0	0	0	0	0	0	0	0.2	0	0	0	0	0	0	0.195	0.207
0	29.76	11.461	5.452	21.875	0.974	33.59	17.86	10.541	26.483	1.982	19.013	11.448	8.694	11.198	1	0.288	0.51	0.709	0.49	0	0.304	0.503	0.709	0.477	1	0.206	0.364	0.5	0.333	0	0.111	0	0.556	0	0	0	0	0	0	0	0.511
3.593	12.234	23.565	0	0	6.621	20.912	27.067	0	0.878	5.706	12.862	15.957	0	1.905	0.714	0.584	0.379	0	1	0.714	0.574	0.425	0	0	0.333	0.379	0.276	0	1	0	0	0	0	0	0	0	0	0	0	0.556	0.243
0	2.849	0	1.326	0	0	2.849	0	1.326	0.886	0	0.997	0	2.242	0.886	0	1	0	1	0	0	1	0	0	0	0	0	0	1	0	0	0	0	0	0	0	0	0	0	0	0.415	0.105
1.835	4.916	0.879	0	0	2.806	4.916	0	0	0	1.912	1.082	0.879	0	0	1	0.9	0	0	0	0.667	0.9	0	0	0	1	0	0	0	0	0	0	0.25	0	0	0	0	0	0.25	0	0.415	0.283
0	0	0	5.094	0	0	0	0	5.094	0	0	0	0	1.927	0	0	0	0	0.9	0	0	0	0	0.9	0	0	0	0	0	0	0.4	0.5	0	0.2	0.333	0	0.25	0.25	0.6	0.333	0	0.598
0	0	2.856	0	0	0	0	0.891	0	0	0	0	1.965	0	0	0	0	0.333	0	0	0	0	0	0	0	0	0	0	0	0	0	0	0.25	0	0.2	0	0.2	0	0	0.2	0.419	0.211
3.411	0.878	0.92	27.456	0	1.875	0.878	0.92	24.393	0	3.667	0.878	0.92	12.413	0	0.667	0	0	0.269	0	1	0	0	0.337	0	0.667	0	0	0.197	0	0.714	0.143	0	0.2	0	0.857	0	0	0	0	0.557	0.626
7.601	21.875	1.801	11.461	26.382	15.111	26.483	4.714	17.86	34.821	11.421	11.198	4.714	11.448	13.565	0.619	0.49	0.8	0.51	0.379	0.581	0.477	0.7	0.503	0.373	0.345	0.333	0.3	0.364	0.364	0	0	0.25	0	0	0	0	0	0	0	0	0.406
0	0	0	19.172	0	0	0	0	20.081	0.909	0	0	0	5.117	0.909	0	0	0	0.424	0	0	0	0	0.447	0	0	0	0	0.1	0	0	0	0	0	0	0	0	0	0.667	0	0.714	0.675
0	0	4.765	0	0	0	0	4.765	0	0	0	0	2.961	0	0	0	0	0.6	0	0	0	0	0.5	0	0	0	0	0.333	0	0	0	0	0	0	0	0	0	0	0	0	0.417	0.264
0	0	0	0	0	0	0	0	0	0	0	0	0	0	0	0	0	0	0	0	0	0	0	0	0	0	0	0	0	0	0	0	0	0	0	0	0	0	0	0	0.558	0.184
0	2.889	6.129	0	0.98	0	3.841	7.081	0	0.98	0	2.82	2.233	0	0.98	0	0.667	0.762	0	0	0	0.667	0.762	0	0	0	0.333	1	0	0	0	0	0	0	0	0	0	0.2	0	0	0.718	0.199
6.559	0	0	1.019	10.205	5.664	0	0	1.019	11.888	5.83	0	0	1.019	11.927	0.694	0	0	0	0.833	0.733	0	0	0	0.891	0.4	0	0	0	0.491	0.25	0	0.333	0	0.25	0.75	0	0.333	0	0.75	0.197	0.339
0	17.557	0	0	0	0	24.744	0.958	1.907	0.895	0	10.33	0.958	1.907	0.895	0	0.413	0	0	0	0	0.387	0	0	0	0	0.467	0	0	0	0	0	0	0	0	0	0	0.6	0	0	0	0.704
2.735	0	2.817	0.927	0	2.735	0	2.817	0.927	0	0.941	0	0	0.927	0	0	0	0.667	0	0	0	0	0.667	0	0	0	0	0	0	0	1	0.75	0.6	0.25	0.6	1	1	0.8	1	0.6	0	0.576
0	0	0	0	0	0	0	0	0	0	0	0	0	0	0	0	0	0	0	0	0	0	0	0	0	0	0	0	0	0	0	0	0	0	0	0	0	0	0	0	0	0.420
0.911	5.673	0	0	0	0	5.673	0	0	0	0.911	2.917	0	0	0	0	0.333	0	0	0	0	0.333	0	0	0	0	0.333	0	0	0	0.2	0.4	0	0	0.2	0	0.2	0	0	0	0	0.394
0.91	2.302	0	0	6.68	0.91	1.155	0	0	6.68	0.91	2.538	0	0	2.103	0	0.333	0	0	0.619	0	0	0	0	0.619	0	1	0	0	1	0	0.4	0.25	0.2	0.25	0.25	0.8	0.25	0.4	0.125	0.2	0.222
3.84	0	12.151	0	0	2.948	0	9.836	0	0	0.892	0	2.315	0	0	0.833	0	0.485	0	0	0.667	0	0.689	0	0	0	0	0	0	0	0	0.6	0	0	0	0	0	0	0.25	0	0	0.201
1.062	0	0	0	0	0	0	0	0	0	1.062	0	0	0	0	0	0	0	0	0	0	0	0	0	0	0	0	0	0	0	0.25	0.2	0.2	0	0.4	0	0.2	0.6	0	0.6	0	0.338
0	0	0	0	0	0	0	0	0	0	0	0	0	0	0	0	0	0	0	0	0	0	0	0	0	0	0	0	0	0	0	0	0	0	0	0	0	0	0	0	0.419	0.171
5.094	0	0	0	3.693	7.926	0	0	0.997	5.481	6.081	0	0	0.997	2.717	0.214	0	0	0	0.6	0.179	0	0	0	0.6	0.067	0	0	0	0	0	0	0	0	0	0	0	0	0	0	0	0.128
0	0.911	0	5.673	0	0	0	0	5.673	0	0	0.911	0	2.917	0	0	0	0	0.333	0	0	0	0	0.333	0	0	0	0	0.333	0	0	0.2	0.2	0.4	0	0	0	0	0.2	0	0.299	0.160
0	6.221	1.134	0	0	0	9.281	3.092	0	0	0	6.146	2.179	0.93	0	0	0.472	1	0	0	0	0.444	1	0	0	0	0.2	1	0	0	0	0.4	0	0	0.2	0	0.6	0.2	0.6	0.4	0	0.911
