2.857	1.393	11.167	0	1.353	0.904	0	14.432	0	1.353	3.873	1.393	10.624	0	1.353	0.333	0	0.524	0	0	0	0	0.467	0	0	0.167	0	0.289	0	0	0.8	0.333	0.4	0	0	0.4	0.667	0.2	0	0	0	0.478
0	25.639	10.062	2.114	2.23	2.126	34.043	15.242	1.902	0	2.126	20.298	9.152	2.994	2.23	0	0.209	0.4	0.667	0	0	0.185	0.429	1	0	0	0.192	0.476	0.667	0	0.2	0.333	0	0	1	0.6	0	0	0	1	0.198	0.409
8.352	0.986	0	0	0	3.791	0.986	0	0	0	7.574	0.986	0	0	0	0.714	0	0	0	0	0.833	0	0	0	0	0.7	0	0	0	0	0.4	0	0	0	0	0.2	0	0	0	0	0.056	0.248
0	0	0	0	0	0	0	0	0	0	0	0	0	0	0	0	0	0	0	0	0	0	0	0	0	0	0	0	0	0	0	0	0	0	0	0	0	0	0	0.222	0.897	0.999
1.792	0	0	0	1.068	1.792	0	0	0	1.068	1.792	0	0	0	1.068	0	0	0	0	0	0	0	0	0	0	0	0	0	0	0	0	0	0	0	0	0	0	0	0	0	0.3	0.367
0	0	0	0	0	0	0	0	0	0	0	0	0	0	0	0	0	0	0	0	0	0	0	0	0	0	0	0	0	0	0	0	0	0	0	0	0	0	0	0	0.718	0.940
1.664	0	8.419	1.779	11.237	3.94	2.716	13.273	4.635	19.333	3.94	2.716	7.381	4.635	11.352	0.333	0.667	0.374	0.6	0.295	0.333	0.667	0.374	0.6	0.289	0.333	0.667	0.238	0.6	0.333	0.4	0.875	0	1	0.4	0	0.875	0	0.667	0.4	0.298	0.240
0	5.11	0	0	0	1.448	9.401	4.143	0	5.239	3.23	9.401	4.143	0	5.239	0.333	0.333	0.5	0	0.3	0	0.333	0.5	0	0.2	0.333	0.333	0.5	0	0.3	0.2	0	0	0	0	0.2	0	0	0	0	0	0.380
0	0.715	0	0	1.913	0	0.715	1.122	0	1.913	0	0.715	1.122	0	1.913	0	0	0	0	0	0	0	0	0	0	0	0	0	0	0	0	0.25	0	0	0	0.4	0	0.286	0	0	0	0.660
0	8.337	0	0	0	0	7.998	2.129	4.575	0	0	8.137	2.129	4.575	0	0	0.394	1	0.5	0	0	0.472	1	0.5	0	0	0.25	1	0.5	0	0	0.25	0	0.333	0	0	0	0	0.111	0	0.716	0.142
0	0	5.228	1.068	0	0	1.173	7.524	1.068	0	0	1.173	6.013	1.068	0	0	0	0.429	0	0	0	0	0.429	0	0	0	0	0.267	0	0	0.4	0	0	0	0	0.2	0	0	0	0	0	0.524
0	0	0	1.077	0	0	0	0	1.077	0	0	0	0	1.077	0	0	0	0	0	0	0	0	0	0	0	0	0	0	0	0	0	0	0	0.8	0	0	0	0	1	0	0.556	0.125
1.913	0	12.227	0	0	1.913	1.122	9.592	0	0	1.913	1.122	8.985	0	0	0	0	0.231	0	0	0	0	0.289	0	0	0	0	0.111	0	0	0	0	0.333	0	0.333	0	0.286	0.667	0.4	0.667	0.419	0.193
0	0	4.849	0	1.077	0	0	1.528	0	1.077	0	0	3.322	0	1.077	0	0	0.5	0	0	0	0	1	0	0	0	0	0.333	0	0	0	0	0.333	0	0.8	0	0	0.333	0	1	0.556	0.280
0.843	2.23	0	10.062	1.625	2.47	0	0	15.242	2.94	2.47	2.23	0	9.152	2.94	1	0	0	0.4	1	1	0	0	0.429	1	0.667	0	0	0.476	1	0	1	0	0	0	0.4	1	0	0	0	0.42	0.415
0	0	0	0	0	0	0	0	0	0	0	0	0	0	0	0	0	0	0	0	0	0	0	0	0	0	0	0	0	0	0	0	0	0	0	0	0	0	0	0	0.893	0.985
0	2.594	0	0	0	0	2.594	0	1.275	0	0	2.594	0	1.275	0	0	0	0	0	0	0	0	0	0	0	0	0	0	0	0	0.5	0	0	0	0	0.25	0	0	0	0	0	0.837
0	0	0	0	0	0	0	0	0	0	0	0	0	0	0	0	0	0	0	0	0	0	0	0	0	0	0	0	0	0	0	0	0	0	0	0	0	0	0.8	0	0.718	0.984
0	0	0	0	0	0	0	0	0	0	0	0	0	0	0	0	0	0	0	0	0	0	0	0	0	0	0	0	0	0	0	0	0	0	0	0	0	0	0	0	0.296	0.740
0	5.115	9.864	0	1.372	0	8.833	13.506	0	0	0	4.626	8.491	0	1.372	0	0.694	0.484	0	0	0	0.694	0.451	0	0	0	0.667	0.286	0	0	0.8	0.25	0	0	1	0.4	0	0	0	1	0.419	0.410
2.647	0	5.874	0	10.57	5.004	1.797	8.618	0.793	15.919	3.447	1.797	3.679	0.793	8.076	0.8	0	0.533	0	0.383	0.8	0	0.533	0	0.358	1	0	0.167	0	0.179	0.333	0.625	0.333	0	0	0.444	0.75	0.222	0.286	0	0.298	0.180
0	0	0	0	0	0	0	0	0	0	0	0	0	0	0	0	0	0	0	0	0	0	0	0	0	0	0	0	0	0	0	0	0	0	0	0	0	0	0	0	0.717	0.980
0	3.95	1.353	1.625	0.829	0	5.631	2.166	2.94	0.829	0	4.036	2.166	2.94	0.829	0	0.333	0	1	0	0	0.333	0	1	0	0	0.167	0	1	0	0.333	0.25	0	0	0.25	0	0	0	0	0.25	0.56	0.633
0	0	1.913	0.715	12.227	1.122	0	1.913	0.715	9.592	1.122	0	1.913	0.715	8.985	0	0	0	0	0.231	0	0	0	0	0.289	0	0	0	0	0.111	0	0	0	0.25	0.333	0.286	0.4	0	0	0.667	0.299	0.130
0	4.866	1.892	2.702	0.714	0	3.65	4.082	1.583	0	0	5.741	4.082	1.867	0.714	0	0.667	0.333	0.333	0	0	0.5	0	1	0	0	0.6	0.333	0	0	0	0	0	0.6	0.2	0	0.2	0	0.4	0	0.296	0.221
0	0	0	12.227	0	0.932	0	0.793	9.592	1.797	0.932	0	0.793	8.985	1.797	0	0	0	0.231	0	0	0	0	0.289	0	0	0	0	0.111	0	0.2	0.333	0	0.333	0.625	0.8	0.667	0.286	0.667	0.75	0.117	0.679
0	0	0	0	0	0	0	0	0	0	0	0	0	0	0	0	0	0	0	0	0	0	0	0	0	0	0	0	0	0	0	0	0	0	0	0	0	0	0	0	0.898	0.577
0	7.122	1.779	0.899	0	0	7.974	4.635	0.899	2.716	0	7.974	4.635	0.899	2.716	0	0.464	0.6	0	0.667	0	0.429	0.6	0	0.667	0	0.393	0.6	0	0.667	0	0.625	1	0	0.875	0	0.375	0.667	0	0.875	0.893	0.290
1.393	0	2.857	8.025	11.167	0	0	0.904	9.513	14.432	1.393	0	3.873	4.774	10.624	0	0	0.333	0.75	0.524	0	0	0	0.75	0.467	0	0	0.167	0.5	0.289	0.333	0	0.8	0	0.4	0.667	0	0.4	0.333	0.2	0.198	0.539
0	1.068	0	0	5.228	1.173	1.068	0	0	7.524	1.173	1.068	0	0	6.013	0	0	0	0	0.429	0	0	0	0	0.429	0	0	0	0	0.267	0	0	0.4	0	0	0	0	0.2	0	0	0.419	0.340
0	0	0	2.594	1.792	0	0	0	2.594	1.792	0	0	0	2.594	1.792	0	0	0	0	0	0	0	0	0	0	0	0	0	0	0	0	0.5	0	0	0	0	0.25	0	0	0	0.556	0.173
0	0	0	0	0	0	0	0	0	0	0	0	0	0	0	0	0	0	0	0	0	0	0	0	0	0	0	0	0	0	0	0	0	0	0	0	0	0	0	0	0.554	0.862
0	0.952	4.707	3.81	0	0	0.952	5.704	3.81	0	0	0.952	4.968	3.81	0	0	0	0.267	0.5	0	0	0	0.267	0.5	0	0	0	0.2	0.5	0	0	0	0.2	0	0.5	0	0	0.2	0	0.25	0.42	0.214
2.114	11.237	25.639	8.419	0	1.902	19.333	34.043	13.273	2.126	2.994	11.352	20.298	7.381	2.126	0.667	0.295	0.209	0.374	0	1	0.289	0.185	0.374	0	0.667	0.333	0.192	0.238	0	0	0.4	0.333	0	0.2	0	0.4	0	0	0.6	0	0.602
0.986	0	8.352	0	0	0.986	0	3.791	0	0	0.986	0	7.574	0	0	0	0	0.714	0	0	0	0	0.833	0	0	0	0	0.7	0	0	0	0	0.4	0	0	0	0	0.2	0.4	0	0.297	0.106
0	0	0	0	-1	0	0	0	0	-1	0	0	0	0	-1	0	0	0	0	-1	0	0	0	0	-1	0	0	0	0	-1	0	0	0	0	-1	0.222	0	0.25	0	-1	0.898	1.000
5.874	2.647	10.57	0	0	8.618	5.004	15.919	1.797	0	3.679	3.447	8.076	1.797	0	0.533	0.8	0.383	0	0	0.533	0.8	0.358	0	0	0.167	1	0.179	0	0	0.333	0.333	0	0.625	0	0.222	0.444	0	0.75	0	0.419	0.249
1.599	1.046	0	6.981	0	6.691	0	0.877	13.885	4.575	6.691	2.764	0.877	11.254	4.575	0.286	0	0	0.256	0.5	0.238	0	0	0.256	0.5	0.286	0	0	0.222	0.5	0	0.4	0	0	0.333	0	0.4	0	0	0.111	0.418	0.185
0	0	0	0	0	0	0	0	0	0	0	0	0	0	0	0	0	0	0	0	0	0	0	0	0	0	0	0	0	0	0	0	0	0	0	0	0	0	0	0	0.899	0.955
0	0	5.762	0	0	0	2.129	9.628	0	0	0	2.129	7.074	0	0	0	1	0.444	0	0	0	1	0.422	0	0	0	1	0.238	0	0	0	0	0	0	0	0	0	0	0	0	0.713	0.233
4.707	0	0	0.952	0	5.704	0	0	0.952	0	4.968	0	0	0.952	0	0.267	0	0	0	0	0.267	0	0	0	0	0.2	0	0	0	0	0.2	0	0.5	0	0	0.2	0	0.25	0	0	0	0.515
0	0	0.899	4.707	7.122	0	0	0.899	5.704	7.974	0	0	0.899	4.968	7.974	0	0	0	0.267	0.464	0	0	0	0.267	0.429	0	0	0	0.2	0.393	0	0.5	0	0.2	0.625	0	0.25	0	0.2	0.375	0.716	0.232
0	1.233	6.981	5.043	1.046	4.032	6.268	13.885	7.677	0	4.032	7.933	11.254	10.606	2.764	0.2	0.179	0.256	0.136	0	0.2	0.267	0.256	0.286	0	0.2	0.179	0.222	0.145	0	0	0	0	0.2	0.4	0	0	0	0	0.4	0.417	0.178
0	10.57	5.115	5.874	0	0	15.919	8.833	8.618	0	0	8.076	4.626	3.679	0	0	0.383	0.694	0.533	0	0	0.358	0.694	0.533	0	0	0.179	0.667	0.167	0	0	0	0.25	0.333	0.8	0	0	0	0.222	0.4	0	0.820
0	0	0	0	5.11	0	0	0	0	9.401	0	0	0	0	9.401	0	0	0	0	0.333	0	0	0	0	0.333	0	0	0	0	0.333	0	0	0	0	0	0	0	0	0	0	0.198	0.441
0	0	0	0	2.647	0.793	0.932	1.797	0	5.004	0.793	0.932	1.797	0	3.447	0	0	0	0	0.8	0	0	0	0	0.8	0	0	0	0	1	0	0.2	0.625	0.333	0.333	0.286	0.8	0.75	0.667	0.444	0.557	0.163
10.062	0	2.23	25.639	0.843	15.242	2.126	0	34.043	2.47	9.152	2.126	2.23	20.298	2.47	0.4	0	0	0.209	1	0.429	0	0	0.185	1	0.476	0	0	0.192	0.667	0	0.2	1	0.333	0	0	0.6	1	0	0.4	0	0.186
0	5.228	0.715	0	0	0	7.524	0.715	0	0	0	6.013	0.715	0	0	0	0.429	0	0	0	0	0.429	0	0	0	0	0.267	0	0	0	0	0	0.25	0.4	0	0	0	0	0.2	0.4	0.297	0.362
10.57	5.874	0	2.647	5.115	15.919	8.618	0	5.004	8.833	8.076	3.679	0	3.447	4.626	0.383	0.533	0	0.8	0.694	0.358	0.533	0	0.8	0.694	0.179	0.167	0	1	0.667	0	0.333	0	0.333	0.25	0	0.222	0	0.444	0	0.296	0.339
0.715	0	0	5.228	0	0.715	0	0	7.524	1.122	0.715	0	0	6.013	1.122	0	0	0	0.429	0	0	0	0	0.429	0	0	0	0	0.267	0	0.25	0	0	0	0	0	0	0.4	0	0.286	0	0.690
11.167	2.857	1.353	1.393	5.509	14.432	0.904	1.353	0	4.844	10.624	3.873	1.353	1.393	4.863	0.524	0.333	0	0	0.467	0.467	0	0	0	0.3	0.289	0.167	0	0	0.5	0.4	0.8	0	0.333	0.8	0.2	0.4	0	0.667	0.2	0.298	0.173
1.892	0	0.714	4.866	7.637	4.082	0	0	3.65	3.276	4.082	0	0.714	5.741	6.716	0.333	0	0	0.667	0.714	0	0	0	0.5	1	0.333	0	0	0.6	0.533	0	0	0.2	0	0.6	0	0	0	0.2	0	0.418	0.233
0	1.779	1.664	0	8.419	2.716	4.635	3.94	0	13.273	2.716	4.635	3.94	0	7.381	0.667	0.6	0.333	0	0.374	0.667	0.6	0.333	0	0.374	0.667	0.6	0.333	0	0.238	0.875	1	0.4	0	0	0.875	0.667	0	0	0	0	0.641
5.115	0	0	10.57	9.864	8.833	0	0	15.919	13.506	4.626	0	0	8.076	8.491	0.694	0	0	0.383	0.484	0.694	0	0	0.358	0.451	0.667	0	0	0.179	0.286	0.25	0	0.8	0	0	0	0	0.4	0	0	0.197	0.319
0	0	0	8.337	5.762	2.129	0	0	7.998	9.628	2.129	0	0	8.137	7.074	1	0	0	0.394	0.444	1	0	0	0.472	0.422	1	0	0	0.25	0.238	0	0	0	0.25	0	0	0	0	0	0	0.715	0.226
0	0	0	0	0	0	0	0	0	0	0	0	0	0	0	0	0	0	0	0	0	0	0	0	0	0	0	0	0	0	0	0	0	0	0	0	0	0	0	0	0.898	0.999
6.981	0	1.046	1.233	1.599	13.885	4.032	0	6.268	6.691	11.254	4.032	2.764	7.933	6.691	0.256	0.2	0	0.179	0.286	0.256	0.2	0	0.267	0.238	0.222	0.2	0	0.179	0.286	0	0	0.4	0	0	0	0	0.4	0	0	0.057	0.317
0	0	0	0	0	0	0	0	0	0	0	0	0	0	0	0	0	0	0	0	0	0	0	0	0	0	0	0	0	0	0	0	0	0	0	0	0	0	0	0	0.716	0.988
1.046	6.981	1.599	0	0	0	13.885	6.691	4.032	0.877	2.764	11.254	6.691	4.032	0.877	0	0.256	0.286	0.2	0	0	0.256	0.238	0.2	0	0	0.222	0.286	0.2	0	0.4	0	0	0	0	0.4	0	0	0	0	0	0.539
1.353	11.167	5.509	2.857	2.702	1.353	14.432	4.844	0.904	1.583	1.353	10.624	4.863	3.873	1.867	0	0.524	0.467	0.333	0.333	0	0.467	0.3	0	1	0	0.289	0.5	0.167	0	0	0.4	0.8	0.8	0.6	0	0.2	0.2	0.4	0.4	0.554	0.174
5.11	0	0	0	0	9.401	0	1.448	0	4.143	9.401	0	3.23	0	4.143	0.333	0	0.333	0	0.5	0.333	0	0	0	0.5	0.333	0	0.333	0	0.5	0	0	0.2	0	0	0	0	0.2	0	0	0	0.232
0.714	1.892	7.637	0	0	0	4.082	3.276	0	1.275	0.714	4.082	6.716	0	1.275	0	0.333	0.714	0	0	0	0	1	0	0	0	0.333	0.533	0	0	0.2	0	0.6	0	0	0	0	0	0	0	0	0.807
0	1.372	0	9.864	0.986	0	0	0	13.506	0.986	0	1.372	0	8.491	0.986	0	0	0	0.484	0	0	0	0	0.451	0	0	0	0	0.286	0	0	1	0	0	0	0.4	1	0	0	0	0.298	0.498
0	0	0	0	0	0	0	0	0	0	0	0	0	0	0	0	0	0	0	0	0	0	0	0	0	0	0	0	0	0	0	0	0	0	0	0	0	0.222	0	0.25	0.896	1.000
5.228	0	0	0	0.715	7.524	0	0	1.173	0.715	6.013	0	0	1.173	0.715	0.429	0	0	0	0	0.429	0	0	0	0	0.267	0	0	0	0	0	0.4	0	0	0.25	0	0.2	0	0	0	0	0.170
12.227	1.913	0	0	0	9.592	1.913	0	1.122	0.932	8.985	1.913	0	1.122	0.932	0.231	0	0	0	0	0.289	0	0	0	0	0.111	0	0	0	0	0.333	0	0.333	0	0.2	0.667	0	0.667	0.286	0.8	0.117	0.353
0	1.077	0	4.849	0	0	1.077	0	1.528	0	0	1.077	0	3.322	0	0	0	0	0.5	0	0	0	0	1	0	0	0	0	0.333	0	0	0.8	0	0.333	0	0	1	0	0.333	0	0.415	0.220
8.419	1.664	11.237	0	2.114	13.273	3.94	19.333	2.716	1.902	7.381	3.94	11.352	2.716	2.994	0.374	0.333	0.295	0.667	0.667	0.374	0.333	0.289	0.667	1	0.238	0.333	0.333	0.667	0.667	0	0.4	0.4	0.875	0	0	0	0.4	0.875	0	0	0.216
0	7.637	2.594	0.714	0	1.275	3.276	2.594	0	0	1.275	6.716	2.594	0.714	0	0	0.714	0	0	0	0	1	0	0	0	0	0.533	0	0	0	0	0.6	0	0.2	0.5	0	0	0	0	0.25	0.556	0.168
0	0.843	1.625	2.23	3.95	0	2.47	2.94	0	5.631	0	2.47	2.94	2.23	4.036	0	1	1	0	0.333	0	1	1	0	0.333	0	0.667	1	0	0.167	0	0	0	1	0.25	0	0.4	0	1	0	0.717	0.240
6.971	0.829	8.025	1.353	0	6.886	0.829	9.513	2.166	0	8.797	0.829	4.774	2.166	0	0.357	0	0.75	0	0	0.4	0	0.75	0	0	0.286	0	0.5	0	0	0	0.25	0	0	0	0	0.25	0.333	0	0	0	0.453
0	0	0.986	1.372	8.352	0	0	0.986	0	3.791	0	0	0.986	1.372	7.574	0	0	0	0	0.714	0	0	0	0	0.833	0	0	0	0	0.7	0	0	0	1	0.4	0	0.4	0	1	0.2	0.554	0.374
3.81	0	0.952	5.762	0	3.81	0	0.952	9.628	0	3.81	0	0.952	7.074	0	0.5	0	0	0.444	0	0.5	0	0	0.422	0	0.5	0	0	0.238	0	0	0	0	0	0	0	0	0	0	0	0	0.468
5.509	1.353	2.702	11.167	4.866	4.844	1.353	1.583	14.432	3.65	4.863	1.353	1.867	10.624	5.741	0.467	0	0.333	0.524	0.667	0.3	0	1	0.467	0.5	0.5	0	0	0.289	0.6	0.8	0	0.6	0.4	0	0.2	0	0.4	0.2	0.2	0.298	0.194
0	1.599	0	1.046	8.337	0.877	6.691	4.575	0	7.998	0.877	6.691	4.575	2.764	8.137	0	0.286	0.5	0	0.394	0	0.238	0.5	0	0.472	0	0.286	0.5	0	0.25	0	0	0.333	0.4	0.25	0	0	0.111	0.4	0	0.558	0.206
0	0	0	0	0	0	0	0	0	0	0	0	0	0	0	0	0	0	0	0	0	0	0	0	0	0	0	0	0	0	0	0	0	0	0	0	0	0	0	0	0.417	0.594
0	12.227	0	1.913	0	0	9.592	0.932	1.913	0.793	0	8.985	0.932	1.913	0.793	0	0.231	0	0	0	0	0.289	0	0	0	0	0.111	0	0	0	0.333	0.333	0.2	0	0	0.667	0.667	0.8	0	0.286	0.417	0.902
0	1.792	1.068	0	0	0	1.792	1.068	0	1.173	0	1.792	1.068	0	1.173	0	0	0	0	0	0	0	0	0	0	0	0	0	0	0	0	0	0	0	0	0	0	0	0	0	0.898	0.208
0.829	1.353	6.971	0	8.025	0.829	2.166	6.886	0	9.513	0.829	2.166	8.797	0	4.774	0	0	0.357	0	0.75	0	0	0.4	0	0.75	0	0	0.286	0	0.5	0.25	0	0	0.333	0	0.25	0	0	0	0.333	0.415	0.493
25.639	2.114	0	11.237	10.062	34.043	1.902	2.126	19.333	15.242	20.298	2.994	2.126	11.352	9.152	0.209	0.667	0	0.295	0.4	0.185	1	0	0.289	0.429	0.192	0.667	0	0.333	0.476	0.333	0	0.2	0.4	0	0	0	0.6	0.4	0	0	0.193
7.122	0.899	0	0	1.779	7.974	0.899	0	0	4.635	7.974	0.899	0	0	4.635	0.464	0	0	0	0.6	0.429	0	0	0	0.6	0.393	0	0	0	0.6	0.625	0	0	0	1	0.375	0	0	0	0.667	0.3	0.304
7.637	0.714	0	1.892	2.594	3.276	0	1.275	4.082	2.594	6.716	0.714	1.275	4.082	2.594	0.714	0	0	0.333	0	1	0	0	0	0	0.533	0	0	0.333	0	0.6	0.2	0	0	0	0	0	0	0	0	0	0.294
3.95	1.625	0	0	1.353	5.631	2.94	0	0	2.166	4.036	2.94	0	0	2.166	0.333	1	0	0	0	0.333	1	0	0	0	0.167	1	0	0	0	0.25	0	0.333	0	0	0	0	0	0	0	0.296	0.312
0	0	0	-1	0	0	0	0	-1	0	0	0	0	-1	0	0	0	0	-1	0	0	0	0	-1	0	0	0	0	-1	0	0	0	0	-1	0	0	0.8	0	-1	0	0.9	0.999
1.233	5.043	0	0	6.981	6.268	7.677	4.032	5.239	13.885	7.933	10.606	4.032	5.239	11.254	0.179	0.136	0.2	0.3	0.256	0.267	0.286	0.2	0.2	0.256	0.179	0.145	0.2	0.3	0.222	0	0.2	0	0	0	0	0	0	0	0	0	0.174
0	0	5.11	0	0	0	0	9.401	0	1.448	0	0	9.401	0	3.23	0	0	0.333	0	0.333	0	0	0.333	0	0	0	0	0.333	0	0.333	0	0	0	0	0.2	0	0	0	0	0.2	0.118	0.315
0	0	0	0	0	0	0	0	0	0	0	0	0	0	0	0	0	0	0	0	0	0	0	0	0	0	0	0	0	0	0	0	0	0	0	0	0	0	0.2	0	0.196	0.998
0.952	3.81	0	0	4.707	0.952	3.81	0	0	5.704	0.952	3.81	0	0	4.968	0	0.5	0	0	0.267	0	0.5	0	0	0.267	0	0.5	0	0	0.2	0	0	0	0	0.2	0	0	0	0	0.2	0.557	0.243
0	4.707	0	0	0.899	0	5.704	0	0	0.899	0	4.968	0	0	0.899	0	0.267	0	0	0	0	0.267	0	0	0	0	0.2	0	0	0	0.5	0.2	0	0	0	0.25	0.2	0	0	0	0	0.736
1.353	0	0.829	3.95	6.971	2.166	0	0.829	5.631	6.886	2.166	0	0.829	4.036	8.797	0	0	0	0.333	0.357	0	0	0	0.333	0.4	0	0	0	0.167	0.286	0	0.333	0.25	0.25	0	0	0	0.25	0	0	0.299	0.147
0	0	0	0	0	0	0	0	0	0	0	0	0	0	0	0	0	0	0	0	0	0	0	0	0	0	0	0	0	0	0	0	0	0	0	0	0	0.2	0	0	0.419	0.993
1.068	0	0	1.792	0	1.068	0	1.173	1.792	0	1.068	0	1.173	1.792	0	0	0	0	0	0	0	0	0	0	0	0	0	0	0	0	0	0	0	0	0.4	0	0	0	0	0.2	0.557	0.170
0	0	0	0	0	0	0	0	0	0	0	0	0	0	0	0	0	0	0	0	0	0	0	0	0	0	0	0	0	0	0	0	0	0	0	0	0	0	0	0.2	0.554	0.990
1.077	4.849	0	0	0	1.077	1.528	0	0	0	1.077	3.322	0	0	0	0	0.5	0	0	0	0	1	0	0	0	0	0.333	0	0	0	0.8	0.333	0	0	0	1	0.333	0	0	0	0.117	0.619
0	0	0	8.352	0	0	0	0	3.791	0	0	0	0	7.574	0	0	0	0	0.714	0	0	0	0	0.833	0	0	0	0	0.7	0	0	0	0	0.4	0	0	0	0	0.2	0	0.197	0.208
8.337	0	0	0	0	7.998	4.575	0	0.877	2.129	8.137	4.575	0	0.877	2.129	0.394	0.5	0	0	1	0.472	0.5	0	0	1	0.25	0.5	0	0	1	0.25	0.333	0	0	0	0	0.111	0	0	0	0	0.362
5.762	0	0	0	3.81	9.628	0	0	2.129	3.81	7.074	0	0	2.129	3.81	0.444	0	0	1	0.5	0.422	0	0	1	0.5	0.238	0	0	1	0.5	0	0	0	0	0	0	0	0	0	0	0.055	0.408
9.864	0	1.372	5.115	0	13.506	0	0	8.833	0	8.491	0	1.372	4.626	0	0.484	0	0	0.694	0	0.451	0	0	0.694	0	0.286	0	0	0.667	0	0	0.8	1	0.25	0	0	0.4	1	0	0.4	0.197	0.174
0.899	0	7.122	0	0	0.899	0	7.974	0	0	0.899	0	7.974	0	0	0	0	0.464	0	0	0	0	0.429	0	0	0	0	0.393	0	0	0	0	0.625	0.5	0	0	0	0.375	0.25	0	0.718	0.130
0	0	0	0	0	0	0	0	0	0	0	0	0	0	0	0	0	0	0	0	0	0	0	0	0	0	0	0	0	0	0	0	0	0	0	0	0	0	0	0	0.294	0.998
0	0	0	0	0	0	0	0	0	0	0	0	0	0	0	0	0	0	0	0	0	0	0	0	0	0	0	0	0	0	0	0	0	0	0	0	0.2	0	0	0	0.116	0.997
0	0	0	0	0	0	0	0	0	0	0	0	0	0	0	0	0	0	0	0	0	0	0	0	0	0	0	0	0	0	0	0	0	0	0	0	0	0	0	0	0.294	0.537
0	0	-1	0	-1	0	0	-1	0	-1	0	0	-1	0	-1	0	0	-1	0	-1	0	0	-1	0	-1	0	0	-1	0	-1	0	0	-1	0	-1	0.25	0.222	-1	0	-1	0.9	1.000
0	0	0	5.11	5.043	4.143	1.448	5.239	9.401	7.677	4.143	3.23	5.239	9.401	10.606	0.5	0.333	0.3	0.333	0.136	0.5	0	0.2	0.333	0.286	0.5	0.333	0.3	0.333	0.145	0	0.2	0	0	0.2	0	0.2	0	0	0	0.299	0.130
0	-1	0	-1	0	0	-1	0	-1	0	0	-1	0	-1	0	0	-1	0	-1	0	0	-1	0	-1	0	0	-1	0	-1	0	0	-1	0	-1	0	0.8	-1	0	-1	0	0.899	1.000
8.025	6.971	0	0.829	1.393	9.513	6.886	0	0.829	0	4.774	8.797	0	0.829	1.393	0.75	0.357	0	0	0	0.75	0.4	0	0	0	0.5	0.286	0	0	0	0	0	0	0.25	0.333	0.333	0	0	0.25	0.667	0	0.109
2.23	10.062	0.843	0	0	0	15.242	2.47	2.126	0	2.23	9.152	2.47	2.126	0	0	0.4	1	0	0	0	0.429	1	0	0	0	0.476	0.667	0	0	1	0	0	0.2	0	1	0	0.4	0.6	0	0	0.748
11.237	8.419	2.114	1.664	25.639	19.333	13.273	1.902	3.94	34.043	11.352	7.381	2.994	3.94	20.298	0.295	0.374	0.667	0.333	0.209	0.289	0.374	1	0.333	0.185	0.333	0.238	0.667	0.333	0.192	0.4	0	0	0.4	0.333	0.4	0	0	0	0	0	0.338
0	8.352	0	0.986	0	0	3.791	0	0.986	0	0	7.574	0	0.986	0	0	0.714	0	0	0	0	0.833	0	0	0	0	0.7	0	0	0	0	0.4	0	0	0	0	0.2	0	0	0	0.896	0.673
4.866	2.702	0	5.509	1.892	3.65	1.583	0	4.844	4.082	5.741	1.867	0	4.863	4.082	0.667	0.333	0	0.467	0.333	0.5	1	0	0.3	0	0.6	0	0	0.5	0.333	0	0.6	0	0.8	0	0.2	0.4	0	0.2	0	0	0.522
1.779	0	0	7.122	1.664	4.635	0	2.716	7.974	3.94	4.635	0	2.716	7.974	3.94	0.6	0	0.667	0.464	0.333	0.6	0	0.667	0.429	0.333	0.6	0	0.667	0.393	0.333	1	0	0.875	0.625	0.4	0.667	0	0.875	0.375	0	0.117	0.360
0	8.025	1.393	6.971	2.857	0	9.513	0	6.886	0.904	0	4.774	1.393	8.797	3.873	0	0.75	0	0.357	0.333	0	0.75	0	0.4	0	0	0.5	0	0.286	0.167	0	0	0.333	0	0.8	0	0.333	0.667	0	0.4	0.419	0.267
4.849	0	1.077	0	0	1.528	0	1.077	0	0	3.322	0	1.077	0	0	0.5	0	0	0	0	1	0	0	0	0	0.333	0	0	0	0	0.333	0	0.8	0	0	0.333	0	1	0	0	0.117	0.504
0	0	1.792	0	0	0	0	1.792	0	0	0	0	1.792	0	0	0	0	0	0	0	0	0	0	0	0	0	0	0	0	0	0	0	0	0.5	0	0	0	0	0.25	0	0.897	0.155
0	0	0	0	0	0	0	0	0	0	0	0	0	0	0	0	0	0	0	0	0	0	0	0	0	0	0	0	0	0	0	0	0	0	0	0.2	0	0	0	0	0.117	0.995
2.594	0	0	7.637	0	2.594	1.275	0	3.276	0	2.594	1.275	0	6.716	0	0	0	0	0.714	0	0	0	0	1	0	0	0	0	0.533	0	0	0	0.5	0.6	0	0	0	0.25	0	0	0.42	0.497
0	0	5.043	0	1.233	5.239	4.143	7.677	1.448	6.268	5.239	4.143	10.606	3.23	7.933	0.3	0.5	0.136	0.333	0.179	0.2	0.5	0.286	0	0.267	0.3	0.5	0.145	0.333	0.179	0	0	0.2	0.2	0	0	0	0	0.2	0	0.3	0.196
1.625	0	3.95	0.843	0	2.94	0	5.631	2.47	0	2.94	0	4.036	2.47	0	1	0	0.333	1	0	1	0	0.333	1	0	1	0	0.167	0.667	0	0	0	0.25	0	0.333	0	0	0	0.4	0	0.418	0.144
0	0	0	0	0	0	0	0	0	0	0	0	0	0	0	0	0	0	0	0	0	0	0	0	0	0	0	0	0	0	0	0	0	0	0	0	0	0	0	0	0.713	0.960
0	0	0	0	0	0	0	0	0	0	0	0	0	0	0	0	0	0	0	0	0	0	0	0	0	0	0	0	0	0	0	0	0	0	0	0	0	0	0	0	0.116	0.999
0	5.762	3.81	0	0.952	0	9.628	3.81	0	0.952	0	7.074	3.81	0	0.952	0	0.444	0.5	0	0	0	0.422	0.5	0	0	0	0.238	0.5	0	0	0	0	0	0	0	0	0	0	0	0	0.415	0.353
0	0	8.337	1.599	0	4.575	0.877	7.998	6.691	0	4.575	0.877	8.137	6.691	0	0.5	0	0.394	0.286	0	0.5	0	0.472	0.238	0	0.5	0	0.25	0.286	0	0.333	0	0.25	0	0	0.111	0	0	0	0	0.197	0.397
5.043	0	1.233	0	0	7.677	5.239	6.268	4.143	4.032	10.606	5.239	7.933	4.143	4.032	0.136	0.3	0.179	0.5	0.2	0.286	0.2	0.267	0.5	0.2	0.145	0.3	0.179	0.5	0.2	0.2	0	0	0	0	0	0	0	0	0	0	0.388
2.702	5.509	4.866	1.353	0	1.583	4.844	3.65	1.353	0	1.867	4.863	5.741	1.353	0	0.333	0.467	0.667	0	0	1	0.3	0.5	0	0	0	0.5	0.6	0	0	0.6	0.8	0	0	0	0.4	0.2	0.2	0	0	0.298	0.812
0	0	2.647	0	5.874	1.797	0.793	5.004	0.932	8.618	1.797	0.793	3.447	0.932	3.679	0	0	0.8	0	0.533	0	0	0.8	0	0.533	0	0	1	0	0.167	0.625	0	0.333	0.2	0.333	0.75	0.286	0.444	0.8	0.222	0	0.458
1.372	9.864	0	0	0	0	13.506	0	0	0	1.372	8.491	0	0	0	0	0.484	0	0	0	0	0.451	0	0	0	0	0.286	0	0	0	1	0	0	0.8	0	1	0	0.4	0.4	0	0	0.884
0	0	0	0	4.849	0	0	0	0	1.528	0	0	0	0	3.322	0	0	0	0	0.5	0	0	0	0	1	0	0	0	0	0.333	0	0	0	0	0.333	0	0	0	0	0.333	0.897	0.255
