0	0	0	0	1.251	0	0	0	0	1.251	0	0	0	0	1.251	0	0	0	0	0	0	0	0	0	0	0	0	0	0	0	0.2	0.2	0	0.25	0.556	0.2	0.2	0	0.25	0	0	0.576
0	3.977	1.649	12.858	0	0	4.775	3.585	14.935	0	0	3.789	2.789	9.453	0	0	0.6	0.833	0.294	0	0	0.6	0.667	0.305	0	0	0.333	0.667	0.25	0	0.8	0.714	0	0.778	0.4	0.4	0.857	0.333	0.778	1	0	0.738
25.59	10.739	12.051	2.633	0	26.682	6.837	14.073	3.835	0	11.216	8.283	7.354	3.856	0	0.29	0.691	0.571	0.9	0	0.246	0.571	0.473	0.833	0	0.306	0.571	0.524	0.833	0	1	0.333	0	0	0	0.333	0.333	0.6	0	0	0.714	0.459
0.79	0	0	0	0	0.79	0.858	0	0	0	0.835	0.858	0	0	0	1	0	0	0	0	0	0	0	0	0	0	0	0	0	0	0	0.2	0	0	0	0	0	0	0	0	0	0.239
0.809	3.915	0	4.478	0	2.714	3.915	0	8.493	0.951	2.714	2.128	0	7.681	0.951	0.333	0.667	0	0.333	0	0.333	0.667	0	0.333	0	0.333	0	0	0.429	0	0	0	0	0	0	0	0	0.4	0	0.333	0	0.347
0	0	0	-1	0	0	0	0	-1	0	0	0	0	-1	0	0	0	0	-1	0	0	0	0	-1	0	0	0	0	-1	0	0	0	0	-1	0	0	0	0	-1	0	0.717	0.993
0	7.477	0	0	0.892	0	4.784	0	0	0.892	0	4.757	0	0	0.892	0	0.75	0	0	0	0	0.7	0	0	0	0	0.7	0	0	0	0	0.4	0	0	0.143	0	0	0	0	0	0.557	0.246
0	12.531	0.906	0	0	0	9.494	0.906	0	0	0	9.951	0.906	0	0	0	0.667	0	0	0	0	0.611	0	0	0	0	0.607	0	0	0	1	0	0.2	0	0.25	1	0	0	0	0.25	0	0.927
4.478	1.685	3.915	2.086	0.809	8.493	3.297	3.915	6.208	2.714	7.681	3.297	2.128	6.208	2.714	0.333	0.667	0.667	0.733	0.333	0.333	0.667	0.667	0.733	0.333	0.429	0.667	0	0.733	0.333	0	0	0	0.4	0	0	0	0	0	0	0.9	0.307
0	0	12.849	7.002	0	0	0.986	17.051	9.218	0	0	1.854	5.85	4.033	0	0	1	0.412	0.467	0	0	0	0.346	0.356	0	0	1	0.133	0.167	0	0	0.143	0	0	0	0	0	0	0.2	0	0.419	0.168
1.843	12.534	0.802	3.854	6.674	4.977	12.223	2.664	8.696	9.504	3.134	8.48	1.862	4.938	3.621	0.8	0.404	1	0.5	0.644	0.8	0.474	1	0.472	0.511	0.667	0.214	1	0.4	0.667	0.444	0	0	0.667	0	0.111	0	0	1	0	0.299	0.576
0	0.922	1.683	0	0	0	0	1.683	0	0	0	0.922	0.883	0	0	0	0	1	0	0	0	0	1	0	0	0	0	0	0	0	0	0.5	0	0	0	0	0	0	0	0	0.12	0.370
1.683	0	0	0.922	0	1.683	0	0	0	0	0.883	0	0	0.922	0	1	0	0	0	0	1	0	0	0	0	0	0	0	0	0	0	0	0	0.5	0	0	0	0	0	0	0.898	0.119
0	0.809	0	3.915	2.064	0	2.714	0.951	3.915	2.856	0	2.714	0.951	2.128	2.043	0	0.333	0	0.667	0	0	0.333	0	0.667	0	0	0.333	0	0	0	0	0	0	0	0.222	0.4	0	0.333	0	0	0	0.557
0	1.649	0	0	0	0	3.585	0	0	0	0	2.789	0	0	0	0	0.833	0	0	0	0	0.667	0	0	0	0	0.667	0	0	0	0.4	0	0.2	0.8	1	1	0.333	0.2	0.4	1	0	0.961
0	0	0	0	0	0	0	0	0	0	0	0	0	0	0	0	0	0	0	0	0	0	0	0	0	0	0	0	0	0	0	0	0	0	0	0	0	0	0	0	0	0.902
0	0	0	0	0	0	0	0	0	0	0	0	0	0	0	0	0	0	0	0	0	0	0	0	0	0	0	0	0	0	0	0	0	0	0	0	0	0	0	0	0.197	0.937
0	0	0	0.906	0	0	0	0	0.906	0	0	0	0	0.906	0	0	0	0	0	0	0	0	0	0	0	0	0	0	0	0	0.2	0.25	0.2	0.2	0	0.2	0.25	0.2	0	0	0	0.662
0	0	0	0	2.27	0	0	0	0	7.142	0	0	0	0	7.142	0	0	0	0	0.4	0	0	0	0	0.333	0	0	0	0	0.4	0	0	0	0	0.5	0	0	0	0	0	0.716	0.710
3.456	7.914	3.854	0	12.534	1.652	8.851	8.696	0	12.223	3.202	6.73	4.938	0	8.48	0.5	0.561	0.5	0	0.404	1	0.444	0.472	0	0.474	0.333	0.333	0.4	0	0.214	0	0	0.667	0	0	0.2	0.2	1	0	0	0	0.218
4.162	17.689	0	0	0.791	6.941	19.507	0	0	4.33	4.411	9.056	0	0	3.539	0.214	0.345	0	0	0.6	0.214	0.31	0	0	0.6	0.3	0.214	0	0	0.667	1	0	0.4	0.6	0	1	0	0	0	0	0.417	0.688
1.685	2.086	4.478	0	3.915	3.297	6.208	8.493	5.284	3.915	3.297	6.208	7.681	5.284	2.128	0.667	0.733	0.333	0.533	0.667	0.667	0.733	0.333	0.533	0.667	0.667	0.733	0.429	0.533	0	0	0.4	0	0.143	0	0	0	0	0	0	0.419	0.524
0	0	0	0	0	0	0	0	0	0	0	0	0	0	0	0	0	0	0	0	0	0	0	0	0	0	0	0	0	0	0	0	0	0	0	0.2	0	0	0	0	0.898	0.998
0.949	0	0	0	0	0	0	0	0	0	0.949	0	0	0	0	0	0	0	0	0	0	0	0	0	0	0	0	0	0	0	0.2	1	1	0.2	0	0	1	1	0.2	0	0	0.296
0.802	1.843	6.674	12.534	0.894	2.664	4.977	9.504	12.223	0.894	1.862	3.134	3.621	8.48	0.925	1	0.8	0.644	0.404	1	1	0.8	0.511	0.474	0	1	0.667	0.667	0.214	0	0	0.444	0	0	0.333	0	0.111	0	0	0.333	0.718	0.195
3.915	4.478	0.809	1.685	0	3.915	8.493	2.714	3.297	0	2.128	7.681	2.714	3.297	0	0.667	0.333	0.333	0.667	0	0.667	0.333	0.333	0.667	0	0	0.429	0.333	0.667	0	0	0	0	0	0	0	0	0	0	0.4	0.558	0.097
0	0.79	0	0	0	0	0.79	0	0.858	0	0	0.835	0	0.858	0	0	1	0	0	0	0	0	0	0	0	0	0	0	0	0	0	0	0	0.2	0	0	0	0	0	0	0.415	0.155
0	0	0.892	7.477	0	0	0	0.892	4.784	0	0	0	0.892	4.757	0	0	0	0	0.75	0	0	0	0	0.7	0	0	0	0	0.7	0	0	0	0.143	0.4	0	0	0	0	0	0	0.717	0.235
1.251	0	0.998	0	3.084	1.251	0	0.998	0	3.084	1.251	0	0.998	0	3.084	0	0	0	0	1	0	0	0	0	1	0	0	0	0	1	0.556	0	0	0.2	0	0	0	0	0.2	0	0.898	0.548
0.922	0	0	1.609	1.683	0	0	0	1.609	1.683	0.922	0	0	1.609	0.883	0	0	0	1	1	0	0	0	1	1	0	0	0	1	0	0.5	0	0	0.2	0	0	0	0	0.2	0	0.556	0.232
12.849	0	0	0	4.501	17.051	0	0	0.986	5.542	5.85	0	0	1.854	2.743	0.412	0	0	1	0.536	0.346	0	0	0	0.667	0.133	0	0	1	0.333	0	0	0	0.143	0.333	0	0	0	0	0	0	0.179
0	1.683	0	0	0	0	1.683	0	0	0.9	0	0.883	0	0	0.9	0	1	0	0	0	0	1	0	0	0	0	0	0	0	0	0	0	0	0	0	0	0	0	0	0	0.558	0.438
1.786	2.014	0	2.815	0.809	6.666	9.889	3.632	9.976	6.918	7.707	9.889	3.632	9.976	6.918	0.464	0.267	0.5	0.333	0.524	0.524	0.267	0.5	0.333	0.524	0.464	0.267	0.5	0.333	0.524	0	0.2	0	0	0	0	0.2	0	0	0	0	0.358
0	0	17.689	0.793	4.162	0	0	19.507	0.793	6.941	0	0	9.056	0.793	4.411	0	0	0.345	0	0.214	0	0	0.31	0	0.214	0	0	0.214	0	0.3	0.6	0.2	0	0.25	1	0	0.2	0	0	1	0	0.628
0	0	0	0.79	0	0	0	0	0.79	0	0	0	0	0.835	0	0	0	0	1	0	0	0	0	0	0	0	0	0	0	0	0	0	0	0	0.2	0	0	0	0	0	0	0.211
0	0	0	1.683	0	0	0	0.9	1.683	0	0	0	0.9	0.883	0	0	0	0	1	0	0	0	0	1	0	0	0	0	0	0	0	0	0	0	0	0	0	0	0	0	0.12	0.430
0	7.002	0	0	12.849	0.986	9.218	0	0	17.051	1.854	4.033	0	0	5.85	1	0.467	0	0	0.412	0	0.356	0	0	0.346	1	0.167	0	0	0.133	0.143	0	0	0	0	0	0.2	0	0	0	0.418	0.100
1.649	0	0	3.977	0	3.585	0	0	4.775	0	2.789	0	0	3.789	0	0.833	0	0	0.6	0	0.667	0	0	0.6	0	0.667	0	0	0.333	0	0	0.8	0.4	0.714	0.2	0.333	0.4	1	0.857	0.2	0	0.258
0	0.793	0	0	17.689	0	0.793	0	0	19.507	0	0.793	0	0	9.056	0	0	0	0	0.345	0	0	0	0	0.31	0	0	0	0	0.214	0.2	0.25	0.6	0	0	0.2	0	0	0	0	0	0.640
11.415	0	10.069	0.791	0	15.397	0	10.621	4.33	0	10.351	0	9.292	3.539	0	0.429	0	0.59	0.6	0	0.381	0	0.545	0.6	0	0.289	0	0.361	0.667	0	0	0	0	0	0	0	0	0	0	0	0.899	0.211
17.689	0	4.162	0	0	19.507	0	6.941	0	0	9.056	0	4.411	0	0	0.345	0	0.214	0	0	0.31	0	0.214	0	0	0.214	0	0.3	0	0	0	0.6	1	0.2	0.4	0	0	1	0.2	0	0.298	0.296
0	0.906	0	0	0	0	0.906	0	0	0	0	0.906	0	0	0	0	0	0	0	0	0	0	0	0	0	0	0	0	0	0	0.25	0.2	0.2	1	0.2	0.25	0	0.2	1	0.2	0	0.811
14.421	3.666	0	3.463	7.914	13.315	5.49	0	3.463	8.851	11.518	1.92	0	0.844	6.73	0.566	0.733	0	1	0.561	0.606	0.667	0	1	0.444	0.444	1	0	0	0.333	0.8	0	0	1	0	1	0.333	0	0.667	0.2	0.117	0.457
3.977	12.858	0	0	1.649	4.775	14.935	0	0	3.585	3.789	9.453	0	0	2.789	0.6	0.294	0	0	0.833	0.6	0.305	0	0	0.667	0.333	0.25	0	0	0.667	0.714	0.778	0.8	0	0	0.857	0.778	0.4	0.333	0.333	0.299	0.367
0	0	0	0	0	0	0	0	0	0	0	0	0	0	0	0	0	0	0	0	0	0	0	0	0	0	0	0	0	0	0	0	0.2	0	0	0	0	0	0	0	0	0.410
0	0	0.949	0	0	0	0	0	0	0	0	0	0.949	0	0	0	0	0	0	0	0	0	0	0	0	0	0	0	0	0	1	0.2	0.2	0.4	1	1	0.2	0	1	1	0	0.966
0	12.849	4.501	0	0	0	17.051	5.542	0	0	0	5.85	2.743	0	0	0	0.412	0.536	0	0	0	0.346	0.667	0	0	0	0.133	0.333	0	0	0	0	0.333	0	0	0	0	0	0	0	0	0.427
0	0	0	0	0	0.9	0	0	0	0	0.9	0	0	0	0	0	0	0	0	0	0	0	0	0	0	0	0	0	0	0	0	0	0	0	0	0	0	0	0	0	0.415	0.268
2.014	2.815	1.786	1.671	0	9.889	9.976	6.666	6.936	3.632	9.889	9.976	7.707	7.977	3.632	0.267	0.333	0.464	0.4	0.5	0.267	0.333	0.524	0.4	0.5	0.267	0.333	0.464	0.4	0.5	0.2	0	0	0	0	0.2	0	0	0	0	0	0.606
0	0	0	0	0	0	0	0	0	0	0	0	0	0	0	0	0	0	0	0	0	0	0	0	0	0	0	0	0	0	0	0	0	0	0	0	0	0	0	0	0.116	0.950
0.793	0	0	0	0	0.793	0	0	0	0	0.793	0	0	0	0	0	0	0	0	0	0	0	0	0	0	0	0	0	0	0	0.25	0	0.2	0	0.6	0	0	0.2	0	0	0.296	0.331
0	0.791	11.415	0	10.069	0	4.33	15.397	0	10.621	0	3.539	10.351	0	9.292	0	0.6	0.429	0	0.59	0	0.6	0.381	0	0.545	0	0.667	0.289	0	0.361	0	0	0	0.4	0	0	0	0	0	0	0.897	0.841
7.002	0	0	0	0	9.218	0	0.986	0	0	4.033	0	1.854	0	0	0.467	0	1	0	0	0.356	0	0	0	0	0.167	0	1	0	0	0	0	0.143	0	0	0.2	0	0	0	0	0.196	0.250
0	14.421	7.914	3.666	3.456	0	13.315	8.851	5.49	1.652	0	11.518	6.73	1.92	3.202	0	0.566	0.561	0.733	0.5	0	0.606	0.444	0.667	1	0	0.444	0.333	1	0.333	0	0.8	0	0	0	0	1	0.2	0.333	0.2	0	0.428
0	0	0	0	7.002	0	0.9	0	0	9.218	0	0.9	0	0	4.033	0	0	0	0	0.467	0	0	0	0	0.356	0	0	0	0	0.167	0	0	0	0	0	0	0	0	0	0.2	0.717	0.261
0	-1	0	-1	0	0	-1	0	-1	0	0	-1	0	-1	0	0	-1	0	-1	0	0	-1	0	-1	0	0	-1	0	-1	0	0	-1	0	-1	0	0	-1	0	-1	0	0.899	1.000
0	0	2.633	0.949	10.739	0	0	3.835	0	6.837	0	0	3.856	0.949	8.283	0	0	0.9	0	0.691	0	0	0.833	0	0.571	0	0	0.833	0	0.571	0	1	0	0.2	0.333	0	1	0	0	0.333	0	0.555
0	0	-1	0	-1	0	0	-1	0	-1	0	0	-1	0	-1	0	0	-1	0	-1	0	0	-1	0	-1	0	0	-1	0	-1	0	0	-1	0	-1	0	0	-1	0.2	-1	0.896	1.000
0	10.069	12.531	11.415	0	0	10.621	9.494	15.397	0	0	9.292	9.951	10.351	0	0	0.59	0.667	0.429	0	0	0.545	0.611	0.381	0	0	0.361	0.607	0.289	0	0	0	0	0	1	0	0	0	0	1	0.294	0.385
0	0	0	0	0	0	0	0	0	0	0	0	0	0	0	0	0	0	0	0	0	0	0	0	0	0	0	0	0	0	0	0	0	0	0	0	0	0	0	0	0.559	0.906
0.906	0	0	12.531	0	0.906	0	0	9.494	0	0.906	0	0	9.951	0	0	0	0	0.667	0	0	0	0	0.611	0	0	0	0	0.607	0	0.2	1	0.25	0	0.2	0	1	0.25	0	0.2	0	0.336
0	12.051	0	25.59	0	0	14.073	0	26.682	0	0	7.354	0	11.216	0	0	0.571	0	0.29	0	0	0.473	0	0.246	0	0	0.524	0	0.306	0	0	0	0	1	0	0	0.6	0	0.333	0	0.713	0.175
0.858	2.064	0	0	0	1.809	2.856	0	0.951	0	1.809	2.043	0	0.951	0	0	0	0	0	0	0	0	0	0	0	0	0	0	0	0	0.5	0.222	0	0	0	0.5	0	0	0.333	0	0.558	0.513
0	0.949	0	0	2.633	0	0	0	0	3.835	0	0.949	0	0	3.856	0	0	0	0	0.9	0	0	0	0	0.833	0	0	0	0	0.833	1	0.2	0	1	0	1	0	0	1	0	0	0.940
2.815	1.671	2.014	0	1.786	9.976	6.936	9.889	2.836	6.666	9.976	7.977	9.889	2.836	7.707	0.333	0.4	0.267	0.667	0.464	0.333	0.4	0.267	0.667	0.524	0.333	0.4	0.267	0.667	0.464	0	0	0.2	0.4	0	0	0	0.2	1	0	0.42	0.373
0.887	2.27	0	0	1.671	5.24	7.142	2.836	0	6.936	5.24	7.142	2.836	0	7.977	0.6	0.4	0.667	0	0.4	0.5	0.333	0.667	0	0.4	0.6	0.4	0.667	0	0.4	0.6	0.5	0.4	0	0	0	0	1	0	0	0	0.473
0	0	7.477	0	0	0	0	4.784	0	0	0	0	4.757	0	0	0	0	0.75	0	0	0	0	0.7	0	0	0	0	0.7	0	0	0	0	0.4	0.2	0	0	0	0	0	0	0	0.344
0	1.609	0.922	3.084	0	0	1.609	0	3.084	0	0	1.609	0.922	3.084	0	0	1	0	1	0	0	1	0	1	0	0	1	0	1	0	0	0.2	0.5	0	0	0	0.2	0	0	0	0.559	0.205
0	0	0	0.892	10.171	0	0	0	0.892	12.125	0	0	0	0.892	4.917	0	0	0	0	0.679	0	0	0	0	0.551	0	0	0	0	0.4	0	0	0.2	0.143	0	0	0	0	0	0.143	0.118	0.339
0	0	7.002	0	0	0	0	9.218	0.9	0.986	0	0	4.033	0.9	1.854	0	0	0.467	0	1	0	0	0.356	0	0	0	0	0.167	0	1	0	0	0	0	0.143	0	0	0.2	0	0	0.716	0.315
0	0.894	12.858	6.674	3.977	0	0.894	14.935	9.504	4.775	0	0.925	9.453	3.621	3.789	0	1	0.294	0.644	0.6	0	0	0.305	0.511	0.6	0	0	0.25	0.667	0.333	0	0.333	0.778	0	0.714	0.333	0.333	0.778	0	0.857	0.417	0.551
2.064	0	0.858	0	0	2.856	0.951	1.809	0	0	2.043	0.951	1.809	0	0	0	0	0	0	0	0	0	0	0	0	0	0	0	0	0	0.222	0	0.5	0	0	0	0.333	0.5	0.4	0	0.419	0.574
3.463	0	3.666	10.171	14.421	3.463	0	5.49	12.125	13.315	0.844	0	1.92	4.917	11.518	1	0	0.733	0.679	0.566	1	0	0.667	0.551	0.606	0	0	1	0.4	0.444	1	0	0	0	0.8	0.667	0	0.333	0.143	1	0	0.544
3.854	3.456	12.534	7.914	1.843	8.696	1.652	12.223	8.851	4.977	4.938	3.202	8.48	6.73	3.134	0.5	0.5	0.404	0.561	0.8	0.472	1	0.474	0.444	0.8	0.4	0.333	0.214	0.333	0.667	0.667	0	0	0	0.444	1	0.2	0	0.2	0.111	0	0.560
0.791	0	0	4.162	11.415	4.33	0	0	6.941	15.397	3.539	0	0	4.411	10.351	0.6	0	0	0.214	0.429	0.6	0	0	0.214	0.381	0.667	0	0	0.3	0.289	0	0.4	0	1	0	0	0	0	1	0	0.415	0.175
4.501	0	0	12.849	0	5.542	0	0	17.051	0.858	2.743	0	0	5.85	0.858	0.536	0	0	0.412	0	0.667	0	0	0.346	0	0.333	0	0	0.133	0	0.333	0	0	0	0.2	0	0	0	0	0	0	0.206
0	0	0	0	0	0	0	0	0	0	0	0	0	0	0	0	0	0	0	0	0	0	0	0	0	0	0	0	0	0	0	0	0	0	0	0	0	0.2	0	0	0.897	0.992
0	1.786	0.809	2.014	0	3.632	6.666	6.918	9.889	5.284	3.632	7.707	6.918	9.889	5.284	0.5	0.464	0.524	0.267	0.533	0.5	0.524	0.524	0.267	0.533	0.5	0.464	0.524	0.267	0.533	0	0	0	0.2	0.143	0	0	0	0.2	0	0.556	0.255
10.739	2.633	25.59	0	12.051	6.837	3.835	26.682	0	14.073	8.283	3.856	11.216	0	7.354	0.691	0.9	0.29	0	0.571	0.571	0.833	0.246	0	0.473	0.571	0.833	0.306	0	0.524	0.333	0	1	0	0	0.333	0	0.333	0	0.6	0	0.646
1.671	0	2.815	0.887	2.014	6.936	2.836	9.976	5.24	9.889	7.977	2.836	9.976	5.24	9.889	0.4	0.667	0.333	0.6	0.267	0.4	0.667	0.333	0.5	0.267	0.4	0.667	0.333	0.6	0.267	0	0.4	0	0.6	0.2	0	1	0	0	0.2	0.415	0.516
1.609	3.084	0	0.998	0.922	1.609	3.084	0	0.998	0	1.609	3.084	0	0.998	0.922	1	1	0	0	0	1	1	0	0	0	1	1	0	0	0	0.2	0	0	0	0.5	0.2	0	0	0	0	0	0.285
7.477	0	0	0	0	4.784	0	0	0	0	4.757	0	0	0	0	0.75	0	0	0	0	0.7	0	0	0	0	0.7	0	0	0	0	0.4	0	0	0	0	0	0	0	0	0	0	0.434
12.858	0	3.977	0.894	0	14.935	0	4.775	0.894	0	9.453	0	3.789	0.925	0	0.294	0	0.6	1	0	0.305	0	0.6	0	0	0.25	0	0.333	0	0	0.778	0	0.714	0.333	0.8	0.778	0.333	0.857	0.333	0.4	0.197	0.585
0.998	1.251	3.084	0	1.609	0.998	1.251	3.084	0	1.609	0.998	1.251	3.084	0	1.609	0	0	1	0	1	0	0	1	0	1	0	0	1	0	1	0	0.556	0	0	0.2	0	0	0	0	0.2	0.414	0.235
0	0	0	12.051	0	0	0	0	14.073	0	0	0	0	7.354	0	0	0	0	0.571	0	0	0	0	0.473	0	0	0	0	0.524	0	0	0	0	0	0	0	0	0	0.6	0	0	0.785
10.069	11.415	0	0	12.531	10.621	15.397	0	0	9.494	9.292	10.351	0	0	9.951	0.59	0.429	0	0	0.667	0.545	0.381	0	0	0.611	0.361	0.289	0	0	0.607	0	0	0	0	0	0	0	0	0	0	0.019	0.371
0.809	0	0	1.786	2.086	6.918	3.632	5.284	6.666	6.208	6.918	3.632	5.284	7.707	6.208	0.524	0.5	0.533	0.464	0.733	0.524	0.5	0.533	0.524	0.733	0.524	0.5	0.533	0.464	0.733	0	0	0.143	0	0.4	0	0	0	0	0	0.718	0.427
3.666	3.463	14.421	0	0	5.49	3.463	13.315	0	0	1.92	0.844	11.518	0	0	0.733	1	0.566	0	0	0.667	1	0.606	0	0	1	0	0.444	0	0	0	1	0.8	0	0	0.333	0.667	1	0	0	0	0.286
0	0	0.793	0	0	0	0	0.793	0	0	0	0	0.793	0	0	0	0	0	0	0	0	0	0	0	0	0	0	0	0	0	0	0	0.25	0	0.2	0	0	0	0	0.2	0	0.304
0	4.162	0.791	17.689	0	0	6.941	4.33	19.507	0	0	4.411	3.539	9.056	0	0	0.214	0.6	0.345	0	0	0.214	0.6	0.31	0	0	0.3	0.667	0.214	0	0.4	1	0	0	0	0	1	0	0	0	0	0.450
0	0	1.251	0	0.998	0	0	1.251	0	0.998	0	0	1.251	0	0.998	0	0	0	0	0	0	0	0	0	0	0	0	0	0	0	0	0.2	0.556	0.2	0	0	0.2	0	0.2	0	0	0.895
0	0.887	1.671	2.27	2.815	2.836	5.24	6.936	7.142	9.976	2.836	5.24	7.977	7.142	9.976	0.667	0.6	0.4	0.4	0.333	0.667	0.5	0.4	0.333	0.333	0.667	0.6	0.4	0.4	0.333	0.4	0.6	0	0.5	0	1	0	0	0	0	0	0.832
0	0	2.064	0.809	0.858	0.951	0	2.856	2.714	1.809	0.951	0	2.043	2.714	1.809	0	0	0	0.333	0	0	0	0	0.333	0	0	0	0	0.333	0	0	0	0.222	0	0.5	0.333	0.4	0	0	0.5	0	0.392
0	0	10.171	0	0	0	0	12.125	0	0	0	0	4.917	0	0	0	0	0.679	0	0	0	0	0.551	0	0	0	0	0.4	0	0	0.2	0	0	0	0	0	0	0.143	0	0	0.896	0.204
0	0	0	0.858	0.793	0	0	0	1.809	0.793	0	0	0	1.809	0.793	0	0	0	0	0	0	0	0	0	0	0	0	0	0	0	0	0	0	0.5	0.25	0	0	0	0.5	0	0.415	0.138
0.892	0	0	0	0	0.892	0	0	0	0	0.892	0	0	0	0	0	0	0	0	0	0	0	0	0	0	0	0	0	0	0	0.143	0	0	0	0	0	0	0	0	0	0.418	0.172
12.051	25.59	0	10.739	0	14.073	26.682	0	6.837	0	7.354	11.216	0	8.283	0	0.571	0.29	0	0.691	0	0.473	0.246	0	0.571	0	0.524	0.306	0	0.571	0	0	1	0	0.333	0	0.6	0.333	0	0.333	0	0.419	0.182
0	0	0	1.649	0.949	0	0	0	3.585	0	0	0	0	2.789	0.949	0	0	0	0.833	0	0	0	0	0.667	0	0	0	0	0.667	0	0.2	0.4	1	0	0.2	0.2	1	1	0.333	0	0	0.402
3.084	0.998	1.609	1.251	0	3.084	0.998	1.609	1.251	0	3.084	0.998	1.609	1.251	0	1	0	1	0	0	1	0	1	0	0	1	0	1	0	0	0	0	0.2	0.556	0	0	0	0.2	0	0	0.555	0.518
0	0	2.27	0	0.887	0	0	7.142	0	5.24	0	0	7.142	0	5.24	0	0	0.4	0	0.6	0	0	0.333	0	0.5	0	0	0.4	0	0.6	0	0	0.5	0	0.6	0	0	0	0	0	0.557	0.360
0	4.501	0	0	0.79	0	5.542	0.858	0	0.79	0	2.743	0.858	0	0.835	0	0.536	0	0	1	0	0.667	0	0	0	0	0.333	0	0	0	0	0.333	0.2	0	0	0	0	0	0	0	0.298	0.152
0	0.809	2.086	0	1.685	5.284	6.918	6.208	3.632	3.297	5.284	6.918	6.208	3.632	3.297	0.533	0.524	0.733	0.5	0.667	0.533	0.524	0.733	0.5	0.667	0.533	0.524	0.733	0.5	0.667	0.143	0	0.4	0	0	0	0	0	0	0	0.557	0.415
10.171	0	0	0	3.463	12.125	0	0	0	3.463	4.917	0	0	0	0.844	0.679	0	0	0	1	0.551	0	0	0	1	0.4	0	0	0	0	0	0.2	0	0	1	0.143	0	0	0	0.667	0.897	0.193
0	0	0	0	-1	0	0	0	0	-1	0	0	0	0	-1	0	0	0	0	-1	0	0	0	0	-1	0	0	0	0	-1	0	0	0	0	-1	0	0.2	0	0	-1	0.893	0.999
6.674	0.802	0.894	1.843	0	9.504	2.664	0.894	4.977	0	3.621	1.862	0.925	3.134	0	0.644	1	1	0.8	0	0.511	1	0	0.8	0	0.667	1	0	0.667	0	0	0	0.333	0.444	0	0	0	0.333	0.111	0.333	0.897	0.185
0	0	0	0	0	0	0	0	0	0	0	0	0	0	0	0	0	0	0	0	0	0	0	0	0	0	0	0	0	0	0.2	0	0	0	0	0	0	0	0	0	0.292	0.227
0	10.171	3.463	0	3.666	0	12.125	3.463	0	5.49	0	4.917	0.844	0	1.92	0	0.679	1	0	0.733	0	0.551	1	0	0.667	0	0.4	0	0	1	0	0	1	0.2	0	0	0.143	0.667	0	0.333	0.718	0.219
0	0	0	0	7.477	0	0	0	0	4.784	0	0	0	0	4.757	0	0	0	0	0.75	0	0	0	0	0.7	0	0	0	0	0.7	0	0.2	0	0	0.4	0	0	0	0	0	0.42	0.235
0	0.858	0	2.064	0	0	1.809	0	2.856	0	0	1.809	0	2.043	0	0	0	0	0	0	0	0	0	0	0	0	0	0	0	0	0	0.5	0	0.222	0	0	0.5	0	0	0	0.718	0.441
2.086	0	1.685	0.809	4.478	6.208	5.284	3.297	6.918	8.493	6.208	5.284	3.297	6.918	7.681	0.733	0.533	0.667	0.524	0.333	0.733	0.533	0.667	0.524	0.333	0.733	0.533	0.667	0.524	0.429	0.4	0.143	0	0	0	0	0	0	0	0	0.059	0.343
2.27	0	0.887	0	0	7.142	0	5.24	0	2.836	7.142	0	5.24	0	2.836	0.4	0	0.6	0	0.667	0.333	0	0.5	0	0.667	0.4	0	0.6	0	0.667	0.5	0	0.6	0	0.4	0	0	0	0	1	0.415	0.601
12.531	0	0	10.069	0.906	9.494	0	0	10.621	0.906	9.951	0	0	9.292	0.906	0.667	0	0	0.59	0	0.611	0	0	0.545	0	0.607	0	0	0.361	0	0	0	1	0	0.2	0	0	1	0	0	0	0.551
0	0.892	0	0	0	0	0.892	0	0	0	0	0.892	0	0	0	0	0	0	0	0	0	0	0	0	0	0	0	0	0	0	0	0.143	0	0	0.2	0	0	0	0	0	0.893	0.309
0	0	0.79	4.501	0	0.858	0	0.79	5.542	0	0.858	0	0.835	2.743	0	0	0	1	0.536	0	0	0	0	0.667	0	0	0	0	0.333	0	0.2	0	0	0.333	0	0	0	0	0	0	0	0.283
7.914	0	3.456	14.421	3.854	8.851	0	1.652	13.315	8.696	6.73	0	3.202	11.518	4.938	0.561	0	0.5	0.566	0.5	0.444	0	1	0.606	0.472	0.333	0	0.333	0.444	0.4	0	0	0	0.8	0.667	0.2	0	0.2	1	1	0	0.329
0.894	6.674	0	0.802	12.858	0.894	9.504	0	2.664	14.935	0.925	3.621	0	1.862	9.453	1	0.644	0	1	0.294	0	0.511	0	1	0.305	0	0.667	0	1	0.25	0.333	0	0	0	0.778	0.333	0	0.333	0	0.778	0.893	0.554
0	0	0	0	0	0	0	0	0	0	0	0	0	0	0	0	0	0	0	0	0	0	0	0	0	0	0	0	0	0	0	0	0	0	0	0	0	0	0	0.2	0.557	0.982
12.534	3.854	1.843	3.456	0.802	12.223	8.696	4.977	1.652	2.664	8.48	4.938	3.134	3.202	1.862	0.404	0.5	0.8	0.5	1	0.474	0.472	0.8	1	1	0.214	0.4	0.667	0.333	1	0	0.667	0.444	0	0	0	1	0.111	0.2	0	0	0.205
2.633	0	10.739	0	25.59	3.835	0	6.837	0	26.682	3.856	0	8.283	0	11.216	0.9	0	0.691	0	0.29	0.833	0	0.571	0	0.246	0.833	0	0.571	0	0.306	0	0	0.333	1	1	0	0	0.333	1	0.333	0	0.490
