0	0	0.926	4.011	0	0	0	0	0.833	0	0	0	0.926	4.011	0	0	0	0	0	0	0	0	0	0	0	0	0	0	0	0	0.6	1	0	0	1	0	1	0	0	0.125	0	0.761
0	0	0	0	0	0	0	0	0	0	0	0	0	0	0	0	0	0	0	0	0	0	0	0	0	0	0	0	0	0	0	0.75	0.8	0	0.2	0	1	1	0	0.4	0	0.692
9.276	0	0	1.841	0	9.276	0	0	3.298	0	2.108	0	0	5.353	0	0.756	0	0	0.1	0	0.733	0	0	0.333	0	0	0	0	0.1	0	0	0	0	0.2	0.75	0	0	0	0	1	0	0.491
0	0	0.798	0	0	0	0.807	1.605	0	0	0	0.807	0.807	0.972	0	0	0	0	0	0	0	0	0	0	0	0	0	0	0	0	0	0	0	0	0	0	0.333	0	0	0	0	0.515
0.839	0	0	0	0	0.839	0	0	0	0	0.839	0	0	0	0	0	0	0	0	0	0	0	0	0	0	0	0	0	0	0	0	0	0	0	0.4	0	0	0	0	0.2	0	0.538
0	1.64	0	0	3.005	0	2.519	0	0	0	0	2.519	0	0	3.005	0	1	0	0	0	0	0	0	0	0	0	1	0	0	0	0	0	0	0	0	0	0	0	0	0	0.714	0.139
1.798	0.965	0	0	0	4.058	2.714	1.976	0	0	2.26	2.714	1.976	0	1.178	0.5	0.333	1	0	0	0.5	0.333	1	0	0	0	0.333	1	0	0	0	0.4	0	0.5	0	0	0	0	0	0.2	0.559	0.202
19.626	0	0	8.128	12.304	24.938	1.75	0.804	12.518	19.573	14	1.75	0.804	11.593	9.123	0.571	1	0	0.615	0.4	0.558	1	0	0.564	0.368	0.545	1	0	0.545	0.389	0	0	0	0.4	0	0.4	0	0.333	0.8	0	0.896	0.563
7.028	10.558	14.122	6.871	16.813	12.332	16.792	20.206	13.266	22.517	3.841	4.361	0	3.329	0	0.641	0.767	0.532	0.648	0.553	0.641	0.758	0.521	0.648	0.547	0.167	0.667	0	0.333	0	0	0	0.333	0	0.5	0	0	0	0	0	0.897	0.093
0	0	0	0	1.055	0	0	0	0	1.055	0	0	0	0	1.055	0	0	0	0	0	0	0	0	0	0	0	0	0	0	0	0.75	1	0.667	0.2	0.2	1	1	1	0.4	0	0	0.727
10.42	0	24.12	1.682	4.22	18.618	1.685	33.905	9.693	10.798	8.154	2.483	10.79	6.881	4.603	0.45	1	0.389	0.756	0.545	0.45	1	0.377	0.756	0.545	0.179	0.667	0.139	0.429	0.4	0	0.25	0.6	0.2	0	0	0	0	0.2	0	0.559	0.164
0.907	1.101	4.011	1.055	0	0	1.101	0.833	1.055	0	0.907	1.101	4.011	1.055	0	0	0	0	0	0	0	0	0	0	0	0	0	0	0	0	0.333	0.75	0	0.2	1	0.333	0.25	0	0	1	0	0.740
0	0.818	2.349	0	0	0.872	0.818	0	0	0	0.872	0.818	2.349	0	0	0	0	0	0	0	0	0	0	0	0	0	0	0	0	0	0.444	0	0	0	0.2	0.444	0	0	0	0	0.197	0.703
0	0	4.179	1.834	0	0	0.816	5.805	1.834	0	0	0.816	4.994	1.834	0	0	0	0.533	1	0	0	0	0.467	1	0	0	0	0.6	1	0	0	0	0	0	0	0	0	0	0	0	0.894	0.131
0	18.376	0	0	0.818	0	20.164	0	0	0.818	0	6.378	0	0	0.818	0	0.448	0	0	0	0	0.433	0	0	0	0	0.19	0	0	0	0.25	0.111	0	0	0	0	0	0	0	0	0	0.600
0	0	0	0	0	0	0	0	0	0	0	0	0	0	0	0	0	0	0	0	0	0	0	0	0	0	0	0	0	0	0	0	0	0	0	0	0	0	0.4	0	0.556	0.999
1.712	21.525	1.902	0	4.226	5.8	23.643	3.87	0	10.411	4.764	10.637	6.972	0	8.676	0.467	0.478	0.476	0	0.509	0.467	0.498	0.5	0	0.509	0.5	0.289	0.286	0	0.361	0.4	0.2	0.6	0	0.4	1	0.2	0.4	0	0.4	0	0.809
0	0.839	0	0	0	0	0.839	0	0	1.099	0	0.839	0	0	1.099	0	0	0	0	0	0	0	0	0	0	0	0	0	0	0	0.143	0.5	0	0	0	0	0	0	0	0	0.418	0.132
0	0	0	0	0	0	0	0	0	0	0	0	0	0	0	0	0	0	0	0	0	0	0	0	0	0	0	0	0	0	0	0.4	1	0.2	0	0	0.8	1	0.6	0	0	0.461
0	0	0	0	0	0	0	0	0	0	0	0	0	0	0	0	0	0	0	0	0	0	0	0	0	0	0	0	0	0	0	0	0	0	0	0	0	0	0	0	0.717	0.132
4.762	0	19.001	2.735	2.729	12.866	3.597	24.133	10.137	8.205	6.158	3.597	12.723	7.402	5.539	0.538	0.667	0.339	0.578	0.75	0.526	0.5	0.406	0.533	0.75	0.4	0.667	0.242	0.429	0.467	0	1	0	0.333	0.8	0	1	0	0.333	0.8	0.298	0.187
0	0.898	18.376	2.795	0	0	0.898	20.164	3.71	0	0	0.898	6.378	1.771	0	0	0	0.448	0.667	0	0	0	0.433	0.667	0	0	0	0.19	0	0	0	0	0.111	0	0.25	0	0	0	0	0	0.556	0.234
0	0	0	0	0	0	0	0	0	0	0	0	0	0	0	0	0	0	0	0	0	0	0	0	0	0	0	0	0	0	0.8	0	0.2	0.75	1	1	0	0.4	1	1	0	0.767
0	0	0	0	0	0	0	0	0	0	0	0	0	0	0	0	0	0	0	0	0	0	0	0	0	0	0	0	0	0	0	0	0	0	0	0	0	0	0	0	0.554	0.671
0	0	0	0	0	0	0	0	0	0	0	0	0	0	0	0	0	0	0	0	0	0	0	0	0	0	0	0	0	0	0	0	0	0	0	0	0	0	0	0	0.893	0.990
3.643	25.465	0.826	0	1.729	5.447	24.227	0.826	0	3.6	5.447	20.626	0.826	0	2.774	0.267	0.26	0	0	0.667	0.267	0.283	0	0	0.667	0.267	0.211	0	0	0.667	0.571	0	0	1	0	0	0	0	1	0	0.299	0.263
0	0	0	0	21.525	0	0	0	0	23.643	0	0	0	0	10.637	0	0	0	0	0.478	0	0	0	0	0.498	0	0	0	0	0.289	0	0	0	0	0.2	0	0	0	0	0.2	0.19	0.682
1.945	0.885	0	0	1.64	0.879	0.885	0	0	2.519	2.824	0.885	0	0	2.519	0.333	0	0	0	1	0	0	0	0	0	0.333	0	0	0	1	0.25	0	0	0.2	0	0	0	0	0	0	0	0.473
3.512	1.729	0	0.826	1.834	6.463	3.6	0	0.826	1.834	5.652	2.774	0	0.826	1.834	0.476	0.667	0	0	1	0.429	0.667	0	0	1	0.4	0.667	0	0	1	0	0	0	0	0	0	0	0	0	0	0.72	0.102
0	0	0	7.505	0	0	0	0	6.158	0	0	0	1.162	4.896	0	0	0	0	0.75	0	0	0	0	0.667	0	0	0	0	0.7	0	0	0	0	0	0	0	0	0	0	0	0.418	0.188
0	0	2.795	0	0.898	0	0	3.71	0	0.898	0	0	1.771	0	0.898	0	0	0.667	0	0	0	0	0.667	0	0	0	0	0	0	0	0	0	0	0	0	0	0	0	0	0	0.557	0.169
4.011	0.907	0	1.101	0	0.833	0	0	1.101	0	4.011	0.907	0	1.101	0	0	0	0	0	0	0	0	0	0	0	0	0	0	0	0	0	0.333	1	0.75	0.6	0	0.333	1	0.25	0	0	0.537
3.005	0	0	0	0	0	0	0	0	0	3.005	0	0	0	0	0	0	0	0	0	0	0	0	0	0	0	0	0	0	0	0	0	0	0	0	0	0	0	0	0	0.415	0.276
0	0	1.055	0	1.101	0	0	1.055	0	1.101	0	0	1.055	0	1.101	0	0	0	0	0	0	0	0	0	0	0	0	0	0	0	0.667	0.75	0.2	1	0.75	1	1	0	1	0.25	0	0.985
4.226	1.902	2.735	1.712	0	10.411	3.87	10.137	5.8	3.597	8.676	6.972	7.402	4.764	3.597	0.509	0.476	0.578	0.467	0.667	0.509	0.5	0.533	0.467	0.5	0.361	0.286	0.429	0.5	0.667	0.4	0.6	0.333	0.4	1	0.4	0.4	0.333	1	1	0	0.652
0	0	0	0	-1	0	0	0	0	-1	0	0	0	0	-1	0	0	0	0	-1	0	0	0	0	-1	0	0	0	0	-1	0	0	0	0	-1	0	0	0	0	-1	0.896	0.999
0	0	0	4.179	5.36	0.866	0	0	5.805	5.399	0.866	0	0	4.994	2.569	0	0	0	0.533	0.667	0	0	0	0.467	0.6	0	0	0	0.6	0.333	0	0	0	0	0.5	0	0	0	0	0	0.896	0.181
0	0.798	0.842	0	0	0	1.605	0	0	0	0	0.807	1.814	0	0	0	0	0	0	0	0	0	0	0	0	0	0	0	0	0	0	0	0	0	0.5	0	0	0	0	0	0.415	0.221
2.666	0	1.81	0	1.701	2.666	0	1.81	0	2.597	0	0	1.81	0	2.597	1	0	0	0	0.667	1	0	0	0	0.667	0	0	0	0	0.667	0.8	0	0	0	0	0.2	0	0	0	0	0	0.801
0	0	0	4.175	0	0	0	0	4.366	0	0	0	0	4.558	0	0	0	0	0.8	0	0	0	0	0.667	0	0	0	0	1	0	0	0	0	0.333	0	0.4	0	0	0.333	0	0.298	0.393
0	17.263	0	0	0	0	21.611	0	0	0.849	0	11.141	0	0	0.849	0	0.529	0	0	0	0	0.524	0	0	0	0	0.356	0	0	0	0	0.75	0.6	0.857	0.667	0	0	0	0.571	0.111	0	0.615
0	0	0	0	0	0	0	0	0	0	0	0	0	0	0	0	0	0	0	0	0	0	0	0	0	0	0	0	0	0	0	0	0	0	0	0	0	0.2	0	0	0.559	0.231
0	0	0	0.842	0	0	0	0	1.099	0	0	0	0	1.941	0	0	0	0	0	0	0	0	0	0	0	0	0	0	0	0	0	0	0	0	0	0	0	0	0.5	0	0.292	0.244
0	0	0	1.798	0	0	1.976	0	4.058	0	1.178	1.976	0	2.26	0	0	1	0	0.5	0	0	1	0	0.5	0	0	1	0	0	0	0	0	0	0	0	0.2	0	0	0	0	0	0.408
0	0	0	0.876	0.825	0	0	0	0	0.825	0	0	0	0.876	0.825	0	0	0	0	0	0	0	0	0	0	0	0	0	0	0	0	0	0	0.8	0.25	0	0	0	0	0	0.56	0.170
12.388	0	1.612	0	3.631	15.597	0	1.612	0	5.613	4.887	0	1.612	0	1.982	0.675	0	1	0	0.867	0.675	0	1	0	0.867	0.3	0	1	0	1	0	0.75	0.25	0	0.8	0	0.5	0	0	0.2	0.296	0.403
0	1.701	0.961	1.81	7.505	0	2.597	1.857	1.81	6.158	0	2.597	3.019	1.81	4.896	0	0.667	0.333	0	0.75	0	0.667	1	0	0.667	0	0.667	0.333	0	0.7	0	0	0	0	0	0	0	0	0	0	0.56	0.246
0.876	0	0	0	0	0	0	0	0	0	0.876	0	0	0	0	0	0	0	0	0	0	0	0	0	0	0	0	0	0	0	0.8	0	0	0.8	0	0	0	0	0.6	0	0	0.679
0	0	0.825	0	1.866	0	0	0.825	0	0	0	0	0.825	0	1.866	0	0	0	0	0	0	0	0	0	0	0	0	0	0	0	0	0	0.25	0	0	0	0	0	0	0	0	0.536
0	5.36	3.912	0	0	0	5.399	3.912	0	0	0	2.569	3.912	0	0	0	0.667	1	0	0	0	0.6	0.833	0	0	0	0.333	1	0	0	0	0.5	0	0	0	0	0	0	0	0	0.415	0.141
2.349	0	0	0.818	0.885	0	0.872	0	0.818	0.885	2.349	0.872	0	0.818	0.885	0	0	0	0	0	0	0	0	0	0	0	0	0	0	0	0	0.444	0.2	0	0	0	0.444	0	0	0	0	0.355
4.179	0	0	0	0	5.805	0	0	0.816	0.866	4.994	0	0	0.816	0.866	0.533	0	0	0	0	0.467	0	0	0	0	0.6	0	0	0	0	0	0	0	0	0	0	0	0	0	0	0.056	0.094
0	9.276	0	0	0	0	9.276	0	0	0	0	2.108	0	0	0	0	0.756	0	0	0	0	0.733	0	0	0	0	0	0	0	0	0	0	0.75	0	0	0	0	1	0	0	0	0.800
0	0	0	0	0	0	0	0	0	0	1.162	0	0	0	0	0	0	0	0	0	0	0	0	0	0	0	0	0	0	0	0	0	0	0	0	0	0	0	0	0	0	0.296
0	19.626	12.304	0	12.745	0.804	24.938	19.573	1.75	20.151	0.804	14	9.123	1.75	12.322	0	0.571	0.4	1	0.544	0	0.558	0.368	1	0.526	0	0.545	0.389	1	0.436	0	0	0	0	0	0.333	0.4	0	0	0	0.714	0.829
0	0	0	-1	0	0	0	0	-1	0	0	0	0	-1	0	0	0	0	-1	0	0	0	0	-1	0	0	0	0	-1	0	0	0	0	-1	0	0	0.4	0	-1	0	0.717	0.999
0.839	0	0	0	0	0.839	0	0	0	0	0.839	0	0	0	0	0	0	0	0	0	0	0	0	0	0	0	0	0	0	0	0.5	0	0.143	0	0	0	0	0	0	0	0	0.525
0.926	0	0	0	0	0	0	0	0	0	0.926	0	0	0	0	0	0	0	0	0	0	0	0	0	0	0	0	0	0	0	0	0.6	1	1	0.8	0	0	0.125	1	0.6	0	0.593
0	1.682	10.42	1.733	24.12	1.685	9.693	18.618	8.629	33.905	2.483	6.881	8.154	6.911	10.79	1	0.756	0.45	0.472	0.389	1	0.756	0.45	0.444	0.377	0.667	0.429	0.179	0.143	0.139	0.25	0.2	0	0.4	0.6	0	0.2	0	0.4	0	0.018	0.718
0	0	0.839	0	0	0	0	0.839	0	0	0	0	0.839	0	0	0	0	0	0	0	0	0	0	0	0	0	0	0	0	0	0	0	0	0	0	0	0	0	0	0	0.418	0.326
12.745	12.304	3.675	0	15.989	20.151	19.573	5.734	0.804	22.164	12.322	9.123	7.605	0.804	13.718	0.544	0.4	0.393	0	0.66	0.526	0.368	0.333	0	0.634	0.436	0.389	0.321	0	0.622	0	0	0	0	0.333	0	0	0	0.333	0.333	0	0.424
0.826	3.643	1.729	25.465	3.512	0.826	5.447	3.6	24.227	6.463	0.826	5.447	2.774	20.626	5.652	0	0.267	0.667	0.26	0.476	0	0.267	0.667	0.283	0.429	0	0.267	0.667	0.211	0.4	0	0.571	0	0	0	0	0	0	0	0	0.415	0.194
15.989	3.675	17.094	12.745	10.502	22.164	5.734	21.846	20.151	12.644	13.718	7.605	16.276	12.322	7.838	0.66	0.393	0.348	0.544	0.725	0.634	0.333	0.324	0.526	0.773	0.622	0.321	0.276	0.436	0.714	0.333	0	0.2	0	0.25	0.333	0	0.6	0	0	0	0.337
29.771	0	0	0	0.965	33.456	0.849	0	0	2.714	14.959	0.849	0	0	2.714	0.453	0	0	0	0.333	0.444	0	0	0	0.333	0.418	0	0	0	0.333	1	0.667	0.5	0.6	0.4	0	0.111	0	0	0	0	0.334
0	0.842	0	0	0	0	0	0	0	0	0	1.814	0	0	0	0	0	0	0	0	0	0	0	0	0	0	0	0	0	0	0.5	0	0	0	0	0	0	0	0	0	0	0.544
0	4.175	0	10.502	0	0	4.366	0	12.644	0	0	4.558	0	7.838	0	0	0.8	0	0.725	0	0	0.667	0	0.773	0	0	1	0	0.714	0	0	0.333	0	0.25	0	0	0.333	0.4	0	0	0.298	0.224
0	0	0	0	0	0	0	0	0	0	0	0	0	0	0	0	0	0	0	0	0	0	0	0	0	0	0	0	0	0	1	0.2	0.75	0.8	0.667	1	0.4	1	1	1	0	0.996
0	0	1.841	0	0	0	0	3.298	0	0	0	0	5.353	1.178	0	0	0	0.1	0	0	0	0	0.333	0	0	0	0	0.1	0	0	0	0	0.2	0	0	0	0	0	0.2	0	0.718	0.541
1.64	0	0	1.945	0	2.519	0	0	0.879	0	2.519	0	0	2.824	0	1	0	0	0.333	0	0	0	0	0	0	1	0	0	0.333	0	0	0	0	0.25	0	0	0	0	0	0	0.896	0.203
8.128	1.884	0	2.651	19.626	12.518	1.884	1.75	3.998	24.938	11.593	1.884	1.75	2.386	14	0.615	1	1	1	0.571	0.564	1	1	1	0.558	0.545	1	1	1	0.545	0.4	0	0	0	0	0.8	0.429	0	0.4	0.4	0.556	0.429
0	0	0	0	0	0	0	0	0	0	0	0	0	0	0	0	0	0	0	0	0	0	0	0	0	0	0	0	0	0	0	0	0	0	0	0	0	0	0	0	0.896	0.997
18.376	0	0	0.898	0	20.164	0	0	0.898	0	6.378	0	0	0.898	0	0.448	0	0	0	0	0.433	0	0	0	0	0.19	0	0	0	0	0.111	0	0.25	0	0	0	0	0	0	0	0.298	0.224
0.961	0	7.505	1.701	0	1.857	0	6.158	2.597	0	3.019	0	4.896	2.597	0	0.333	0	0.75	0.667	0	1	0	0.667	0.667	0	0.333	0	0.7	0.667	0	0	0	0	0	0	0	0	0	0	0	0	0.212
1.834	0	0	3.512	0	1.834	0	0.816	6.463	0	1.834	0	0.816	5.652	0	1	0	0	0.476	0	1	0	0	0.429	0	1	0	0	0.4	0	0	0	0	0	0	0	0	0	0	0	0.299	0.189
0.825	0	0.898	0	0	0.825	0	0.898	0	0	0.825	0	0.898	0	0.972	0	0	0	0	0	0	0	0	0	0	0	0	0	0	0	0	0	0	0	0	0.2	0	0	0	0	0	0.216
14.122	7.028	16.813	10.558	0	20.206	12.332	22.517	16.792	0	0	3.841	0	4.361	0	0.532	0.641	0.553	0.767	0	0.521	0.641	0.547	0.758	0	0	0.167	0	0.667	0	0.333	0	0.5	0	1	0	0	0	0	1	0.714	0.244
0	0	29.771	0	0	0.849	0	33.456	0	0	0.849	0	14.959	0	0	0	0	0.453	0	0	0	0	0.444	0	0	0	0	0.418	0	0	0.667	0.6	1	0	0.5	0.111	0	0	0	0	0.299	0.669
0	0	0	0	0	0	0	0	0	0	0	0	0	0	0	0	0	0	0	0	0	0	0	0	0	0	0	0	0	0	0	0	0	0	0	0	0	0	0	0	0.714	0.767
0	0	0	0	0	0	0	0	0	0	0	0	0	0	0	0	0	0	0	0	0	0	0	0	0	0	0	0	0	0	0	0	0	0	0	0	0	0	0.4	0	0.557	0.980
2.735	4.226	0	1.902	4.762	10.137	10.411	3.597	3.87	12.866	7.402	8.676	3.597	6.972	6.158	0.578	0.509	0.667	0.476	0.538	0.533	0.509	0.5	0.5	0.526	0.429	0.361	0.667	0.286	0.4	0.333	0.4	1	0.6	0	0.333	0.4	1	0.4	0	0	0.535
17.263	0	0	1.055	0	21.611	0	0	1.055	0	11.141	0	0	1.055	0	0.529	0	0	0	0	0.524	0	0	0	0	0.356	0	0	0	0	0.75	0.857	0	0.8	0.6	0	0.571	0	0.4	0	0	0.506
19.001	4.762	2.729	0	1.635	24.133	12.866	8.205	3.597	7.354	12.723	6.158	5.539	3.597	4.58	0.339	0.538	0.75	0.667	0.75	0.406	0.526	0.75	0.5	0.75	0.242	0.4	0.467	0.667	0.6	0	0	0.8	1	0	0	0	0.8	1	0.333	0.018	0.301
0	0	3.005	1.64	0	0	0	0	2.519	0	0	0	3.005	2.519	0	0	0	0	1	0	0	0	0	0	0	0	0	0	1	0	0	0	0	0	0	0	0	0	0	0	0.554	0.165
17.094	15.989	10.502	3.675	4.175	21.846	22.164	12.644	5.734	4.366	16.276	13.718	7.838	7.605	4.558	0.348	0.66	0.725	0.393	0.8	0.324	0.634	0.773	0.333	0.667	0.276	0.622	0.714	0.321	1	0.2	0.333	0.25	0	0.333	0.6	0.333	0	0	0.333	0.198	0.143
0	0	2.666	0	1.81	0	0	2.666	0	1.81	0	0	0	0	1.81	0	0	1	0	0	0	0	1	0	0	0	0	0	0	0	0	0	0.8	1	0	0	0	0.2	1	0	0.419	0.990
6.871	4.22	10.558	24.12	7.028	13.266	10.798	16.792	33.905	12.332	3.329	4.603	4.361	10.79	3.841	0.648	0.545	0.767	0.389	0.641	0.648	0.545	0.758	0.377	0.641	0.333	0.4	0.667	0.139	0.167	0	0	0	0.6	0	0	0	0	0	0	0.896	0.246
0	0	0	0	0	0	0	0	0	0	0	0	0	0	0	0	0	0	0	0	0	0	0	0	0	0	0	0	0	0	0	0	0	0	0	0	0.4	0	0	0	0.418	0.959
1.866	0.825	0	0	0	0	0.825	0	0	0	1.866	0.825	0	0	0	0	0	0	0	0	0	0	0	0	0	0	0	0	0	0	0	0.25	0.2	0	0.857	0	0	0	0	0.857	0	0.488
0	4.179	0	0	0	0	5.805	0.866	0	0	0	4.994	0.866	0	0	0	0.533	0	0	0	0	0.467	0	0	0	0	0.6	0	0	0	0	0	0	0	0	0	0	0	0	0	0.294	0.314
0	1.945	1.64	0.885	0	0	0.879	2.519	0.885	0	0	2.824	2.519	0.885	0	0	0.333	1	0	0	0	0	0	0	0	0	0.333	1	0	0	0	0.25	0	0	0	0	0	0	0	0	0.42	0.309
0	3.512	1.834	1.729	0	0	6.463	1.834	3.6	0.816	0	5.652	1.834	2.774	0.816	0	0.476	1	0.667	0	0	0.429	1	0.667	0	0	0.4	1	0.667	0	0	0	0	0	0	0	0	0	0	0	0.893	0.136
0	0	0	0	0	0	0	0	0	0	0	0	0	0	0	0	0	0	0	0	0	0	0	0	0	0	0	0	0	0	0.2	0.2	0.4	0	0	0.6	0.2	0.8	0	0	0	0.649
0	0.876	0	0	0	0	0	0	0	0	0	0.876	0	0	0	0	0	0	0	0	0	0	0	0	0	0	0	0	0	0	0	0.8	0	0	0	0	0	0	0	0	0.717	0.254
1.81	2.666	1.701	0	0	1.81	2.666	2.597	0	0	1.81	0	2.597	0	0	0	1	0.667	0	0	0	1	0.667	0	0	0	0	0.667	0	0	0	0.8	0	0	0	0	0.2	0	0	0	0.198	0.210
0	0	25.465	21.274	3.643	0	0	24.227	19.13	5.447	0	0.801	20.626	13.314	5.447	0	0	0.26	0.626	0.267	0	0	0.283	0.662	0.267	0	0	0.211	0.527	0.267	1	0	0	1	0.571	1	0	0	0.667	0	0	0.890
0	0	0	0	0	0	0	0	0	0	0	0	0	0	0	0	0	0	0	0	0	0	0	0	0	0	0	0	0	0	0.2	0.8	1	0	0.75	0.4	1	1	0	1	0	0.741
0	4.011	0	0.907	0.926	0	0.833	0	0	0	0	4.011	0	0.907	0.926	0	0	0	0	0	0	0	0	0	0	0	0	0	0	0	1	0	0.6	0.333	0	1	0	0	0.333	0	0.119	0.992
0	0	0	0	0.839	0	0	0	0	0.839	0	0	0	1.162	0.839	0	0	0	0	0	0	0	0	0	0	0	0	0	0	0	0	0	0	0	0.5	0	0	0	0	0	0.414	0.168
0	1.055	17.263	0	0	0	1.055	21.611	0.799	0	0	1.055	11.141	0.799	0	0	0	0.529	0	0	0	0	0.524	0	0	0	0	0.356	0	0	0.857	0.8	0.75	0	0	0.571	0.4	0	0	0	0.299	0.804
2.795	0	0.898	0	0	3.71	0	0.898	0	0	1.771	0	0.898	0	0	0.667	0	0	0	0	0.667	0	0	0	0	0	0	0	0	0	0	0	0	0	0	0	0	0	0	0	0	0.459
0	8.128	19.626	1.884	0	1.75	12.518	24.938	1.884	0.804	1.75	11.593	14	1.884	0.804	1	0.615	0.571	1	0	1	0.564	0.558	1	0	1	0.545	0.545	1	0	0	0.4	0	0	0	0	0.8	0.4	0.429	0.333	0.718	0.213
1.055	0	1.101	0	0.907	1.055	0	1.101	0	0	1.055	0	1.101	0	0.907	0	0	0	0	0	0	0	0	0	0	0	0	0	0	0	0.2	0.667	0.75	0.75	0.333	0	1	0.25	1	0.333	0	0.549
1.612	12.388	3.631	0	0	1.612	15.597	5.613	0	0.799	1.612	4.887	1.982	0	0.799	1	0.675	0.867	0	0	1	0.675	0.867	0	0	1	0.3	1	0	0	0.25	0	0.8	0.75	0	0	0	0.2	0.5	0	0.718	0.709
1.884	2.651	8.128	0	0	1.884	3.998	12.518	0	1.75	1.884	2.386	11.593	0	1.75	1	1	0.615	0	1	1	1	0.564	0	1	1	1	0.545	0	1	0	0	0.4	0	0	0.429	0.4	0.8	0	0	0.557	0.206
0	0	0	0	0	0	0	0	0	0	0	0	0	0	0	0	0	0	0	0	0	0	0	0	0	0	0	0	0	0	0.2	0	0.2	0	0.4	0.2	0	0.6	0.2	0.8	0	0.494
0	0	0	0	0	0	0	0	0	0	0	1.162	0	0	0	0	0	0	0	0	0	0	0	0	0	0	0	0	0	0	0	0	0	0	0	0	0	0	0	0	0	0.452
0	0	0	0	0	0	0	0	0	0	0	0	0	0	0	0	0	0	0	0	0	0	0	0	0	0	0	0	0	0	0	0	0	0	0	0	0	0	0	0	0.717	0.986
0	0	0	0.898	0.798	0.807	0	0	0.898	1.605	0.807	0.972	0	0.898	0.807	0	0	0	0	0	0	0	0	0	0	0	0	0	0	0	0	0	0	0	0	0.333	0	0	0	0	0.299	0.500
0	1.798	0	0.965	0	1.976	4.058	0	2.714	0	1.976	2.26	1.178	2.714	0	1	0.5	0	0.333	0	1	0.5	0	0.333	0	1	0	0	0.333	0	0	0	0	0.4	0	0	0	0.2	0	0	0.197	0.148
0	0	0	0	0	0	0	0	0	0	0	0	0	0	0	0	0	0	0	0	0	0	0	0	0	0	0	0	0	0	0	0.857	0	0.2	0	0	0.857	0	0	0	0.197	0.172
0	0.842	0	0	0	0	1.099	0	0	0	0	1.941	0	0	0	0	0	0	0	0	0	0	0	0	0	0	0	0	0	0	0	0	0	0	0	0	0.5	0	0	0	0	0.623
16.813	14.122	0	7.028	0	22.517	20.206	0	12.332	0	0	0	0	3.841	0	0.553	0.532	0	0.641	0	0.547	0.521	0	0.641	0	0	0	0	0.167	0	0.5	0.333	1	0	0	0	0	1	0	0	0	0.535
7.505	0.961	0	0	0	6.158	1.857	0	0	0	4.896	3.019	0	0	0	0.75	0.333	0	0	0	0.667	1	0	0	0	0.7	0.333	0	0	0	0	0	0	0	0	0	0	0	0	0	0	0.233
0	1.834	0	0	4.179	0.816	1.834	0	0	5.805	0.816	1.834	0	0	4.994	0	1	0	0	0.533	0	1	0	0	0.467	0	1	0	0	0.6	0	0	0	0	0	0	0	0	0	0	0.897	0.307
0.798	0	0	0	0.842	1.605	0	0	0.807	0	0.807	0	0	0.807	1.814	0	0	0	0	0	0	0	0	0	0	0	0	0	0	0	0	0	0	0	0	0	0	0	0.333	0	0	0.173
3.631	1.612	0	12.388	1.055	5.613	1.612	0.799	15.597	1.055	1.982	1.612	0.799	4.887	1.055	0.867	1	0	0.675	0	0.867	1	0	0.675	0	1	1	0	0.3	0	0.8	0.25	0	0	0.8	0.2	0	0	0	0.4	0.298	0.588
12.304	0	12.745	19.626	3.675	19.573	0.804	20.151	24.938	5.734	9.123	0.804	12.322	14	7.605	0.4	0	0.544	0.571	0.393	0.368	0	0.526	0.558	0.333	0.389	0	0.436	0.545	0.321	0	0	0	0	0	0	0.333	0	0.4	0	0.419	0.185
0	0	0.876	0	0	0	0	0	0	0	0	0	0.876	0	0	0	0	0	0	0	0	0	0	0	0	0	0	0	0	0	0	0.8	0.8	1	0	0	0.6	0	0.125	0	0.297	0.841
24.12	10.42	4.22	0	6.871	33.905	18.618	10.798	1.685	13.266	10.79	8.154	4.603	2.483	3.329	0.389	0.45	0.545	1	0.648	0.377	0.45	0.545	1	0.648	0.139	0.179	0.4	0.667	0.333	0.6	0	0	0.25	0	0	0	0	0	0	0	0.302
2.651	0	1.884	3.912	8.128	3.998	0	1.884	3.912	12.518	2.386	0	1.884	3.912	11.593	1	0	1	1	0.615	1	0	1	0.833	0.564	1	0	1	1	0.545	0	0	0	0	0.4	0.4	0	0.429	0	0.8	0.419	0.362
0	0	0	0	0	0	0	0	0	0	0	0	0	0	0	0	0	0	0	0	0	0	0	0	0	0	0	0	0	0	0	0	0	0	0.2	0.2	0	0	0	0.2	0.06	0.528
4.175	10.502	0	17.094	0	4.366	12.644	0	21.846	0	4.558	7.838	0	16.276	0	0.8	0.725	0	0.348	0	0.667	0.773	0	0.324	0	1	0.714	0	0.276	0	0.333	0.25	0	0.2	0	0.333	0	0	0.6	0.4	0	0.368
0	0	0	0	1.841	0	0	0	1.976	3.298	0	1.178	0	1.976	5.353	0	0	0	1	0.1	0	0	0	1	0.333	0	0	0	1	0.1	0	0	0	0	0.2	0	0.2	0	0	0	0.556	0.181
0	0	0.825	3.005	0.898	0	0	0.825	0	0.898	0	0	0.825	3.005	0.898	0	0	0	0	0	0	0	0	0	0	0	0	0	0	0	0	0	0	0	0	0	0	0.2	0	0	0	0.529
0	0	-1	0	-1	0	0	-1	0	-1	0	0	-1	0	-1	0	0	-1	0	-1	0	0	-1	0	-1	0	0	-1	0	-1	0	0	-1	0	-1	0	0	-1	0	-1	0.896	0.999
0	0	0	0.842	0	0	0	0	0	0	0	0	0	1.814	0	0	0	0	0	0	0	0	0	0	0	0	0	0	0	0	0	0.5	0	0	0	0	0	0	0	0	0.557	0.202
0	0	21.525	0	1.712	0	0	23.643	0	5.8	0	0	10.637	0	4.764	0	0	0.478	0	0.467	0	0	0.498	0	0.467	0	0	0.289	0	0.5	0	0	0.2	0	0.4	0	0	0.2	0	1	0.197	0.600
0.898	2.795	0	0	18.376	0.898	3.71	0	0	20.164	0.898	1.771	0	0	6.378	0	0.667	0	0	0.448	0	0.667	0	0	0.433	0	0	0	0	0.19	0	0	0	0	0.111	0	0	0	0	0	0	0.268
0	2.349	0.885	0	1.945	0	0	0.885	0.872	0.879	0	2.349	0.885	0.872	2.824	0	0	0	0	0.333	0	0	0	0	0	0	0	0	0	0.333	0.2	0	0	0.444	0.25	0	0	0	0.444	0	0.557	0.245
0	0	0	0	2.666	0	0	0	0	2.666	0	0	0	0	0	0	0	0	0	1	0	0	0	0	1	0	0	0	0	0	0	1	0	0	0.8	0	1	0	0	0.2	0	0.973
10.558	6.871	7.028	4.22	14.122	16.792	13.266	12.332	10.798	20.206	4.361	3.329	3.841	4.603	0	0.767	0.648	0.641	0.545	0.532	0.758	0.648	0.641	0.545	0.521	0.667	0.333	0.167	0.4	0	0	0	0	0	0.333	0	0	0	0	0	0.415	0.309
5.36	0	0	0	3.912	5.399	0	0	0.866	3.912	2.569	0	0	0.866	3.912	0.667	0	0	0	1	0.6	0	0	0	0.833	0.333	0	0	0	1	0.5	0	0	0	0	0	0	0	0	0	0.119	0.394
1.841	0	0	0	9.276	3.298	0	0	0	9.276	5.353	0	0	0	2.108	0.1	0	0	0	0.756	0.333	0	0	0	0.733	0.1	0	0	0	0	0.2	0	0	0	0	0	0	0	0	0	0.057	0.279
0	0	0	0	0	0	0	0	0	0	0	0	0	0	0	0	0	0	0	0	0	0	0	0	0	0	0	0	0	0	0.4	0.2	0	0.2	1	0.8	0.6	0	0.2	1	0	0.697
0	-1	0	-1	0	0	-1	0	-1	0	0	-1	0	-1	0	0	-1	0	-1	0	0	-1	0	-1	0	0	-1	0	-1	0	0	-1	0	-1	0	0.4	-1	0	-1	0	0.899	0.999
0	0	0	0	0	0	0	0	0	0	0	0	0	0	0	0	0	0	0	0	0	0	0	0	0	0	0	0	0	0	0	0	0	0	0	0	0	0	0	0	0.9	0.822
0	0.898	0	0.825	0	0	0.898	0.807	0.825	0	0.972	0.898	0.807	0.825	0	0	0	0	0	0	0	0	0	0	0	0	0	0	0	0	0	0	0	0	0	0	0	0.333	0.2	0	0.3	0.191
0	0.926	0	0	0	0	0	0	0	0	0	0.926	0	0	0	0	0	0	0	0	0	0	0	0	0	0	0	0	0	0	1	0	0.8	0.6	0	0.125	0	0.6	0	0	0	0.939
2.729	19.001	1.635	4.762	1.733	8.205	24.133	7.354	12.866	8.629	5.539	12.723	4.58	6.158	6.911	0.75	0.339	0.75	0.538	0.472	0.75	0.406	0.75	0.526	0.444	0.467	0.242	0.6	0.4	0.143	0.8	0	0	0	0.4	0.8	0	0.333	0	0.4	0.298	0.583
4.22	24.12	6.871	10.42	10.558	10.798	33.905	13.266	18.618	16.792	4.603	10.79	3.329	8.154	4.361	0.545	0.389	0.648	0.45	0.767	0.545	0.377	0.648	0.45	0.758	0.4	0.139	0.333	0.179	0.667	0	0.6	0	0	0	0	0	0	0	0	0.419	0.474
0.842	0	0	0	0	1.099	0	0	1.099	0	1.941	0	0	1.099	0	0	0	0	0	0	0	0	0	0	0	0	0	0	0	0	0	0	0	0	0	0.5	0	0	0	0	0.119	0.368
25.465	0	3.643	0	0.826	24.227	0	5.447	0	0.826	20.626	0	5.447	0.801	0.826	0.26	0	0.267	0	0	0.283	0	0.267	0	0	0.211	0	0.267	0	0	0	1	0.571	0	0	0	1	0	0	0	0	0.256
0	0	0	0	0	0	0	0	0	0	0	0	0	0	0	0	0	0	0	0	0	0	0	0	0	0	0	0	0	0	0	0	0	0	0	0	0	0	0	0	0.898	0.939
0.818	0	0	0	2.349	0.818	0	0.872	0	0	0.818	0	0.872	0	2.349	0	0	0	0	0	0	0	0	0	0	0	0	0	0	0	0	0	0.444	0.25	0	0	0	0.444	0	0	0.556	0.251
1.729	0.826	3.512	3.643	0	3.6	0.826	6.463	5.447	0	2.774	0.826	5.652	5.447	0	0.667	0	0.476	0.267	0	0.667	0	0.429	0.267	0	0.667	0	0.4	0.267	0	0	0	0	0.571	0	0	0	0	0	0	0.716	0.172
0	0	0	0	0	0	0	0	0	0	0	0	0	0	0	0	0	0	0	0	0	0	0	0	0	0	0	0	0	0	0	0	0	0	0	0	0	0	0	0	0.9	0.994
0	0	0	0	0	0	0	0	0	0	0	0	0	0	0	0	0	0	0	0	0	0	0	0	0	0	0	0	0	0	0	0	0	0.857	0	0	0	0	0.857	0	0.196	0.353
1.682	1.733	0	1.635	10.42	9.693	8.629	1.685	7.354	18.618	6.881	6.911	2.483	4.58	8.154	0.756	0.472	1	0.75	0.45	0.756	0.444	1	0.75	0.45	0.429	0.143	0.667	0.6	0.179	0.2	0.4	0.25	0	0	0.2	0.4	0	0.333	0	0.717	0.275
0	0	0	16.813	12.388	0	0	0	22.517	15.597	0	0	0	0	4.887	0	0	0	0.553	0.675	0	0	0	0.547	0.675	0	0	0	0	0.3	0	1	0.75	0.5	0	0	1	0.5	0	0	0.294	0.929
1.701	1.81	0	2.666	0.961	2.597	1.81	0	2.666	1.857	2.597	1.81	0	0	3.019	0.667	0	0	1	0.333	0.667	0	0	1	1	0.667	0	0	0	0.333	0	0	0	0.8	0	0	0	0	0.2	0	0.556	0.161
0	29.771	0.965	0	1.798	0	33.456	2.714	0.849	4.058	0	14.959	2.714	0.849	2.26	0	0.453	0.333	0	0.5	0	0.444	0.333	0	0.5	0	0.418	0.333	0	0	0.5	1	0.4	0.667	0	0	0	0	0.111	0	0	0.692
0	0	0.839	0	0	0	0	0.839	0	0	0	0	0.839	0	0	0	0	0	0	0	0	0	0	0	0	0	0	0	0	0	0	0	0.5	0	0.143	0	0	0	0	0	0.195	0.190
10.502	17.094	4.175	15.989	0	12.644	21.846	4.366	22.164	0	7.838	16.276	4.558	13.718	0	0.725	0.348	0.8	0.66	0	0.773	0.324	0.667	0.634	0	0.714	0.276	1	0.622	0	0.25	0.2	0.333	0.333	0	0	0.6	0.333	0.333	0	0	0.431
0	16.813	0	14.122	0	0	22.517	0	20.206	0	0	0	0	0	0	0	0.553	0	0.532	0	0	0.547	0	0.521	0	0	0	0	0	0	1	0.5	0	0.333	0.75	1	0	0	0	0.5	0.298	0.963
0	0.839	0	0	21.274	0	0.839	0	0	19.13	0	0.839	0	0	13.314	0	0	0	0	0.626	0	0	0	0	0.662	0	0	0	0	0.527	0	0	0.4	0	1	0	0	0.2	0	0.667	0	0.289
0	3.631	1.055	1.612	0	0.799	5.613	1.055	1.612	0	0.799	1.982	1.055	1.612	0	0	0.867	0	1	0	0	0.867	0	1	0	0	1	0	1	0	0	0.8	0.8	0.25	0.857	0	0.2	0.4	0	0.571	0	0.565
0	0	21.274	0.839	0	0	0	19.13	0.839	0	0	0	13.314	0.839	0.801	0	0	0.626	0	0	0	0	0.662	0	0	0	0	0.527	0	0	0.4	0	1	0	0	0.2	0	0.667	0	0	0	0.524
0	0	0.818	18.376	0	0	0	0.818	20.164	0.872	0	0	0.818	6.378	0.872	0	0	0	0.448	0	0	0	0	0.433	0	0	0	0	0.19	0	0	0.25	0	0.111	0.444	0	0	0	0	0.444	0.296	0.316
0	0	0	0	0	0	0	0	0	0	0	0	0	0	0	0	0	0	0	0	0	0	0	0	0	0	0	0	0	0	0	0	0	0	0	0	0	0	0	0	0.713	0.984
0	0	0	9.276	0	0	0	0	9.276	0	0	0	0	2.108	0	0	0	0	0.756	0	0	0	0	0.733	0	0	0	0	0	0	0.75	0	0	0	0.8	1	0	0	0	1	0	0.962
0	0	0	0	0	0	0	0	0	0	0	0	0	0	0	0	0	0	0	0	0	0	0	0	0	0	0	0	0	0	0	0	0.2	0	0.2	0	0.2	0.2	0	0.6	0	0.652
0	0	0	1.866	0	0	0	0	0	0	0	0	0	1.866	0	0	0	0	0	0	0	0	0	0	0	0	0	0	0	0	0.857	0.2	0	0	0	0.857	0	0	0	0	0.299	0.787
0	0	0	0	0	0	0	0	0	0	0	0	0	0	0	0	0	0	0	0	0	0	0	0	0	0	0	0	0	0	0	0	0	0	0	0	0	0	0	0.2	0.415	0.137
0	3.912	2.651	0	1.884	0	3.912	3.998	0	1.884	0	3.912	2.386	0	1.884	0	1	1	0	1	0	0.833	1	0	1	0	1	1	0	1	0	0	0	0	0	0	0	0.4	0	0.429	0.196	0.142
0	21.274	0	0	25.465	0	19.13	0	0	24.227	0.801	13.314	0	0	20.626	0	0.626	0	0	0.26	0	0.662	0	0	0.283	0	0.527	0	0	0.211	0	1	1	0.4	0	0	0.667	1	0.2	0	0	0.383
0	0	0	0	2.795	0	0	0	0	3.71	0	0	0	0	1.771	0	0	0	0	0.667	0	0	0	0	0.667	0	0	0	0	0	0	0	0	0	0	0	0	0	0	0	0.419	0.222
0	0	0	0	0	0	0	0	0	0	0	0	0	0	0	0	0	0	0	0	0	0	0	0	0	0	0	0	0	0	1	0	0	0.4	0	1	0	0	0.8	0	0	0.937
1.055	0	0	3.631	17.263	1.055	0.799	0	5.613	21.611	1.055	0.799	0	1.982	11.141	0	0	0	0.867	0.529	0	0	0	0.867	0.524	0	0	0	1	0.356	0.8	0	0.857	0.8	0.75	0.4	0	0.571	0.2	0	0.298	0.754
0	0	0	0	0.842	1.099	0	0	0	1.099	1.099	0	0	0	1.941	0	0	0	0	0	0	0	0	0	0	0	0	0	0	0	0	0	0	0.143	0	0	0	0	0	0.5	0.299	0.166
0	2.735	4.762	4.226	19.001	3.597	10.137	12.866	10.411	24.133	3.597	7.402	6.158	8.676	12.723	0.667	0.578	0.538	0.509	0.339	0.5	0.533	0.526	0.509	0.406	0.667	0.429	0.4	0.361	0.242	1	0.333	0	0.4	0	1	0.333	0	0.4	0	0	0.919
0	1.866	0	0.825	0	0	0	0	0.825	0	0	1.866	0	0.825	0	0	0	0	0	0	0	0	0	0	0	0	0	0	0	0	0.2	0	0.857	0.25	0	0	0	0.857	0	0	0	0.631
3.912	0	0	5.36	2.651	3.912	0	0	5.399	3.998	3.912	0	0	2.569	2.386	1	0	0	0.667	1	0.833	0	0	0.6	1	1	0	0	0.333	1	0	0	0	0.5	0	0	0	0	0	0.4	0.299	0.188
1.101	1.055	0.907	0	4.011	1.101	1.055	0	0	0.833	1.101	1.055	0.907	0	4.011	0	0	0	0	0	0	0	0	0	0	0	0	0	0	0	0.75	0.2	0.333	0.667	0	0.25	0	0.333	1	0	0	0.640
21.525	0	1.712	0	1.902	23.643	0	5.8	0	3.87	10.637	0	4.764	0	6.972	0.478	0	0.467	0	0.476	0.498	0	0.467	0	0.5	0.289	0	0.5	0	0.286	0.2	0	0.4	0	0.6	0.2	0	1	0	0.4	0	0.497
0	0	0	0	0	0	0	0	0	0	0	0	0	0	0	0	0	0	0	0	0	0	0	0	0	0	0	0	0	0	0	0	0	0	0	0	0	0	0	0	0.897	0.992
0.965	0	1.798	29.771	0	2.714	0	4.058	33.456	1.976	2.714	0	2.26	14.959	1.976	0.333	0	0.5	0.453	1	0.333	0	0.5	0.444	1	0.333	0	0	0.418	1	0.4	0.5	0	1	0	0	0	0	0	0	0	0.230
1.733	1.635	1.682	2.729	0	8.629	7.354	9.693	8.205	1.685	6.911	4.58	6.881	5.539	2.483	0.472	0.75	0.756	0.75	1	0.444	0.75	0.756	0.75	1	0.143	0.6	0.429	0.467	0.667	0.4	0	0.2	0.8	0.25	0.4	0.333	0.2	0.8	0	0.298	0.503
21.274	0	0	0	0	19.13	0	0	0	0	13.314	0	0.801	0	0	0.626	0	0	0	0	0.662	0	0	0	0	0.527	0	0	0	0	1	0.4	0	0	1	0.667	0.2	0	0	1	0	0.461
0	0	5.36	0	0	0	0.866	5.399	0	0	0	0.866	2.569	0	0	0	0	0.667	0	0	0	0	0.6	0	0	0	0	0.333	0	0	0	0	0.5	0	0	0	0	0	0	0	0.414	0.233
0.898	0.825	0	0	0	0.898	0.825	0	0	0.807	0.898	0.825	0.972	0	0.807	0	0	0	0	0	0	0	0	0	0	0	0	0	0	0	0	0	0	0	0	0	0.2	0	0	0.333	0.299	0.216
0	1.841	9.276	0	0	0	3.298	9.276	0	0	0	5.353	2.108	0	0	0	0.1	0.756	0	0	0	0.333	0.733	0	0	0	0.1	0	0	0	0	0.2	0	0	0	0	0	0	0	0	0.419	0.265
0	0	0	0.839	0	0	0	1.099	0.839	0	0	0	1.099	0.839	0	0	0	0	0	0	0	0	0	0	0	0	0	0	0	0	0	0.143	0	0.5	0	0	0	0	0	0	0.558	0.211
0.825	0	1.866	0	0	0.825	0	0	0	0	0.825	0	1.866	0	0	0	0	0	0	0	0	0	0	0	0	0	0	0	0	0	0.25	0	0	0	0.2	0	0	0	0	0	0	0.341
0	0	0	17.263	29.771	0	0	0.849	21.611	33.456	0	0	0.849	11.141	14.959	0	0	0	0.529	0.453	0	0	0	0.524	0.444	0	0	0	0.356	0.418	0.6	0	0.667	0.75	1	0	0	0.111	0	0	0	0.935
0	0	0	0	0	0	0	0	0	0	0	0	0	0	0	0	0	0	0	0	0	0	0	0	0	0	0	0	0	0	0	0	0	0.5	0	0	0	0	0	0	0.556	0.140
0	3.005	0	0	0.825	0	0	0	0	0.825	0	3.005	0	0	0.825	0	0	0	0	0	0	0	0	0	0	0	0	0	0	0	0	0	0	0	0	0	0	0	0	0.2	0.556	0.211
0	0	0	0	0.839	0	0	0	0	0.839	0	0	0	0	0.839	0	0	0	0	0	0	0	0	0	0	0	0	0	0	0	0	0	0	0	0	0	0	0	0	0	0.896	0.307
0	0	0	0	0	0	0	0	0	0	0	0	0	0	0	0	0	0	0	0	0	0	0	0	0	0	0	0	0	0	0	0	0	0	0	0	0	0	0	0	0.717	0.884
0	0	0.842	0	0	0	1.099	1.099	0	0	0	1.099	1.941	0	0	0	0	0	0	0	0	0	0	0	0	0	0	0	0	0	0	0	0	0	0	0	0	0.5	0	0	0.714	0.259
0	7.505	0	0.961	0	0	6.158	0	1.857	0	0	4.896	0	3.019	1.162	0	0.75	0	0.333	0	0	0.667	0	1	0	0	0.7	0	0.333	0	0	0	0	0	0	0	0	0	0	0	0.557	0.158
0.842	0	0	0.798	0	0	0	0	1.605	0	1.814	0	0	0.807	0	0	0	0	0	0	0	0	0	0	0	0	0	0	0	0	0	0	0.5	0	0	0	0	0	0	0	0	0.261
1.635	2.729	1.733	19.001	1.682	7.354	8.205	8.629	24.133	9.693	4.58	5.539	6.911	12.723	6.881	0.75	0.75	0.472	0.339	0.756	0.75	0.75	0.444	0.406	0.756	0.6	0.467	0.143	0.242	0.429	0	0.8	0.4	0	0.2	0.333	0.8	0.4	0	0.2	0.714	0.639
0	0	12.388	0	1.612	0	0	15.597	0	1.612	0	0	4.887	0	1.612	0	0	0.675	0	1	0	0	0.675	0	1	0	0	0.3	0	1	0.75	0	0	1	0.25	0.5	0	0	1	0	0.12	0.830
0	0	0	0.926	0.876	0	0	0	0	0	0	0	0	0.926	0.876	0	0	0	0	0	0	0	0	0	0	0	0	0	0	0	0.8	1	0	0	0.8	0.6	0.125	0	0	0	0.419	0.941
3.675	12.745	15.989	12.304	17.094	5.734	20.151	22.164	19.573	21.846	7.605	12.322	13.718	9.123	16.276	0.393	0.544	0.66	0.4	0.348	0.333	0.526	0.634	0.368	0.324	0.321	0.436	0.622	0.389	0.276	0	0	0.333	0	0.2	0	0	0.333	0	0.6	0	0.119
0	0	0	0	0	0	0	0	0	0	0	0	0	0	0	0	0	0	0	0	0	0	0	0	0	0	0	0	0	0	0	0	0	0	0	0	0	0	0	0	0.893	0.158
0.885	0	1.945	2.349	0	0.885	0	0.879	0	0	0.885	0	2.824	2.349	0	0	0	0.333	0	0	0	0	0	0	0	0	0	0.333	0	0	0	0.2	0.25	0	0	0	0	0	0	0	0.415	0.158
1.902	1.712	4.226	21.525	2.735	3.87	5.8	10.411	23.643	10.137	6.972	4.764	8.676	10.637	7.402	0.476	0.467	0.509	0.478	0.578	0.5	0.467	0.509	0.498	0.533	0.286	0.5	0.361	0.289	0.429	0.6	0.4	0.4	0.2	0.333	0.4	1	0.4	0.2	0.333	0	0.715
