10.438	0	17.351	0	0	8.395	0	15.861	0	1.694	4.768	0	11.167	0	1.694	0.936	0	0.667	0	0	0.917	0	0.558	0	0	0.7	0	0.455	0	0	0.2	0.333	0.333	0	0.571	0.2	0.333	0.333	0	0.571	0	0.591
0	0.792	3.713	0	0	0	0.792	2.701	0	0	0	0.792	1.899	0	0	0	0	1	0	0	0	0	1	0	0	0	0	1	0	0	0.25	0	0	0.75	0	0.25	0	0	1	0	0.296	0.908
11.058	0	20.653	17.351	0	14.837	1.694	16.681	15.861	2.57	10.46	1.694	18.912	11.167	2.57	0.758	0	0.632	0.667	0	0.683	0	0.533	0.558	0	0.473	0	0.392	0.455	0	0.222	0.571	0.2	0.333	0.8	0	0.571	0.2	0.333	0.8	0.298	0.390
17.805	0	1.778	10.346	0	20.164	1.879	4.499	14.255	0	2.562	0	1.75	0	0	0.667	1	0.7	0.724	0	0.586	1	0.7	0.657	0	0	0	0	0	0	1	0	0.111	0	0.25	0.333	0	0	0	1	0.117	0.287
0	0	0	0	0	0	0	0	0	0	0	0	0	0	0	0	0	0	0	0	0	0	0	0	0	0	0	0	0	0	0	0	0	0	0	0	0	0.333	0	0	0.897	0.303
0	0	0	0	0	0	0	0	0	0	0	0	0	0	0	0	0	0	0	0	0	0	0	0	0	0	0	0	0	0	0	0	0	0	0.2	0	0	0	0	0	0.554	0.241
0	0	0	0	0	0	0	0	0	0	0	0	0	0	0	0	0	0	0	0	0	0	0	0	0	0	0	0	0	0	0	0	0	0	0	0	0	0	0	0	0	0.715
0	0.773	0	0	0	0	0	0	0	0	0	0.773	0	0	0	0	0	0	0	0	0	0	0	0	0	0	0	0	0	0	0.625	0.4	0.2	0	0.375	0.5	0.4	0	0	0.875	0.2	0.643
0	0	12.264	0	0	0	0	12.264	0	0	0	0	3.835	0	0	0	0	0.513	0	0	0	0	0.449	0	0	0	0	0	0	0	0	0.4	0.8	0.333	0	0	0	0.8	0.333	0	0	0.458
0	3.221	0	0	0	0	2.426	0	0	0	0	1.64	0	0	0	0	1	0	0	0	0	1	0	0	0	0	1	0	0	0	0.2	0	0	0.2	0.25	0.6	0	0	0	0.5	0	0.702
0	0	1.135	0	0	0	0	1.135	0	0	0	0	0	0	0	0	0	0	0	0	0	0	0	0	0	0	0	0	0	0	0.667	0.25	0	0.333	0.4	1	0.25	0	1	0	0.19	0.984
0.878	0	0	0	1.696	0.878	0	0	0	0	0.878	0	0	0.834	2.53	0	0	0	0	0	0	0	0	0	0	0	0	0	0	0	0	0	0	0	0	0	0	0	0	0	0.296	0.166
0	0	27.325	0	16.982	0	0	31.461	0	15.035	0	0	14.088	0	14.649	0	0	0.474	0	0.737	0	0	0.421	0	0.659	0	0	0.527	0	0.526	0	0.6	0.429	0.125	0.25	0	0.2	0	0	0	0.42	0.396
0	0.792	0	0	0	0	1.629	0.794	0.794	0	0	1.629	0.794	0.794	0	0	0	0	0	0	0	0	0	0	0	0	0	0	0	0	0	0.111	0	0	0.2	0	0	0	0.143	0.2	0.557	0.193
0	0	0	0	-1	0	0	0	0	-1	0	0	0	0	-1	0	0	0	0	-1	0	0	0	0	-1	0	0	0	0	-1	0	0	0	0	-1	0	0	0	0	-1	0.9	0.999
0	0.989	0.792	0	0	0	0.989	0.792	0	0	0	0.989	0.792	0	0	0	0	0	0	0	0	0	0	0	0	0	0	0	0	0	0.75	0.6	0	0	0.25	1	1	0	0	0.25	0.718	0.957
0	2.669	22.289	1.656	23.649	0	2.669	14.457	1.656	15.387	0	0.876	11.42	0	10.695	0	0.833	0.593	1	0.585	0	0.667	0.813	1	0.642	0	0	0.288	0	0.311	0.2	0	0	0	0.778	0.4	0	0	0	0.667	0	0.678
0.811	0	0	0	23.329	1.823	0	0	0	24.341	2.72	0	0	0	2.763	1	0	0	0	0.532	1	0	0	0	0.465	0.667	0	0	0	0.333	0	0	0	0	0	0	0	0	0	0	0.198	0.234
0	0.825	0	3.44	13.105	0	0.825	0	6.091	7.558	0	0	0	3.616	8.93	0	0	0	0.952	0.971	0	0	0	0.952	0.972	0	0	0	0.833	0.644	0.5	0	0.8	0.2	0.778	0.875	0	1	0	0.778	0	0.872
0	0	0.878	0	0	0	0	0.878	0	0	0	0.834	0.878	0	0	0	0	0	0	0	0	0	0	0	0	0	0	0	0	0	0	0	0	0	0	0	0	0	0	0	0	0.586
0	0	0	0	0	0	0	0	0	0	0	0	0	0	0	0	0	0	0	0	0	0	0	0	0	0	0	0	0	0	0	0	0	0	0	0	0	0	0	0	0.72	0.654
0	2.592	0	0	0	0	2.592	0	0	0	0	3.519	0	0	0	0	0.5	0	0	0	0	1	0	0	0	0	0.333	0	0	0	0	0	0	0	0	0	0	0	0	0	0	0.612
0	0	0	0	0	0	0	0	0	0	0	0	0	0	0	0	0	0	0	0	0	0	0	0	0	0	0	0	0	0	0	0	0	0	0	0	0	0.667	0	0	0.299	0.787
0	0	0	0	0	0	0	0	0	0	0	0	0	0	0	0	0	0	0	0	0	0	0	0	0	0	0	0	0	0	0	0	0	0	0	0	0	0	0.333	0.571	0.297	0.436
0	0	0	0	0	0	0	0	0	0	0	0	0	0	0	0	0	0	0	0	0	0	0	0	0	0	0	0	0	0	0	0	0	0	0	0	0	0	0	0.333	0	0.510
0	0	0	0	0	0	0	0	0	0	0	0	0	0	0	0	0	0	0	0	0	0	0	0	0	0	0	0	0	0	0.4	0.25	0	0	0.25	0.2	0	0	0	0.25	0	0.598
0	0	0	0	0	0	0	0	0	0	0	0	0	0	0	0	0	0	0	0	0	0	0	0	0	0	0	0	0	0	0	0	0	0	0	0.571	0	0	0	0	0.897	0.623
0	0	0	0	0	0	0	0	0	0	0	0	0	0	0	0	0	0	0	0	0	0	0	0	0	0	0	0	0	0	0	0	0	0	0	0.2	0	0	0	0.333	0	0.514
10.346	0.797	0	0	17.805	14.255	4.103	1.879	0	20.164	0	0	0	0	2.562	0.724	0.5	1	0	0.667	0.657	0.5	1	0	0.586	0	0	0	0	0	0	0	0	0	1	0	0	0	0.625	0.333	0.298	0.493
0	0.859	0	0.789	0	0	0.859	0	0.789	0	0	1.682	0	0.789	0	0	1	0	0	0	0	0	0	0	0	0	1	0	0	0	0.2	0	0	0.2	0.4	0	0	0	0	0.2	0	0.395
4.487	0	0	0	0	5.263	0	0	0	0	2.728	0	0.888	0	0	0.667	0	0	0	0	0.667	0	0	0	0	0	0	0	0	0	0	0.4	0	0	0	0	0	0	0.333	0	0.559	0.346
0	0	0	23.649	0	0	0	0	15.387	0	0	0	0	10.695	0	0	0	0	0.585	0	0	0	0	0.642	0	0	0	0	0.311	0	0	0	0.333	0.778	0.333	0	0	1	0.667	0.111	0.897	0.939
0	0	0	0	0	0	0	0	0	0	0	0	0	0	0	0	0	0	0	0	0	0	0	0	0	0	0	0	0	0	0	0	0	0	0	0.2	0	0	0	0	0.419	0.910
3.221	0	0	0	0	2.426	0	0	0	0	1.64	0	0	0	0	1	0	0	0	0	1	0	0	0	0	1	0	0	0	0	0	0.2	0.2	0	0	0	0	0.6	0	0	0	0.533
0	0	0	2.592	0.811	0	0	0	2.592	1.823	0	0	0	3.519	2.72	0	0	0	0.5	1	0	0	0	1	1	0	0	0	0.333	0.667	0	0	0	0	0	0	0	0	0	0	0.415	0.198
0	0	-1	0	-1	0	0	-1	0	-1	0	0	-1	0	-1	0	0	-1	0	-1	0	0	-1	0	-1	0	0	-1	0	-1	0	0	-1	0	-1	0	0	-1	0	-1	0.897	0.999
0	0	0	0	0	0	0	0	0	0	0	0	0	0	0	0	0	0	0	0	0	0	0	0	0	0	0	0	0	0	0	0	0	0	0	0	0	0	0.6	0	0.556	0.858
0.859	0.789	0	1.067	0	0.859	0.789	0	1.067	0	1.682	0.789	0	1.067	0	1	0	0	0	0	0	0	0	0	0	1	0	0	0	0	0	0.2	0.2	0	0	0	0	0	0	0	0	0.573
0	0	0	0.792	0.789	0.794	0	0	1.629	1.626	0.794	0	0	1.629	1.626	0	0	0	0	0	0	0	0	0	0	0	0	0	0	0	0	0	0.2	0.111	0.143	0	0	0.2	0	0	0.195	0.155
0	0	0	0	0	0	0	0	0	0	0	0	0	0	0	0	0	0	0	0	0	0	0	0	0	0	0	0	0	0	0	0	0	0	0	0.333	0	0	0	0	0.119	0.610
0	0	0	0	0	0	0	0.814	0	0	0	0	0.814	0	0	0	0	0	0	0	0	0	0	0	0	0	0	0	0	0	0	0	0	0	0	0	0	0	0	0	0.557	0.336
20.653	11.058	0	0	0	16.681	14.837	2.57	1.694	1.766	18.912	10.46	2.57	1.694	1.766	0.632	0.758	0	0	1	0.533	0.683	0	0	1	0.392	0.473	0	0	1	0.2	0.222	0.8	0.571	0	0.2	0	0.8	0.571	0	0	0.523
12.264	0	0	0	0	12.264	0	0	0	0	3.835	0	0	0	0	0.513	0	0	0	0	0.449	0	0	0	0	0	0	0	0	0	0.8	0	0	0.4	0	0.8	0	0	0	0	0.298	0.395
2.592	0	0	0.927	0	2.592	0	0	0.927	0	3.519	0	0	0.927	0	0.5	0	0	0	0	1	0	0	0	0	0.333	0	0	0	0	0	0	0	0	0	0	0	0	0	0	0.119	0.193
0	0	5.398	0	0	0	0	8.281	0	0	0	0	5.72	0	0	0	0	0.929	0	0	0	0	0.893	0	0	0	0	0.7	0	0	0	0.333	0	0.333	0.125	0	0.111	0.2	1	0	0.294	0.422
0	0	0.964	0	0.922	0	0	0.964	0	0	0	0	0.964	0	0.922	0	0	0	0	0	0	0	0	0	0	0	0	0	0	0	0	0	0.2	0	0.333	0.2	0	0	0	0.333	0.298	0.315
0	0.927	2.592	0	0	0	0.927	2.592	0	0	0	0.927	3.519	0	0	0	0	0.5	0	0	0	0	1	0	0	0	0	0.333	0	0	0	0	0	0	0	0	0	0	0	0	0.557	0.346
0	0	0	0	0	0	0	0	0	0	0	0	0	0	0	0	0	0	0	0	0	0	0	0	0	0	0	0	0	0	0	0	0	0	0	0	0	0	0	0	0	0.724
0	0	0	0	0	0	0	0	0	0	0	0	0	0	0	0	0	0	0	0	0	0	0	0	0	0	0	0	0	0	0.667	0	0.333	0.25	0.25	1	0.75	1	0.5	0.25	0.19	0.997
0	0	0	6.94	0	0	0	0	7.754	0	0	0	0	2.802	0	0	0	0	0.444	0	0	0	0	0.444	0	0	0	0	0	0	0.25	0	0.4	0	0	0	0	0.2	0	0	0.116	0.547
0.927	0	0	0	2.592	0.927	0	0	0	2.592	0.927	0	0	0.888	3.519	0	0	0	0	0.5	0	0	0	0	1	0	0	0	0	0.333	0	0	0	0	0	0	0	0	0	0	0.299	0.244
14.981	0	0	26.995	0	18.197	0	0.912	33.247	0	8.1	0	0.912	13.867	0	0.668	0	0	0.451	0	0.568	0	0	0.395	0	0.429	0	0	0.509	0	0	0	0	0.333	0	0	0	0	0	0	0.42	0.274
16.962	16.699	0	16.778	3.44	21.849	18.884	0	21.711	6.091	7.876	3.309	0	9.781	3.616	0.719	0.797	0	0.689	0.952	0.619	0.654	0	0.611	0.952	0.762	1	0	0.571	0.833	0	0	0	0	0.2	0	0	0	0.2	0	0	0.340
0	0	0	0	0	0	0	0	0	0	0	0	0	0	0	0	0	0	0	0	0	0	0	0	0	0	0	0	0	0	0	0	0	0	0	0	0	0	0	0.667	0	0.822
1.778	17.805	0	0	0	4.499	20.164	0	1.879	0	1.75	2.562	0	0	0	0.7	0.667	0	1	0	0.7	0.586	0	1	0	0	0	0	0	0	0.111	1	0.25	0	0	0	0.333	1	0	0	0.556	0.319
23.329	0	0	0.811	0	24.341	0	0	1.823	0	2.763	0	0	2.72	0	0.532	0	0	1	0	0.465	0	0	1	0	0.333	0	0	0.667	0	0	0	0	0	0	0	0	0	0	0	0.556	0.217
0	0	15.583	20.653	0	1.766	2.57	17.517	16.681	0	1.766	2.57	18.165	18.912	0	1	0	0.733	0.632	0	1	0	0.717	0.533	0	1	0	0.433	0.392	0	0	0.8	0	0.2	0.375	0	0.8	0	0.2	0.25	0.419	0.216
0	0	3.221	0	0	0	0	2.426	0	0	0	0	1.64	0	0	0	0	1	0	0	0	0	1	0	0	0	0	1	0	0	0.2	0	0	0	0.2	0	0	0	0	0.6	0.299	0.433
0	0.922	0.773	0.964	0	0	0	0	0.964	0	0	0.922	0.773	0.964	0	0	0	0	0	0	0	0	0	0	0	0	0	0	0	0	0	0.333	0.4	0.2	0.625	0	0.333	0.4	0	0.5	0	0.620
1.045	1.101	0	1.696	0	1.045	1.101	0	0	0	1.045	1.101	0	2.53	0	0	0	0	0	0	0	0	0	0	0	0	0	0	0	0	0	0	0	0	0	0	0	0	0	0	0.718	0.339
0	0	0	0	0	0	0	0	0	0	0	0	0	0	0	0	0	0	0	0	0	0	0	0	0	0	0	0	0	0	0	0	0	0	0	0	0.6	0	0.2	0	0.419	0.857
0.989	0	9.301	0	0	0.989	0	12.41	0	0	0.989	0	2.645	0	0	0	0	0.551	0	0	0	0	0.551	0	0	0	0	0	0	0	0.25	0.375	0.8	0.2	0	1	0.875	0.8	0	0	0.294	0.728
0	0	0	0	0	0	0	0	0	0	0	0	0	0	0	0	0	0	0	0	0	0	0	0	0	0	0	0	0	0	0.333	0	0.333	0	0	1	0	0.111	0	0	0.893	0.932
0.964	0	0.922	0	0	0.964	0	0	0	0	0.964	0	0.922	0	0	0	0	0	0	0	0	0	0	0	0	0	0	0	0	0	0.2	0	0.333	0	0	0	0.2	0.333	0	0	0	0.402
0	0	0	0	0	0	0	0	0	0	0	0	0	0	0	0	0	0	0	0	0	0	0	0	0	0	0	0	0	0	0	0	0	0	0	0	0.2	0	0	0	0.896	0.959
0.789	1.067	0.859	4.448	0	0.789	1.067	0.859	1.685	0	0.789	1.067	1.682	5.272	0	0	0	1	0.6	0	0	0	0	0	0	0	0	1	0.6	0	0.2	0	0	0.25	0.2	0	0	0	0	0	0.415	0.307
17.351	10.438	0	0	11.058	15.861	8.395	1.694	0	14.837	11.167	4.768	1.694	0	10.46	0.667	0.936	0	0	0.758	0.558	0.917	0	0	0.683	0.455	0.7	0	0	0.473	0.333	0.2	0.571	0.333	0.222	0.333	0.2	0.571	0.333	0	0	0.450
0	0	0	0.789	0.878	0	0	0	1.626	0.878	0.834	0	0	1.626	0.878	0	0	0	0	0	0	0	0	0	0	0	0	0	0	0	0	0	0	0.143	0	0	0	0	0	0	0	0.266
0	0	0.989	0	9.301	0	0	0.989	0	12.41	0	0	0.989	0	2.645	0	0	0	0	0.551	0	0	0	0	0.551	0	0	0	0	0	0.375	0.2	0.25	0.625	0.8	0.875	0	1	0.5	0.8	0	0.899
0	0.789	0	0	0	0	1.626	0	0	0	0	1.626	0.834	0	0	0	0	0	0	0	0	0	0	0	0	0	0	0	0	0	0	0.143	0	0.2	0	0	0	0	0.2	0	0.556	0.263
0	0	0	0	0	0	0	0	0	0	0	0	0	0	0	0	0	0	0	0	0	0	0	0	0	0	0	0	0	0	0	0	0	0	0	0	0.2	0	0	0.2	0	0.748
1.067	4.448	0.789	0	0.859	1.067	1.685	0.789	0	0.859	1.067	5.272	0.789	0	1.682	0	0.6	0	0	1	0	0	0	0	0	0	0.6	0	0	1	0	0.25	0.2	0.2	0	0	0	0	0	0	0.415	0.250
0	0	0	0	5.398	0	0	0	0	8.281	0	0	0	0	5.72	0	0	0	0	0.929	0	0	0	0	0.893	0	0	0	0	0.7	0.333	0.333	0	0	0	0.111	1	0	0	0.2	0.419	0.745
6.94	0	0	0	0	7.754	0	0	0.814	0	2.802	0	0	0.814	0	0.444	0	0	0	0	0.444	0	0	0	0	0	0	0	0	0	0	0	0	0	0.25	0	0	0	0	0	0.197	0.255
0	0	0.789	0	0	0	0.794	1.626	0	0	0	0.794	1.626	0	0	0	0	0	0	0	0	0	0	0	0	0	0	0	0	0	0.2	0	0.143	0	0	0.2	0	0	0	0	0	0.701
0	16.962	3.44	16.699	0.825	0	21.849	6.091	18.884	0.825	0	7.876	3.616	3.309	0	0	0.719	0.952	0.797	0	0	0.619	0.952	0.654	0	0	0.762	0.833	1	0	0	0	0.2	0	0	0	0	0	0	0	0	0.681
0	0	0.811	0	0	0	0	1.823	0	0	0	0	2.72	0	0	0	0	1	0	0	0	0	1	0	0	0	0	0.667	0	0	0	0	0	0	0	0	0	0	0	0	0.554	0.265
0	0	0.989	1.135	0	0	0	0.989	1.135	0	0	0	0.989	0	0	0	0	0	0	0	0	0	0	0	0	0	0	0	0	0	0	0.4	0.6	0	0.75	0	0	1	0	1	0.419	0.348
0	0	0	0	0	0	0	0	0	0	0	0	0	0	0	0	0	0	0	0	0	0	0	0	0	0	0	0	0	0	0.333	0.667	0.25	0	0.667	1	1	0.25	0.75	1	0.298	0.975
0	0	0	13.105	0	0	0	0	7.558	0	0	0	0	8.93	0	0	0	0	0.971	0	0	0	0	0.972	0	0	0	0	0.644	0	0.333	0	0.4	0.778	0	0.333	0	0	0.778	0	0	0.675
0	0.878	1.696	0	1.101	0	0.878	0	0	1.101	0	0.878	2.53	0	1.101	0	0	0	0	0	0	0	0	0	0	0	0	0	0	0	0	0	0	0	0	0	0	0	0	0	0.418	0.205
0	0	0.927	4.487	0	0	0	0.927	5.263	0	0	0.888	0.927	2.728	0	0	0	0	0.667	0	0	0	0	0.667	0	0	0	0	0	0	0	0	0	0	0	0	0	0	0	0	0	0.560
0	17.351	11.058	10.438	20.653	1.694	15.861	14.837	8.395	16.681	1.694	11.167	10.46	4.768	18.912	0	0.667	0.758	0.936	0.632	0	0.558	0.683	0.917	0.533	0	0.455	0.473	0.7	0.392	0.571	0.333	0.222	0.2	0.2	0.571	0.333	0	0.2	0.2	0.418	0.614
13.105	0	0	0	0	7.558	0	0	0	0	8.93	0	0	0	0	0.971	0	0	0	0	0.972	0	0	0	0	0.644	0	0	0	0	0.778	0.8	0	0.5	0.333	0.778	1	0	0.875	0.333	0	0.509
0	0	0	0.859	1.067	0	0	0	0.859	1.067	0	0	0	1.682	1.067	0	0	0	1	0	0	0	0	0	0	0	0	0	1	0	0	0.2	0.4	0	0	0	0	0.2	0	0	0.558	0.497
0	0	0	0	0	0	0	0	0	0	0	0	0	0	0	0	0	0	0	0	0	0	0	0	0	0	0	0	0	0	0	0	0	0	0	0	0	0	0	0	0.713	0.681
1.101	1.696	1.045	0	0	1.101	0	1.045	0	0	1.101	2.53	1.045	0	0	0	0	0	0	0	0	0	0	0	0	0	0	0	0	0	0	0	0	0	0	0	0	0	0	0	0	0.326
27.325	0	16.982	0	2.445	31.461	0	15.035	0	4.259	14.088	0	14.649	0	4.258	0.474	0	0.737	0	0.6	0.421	0	0.659	0	0.6	0.527	0	0.526	0	0.3	0.429	0	0.25	0.6	0	0	0	0	0.2	0	0.557	0.479
0.792	0	0	0.989	3.713	0.792	0	0	0.989	2.701	0.792	0	0	0.989	1.899	0	0	0	0	1	0	0	0	0	1	0	0	0	0	1	0	0.75	0.25	0.6	0	0	1	0.25	1	0	0.014	0.370
0	20.653	0	11.058	15.583	2.57	16.681	1.766	14.837	17.517	2.57	18.912	1.766	10.46	18.165	0	0.632	1	0.758	0.733	0	0.533	1	0.683	0.717	0	0.392	1	0.473	0.433	0.8	0.2	0	0.222	0	0.8	0.2	0	0	0	0.117	0.693
0	0	0	0	0	0	0	0	0	0	0	0	0	0	0	0	0	0	0	0	0	0	0	0	0	0	0	0	0	0	0	0	0	0	0	0	0	0	0	0.2	0.415	0.886
0.922	0.964	0	0	0.773	0	0.964	0	0	0	0.922	0.964	0	0	0.773	0	0	0	0	0	0	0	0	0	0	0	0	0	0	0	0.333	0.2	0	0	0.4	0.333	0	0	0.2	0.4	0	0.427
0	1.778	0	17.805	0	0	4.499	0	20.164	0	0	1.75	0	2.562	0	0	0.7	0	0.667	0	0	0.7	0	0.586	0	0	0	0	0	0	0.25	0.111	0	1	0	1	0	0	0.333	0.333	0.896	0.939
0	15.583	15.119	0	0	0	17.517	23.386	1.766	1.02	0	18.165	15.855	1.766	1.02	0	0.733	0.71	1	0	0	0.717	0.619	1	0	0	0.433	0.484	1	0	0.375	0	0	0	0	0.25	0	0	0	0	0	0.715
0.789	0	0	0	0	1.626	0	0	0.794	0	1.626	0	0	0.794	0.834	0	0	0	0	0	0	0	0	0	0	0	0	0	0	0	0.143	0.2	0	0	0	0	0.2	0	0	0	0.418	0.275
0	0	0	0	0	0	0	0	0	0	0	0	0	0	0	0	0	0	0	0	0	0	0	0	0	0	0	0	0	0	0	0	0	0	0	0.6	0.2	0	0	0	0.198	0.834
0	0	0	0	0	0	0	0	0	0	0	0	0	0	0	0	0	0	0	0	0	0	0	0	0	0	0	0	0	0	0	0	0	0	0	0	0	0	0	0	0.893	0.598
0	0	0	0	0	0	0	0	0	0	0	0	0	0	0	0	0	0	0	0	0	0	0	0	0	0	0	0	0	0	0.25	0	0	0.2	0.667	0.5	0	0.75	0.6	1	0	0.632
1.696	0	1.101	0.878	1.045	0	0	1.101	0.878	1.045	2.53	0	1.101	0.878	1.045	0	0	0	0	0	0	0	0	0	0	0	0	0	0	0	0	0	0	0	0	0	0	0	0	0	0	0.388
0	0	0	0	0	0	0	0	0	0	0	0	0	0	0	0	0	0	0	0	0	0	0	0	0	0	0	0	0	0	0	0	0	0	0	0	0.2	0.333	0	0	0	0.311
16.778	17.288	16.699	0	16.962	21.711	23.024	18.884	1.02	21.849	9.781	14.837	3.309	1.02	7.876	0.689	0.662	0.797	0	0.719	0.611	0.571	0.654	0	0.619	0.571	0.5	1	0	0.762	0	0.4	0	0	0	0.2	0	0	0	0	0	0.487
0	0	0	0	0	0	0	0	0	0	0	0	0	0	0	0	0	0	0	0	0	0	0	0	0	0	0	0	0	0	0	0	0	0	0	0	0	0	0	0	0	0.416
0	0	0	0	0	0	0	0	0	0	0	0	0	0	0	0	0	0	0	0	0	0	0	0	0	0	0	0	0	0	0	0	0	0	0	0	0	0	0.2	0	0.894	0.985
0	0	0	0	0	0	0	0	0.912	0	0	0	0	0.912	0	0	0	0	0	0	0	0	0	0	0	0	0	0	0	0	0	0	0	0	0	0	0	0	0	0	0.897	0.555
0.797	0	10.346	0	0	4.103	0	14.255	0	1.879	0	0	0	0	0	0.5	0	0.724	0	1	0.5	0	0.657	0	1	0	0	0	0	0	0	0	0	0	0	0	0.625	0	0	0	0.715	0.398
0	0	4.448	3.713	1.067	0	0	1.685	2.701	1.067	0	0	5.272	1.899	1.067	0	0	0.6	1	0	0	0	0	1	0	0	0	0.6	1	0	0.2	0	0.25	0	0	0	0	0	0	0	0	0.723
0	2.445	26.995	16.982	0	0	4.259	33.247	15.035	0	0	4.258	13.867	14.649	0	0	0.6	0.451	0.737	0	0	0.6	0.395	0.659	0	0	0.3	0.509	0.526	0	0	0	0.333	0.25	0	0	0	0	0	0	0.557	0.330
0	0	0	1.045	0	0	0	0	1.045	0	0	0	0	1.045	0	0	0	0	0	0	0	0	0	0	0	0	0	0	0	0	0	0	0	0	0	0	0	0	0	0	0.559	0.143
0	0	1.067	0	1.135	0	0	1.067	0	2.016	0	0	1.067	0	0.881	0	0	0	0	0	0	0	0	0	0	0	0	0	0	0	0.4	0	0	0.2	0.2	0.2	0	0	0	0	0.718	0.584
0	6.94	0	0	0	0	7.754	0	0	0	0	2.802	0	0	0	0	0.444	0	0	0	0	0.444	0	0	0	0	0	0	0	0	0	0	0.25	0	0.4	0	0	0	0	0.2	0.298	0.174
0	9.301	0	0.989	0.797	0	12.41	0	0.989	4.103	0	2.645	0	0.989	0	0	0.551	0	0	0.5	0	0.551	0	0	0.5	0	0	0	0	0	0	0.8	0	0.25	0	0	0.8	0.625	1	0	0	0.453
0	0	0	0	12.264	0	0	0	0	12.264	0	0	0	0	3.835	0	0	0	0	0.513	0	0	0	0	0.449	0	0	0	0	0	0.4	0.333	0	0	0.8	0	0.333	0	0	0.8	0.296	0.824
0	0	0	0	0	0	0	0	0	0	0	0	0	0	0	0	0	0	0	0	0	0	0	0	0	0	0	0	0	0	0	0	0	0	0	0	0	0	0	0	0.557	0.685
0	0	0	0	0	0	0	0	0	0	0	0	0	0	0	0	0	0	0	0	0	0	0	0	0	0	0	0	0	0	0	0	0	0	0	0	0.571	0	0	0	0.718	0.652
0	14.981	0	0	0	0.912	18.197	0	0	0	0.912	8.1	0	0	0	0	0.668	0	0	0	0	0.568	0	0	0	0	0.429	0	0	0	0	0	0	0	0	0	0	0	0	0	0.896	0.295
0	0	0	1.778	0	0	0	0	4.499	0	0	0	0	1.75	0	0	0	0	0.7	0	0	0	0	0.7	0	0	0	0	0	0	0	0.25	0	0.111	0.4	0	1	0.333	0	0	0.898	0.270
0	0	0	0	0	0	0	0	0	0	0	0	0	0	0	0	0	0	0	0	0	0	0	0	0	0	0	0	0	0	0	0	0	0	0	0.2	0	0.6	0	0	0.117	0.810
0	0	0	14.981	0	0	0.912	0	18.197	0	0	0.912	0	8.1	0	0	0	0	0.668	0	0	0	0	0.568	0	0	0	0	0.429	0	0	0	0	0	0	0	0	0	0	0	0.896	0.395
15.119	0	0	15.583	17.288	23.386	0	1.02	17.517	23.024	15.855	0	1.02	18.165	14.837	0.71	0	0	0.733	0.662	0.619	0	0	0.717	0.571	0.484	0	0	0.433	0.5	0	0.375	0	0	0.4	0	0.25	0	0	0	0	0.335
0	23.329	0	0	0	0	24.341	0	0	0	0	2.763	0	0	0	0	0.532	0	0	0	0	0.465	0	0	0	0	0.333	0	0	0	0	0	0	0	0	0	0	0	0	0	0.894	0.111
0	0	0	0	0	0	0	0	0	0	0	0	0	0	0	0	0	0	0	0	0	0	0	0	0	0	0	0	0	0	0	0.25	0.667	0	0.333	0.75	0.5	1	0	1	0	0.656
0	0	0	0	0	0	0	0	0	0	0	0	0	0	0	0	0	0	0	0	0	0	0	0	0	0	0	0	0	0	0	0	0	0	0	0.333	0	0	0.2	0	0	0.642
0	0	0	0	0.964	0	0	0	0	0.964	0	0	0	0	0.964	0	0	0	0	0	0	0	0	0	0	0	0	0	0	0	0	0	0	0	0.2	0	0	0.2	0	0	0	0.481
16.699	16.778	16.962	17.288	0	18.884	21.711	21.849	23.024	0	3.309	9.781	7.876	14.837	0	0.797	0.689	0.719	0.662	0	0.654	0.611	0.619	0.571	0	1	0.571	0.762	0.5	0	0	0	0	0.4	0	0	0.2	0	0	0	0	0.564
0	5.398	0	0	0	0	8.281	0	0	0	0	5.72	0	0	0	0	0.929	0	0	0	0	0.893	0	0	0	0	0.7	0	0	0	0.125	0	0.6	0	0	0	0.2	0.2	0	0	0.3	0.713
1.135	0	0	0	0	1.135	0	0	0	0	0	0	0	0	0	0	0	0	0	0	0	0	0	0	0	0	0	0	0	0	0	0.667	0.4	0.25	0	0	1	0	0.25	0	0.294	0.435
23.649	22.289	0	0	0	15.387	14.457	0	0	0	10.695	11.42	0	0	0	0.585	0.593	0	0	0	0.642	0.813	0	0	0	0.311	0.288	0	0	0	0.778	0	0	0.2	0	0.667	0	0	0.4	0	0	0.505
0	0	0	0	6.94	0.814	0	0	0	7.754	0.814	0	0	0	2.802	0	0	0	0	0.444	0	0	0	0	0.444	0	0	0	0	0	0	0	0	0	0	0	0	0	0	0	0.055	0.176
0	0	0	-1	0	0	0	0	-1	0	0	0	0	-1	0	0	0	0	-1	0	0	0	0	-1	0	0	0	0	-1	0	0	0	0	-1	0	0	0	0	-1	0	0.414	0.999
2.669	1.656	0	0	22.289	2.669	1.656	0	0	14.457	0.876	0	0	0	11.42	0.833	1	0	0	0.593	0.667	1	0	0	0.813	0	0	0	0	0.288	0	0	0.2	0	0	0	0	0.4	0	0	0	0.535
1.135	1.067	0	0	0	2.016	1.067	0	0	0	0.881	1.067	0	0	0	0	0	0	0	0	0	0	0	0	0	0	0	0	0	0	0.2	0	0	0.4	0.333	0	0	0	0.2	0.333	0.059	0.435
0	1.045	0	1.101	0	0	1.045	0	1.101	0	0	1.045	0	1.101	0	0	0	0	0	0	0	0	0	0	0	0	0	0	0	0	0	0	0	0	0	0	0	0	0	0	0.716	0.281
0	0	0	0	0	0	0	0	0	0	0	0	0	0	0	0	0	0	0	0	0	0	0	0	0	0	0	0	0	0	0	0	0	0	0	0	0	0	0.571	0	0.292	0.656
0	0	0	0	0	0	0	0	0	0	0	0	0	0	0	0	0	0	0	0	0	0	0	0	0	0	0	0	0	0	0	0	0	0	0	0	0.667	0.2	0	0	0	0.850
9.301	0.989	0	0	0	12.41	0.989	0	0	0	2.645	0.989	0	0	0	0.551	0	0	0	0	0.551	0	0	0	0	0	0	0	0	0	0.8	0.25	0	0.375	0	0.8	1	0	0.875	0.625	0.298	0.496
1.067	0	1.135	0	0	1.067	0	2.016	0	0	1.067	0	0.881	0	0	0	0	0	0	0	0	0	0	0	0	0	0	0	0	0	0	0.4	0.2	0	0	0	0.2	0	0	0	0.418	0.335
0	0	0	0	0	0	0	0	0	0	0	0	0	0	0	0	0	0	0	0	0	0	0	0	0	0	0	0	0	0	0	0	0	0	0	0.2	0	0	0.667	0	0	0.855
0	0	0	0	0	0	0	0	0	0	0	0	0	0	0	0	0	0	0	0	0	0	0	0	0	0	0	0	0	0	0	0	0	0	0	0	0	0.2	0.2	0	0	0.363
15.583	0	0	0	15.119	17.517	1.766	0	2.57	23.386	18.165	1.766	0	2.57	15.855	0.733	1	0	0	0.71	0.717	1	0	0	0.619	0.433	1	0	0	0.484	0	0	0.375	0.8	0	0	0	0.25	0.8	0	0.118	0.212
2.445	16.982	0	27.325	26.995	4.259	15.035	0	31.461	33.247	4.258	14.649	0	14.088	13.867	0.6	0.737	0	0.474	0.451	0.6	0.659	0	0.421	0.395	0.3	0.526	0	0.527	0.509	0	0.25	0	0.429	0.333	0	0	0	0	0	0	0.487
0.825	3.44	0	0	0	0.825	6.091	0	0	0	0	3.616	0	0	0	0	0.952	0	0	0	0	0.952	0	0	0	0	0.833	0	0	0	0	0.2	0.5	0	0.8	0	0	0.875	0	1	0	0.602
0.989	0	0	0	0.792	0.989	0	0	0	0.792	0.989	0	0	0	0.792	0	0	0	0	0	0	0	0	0	0	0	0	0	0	0	0.6	0	0.75	0.4	0	1	0	1	0	0	0.198	0.662
0	1.135	0	0	0.989	0	1.135	0	0	0.989	0	0	0	0	0.989	0	0	0	0	0	0	0	0	0	0	0	0	0	0	0	0.4	0	0	0.667	0.6	0	0	0	1	1	0	0.495
16.982	27.325	2.445	0	0	15.035	31.461	4.259	0	0	14.649	14.088	4.258	0	0	0.737	0.474	0.6	0	0	0.659	0.421	0.6	0	0	0.526	0.527	0.3	0	0	0.25	0.429	0	0	0	0	0	0	0	0	0	0.420
0	0	0	0	0	0	0	0	0	0	0	0	0	0	0	0	0	0	0	0	0	0	0	0	0	0	0	0	0	0	0	0	0	0	0	0	0.333	0	0	0	0	0.399
5.398	0	0	0	0	8.281	0	0	0	0	5.72	0	0	0	0	0.929	0	0	0	0	0.893	0	0	0	0	0.7	0	0	0	0	0	0	0.125	0.333	0.6	0.2	0	0	0.111	0.2	0.556	0.466
0	0	0	0	0	0	0	0	0	0	0	0	0	0	0	0	0	0	0	0	0	0	0	0	0	0	0	0	0	0	0	0	0	0	0	0	0	0.2	0	0.6	0.557	0.773
4.448	0	1.067	0	0.789	1.685	0	1.067	0	0.789	5.272	0	1.067	0	0.789	0.6	0	0	0	0	0	0	0	0	0	0.6	0	0	0	0	0.25	0.2	0	0	0.2	0	0	0	0	0	0	0.526
0	12.264	0	0	1.656	0	12.264	0	0	1.656	0	3.835	0	0	0	0	0.513	0	0	1	0	0.449	0	0	1	0	0	0	0	0	0	0.8	0	0	0	0	0.8	0	0	0	0.42	0.398
0	23.649	0	22.289	0	0	15.387	0	14.457	0	0	10.695	0	11.42	0	0	0.585	0	0.593	0	0	0.642	0	0.813	0	0	0.311	0	0.288	0	0	0.778	0	0	0.333	0	0.667	0	0	1	0	0.714
0	10.346	17.805	0.797	1.778	1.879	14.255	20.164	4.103	4.499	0	0	2.562	0	1.75	1	0.724	0.667	0.5	0.7	1	0.657	0.586	0.5	0.7	0	0	0	0	0	0	0	1	0	0.111	0	0	0.333	0	0	0.296	0.207
0	0.811	23.329	0	0	0	1.823	24.341	0	0	0	2.72	2.763	0	0	0	1	0.532	0	0	0	1	0.465	0	0	0	0.667	0.333	0	0	0	0	0	0	0	0	0	0	0	0	0.018	0.502
0	0	0	0	0	0	0	0	0	0.814	0	0	0	0	0.814	0	0	0	0	0	0	0	0	0	0	0	0	0	0	0	0	0	0	0	0	0	0	0	0	0	0.117	0.584
0	0	0	0	0	0	0	0	0	0	0	0	0	0	0	0	0	0	0	0	0	0	0	0	0	0	0	0	0	0	0	0	0	0	0	0	0.333	0	0	0	0.559	0.393
0	1.135	0	1.067	10.438	0	2.016	0	1.067	8.395	0	0.881	0	1.067	4.768	0	0	0	0	0.936	0	0	0	0	0.917	0	0	0	0	0.7	0	0.2	0.333	0	0.2	0	0	0.333	0	0.2	0.713	0.585
0	0	0	0	0	0	0	0	0	0	0	0	0	0	0	0	0	0	0	0	0	0	0	0	0	0	0	0	0	0	0	0	0	0	0	0	0	0.571	0	0	0.12	0.494
0	0	0	0	0	0	0	0	0	0	0	0	0	0	0	0	0	0	0	0	0	0	0	0	0	0	0	0	0	0	0	0	0	0	0	0.667	0	0	0	0.2	0.19	0.829
0	13.105	0	0	0	0	7.558	0	0	0	0	8.93	0	0	0	0	0.971	0	0	0	0	0.972	0	0	0	0	0.644	0	0	0	0	0.778	0.333	0.8	0.4	0	0.778	0.333	1	0	0	0.386
0	15.119	17.288	0	16.778	1.02	23.386	23.024	0	21.711	1.02	15.855	14.837	0	9.781	0	0.71	0.662	0	0.689	0	0.619	0.571	0	0.611	0	0.484	0.5	0	0.571	0	0	0.4	0.375	0	0	0	0	0.25	0.2	0.56	0.226
0	0	0	0	0	0	0	0	0	0	0	0	0	0	0	0	0	0	0	0	0	0	0	0	0	0	0	0	0	0	0	0	0	0	0	0	0	0	0.333	0	0	0.446
0	0	0	0	0	0	0	0	0	0	0	0	0	0	0	0	0	0	0	0	0	0	0	0	0	0	0	0	0	0	0	0	0	0	0	0	0	0	0	0	0.197	0.667
0	0	0.792	0	0	0.794	0	1.629	0	0	0.794	0	1.629	0	0	0	0	0	0	0	0	0	0	0	0	0	0	0	0	0	0	0.25	0.111	0	0	0.143	0.25	0	0	0	0.557	0.500
0	26.995	14.981	0	0	0	33.247	18.197	0	0.912	0	13.867	8.1	0	0.912	0	0.451	0.668	0	0	0	0.395	0.568	0	0	0	0.509	0.429	0	0	0	0.333	0	0	0	0	0	0	0	0	0	0.614
0	0	0	0	4.487	0	0	0	0	5.263	0	0	0	0	2.728	0	0	0	0	0.667	0	0	0	0	0.667	0	0	0	0	0	0	0	0.4	0.25	0	0.333	0	0	1	0	0.893	0.587
3.44	0	0.825	16.962	0	6.091	0	0.825	21.849	0	3.616	0	0	7.876	0	0.952	0	0	0.719	0	0.952	0	0	0.619	0	0.833	0	0	0.762	0	0.2	0	0	0	0.5	0	0	0	0	0.875	0	0.407
0	0	0	0	1.135	0	0	0	0	1.135	0	0	0	0	0	0	0	0	0	0	0	0	0	0	0	0	0	0	0	0	0.25	0.333	0.667	0.667	0	0.25	1	1	1	0	0.718	0.957
0	0	0	0	0	0	0	0	0	0.794	0	0	0	0	0.794	0	0	0	0	0	0	0	0	0	0	0	0	0	0	0	0	0.4	0.25	0.25	0	0	0.2	0.25	0	0.143	0.419	0.482
3.713	0	0	0.792	0	2.701	0	0	0.792	0	1.899	0	0	0.792	0	1	0	0	0	0	1	0	0	0	0	1	0	0	0	0	0	0.25	0	0	0.2	0	0.25	0	0	0	0.419	0.713
0	0	1.656	12.264	2.669	0	0	1.656	12.264	2.669	0	0	0	3.835	0.876	0	0	1	0.513	0.833	0	0	1	0.449	0.667	0	0	0	0	0	0	0	0	0.8	0	0	0	0	0.8	0	0.298	0.251
0.773	0	0	0.922	0	0	0	0	0	0	0.773	0	0	0.922	0	0	0	0	0	0	0	0	0	0	0	0	0	0	0	0	0.4	0	0.625	0.333	0.2	0.4	0	0.5	0.333	0	0	0.591
0	0	0.797	9.301	10.346	0	0	4.103	12.41	14.255	0	0	0	2.645	0	0	0	0.5	0.551	0.724	0	0	0.5	0.551	0.657	0	0	0	0	0	0	0	0	0.8	0	0.625	0	0	0.8	0	0.415	0.490
1.656	0	2.669	0	0	1.656	0	2.669	0	0	0	0	0.876	0	0	1	0	0.833	0	0	1	0	0.667	0	0	0	0	0	0	0	0	0	0	0	0.2	0	0	0	0	0.4	0	0.539
0	0	0	0	0	0	0	0	0	0	0	0	0	0	0	0	0	0	0	0	0	0	0	0	0	0	0	0	0	0	0	0	0	0	0	0	0	0	0	0.2	0.292	0.902
17.288	0	16.778	15.119	16.699	23.024	1.02	21.711	23.386	18.884	14.837	1.02	9.781	15.855	3.309	0.662	0	0.689	0.71	0.797	0.571	0	0.611	0.619	0.654	0.5	0	0.571	0.484	1	0.4	0	0	0	0	0	0	0.2	0	0	0.299	0.199
0	0	0	23.329	0	0	0	0	24.341	0	0	0	0	2.763	0	0	0	0	0.532	0	0	0	0	0.465	0	0	0	0	0.333	0	0	0	0	0	0	0	0	0	0	0	0.559	0.680
0	0	10.438	1.135	17.351	0	0	8.395	2.016	15.861	0	0	4.768	0.881	11.167	0	0	0.936	0	0.667	0	0	0.917	0	0.558	0	0	0.7	0	0.455	0.333	0	0.2	0.2	0.333	0.333	0	0.2	0	0.333	0.714	0.910
22.289	0	23.649	2.669	0	14.457	0	15.387	2.669	0	11.42	0	10.695	0.876	0	0.593	0	0.585	0.833	0	0.813	0	0.642	0.667	0	0.288	0	0.311	0	0	0	0.2	0.778	0	0	0	0.4	0.667	0	0	0	0.495
26.995	0	0	2.445	14.981	33.247	0	0	4.259	18.197	13.867	0	0	4.258	8.1	0.451	0	0	0.6	0.668	0.395	0	0	0.6	0.568	0.509	0	0	0.3	0.429	0.333	0	0	0	0	0	0	0	0	0	0.417	0.216
0	0	4.487	0	0	0	0	5.263	0	0	0	0	2.728	0	0.888	0	0	0.667	0	0	0	0	0.667	0	0	0	0	0	0	0	0.4	0	0	0	0	0	0.333	0	0	0	0.195	0.763
0	0	0	3.221	0	0	0	0	2.426	0	0	0	0	1.64	0	0	0	0	1	0	0	0	0	1	0	0	0	0	1	0	0	0.2	0.25	0	0	0	0.6	0.5	0	0.75	0	0.601
0	0	0	0	3.221	0	0	0	0	2.426	0	0	0	0	1.64	0	0	0	0	1	0	0	0	0	1	0	0	0	0	1	0	0	0.2	0	0	0	0	0	0	0	0.015	0.330
0	0	0	0	0	0	0	0	0	0	0	0	0	0	0	0	0	0	0	0	0	0	0	0	0	0	0	0	0	0	0	0	0	0	0	0	0	0	0	0	0.298	0.331
0	0	0	0	0	0	0	0	0	0	0	0	0	0	0	0	0	0	0	0	0	0	0	0	0	0	0	0	0	0	0	0	0	0	0	0	0	0	0	0.2	0.557	0.737
0	0	0	0	0	0	0	0	0	0	0	0	0	0	0	0	0	0	0	0	0	0	0	0	0	0	0	0	0	0	0	0	0	0	0	0	0	0	0	0	0.296	0.714
0	3.713	0	0	4.448	0	2.701	0	0	1.685	0	1.899	0	0	5.272	0	1	0	0	0.6	0	1	0	0	0	0	1	0	0	0.6	0	0	0.2	0.25	0.25	0	0	0	0.25	0	0.718	0.825
0.792	0	0	0	0	1.629	0.794	0	0	0.794	1.629	0.794	0	0	0.794	0	0	0	0	0	0	0	0	0	0	0	0	0	0	0	0.111	0	0	0.25	0	0	0.143	0	0.25	0	0.556	0.161
0	-1	0	-1	0	0	-1	0	-1	0	0	-1	0	-1	0	0	-1	0	-1	0	0	-1	0	-1	0	0	-1	0	-1	0	0	-1	0	-1	0	0	-1	0	-1	0	0.899	0.999
0	4.487	0	0	0.927	0	5.263	0	0	0.927	0.888	2.728	0	0	0.927	0	0.667	0	0	0	0	0.667	0	0	0	0	0	0	0	0	0	0	0	0.4	0	0	0	0	0	0	0.292	0.272
0	0	6.94	0	0	0	0.814	7.754	0	0	0	0.814	2.802	0	0	0	0	0.444	0	0	0	0	0.444	0	0	0	0	0	0	0	0	0	0	0	0	0	0	0	0	0	0.299	0.178
0	0	13.105	0.825	0	0	0	7.558	0.825	0	0	0	8.93	0	0	0	0	0.971	0	0	0	0	0.972	0	0	0	0	0.644	0	0	0.8	0.5	0.778	0	0	1	0.875	0.778	0	0	0.198	0.962
0	0	0	0	0	0	0	0	0	0	0	0	0	0	0	0	0	0	0	0	0	0	0	0	0	0	0	0	0	0	0	0	0	0	0	0	0	0.2	0	0	0.556	0.871
0	0	0	0	0.792	0	0	0.794	0	1.629	0	0	0.794	0	1.629	0	0	0	0	0	0	0	0	0	0	0	0	0	0	0	0.25	0	0	0.4	0.111	0.25	0	0.143	0.2	0	0.417	0.865
0	0	0	0.773	0.989	0	0	0	0	0.989	0	0	0	0.773	0.989	0	0	0	0	0	0	0	0	0	0	0	0	0	0	0	0.2	0.625	0.375	0.4	0.25	0	0.5	0.875	0.4	1	0	0.518
0	0	0	5.398	27.325	0	0	0	8.281	31.461	0	0	0	5.72	14.088	0	0	0	0.929	0.474	0	0	0	0.893	0.421	0	0	0	0.7	0.527	0.6	0.125	0	0	0.429	0.2	0	0	0.2	0	0	0.560
0	0	0	0	0	0	0	0	0	0	0	0	0	0	0	0	0	0	0	0	0	0	0	0	0	0	0	0	0	0	0	0	0	0	0	0	0	0	0	0	0.554	0.856
