0	-1	0	-1	0	0	-1	0	-1	0	0	-1	0	-1	0	0	-1	0	-1	0	0	-1	0	-1	0	0	-1	0	-1	0	0	-1	0	-1	0	0.2	-1	0	-1	0	0.899	1.000
8.195	18.837	24.64	21.443	17.296	13.224	28.496	33.941	30.338	26.343	13.293	17.939	17.591	14.807	13.396	0.816	0.684	0.641	0.671	0.793	0.89	0.678	0.625	0.646	0.787	0.462	0.408	0.4	0.418	0.515	0.2	0.4	0.2	0.6	0.4	0.2	0.8	0.2	0.6	0.2	0	0.566
0	0	0	0	0.996	0	0	0	0	0.996	0	0	0	0	0.996	0	0	0	0	0	0	0	0	0	0	0	0	0	0	0	0	0	0	0	0	0	0	0	0	0	0.559	0.086
0	0	0	0	0	0	0	0	0	0	0	0	0	0	0	0	0	0	0	0	0	0	0	0	0	0	0	0	0	0	1	0.2	0.2	0	0	1	0	0	0	0	0	0.827
0	0	0	0	0	0	0	0	0	0	0	0	0	0	0	0	0	0	0	0	0	0	0	0	0	0	0	0	0	0	0.857	0.2	0.75	0	0.429	0.571	0	0.75	0	0.714	0.299	0.737
0	0	0	0	0	0	0	0	0	0	0	0	0	0	0	0	0	0	0	0	0	0	0	0	0	0	0	0	0	0	0	0	0	0	0	0	0.25	0	0	0	0.713	0.144
18.605	10.441	15.083	6.651	0	23.303	13.807	15.18	13.17	0	11.515	12.295	10.421	9.464	0	0.835	0.917	0.854	0.897	0	0.827	0.901	0.848	0.833	0	0.6	0.47	0.689	0.611	0	0.6	1	0.2	1	0	0.6	1	0	1	0	0.298	0.297
0	1.158	0	0	0	0	1.158	0	0	0	0	0	0	0	0	0	0	0	0	0	0	0	0	0	0	0	0	0	0	0	0	0.714	0	0.429	0	0	0	0	0	0	0.716	0.120
0	0	0	0	0	0	0	0	0	0	0	0	0	0	0	0	0	0	0	0	0	0	0	0	0	0	0	0	0	0	0.2	0	1	0	0.2	0	0	1	0	0	0	0.653
0	0	0	0	0	0	0	0	0	0	0	0	0	0	0	0	0	0	0	0	0	0	0	0	0	0	0	0	0	0	0	1	0	0.4	0	0	1	0	1	0	0.118	0.113
0	0	0	0	0	0	0	0	0	0	0	0	0	0	0	0	0	0	0	0	0	0	0	0	0	0	0	0	0	0	0	0	0	0	0	0	0	0	0	0	0.415	0.118
0	0	0	0	0	0	0	0	0	0	0	0	0	0	0	0	0	0	0	0	0	0	0	0	0	0	0	0	0	0	0	0	0	0	0	0	0	0	0	0	0.896	0.181
0	1.158	0	0	0	0	1.158	0	0	0	0	0	0	0	0	0	0	0	0	0	0	0	0	0	0	0	0	0	0	0	0	0.5	0	0.8	0.857	0	0	0	0.2	0.714	0.294	0.247
0	0	0	0	0	0	0	0	0	0	0	0	0	0	0	0	0	0	0	0	0	0	0	0	0	0	0	0	0	0	0	0	0	0	0	0	0	0	0	0	0.414	0.137
20.499	6.705	17.167	0.905	17.237	28.32	10.679	23.661	3.144	23.892	13.045	3.974	8.766	2.24	10.618	0.63	0.855	0.721	1	0.685	0.624	0.855	0.707	1	0.67	0.455	0.5	0.607	1	0.556	0.4	0	0.571	0.2	0	0	0.333	0.714	0	0	0	0.206
0	0	0	0	0	0	0	0	0	0	0	0	0	0	0	0	0	0	0	0	0	0	0	0	0	0	0	0	0	0	0.25	0.2	0	0	1	0	0	0.25	0	1	0	0.608
0	0	0	0	0	0	0	0	0	0	0	0	0	0	0	0	0	0	0	0	0	0	0	0	0	0	0	0	0	0	0	0	0	0	0	0	0	0	0	0	0.557	0.181
1.289	0.996	0	0	0	1.289	0.996	0	0	0	1.289	0.996	0	0	0	0	0	0	0	0	0	0	0	0	0	0	0	0	0	0	0	0	0	0	0	0	0	0	0	0	0.418	0.112
0	0	0	0	0	0	0.887	0	0	0	0	0.887	0	0	0	0	0	0	0	0	0	0	0	0	0	0	0	0	0	0	0.4	0	0.4	0.5	0.2	0	0	0.4	0	0	0	0.196
0	0	0	0.927	0	0	0	0	0.927	0	0	0	0	0.927	0	0	0	0	0	0	0	0	0	0	0	0	0	0	0	0	0	0	0	0.667	0	0	0	0	0	0	0.415	0.268
0	0	0	0	0	0	0	0	0	0	0	0	0	0	0	0	0	0	0	0	0	0	0	0	0	0	0	0	0	0	0	0	0	1	0	0	0	0	1	0	0.419	0.366
0	0	0	0	0	0	0	0	0	0	0	0	0	0	0	0	0	0	0	0	0	0	0	0	0	0	0	0	0	0	0	0.6	0	0	0.2	0	0	0	0	0	0	0.545
9.673	0	0	0	7.907	12.777	0.888	0.909	0	12.108	11.813	0.888	0.909	0	4.205	0.603	0	0	0	0.742	0.603	0	0	0	0.742	0.47	0	0	0	0.667	0.5	0.4	0	0	0	1	0	0	0	0	0	0.503
0	0	0	0	0	0	0	0	0	0	0	0	0	0	0	0	0	0	0	0	0	0	0	0	0	0	0	0	0	0	0	0	0	0	0	0	0	0	0	0	0.715	0.178
0	0	5.359	0	0	0.88	2.753	6.376	0	0	0.88	2.753	6.376	0	0	0	0	0.733	0	0	0	0	0.733	0	0	0	0	0.333	0	0	0	0	0.8	0	0	0.5	0	1	0	0	0.3	0.450
0	0	0	0	0	0	0	0	0	0	0	0	0	0	0	0	0	0	0	0	0	0	0	0	0	0	0	0	0	0	0.2	0	0.25	0	0	0	0	0	0	0.25	0	0.522
0	0	0	0	0	0	0	0	0	0	0	0	0	0	0	0	0	0	0	0	0	0	0	0	0	0	0	0	0	0	0	0	0	0	0	0	0	0	0	0	0.415	0.663
0	0	0	0	0	0	0	0	0	0	0	0	0	0	0	0	0	0	0	0	0	0	0	0	0	0	0	0	0	0	0.2	0	0	0	0.75	0.2	0	0	0	0.75	0	0.471
0	0	0	0	0	0	0	0	0	0	0	0	0	0	0	0	0	0	0	0	0	0	0	0	0	0	0	0	0	0	0	0	0.2	0.857	1	0	0	0	0.714	1	0	0.315
0	0	0	0	0	0	0	0	0	0	0	0	0	0	0	0	0	0	0	0	0	0	0	0	0	0	0	0	0	0	0	0	0	0	0.2	0	0	0	0.25	0	0.894	0.125
1.158	0	0	0	0	1.158	0	0	0	0	0	0	0	0	0	0	0	0	0	0	0	0	0	0	0	0	0	0	0	0	0.714	0.429	0	0	0	0	0	0	0	0	0.716	0.255
21.259	0	23.417	0	13.443	27.824	2.335	26.827	2.02	15.004	12.91	2.335	12.068	2.02	13.841	0.718	1	0.701	1	0.789	0.704	1	0.695	1	0.848	0.439	1	0.436	1	0.484	0	0	0	0	0.2	0	0	0	0	0	0.419	0.110
0	0	0	0	0	0	0	0	0	0	0	0	0	0	0	0	0	0	0	0	0	0	0	0	0	0	0	0	0	0	0	0	0	0	0	0	0	0	0	0	0.897	0.141
0	0	0	0	0	0	0	0	0	0	0	0	0	0	0	0	0	0	0	0	0	0	0	0	0	0	0	0	0	0	0	0	0	0	0	0	0	0	0	0	0	0.342
0	0	0	0	0	0	0	0	0	0	0	0	0	0	0	0	0	0	0	0	0	0	0	0	0	0	0	0	0	0	0	0	0	0	0	0	0	0	0	0	0.899	0.067
0	0	0	0	0	0	0	0	0	0	0	0	0	0	0	0	0	0	0	0	0	0	0	0	0	0	0	0	0	0	0.2	0	0	0	0.4	0	0	0.2	0	1	0	0.354
0	0	0	0	0	0	0	0	0	0	0	0	0	0	0	0	0	0	0	0	0	0	0	0	0	0	0	0	0	0	0	0.6	0	0	0.2	0	0	0	0	0	0	0.782
0	0	0	0	0	0	0	0	0	0	0	0	0	0	0	0	0	0	0	0	0	0	0	0	0	0	0	0	0	0	0.2	0	0.857	0	0.75	0	0	0.571	0	0.75	0	0.668
0	0	0	0	0	0	0	0	0	0	0	0	0	0	0	0	0	0	0	0	0	0	0	0	0	0	0	0	0	0	0	0.2	0	0	0	0	0	0	0	0	0	0.149
0	0	0	0	0	0	0	0	0	0	0	0	0	0	0	0	0	0	0	0	0	0	0	0	0	0	0	0	0	0	0	0	0	1	0	0	0	0	1	0	0.415	0.098
0	0	0	0	0	0	0	0	0	0	0	0	0	0	0	0	0	0	0	0	0	0	0	0	0	0	0	0	0	0	0	0	0.2	0.6	0	0	0	0	0	0	0.296	0.165
0	0	0	0	0	0.887	0	0	0	0	0.887	0	0	0	0	0	0	0	0	0	0	0	0	0	0	0	0	0	0	0	0	0.5	0.4	0.25	0.4	0	0	0	0	0.4	0.196	0.135
0	0	0	0	0	0	0	0	0	0	0	0	0	0	0	0	0	0	0	0	0	0	0	0	0	0	0	0	0	0	0	0	0	0	0	0	0	0	0	0	0	0.494
0	0	0	0	0	0	0	0	0	0	0	0	0	0	0	0	0	0	0	0	0	0	0	0	0	0	0	0	0	0	0	0	0	0	0	0	0	0	0	0	0.716	0.405
16.863	7.593	6.651	21.521	10.441	24.882	16.44	13.17	30.884	13.807	7.81	4.486	9.464	8.009	12.295	0.833	0.892	0.897	0.687	0.917	0.81	0.833	0.833	0.67	0.901	0.524	0.667	0.611	0.524	0.47	0	0	1	0.8	1	0	0.333	1	1	1	0.296	0.240
5.359	0	0	0	0	6.376	0.88	0	2.753	1.783	6.376	0.88	0	2.753	1.783	0.733	0	0	0	0	0.733	0	0	0	0	0.333	0	0	0	0	0.8	0	0	0	0	1	0.5	0	0	0	0.117	0.507
0	0	0	0	0	0	0	0	0	0	0	0	0	0	0	0	0	0	0	0	0	0	0	0	0	0	0	0	0	0	0	0	0	0	0	0	0	0	0	0	0.559	0.154
0	0	0	0	0	0	0	0	0	0	0	0	0	0	0	0	0	0	0	0	0	0	0	0	0	0	0	0	0	0	0.6	0.75	0.6	0	0	0.4	0.75	0.8	0	0	0	0.781
0	0	0	0	0.996	0	0	0	0	0.996	0	0	0	0	0.996	0	0	0	0	0	0	0	0	0	0	0	0	0	0	0	0	0	0	0	0	0	0	0	0	0	0.419	0.168
0.996	0	1.289	0	0	0.996	0	1.289	0	0	0.996	0	1.289	0	0	0	0	0	0	0	0	0	0	0	0	0	0	0	0	0	0	0	0	0	0	0	0	0	0	0	0	0.155
0	0	0	0	0	0	0	0	0	0	0	0	0	0	0	0	0	0	0	0	0	0	0	0	0	0	0	0	0	0	0	0.2	0.75	0	0.6	0	0.2	0.75	0	0.4	0	0.672
17.237	17.167	20.403	20.499	20.129	23.892	23.661	29.129	28.32	29.776	10.618	8.766	14.638	13.045	14.962	0.685	0.721	0.627	0.63	0.656	0.67	0.707	0.611	0.624	0.648	0.556	0.607	0.372	0.455	0.449	0	0.571	0.8	0.4	0.25	0	0.714	1	0	0.25	0.294	0.235
24.3	22.687	22.822	16.88	0	30.766	23.786	28.029	22.91	0	13.166	12.998	7.151	9.882	0	0.625	0.704	0.724	0.783	0	0.609	0.727	0.7	0.772	0	0.424	0.487	0.667	0.578	0	0	0	0	0	0	0	0	0	0	0	0.418	0.288
0	0	0	0	0	0	0	0	0	0	0	0	0	0	0	0	0	0	0	0	0	0	0	0	0	0	0	0	0	0	0	0	0	0	0	0	0	0	0	0	0	0.326
0	0	0	0	0	0	0	0	0	0	0	0	0	0	0	0	0	0	0	0	0	0	0	0	0	0	0	0	0	0	0	0	0	0	0	0	0	0.25	0	0	0	0.412
10.441	6.651	18.605	16.863	15.083	13.807	13.17	23.303	24.882	15.18	12.295	9.464	11.515	7.81	10.421	0.917	0.897	0.835	0.833	0.854	0.901	0.833	0.827	0.81	0.848	0.47	0.611	0.6	0.524	0.689	1	1	0.6	0	0.2	1	1	0.6	0	0	0.117	0.771
0	0	-1	0	-1	0	0	-1	0	-1	0	0	-1	0	-1	0	0	-1	0	-1	0	0	-1	0	-1	0	0	-1	0	-1	0	0	-1	0	-1	0	0.4	-1	0	-1	0.898	1.000
0	0	9.673	0	0	0.888	0	12.777	0	0.909	0.888	0	11.813	0	0.909	0	0	0.603	0	0	0	0	0.603	0	0	0	0	0.47	0	0	0.4	0	0.5	0	0	0	0	1	0	0	0	0.442
23.417	21.259	13.443	0	18.733	26.827	27.824	15.004	2.335	25.792	12.068	12.91	13.841	2.335	13.329	0.701	0.718	0.789	1	0.787	0.695	0.704	0.848	1	0.773	0.436	0.439	0.484	1	0.515	0	0	0.2	0	0.444	0	0	0	0	0	0	0.154
16.88	18.4	22.687	19.589	24.3	22.91	25.832	23.786	27.507	30.766	9.882	12.522	12.998	20.121	13.166	0.783	0.751	0.704	0.732	0.625	0.772	0.732	0.727	0.709	0.609	0.578	0.53	0.487	0.386	0.424	0	0	0	0.8	0	0	0	0	1	0	0.113	0.662
0	0	0	0	0	0	0	0	0	0	0	0	0	0	0	0	0	0	0	0	0	0	0	0	0	0	0	0	0	0	0	0	0	0.2	0	0	0	0	0	0	0.298	0.122
0	0	0	0	0	0	0	0	0	0	0	0	0	0	0	0	0	0	0	0	0	0	0	0	0	0	0	0	0	0	0	0.2	0.4	0	1	0.2	0	1	0	1	0	0.547
0	0	0	0	0	0	0	0	0	0	0	0	0	0	0	0	0	0	0	0	0	0	0	0	0	0	0	0	0	0	0	0	0.2	0.6	0.857	0	0	0	0	0.571	0	0.541
0	0	0	0	0	0	0	0	0	0	0	0	0	0	0	0	0	0	0	0	0	0	0	0	0	0	0	0	0	0	0	0	0	0	0	0	0	0	0	0	0	0.412
0	0	0	0	5.359	2.753	0	0.88	1.795	6.376	2.753	0	0.88	1.795	6.376	0	0	0	0	0.733	0	0	0	0	0.733	0	0	0	0	0.333	0	0	0	0.2	0.8	0	0	0.5	0.4	1	0.117	0.362
18.837	21.443	8.195	24.471	24.64	28.496	30.338	13.224	35.212	33.941	17.939	14.807	13.293	19.629	17.591	0.684	0.671	0.816	0.602	0.641	0.678	0.646	0.89	0.591	0.625	0.408	0.418	0.462	0.4	0.4	0.4	0.6	0.2	0.25	0.2	0.8	0.6	0.2	1	0.2	0	0.366
0.996	0	0	0	0	0.996	0	0	0	0	0.996	0	0	0	0	0	0	0	0	0	0	0	0	0	0	0	0	0	0	0	0	0	0	0	0	0	0	0	0	0	0.419	0.430
0	0	0.996	0	1.289	0	0	0.996	0	1.289	0	0	0.996	0	1.289	0	0	0	0	0	0	0	0	0	0	0	0	0	0	0	0	0	0	0	0	0	0	0	0	0	0	0.559
0	0	0	0	0	0	0	0	0	0	0	0	0	0	0	0	0	0	0	0	0	0	0	0	0	0	0	0	0	0	0	0	0.2	0	0	0	0	0.2	0	0	0	0.651
0	0	0	0	0	0	0	0	0	0	0	0	0	0	0	0	0	0	0	0	0	0	0	0	0	0	0	0	0	0	0	0.2	0	1	0.2	0	0	0	1	0	0.298	0.378
0	0	0	0	0	0	0	0	0.887	0.887	0	0	0	0.887	0.887	0	0	0	0	0	0	0	0	0	0	0	0	0	0	0	0.4	0.4	0.2	0	0	0.4	0	0	0	0	0	0.631
7.907	0	0	9.673	0.905	12.108	0.909	2.705	12.777	3.144	4.205	0.909	2.705	11.813	2.24	0.742	0	0.333	0.603	1	0.742	0	0.333	0.603	1	0.667	0	0.333	0.47	1	0	0	0	0.5	0.2	0	0	0	1	0	0.296	0.106
0	0	0	0	0	0	0	0	0	0	0	0	0	0	0	0	0	0	0	0	0	0	0	0	0	0	0	0	0	0	0	0	0	0	0	0	0	0	0	0	0.899	0.661
0	0	0	0	0	0	0	0	0	0	0	0	0	0	0	0	0	0	0	0	0	0	0	0	0	0	0	0	0	0	0	0	0	0	0	0	0	0	0	0	0.554	0.165
0	0	0	0	0	0	0	0	0	0	0	0	0	0	0	0	0	0	0	0	0	0	0	0	0	0	0	0	0	0	0.4	0	1	0.2	0	1	0.2	1	0	0	0.298	0.652
0	22.822	0	24.3	0	0	28.029	0	30.766	2.02	0	7.151	0	13.166	2.02	0	0.724	0	0.625	1	0	0.7	0	0.609	1	0	0.667	0	0.424	1	0	0	0	0	0	0	0	0	0	0	0.893	0.286
0	0	1.158	0	0	0	0	1.158	0	0	0	0	0	0	0	0	0	0	0	0	0	0	0	0	0	0	0	0	0	0	0.8	0	0.5	1	0	0.2	0	0	1	0	0.117	0.720
0	0	0	0	0	0	0	0	0	0	0	0	0	0	0	0	0	0	0	0	0	0	0	0	0	0	0	0	0	0	0	0	0	0.6	0.2	0	0	0	0	0.2	0	0.680
0	0	0	0	0	0	0	0	0	0	0	0	0	0	0	0	0	0	0	0	0	0	0	0	0	0	0	0	0	0	0	0	0.2	0	0.2	0	0	0	0	0	0.554	0.194
0	0	0	0.927	0	0	0	0	0.927	0	0	0	0	0.927	0	0	0	0	0	0	0	0	0	0	0	0	0	0	0	0	1	0	0	0	0	1	0	0	0	0	0	0.964
24.64	8.195	17.296	18.837	7.311	33.941	13.224	26.343	28.496	13.164	17.591	13.293	13.396	17.939	11.441	0.641	0.816	0.793	0.684	0.867	0.625	0.89	0.787	0.678	0.879	0.4	0.462	0.515	0.408	0.47	0.2	0.2	0.4	0.4	0.25	0.2	0.2	0.2	0.8	0	0.298	0.235
0	0	21.259	0	23.417	2.335	2.02	27.824	0	26.827	2.335	2.02	12.91	0	12.068	1	1	0.718	0	0.701	1	1	0.704	0	0.695	1	1	0.439	0	0.436	0	0	0	0	0	0	0	0	0	0	0.718	0.258
0.927	0	0	0	0	0.927	0	0	0	0	0.927	0	0	0	0	0	0	0	0	0	0	0	0	0	0	0	0	0	0	0	0	0	0	0	1	0	0	0	0	1	0.19	0.266
0	0	0	0	0	0	0	0	0	0	0	0	0	0	0	0	0	0	0	0	0	0	0	0	0	0	0	0	0	0	0	0	0	0	0	0	0	0	0	0	0.557	0.115
0.905	0	6.705	7.907	20.499	3.144	2.705	10.679	12.108	28.32	2.24	2.705	3.974	4.205	13.045	1	0.333	0.855	0.742	0.63	1	0.333	0.855	0.742	0.624	1	0.333	0.5	0.667	0.455	0.2	0	0	0	0.4	0	0	0.333	0	0	0	0.166
0	0	0	0	0	0	0	0	0	0	0	0	0	0	0	0	0	0	0	0	0	0	0	0	0	0	0	0	0	0	0.75	0.333	0.143	0	0	0	0.333	0.429	0	0	0	0.717
0	0	0.996	0	0	0	0	0.996	0	0	0	0	0.996	0	0	0	0	0	0	0	0	0	0	0	0	0	0	0	0	0	0	0	0	0	0	0	0	0	0	0	0.119	0.106
0	0	1.158	0	0	0	0	1.158	0	0	0	0	0	0	0	0	0	0	0	0	0	0	0	0	0	0	0	0	0	0	0.429	0	0.714	0.6	0	0	0	0	0.8	0	0.557	0.281
0	0	0	0	0	0	0	0	0	0	0	0	0	0	0	0	0	0	0	0	0	0	0	0	0	0	0	0	0	0	0	0.2	0	0.2	0	0	0	0	0	0	0	0.462
0	0	0	0	-1	0	0	0	0	-1	0	0	0	0	-1	0	0	0	0	-1	0	0	0	0	-1	0	0	0	0	-1	0	0	0	0	-1	0.4	0	0	0	-1	0.718	1.000
0	0	0	0	0	0	0	0	0	0	0	0	0	0	0	0	0	0	0	0	0	0	0	0	0	0	0	0	0	0	0	0.143	1	0.75	0	0	0.429	0.333	0	0	0.415	0.281
0	0	0	0	0	0	0	0.887	0	0.884	0	0	0.887	0	0.884	0	0	0	0	0	0	0	0	0	0	0	0	0	0	0	0.2	0.4	0	0.4	0	0	0.4	0	0	0.2	0	0.310
0	0	0	0	0	0	0	0	0	0	0	0	0	0	0	0	0	0	0	0	0	0	0	0	0	0	0	0	0	0	0	0	0.2	0.2	0	0	0	0	0	0.2	0	0.521
0	0	0	0	0	0	0	0	0	0	0	0	0	0	0	0	0	0	0	0	0	0	0	0	0	0	0	0	0	0	0	0	0	0	0	0	0	0	0	0	0.414	0.221
0	0	0	0	0	0	0	0	0	0	0	0	0	0	0	0	0	0	0	0	0	0	0	0	0	0	0	0	0	0	1	0.4	0	0	0	1	1	0	0.2	0	0.198	0.630
22.822	24.3	0	22.687	0	28.029	30.766	0	23.786	0	7.151	13.166	0	12.998	0	0.724	0.625	0	0.704	0	0.7	0.609	0	0.727	0	0.667	0.424	0	0.487	0	0	0	0	0	0	0	0	0	0	0	0.897	0.142
0	0	0	22.822	0	0	0	2.02	28.029	2.335	0	0	2.02	7.151	2.335	0	0	1	0.724	1	0	0	1	0.7	1	0	0	1	0.667	1	0	0	0	0	0	0	0	0	0	0	0.893	0.224
0	0	0	0	0	0	0	0	0	0	0	0	0	0	0	0	0	0	0	0	0	0	0	0	0	0	0	0	0	0	0	0.429	0	0.75	0	0	0.714	0	0.75	0	0.557	0.185
0	9.673	7.907	0	0	0.909	12.777	12.108	0.888	2.705	0.909	11.813	4.205	0.888	2.705	0	0.603	0.742	0	0.333	0	0.603	0.742	0	0.333	0	0.47	0.667	0	0.333	0	0.5	0	0.4	0	0	1	0	0	0	0	0.381
0	0	0	0	0	0	0	0	0	0	0	0	0	0	0	0	0	0	0	0	0	0	0	0	0	0	0	0	0	0	0.429	0.75	0	0.857	0	0.714	0.75	0	0.571	0	0.299	0.537
0	0	0	1.913	0	0	0	0.889	2.802	0	0	0	0.889	2.802	0	0	0	0	0.333	0	0	0	0	0.333	0	0	0	0	0.333	0	0	0.714	0	0	0.25	0	1	0	0	0	0	0.410
0	0	0	0	0	0	0	0	0	0	0	0	0	0	0	0	0	0	0	0	0	0	0	0	0	0	0	0	0	0	0.857	0	0	0	0	0.714	0	0	0	0	0.299	0.703
0	0	0	1.289	0	0	0	0	1.289	0	0	0	0	1.289	0	0	0	0	0	0	0	0	0	0	0	0	0	0	0	0	0.6	0	0	0.8	0	0	0	0	0	0	0	0.208
21.443	24.471	18.837	8.2	8.195	30.338	35.212	28.496	15.434	13.224	14.807	19.629	17.939	10.93	13.293	0.671	0.602	0.684	0.824	0.816	0.646	0.591	0.678	0.825	0.89	0.418	0.4	0.408	0.527	0.462	0.6	0.25	0.4	0.6	0.2	0.6	1	0.8	0.4	0.2	0	0.427
6.735	0	0	0	0	9.635	0	0	1.783	0	8.693	0	0	1.783	0	0.644	0	0	0	0	0.644	0	0	0	0	0.5	0	0	0	0	0	0.25	0	0	0	0	0	0	0	0	0	0.317
6.651	16.863	10.441	7.593	18.605	13.17	24.882	13.807	16.44	23.303	9.464	7.81	12.295	4.486	11.515	0.897	0.833	0.917	0.892	0.835	0.833	0.81	0.901	0.833	0.827	0.611	0.524	0.47	0.667	0.6	1	0	1	0	0.6	1	0	1	0.333	0.6	0.417	0.850
0	0	0	0	0	0.884	0.887	0.938	0	0	0.884	0.887	0.938	0	0	0	0	0	0	0	0	0	0	0	0	0	0	0	0	0	0	0	0	0.2	0.429	0.2	0	0	0	0	0.12	0.311
0	0	0	0	0	0	0	0	0	0	0	0	0	0	0	0	0	0	0	0	0	0	0	0	0	0	0	0	0	0	0	0	0	0	0	0	0	0	0	0	0.894	0.129
0	0	0	0	0	0	0	0	0	0	0	0	0	0	0	0	0	0	0	0	0	0	0	0	0	0	0	0	0	0	0	0	0.6	0	0	0	0	0	0	0	0.298	0.413
0	0	0	1.289	0.927	0	0	0	1.289	0.927	0	0	0	1.289	0.927	0	0	0	0	0	0	0	0	0	0	0	0	0	0	0	0	0	0	0	0.667	0	0	0.25	0	0	0.557	0.094
0	0	0.927	0	0	0	0	0.927	0	0	0	0	0.927	0	0	0	0	0	0	0	0	0	0	0	0	0	0	0	0	0	0	0	0	0	0	0	0	0	0	0	0.298	0.333
0	0.927	0	0	0	0	0.927	0	0	0	0	0.927	0	0	0	0	0	0	0	0	0	0	0	0	0	0	0	0	0	0	0	0	1	0	0	0	0	1	0	0	0	0.599
0	0	0	0	21.259	2.02	0	2.335	0	27.824	2.02	0	2.335	0	12.91	1	0	1	0	0.718	1	0	1	0	0.704	1	0	1	0	0.439	0	0	0	0	0	0	0	0	0	0	0.299	0.159
0	7.907	0.905	0	6.705	2.705	12.108	3.144	0.909	10.679	2.705	4.205	2.24	0.909	3.974	0.333	0.742	1	0	0.855	0.333	0.742	1	0	0.855	0.333	0.667	1	0	0.5	0	0	0.2	0	0	0	0	0	0	0.333	0.299	0.228
0	0	0	0	0	0	0	0	0	0	0	0	0	0	0	0	0	0	0	0	0	0	0	0	0	0	0	0	0	0	0.2	0	0.2	0	0	0	0	0	0	0	0.12	0.245
0	0	0	0	0	0	0	0	0	0	0	0	0	0	0	0	0	0	0	0	0	0	0	0	0	0	0	0	0	0	0	0.6	0	0	0	0	0	0	0	0	0	0.774
7.593	21.521	16.863	16.838	6.651	16.44	30.884	24.882	25.832	13.17	4.486	8.009	7.81	12.16	9.464	0.892	0.687	0.833	0.733	0.897	0.833	0.67	0.81	0.71	0.833	0.667	0.524	0.524	0.491	0.611	0	0.8	0	0.4	1	0.333	1	0	0.8	1	0.298	0.699
18.4	19.589	16.88	7.311	22.687	25.832	27.507	22.91	13.164	23.786	12.522	20.121	9.882	11.441	12.998	0.751	0.732	0.783	0.867	0.704	0.732	0.709	0.772	0.879	0.727	0.53	0.386	0.578	0.47	0.487	0	0.8	0	0.25	0	0	1	0	0	0	0.556	0.275
0	0	0	0	0	0	0	0	0	0	0	0	0	0	0	0	0	0	0	0	0	0	0	0	0	0	0	0	0	0	0.2	0.2	0	0	0	0	0	0	0	0	0.419	0.196
0	0	0	0	0	0	0	0	0	0	0	0	0	0	0	0	0	0	0	0	0	0	0	0	0	0	0	0	0	0	0.2	0	0.333	0	0	0.2	0	0.333	0	0	0	0.704
0	0	0	0	0	0	0	0	0	0	0	0	0	0	0	0	0	0	0	0	0	0	0	0	0	0	0	0	0	0	0	0.4	0.333	0	0.75	0	0	0.333	0	0	0.419	0.147
0	0	0	0	0	0	0	0	0	0	0	0	0	0	0	0	0	0	0	0	0	0	0	0	0	0	0	0	0	0	0	0.857	0	0	0.2	0	0.714	0	0	0	0	0.781
0	0	0	0	0	0	0	0	0	0	0	0	0	0	0	0	0	0	0	0	0	0	0	0	0	0	0	0	0	0	0	0	0	0	0	0	0	0	0	0.2	0.299	0.213
0	0	0	0	0	0.889	0	0	0	0	0.889	0	0	0	0	0	0	0	0	0	0	0	0	0	0	0	0	0	0	0	0	0	0.25	0.714	0.5	0	0	0	1	0	0.298	0.201
20.403	17.237	20.129	17.167	8.2	29.129	23.892	29.776	23.661	15.434	14.638	10.618	14.962	8.766	10.93	0.627	0.685	0.656	0.721	0.824	0.611	0.67	0.648	0.707	0.825	0.372	0.556	0.449	0.607	0.527	0.8	0	0.25	0.571	0.6	1	0	0.25	0.714	0.4	0.117	0.401
0	0	0	0	0	0	0	0	0	0	0	0	0	0	0	0	0	0	0	0	0	0	0	0	0	0	0	0	0	0	0.75	0.857	0.429	0.2	0	0.75	0.571	0.714	0	0	0.294	0.926
14.441	18.733	16.838	13.443	21.521	22.316	25.792	25.832	15.004	30.884	14.025	13.329	12.16	13.841	8.009	0.788	0.787	0.733	0.789	0.687	0.758	0.773	0.71	0.848	0.67	0.423	0.515	0.491	0.484	0.524	0.5	0.444	0.4	0.2	0.8	0.5	0	0.8	0	1	0	0.677
0	0	0	15.083	0	0	0	0	15.18	0	0	0	0	10.421	0	0	0	0	0.854	0	0	0	0	0.848	0	0	0	0	0.689	0	0	0	0	0.2	0	0	0	0.4	0	0	0.718	1.000
0	0	0	0	0	0	0	0	0	0	0	0	0	0	0	0	0	0	0	0	0	0	0	0	0	0	0	0	0	0	0	0	0	0	0	0	0	0	0	0	0.717	0.127
0	0	0	0	0	0	0	0	0	0	0	0	0	0	0	0	0	0	0	0	0	0	0	0	0	0	0	0	0	0	1	0	0	0.2	0.8	1	0	0	0	0.2	0.717	0.969
0	0	0	0	0	0	0	0	0	0	0	0	0	0	0	0	0	0	0	0	0	0	0	0	0	0	0	0	0	0	0	0	0	0	0	0.2	0	0	0	0	0.42	0.738
18.733	13.443	14.441	23.417	16.838	25.792	15.004	22.316	26.827	25.832	13.329	13.841	14.025	12.068	12.16	0.787	0.789	0.788	0.701	0.733	0.773	0.848	0.758	0.695	0.71	0.515	0.484	0.423	0.436	0.491	0.444	0.2	0.5	0	0.4	0	0	0.5	0	0.8	0.298	0.207
0	0	0	0	0	0	0	0	0	0	0	0	0	0	0	0	0	0	0	0	0	0	0	0	0	0	0	0	0	0	0.6	0	0	0	0	0	0	0	0	0	0	0.644
0	0.996	0	0	0	0	0.996	0	0	0	0	0.996	0	0	0	0	0	0	0	0	0	0	0	0	0	0	0	0	0	0	0	0	0	0	0.2	0	0	0	0	0	0.417	0.649
0	0	0	0	0	0	0	0	0	0	0	0	0	0	0	0	0	0	0	0	0	0	0	0	0	0	0	0	0	0	0.4	1	0	1	0	0.6	1	0	1	0	0	0.475
0	0	0	0	0	0	0	0	0	0	0	0	0	0	0	0	0	0	0	0	0	0	0	0	0	0	0	0	0	0	0.6	0.6	0	0.75	0.429	0.8	0.4	0	0.75	0	0.298	0.460
1.158	0	0	0	0	1.158	0	0	0	0	0	0	0	0	0	0	0	0	0	0	0	0	0	0	0	0	0	0	0	0	0.5	0.8	0	0	0	0	0.2	0	0	0	0.2	0.266
0	1.289	0	0.996	0	0	1.289	0	0.996	0	0	1.289	0	0.996	0	0	0	0	0	0	0	0	0	0	0	0	0	0	0	0	0	0	0	0	0	0	0	0	0	0.25	0	0.500
0	0	0	0	0	0	0	0	0	0	0	0	0	0	0	0	0	0	0	0	0	0	0	0	0	0	0	0	0	0	0.143	0.75	0	0.333	1	0.429	0	0	0.333	0.333	0.557	0.330
0	0	0	0	0	0	1.795	2.753	0	0.88	0	1.795	2.753	0	0.88	0	0	0	0	0	0	0	0	0	0	0	0	0	0	0	0	0.2	0	0.429	0	0	0.4	0	0	0.5	0	0.464
24.471	8.2	21.443	20.129	18.837	35.212	15.434	30.338	29.776	28.496	19.629	10.93	14.807	14.962	17.939	0.602	0.824	0.671	0.656	0.684	0.591	0.825	0.646	0.648	0.678	0.4	0.527	0.418	0.449	0.408	0.25	0.6	0.6	0.25	0.4	1	0.4	0.6	0.25	0.8	0.117	0.383
0	0	0	-1	0	0	0	0	-1	0	0	0	0	-1	0	0	0	0	-1	0	0	0	0	-1	0	0	0	0	-1	0	0	0	0	-1	0	0	0.2	0	-1	0	0.717	1.000
0	0	0	0	0.927	0	0	0	0	0.927	0	0	0	0	0.927	0	0	0	0	0	0	0	0	0	0	0	0	0	0	0	0	0	0	0.4	0	0	0	0	0.6	0	0	0.904
0	0	0	0	0	0	0	0	0	0	0	0	0	0	0	0	0	0	0	0	0	0	0	0	0	0	0	0	0	0	0	0	0	0	0	0	0	0	0	0	0	0.600
0	0	0	0	0	0	0	0	0	0	0	0	0	0	0	0	0	0	0	0	0	0	0	0	0	0	0	0	0	0	0	0	0	0	0	0	0	0	0	0	0.198	0.163
0	0	0	0	0	0	0	0	0	0	0	0	0	0	0	0	0	0	0	0	0	0	0	0	0	0	0	0	0	0	0.6	0	0	0	0	0	0	0	0	0	0	0.348
0	0	0	0	0	0	0	0	0	0	0	0	0	0	0	0	0	0	0	0	0	0	0	0	0	0	0	0	0	0	0	0	0	0	0	0	0	0	0	0	0.42	0.381
8.2	20.129	24.471	20.403	21.443	15.434	29.776	35.212	29.129	30.338	10.93	14.962	19.629	14.638	14.807	0.824	0.656	0.602	0.627	0.671	0.825	0.648	0.591	0.611	0.646	0.527	0.449	0.4	0.372	0.418	0.6	0.25	0.25	0.8	0.6	0.4	0.25	1	1	0.6	0	0.539
0	0	0	0	0	0	0	0	0	0	0	0	0	0	0	0	0	0	0	0	0	0	0	0	0	0	0	0	0	0	0	0	0	0	0	0	0	0	0	0	0.714	0.194
0	0	0	0	0	0	0	0	0	0	0	0	0	0	0	0	0	0	0	0	0	0	0	0	0	0	0	0	0	0	0	0	0	0	0	0	0	0	0	0.25	0.415	0.164
0	0	0	0	0	0	0	0	0	0	0	0	0	0	0	0	0	0	0	0	0	0	0	0	0	0	0	0	0	0	0	0	0	0	0	0	0	0	0	0	0.056	0.474
0	0	0	0	0	0	0.889	0	0	0.887	0	0.889	0	0	0.887	0	0	0	0	0	0	0	0	0	0	0	0	0	0	0	0.25	0	0.5	0	0	0	0	0	0	0	0	0.570
13.443	23.417	18.733	21.259	14.441	15.004	26.827	25.792	27.824	22.316	13.841	12.068	13.329	12.91	14.025	0.789	0.701	0.787	0.718	0.788	0.848	0.695	0.773	0.704	0.758	0.484	0.436	0.515	0.439	0.423	0.2	0	0.444	0	0.5	0	0	0	0	0.5	0	0.629
0	0	0	0	1.158	0	0	0	0	1.158	0	0	0	0	0	0	0	0	0	0	0	0	0	0	0	0	0	0	0	0	0	1	0.8	0	0.5	0	1	0.2	0	0	0.559	0.973
19.589	7.311	18.4	17.296	16.88	27.507	13.164	25.832	26.343	22.91	20.121	11.441	12.522	13.396	9.882	0.732	0.867	0.751	0.793	0.783	0.709	0.879	0.732	0.787	0.772	0.386	0.47	0.53	0.515	0.578	0.8	0.25	0	0.4	0	1	0	0	0.2	0	0.117	0.818
0	0	0	6.735	9.673	0	0	0.888	9.635	12.777	0	0	0.888	8.693	11.813	0	0	0	0.644	0.603	0	0	0	0.644	0.603	0	0	0	0.5	0.47	0	0	0.4	0	0.5	0	0	0	0	1	0.299	0.148
0	0	0	0	0	0	0	0	0	0	0	0	0	0	0	0	0	0	0	0	0	0	0	0	0	0	0	0	0	0	0.333	0	0.75	0.4	0.143	0.333	0	0	0	0.429	0	0.738
22.687	16.88	24.3	18.4	22.822	23.786	22.91	30.766	25.832	28.029	12.998	9.882	13.166	12.522	7.151	0.704	0.783	0.625	0.751	0.724	0.727	0.772	0.609	0.732	0.7	0.487	0.578	0.424	0.53	0.667	0	0	0	0	0	0	0	0	0	0	0	0.531
0	0	0	0	1.913	0	0	0	0	2.802	0	0	0	0	2.802	0	0	0	0	0.333	0	0	0	0	0.333	0	0	0	0	0.333	0.333	0.2	0	0	0	0.333	0.2	0	0	0	0.298	0.506
0	0	0	0	0	0	0	0	0	0	0	0	0	0	0	0	0	0	0	0	0	0	0	0	0	0	0	0	0	0	0	0	0	0	0	0	0.2	0	0	0	0.718	0.227
0	0	0	0	0	0	0	0	0	0	0	0	0	0	0	0	0	0	0	0	0	0	0	0	0	0	0	0	0	0	0	0	0	0	0	0	0	0.2	0	0	0	0.555
0	1.289	0	0	0	0	1.289	0	0	0	0	1.289	0	0	0	0	0	0	0	0	0	0	0	0	0	0	0	0	0	0	0	0.8	0.6	0	0	0	0	0	0	0	0.418	0.188
0	0	0	0	0	0	0	0	0	0	0	0	0	0	0	0	0	0	0	0	0	0	0	0	0	0	0	0	0	0	0	0	0	0	0	0.25	0	0	0	0	0.294	0.456
0	0	0	0	0	0	0	0	0	0	0	0	0	0	0	0	0	0	0	0	0	0	0	0	0	0	0	0	0	0	1	1	0.4	0	0	1	1	0.6	0.25	0	0	0.474
0	0	0	0	0	1.795	0	0	0.938	2.753	1.795	0	0	0.938	2.753	0	0	0	0	0	0	0	0	0	0	0	0	0	0	0	0.2	0.429	0	0	0	0.4	0	0	0	0	0.298	0.255
0	0	0	0	0	0	0	0	0	0	0	0	0	0	0	0	0	0	0	0	0	0	0	0	0	0	0	0	0	0	0	0	0	0.2	0	0	0	0	0	0	0	0.821
0	0	0	0	0	0	0	0	0	0	0	0	0	0	0	0	0	0	0	0	0	0	0	0	0	0	0	0	0	0	0	0	0	0	0.6	0	0	0	0.2	0	0.419	0.838
0	0	0	0	1.289	0	0	0	0	1.289	0	0	0	0	1.289	0	0	0	0	0	0	0	0	0	0	0	0	0	0	0	0	0	0	0.429	0.8	0	0	0	0.714	0	0.199	0.120
0	0	6.735	0	0	0	1.783	9.635	0	0	0	1.783	8.693	0	0	0	0	0.644	0	0	0	0	0.644	0	0	0	0	0.5	0	0	0.25	0	0	0	0	0	0	0	0	0	0	0.626
0	0	0	0	0	0	0	0	0	0	0	0	0	0	0	0	0	0	0	0	0	0	0	0	0	0	0	0	0	0	0	0.4	0	1	0	0	0.6	0	1	0	0	0.723
0	0	0	0	0	0	0	0	0	0	0	0	0	0	0	0	0	0	0	0	0	0	0	0	0	0	0	0	0	0	0	1	0.75	0	0.25	0	0.333	1	0	1	0	0.774
0	1.913	0	0	0	0	2.802	0	0	0.889	0	2.802	0	0	0.889	0	0.333	0	0	0	0	0.333	0	0	0	0	0.333	0	0	0	0.714	0	0	0	0	1	0	0	0	0	0.119	0.755
0	0	0	0	0	0	0	0	0	0	0	0	0	0	0	0	0	0	0	0	0	0	0	0	0	0	0	0	0	0	0	0	0	0	0	0	0	0	0	0	0.197	0.367
0	0	1.913	0	0	0	0	2.802	0	0	0	0	2.802	0	0	0	0	0.333	0	0	0	0	0.333	0	0	0	0	0.333	0	0	0	0.333	0	0.2	0.714	0	0.333	0	0.2	1	0.294	0.197
0	0	0	0	0	0	0	0	0	0	0	0	0	0	0	0	0	0	0	0	0	0	0	0	0	0	0	0	0	0	0	1	0	0	0	0	1	0	0	0	0	0.310
0	0	0	0	0	0	0	0	0	0	0	0	0	0	0	0	0	0	0	0	0	0	0	0	0	0	0	0	0	0	0	0	0	0	0	0	0	0	0	0	0.713	0.091
0.927	0	0	0	0	0.927	0	0	0	0	0.927	0	0	0	0	0	0	0	0	0	0	0	0	0	0	0	0	0	0	0	0.667	0	0	0	0	0	0.25	0	0	0	0	0.656
21.521	16.838	7.593	14.441	16.863	30.884	25.832	16.44	22.316	24.882	8.009	12.16	4.486	14.025	7.81	0.687	0.733	0.892	0.788	0.833	0.67	0.71	0.833	0.758	0.81	0.524	0.491	0.667	0.423	0.524	0.8	0.4	0	0.5	0	1	0.8	0.333	0.5	0	0.298	0.418
0	0	0	0	0	0	0	0	0	0	0	0	0	0	0	0	0	0	0	0	0	0	0	0	0	0	0	0	0	0	0	0	0	0	0.2	0	0	0	0	0.2	0	0.413
0	0	0	0	0	0	0	0	0	0	0	0	0	0	0	0	0	0	0	0	0	0	0	0	0	0	0	0	0	0	0.75	0	0.25	1	0.667	1	0	1	0.333	1	0.417	0.768
0	6.735	0	0	0	0	9.635	0	0	0.888	0	8.693	0	0	0.888	0	0.644	0	0	0	0	0.644	0	0	0	0	0.5	0	0	0	0	0	0	0.25	0.4	0	0	0	0	0	0.414	0.262
0	0	0	0	0	0	0	0	0	0	0	0	0	0	0	0	0	0	0	0	0	0	0	0	0	0	0	0	0	0	0.667	0.25	0.2	0.75	0	1	1	0	1	0	0.117	0.896
0	0	0	0	0	0	0	0	0	0	0	0	0	0	0	0	0	0	0	0	0	0	0	0	0	0	0	0	0	0	0	0	0	0	0	0	0	0	0.2	0	0.418	0.091
0	0	0	0	0	0	0	0	0	0	0	0	0	0	0	0	0	0	0	0	0	0	0	0	0	0	0	0	0	0	0	0	0.6	0	0	0	0	0	0	0	0.718	0.138
0	0	0	0	0	0	0.938	1.795	0.884	0	0	0.938	1.795	0.884	0	0	0	0	0	0	0	0	0	0	0	0	0	0	0	0	0.429	0	0.2	0	0	0	0	0.4	0.2	0	0.897	0.398
0	0	0	0	1.158	0	0	0	0	1.158	0	0	0	0	0	0	0	0	0	0	0	0	0	0	0	0	0	0	0	0	0	0.6	0.429	0.6	0.714	0	0.8	0	0.4	0	0.298	0.329
6.705	0.905	20.499	0	17.167	10.679	3.144	28.32	2.705	23.661	3.974	2.24	13.045	2.705	8.766	0.855	1	0.63	0.333	0.721	0.855	1	0.624	0.333	0.707	0.5	1	0.455	0.333	0.607	0	0.2	0.4	0	0.571	0.333	0	0	0	0.714	0.117	0.152
0	0	0	0	0	0	0	0	0	0	0	0	0	0	0	0	0	0	0	0	0	0	0	0	0	0	0	0	0	0	0	0	0	0	0	0	0	0	0	0	0.298	0.161
0	0	0	1.158	0	0	0	0	1.158	0	0	0	0	0	0	0	0	0	0	0	0	0	0	0	0	0	0	0	0	0	0	0	0	0.714	0.4	0	0	0	0	0	0.558	0.630
0	0	0	0	0	0	0	0	0	0	0	0	0	0	0	0	0	0	0	0	0	0	0	0	0	0	0	0	0	0	0	0	0	0	0	0	0	0	0	0	0.893	0.575
0	0	0	0	0	0	0	0	0	0	0	0	0	0	0	0	0	0	0	0	0	0	0	0	0	0	0	0	0	0	1	0	1	0.25	0.4	1	0.25	1	0	0.6	0	0.968
0	15.083	0	18.605	0	0	15.18	0	23.303	0	0	10.421	0	11.515	0	0	0.854	0	0.835	0	0	0.848	0	0.827	0	0	0.689	0	0.6	0	0	0.2	0	0.6	0	0	0	0	0.6	0.4	0.115	0.831
0	0	0	0	0	0	0	0	0	0	0	0	0	0	0	0	0	0	0	0	0	0	0	0	0	0	0	0	0	0	0.2	0.667	0	0.25	1	0	1	0	1	1	0	0.574
0	0	0	0	0	0	0	0	0	0	0	0	0	0	0	0	0	0	0	0	0	0	0	0	0	0	0	0	0	0	1	0	0	0.143	0.75	0.333	0	0	0.429	1	0.298	0.963
0	0	0	0	0	0	0	0	0	0	0	0	0	0	0	0	0	0	0	0	0	0	0	0	0	0	0	0	0	0	0.75	0	0.6	0.2	0.6	0.75	0	0.4	0.2	0.8	0	0.783
0	0	0	0	0	0	0	0	0	0	0	0	0	0	0	0	0	0	0	0	0	0	0	0	0	0	0	0	0	0	0	0	0	0	0	0	0	0	0	0	0.716	0.114
0	0	0	0	0	0	0	0	0	0	0	0	0	0	0	0	0	0	0	0	0	0	0	0	0	0	0	0	0	0	0.2	1	0	0.2	0	0	1	0	0	0	0	0.575
0	0	0	5.359	6.735	1.783	0	0	6.376	9.635	1.783	0	0	6.376	8.693	0	0	0	0.733	0.644	0	0	0	0.733	0.644	0	0	0	0.333	0.5	0	0	0.25	0.8	0	0	0	0	1	0	0.298	0.222
1.913	0	0	0	0	2.802	0	0	0	0	2.802	0	0	0	0	0.333	0	0	0	0	0.333	0	0	0	0	0.333	0	0	0	0	0	0	0.714	0.333	0	0	0	1	0.333	0	0.296	0.279
0	0	1.289	0	0	0	0	1.289	0	0	0	0	1.289	0	0	0	0	0	0	0	0	0	0	0	0	0	0	0	0	0	0	0	0.8	0	0	0	0	0	0	0	0	0.432
0	0	0	0	0	0	0	0	0	0	0	0	0	0	0	0	0	0	0	0	0	0	0	0	0	0	0	0	0	0	0	0	0	0	0	0	0	0	0	0	0.418	0.141
0	0	0	0	0	0	0	0	0	0	0	0	0	0	0	0	0	0	0	0	0	0	0	0	0	0	0	0	0	0	0	0	0	0	0	0	0	0	0	0	0	0.468
7.311	17.296	19.589	24.64	18.4	13.164	26.343	27.507	33.941	25.832	11.441	13.396	20.121	17.591	12.522	0.867	0.793	0.732	0.641	0.751	0.879	0.787	0.709	0.625	0.732	0.47	0.515	0.386	0.4	0.53	0.25	0.4	0.8	0.2	0	0	0.2	1	0.2	0	0	0.693
17.167	20.499	17.237	6.705	20.403	23.661	28.32	23.892	10.679	29.129	8.766	13.045	10.618	3.974	14.638	0.721	0.63	0.685	0.855	0.627	0.707	0.624	0.67	0.855	0.611	0.607	0.455	0.556	0.5	0.372	0.571	0.4	0	0	0.8	0.714	0	0	0.333	1	0.196	0.204
0	0	0	0	0	0.938	0.884	0	0.887	1.795	0.938	0.884	0	0.887	1.795	0	0	0	0	0	0	0	0	0	0	0	0	0	0	0	0	0	0.429	0	0.2	0	0.2	0	0	0.4	0.294	0.285
0	0	0	0	0	0	0	0	0	0	0	0	0	0	0	0	0	0	0	0	0	0	0	0	0	0	0	0	0	0	0	0	0.4	0	0	0	0	0	0	0	0.419	0.429
0	0	0	0	0	0	0	0	0	0	0	0	0	0	0	0	0	0	0	0	0	0	0	0	0	0	0	0	0	0	0	0	0	0	0	0	0	0	0	0	0.418	0.226
0	0	0	0	0	0	0	0	0	0	0	0	0	0	0	0	0	0	0	0	0	0	0	0	0	0	0	0	0	0	0.4	0	0	0	0.333	0	0	0	0	0.333	0	0.514
0	0	0	0	0	0	0	0	0	0	0	0	0	0	0	0	0	0	0	0	0	0	0	0	0	0	0	0	0	0	0	0	0	0	0	0	0	0	0	0	0.56	0.222
17.296	24.64	7.311	8.195	19.589	26.343	33.941	13.164	13.224	27.507	13.396	17.591	11.441	13.293	20.121	0.793	0.641	0.867	0.816	0.732	0.787	0.625	0.879	0.89	0.709	0.515	0.4	0.47	0.462	0.386	0.4	0.2	0.25	0.2	0.8	0.2	0.2	0	0.2	1	0.298	0.311
0	0	0	0	0	0	0	0	0	0	0	0	0	0	0	0	0	0	0	0	0	0	0	0	0	0	0	0	0	0	0.25	0.75	0.667	0	0.2	1	1	1	0	0	0.294	0.894
0	0.927	0	0	0	0	0.927	0	0	0	0	0.927	0	0	0	0	0	0	0	0	0	0	0	0	0	0	0	0	0	0	0	0.667	0	0	0	0	0	0	0.25	0	0.558	0.147
0	0	0	0	0	0.887	0	0.884	0	0.938	0.887	0	0.884	0	0.938	0	0	0	0	0	0	0	0	0	0	0	0	0	0	0	0	0.2	0	0.4	0	0	0	0.2	0.4	0	0.415	0.193
0	0	0.927	0	0	0	0	0.927	0	0	0	0	0.927	0	0	0	0	0	0	0	0	0	0	0	0	0	0	0	0	0	0	0	0.667	0	0	0.25	0	0	0	0	0.417	0.449
0	0	0	0	0	0	0	0	0	0	0	0	0	0	0	0	0	0	0	0	0	0	0	0	0	0	0	0	0	0	0	0	0	0	0.6	0	0	0	0	0	0.718	0.249
16.838	14.441	21.521	18.733	7.593	25.832	22.316	30.884	25.792	16.44	12.16	14.025	8.009	13.329	4.486	0.733	0.788	0.687	0.787	0.892	0.71	0.758	0.67	0.773	0.833	0.491	0.423	0.524	0.515	0.667	0.4	0.5	0.8	0.444	0	0.8	0.5	1	0	0.333	0	0.448
0	0	0	0	0	0	0	0	0	0	0	0	0	0	0	0	0	0	0	0	0	0	0	0	0	0	0	0	0	0	0	0	0	0	0	0	0	0	0	0	0	0.146
0	0	0	0	0	0	0	0	0	0	0	0	0	0	0	0	0	0	0	0	0	0	0	0	0	0	0	0	0	0	0	0.25	1	0.2	1	0.25	0	1	0	1	0	0.715
0	0	0	0	0	0	0	0	0	0	0	0	0	0	0	0	0	0	0	0	0	0	0	0	0	0	0	0	0	0	0	0.2	1	0.667	0	0	0	1	1	0	0.197	0.379
0	0	0	0	0	0	0	0	0	0	0	0	0	0	0	0	0	0	0	0	0	0	0	0	0	0	0	0	0	0	0	0	0.2	0	0.333	0	0	0.2	0	0.333	0.557	0.124
0	0	0	1.158	0	0	0	0	1.158	0	0	0	0	0	0	0	0	0	0	0	0	0	0	0	0	0	0	0	0	0	0	0	0.857	0.5	0	0	0	0.714	0	0	0.556	0.200
0	0	0	0.996	0	0	0	0	0.996	0	0	0	0	0.996	0	0	0	0	0	0	0	0	0	0	0	0	0	0	0	0	0	0	0.2	0	0.25	0	0	0	0	0	0	0.590
0	5.359	0	0	0	0	6.376	1.783	0.88	0	0	6.376	1.783	0.88	0	0	0.733	0	0	0	0	0.733	0	0	0	0	0.333	0	0	0	0	0.8	0	0	0.25	0	1	0	0.5	0	0.557	0.262
0	0	0	0	0	0	0	0	0	0	0	0	0	0	0	0	0	0	0	0	0	0	0	0	0	0	0	0	0	0	0	0	0	0	0	0	0	0	0	0	0.556	0.346
1.289	0	0	0	0	1.289	0	0	0	0	1.289	0	0	0	0	0	0	0	0	0	0	0	0	0	0	0	0	0	0	0	0.8	0	0	0	0.6	0	0	0	0	0	0.298	0.306
20.129	20.403	8.2	17.237	24.471	29.776	29.129	15.434	23.892	35.212	14.962	14.638	10.93	10.618	19.629	0.656	0.627	0.824	0.685	0.602	0.648	0.611	0.825	0.67	0.591	0.449	0.372	0.527	0.556	0.4	0.25	0.8	0.6	0	0.25	0.25	1	0.4	0	1	0	0.348
0	0	0	0	0	0	0	0	0	0	0	0	0	0	0	0	0	0	0	0	0	0	0	0	0	0	0	0	0	0	0.2	0	0	0	0	0	0	0	0	0	0.117	0.092
15.083	18.605	0	10.441	0	15.18	23.303	0	13.807	0	10.421	11.515	0	12.295	0	0.854	0.835	0	0.917	0	0.848	0.827	0	0.901	0	0.689	0.6	0	0.47	0	0.2	0.6	0	1	0	0	0.6	0	1	0	0	0.424
0	0	0	0	0	0	0	0.887	0.889	0	0	0	0.887	0.889	0	0	0	0	0	0	0	0	0	0	0	0	0	0	0	0	0.5	0.25	0	0	0.4	0	0	0	0	0	0	0.685
