0	0	4.439	0	3.37	0	0	9.677	0	7.569	0	0	0	0	0	0	0	0.75	0	0.667	0	0	0.75	0	0.667	0	0	0	0	0	0	0	0.2	0	0	0	0	0	0	0	0.9	0.398
0	3.207	0	0	0	0	3.207	0	0	0	0	0	0	0	0	0	0.833	0	0	0	0	0.833	0	0	0	0	0	0	0	0	0.2	0	0	0	0	0	0	0	0	0	0	0.771
0	0	0	2.322	0	0.837	0	0	3.189	0.867	0	0	0	0	0	0	0	0	0.5	0	0	0	0	0.5	0	0	0	0	0	0	0.2	0	0.889	0	0.25	0	0	0	0	0	0.557	0.334
2.919	0.835	0.736	6.736	0	3.665	0.835	0.736	7.481	0	0	0	0	0	0	1	0	0	0.75	0	1	0	0	0.75	0	0	0	0	0	0	0.2	0.2	0	0	0.25	0.2	0.8	0	0.2	0.75	0	0.509
0	0.88	0	0.748	0	0.756	3.25	0	1.509	0	0	0	0	0	0	0	0.333	0	0	0	0	0.333	0	0	0	0	0	0	0	0	0.2	0.333	0.625	0	0.667	0	0.667	0.875	0	1	0	0.423
0	0	0	5.719	2.243	2.892	2.784	2.114	8.481	5.779	0	0	0	0	0	0.333	0.333	1	0.578	0.286	0.333	0.333	1	0.578	0.286	0	0	0	0	0	0	0	0	0.2	0	0	0.25	0	0	0.444	0.899	0.277
0	0	0	0	16.468	4.703	1.211	0.82	1.854	20.96	0	0	0	0	0	0.5	0	0	0	0.381	0.5	0	0	0	0.381	0	0	0	0	0	1	0	0.4	0	0	0	0	0	0	0	0.555	0.164
0	0	2.243	0	0	2.114	2.892	5.779	2.784	2.589	0	0	0	0	0	1	0.333	0.286	0.333	0.333	1	0.333	0.286	0.333	0.333	0	0	0	0	0	0	0	0	0	0	0	0	0.444	0.25	0	0.897	0.222
0	0	0	3.747	0	1.211	1.854	4.703	8.723	0.82	0	0	0	0	0	0	0	0.5	0.583	0	0	0	0.5	0.583	0	0	0	0	0	0	0	0	1	0.222	0.4	0	0	0	0	0	0.298	0.240
4.724	4.035	0.741	0.786	6.736	4.724	5.041	1.747	0.786	7.481	0	0	0	0	0	0.6	0.4	1	0	0.75	0.6	0.4	1	0	0.75	0	0	0	0	0	0.778	0.2	0	0.5	0	0	0	0.125	0	0.2	0	0.339
0.747	0	0	0	0	1.618	1.552	0.813	0	0.871	0	0	0	0	0	0	0	0	0	0	0	0	0	0	0	0	0	0	0	0	0	0	0	0	0	0.2	0	0	0	0	0.299	0.236
0	0	0	0.88	2.682	0	0.756	0	3.25	3.438	0	0	0	0	0	0	0	0	0.333	0.333	0	0	0	0.333	0.333	0	0	0	0	0	0.625	0.2	0.667	0.333	0	0.875	0	1	0.667	0	0	0.655
0	0.872	0	0.746	24.733	0	1.641	0	0.746	28.29	0	0	0	0	0	0	1	0	0	0.303	0	1	0	0	0.303	0	0	0	0	0	0	0	0	0	1	0	0	0.6	0	1	0.559	0.849
3.747	0.835	0	11.358	0	8.723	0.835	1.854	14.111	1.211	0	0	0	0	0	0.583	0	0	0.628	0	0.583	0	0	0.628	0	0	0	0	0	0	0.222	0.2	0	0	0	0	0	0	0	0	0.419	0.304
0.736	2.919	0	0.835	6.356	0.736	3.665	0	0.835	7.152	0	0	0	0	0	0	1	0	0	0.893	0	1	0	0	0.893	0	0	0	0	0	0	0.2	0.25	0.2	0	0	0.2	0.75	0.8	0	0.296	0.333
0	0.886	2.248	0	0	0	0.886	3.311	0	0	0	0	0	0	0	0	0	0.333	0	0	0	0	0.333	0	0	0	0	0	0	0	0.143	0.5	0	0	0.4	0	0	0	0	0	0.557	0.238
2.5	1.526	0	0.766	0	7.623	7.733	1.818	5.223	1.802	0	0	0	0	0	0.222	0.306	1	0.6	0	0.222	0.306	1	0.6	0	0	0	0	0	0	0	0	0	0	0	0	0	0	0	0	0.292	0.269
0.741	4.724	6.736	4.035	0.835	1.747	4.724	7.481	5.041	0.835	0	0	0	0	0	1	0.6	0.75	0.4	0	1	0.6	0.75	0.4	0	0	0	0	0	0	0	0.778	0	0.2	0.2	0.125	0	0.2	0	0.8	0.2	0.422
6.356	0	0	0.736	0	7.152	0	0	0.736	0	0	0	0	0	0	0.893	0	0	0	0	0.893	0	0	0	0	0	0	0	0	0	0	0.25	0	0	0.111	0	0.75	0	0	0	0.198	0.216
0.786	0	4.035	0	4.724	0.786	0	5.041	1.163	4.724	0	0	0	0	0	0	0	0.4	0	0.6	0	0	0.4	0	0.6	0	0	0	0	0	0.5	0.2	0.2	0.5	0.778	0	0.2	0	0	0	0	0.549
4.439	0	3.37	0	3.524	9.677	0	7.569	0	9.945	0	0	0	0	0	0.75	0	0.667	0	0.556	0.75	0	0.667	0	0.556	0	0	0	0	0	0.2	0	0	0	0	0	0	0	0	0	0.717	0.266
0	0	24.733	0.872	3.443	0	0	28.29	1.641	3.443	0	0	0	0	0	0	0	0.303	1	0.667	0	0	0.303	1	0.667	0	0	0	0	0	0	0	1	0	0	0.6	0	1	0	0	0	0.583
0	0	0	0	0.748	0	0	0	0	1.911	0	0	0	0	0	0	0	0	0	0	0	0	0	0	0	0	0	0	0	0	0.2	0	0.667	0	0.333	0	0	0	0	0	0	0.458
0	0	0	0	0	0	0	0	0	0	0	0	0	0	0	0	0	0	0	0	0	0	0	0	0	0	0	0	0	0	0	0	0	0	0	0	0	0	0	0	0	0.649
0.804	2.641	0	0.993	0	1.781	3.572	0	0.993	0	0	0	0	0	0	1	0.333	0	0	0	1	0.333	0	0	0	0	0	0	0	0	0.8	0	0	0.286	0	0.4	0.2	0	0	0	0.056	0.495
0	0	0	0	0	0	0	0	0	0	0	0	0	0	0	0	0	0	0	0	0	0	0	0	0	0	0	0	0	0	0	0	0	0	0	0	0	0	0	0	0.896	0.387
0	0	0.747	0	0	1.552	0	1.618	2.589	0.813	0	0	0	0	0	0	0	0	0.333	0	0	0	0	0.333	0	0	0	0	0	0	0	0	0	0	0	0	0	0.2	0	0	0	0.313
2.914	0	16.1	0	0	4.011	0	20.169	0	0	0	0	0	0	0	1	0	0.425	0	0	1	0	0.425	0	0	0	0	0	0	0	0.2	0.2	1	0.2	0	0.2	0	1	0	0.286	0	0.331
0.835	11.358	3.747	3.443	0	0.835	14.111	8.723	3.443	1.854	0	0	0	0	0	0	0.628	0.583	0.667	0	0	0.628	0.583	0.667	0	0	0	0	0	0	0.2	0	0.222	0	0	0	0	0	0	0	0	0.494
0	0.736	6.356	2.919	0	0	0.736	7.152	3.665	0	0	0	0	0	0	0	0	0.893	1	0	0	0	0.893	1	0	0	0	0	0	0	0.25	0	0	0.2	0	0.75	0	0	0.2	0	0.294	0.560
4.035	0.786	4.724	0	0.741	5.041	0.786	4.724	0	1.747	0	0	0	0	0	0.4	0	0.6	0	1	0.4	0	0.6	0	1	0	0	0	0	0	0.2	0.5	0.778	0.2	0	0	0	0	0.2	0.125	0.299	0.398
0	0	0	0	0	0	0	0	0	0	0	0	0	0	0	0	0	0	0	0	0	0	0	0	0	0	0	0	0	0	0	0	0	0	0	0	0	0	0	0	0	0.554
0	0	0	0	0	0	0	0	0	0	0	0	0	0	0	0	0	0	0	0	0	0	0	0	0	0	0	0	0	0	0	0	0	0	0	0	0	0	0	0	0.415	0.658
0	0	0	0	0	0	0	0	0	0	0	0	0	0	0	0	0	0	0	0	0	0	0	0	0	0	0	0	0	0	0	0	0.2	0.2	0.667	0	0	0	0	0	0.556	0.379
2.48	0	0	2.248	3.207	2.48	0	0	3.311	3.207	0	0	0	0	0	1	0	0	0.333	0.833	1	0	0	0.333	0.833	0	0	0	0	0	0	0.4	0	0	0	0	0	0	0	0	0.298	0.210
0	13.107	7.942	16.468	0	1.071	15.372	11.705	20.96	0	0	0	0	0	0	0	0.458	0.709	0.381	0	0	0.458	0.709	0.381	0	0	0	0	0	0	0	0	0	0	0	0	0	0	0	0	0.896	0.334
0	0	0	2.243	0.747	0	2.589	1.552	5.779	1.618	0	0	0	0	0	0	0.333	0	0.286	0	0	0.333	0	0.286	0	0	0	0	0	0	0	0	0	0	0	0	0	0	0.444	0.2	0.415	0.230
0	0.748	2.426	0	0	0	1.911	2.426	0	0	0	0	0	0	0	0	0	1	0	0	0	0	1	0	0	0	0	0	0	0	0	0.333	0.2	0.667	0.2	0.25	0	0.2	0	0	0.556	0.336
0	0	0.748	0	0	0	0	1.911	0	0	0	0	0	0	0	0	0	0	0	0	0	0	0	0	0	0	0	0	0	0	0.667	0.2	0.333	0	0	0	0	0	0	0.25	0.893	0.768
0	6.356	0	0	7.911	0	7.152	0	0	10.041	0	0	0	0	0	0	0.893	0	0	0.8	0	0.893	0	0	0.8	0	0	0	0	0	0	0	0.111	0.25	0.333	0	0	0	0.75	0.667	0.556	0.218
2.248	0	0	0.886	2.48	3.311	0	0	0.886	2.48	0	0	0	0	0	0.333	0	0	0	1	0.333	0	0	0	1	0	0	0	0	0	0	0.143	0.4	0.5	0	0	0	0	0	0	0.296	0.576
0	0.804	0	2.641	0.746	0	1.781	0	3.572	0.746	0	0	0	0	0	0	1	0	0.333	0	0	1	0	0.333	0	0	0	0	0	0	0	0.8	0	0	0	0	0.4	0	0.2	0	0.897	0.247
0	0	0.786	0	4.035	0	1.163	0.786	0	5.041	0	0	0	0	0	0	0	0	0	0.4	0	0	0	0	0.4	0	0	0	0	0	0.2	0.5	0.5	0.2	0.2	0.2	0	0	0	0	0	0.631
0	0	0	0	0	0	0	0	0	0	0	0	0	0	0	0	0	0	0	0	0	0	0	0	0	0	0	0	0	0	0	0	0	0	0	0	0	0	0	0	0.893	0.323
0	0	0	0	3.291	0	0	0	0	3.291	0	0	0	0	0	0	0	0	0	0.667	0	0	0	0	0.667	0	0	0	0	0	1	0.4	0.4	0	0.2	1	0	0.2	0	0	0.299	0.906
0.88	0.748	0	0	0	3.25	1.509	0.756	2.399	0	0	0	0	0	0	0.333	0	0	1	0	0.333	0	0	1	0	0	0	0	0	0	0.333	0	0.2	0	0.625	0.667	0	0	0	0.875	0	0.427
24.733	0	3.443	0	11.358	28.29	0	3.443	0	14.111	0	0	0	0	0	0.303	0	0.667	0	0.628	0.303	0	0.667	0	0.628	0	0	0	0	0	1	0	0	0	0	1	0.6	0	0	0	0.298	0.440
0	0	0.886	0.993	0	0	1.063	0.886	0.993	0	0	0	0	0	0	0	0	0	0	0	0	0	0	0	0	0	0	0	0	0	0	0	0.5	0.2	0.143	0	0.2	0	0	0	0	0.448
0	16.1	0	2.914	27.295	0	20.169	0	4.011	32.308	0	0	0	0	0	0	0.425	0	1	0.198	0	0.425	0	1	0.198	0	0	0	0	0	0	1	0	0.2	0.667	0.286	1	0	0.2	0.667	0.418	0.305
11.358	3.443	0.835	24.733	3.747	14.111	3.443	0.835	28.29	8.723	0	0	0	0	0	0.628	0.667	0	0.303	0.583	0.628	0.667	0	0.303	0.583	0	0	0	0	0	0	0	0.2	1	0.222	0	0	0	1	0	0	0.312
0	2.243	0	0	0	2.589	5.779	0	2.114	1.552	0	0	0	0	0	0.333	0.286	0	1	0	0.333	0.286	0	1	0	0	0	0	0	0	0	0	0	0	0	0	0.444	0	0	0	0.554	0.256
0	0	0	2.426	0.786	1.163	0	0	2.426	0.786	0	0	0	0	0	0	0	0	1	0	0	0	0	1	0	0	0	0	0	0	0.5	0.2	0.2	0.2	0.5	0	0	0.2	0.2	0	0.558	0.424
0	0	2.914	7.911	16.1	0	0	4.011	10.041	20.169	0	0	0	0	0	0	0	1	0.8	0.425	0	0	1	0.8	0.425	0	0	0	0	0	0.2	0.2	0.2	0.333	1	0	0	0.2	0.667	1	0.292	0.231
0	0	27.295	16.1	0.819	0	0	32.308	20.169	1.546	0	0	0	0	0	0	0	0.198	0.425	1	0	0	0.198	0.425	1	0	0	0	0	0	0	0	0.667	1	0.2	0	0.286	0.667	1	0	0	0.441
0.748	0	0.88	0	0	1.509	2.399	3.25	1.802	0.756	0	0	0	0	0	0	1	0.333	0	0	0	1	0.333	0	0	0	0	0	0	0	0	0	0.333	0	0.2	0	0	0.667	0	0	0	0.497
0	0	0	0	4.439	0	0	0	0	9.677	0	0	0	0	0	0	0	0	0	0.75	0	0	0	0	0.75	0	0	0	0	0	0	0	0	0	0.2	0	0	0	0	0	0.3	0.423
11.196	3.524	18.247	3.37	0.849	19.255	9.945	26.442	7.569	9.099	0	0	0	0	0	0.345	0.556	0.252	0.667	0.444	0.345	0.556	0.252	0.667	0.444	0	0	0	0	0	0.2	0	0	0	0	0	0	0	0	0.8	0.198	0.224
7.942	0	0	13.107	0	11.705	1.071	0	15.372	0	0	0	0	0	0	0.709	0	0	0.458	0	0.709	0	0	0.458	0	0	0	0	0	0	0	0	0	0	0.4	0	0	0	0	0	0.019	0.231
3.232	0.785	0	3.291	0	3.232	0.785	0	3.291	0	0	0	0	0	0	0.333	0	0	0.667	0	0.333	0	0	0.667	0	0	0	0	0	0	0	0.25	0.8	0.2	0.4	0.2	0	0.4	0	0	0	0.402
0	0	7.911	6.356	0	0	0	10.041	7.152	0	0	0	0	0	0	0	0	0.8	0.893	0	0	0	0.8	0.893	0	0	0	0	0	0	0.111	0	0.333	0	0.2	0	0	0.667	0	0	0.414	0.332
0.748	0	0	0	2.426	1.911	0	0	0	2.426	0	0	0	0	0	0	0	0	0	1	0	0	0	0	1	0	0	0	0	0	0.333	0.667	0	0.2	0.2	0	0	0.25	0	0.2	0.714	0.302
7.911	0	0	0	0	10.041	0	0	0	0	0	0	0	0	0	0.8	0	0	0	0	0.8	0	0	0	0	0	0	0	0	0	0.333	0.111	0.2	0	0.2	0.667	0	0	0	0	0	0.376
0	0	0	-1	0	0	0	0	-1	0	0	0	0	-1	0	0	0	0	-1	0	0	0	0	-1	0	0	0	0	-1	0	0	0	0	-1	0	0	0	0	-1	0	0.713	0.929
0.819	27.295	0.993	0	2.641	1.546	32.308	0.993	0	3.572	0	0	0	0	0	1	0.198	0	0	0.333	1	0.198	0	0	0.333	0	0	0	0	0	0.2	0.667	0.286	0	0	0	0.667	0	0	0.2	0	0.217
0	2.426	0	0	0	0	2.426	1.163	0	0	0	0	0	0	0	0	1	0	0	0	0	1	0	0	0	0	0	0	0	0	0.2	0.2	0.5	0	0.2	0	0.2	0	0.25	0.2	0.717	0.278
2.243	0	0	0	0	5.779	2.114	2.589	2.892	0	0	0	0	0	0	0.286	1	0.333	0.333	0	0.286	1	0.333	0.333	0	0	0	0	0	0	0	0	0	0	0	0.444	0	0	0	0	0.72	0.355
0	0	0.746	0.804	0.872	0	0	0.746	1.781	1.641	0	0	0	0	0	0	0	0	1	1	0	0	0	1	1	0	0	0	0	0	0	0	0	0.8	0	0	0	0	0.4	0	0.893	0.222
3.443	24.733	11.358	0	0.835	3.443	28.29	14.111	0	0.835	0	0	0	0	0	0.667	0.303	0.628	0	0	0.667	0.303	0.628	0	0	0	0	0	0	0	0	1	0	0	0.2	0	1	0	0.6	0	0.198	0.506
18.247	11.196	0.849	3.524	0	26.442	19.255	9.099	9.945	5.175	0	0	0	0	0	0.252	0.345	0.444	0.556	0.533	0.252	0.345	0.444	0.556	0.533	0	0	0	0	0	0	0.2	0	0	0	0	0	0.8	0	0.8	0.419	0.297
0	10.506	5.719	2.682	0	0	11.696	8.481	3.438	2.784	0	0	0	0	0	0	0.758	0.578	0.333	0.333	0	0.758	0.578	0.333	0.333	0	0	0	0	0	0	0.25	0.2	0	0	0.4	0.25	0	0	0.25	0.292	0.539
0	7.911	0	0	2.914	0	10.041	0	0	4.011	0	0	0	0	0	0	0.8	0	0	1	0	0.8	0	0	1	0	0	0	0	0	0.2	0.333	0.2	0.111	0.2	0	0.667	0	0	0.2	0	0.249
0	7.942	0	0	0	0	11.705	0	1.071	0	0	0	0	0	0	0	0.709	0	0	0	0	0.709	0	0	0	0	0	0	0	0	0	0	0.4	0	1	0	0	0	0	1	0.299	0.365
0.993	0	0	0	0	0.993	0.867	1.063	0	0	0	0	0	0	0	0	0	0	0	0	0	0	0	0	0	0	0	0	0	0	0.2	0.25	0	0.889	0	0	0	0.2	0	0	0.419	0.271
3.207	0	0	2.48	0	3.207	0	0	2.48	0	0	0	0	0	0	0.833	0	0	1	0	0.833	0	0	1	0	0	0	0	0	0	0	0	0.2	0	0	0	0	0	0	0	0	0.388
0	9.546	0.766	0	1.526	5.12	18.581	5.223	5.175	7.733	0	0	0	0	0	0.6	0.373	0.6	0.533	0.306	0.6	0.373	0.6	0.533	0.306	0	0	0	0	0	0.333	0	0	0	0	0.667	0	0	0.8	0	0	0.522
0.886	0	0	0	2.248	0.886	0	0	1.063	3.311	0	0	0	0	0	0	0	0	0	0.333	0	0	0	0	0.333	0	0	0	0	0	0.5	0	0.143	0	0	0	0	0	0.2	0	0	0.505
0	0	0	0	0	0	0	0	0	0	0	0	0	0	0	0	0	0	0	0	0	0	0	0	0	0	0	0	0	0	0	0.4	0	0.8	0	0	0	0	0.4	0.4	0.195	0.764
0	2.322	0	0	0	0	3.189	0.837	0.837	0	0	0	0	0	0	0	0.5	0	0	0	0	0.5	0	0	0	0	0	0	0	0	0	0	0.2	0.25	0.889	0	0	0	0.25	0	0.556	0.230
0	3.232	0	0.785	0	0	3.232	0	0.785	0	0	0	0	0	0	0	0.333	0	0	0	0	0.333	0	0	0	0	0	0	0	0	0.8	0	0.4	0.25	0	0.4	0.2	0	0	0	0	0.802
13.107	16.468	0	0	7.942	15.372	20.96	1.071	0.82	11.705	0	0	0	0	0	0.458	0.381	0	0	0.709	0.458	0.381	0	0	0.709	0	0	0	0	0	0	0	0	0.4	0	0	0	0	0	0	0.897	0.279
0.746	0	0.872	0	0	0.746	0	1.641	0	0	0	0	0	0	0	0	0	1	0	0	0	0	1	0	0	0	0	0	0	0	0	0	0	0	0	0	0	0	0	0	0.896	0.177
10.506	2.682	0	0	5.719	11.696	3.438	0	0	8.481	0	0	0	0	0	0.758	0.333	0	0	0.578	0.758	0.333	0	0	0.578	0	0	0	0	0	0.25	0	0	0.667	0.2	0.25	0	0.4	1	0	0	0.326
9.546	0	0	0.849	0.766	18.581	5.175	5.12	9.099	5.223	0	0	0	0	0	0.373	0.533	0.6	0.444	0.6	0.373	0.533	0.6	0.444	0.6	0	0	0	0	0	0	0	0.333	0	0	0	0.8	0.667	0.8	0	0.419	0.342
0	0.849	9.546	18.247	0	5.175	9.099	18.581	26.442	5.12	0	0	0	0	0	0.533	0.444	0.373	0.252	0.6	0.533	0.444	0.373	0.252	0.6	0	0	0	0	0	0	0	0	0	0.333	0.8	0.8	0	0	0.667	0.056	0.536
2.426	0	0	0.748	0	2.426	0	0	1.911	1.163	0	0	0	0	0	1	0	0	0	0	1	0	0	0	0	0	0	0	0	0	0.2	0	0.2	0.333	0.5	0.2	0.25	0	0	0	0.016	0.288
0	0	0	7.942	0	0	0	0	11.705	0	0	0	0	0	0	0	0	0	0.709	0	0	0	0	0.709	0	0	0	0	0	0	0.4	0	1	0	0.4	0	0	1	0	0.2	0	0.627
2.322	0	0	0	0	3.189	0.837	0	0.871	0.837	0	0	0	0	0	0.5	0	0	0	0	0.5	0	0	0	0	0	0	0	0	0	0	0.25	0	0	0.2	0	0.25	0	0	0	0	0.356
0	0	0	0	0	0	0	0	0	0	0	0	0	0	0	0	0	0	0	0	0	0	0	0	0	0	0	0	0	0	0	0	0	0	0	0	0	0	0	0	0.42	0.787
1.526	0.766	2.5	0	0	7.733	5.223	7.623	5.12	1.818	0	0	0	0	0	0.306	0.6	0.222	0.6	1	0.306	0.6	0.222	0.6	1	0	0	0	0	0	0	0	0	0.333	0	0	0	0	0.667	0	0.415	0.220
3.291	0	0.785	0	3.232	3.291	0	0.785	0	3.232	0	0	0	0	0	0.667	0	0	0	0.333	0.667	0	0	0	0.333	0	0	0	0	0	0.2	0.4	0.25	1	0	0	0.2	0	1	0.2	0.292	0.450
0	0	0	2.5	0.748	1.802	1.818	2.399	7.623	1.509	0	0	0	0	0	0	1	1	0.222	0	0	1	1	0.222	0	0	0	0	0	0	0	0	0	0	0	0	0	0	0	0	0.298	0.328
0	0.993	0	0	0.886	1.063	0.993	0	0.867	0.886	0	0	0	0	0	0	0	0	0	0	0	0	0	0	0	0	0	0	0	0	0	0.2	0	0.25	0.5	0.2	0	0	0	0	0.418	0.338
5.719	0	0	10.506	0	8.481	0	2.784	11.696	2.892	0	0	0	0	0	0.578	0	0.333	0.758	0.333	0.578	0	0.333	0.758	0.333	0	0	0	0	0	0.2	0	0	0.25	0	0	0.4	0.25	0.25	0	0	0.139
3.37	4.439	3.524	0	11.196	7.569	9.677	9.945	0	19.255	0	0	0	0	0	0.667	0.75	0.556	0	0.345	0.667	0.75	0.556	0	0.345	0	0	0	0	0	0	0.2	0	0	0.2	0	0	0	0	0	0.713	0.331
0	2.48	3.207	0	0	0	2.48	3.207	0	0	0	0	0	0	0	0	1	0.833	0	0	0	1	0.833	0	0	0	0	0	0	0	0	0	0	0.4	0.2	0	0	0	0	0	0.42	0.293
16.468	0	13.107	0	0	20.96	0.82	15.372	4.703	1.071	0	0	0	0	0	0.381	0	0.458	0.5	0	0.381	0	0.458	0.5	0	0	0	0	0	0	0	0.4	0	1	0	0	0	0	0	0	0.717	0.230
0	0	0	3.232	0	0	0	0	3.232	0	0	0	0	0	0	0	0	0	0.333	0	0	0	0	0.333	0	0	0	0	0	0	0.4	0.8	0	0	0	0	0.4	0	0.2	0	0.418	0.293
0	0	0	0	0.993	0	0.837	0.867	0	0.993	0	0	0	0	0	0	0	0	0	0	0	0	0	0	0	0	0	0	0	0	0.889	0.2	0.25	0	0.2	0	0	0	0	0	0.197	0.816
6.736	0.741	0.835	4.724	2.919	7.481	1.747	0.835	4.724	3.665	0	0	0	0	0	0.75	1	0	0.6	1	0.75	1	0	0.6	1	0	0	0	0	0	0	0	0.2	0.778	0.2	0.2	0.125	0.8	0	0.2	0	0.391
0.849	18.247	0	11.196	9.546	9.099	26.442	5.175	19.255	18.581	0	0	0	0	0	0.444	0.252	0.533	0.345	0.373	0.444	0.252	0.533	0.345	0.373	0	0	0	0	0	0	0	0	0.2	0	0.8	0	0.8	0	0	0.117	0.546
0	0	2.322	0	0	0.837	0.871	3.189	0.813	0	0	0	0	0	0	0	0	0.5	0	0	0	0	0.5	0	0	0	0	0	0	0	0.25	0	0	0	0	0.25	0	0	0	0	0.417	0.479
0.766	0	1.526	9.546	2.5	5.223	5.12	7.733	18.581	7.623	0	0	0	0	0	0.6	0.6	0.306	0.373	0.222	0.6	0.6	0.306	0.373	0.222	0	0	0	0	0	0	0.333	0	0	0	0	0.667	0	0	0	0	0.438
27.295	0	0.819	0	0.993	32.308	0	1.546	0	0.993	0	0	0	0	0	0.198	0	1	0	0	0.198	0	1	0	0	0	0	0	0	0	0.667	0	0.2	0	0.286	0.667	0	0	0.286	0	0	0.352
0	0	0	0	0	0	0	0	0	0	0	0	0	0	0	0	0	0	0	0	0	0	0	0	0	0	0	0	0	0	0	0	0	0	0	0	0	0	0	0	0.296	0.434
2.641	0.993	0.804	0.819	0	3.572	0.993	1.781	1.546	0	0	0	0	0	0	0.333	0	1	1	0	0.333	0	1	1	0	0	0	0	0	0	0	0.286	0.8	0.2	0	0.2	0	0.4	0	0	0.198	0.277
0	3.747	0	0.835	0	1.854	8.723	1.211	0.835	4.703	0	0	0	0	0	0	0.583	0	0	0.5	0	0.583	0	0	0.5	0	0	0	0	0	0	0.222	0	0.2	1	0	0	0	0	0	0	0.636
0	0	0	0.747	2.322	0.871	0.813	0.837	1.618	3.189	0	0	0	0	0	0	0	0	0	0.5	0	0	0	0	0.5	0	0	0	0	0	0	0	0.25	0	0	0	0	0.25	0.2	0	0.896	0.330
0	-1	0	-1	0	0	-1	0	-1	0	0	-1	0	-1	0	0	-1	0	-1	0	0	-1	0	-1	0	0	-1	0	-1	0	0	-1	0	-1	0	0	-1	0	-1	0	0.899	1.000
2.682	0	10.506	0	0	3.438	0	11.696	0	0	0	0	0	0	0	0.333	0	0.758	0	0	0.333	0	0.758	0	0	0	0	0	0	0	0	0.667	0.25	0.625	0	0	1	0.25	0.875	0.4	0.296	0.554
0	0	0.748	0	0.88	2.399	1.802	1.509	1.818	3.25	0	0	0	0	0	1	0	0	1	0.333	1	0	0	1	0.333	0	0	0	0	0	0	0	0	0	0.333	0	0	0	0	0.667	0	0.273
0	0	3.291	0	0.785	0	0	3.291	0	0.785	0	0	0	0	0	0	0	0.667	0	0	0	0	0.667	0	0	0	0	0	0	0	0.4	1	0.2	0.4	0.25	0.2	1	0	0	0	0	0.644
0	0	0	0	0	0	0	0	0	0	0	0	0	0	0	0	0	0	0	0	0	0	0	0	0	0	0	0	0	0	0	0	0	0	0	0	0	0	0	0	0.294	0.568
0	0	2.682	0	10.506	0	0	3.438	0.756	11.696	0	0	0	0	0	0	0	0.333	0	0.758	0	0	0.333	0	0.758	0	0	0	0	0	0.667	0.625	0	0.2	0.25	1	0.875	0	0	0.25	0	0.891
0	0	0	3.207	0	0	0	0	3.207	0	0	0	0	0	0	0	0	0	0.833	0	0	0	0	0.833	0	0	0	0	0	0	0	0.2	0	0	0.2	0	0	0	0	0	0.557	0.331
0	0	-1	0	-1	0	0	-1	0	-1	0	0	-1	0	-1	0	0	-1	0	-1	0	0	-1	0	-1	0	0	-1	0	-1	0	0	-1	0	-1	0.4	0	-1	0	-1	0.898	1.000
0.785	3.291	3.232	0	0	0.785	3.291	3.232	0	0	0	0	0	0	0	0	0.667	0.333	0	0	0	0.667	0.333	0	0	0	0	0	0	0	0.25	0.2	0	0.4	0.8	0	0	0.2	0.2	0.4	0	0.459
0.835	6.736	2.919	0.741	0.736	0.835	7.481	3.665	1.747	0.736	0	0	0	0	0	0	0.75	1	1	0	0	0.75	1	1	0	0	0	0	0	0	0.2	0	0.2	0	0	0.8	0.2	0.2	0.125	0	0	0.541
0	5.719	0	0	0	2.784	8.481	2.892	0	2.114	0	0	0	0	0	0.333	0.578	0.333	0	1	0.333	0.578	0.333	0	1	0	0	0	0	0	0	0.2	0	0	0	0.25	0	0	0.4	0	0.417	0.347
16.1	2.914	0	0	0	20.169	4.011	0	0	0	0	0	0	0	0	0.425	1	0	0	0	0.425	1	0	0	0	0	0	0	0	0	1	0.2	0	0.2	0	1	0.2	0.286	0	0	0	0.378
0	0	16.468	0	13.107	0.82	4.703	20.96	1.211	15.372	0	0	0	0	0	0	0.5	0.381	0	0.458	0	0.5	0.381	0	0.458	0	0	0	0	0	0.4	1	0	0	0	0	0	0	0	0	0.12	0.660
3.524	3.37	11.196	4.439	18.247	9.945	7.569	19.255	9.677	26.442	0	0	0	0	0	0.556	0.667	0.345	0.75	0.252	0.556	0.667	0.345	0.75	0.252	0	0	0	0	0	0	0	0.2	0.2	0	0	0	0	0	0	0.116	0.155
0.872	0.746	0	0	0	1.641	0.746	0	0	0	0	0	0	0	0	1	0	0	0	0	1	0	0	0	0	0	0	0	0	0	0	0	0	0	0	0	0	0	0	0.6	0.556	0.180
0	0	0	0	-1	0	0	0	0	-1	0	0	0	0	-1	0	0	0	0	-1	0	0	0	0	-1	0	0	0	0	-1	0	0	0	0.4	-1	0	0	0.4	0	-1	0.896	1.000
0	2.5	0	1.526	0	1.818	7.623	1.802	7.733	2.399	0	0	0	0	0	1	0.222	0	0.306	1	1	0.222	0	0.306	1	0	0	0	0	0	0	0	0	0	0	0	0	0	0	0	0.718	0.399
0.993	0.819	2.641	27.295	0.804	0.993	1.546	3.572	32.308	1.781	0	0	0	0	0	0	1	0.333	0.198	1	0	1	0.333	0.198	1	0	0	0	0	0	0.286	0.2	0	0.667	0.8	0	0	0.2	0.667	0.4	0.557	0.299
0	0.747	0	0	0	0.813	1.618	0.871	1.552	0.837	0	0	0	0	0	0	0	0	0	0	0	0	0	0	0	0	0	0	0	0	0	0	0	0	0.25	0	0.2	0	0	0.25	0.292	0.180
0	2.248	2.48	0	0	0	3.311	2.48	0	0	0	0	0	0	0	0	0.333	1	0	0	0	0.333	1	0	0	0	0	0	0	0	0.4	0	0	0.143	0	0	0	0	0	0	0	0.532
0	0	0.993	0	0	0.867	0	0.993	0.837	1.063	0	0	0	0	0	0	0	0	0	0	0	0	0	0	0	0	0	0	0	0	0.25	0.889	0.2	0.2	0	0	0	0	0	0.2	0	0.465
