0	0	0	11.072	12.606	0	0	0	11.99	13.525	0	0	0	2.885	6.795	0	0	0	0.628	0.67	0	0	0	0.628	0.637	0	0	0	0.333	0.286	0	1	0	0.2	0	0	1	0	0	0	0	0.731
0	0	0	0	0	0	0	0	0	0	0	0	0	0	0	0	0	0	0	0	0	0	0	0	0	0	0	0	0	0	0	0	0	0	0	0	0	0	0	0	0	0.757
3.601	1.789	15.929	7.409	0	3.718	3.616	18.834	12.162	0	4.624	1.827	9.569	5.639	0	0.8	0.833	0.474	0.564	0	0.833	0.833	0.463	0.538	0	0.4	1	0.244	0.333	0	0.4	0	0	0	0	0	0	0	0	0	0.197	0.389
0	6.204	2.742	4.493	0.919	0.981	13.581	6.873	9.044	2.715	2.003	11.754	7.823	6.325	1.796	0	0.628	0.722	0.578	1	0	0.603	0.762	0.511	1	0	0.473	0.679	0.571	1	0.2	0.2	0	0	0	0.2	0	0	0	0	0	0.571
8.625	0	11.056	0	7.655	8.782	0	12.128	0	9.826	2.999	0	2.929	0	5.128	0.778	0	0.551	0	0.733	0.778	0	0.526	0	0.667	0.333	0	0.333	0	0.4	0.333	0	0.2	0.5	0.5	0.333	0.375	0	0.75	0.75	0	0.531
0	0	0	0	0	0	0	0	0	0	0	0	0	0	0	0	0	0	0	0	0	0	0	0	0	0	0	0	0	0	0.286	0	0.75	0	0.2	0	0	0.25	0	0	0.418	0.297
0	0	0	0	0	0	0	0	0	0	0	0	0	0	0	0	0	0	0	0	0	0	0	0	0	0	0	0	0	0	1	0.5	1	1	0.25	1	0.25	1	1	0	0	1.000
0	0	0	0	0	0	0	0	0	0	0	0	0	0	0	0	0	0	0	0	0	0	0	0	0	0	0	0	0	0	0.4	0	0	0	0	0.4	0	0.5	0	0	0.056	0.612
2.79	1.874	9.441	1.001	0	3.737	1.874	7.366	1.948	0	1.927	0.939	2.979	1.948	0	0.5	1	0.778	1	0	0.333	1	0.821	1	0	1	0	0.333	1	0	0	0	0	0	0	0	0	0	0	0	0.557	0.136
0	0	0	0	0	0	0	0	0	0	0	0	0	0	0	0	0	0	0	0	0	0	0	0	0	0	0	0	0	0	0	1	0.667	1	0.333	0	1	0.333	1	0	0.56	0.375
0	0	0	0	0	0	0	0	0	0	0	0	0	0	0	0	0	0	0	0	0	0	0	0	0	0	0	0	0	0	0	0	0	0	0	0	0	0	0	0	0	0.781
5.31	0.906	0.907	0	0.91	11.069	2.871	1.836	0	0.95	7.934	4.898	1.836	1.87	1.86	0.622	0.6	1	0	1	0.6	0.667	1	0	0	0.476	0.6	1	0	1	0	0	0.6	0.333	0	0	0.2	0.8	1	0	0.419	0.197
0	0	0	0	0	0	0	0	0	0	0	0	0	0	0	0	0	0	0	0	0	0	0	0	0	0	0	0	0	0	1	1	0	0	0.667	1	1	0	0	0.333	0	0.994
0	0	0	0	0	0	0	0	0	0	0	0	0	0	0	0	0	0	0	0	0	0	0	0	0	0	0	0	0	0	0	0	0.2	0.2	0	0	0.333	0	0	0	0.557	0.231
0	0	0	0	0	0	0	0	0	0	0	0	0	0	0	0	0	0	0	0	0	0	0	0	0	0	0	0	0	0	0	0	0	0	0	0	0	0	0	0	0.419	0.939
22.278	0	0	15.929	0	25.145	0	0	18.834	0	9.671	0	0	9.569	0	0.359	0	0	0.474	0	0.357	0	0	0.463	0	0.289	0	0	0.244	0	0.667	0	0.2	0	0.25	0.333	0	0	0	0	0	0.440
0	0	0	0	0	0	0	0	0	0	0	0	0	0	0	0	0	0	0	0	0	0	0	0	0	0	0	0	0	0	0	0	0	0	0	0.25	0	0	0	0	0.415	0.500
0.893	0.899	11.799	14.56	24.389	7.131	8.799	14.457	23.216	33.566	7.131	6.982	19.319	16.361	17.47	0.714	0.722	0.395	0.433	0.313	0.714	0.722	0.538	0.385	0.304	0.619	0.524	0.301	0.333	0.267	0	0	0	0	0	0	0	0.2	0	0	0.299	0.399
0	0	0	0	0	0	0	0	0	0	0	0	0	0	0	0	0	0	0	0	0	0	0	0	0	0	0	0	0	0	0.2	0.6	0	0.4	1	0	0.2	0	0	1	0.198	0.373
2.687	0	0	0	0	2.687	0	0	0	0	0.886	0	0	0	0	0.333	0	0	0	0	0.333	0	0	0	0	0	0	0	0	0	0.6	0.25	0.4	1	0	0.2	0	0	1	0	0.298	0.445
0.91	0.907	11.716	5.31	0	0.95	1.836	13.85	11.069	0	1.86	1.836	7.875	7.934	0	1	1	0.429	0.622	0	0	1	0.418	0.6	0	1	1	0.357	0.476	0	0	0.6	0	0	0	0	0.8	0	0	0	0	0.746
0	7.587	0	0	0	0	8.557	0	0	0	0	4.966	0	0	0	0	0.861	0	0	0	0	0.833	0	0	0	0	0.3	0	0	0	0	0.4	0.4	1	0	0.333	0	0.2	1	0	0	0.801
0	0	0	0	0	0	0	0	0	0	0	0	0	0	0	0	0	0	0	0	0	0	0	0	0	0	0	0	0	0	0	0	0	0	0	0	0	0	0	0	0.419	0.411
0	0	0	0	0	0	0	2.04	0	1.037	0	0	2.04	0	1.037	0	0	0	0	0	0	0	0	0	0	0	0	0	0	0	0.2	0	0	0	0	0.4	0	0	0	0	0.298	0.298
0	0	0	7.214	0	0	0	0	7.214	0	0	0	0	0	0	0	0	0	0.893	0	0	0	0	0.893	0	0	0	0	0	0	0.4	0	0.25	0	0.6	0	0	0	0	0.2	0	0.682
2.817	0.974	6.828	3.191	3.867	8.525	6.207	9.863	10.174	10.542	11.397	6.207	14.719	9.09	9.549	0.436	0.667	0.341	0.667	0.6	0.679	0.6	0.556	0.556	0.556	0.309	0.533	0.242	0.571	0.472	0.2	0.444	0	0	0	0.6	0.889	0	0	0	0	0.474
0	0	-1	0	-1	0	0	-1	0	-1	0	0	-1	0	-1	0	0	-1	0	-1	0	0	-1	0	-1	0	0	-1	0	-1	0	0	-1	0	-1	0	0	-1	0	-1	0.899	0.962
0	0	0	0	0	0	0	0	0	0	0	0	0	0	0	0	0	0	0	0	0	0	0	0	0	0	0	0	0	0	0	0	0.889	0	0.4	0	0	1	0	0.6	0.419	0.260
0	0	0	0	0	0	0	0	0	0	0	0	0	0	0	0	0	0	0	0	0	0	0	0	0	0	0	0	0	0	0	0	0	0	0	0	0	0	0	0	0	0.219
3.012	7.918	14.925	0	6.215	9.078	15.917	22.175	0	14.402	7.02	10.037	18.564	0.888	9.3	0.556	0.61	0.495	0	0.551	0.556	0.562	0.471	0	0.538	0.238	0.556	0.353	0	0.464	0	0.444	0	0.4	0	0	0.111	0	0.4	0	0.718	0.172
0	11.899	4.681	22.772	0	0.881	16.454	11.108	22.96	0	0.881	9.548	8.318	12.189	0.888	0	0.373	0.727	0.391	0	0	0.408	0.709	0.375	0	0	0.25	0.643	0.258	0	0	0.2	0	0.6	0.4	0	0	0	0	0.4	0.554	0.167
8.716	0	0	7.655	0	10.619	0	0	9.826	0.892	8.927	0	0	5.128	0.892	0.321	0	0	0.733	0	0.345	0	0	0.667	0	0.083	0	0	0.4	0	0	0.2	0	0.5	0	0.333	0	0.4	0.75	0	0	0.260
0	0	0	0	0	0	0	0	0	0	0	0	0	0	0	0	0	0	0	0	0	0	0	0	0	0	0	0	0	0	1	0	1	0.2	0	1	0	1	0	0	0	0.985
0	0	0	0	0	0	0	0	0	0	0	0	0	0	0	0	0	0	0	0	0	0	0	0	0	0	0	0	0	0	0	0	0	0.111	0.889	0	0	0	0	1	0.897	0.371
0	8.716	0	0	0	0	10.619	0.892	0	0	0	8.927	0.892	0	0.944	0	0.321	0	0	0	0	0.345	0	0	0	0	0.083	0	0	0	0	0	0	0.2	0	0.4	0.333	0	0	0	0.556	0.352
0.886	0	0	0	0	0.886	0	0	0	0	0.886	0	0	0	0	0	0	0	0	0	0	0	0	0	0	0	0	0	0	0	0.222	0.5	1	0	0	0.333	0.25	0.8	0	0	0.299	0.476
0	0	0	0	0	0	0	0	0	0	0	0	0	0	0	0	0	0	0	0	0	0	0	0	0	0	0	0	0	0	0	0	0	0	0	0	0	0	0	0	0.897	0.360
0	11.072	0	0	0	0	11.99	0	0	0	0	2.885	0	0	0	0	0.628	0	0	0	0	0.628	0	0	0	0	0.333	0	0	0	1	0.2	0	0	0	1	0	0	0.2	0	0	0.961
6.215	14.925	14.56	3.012	0.899	14.402	22.175	23.216	9.078	8.799	9.3	18.564	16.361	7.02	6.982	0.551	0.495	0.433	0.556	0.722	0.538	0.471	0.385	0.556	0.722	0.464	0.353	0.333	0.238	0.524	0	0	0	0	0	0	0	0	0	0	0.417	0.300
0	0	0	0	2.737	0	0	0	0	4.802	0	0	0	0	2.066	0	0	0	0	0.6	0	0	0	0	0.6	0	0	0	0	0	0	0	0	0	0	0	0	0	0	0	0.419	0.268
3.046	2.016	3.191	6.457	0.974	9.717	7.447	10.174	6.945	6.207	6.671	6.439	9.09	8.872	6.207	0.556	0.762	0.667	0.4	0.667	0.5	0.762	0.556	0.333	0.6	0.533	0.6	0.571	0.361	0.533	0.4	0	0	0.4	0.444	0.2	0	0	1	0.889	0.415	0.304
0	0	1.848	0	0.98	0	0	2.759	0	1.859	0	0	1.834	0	1.859	0	0	0.333	0	1	0	0	0.333	0	1	0	0	0	0	1	0.75	0	0.2	0	0	0	0	0	0	0	0	0.642
11.716	0.91	0	0.907	0	13.85	0.95	0	1.836	0	7.875	1.86	0	1.836	0	0.429	1	0	1	0	0.418	0	0	1	0	0.357	1	0	1	0	0	0	0	0.6	0	0	0	0	0.8	0.2	0.299	0.278
23.665	0	0	0	23.762	23.862	0	0	0	24.906	10.606	0	0	0	7.002	0.305	0	0	0	0.326	0.297	0	0	0	0.308	0.236	0	0	0	0.476	0.5	0	0.2	0.4	0.25	0	0	0.8	0.2	0	0	0.363
1.848	0	0.98	0	0	2.759	0	1.859	0	0.911	1.834	0	1.859	0	0.911	0.333	0	1	0	0	0.333	0	1	0	0	0	0	1	0	0	0.2	0.75	0	0	0.6	0	0	0	0	0.2	0.717	0.282
0	0	0	0	0	0	0	0	0	0	0	0	0	0	0	0	0	0	0	0	0	0	0	0	0	0	0	0	0	0	0	0	0	0	0	0	0.25	0	0	0	0.554	0.479
0	0	0	0	0	0	0	0	0	0	0	0	0	0	0	0	0	0	0	0	0	0	0	0	0	0	0	0	0	0	0	0.2	0	0	0.2	0.333	0	0	0	0	0	0.703
0	0	0	0	-1	0	0	0	0	-1	0	0	0	0	-1	0	0	0	0	-1	0	0	0	0	-1	0	0	0	0	-1	0	0	0	0	-1	0	0	0	0	-1	0.896	0.909
0	0	0	0	0	0	0	0	0	0	0	0	0	0	0	0	0	0	0	0	0	0	0	0	0	0	0	0	0	0	0	0.2	0	0	0.4	0	0	0	0	0.4	0.119	0.600
7.587	0	0	0.961	0	8.557	0	0	0.961	0	4.966	0	0	0.961	0	0.861	0	0	0	0	0.833	0	0	0	0	0.3	0	0	0	0	0.4	1	0	0.667	0.4	0	1	0.333	0.667	0.2	0	0.347
0	0	0	0	0	0	0	0	0	0	0	0	0	0	0	0	0	0	0	0	0	0	0	0	0	0	0	0	0	0	0.6	0.25	0.4	0.4	0.6	0.2	0	0	0	0.2	0	0.807
0	0	0	0	0.961	0	0	0	0	0.961	0	0	0	0	0.961	0	0	0	0	0	0	0	0	0	0	0	0	0	0	0	1	0.75	0.4	0	0.667	1	0.125	0	0	0.667	0	0.995
0	0	2.687	0	0	0	0	2.687	0	0	0	0	0.886	0	0	0	0	0.333	0	0	0	0	0.333	0	0	0	0	0	0	0	0.25	1	0.6	1	0.4	0	1	0.2	1	0	0	0.646
0.899	14.56	0.893	6.215	11.799	8.799	23.216	7.131	14.402	14.457	6.982	16.361	7.131	9.3	19.319	0.722	0.433	0.714	0.551	0.395	0.722	0.385	0.714	0.538	0.538	0.524	0.333	0.619	0.464	0.301	0	0	0	0	0	0	0	0	0	0.2	0.718	0.211
4.681	0	0	11.899	7.918	11.108	0.881	0	16.454	15.917	8.318	0.881	0.888	9.548	10.037	0.727	0	0	0.373	0.61	0.709	0	0	0.408	0.562	0.643	0	0	0.25	0.556	0	0	0.4	0.2	0.444	0	0	0.4	0	0.111	0.298	0.152
0	0	0	0	0	0	0	0	0	0	0	0	0	0	0	0	0	0	0	0	0	0	0	0	0	0	0	0	0	0	0	0	0	0	0	0	0	0	0	0	0	0.921
0	0	11.072	0	0	0	0	11.99	0	0	0	0	2.885	0	0	0	0	0.628	0	0	0	0	0.628	0	0	0	0	0.333	0	0	0	0.667	0.2	0	1	0.2	1	0	0	1	0	0.557
14.925	3.012	6.215	7.918	14.56	22.175	9.078	14.402	15.917	23.216	18.564	7.02	9.3	10.037	16.361	0.495	0.556	0.551	0.61	0.433	0.471	0.556	0.538	0.562	0.385	0.353	0.238	0.464	0.556	0.333	0	0	0	0.444	0	0	0	0	0.111	0	0.116	0.424
0	0	0	0	0	0	0	0	0	0	0	0	0	0	0	0	0	0	0	0	0	0	0	0	0	0	0	0	0	0	0	0	0	0	0	0	0	0	0	0	0	0.731
0	0	0.886	0	0	0	0	0.886	0	0	0	0	0.886	0	0	0	0	0	0	0	0	0	0	0	0	0	0	0	0	0	0.5	0	0.222	1	1	0.25	0	0.333	1	0.8	0	0.408
0	2.782	0	23.762	0	0.934	1.819	0	24.906	0	0.934	2.909	0	7.002	0	0	1	0	0.326	0	0	1	0	0.308	0	0	0.333	0	0.476	0	0.125	0.4	0	0.25	0	0	0.8	0	0	0	0.415	0.274
0	15.929	22.278	3.601	0	0	18.834	25.145	3.718	0	0	9.569	9.671	4.624	0	0	0.474	0.359	0.8	0	0	0.463	0.357	0.833	0	0	0.244	0.289	0.4	0	0	0	0.667	0.4	0.2	0	0	0.333	0	0	0.298	0.214
0	0	0	0	0	0	0	0	0	0	0	0	0	0	0	0	0	0	0	0	0	0	0	0	0	0	0	0	0	0	0	0.111	0	0.2	0	0	0	0	0	0	0.294	0.779
0	0	0	0	0	0	0	0	0	0	0	0	0	0	0	0	0	0	0	0	0	0	0	0	0	0	0	0	0	0	0	0.25	0	0.2	0.75	0	0	0	0	0.125	0	0.665
0	0	0	0	0	0	0	0	0	0	0	0	0	0	0	0	0	0	0	0	0	0	0	0	0	0	0	0	0	0	0	0	0	0	0	0	0	0	0	0	0.72	0.321
0	0	0	0	0	0	0	0	0	0	0	0	0	0	0	0	0	0	0	0	0	0	0	0	0	0	0	0	0	0	0.4	0	0.2	0	1	0.8	0	0.6	0	1	0	0.778
0	0	0	0	0	0	0	0	0	0	0	0	0	0	0	0	0	0	0	0	0	0	0	0	0	0	0	0	0	0	0	0	0.4	0.333	0.2	0	0	0.8	0	0.6	0.414	0.243
0	3.867	0.906	6.828	5.31	0	10.542	2.871	9.863	11.069	1.87	9.549	4.898	14.719	7.934	0	0.6	0.6	0.341	0.622	0	0.556	0.667	0.556	0.6	0	0.472	0.6	0.242	0.476	0.333	0	0	0	0	1	0	0.2	0	0	0	0.793
0	0	0	0	0	0	0	0	0	0	0	0	0	0	0	0	0	0	0	0	0	0	0	0	0	0	0	0	0	0	0.6	0.4	0.2	0.6	0	0.2	0	0	0.2	0	0	0.749
0	0	0	0	0	0	0	0	0	0	0	0	0	0	0	0	0	0	0	0	0	0	0	0	0	0	0	0	0	0	0.25	0.4	0.6	0	0.4	0	0	0.2	0	0	0.12	0.311
7.655	11.056	0	8.625	8.716	9.826	12.128	0	8.782	10.619	5.128	2.929	0	2.999	8.927	0.733	0.551	0	0.778	0.321	0.667	0.526	0	0.778	0.345	0.4	0.333	0	0.333	0.083	0.5	0.2	0.2	0.333	0	0.75	0	0	0.333	0.333	0.417	0.506
0	0	0	0	0	0	0	0	0	0	0	0	0	0	0	0	0	0	0	0	0	0	0	0	0	0	0	0	0	0	0	0	0	0	0	0	0	0	0	0	0.198	0.362
14.037	0.919	6.457	2.742	2.016	19.329	2.715	6.945	6.873	7.447	12.308	1.796	8.872	7.823	6.439	0.433	1	0.4	0.722	0.762	0.404	1	0.333	0.762	0.762	0.348	1	0.361	0.679	0.6	0	0	0.4	0	0	0	0	1	0	0	0.554	0.243
0	0	0	0	0	0	0	0	0	0	0	0	0	0	0	0	0	0	0	0	0	0	0	0	0	0	0	0	0	0	0	0	0	0	0	0	0	0	0	0	0	0.871
4.493	24.389	6.204	11.799	0	9.044	33.566	13.581	14.457	0.981	6.325	17.47	11.754	19.319	2.003	0.578	0.313	0.628	0.395	0	0.511	0.304	0.603	0.538	0	0.571	0.267	0.473	0.301	0	0	0	0.2	0	0.2	0	0	0	0.2	0.2	0.557	0.217
0	23.665	23.762	0	2.782	0	23.862	24.906	0	1.819	0	10.606	7.002	0	2.909	0	0.305	0.326	0	1	0	0.297	0.308	0	1	0	0.236	0.476	0	0.333	0.2	0.5	0.25	0	0.4	0.8	0	0	0	0.8	0.419	0.430
0	0	0	0	0	0	0	0	1.844	0	0	0	0	1.844	0	0	0	0	0	0	0	0	0	0	0	0	0	0	0	0	0	0	0	0	0	0	0	0	0	0	0	0.714
0	0	0	0	0	0	0	0	0	0	0	0	0	0	0	0	0	0	0	0	0	0	0	0	0	0	0	0	0	0	0	0.2	1	0.6	1	0	0	1	0.2	1	0	0.473
0	0	0	0	0	0	0	0	0	0	0	0	0	0	0	0	0	0	0	0	0	0	0	0	0	0	0	0	0	0	0	0	0	0	0	0	0	0	0	0	0.197	0.155
0	0	0	0	11.072	0	0	0	0	11.99	0	0	0	0	2.885	0	0	0	0	0.628	0	0	0	0	0.628	0	0	0	0	0.333	0.667	0	0	0.125	0.2	1	0	0.2	0	0	0	0.990
1.001	0	1.874	0	2.79	1.948	0	1.874	0	3.737	1.948	0	0.939	0	1.927	1	0	1	0	0.5	1	0	1	0	0.333	1	0	0	0	1	0	0	0	0	0	0	0	0	0	0	0.9	0.121
0	0	0	11.716	0	0	0	0	13.85	0	0	0	0	7.875	0	0	0	0	0.429	0	0	0	0	0.418	0	0	0	0	0.357	0	0	0	0	0	0	0.2	0	0	0	0	0	0.393
0	0	0	0	0	0	0	0	0	0	0	0	0	0	0	0	0	0	0	0	0	0	0	0	0	0	0	0	0	0	0.111	0.2	0	0.75	0	0	0	0	0.25	0	0.414	0.506
0	4.681	7.918	0	3.012	0	11.108	15.917	0.881	9.078	0.888	8.318	10.037	0.881	7.02	0	0.727	0.61	0	0.556	0	0.709	0.562	0	0.556	0	0.643	0.556	0	0.238	0.4	0	0.444	0	0	0.4	0	0.111	0	0	0	0.652
22.772	0	11.899	0	0	22.96	1.037	16.454	2.04	0.881	12.189	1.037	9.548	2.04	0.881	0.391	0	0.373	0	0	0.375	0	0.408	0	0	0.258	0	0.25	0	0	0.6	0	0.2	0	0	0	0	0	0	0	0	0.555
0	0	0	0	0	0	0	0	0	0	0	0	0	0	0	0	0	0	0	0	0	0	0	0	0	0	0	0	0	0	0	0	0	0	0	0	0	0	0	0	0.197	0.332
0	0	0	0	0	0	0	0	0	0	0	0	0	0	0	0	0	0	0	0	0	0	0	0	0	0	0	0	0	0	0	0	0	0	0.75	0	0	0	0	0	0.298	0.250
0	0	0	0	0	0	0	0	0	0	0	0	0	0	0	0	0	0	0	0	0	0	0	0	0	0	0	0	0	0	0	0	0.4	0.2	0	0	0	0.4	0	0.5	0.893	0.367
0	0	0	2.782	0	0	0.934	0	1.819	0	0	0.934	0	2.909	0	0	0	0	1	0	0	0	0	1	0	0	0	0	0.333	0	0	0.125	0	0.4	0.2	0	0	0	0.8	0.4	0.715	0.221
2.742	0	0.919	6.204	14.037	6.873	0.981	2.715	13.581	19.329	7.823	2.003	1.796	11.754	12.308	0.722	0	1	0.628	0.433	0.762	0	1	0.603	0.404	0.679	0	1	0.473	0.348	0	0.2	0	0.2	0	0	0.2	0	0	0	0.292	0.218
0	0	12.606	0	0	0	0	13.525	0	0	0	0	6.795	0	0	0	0	0.67	0	0	0	0	0.637	0	0	0	0	0.286	0	0	0	0	0	1	0.25	0	0	0	1	0	0.197	0.275
0	0	0	0	0	0	0	0	0	0	0	0	0	0	0	0	0	0	0	0	0	0	0	0	0	0	0	0	0	0	0	0	0.75	0.25	1	0	0	0.125	0	1	0	0.555
0	0	0	0	0	0	0	0	0	0	0	0	0	0	0	0	0	0	0	0	0	0	0	0	0	0	0	0	0	0	0.2	0.4	1	0	0	0.6	0.8	1	0	0	0.12	0.469
0	0	0	0	0	0	0	0	0	0	0	0	0	0	0	0	0	0	0	0	0	0	0	0	0	0	0	0	0	0	0	0	0	0	0	0	0	0	0	0	0.894	0.423
0	0	0	0	0	0	0	0	0	0	0	0	0	0	0	0	0	0	0	0	0	0	0	0	0	0	0	0	0	0	0	0	0	0	0	0	0	0	0	0	0.898	0.351
0	7.655	8.716	11.056	0	0	9.826	10.619	12.128	0	0	5.128	8.927	2.929	0	0	0.733	0.321	0.551	0	0	0.667	0.345	0.526	0	0	0.4	0.083	0.333	0	0.2	0.5	0	0.2	0	0	0.75	0.333	0	0.4	0	0.555
0	0	0	0	0	0	0	0	0	0	0	0	0	0	0	0	0	0	0	0	0	0	0	0	0	0	0	0	0	0	0	0.125	0.667	0.4	0	0	0	1	0.6	0.2	0	0.353
0	0	0	0	0	0	0	0	0	0	0	0	0	0	0	0	0	0	0	0	0	0	0	0	0	0	0	0	0	0	0.4	0.6	0.6	0.25	0.2	0	0.2	0.2	0	0	0	0.723
7.918	0	3.012	4.681	14.925	15.917	0	9.078	11.108	22.175	10.037	0.888	7.02	8.318	18.564	0.61	0	0.556	0.727	0.495	0.562	0	0.556	0.709	0.471	0.556	0	0.238	0.643	0.353	0.444	0.4	0	0	0	0.111	0.4	0	0	0	0.115	0.567
0	0	0	0	2.687	0	0	0	0	2.687	0	0	0	0	0.886	0	0	0	0	0.333	0	0	0	0	0.333	0	0	0	0	0	1	1	0.25	0.5	0.6	1	1	0	0.25	0.2	0	1.000
0	0.98	1.801	1.848	0	0.911	1.859	2.776	2.759	0	0.911	1.859	0.974	1.834	0	0	1	1	0.333	0	0	1	1	0.333	0	0	1	0	0	0	0.6	0	0	0.2	0	0.2	0	0	0	0	0.118	0.613
0.907	5.31	0.91	0.906	11.716	1.836	11.069	0.95	2.871	13.85	1.836	7.934	1.86	4.898	7.875	1	0.622	1	0.6	0.429	1	0.6	0	0.667	0.418	1	0.476	1	0.6	0.357	0.6	0	0	0	0	0.8	0	0	0.2	0	0.42	0.715
11.899	22.772	0	0	4.681	16.454	22.96	0.881	1.037	11.108	9.548	12.189	0.881	1.037	8.318	0.373	0.391	0	0	0.727	0.408	0.375	0	0	0.709	0.25	0.258	0	0	0.643	0.2	0.6	0	0	0	0	0	0	0	0	0	0.220
0	0	0	0	0	0	0	0	0	0	0	0	0	0	0	0	0	0	0	0	0	0	0	0	0	0	0	0	0	0	0.2	0.75	0.111	0.286	0	0	0.25	0	0	0	0.298	0.438
0	0	0	0	0	0	0	0	0	0	0	0	0	0	0	0	0	0	0	0	0	0	0	0	0	0	0	0	0	0	0.2	0	0	0	0	0	0	0	0.333	0	0.557	0.356
0	9.441	0	2.79	0	0	7.366	0	3.737	0	0	2.979	0	1.927	0	0	0.778	0	0.5	0	0	0.821	0	0.333	0	0	0.333	0	1	0	0	0	0	0	0	0	0	0	0	0	0.296	0.405
0	0	0	0	0	0	0	0	0	0	0	0	0	0	0	0	0	0	0	0	0	0	0	0	0	0	0	0	0	0	0	0	0	0	0	0	0	0	0	0	0.718	0.325
14.56	6.215	0.899	14.925	0.893	23.216	14.402	8.799	22.175	7.131	16.361	9.3	6.982	18.564	7.131	0.433	0.551	0.722	0.495	0.714	0.385	0.538	0.722	0.471	0.714	0.333	0.464	0.524	0.353	0.619	0	0	0	0	0	0	0	0	0	0	0.292	0.451
0.974	3.191	2.817	3.046	6.828	6.207	10.174	8.525	9.717	9.863	6.207	9.09	11.397	6.671	14.719	0.667	0.667	0.436	0.556	0.341	0.6	0.556	0.679	0.5	0.556	0.533	0.571	0.309	0.533	0.242	0.444	0	0.2	0.4	0	0.889	0	0.6	0.2	0	0.419	0.605
0	0	0	0	0	0	0	0	0	0	0	0	0	0	0	0	0	0	0	0	0	0	0	0	0	0	0	0	0	0	0	0	0	0	0	0	0	0	0	0	0	0.849
0	0.961	7.587	0	0	0	0.961	8.557	0	0	0	0.961	4.966	0	0	0	0	0.861	0	0	0	0	0.833	0	0	0	0	0.3	0	0	1	0.667	0.4	0.4	0	1	0.667	0	0	0.333	0	0.995
0	0	0	8.399	0	0	1.844	0	9.533	0	0	1.844	0	1.134	0	0	0	0	0.667	0	0	0	0	0.644	0	0	0	0	0	0	0	0	0	0.2	0	0	0	0	0	0	0.419	0.310
0	0	0	0	1.848	0	0	0	0	2.759	0	0	0	0	1.834	0	0	0	0	0.333	0	0	0	0	0.333	0	0	0	0	0	0	0	0.75	0	0.2	0	0	0	0	0	0.118	0.472
0	0	0	0	0	0	0	0	0	0	0	0	0	0	0	0	0	0	0	0	0	0	0	0	0	0	0	0	0	0	0	0	0	0	0	0	0	0	0	0	0.896	0.308
0	0	0	0	0	0	0	0	0	0	0	0	0	0	0	0	0	0	0	0	0	0	0	0	0	0	0	0	0	0	0	0	0	0	0	0	0	0	0	0	0.717	0.397
0	7.214	0	0	0	0	7.214	0	0	0	0	0	0	0	0	0	0.893	0	0	0	0	0.893	0	0	0	0	0	0	0	0	0	0	0.4	0	0.25	0	0	0	0	0	0	0.845
0.98	1.848	0	0	1.801	1.859	2.759	0.911	0	2.776	1.859	1.834	0.911	0	0.974	1	0.333	0	0	1	1	0.333	0	0	1	1	0	0	0	0	0	0.2	0.6	0.75	0	0	0	0.2	0	0	0.56	0.342
0	22.278	0	0	0	0	25.145	0	0	0	0	9.671	0	0	0	0	0.359	0	0	0	0	0.357	0	0	0	0	0.289	0	0	0	0.2	0.667	0.25	0	0	0	0.333	0	0	0	0	0.425
0	0	0	0	0	0	0	0	0	0	0	0	0	0	0	0	0	0	0	0	0	0	0	0	0	0	0	0	0	0	0	0	0	0	0.2	0	0	0	0	0	0.298	0.206
0	2.687	0	0	0	0	2.687	0	0	0	0	0.886	0	0	0	0	0.333	0	0	0	0	0.333	0	0	0	0	0	0	0	0	0.4	0.6	0	0.25	0.5	0	0.2	0	0	0.75	0	0.574
2.782	23.762	0	0	0	1.819	24.906	0.934	0	0	2.909	7.002	0.934	0	0	1	0.326	0	0	0	1	0.308	0	0	0	0.333	0.476	0	0	0	0.4	0.25	0.125	0.2	0	0.8	0	0	0.8	0	0	0.634
11.799	0.893	24.389	0.899	4.493	14.457	7.131	33.566	8.799	9.044	19.319	7.131	17.47	6.982	6.325	0.395	0.714	0.313	0.722	0.578	0.538	0.714	0.304	0.722	0.511	0.301	0.619	0.267	0.524	0.571	0	0	0	0	0	0.2	0	0	0	0	0	0.488
0	0	0	0	0	0	0	0	0	0	0	0	0	0	0	0	0	0	0	0	0	0	0	0	0	0	0	0	0	0	0.125	0.4	0	0.889	0.667	0	0.6	0	1	1	0.3	0.368
0	0	0	0	0	0	0	0	0	0	0	0	0	0	0	0	0	0	0	0	0	0	0	0	0	0	0	0	0	0	0	0	0	0	0	0	0	0	0	0	0	0.638
0	12.606	0	0	0	0	13.525	0	0	0	0	6.795	0	0	0	0	0.67	0	0	0	0	0.637	0	0	0	0	0.286	0	0	0	0.25	0	0	0	0	0	0	0	0	0	0	0.957
0	0	0	0	0	0	0	0	0	0	0	0	0	0	0	0	0	0	0	0	0	0	0	0	0	0	0	0	0	0	0	0	0	0	0	0	0	0	0	0	0	0.758
23.762	0	2.782	23.665	0	24.906	0	1.819	23.862	0.934	7.002	0	2.909	10.606	0.934	0.326	0	1	0.305	0	0.308	0	1	0.297	0	0.476	0	0.333	0.236	0	0.25	0.2	0.4	0.5	0.125	0	0.8	0.8	0	0	0	0.444
6.828	2.817	3.867	0.974	0	9.863	8.525	10.542	6.207	0	14.719	11.397	9.549	6.207	1.87	0.341	0.436	0.6	0.667	0	0.556	0.679	0.556	0.6	0	0.242	0.309	0.472	0.533	0	0	0.2	0	0.444	0.333	0	0.6	0	0.889	1	0.199	0.505
0	0	0	0	1.001	0	0	0	0.892	1.948	0	0.944	0	0.892	1.948	0	0	0	0	1	0	0	0	0	1	0	0	0	0	1	0	0	0	0	0	0	0	0	0	0	0.714	0.446
0	1.801	7.409	0	1.789	0	2.776	12.162	0.911	3.616	0	0.974	5.639	0.911	1.827	0	1	0.564	0	0.833	0	1	0.538	0	0.833	0	0	0.333	0	1	0	0	0	0.6	0	0	0	0	0.2	0	0.417	0.528
0	0	0	0	0	0	0	0	0	0	0	0	0	0	0	0	0	0	0	0	0	0	0	0	0	0	0	0	0	0	1	0.2	0	0.4	0.5	1	0.6	0	0.8	0.25	0	0.995
0	8.399	0	7.598	0	1.844	9.533	0	8.51	0	1.844	1.134	0	0.912	0	0	0.667	0	0.694	0	0	0.644	0	0.694	0	0	0	0	0	0	0	0.2	0	0	0	0	0	0	0.4	0	0.415	0.129
0	-1	0	-1	0	0	-1	0	-1	0	0	-1	0	-1	0	0	-1	0	-1	0	0	-1	0	-1	0	0	-1	0	-1	0	0	-1	0	-1	0	0	-1	0	-1	0	0.899	0.997
0.919	2.742	14.037	0	6.457	2.715	6.873	19.329	0.981	6.945	1.796	7.823	12.308	2.003	8.872	1	0.722	0.433	0	0.4	1	0.762	0.404	0	0.333	1	0.679	0.348	0	0.361	0	0	0	0.2	0.4	0	0	0	0.2	1	0.899	0.257
7.214	0	0	0	0	7.214	0	0	0	0	0	0	0	0	0	0.893	0	0	0	0	0.893	0	0	0	0	0	0	0	0	0	0	0	0	0	0.4	0	0	0	0.5	0	0.298	0.198
0	0	0.961	0	0	0	0	0.961	0	0	0	0	0.961	0	0	0	0	0	0	0	0	0	0	0	0	0	0	0	0	0	0.4	1	0.667	0.75	1	0	1	0.667	0.125	1	0.198	0.784
0	0	0	0	0	0	0	0	0	0	0	0	0	0	0	0	0	0	0	0	0	0	0	0	0	0	0	0	0	0	0.4	0.889	0.125	0	0	0.6	1	0	0	0	0	0.891
1.801	0	0	0.98	7.409	2.776	0.911	0	1.859	12.162	0.974	0.911	0	1.859	5.639	1	0	0	1	0.564	1	0	0	1	0.538	0	0	0	1	0.333	0	0.6	0	0	0	0	0.2	0	0	0	0.897	0.248
0	0	0	0	0	0	0	0	0	0	0	0	0	0	0	0	0	0	0	0	0	0	0	0	0	0	0	0	0	0	0.5	1	1	0	1	0.25	1	1	0	1	0	0.973
0	0	0	22.278	0	0	0	0	25.145	0	0	0	0	9.671	0	0	0	0	0.359	0	0	0	0	0.357	0	0	0	0	0.289	0	0.25	0.2	0	0.667	0	0	0	0	0.333	0	0	0.449
0	0	0	0	8.625	0	0	0	0	8.782	0	0	0	0	2.999	0	0	0	0	0.778	0	0	0	0	0.778	0	0	0	0	0.333	0.5	0	0	0.4	0.333	0.75	0	0.375	0	0.333	0.415	0.776
0	0	8.625	0	11.056	0	0	8.782	0	12.128	0	0	2.999	0	2.929	0	0	0.778	0	0.551	0	0	0.778	0	0.526	0	0	0.333	0	0.333	0	0.5	0.333	0	0.2	0.375	0.75	0.333	0	0	0.3	0.752
0	11.716	0	0.91	0	0	13.85	0	0.95	0	0	7.875	0	1.86	0	0	0.429	0	1	0	0	0.418	0	0	0	0	0.357	0	1	0	0	0	0	0	0	0	0	0.2	0	0	0.556	0.276
0	0	0	0	0	0	0	0	0	0	0	0	0	0	0	0	0	0	0	0	0	0	0	0	0	0	0	0	0	0	0	0.333	0	0.667	0.4	0	0	0	0.333	0.8	0.015	0.682
0	0	0	0	0.886	0	0	0	0	0.886	0	0	0	0	0.886	0	0	0	0	0	0	0	0	0	0	0	0	0	0	0	0	1	0.5	0.2	0.222	0	1	0.25	0.6	0.333	0.298	0.267
6.204	4.493	0	24.389	2.742	13.581	9.044	0.981	33.566	6.873	11.754	6.325	2.003	17.47	7.823	0.628	0.578	0	0.313	0.722	0.603	0.511	0	0.304	0.762	0.473	0.571	0	0.267	0.679	0.2	0	0.2	0	0	0	0	0.2	0	0	0.299	0.247
0	0	0	0	0	0	0	0	0	0	0	0	0	0	0	0	0	0	0	0	0	0	0	0	0	0	0	0	0	0	0	0	0.286	0	0.75	0	0	0	0	0.25	0.715	0.285
0	0	0	0	0	0	0	0	0	0	0	0	0	0	0	0	0	0	0	0	0	0	0	0	0	0	0	0	0	0	0	0	0	0.25	0	0	0	0	0	0	0.556	0.297
0	0	7.214	0	0	0	0	7.214	0	0	0	0	0	0	0	0	0	0.893	0	0	0	0	0.893	0	0	0	0	0	0	0	0	0	0	0.4	0	0	0.5	0	0.4	0	0.559	0.443
0.906	0	5.31	3.867	0.907	2.871	0	11.069	10.542	1.836	4.898	1.87	7.934	9.549	1.836	0.6	0	0.622	0.6	1	0.667	0	0.6	0.556	1	0.6	0	0.476	0.472	1	0	0.333	0	0	0.6	0.2	1	0	0	0.8	0	0.640
0	0	0	0	0	0	0	0	0	0	0	0	0	0	0	0	0	0	0	0	0	0	0	0	0	0	0	0	0	0	0	0	0	0	0	0	0	0	0	0	0.419	0.228
12.606	0	0	0	0	13.525	0	0	0	0	6.795	0	0	0	0	0.67	0	0	0	0	0.637	0	0	0	0	0.286	0	0	0	0	0	0	0.25	0	0	0	0	0	0	0	0	0.328
0	0	0	-1	0	0	0	0	-1	0	0	0	0	-1	0	0	0	0	-1	0	0	0	0	-1	0	0	0	0	-1	0	0	0	0	-1	0	0	0	0	-1	0	0.556	0.955
8.399	7.598	0	2.737	0	9.533	8.51	1.844	4.802	0	1.134	0.912	1.844	2.066	0	0.667	0.694	0	0.6	0	0.644	0.694	0	0.6	0	0	0	0	0	0	0.2	0	0	0	0	0	0.4	0	0	0	0	0.324
0.961	0	0	0	7.587	0.961	0	0	0	8.557	0.961	0	0	0	4.966	0	0	0	0	0.861	0	0	0	0	0.833	0	0	0	0	0.3	0.667	0.4	1	1	0.4	0.667	0	1	1	0	0.299	0.498
0	0	0	0	0	0	0	0	0	0	0	0	0	0	0	0	0	0	0	0	0	0	0	0	0	0	0	0	0	0	0.2	0	0	0	0	0	0	0.333	0	0	0	0.440
0	0	22.772	0	11.899	1.037	2.04	22.96	0	16.454	1.037	2.04	12.189	0	9.548	0	0	0.391	0	0.373	0	0	0.375	0	0.408	0	0	0.258	0	0.25	0	0	0.6	0.2	0.2	0	0	0	0.4	0	0.42	0.196
0	0	0	9.441	0	0	0	0	7.366	0	0	0	0	2.979	0	0	0	0	0.778	0	0	0	0	0.821	0	0	0	0	0.333	0	0	0	0	0	0.286	0	0	0	0	0	0.415	0.193
0	0	0	0	0	0	0	0	0	0	0	0	0	0	0	0	0	0	0	0	0	0	0	0	0	0	0	0	0	0	0	0	0	0	0	0	0	0	0	0.25	0	0.712
0	0	0	0.886	0	0	0	0	0.886	0	0	0	0	0.886	0	0	0	0	0	0	0	0	0	0	0	0	0	0	0	0	0	1	1	0.222	0.5	0	0.8	1	0.333	0.25	0	0.349
0	0	0	0	0	0	0	0	0	0	0	0	0	0	0	0	0	0	0	0	0	0	0	0	0	0	0	0	0	0	1	0	0.5	1	1	1	0	0.25	0.8	1	0	1.000
0	0	0	2.687	0	0	0	0	2.687	0	0	0	0	0.886	0	0	0	0	0.333	0	0	0	0	0.333	0	0	0	0	0	0	0	0.4	0.5	0.6	0	0	0	0.75	0.2	0.375	0.554	0.224
9.441	2.79	0	1.874	0	7.366	3.737	0	1.874	0	2.979	1.927	0	0.939	0	0.778	0.5	0	1	0	0.821	0.333	0	1	0	0.333	1	0	0	0	0	0	0	0	0	0	0	0	0	0	0.713	0.480
2.737	0	7.598	0	8.399	4.802	0	8.51	0	9.533	2.066	0	0.912	0	1.134	0.6	0	0.694	0	0.667	0.6	0	0.694	0	0.644	0	0	0	0	0	0	0	0	0	0.2	0	0	0.4	0	0	0.556	0.236
0	0	0	0	0	0	0	0	0	0	0	0	0	0	0	0	0	0	0	0	0	0	0	0	0	0	0	0	0	0	0	0	0	0	0	0	0	0	0	0	0	0.776
24.389	11.799	4.493	0.893	6.204	33.566	14.457	9.044	7.131	13.581	17.47	19.319	6.325	7.131	11.754	0.313	0.395	0.578	0.714	0.628	0.304	0.538	0.511	0.714	0.603	0.267	0.301	0.571	0.619	0.473	0	0	0	0	0.2	0	0.2	0	0	0	0.116	0.432
0	0	0	0	0	0	0	0	0	0	0	0	0	0	0	0	0	0	0	0	0	0	0	0	0	0	0	0	0	0	0.333	0.667	0	0	0	0	0.333	0	0	0	0.414	0.626
6.457	14.037	2.016	0.919	3.046	6.945	19.329	7.447	2.715	9.717	8.872	12.308	6.439	1.796	6.671	0.4	0.433	0.762	1	0.556	0.333	0.404	0.762	1	0.5	0.361	0.348	0.6	1	0.533	0.4	0	0	0	0.4	1	0	0	0	0.2	0.196	0.482
3.191	3.046	0.974	2.016	2.817	10.174	9.717	6.207	7.447	8.525	9.09	6.671	6.207	6.439	11.397	0.667	0.556	0.667	0.762	0.436	0.556	0.5	0.6	0.762	0.679	0.571	0.533	0.533	0.6	0.309	0	0.4	0.444	0	0.2	0	0.2	0.889	0	0.6	0.713	0.238
0	0	0	0	0	0	0	0	0	0	0	0	0	0	0	0	0	0	0	0	0	0	0	0	0	0	0	0	0	0	0	0	0	0	0	0	0	0	0.2	0	0.718	0.617
1.789	7.409	3.601	0	15.929	3.616	12.162	3.718	0	18.834	1.827	5.639	4.624	0	9.569	0.833	0.564	0.8	0	0.474	0.833	0.538	0.833	0	0.463	1	0.333	0.4	0	0.244	0	0	0.4	0	0	0	0	0	0	0	0.898	0.188
0	0	0	0	0	0	0	0	0	0	0	0	0	0	0	0	0	0	0	0	0	0	0	0	0	0	0	0	0	0	0	0	0	0	0	0	0	0	0	0	0.554	0.402
0	0	1.001	0	1.874	0	0	1.948	0	1.874	0	0	1.948	0.944	0.939	0	0	1	0	1	0	0	1	0	1	0	0	1	0	0	0	0	0	0	0	0	0	0	0	0	0.419	0.281
0	0	23.665	0	0	0	0	23.862	0	0	0	0	10.606	0	0	0	0	0.305	0	0	0	0	0.297	0	0	0	0	0.236	0	0	0	0.4	0.5	0	0.2	0	0.2	0	0.333	0.8	0	0.775
7.598	2.737	8.399	0	0	8.51	4.802	9.533	0	1.844	0.912	2.066	1.134	0	1.844	0.694	0.6	0.667	0	0	0.694	0.6	0.644	0	0	0	0	0	0	0	0	0	0.2	0	0	0.4	0	0	0	0	0.419	0.389
11.056	8.625	7.655	0	0	12.128	8.782	9.826	0	0	2.929	2.999	5.128	0	0	0.551	0.778	0.733	0	0	0.526	0.778	0.667	0	0	0.333	0.333	0.4	0	0	0.2	0.333	0.5	0	0.2	0	0.333	0.75	0.375	0	0.298	0.303
0	0	0	0	0	0	0	0	0	0	0	0	0	0	0	0	0	0	0	0	0	0	0	0	0	0	0	0	0	0	0	0	0	0	0	0	0	0	0	0	0	0.805
7.409	0	1.789	1.801	3.601	12.162	0	3.616	2.776	3.718	5.639	0	1.827	0.974	4.624	0.564	0	0.833	1	0.8	0.538	0	0.833	1	0.833	0.333	0	1	0	0.4	0	0	0	0	0.4	0	0	0	0	0	0.713	0.462
11.072	0	0	0	0	11.99	0	0	0	0	2.885	0	0	0	0	0.628	0	0	0	0	0.628	0	0	0	0	0.333	0	0	0	0	0.2	0	1	0.667	0	0	0.2	1	1	0	0	0.560
0	0	0	0	0	0	0	0	0	0	0	0	0	0	0	0	0	0	0	0	0	0	0	0	0	0	0	0	0	0	0	0	0	0	0	0	0	0	0	0	0.195	0.939
0	0	0	0	0	0	0	0	0	0	0	0	0	0	0	0	0	0	0	0	0	0	0	0	0	0	0	0	0	0	0.75	0.286	0.2	0	0.111	0.25	0	0	0	0	0	0.932
15.929	3.601	0	1.789	22.278	18.834	3.718	0	3.616	25.145	9.569	4.624	0	1.827	9.671	0.474	0.8	0	0.833	0.359	0.463	0.833	0	0.833	0.357	0.244	0.4	0	1	0.289	0	0.4	0	0	0.667	0	0	0	0	0.333	0.195	0.332
0	0	0	0	22.772	2.04	0	1.037	0	22.96	2.04	0	1.037	0	12.189	0	0	0	0	0.391	0	0	0	0	0.375	0	0	0	0	0.258	0	0.2	0	0	0.6	0	0.4	0	0	0	0.556	0.182
0	0	0	0	0	0	0	0	0.934	2.04	0	0	0	0.934	2.04	0	0	0	0	0	0	0	0	0	0	0	0	0	0	0	0	0	0.2	0.125	0	0	0	0.4	0	0	0.558	0.337
0	0.886	0	0	0	0	0.886	0	0	0	0	0.886	0	0	0	0	0	0	0	0	0	0	0	0	0	0	0	0	0	0	1	0.222	0	0.5	1	0.8	0.333	0	0.25	1	0	0.985
0	0	0	0	0	0	0	0	0	0	0	0	0	0	0	0	0	0	0	0	0	0	0	0	0	0	0	0	0	0	0	0	0	0	0	0	0.2	0	0	0	0.116	0.443
0	0	0	0	0	0	0	0	0	0	0	0	0	0	0	0	0	0	0	0	0	0	0	0	0	0	0	0	0	0	0	0	0.2	0	0	0	0	0	0	0.333	0.42	0.286
0	0	0	0	0	0	0	0	0	0	0	0	0	0	0	0	0	0	0	0	0	0	0	0	0	0	0	0	0	0	0.75	0	1	0	0.4	0.125	0	1	0	0	0	0.814
0	0	0	12.606	0	0	0	0	13.525	0	0	0	0	6.795	0	0	0	0	0.67	0	0	0	0	0.637	0	0	0	0	0.286	0	0	0.25	0	0	0	0	0	0	0	0	0.299	0.208
0	0	0	0	7.214	0	0	0	0	7.214	0	0	0	0	0	0	0	0	0	0.893	0	0	0	0	0.893	0	0	0	0	0	0	0.4	0	0	0	0.5	0.4	0	0	0	0.417	0.568
0	0	0	8.716	0	0.892	0	0	10.619	0	0.892	0	0.944	8.927	0	0	0	0	0.321	0	0	0	0	0.345	0	0	0	0	0.083	0	0	0	0	0	0	0	0.4	0	0.333	0	0.419	0.194
0	0	0	0	0	0	0	0	0	0	0	0	0	0	0	0	0	0	0	0	0	0	0	0	0	0	0	0	0	0	0	0	0	0	0	0	0	0	0.25	0	0.717	0.444
0	0	0	0	0	0	0	0	0	0	0	0	0	0	0	0	0	0	0	0	0	0	0	0	0	0	0	0	0	0	0	0	0	0	0	0	0	0.25	0	0	0	0.606
3.867	6.828	0	2.817	0.906	10.542	9.863	0	8.525	2.871	9.549	14.719	1.87	11.397	4.898	0.6	0.341	0	0.436	0.6	0.556	0.556	0	0.679	0.667	0.472	0.242	0	0.309	0.6	0	0	0.333	0.2	0	0	0	1	0.6	0.2	0.419	0.416
0	0	0	0	0	0	0.892	0	0	0	0.944	0.892	0	0	0	0	0	0	0	0	0	0	0	0	0	0	0	0	0	0	0	0	0	0	0	0	0	0	0.4	0	0.197	0.184
0	0	0	0	0	0	0	0	0	0	0	0	0	0	0	0	0	0	0	0	0	0	0	0	0	0	0	0	0	0	0	0	0	0	0	0	0	0	0	0	0	0.687
2.016	6.457	3.046	14.037	3.191	7.447	6.945	9.717	19.329	10.174	6.439	8.872	6.671	12.308	9.09	0.762	0.4	0.556	0.433	0.667	0.762	0.333	0.5	0.404	0.556	0.6	0.361	0.533	0.348	0.571	0	0.4	0.4	0	0	0	1	0.2	0	0	0.713	0.537
0	0	2.737	0	7.598	0	0	4.802	0	8.51	0	0	2.066	0	0.912	0	0	0.6	0	0.694	0	0	0.6	0	0.694	0	0	0	0	0	0	0	0	0	0	0	0	0	0	0.4	0.296	0.224
0	0	0	7.587	23.665	0	0	0	8.557	23.862	0	0	0	4.966	10.606	0	0	0	0.861	0.305	0	0	0	0.833	0.297	0	0	0	0.3	0.236	0.4	0	0	0.4	0.5	0.2	0.333	0	0	0	0.292	0.474
0	0	0	0	0	0	0	0	0	0	0	0	0	0	0	0	0	0	0	0	0	0	0	0	0	0	0	0	0	0	0	0	0	0	0	0	0	0	0	0	0.198	0.478
1.874	1.001	2.79	0	9.441	1.874	1.948	3.737	0	7.366	0.939	1.948	1.927	0	2.979	1	1	0.5	0	0.778	1	1	0.333	0	0.821	0	1	1	0	0.333	0	0	0	0	0	0	0	0	0	0	0.893	0.320
0	0	0	0	0	0	0	0	0	0	0	0	0	0	0	0	0	0	0	0	0	0	0	0	0	0	0	0	0	0	0.667	0	0.333	1	0	0.333	0	0	1	0	0.119	0.828
0	0	0	0	0	0	0	0	0	0	0	0	0	0	0	0	0	0	0	0	0	0	0	0	0	0	0	0	0	0	0.889	0	0.4	0	0.125	1	0	0.6	0	0	0	0.980
