0	0	0	0	0	0	0	0	0	0	0	0	0	0	0	0	0	0	0	0	0	0	0	0	0	0	0	0	0	0	0	0	0	0	0	0	0	0	0	0	0.9	0.733
3.583	0.878	0	0	11.663	5.586	1.861	0	0.865	14.682	5.586	1.861	0	0.865	2.121	0.1	0	0	0	0.242	0.1	0	0	0	0.242	0.1	0	0	0	0	0	0	0	0	0.2	0.2	0	0	0	0	0.198	0.339
0	1.81	0	0	3.914	0	2.689	0	0	1.765	0	2.689	0	0	4.826	0	0.667	0	0	0.267	0	0	0	0	0	0	0.667	0	0	0.4	0	0	1	0.25	1	0	0	1	0	1	0	0.917
0.928	0	0	0	0	0	0	0	0	0	0.928	0	0	0	0	0	0	0	0	0	0	0	0	0	0	0	0	0	0	0	0.25	0.25	0	0	0.2	0	0	0	0	0	0	0.634
1.786	0	0	0	0	1.786	0	0	0	0	1.786	0	0	0	0	0	0	0	0	0	0	0	0	0	0	0	0	0	0	0	0	0	0	0	0	0	0	0	0	0	0.418	0.500
0	0	3.903	0	0.93	0	0	4.768	0	0.93	0	0	3.826	0	0.93	0	0	0.2	0	0	0	0	0.2	0	0	0	0	0.333	0	0	0.667	0.4	0	0.8	0.5	1	0	0	1	0	0	0.964
0	0	0	0	0	0	0	0	0	0	0	0	0	0	0	0	0	0	0	0	0	0	0	0	0	0	0	0	0	0	0	0	0	0	0	0	0	0	0	0	0.557	0.342
2.847	0	0	6.932	0	3.939	0	0	7.923	0	2.12	0	0	3.211	0	0.667	0	0	0.4	0	0.5	0	0	0.357	0	1	0	0	0.333	0	0	0	0	0	0	0	0	0	0.2	0	0	0.354
0	5.025	0	0	0	0	4.07	0	0	0	0	4.54	0	0	0	0	1	0	0	0	0	1	0	0	0	0	1	0	0	0	0	0.2	0.4	0	1	0	0	1	0	1	0.298	0.358
0	0	0.929	36.017	0	0	0	0.929	33.795	0.949	0.883	0	0.929	15.78	0.949	0	0	0	0.218	0	0	0	0	0.222	0	0	0	0	0.333	0	0	1	0	0	0.5	0	1	0	0	0	0	0.800
1.947	0.871	0	0	0	0	0.871	0.931	0	0	1.947	0.871	0.931	0	0	0	0	0	0	0	0	0	0	0	0	0	0	0	0	0	0	0	0	0	0	0	0	0	0	0	0.417	0.472
0.873	0	0	8.283	6.76	2.609	0	0	7.138	12.052	1.737	0	0	2.023	6.617	1	0	0	0.333	0.409	0.667	0	0	0.429	0.379	1	0	0	0	0.333	0	0.6	0	0	0.4	0.8	0.8	0	0.75	0.4	0.198	0.613
6.575	9.856	0	0	0	9.802	11.951	0	0	0	8.891	8.255	0	0	0	0.533	0.5	0	0	0	0.511	0.47	0	0	0	0.528	0.571	0	0	0	0	0	0	0	0	0	0	0	0	0	0.298	0.394
0	2.667	7.485	0	0	0	5.551	8.426	0	0.883	0	4.661	5.171	0.978	0.883	0	0.6	0.439	0	0	0	0.333	0.556	0	0	0	0.4	0.2	0	0	0.667	0.444	0.75	0	0	0.667	0	0	0	0	0	0.861
2.662	0	8.213	0	0	2.662	0	8.213	0	0	1.765	0	5.492	0	0	0.333	0	0.714	0	0	0.333	0	0.679	0	0	0	0	0.5	0	0	0	0	0	0	0.333	0	0.2	0	0	0	0.419	0.370
5.025	0	0	21.551	0	4.07	0	0	26.85	0	4.54	0	0	13.559	0	1	0	0	0.287	0	1	0	0	0.263	0	1	0	0	0.455	0	0.2	0	0	0	0.4	0	0	0	0	1	0	0.569
0	1.969	0	3.402	0.88	0	0.914	0	4.266	0	0	1.969	0	3.399	0.88	0	1	0	0.5	0	0	0	0	0.5	0	0	1	0	0.333	0	0	0.25	0	0	0.778	0	0	0	0	0.333	0.42	0.318
8.213	2.662	0	0	0.871	8.213	2.662	0	0	0	5.492	1.765	0	0	0.871	0.714	0.333	0	0	0	0.679	0.333	0	0	0	0.5	0	0	0	0	0	0	0.333	0	0.25	0	0	0	0.2	0	0.557	0.235
0	12.187	0	14.482	0	0	14.122	0	16.366	0	0	9.61	0	9.645	0	0	0.341	0	0.342	0	0	0.33	0	0.292	0	0	0.389	0	0.306	0	0	0	0	0.333	0	0	0	1	0	0	0.557	0.682
7.696	0.928	4.8	2.135	5.577	4.34	0	0.903	1.027	0.884	6.778	0.928	4.8	2.135	5.921	0.5	0	0.2	1	0.667	0.5	0	0	0	0	0.2	0	0.2	1	0.6	0	0	0	0.5	0	0	0	0	0.625	1	0	0.541
4.235	0	1.92	0	0.983	8.269	0	4.489	0	3.564	8.269	0	3.542	0	3.564	0.619	0	0.667	0	1	0.619	0	0.667	0	1	0.619	0	0.667	0	1	1	0	0	0	0	1	0	0	0	0	0.117	0.284
0	0.912	0.985	0	9.799	0	3.101	2.939	1.935	12.529	0	3.101	1.954	1.935	7.864	0	0.667	0.667	0	0.385	0	0.667	0.667	0	0.321	0	0.333	0	0	0.25	0	0	0	0	0	0	0	0	0	0	0.56	0.944
0.954	1.027	0.986	1.196	2.412	3.055	0	0	2.271	1.047	2.908	1.027	2.059	2.271	4.264	0.333	0	0	0	0.667	0	0	0	0	0	0.333	0	0	0	0.333	0	0.2	0	0	0.222	0.8	0.2	0	0	0.222	0	0.562
0	0	0	0	0	0	0	0	0	0	0	0	0	0	0	0	0	0	0	0	0	0	0	0	0	0	0	0	0	0	0	0	0	0	0	0	0	0	0	0.4	0.556	0.380
0	0.863	0	0.888	0	0	0.863	0	0.888	0	0	0	0	0	0	0	0	0	0	0	0	0	0	0	0	0	0	0	0	0	0	0	0	0	0	0	0	0	0	0	0.556	0.689
0	0	17.69	14.923	3.915	0	0	16.842	12.137	0.907	0	0	11.886	13.652	6.986	0	0	0.352	0.195	0.381	0	0	0.467	0.231	0	0	0	0.327	0.121	0.286	0.333	0.667	0.6	0	0.889	1	1	0	0	0	0	0.973
0	2.825	0	0	1.81	0	0.931	0	0	2.689	0	3.756	0	0	2.689	0	0.333	0	0	0.667	0	0	0	0	0	0	0.333	0	0	0.667	0	0.4	0.25	0	0	0	0	0	0	0	0	0.644
0	0	0	0	0	0	0	0	0	0	0	1.072	0	0	0	0	0	0	0	0	0	0	0	0	0	0	0	0	0	0	0.8	0	0.4	0	0.667	1	0.2	0	1	1	0	0.964
0	0	3.914	1.81	21.658	0	0	1.765	2.689	19.134	0	0	4.826	2.689	9.751	0	0	0.267	0.667	0.263	0	0	0	0	0.284	0	0	0.4	0.667	0.194	1	0	1	0	0.2	1	0	1	0	0	0	0.994
0	0	0	0	0	0	0	0	0	0	0	0	0	0	0	0	0	0	0	0	0	0	0	0	0	0	0	0	0	0	0	0	0	0	0	0	0	0	0	0.714	0.299	0.593
3.734	20.962	0.924	0	12.818	1.841	28.359	1.851	0.908	14.297	1.893	14.453	1.851	0.908	11.892	0.667	0.234	1	0	0.467	1	0.197	1	0	0.513	1	0.22	1	0	0.467	0.25	0	0	0.333	0	0.25	0	0.5	0.667	0	0.415	0.659
0.872	2.674	0	3.689	0.89	5.991	7.255	3.129	6.537	3.946	5.119	6.362	3.129	4.722	3.056	0.667	0.714	0.667	0.714	0.833	0.533	0.476	0.667	0.619	0.667	0.6	0.6	0.667	0.4	1	0.8	0	0.5	0	0	1	0.25	1	0	0	0.198	0.833
2.667	0	0	0	7.485	5.551	0	0	0	8.426	4.661	0.978	0	0	5.171	0.6	0	0	0	0.439	0.333	0	0	0	0.556	0.4	0	0	0	0.2	0.444	0	0.667	0	0.75	0	0	0.667	0.714	0	0.298	0.447
0	0	-1	1.181	-1	0	0	-1	2.413	-1	0	0	-1	2.413	-1	0	0	-1	0	-1	0	0	-1	0	-1	0	0	-1	0	-1	0	0.875	-1	0.2	-1	0	0	-1	0	-1	0.896	0.999
0	0	2.662	0	8.213	0	0	2.662	0	8.213	0	0	1.765	0	5.492	0	0	0.333	0	0.714	0	0	0.333	0	0.679	0	0	0	0	0.5	0	0	0	0	0	0.2	0	0	0	0	0.298	0.369
0	0	0	0	0	0	0	0	0	0	0	0	0	0	0	0	0	0	0	0	0	0	0	0	0	0	0	0	0	0	0	0	0	0	0	0	0	0	0	0	0.717	0.941
21.653	9.799	3.689	0.985	2.674	21.244	12.529	6.537	2.939	7.255	10.328	7.864	4.722	1.954	6.362	0.271	0.385	0.714	0.667	0.714	0.234	0.321	0.619	0.667	0.476	0.333	0.25	0.4	0	0.6	0.4	0	0	0	0	0.6	0	0	0	0.25	0.298	0.517
0	2.847	0	0	0	0	3.939	0	0	0	0	2.12	0	0	0	0	0.667	0	0	0	0	0.5	0	0	0	0	1	0	0	0	0	0	0	0	0	0	0	0	0	0	0	0.883
0	10.502	1.135	3.56	0	1.062	15.386	5.027	9.273	0	1.062	9.86	5.976	9.273	0	0	0.358	0.667	0.356	0	0	0.342	0.7	0.356	0	0	0.4	0.6	0.289	0	0	0	0	0	0.2	0.286	0	1	0	0	0.557	0.523
0	6.932	2.847	0	0	0	7.923	3.939	0	0	0	3.211	2.12	0	0	0	0.4	0.667	0	0	0	0.357	0.5	0	0	0	0.333	1	0	0	0	0	0	0	0	0	0.2	0	0.4	0	0	0.822
0	2.796	20.962	1.808	3.734	0.908	4.921	28.359	1.782	1.841	0.908	4.921	14.453	3.59	1.893	0	1	0.234	0.167	0.667	0	1	0.197	0	1	0	1	0.22	0.167	1	0.333	0	0	0.2	0.25	0.667	0	0	0	0.25	0	0.827
0	0	3.402	0	1.969	0	0	4.266	0	0.914	0	0	3.399	0	1.969	0	0	0.5	0	1	0	0	0.5	0	0	0	0	0.333	0	1	0	0	0	0.8	0.25	0	0	0	0.4	0	0.418	0.527
0	0	0	0	2.662	0	0	0	0	2.662	0	0	0	0	1.765	0	0	0	0	0.333	0	0	0	0	0.333	0	0	0	0	0	0	0	0	0	0	0	0	0.2	0	0	0.299	0.475
0	1.135	3.928	0	0	0	5.027	7.891	1.062	0	0	5.976	7.024	1.062	0	0	0.667	0.679	0	0	0	0.7	0.643	0	0	0	0.6	0.667	0	0	0.2	0	0	0	0	0	1	0	0.286	0	0	0.628
0.928	2.135	7.696	0	4.8	0	1.027	4.34	0	0.903	0.928	2.135	6.778	0	4.8	0	1	0.5	0	0.2	0	0	0.5	0	0	0	1	0.2	0	0.2	0	0.5	0	0	0	0	0.625	0	0	0	0	0.663
0.941	0	0	0	0	0	0	0	0	0	0.941	0	0	0	0	0	0	0	0	0	0	0	0	0	0	0	0	0	0	0	0	1	0	0.5	0	0	0.778	0	0.25	0	0	0.642
2.497	0	0	0	0	4.72	2.985	0	0	0	4.72	2.985	0	0	0	0.5	0.333	0	0	0	0.333	0	0	0	0	0.5	0.333	0	0	0	0	0	0	0.2	0	0	0	0.2	0	0	0.298	0.275
0	5.602	0	0	0	0	2.872	0	0	0	0	5.602	0	0	0	0	0.8	0	0	0	0	0.667	0	0	0	0	0.8	0	0	0	0.25	0	0	0	0	0	0	0	0	0	0	0.523
0	0	0	0	0	0	0	0	0	0	0	0	0	0	0	0	0	0	0	0	0	0	0	0	0	0	0	0	0	0	0	0	0	0	0	0	0	0	0	0	0.898	0.729
0.89	2.23	2.937	3.915	6.946	0	0	6.054	0.907	6.912	0.89	3.179	5.176	6.986	7.074	0	0.667	0.867	0.381	0.306	0	0	0.867	0	0.286	0	0.667	0.9	0.286	0.286	0.6	0.5	0.2	0.889	0.2	1	1	0.2	0	0	0.117	0.794
0	0	0	21.191	0	0	0	0	19.876	0	0	0	0	7.404	0	0	0	0	0.351	0	0	0	0	0.347	0	0	0	0	0.143	0	0	0	0	0.333	0	0	0	0	0	0	0.298	0.528
17.69	0	3.915	0	2.23	16.842	0	0.907	0	0	11.886	0	6.986	0	3.179	0.352	0	0.381	0	0.667	0.467	0	0	0	0	0.327	0	0.286	0	0.667	0.6	0.333	0.889	0.667	0.5	0	1	0	1	1	0	0.285
0	0	0	0	1.115	0	0	0	0	1.115	0	0	0	0	1.115	0	0	0	0	0	0	0	0	0	0	0	0	0	0	0	0.6	0.5	0.2	0.25	0.4	1	0.5	1	0	0	0.016	0.955
7.787	1.854	1.885	0	4.744	9.231	4.663	3.777	0	11.155	10.334	4.663	2.85	0	8.363	0.545	0.7	0.833	0	0.564	0.611	0.6	0.833	0	0.509	0.556	0.6	1	0	0.571	0	0	0	0	0	0	0	0	0	0	0.118	0.292
1.269	2.072	2.903	0	0	2.172	4.784	5.746	0	0	2.172	3.909	3.975	0	0	0	0.6	0.333	0	0	0	0.6	0.333	0	0	0	0.333	0.333	0	0	0	0	0	1	0	0	0	0	1	0	0.559	0.509
0.863	0.888	0	0	0	0.863	0.888	0	0.991	0	0	0	0	0.991	0	0	0	0	0	0	0	0	0	0	0	0	0	0	0	0	0	0	0	0	0	0	0	0	0	0	0.72	0.595
0	0	0	0	0	0	0	0	0	0	0	0	0	0	0	0	0	0	0	0	0	0	0	0	0	0	0	0	0	0	0	0	0	0	0	0	0	0	1	0	0.294	0.644
0	0	1.865	0	3.212	0	0	2.776	0	2.124	0	0	0.911	0	2.269	0	0	1	0	0.333	0	0	1	0	0	0	0	0	0	0	0	1	0	0.4	0.778	0.25	1	0	1	0	0	0.685
0	0	0	0	0	0	0	0	0	0	0	0	0	0	0	0	0	0	0	0	0	0	0	0	0	0	0	0	0	0	0	0	0.25	0	0	0	0	0	0	0	0	0.961
0	0	0.928	0	5.962	0	0	0.928	0	4.879	0.89	0	0	0	1.972	0	0	0	0	0.429	0	0	0	0	0.5	0	0	0	0	0	0.4	0.889	0	0.6	0.375	0	1	0	1	0.125	0	0.707
3.748	0	0	7.485	0	4.492	0.883	0	8.426	2.985	5.704	0.883	0	5.171	2.985	0.464	0	0	0.439	0.333	0.1	0	0	0.556	0	0.4	0	0	0.2	0.333	0	0	0.2	0.75	0	0	0	0	0	0	0	0.660
0	0	0	0	0.888	0	0.991	0.991	0	0.888	0	0.991	0.991	1.232	0	0	0	0	0	0	0	0	0	0	0	0	0	0	0	0	0	0	0	0	0	0	0	0	0.4	0	0	0.834
1.885	7.787	4.744	1.854	0	3.777	9.231	11.155	4.663	0.873	2.85	10.334	8.363	4.663	1.793	0.833	0.545	0.564	0.7	0	0.833	0.611	0.509	0.6	0	1	0.556	0.571	0.6	0	0	0	0	0	0.2	0	0	0	0	0.2	0.56	0.259
0.912	0	0	0	0.985	3.101	1.935	0	0	2.939	3.101	1.935	0	0	1.954	0.667	0	0	0	0.667	0.667	0	0	0	0.667	0.333	0	0	0	0	0	0	0	0	0	0	0	0	0	0	0.296	0.298
0	4.683	1.181	0	0	1.75	7.838	2.413	2.17	0	0.884	6.086	2.413	2.17	0	1	0.286	0	1	0	1	0.238	0	1	0	0	0.2	0	0	0	0	0.4	0.2	0	0.875	0	0.2	0	0	0	0.556	0.415
0	0	0	0	0	0	0	0	0	0	0	0	0	0	0	0	0	0	0	0	0	0	0	0	0	0	0	0	0	0	0	0	0	0	0	0	0	0.4	0	0	0.294	0.583
1.918	10.342	14.898	1.125	0	3.984	16.317	18.029	3.085	0	1.166	6.088	9.867	2.221	0	0.667	0.426	0.31	0.667	0	0.5	0.368	0.275	0.667	0	0	0.333	0.222	1	0	0	0.2	0	0	0	0	1	0	0	0	0	0.736
0	16.244	0	0	2.302	0	15.189	0	0	0.863	0	3.895	0	0	1.438	0	0.375	0	0	0	0	0.362	0	0	0	0	0.667	0	0	0	0.5	0.667	1	0	0	0	0	1	0	0	0	0.858
0	0	0	0	0	0	0	0	0	0	0	0	0	0	0	0	0	0	0	0	0	0	0	0	0	0	0	0	0	0	0	0	0	0	0	0	0	0	0	0	0.897	0.739
9.799	0.985	21.653	0	3.689	12.529	2.939	21.244	0	6.537	7.864	1.954	10.328	0	4.722	0.385	0.667	0.271	0	0.714	0.321	0.667	0.234	0	0.619	0.25	0	0.333	0	0.4	0	0	0.4	0	0	0	0	0.6	0	0	0.296	0.101
0	0	1.81	2.825	0	0	0	2.689	0.931	0	0	0	2.689	3.756	0	0	0	0.667	0.333	0	0	0	0	0	0	0	0	0.667	0.333	0	0.25	0	0	0.4	0	0	0	0	0	0	0	0.912
0	8.213	0.871	2.662	0	0	8.213	0	2.662	0	0	5.492	0.871	1.765	1.01	0	0.714	0	0.333	0	0	0.679	0	0.333	0	0	0.5	0	0	0	0.333	0	0.25	0	0	0	0	0	0	0	0.119	0.836
0	0	0	2.847	0	0	0	0	3.939	0	0	0	0	2.12	0	0	0	0	0.667	0	0	0	0	0.5	0	0	0	0	1	0	0	0	0	0	0	0	0	0	0	0	0.294	0.893
0	0	0	5.025	0	0	0	0	4.07	0	0	0	0	4.54	0	0	0	0	1	0	0	0	0	1	0	0	0	0	1	0	0.4	0	1	0.2	0	1	0	1	0	0.25	0	0.831
3.689	21.653	2.674	9.799	0.872	6.537	21.244	7.255	12.529	5.991	4.722	10.328	6.362	7.864	5.119	0.714	0.271	0.714	0.385	0.667	0.619	0.234	0.476	0.321	0.533	0.4	0.333	0.6	0.25	0.6	0	0.4	0	0	0.8	0	0.6	0.25	0	1	0.559	0.185
0	21.551	5.025	0	0	0	26.85	4.07	0.91	0	0	13.559	4.54	0.91	0	0	0.287	1	0	0	0	0.263	1	0	0	0	0.455	1	0	0	0	0	0.2	0	0	0	0	0	0	0	0.56	0.560
2.135	0	0.928	0	7.696	1.027	0	0	0	4.34	2.135	0	0.928	0	6.778	1	0	0	0	0.5	0	0	0	0	0.5	1	0	0	0	0.2	0.5	0	0	0	0	0.625	0	0	0.4	0	0	0.686
6.932	0	0	2.934	2.847	7.923	0	0	3.007	3.939	3.211	0	0	2.714	2.12	0.4	0	0	0.8	0.667	0.357	0	0	1	0.5	0.333	0	0	0.667	1	0	0	0	0.444	0	0.2	0.4	0	0.556	0	0	0.558
4.744	1.885	0	7.787	4.619	11.155	3.777	0.873	9.231	10.8	8.363	2.85	1.793	10.334	8.06	0.564	0.833	0	0.545	0.564	0.509	0.833	0	0.611	0.509	0.571	1	0	0.556	0.607	0	0	0.2	0	0.25	0	0	0.2	0	0	0.558	0.417
0	1.181	0	0	-1	0	2.413	0	1.75	-1	0	2.413	0	0.884	-1	0	0	0	1	-1	0	0	0	1	-1	0	0	0	0	-1	0.875	0.2	0	0	-1	0	0	0	0	-1	0.9	0.731
0.871	0	0	8.213	0	0	0	0	8.213	0	0.871	0	1.01	5.492	0	0	0	0	0.714	0	0	0	0	0.679	0	0	0	0	0.5	0	0.25	0.333	0	0	0.667	0	0	0	0	0.333	0.196	0.546
0	0	0	0	4.235	0	0	0	0	8.269	0	0	0	0	8.269	0	0	0	0	0.619	0	0	0	0	0.619	0	0	0	0	0.619	0	0	0	0	1	0	0	0	0	1	0.417	0.608
1.115	0	0	0	1.183	1.115	0	0	0	0	1.115	0	0	0	1.183	0	0	0	0	0	0	0	0	0	0	0	0	0	0	0	0.4	0.2	0.2	0.6	0	0	1	0	1	0	0	0.440
0	12.517	0	0	0	0	12.293	0	0	0	0	5.22	1.072	2.145	0	0	0.297	0	0	0	0	0.212	0	0	0	0	0.2	0	0	0	0	0	0	0.2	0.8	1	1	0.2	0	1	0	0.866
0	0	0	1.786	0	0	0	0	1.786	0	0	0	0	1.786	0	0	0	0	0	0	0	0	0	0	0	0	0	0	0	0	0	0	0	0	0	0	0	0	0	0	0.197	0.431
0	0	2.072	2.757	1.269	0	0	4.784	5.758	2.172	0	0	3.909	4.011	2.172	0	0	0.6	0.533	0	0	0	0.6	0.533	0	0	0	0.333	0.333	0	1	0	0	0	0	1	0	0	0	0	0.117	0.953
0	0	0	12.187	0	0	0	0	14.122	0	0	0	0	9.61	0	0	0	0	0.341	0	0	0	0	0.33	0	0	0	0	0.389	0	0	0	0	0	0	1	0	0	0	0	0.117	0.724
0	5.962	0	0.928	0	0	4.879	0	0.928	0	0	1.972	0	0	0	0	0.429	0	0	0	0	0.5	0	0	0	0	0	0	0	0	0.333	0.375	0.6	0	0	0.667	0.125	0	0	0	0	0.820
6.76	0	0	0.873	0	12.052	0	0.899	2.609	0.89	6.617	0	0.899	1.737	0.89	0.409	0	0	1	0	0.379	0	0	0.667	0	0.333	0	0	1	0	0.4	0	0	0	0	0.4	0	0	0.8	0.2	0	0.437
1.761	13.069	2.058	11.438	7.682	3.527	17.174	2.067	17.715	8.627	5.379	10.663	2.945	9.236	7.931	0.867	0.305	0.833	0.307	0.564	0.833	0.243	1	0.275	0.444	0.6	0.289	0.667	0.222	0.393	0.25	0	0	0.5	0	0.25	0.667	0	0	0	0	0.798
0	11.663	0	0	0	0	14.682	0.885	0	0	0	2.121	0.885	0	0	0	0.242	0	0	0	0	0.242	0	0	0	0	0	0	0	0	0	0.2	0	0	0	0	0	0	0	0	0.118	0.910
3.915	17.69	2.23	0	0.89	0.907	16.842	0	0	0	6.986	11.886	3.179	0	0.89	0.381	0.352	0.667	0	0	0	0.467	0	0	0	0.286	0.327	0.667	0	0	0.889	0.6	0.5	0.333	0.6	0	0	1	1	1	0	0.826
0	0	0	0.941	0	0	0	0	0	0	0	0	0	0.941	0	0	0	0	0	0	0	0	0	0	0	0	0	0	0	0	0	0	0	0	0.2	0	0	0	0	0	0.419	0.226
0	0	0	0	1.786	0	0	0	0	1.786	0	0	0	0	1.786	0	0	0	0	0	0	0	0	0	0	0	0	0	0	0	0	0	0	0	0	0	0	0	0	0	0	0.546
0	0.929	0.874	0	1.808	0.949	0.929	0.874	0	1.782	0.949	0.929	0.874	0.883	3.59	0	0	0	0	0.167	0	0	0	0	0	0	0	0	0	0.167	0.5	0	0.2	0	0.2	0	0	0	0	0	0	0.884
0	0	0	2.069	0	0.991	0	0	4.075	0.991	0.991	1.232	0	2.302	0.991	0	0	0	0.333	0	0	0	0	0.333	0	0	0	0	0	0	0	0	0	0	0	0	0.4	0	0.6	0	0.2	0.608
0	6.575	0	9.856	0	0	9.802	0	11.951	0	0	8.891	0	8.255	0	0	0.533	0	0.5	0	0	0.511	0	0.47	0	0	0.528	0	0.571	0	0	0	0	0	0	0	0	0	0	0	0.554	0.852
1.865	0	3.212	0	21.191	2.776	0	2.124	0	19.876	0.911	0	2.269	0	7.404	1	0	0.333	0	0.351	1	0	0	0	0.347	0	0	0	0	0.143	0	0	0.778	1	0.333	0	0.25	0	1	0	0.19	0.554
0	14.898	13.547	1.918	5.396	0	18.029	19.05	3.984	5.405	0	9.867	7.745	1.166	4.24	0	0.31	0.316	0.667	0.556	0	0.275	0.275	0.5	0.533	0	0.222	0.143	0	0.5	0	0	0	0	0	0	0	0	0	0	0.713	0.892
0	14.142	5.127	0.886	0	0	21.162	8.712	2.739	0.91	0	12.603	8.712	2.739	0.91	0	0.398	0.821	1	0	0	0.374	0.75	1	0	0	0.489	0.607	1	0	0.5	0	0	0	0	0	0	0	0	0	0	0.835
0	0	1.115	0	0	0	0	1.115	0	0	0	0	1.115	0	0	0	0	0	0	0	0	0	0	0	0	0	0	0	0	0	0.2	0.6	0.4	0.5	0.2	1	1	0	0.5	0	0.016	0.868
2.412	0.986	0	0.954	12.517	1.047	0	0	3.055	12.293	4.264	2.059	2.145	2.908	5.22	0.667	0	0	0.333	0.297	0	0	0	0	0.212	0.333	0	0	0.333	0.2	0.222	0	0.2	0	0	0.222	0	0	0.8	1	0.116	0.555
21.551	0	0	5.127	5.025	26.85	0.91	0	8.712	4.07	13.559	0.91	0	8.712	4.54	0.287	0	0	0.821	1	0.263	0	0	0.75	1	0.455	0	0	0.607	1	0	0	0	0	0.2	0	0	0	0	0	0.717	0.320
0.871	0	1.947	2.841	0	0.871	0	0	1.774	0.931	0.871	0	1.947	3.745	0.931	0	0	0	0.5	0	0	0	0	1	0	0	0	0	0.333	0	0	0	0	0.444	0	0	0	0	0.444	0	0.898	0.365
0.88	0	0	0	0	0	0	0	0	0	0.88	0	0	0	0	0	0	0	0	0	0	0	0	0	0	0	0	0	0	0	0.778	0	0	0	0	0.333	0	0	0	0	0.116	0.824
0	0	0	0	1.196	0	0	0	0	2.271	0	0	0	0	2.271	0	0	0	0	0	0	0	0	0	0	0	0	0	0	0	0	0	0	0	0	0	0	0	0	0	0.713	0.548
7.682	2.058	1.125	1.761	10.342	8.627	2.067	3.085	3.527	16.317	7.931	2.945	2.221	5.379	6.088	0.564	0.833	0.667	0.867	0.426	0.444	1	0.667	0.833	0.368	0.393	0.667	1	0.6	0.333	0	0	0	0.25	0.2	0	0	0	0.25	1	0	0.688
16.244	0	0	0	0	15.189	0	0	0	0	3.895	0	0	0	0	0.375	0	0	0	0	0.362	0	0	0	0	0.667	0	0	0	0	0.667	0	0.5	1	1	0	0	0	1	1	0	0.605
0	0	0	0	0	0	0	0	0	0	0	0	0	0	0	0	0	0	0	0	0	0	0	0	0	0	0	0	0	0	0	0	0	0	0	0	0	0	0	0	0.557	0.957
0	0	2.302	16.244	0	0	0	0.863	15.189	0	0	0	1.438	3.895	0	0	0	0	0.375	0	0	0	0	0.362	0	0	0	0	0.667	0	1	0.5	0	0.667	0	1	0	0	0	0	0	0.908
0	36.017	0	0	0.929	0	33.795	0	0.899	0.929	0	15.78	0.883	0.899	0.929	0	0.218	0	0	0	0	0.222	0	0	0	0	0.333	0	0	0	1	0	0	0.2	0	1	0	0	0	0	0.196	0.977
0	0	0.912	0	0	1.935	0	3.101	0	0	1.935	0	3.101	0	0	0	0	0.667	0	0	0	0	0.667	0	0	0	0	0.333	0	0	0	0	0	0	0	0	0	0	0.2	0	0.898	0.326
0	8.283	0.873	0	0	0	7.138	2.609	0	0	0	2.023	1.737	0	0	0	0.333	1	0	0	0	0.429	0.667	0	0	0	0	1	0	0	0.6	0	0	0	0	0.8	0.75	0.8	0.75	0	0.298	0.857
0	1.786	0	0	0	0	1.786	0	0	0	0	1.786	0	0	0	0	0	0	0	0	0	0	0	0	0	0	0	0	0	0	0	0	0	0	0	0	0	0	0	0	0.717	0.548
0	0	0	0	0	0	0	0	0	0	0	0	0	0	0	0	0	0	0	0	0	0	0	0	0	0	0	0	0	0	0	0	0	0	0	0	0	0	0	0	0.896	0.787
0	0	0	0	0	0	0	0	0	0	0	0	0	0	0	0	0	0	0	0	0	0	0	0	0	0	0	0	0	0	0	0	0	0.25	0	0	0	0	0	0	0.12	0.642
0	0	0	11.663	4.826	0.885	0	0	14.682	8.783	0.885	0	0	2.121	7.885	0	0	0	0.242	0.444	0	0	0	0.242	0.444	0	0	0	0	0.429	0	0	0	0.2	0	0	0	0	0	0	0.556	0.327
0	2.497	0	0	0	0	4.72	0	2.985	1.935	0	4.72	0	2.985	1.935	0	0.5	0	0.333	0	0	0.333	0	0	0	0	0.5	0	0.333	0	0	0	0	0	0	0.2	0	0	0	0	0	0.684
0	0	0	2.497	0.912	0	0	1.935	4.72	3.101	0	0	1.935	4.72	3.101	0	0	0	0.5	0.667	0	0	0	0.333	0.667	0	0	0	0.5	0.333	0	0	0	0	0	0	0.2	0	0	0	0	0.533
3.914	0	21.658	0	6.923	1.765	0	19.134	0	4.668	4.826	0	9.751	0	5.109	0.267	0	0.263	0	0.5	0	0	0.284	0	0.5	0.4	0	0.194	0	0.3	1	1	0.2	0	0	1	1	0	0	0	0	0.820
0	0	16.244	1.438	0	0	0	15.189	0	0	0	0	3.895	1.438	0	0	0	0.375	0	0	0	0	0.362	0	0	0	0	0.667	0	0	0	1	0.667	0	0.5	0	1	0	0	0	0	0.411
3.903	0	0.93	0	0	4.768	0	0.93	0	0	3.826	0	0.93	0	0	0.2	0	0	0	0	0.2	0	0	0	0	0.333	0	0	0	0	0	0.667	0.5	0.4	0.8	0	1	0	0	0.4	0.198	0.232
0	0.871	0	0	7.511	0	0	0	0	4.697	1.01	0.871	0	0	6.825	0	0	0	0	0.289	0	0	0	0	0.5	0	0	0	0	0.286	0	0.25	0.667	0.333	0	0	0	0.333	0	0	0	0.803
1.81	0	0	0	0	2.689	0	0	0	0	2.689	0	0	0	0	0.667	0	0	0	0	0	0	0	0	0	0.667	0	0	0	0	0	0.25	0	0	1	0	0	0	0	1	0	0.600
0	0	0	0	0	0	0	0	0	0	0	0	0	0	0	0	0	0	0	0	0	0	0	0	0	0	0	0	0	0	0	0	0.25	0	0.5	0	0	0	0	0.5	0.294	0.915
2.058	1.761	7.682	13.069	1.125	2.067	3.527	8.627	17.174	3.085	2.945	5.379	7.931	10.663	2.221	0.833	0.867	0.564	0.305	0.667	1	0.833	0.444	0.243	0.667	0.667	0.6	0.393	0.289	1	0	0.25	0	0	0	0	0.25	0	0.667	0	0	0.361
7.485	0	0	2.667	3.748	8.426	0	0.883	5.551	4.492	5.171	0	0.883	4.661	5.704	0.439	0	0	0.6	0.464	0.556	0	0	0.333	0.1	0.2	0	0	0.4	0.4	0.75	0.667	0	0.444	0	0	0.667	0	0	0	0	0.558
0	0	0	0	3.903	0	0	0	0	4.768	0	0	0	1.072	3.826	0	0	0	0	0.2	0	0	0	0	0.2	0	0	0	0	0.333	0.4	0.8	0.667	0	0	0	1	1	0.2	0	0	0.636
0	0	0	0	0	0	0	0	0	0	0	0	0	0	0	0	0	0	0	0	0	0	0	0	0	0	0	0	0	0	0	0	0	0	0	0	0	0	0	0	0.717	0.877
0	0.941	0	0	0	0	0	0	0	0	0	0.941	0	0	0	0	0	0	0	0	0	0	0	0	0	0	0	0	0	0	0	0	0	1	0	0	0	0	0.778	0	0.298	0.303
0	0	0	0	1.865	0	0	0	0	2.776	0	0	0	0	0.911	0	0	0	0	1	0	0	0	0	1	0	0	0	0	0	1	0.4	0	0	0	1	1	0.25	0	0	0	0.986
2.072	0	1.269	0	2.903	4.784	0	2.172	0	5.746	3.909	0	2.172	0	3.975	0.6	0	0	0	0.333	0.6	0	0	0	0.333	0.333	0	0	0	0.333	0	1	0	0	0	0	1	0	0	0	0.556	0.311
1.969	3.402	0	0	0	0.914	4.266	0	0	0	1.969	3.399	0	0	0	1	0.5	0	0	0	0	0.5	0	0	0	1	0.333	0	0	0	0.25	0	0	0	0	0	0	0	0	0	0	0.481
0.929	0	0	0	0.874	0.929	0	0.949	0	0.874	0.929	0.883	0.949	0	0.874	0	0	0	0	0	0	0	0	0	0	0	0	0	0	0	0	0	0.5	1	0.2	0	0	0	1	0	0	0.770
0	0.873	6.76	0	0	0	2.609	12.052	0	0.899	0	1.737	6.617	0	0.899	0	1	0.409	0	0	0	0.667	0.379	0	0	0	1	0.333	0	0	0	0	0.4	0.6	0	0	0.8	0.4	0.8	0	0	0.503
0	0	0	0	0.878	0	0	0.865	0	1.861	0	0	0.865	0	1.861	0	0	0	0	0	0	0	0	0	0	0	0	0	0	0	0.4	0	0	0	0	0.8	0	0	0	0	0.556	0.899
0	0	1.438	0	0	0	0	0	0	0	0	0	1.438	0	0	0	0	0	0	0	0	0	0	0	0	0	0	0	0	0	0.75	1	0	0.778	1	1	1	0	0.889	1	0	0.983
0.986	0.954	2.412	1.027	0	0	3.055	1.047	0	0	2.059	2.908	4.264	1.027	2.145	0	0.333	0.667	0	0	0	0	0	0	0	0	0.333	0.333	0	0	0	0	0.222	0.2	0.2	0	0.8	0.222	0.2	0	0	0.631
3.212	1.865	21.191	0	0	2.124	2.776	19.876	0	0	2.269	0.911	7.404	0	0	0.333	1	0.351	0	0	0	1	0.347	0	0	0	0	0.143	0	0	0.778	0	0.333	0	0	0	0	0	0.25	0	0.72	0.754
0	4.744	4.619	1.885	0	0.873	11.155	10.8	3.777	2.977	1.793	8.363	8.06	2.85	2.977	0	0.564	0.564	0.833	1	0	0.509	0.509	0.833	1	0	0.571	0.607	1	0.667	0.2	0	0.25	0	0	0.2	0	0	0	0	0.118	0.595
1.135	0	0	10.502	3.928	5.027	1.062	0	15.386	7.891	5.976	1.062	0	9.86	7.024	0.667	0	0	0.358	0.679	0.7	0	0	0.342	0.643	0.6	0	0	0.4	0.667	0	0	0.2	0	0	1	0.286	0	0	0	0.417	0.806
0	5.127	21.551	0	0	0.91	8.712	26.85	0	0	0.91	8.712	13.559	0	0	0	0.821	0.287	0	0	0	0.75	0.263	0	0	0	0.607	0.455	0	0	0	0	0	0.5	0	0	0	0	0	0	0.715	0.451
0	0	0	0	0	0	0	0	0	0	0	0	0	0	0	0	0	0	0	0	0	0	0	0	0	0	0	0	0	0	0	0	0	0	0	0	0	0	0	0	0.718	0.625
1.92	4.235	0.983	0	2.196	4.489	8.269	3.564	0	4.718	3.542	8.269	3.564	0	4.718	0.667	0.619	1	0	0.667	0.667	0.619	1	0	0.667	0.667	0.619	1	0	0.5	0	1	0	0	0	0	1	0	0	0	0.717	0.276
0	0	0	12.517	0	0	0	0	12.293	0	1.072	0	0	5.22	0	0	0	0	0.297	0	0	0	0	0.212	0	0	0	0	0.2	0	0	0	0.8	0	0.4	0.2	1	1	1	0	0	0.536
0	0	2.667	0	0	0	0	5.551	0	0	0.978	0	4.661	0	0	0	0	0.6	0	0	0	0	0.333	0	0	0	0	0.4	0	0	0	0	0.444	0	0.667	0	0.714	0	0	0.667	0.198	0.241
2.674	3.689	0.872	21.653	0	7.255	6.537	5.991	21.244	3.129	6.362	4.722	5.119	10.328	3.129	0.714	0.714	0.667	0.271	0.667	0.476	0.619	0.533	0.234	0.667	0.6	0.4	0.6	0.333	0.667	0	0	0.8	0.4	0.5	0.25	0	1	0.6	1	0.718	0.782
20.962	0	3.734	2.796	0.924	28.359	0.908	1.841	4.921	1.851	14.453	0.908	1.893	4.921	1.851	0.234	0	0.667	1	1	0.197	0	1	1	1	0.22	0	1	1	1	0	0.333	0.25	0	0	0	0.667	0.25	0	0.5	0.2	0.402
1.438	0	0	0	0	0	0	0	0	0	1.438	0	0	0	0	0	0	0	0	0	0	0	0	0	0	0	0	0	0	0	0	0.75	1	1	0	0	1	1	1	0	0	0.530
0	0	0	0.93	3.402	0	0	0	0.93	4.266	0	0	0	0.93	3.399	0	0	0	0	0.5	0	0	0	0	0.5	0	0	0	0	0.333	0	0.8	0	0.5	0	0	0.4	0	0	0	0	0.368
4.683	0	0	0	1.181	7.838	2.17	1.75	0	2.413	6.086	2.17	0.884	0	2.413	0.286	1	1	0	0	0.238	1	1	0	0	0.2	0	0	0	0	0.4	0	0	0.2	0.2	0.2	0	0	0.4	0	0	0.536
0	0	1.115	0	0	0	0	1.115	0	0	0	0	1.115	0	0	0	0	0	0	0	0	0	0	0	0	0	0	0	0	0	0	0.2	0	0	0.4	0	0	0	0	0.2	0.558	0.324
21.191	3.212	0	1.865	0	19.876	2.124	0	2.776	0	7.404	2.269	0	0.911	0	0.351	0.333	0	1	0	0.347	0	0	1	0	0.143	0	0	0	0	0.333	0.778	0	0	0	0	0	0	0	0	0.298	0.611
0	0	0	6.575	1.854	0	0	0	9.802	4.663	0	0	0	8.891	4.663	0	0	0	0.533	0.7	0	0	0	0.511	0.6	0	0	0	0.528	0.6	0	0	0	0	0	0	0	0	0	0	0.898	0.830
0	4.619	7.656	0	3.56	2.977	10.8	8.848	0.873	9.273	2.977	8.06	13.563	1.793	9.273	1	0.564	0.436	0	0.356	1	0.509	0.611	0	0.356	0.667	0.607	0.372	0	0.289	0	0.25	0	0.2	0	0	0	0	0.2	0	0.56	0.448
0	0	0	0	0	0	0	0	0	0	0	0	0	0	0	0	0	0	0	0	0	0	0	0	0	0	0	0	0	0	0	0	0	0	0	0	0	0	0	0	0.896	0.752
10.342	1.125	1.918	7.682	14.898	16.317	3.085	3.984	8.627	18.029	6.088	2.221	1.166	7.931	9.867	0.426	0.667	0.667	0.564	0.31	0.368	0.667	0.5	0.444	0.275	0.333	1	0	0.393	0.222	0.2	0	0	0	0	1	0	0	0	0	0	0.769
0	0.88	0	0	0	0	0	0	0	0	0	0.88	0	0	0	0	0	0	0	0	0	0	0	0	0	0	0	0	0	0	0	0.778	0	0	0.4	0	0.333	0	0	0.8	0	0.771
0	2.412	12.517	0.986	0	0	1.047	12.293	0	0	2.145	4.264	5.22	2.059	0	0	0.667	0.297	0	0	0	0	0.212	0	0	0	0.333	0.2	0	0	0.2	0.222	0	0	0	0	0.222	1	0	1	0	0.423
0	0	0	0	0	0	0	0	0	0	0	0	0	0	0	0	0	0	0	0	0	0	0	0	0	0	0	0	0	0	0	0	0	0	0	0	0	0	0	0	0.417	0.606
5.396	13.547	2.069	0	0	5.405	19.05	4.075	0	0	4.24	7.745	2.302	0	1.232	0.556	0.316	0.333	0	0	0.533	0.275	0.333	0	0	0.5	0.143	0	0	0	0	0	0	0	0	0	0	0.6	0	0.4	0	0.462
0	0	0	0	0.928	0	0	0	0	0	0	0	0	0	0.928	0	0	0	0	0	0	0	0	0	0	0	0	0	0	0	0	0.6	0.25	0.333	0.25	0	0	0	0.667	0	0	0.719
0	0	0	0	0	0	0	0	0	0	0	0	0	0	0	0	0	0	0	0	0	0	0	0	0	0	0	0	0	0	0	0	0	0	0.25	0	0	0	0.2	0	0.299	0.519
0	0	0	5.577	1.438	0	0	0	0.884	0	0	0	0	5.921	1.438	0	0	0	0.667	0	0	0	0	0	0	0	0	0	0.6	0	1	0.778	0.75	0	0	1	0.889	1	1	0	0	0.983
0.924	3.734	12.818	20.962	0.886	1.851	1.841	14.297	28.359	2.739	1.851	1.893	11.892	14.453	2.739	1	0.667	0.467	0.234	1	1	1	0.513	0.197	1	1	1	0.467	0.22	1	0	0.25	0	0	0	0.5	0.25	0	0	0	0.558	0.735
14.898	1.918	0	10.342	13.547	18.029	3.984	0	16.317	19.05	9.867	1.166	0	6.088	7.745	0.31	0.667	0	0.426	0.316	0.275	0.5	0	0.368	0.275	0.222	0	0	0.333	0.143	0	0	0	0.2	0	0	0	0	1	0	0.294	0.220
0	0	7.511	0.871	14.923	0	0	4.697	0	12.137	0	1.01	6.825	0.871	13.652	0	0	0.289	0	0.195	0	0	0.5	0	0.231	0	0	0.286	0	0.121	0.667	0	0	0.25	0	0.333	0	0	0	0	0	0.897
0	0	0	0	0	0	0	0	0	0	0	0	0	0	0	0	0	0	0	0	0	0	0	0	0	0	0	0	0	0	0	0	0	0	0	0	0	0	0	0	0.414	0.912
0	-1	0	-1	0	0	-1	0	-1	0	0	-1	0	-1	0	0	-1	0	-1	0	0	-1	0	-1	0	0	-1	0	-1	0	0	-1	0	-1	0	0	-1	0	-1	0	0.899	0.999
0	0	0	0	0	0	0	0	0	0	0	0	0	0	0	0	0	0	0	0	0	0	0	0	0	0	0	0	0	0	0	0	0	0	0	0	0	0	0	0	0	0.568
0	6.76	0	0	2.781	0.899	12.052	0.89	0	5.416	0.899	6.617	0.89	0	6.701	0	0.409	0	0	0.733	0	0.379	0	0	0.6	0	0.333	0	0	0.6	0	0.4	0	0	0	0	0.4	0.2	0	0.333	0	0.407
13.069	11.438	1.761	0.89	2.058	17.174	17.715	3.527	3.946	2.067	10.663	9.236	5.379	3.056	2.945	0.305	0.307	0.867	0.833	0.833	0.243	0.275	0.833	0.667	1	0.289	0.222	0.6	1	0.667	0	0.5	0.25	0	0	0.667	0	0.25	0	0	0	0.659
2.934	6.926	0	6.923	6.932	3.007	4.635	0	4.668	7.923	2.714	4.185	0	5.109	3.211	0.8	0.5	0	0.5	0.4	1	0.8	0	0.5	0.357	0.667	0.333	0	0.3	0.333	0.444	0	0	0	0	0.556	0	0.4	0	0.2	0	0.764
0	0	0	0	5.602	0	0	0	0	2.872	0	0	0	0	5.602	0	0	0	0	0.8	0	0	0	0	0.667	0	0	0	0	0.8	0.4	0.2	0	0.2	0	0	0	0	0	0	0	0.930
0	2.934	6.932	6.926	0	0	3.007	7.923	4.635	0	0	2.714	3.211	4.185	0	0	0.8	0.4	0.5	0	0	1	0.357	0.8	0	0	0.667	0.333	0.333	0	0	0.444	0	0	0	0.4	0.556	0.2	0	0	0	0.772
0.886	12.818	14.142	0.924	0	2.739	14.297	21.162	1.851	0	2.739	11.892	12.603	1.851	0	1	0.467	0.398	1	0	1	0.513	0.374	1	0	1	0.467	0.489	1	0	0	0	0	0	0.5	0	0	0	0.5	0	0.556	0.310
2.302	0	0	0	0	0.863	0	0	0	0	1.438	0	0	0	0	0	0	0	0	0	0	0	0	0	0	0	0	0	0	0	0	1	0	0.5	0.6	0	1	0	0	1	0	0.611
0	3.748	0	0	2.497	0	4.492	2.985	0.883	4.72	0	5.704	2.985	0.883	4.72	0	0.464	0.333	0	0.5	0	0.1	0	0	0.333	0	0.4	0.333	0	0.5	0.2	0	0	0	0	0	0	0	0	0	0	0.421
5.602	0	0	0	0	2.872	0	0	0	0	5.602	0	0	0	0	0.8	0	0	0	0	0.667	0	0	0	0	0.8	0	0	0	0	0	0	0.25	0.4	0	0	0	0	0	0	0	0.437
0	0	0	0	0	0	0	0	0	0	0	0	0	0	0	0	0	0	0	0	0	0	0	0	0	0	0	0	0	0	0	0	0	0	0	0	0	0	0	0	0.055	0.500
0	0	0.888	0	0.863	0.991	0	0.888	0.991	0.863	0.991	0	0	0.991	0	0	0	0	0	0	0	0	0	0	0	0	0	0	0	0	0	0	0	0	0	0	0	0	0	0	0.557	0.332
0	2.757	0	0	2.072	0	5.758	0	0	4.784	0	4.011	0	0	3.909	0	0.533	0	0	0.6	0	0.533	0	0	0.6	0	0.333	0	0	0.333	0	0	1	0	0	0	0	1	0	0	0.417	0.563
1.808	0.874	2.796	0	0	1.782	0.874	4.921	0.949	0.908	3.59	0.874	4.921	0.949	0.908	0.167	0	1	0	0	0	0	1	0	0	0.167	0	1	0	0	0.2	0.2	0	0.5	0.333	0	0	0	0	0.667	0	0.615
0	19.071	2.841	0	0	0	12.277	1.774	0	0	0	10.409	3.745	0	0	0	0.232	0.5	0	0	0	0.179	1	0	0	0	0.222	0.333	0	0	0	0.2	0.444	0.25	0	1	0	0.444	0.625	0	0	0.889
0	0	8.283	0	0	0	0	7.138	0	0	0	0	2.023	0	0	0	0	0.333	0	0	0	0	0.429	0	0	0	0	0	0	0	0	0	0	0.25	0.6	0.75	0	0.75	0	0.8	0	0.933
0	1.947	0	0.871	0	0.931	0	0	0.871	0	0.931	1.947	0	0.871	0	0	0	0	0	0	0	0	0	0	0	0	0	0	0	0	0	0	0	0	0	0	0	0	0	0	0	0.523
4.619	0	0	4.744	7.656	10.8	0.873	2.977	11.155	8.848	8.06	1.793	2.977	8.363	13.563	0.564	0	1	0.564	0.436	0.509	0	1	0.509	0.611	0.607	0	0.667	0.571	0.372	0.25	0.2	0	0	0	0	0.2	0	0	0	0.718	0.489
4.797	8.061	0	2.196	0	4.797	11.904	0	4.718	0	3.926	9.973	0	4.718	0	0.4	0.533	0	0.667	0	0.4	0.511	0	0.667	0	0.167	0.5	0	0.5	0	0.2	0.667	0.5	0	1	0	0.333	0.25	0	0.778	0	0.526
0	1.438	0	0	16.244	0	0	0	0	15.189	0	1.438	0	0	3.895	0	0	0	0	0.375	0	0	0	0	0.362	0	0	0	0	0.667	1	0	0	0.75	0.667	1	0	0	1	0	0.196	0.985
0	0	0	0	8.283	0	0	0	0	7.138	0	0	0	0	2.023	0	0	0	0	0.333	0	0	0	0	0.429	0	0	0	0	0	0	0.25	0	0	0	0	0	0.75	0	0.75	0	0.588
0	0	0	0	0	0	0	0	0	0	0	0	0	0	0	0	0	0	0	0	0	0	0	0	0	0	0	0	0	0	0	0	0	0	0	0	0	0	0	0	0.195	0.999
12.187	14.482	0	6.946	0	14.122	16.366	0	6.912	0	9.61	9.645	0	7.074	0	0.341	0.342	0	0.306	0	0.33	0.292	0	0.286	0	0.389	0.306	0	0.286	0	0	0.333	0	0.2	0	0	0	0	0	1	0	0.322
0	0	4.235	0	1.92	0	0	8.269	0	4.489	0	0	8.269	0	3.542	0	0	0.619	0	0.667	0	0	0.619	0	0.667	0	0	0.619	0	0.667	0	0	1	0	0	0	0	1	0	0	0.558	0.632
0	0	0	0	0	0	0	0	0	0	0	0	0	0	0	0	0	0	0	0	0	0	0	0	0	0	0	0	0	0	0	0	0.2	0	0	0	0	0	0	0	0	0.592
5.962	0.928	0	0	0	4.879	0.928	0	0	0	1.972	0	0	0.89	0	0.429	0	0	0	0	0.5	0	0	0	0	0	0	0	0	0	0.375	0	0.333	0.4	0.6	0.125	0	0.667	0	0	0	0.735
0	0	0	0	1.115	0	0	0	0	1.115	0	0	0	0	1.115	0	0	0	0	0	0	0	0	0	0	0	0	0	0	0	0.2	0	0	0	0	0	0	0	0	0	0	0.626
0	0.93	0	3.903	0	0	0.93	0	4.768	0	0	0.93	0	3.826	0	0	0	0	0.2	0	0	0	0	0.2	0	0	0	0	0.333	0	0.8	0.5	0	0	0	0.4	0	0	0	0	0	0.882
14.482	6.946	12.187	2.937	0	16.366	6.912	14.122	6.054	0	9.645	7.074	9.61	5.176	0	0.342	0.306	0.341	0.867	0	0.292	0.286	0.33	0.867	0	0.306	0.286	0.389	0.9	0	0.333	0.2	0	0.2	0	0	0	0	0.2	0	0	0.290
0.888	0	0.863	0	0	0.888	0.991	0.863	0	0	0	0.991	0	0	0	0	0	0	0	0	0	0	0	0	0	0	0	0	0	0	0	0	0	0	0	0	0	0	0	0	0.896	0.332
0	0	0	0	0	0	0	0	0	0	0	0	0	0	0	0	0	0	0	0	0	0	0	0	0	0	0	0	0	0	0	0	0	0	0	0	0	0	0	0	0.558	0.999
7.656	0	3.56	4.619	10.502	8.848	2.977	9.273	10.8	15.386	13.563	2.977	9.273	8.06	9.86	0.436	1	0.356	0.564	0.358	0.611	1	0.356	0.509	0.342	0.372	0.667	0.289	0.607	0.4	0	0	0	0.25	0	0	0	0	0	0	0.056	0.538
1.183	0	0	1.115	19.071	0	0	0	1.115	12.277	1.183	0	0	1.115	10.409	0	0	0	0	0.232	0	0	0	0	0.179	0	0	0	0	0.222	0	0.2	0.25	0.4	0.2	0	0	0.625	0	0	0	0.585
0	0	0	0	0	0	0	0	0	0	0	0	0	0	0	0	0	0	0	0	0	0	0	0	0	0	0	0	0	0	0	0	0	0	0	0	0	0	0	0	0.113	0.597
0	0	0.878	0	3.583	0.865	0	1.861	0	5.586	0.865	0	1.861	0	5.586	0	0	0	0	0.1	0	0	0	0	0.1	0	0	0	0	0.1	0	0.4	0	0	0	0	0.8	0	0	0.2	0.299	0.356
0	0	0	0	0	0	0	0	0	0	0	0	0	0	0	0	0	0	0	0	0	0	0	0	0	0	0	0	0	0	0	0	0	0	0	0	0	0	0	0	0.897	0.835
0	3.583	11.663	0.878	0	0	5.586	14.682	1.861	0	0	5.586	2.121	1.861	0	0	0.1	0.242	0	0	0	0.1	0.242	0	0	0	0.1	0	0	0	0	0	0.2	0	0	0	0.2	0	0	0	0.718	0.391
0	0	4.683	4.564	0	2.17	0	7.838	10.675	1.75	2.17	0	6.086	5.244	0.884	1	0	0.286	0.255	1	1	0	0.238	0.255	1	0	0	0.2	0.1	0	0	0.2	0.4	0	0	0	0.4	0.2	0	0	0.417	0.519
7.511	0	14.923	0	0	4.697	0	12.137	0	0	6.825	0	13.652	1.01	0	0.289	0	0.195	0	0	0.5	0	0.231	0	0	0.286	0	0.121	0	0	0	0.667	0	0	0.667	0	0.333	0	0	1	0	0.599
0	0.928	0	0	0	0	0	0	0	0	0	0.928	0	0	0	0	0	0	0	0	0	0	0	0	0	0	0	0	0	0	0	0.25	0.2	0.25	0.2	0	0	0	0	0	0	0.356
0	21.191	0	3.212	0	0	19.876	0	2.124	0	0	7.404	0	2.269	0	0	0.351	0	0.333	0	0	0.347	0	0	0	0	0.143	0	0	0	0	0.333	0	0.778	0	0	0	0	0	0	0	0.498
0	0	0.928	0	0	0	0	0	0	0	0	0	0.928	0	0	0	0	0	0	0	0	0	0	0	0	0	0	0	0	0	0.25	0	0.25	0.6	0	0	0	0	0	0	0	0.895
0	0	0.88	1.969	0	0	0	0	0.914	0	0	0	0.88	1.969	0	0	0	0	1	0	0	0	0	0	0	0	0	0	1	0	0	0	0.778	0.25	0	0	0	0.333	0	0	0.415	0.446
4.826	0	0	0	9.856	8.783	0	0	0.885	11.951	7.885	0	0	0.885	8.255	0.444	0	0	0	0.5	0.444	0	0	0	0.47	0.429	0	0	0	0.571	0	0	0	0	0	0	0	0	0	0	0.42	0.197
0	0	0	0.928	0	0	0	0	0	0	0	0	0	0.928	0	0	0	0	0	0	0	0	0	0	0	0	0	0	0	0	0.2	0	0.2	0.25	0.4	0	0	0	0	0	0	0.709
19.071	0	0	1.183	2.841	12.277	0	0	0	1.774	10.409	0	0	1.183	3.745	0.232	0	0	0	0.5	0.179	0	0	0	1	0.222	0	0	0	0.333	0.2	0.25	0	0	0.444	0	0.625	1	0	0.444	0	0.673
5.127	0	0	14.142	21.551	8.712	0	0.91	21.162	26.85	8.712	0	0.91	12.603	13.559	0.821	0	0	0.398	0.287	0.75	0	0	0.374	0.263	0.607	0	0	0.489	0.455	0	0.5	0	0	0	0	0	0	0	0	0.715	0.259
36.017	0	0	5.698	0	33.795	0.899	0	5.514	0	15.78	0.899	0	3.914	0.883	0.218	0	0	0.472	0	0.222	0	0	0.667	0	0.333	0	0	0.167	0	0	0.2	1	0.2	0	0	0	1	0	0	0.292	0.236
12.517	0	0	2.412	0	12.293	0	0	1.047	0	5.22	2.145	0	4.264	1.072	0.297	0	0	0.667	0	0.212	0	0	0	0	0.2	0	0	0.333	0	0	0.2	0	0.222	0	1	0	1	0.222	0.2	0	0.723
0	0	0	0	2.135	0	0	0	0	1.027	0	0	0	0	2.135	0	0	0	0	1	0	0	0	0	0	0	0	0	0	1	0	0	0	0	0.5	0.4	0	0	0	0.625	0.298	0.463
1.125	7.682	10.342	2.058	1.918	3.085	8.627	16.317	2.067	3.984	2.221	7.931	6.088	2.945	1.166	0.667	0.564	0.426	0.833	0.667	0.667	0.444	0.368	1	0.5	1	0.393	0.333	0.667	0	0	0	0.2	0	0	0	0	1	0	0	0	0.426
0	0	1.196	0	1.027	0	0	2.271	0	0	0	0	2.271	0	1.027	0	0	0	0	0	0	0	0	0	0	0	0	0	0	0	0	0	0	0	0.2	0	0	0	0	0.2	0.196	0.809
0	0	0	2.302	0	0	0	0	0.863	0	0	0	0	1.438	0.89	0	0	0	0	0	0	0	0	0	0	0	0	0	0	0	0.6	0	0.889	0	0.4	1	0	1	0	0	0	0.832
0	2.302	0	0	0	0	0.863	0	0	0	0	1.438	0	0	0	0	0	0	0	0	0	0	0	0	0	0	0	0	0	0	0	0	0.6	1	0.889	0	0	1	1	1	0	0.825
0	0	0	0	0	0	0	0	0	0	0	0	0	0	0	0	0	0	0	0	0	0	0	0	0	0	0	0	0	0	0	0	0	0.4	0	0	0.2	0	0.2	0	0.898	0.301
0	0	0	-1	0	0	0	0	-1	0	0	0	0	-1	0	0	0	0	-1	0	0	0	0	-1	0	0	0	0	-1	0	0	0	0	-1	0	0	0	0	-1	0	0.718	0.999
0.874	0	1.808	0.929	2.796	0.874	0.949	1.782	0.929	4.921	0.874	0.949	3.59	0.929	4.921	0	0	0.167	0	1	0	0	0	0	1	0	0	0.167	0	1	0.2	0.5	0.2	0	0	0	0	0	0	0	0	0.790
8.283	0	0	0	0.873	7.138	0	0	0	2.609	2.023	0	0	0	1.737	0.333	0	0	0	1	0.429	0	0	0	0.667	0	0	0	0	1	0	0	0.6	0	0	0.75	0.75	0.8	0	0.8	0	0.817
0.93	3.903	0	0	0	0.93	4.768	0	0	0	0.93	3.826	0	0	0	0	0.2	0	0	0	0	0.2	0	0	0	0	0.333	0	0	0	0.5	0	0.8	0.667	0	0	0	0.4	1	0	0.294	0.728
3.402	0	1.969	0	0	4.266	0	0.914	0	0	3.399	0	1.969	0	0	0.5	0	1	0	0	0.5	0	0	0	0	0.333	0	1	0	0	0	0	0.25	0	0	0	0	0	0	0	0.199	0.530
0	1.115	0	0	0	0	1.115	0	0	0	0	1.115	0	0	0	0	0	0	0	0	0	0	0	0	0	0	0	0	0	0	0.4	0	0	0	0	0.2	0	0.2	0	0	0	0.747
0	0.872	0.89	2.674	11.438	3.129	5.991	3.946	7.255	17.715	3.129	5.119	3.056	6.362	9.236	0.667	0.667	0.833	0.714	0.307	0.667	0.533	0.667	0.476	0.275	0.667	0.6	1	0.6	0.222	0.5	0.8	0	0	0.5	1	1	0	0.25	0	0.415	0.849
11.663	0	0	3.583	0	14.682	0	0	5.586	0.885	2.121	0	0	5.586	0.885	0.242	0	0	0.1	0	0.242	0	0	0.1	0	0	0	0	0.1	0	0.2	0	0	0	0	0	0	0	0.2	0	0.056	0.423
2.781	0	5.698	0	0	5.416	0.89	5.514	0.899	0.899	6.701	0.89	3.914	0.899	0.899	0.733	0	0.472	0	0	0.6	0	0.667	0	0	0.6	0	0.167	0	0	0	0	0.2	0	0.2	0.333	0.2	0	0	0	0	0.492
2.796	1.808	0	0.874	20.962	4.921	1.782	0.908	0.874	28.359	4.921	3.59	0.908	0.874	14.453	1	0.167	0	0	0.234	1	0	0	0	0.197	1	0.167	0	0	0.22	0	0.2	0.333	0.2	0	0	0	0.667	0	0	0.415	0.374
13.547	0	5.396	14.898	2.069	19.05	0	5.405	18.029	4.075	7.745	0	4.24	9.867	2.302	0.316	0	0.556	0.31	0.333	0.275	0	0.533	0.275	0.333	0.143	0	0.5	0.222	0	0	0	0	0	0	0	0	0	0	0.6	0.3	0.560
3.928	0	0	1.135	2.757	7.891	0	0	5.027	5.758	7.024	0	0	5.976	4.011	0.679	0	0	0.667	0.533	0.643	0	0	0.7	0.533	0.667	0	0	0.6	0.333	0	0.2	0	0	0	0	0	0	1	0	0.296	0.289
0	4.564	0	0	4.683	0	10.675	2.17	0	7.838	0	5.244	2.17	0	6.086	0	0.255	1	0	0.286	0	0.255	1	0	0.238	0	0.1	0	0	0.2	0.2	0	0	0	0.4	0.4	0	0	0	0.2	0.059	0.824
0	2.069	0	5.396	0	0	4.075	0.991	5.405	0	1.232	2.302	0.991	4.24	0	0	0.333	0	0.556	0	0	0.333	0	0.533	0	0	0	0	0.5	0	0	0	0	0	0	0.4	0.6	0	0	0	0	0.689
0	0	0	0	0	0	0	0	0	0	0	0	0	0	0	0	0	0	0	0	0	0	0	0	0	0	0	0	0	0	0.25	0	0.5	0	0.6	0	0	0.5	0	1	0.718	0.393
0	1.115	1.183	0	0	0	1.115	0	0	0	0	1.115	1.183	0	0	0	0	0	0	0	0	0	0	0	0	0	0	0	0	0	0.2	0.4	0	0.2	0.25	0	0	0	1	0.625	0	0.661
0	0	0	0	0	0	0	0	0	0	0	0	0	0	0	0	0	0	0	0	0	0	0	0	0	0	0	0	0	0	0	0	0	0	0	0	0	0	0	0	0.292	0.999
6.946	2.937	14.482	0.89	12.187	6.912	6.054	16.366	0	14.122	7.074	5.176	9.645	0.89	9.61	0.306	0.867	0.342	0	0.341	0.286	0.867	0.292	0	0.33	0.286	0.9	0.306	0	0.389	0.2	0.2	0.333	0.6	0	0	0.2	0	1	0	0	0.640
0	2.841	0.871	0	1.947	0	1.774	0.871	0	0	0	3.745	0.871	0	1.947	0	0.5	0	0	0	0	1	0	0	0	0	0.333	0	0	0	0	0.444	0	0	0	0	0.444	0	1	0	0.294	0.619
3.56	7.656	10.502	0	0	9.273	8.848	15.386	2.977	1.062	9.273	13.563	9.86	2.977	1.062	0.356	0.436	0.358	1	0	0.356	0.611	0.342	1	0	0.289	0.372	0.4	0.667	0	0	0	0	0	0	0	0	0	0	0.286	0.556	0.268
2.23	3.915	0.89	17.69	2.937	0	0.907	0	16.842	6.054	3.179	6.986	0.89	11.886	5.176	0.667	0.381	0	0.352	0.867	0	0	0	0.467	0.867	0.667	0.286	0	0.327	0.9	0.5	0.889	0.6	0.6	0.2	1	0	1	0	0.2	0	0.799
0	0	0	0	0	0	0	0	0	0	0	0	0	0	0	0	0	0	0	0	0	0	0	0	0	0	0	0	0	0	0	0	0	0	0	0	0	0	0	0	0.557	0.488
2.903	1.269	0	2.072	4.564	5.746	2.172	0	4.784	10.675	3.975	2.172	0	3.909	5.244	0.333	0	0	0.6	0.255	0.333	0	0	0.6	0.255	0.333	0	0	0.333	0.1	0	0	0	0	0	0	0	0	0	0	0.3	0.542
2.196	0.983	8.061	1.92	4.797	4.718	3.564	11.904	4.489	4.797	4.718	3.564	9.973	3.542	3.926	0.667	1	0.533	0.667	0.4	0.667	1	0.511	0.667	0.4	0.5	1	0.5	0.667	0.167	0	0	0.667	0	0.2	0	0	0.333	0	0	0.556	0.262
12.818	0.924	0.886	3.734	14.142	14.297	1.851	2.739	1.841	21.162	11.892	1.851	2.739	1.893	12.603	0.467	1	1	0.667	0.398	0.513	1	1	1	0.374	0.467	1	1	1	0.489	0	0	0	0.25	0	0	0.5	0	0.25	0	0	0.420
0	7.485	3.748	0	0	0.883	8.426	4.492	0	0	0.883	5.171	5.704	0	0	0	0.439	0.464	0	0	0	0.556	0.1	0	0	0	0.2	0.4	0	0	0	0.75	0	0.667	0.2	0	0	0	0.667	0	0.417	0.465
0	5.577	0	4.8	0	0	0.884	0	0.903	0	0	5.921	0	4.8	0	0	0.667	0	0.2	0	0	0	0	0	0	0	0.6	0	0.2	0	0.778	0	1	0	0.75	0.889	1	1	0	1	0	0.885
0	0	2.135	0	0.928	0	0	1.027	0	0	0	0	2.135	0	0.928	0	0	1	0	0	0	0	0	0	0	0	0	1	0	0	0	0	0.5	0	0	0	0.4	0.625	0	0	0	0.940
0	0	0	0	0	0	0	0	0	0	0	0	0	0	0	0	0	0	0	0	0	0	0	0	0	0	0	0	0	0	0	0	0	0	0	0	0	0	0	0	0.893	0.699
21.658	3.914	6.923	0	6.926	19.134	1.765	4.668	0	4.635	9.751	4.826	5.109	0	4.185	0.263	0.267	0.5	0	0.5	0.284	0	0.5	0	0.8	0.194	0.4	0.3	0	0.333	0.2	1	0	1	0	0	1	0	1	0	0	0.241
0	0	0.941	4.797	0	0	0	0	4.797	0	0	0	0.941	3.926	0	0	0	0	0.4	0	0	0	0	0.4	0	0	0	0	0.167	0	1	0.5	0	0.2	0	0.778	0.25	0	0	0	0.116	0.936
0	4.826	9.856	0	6.575	0	8.783	11.951	0	9.802	0	7.885	8.255	0	8.891	0	0.444	0.5	0	0.533	0	0.444	0.47	0	0.511	0	0.429	0.571	0	0.528	0	0	0	0	0	0	0	0	0	0	0	0.614
0	0	0	1.115	0	0	0	0	1.115	0	0	0	0	1.115	0	0	0	0	0	0	0	0	0	0	0	0	0	0	0	0	0	0.4	0	0	0	0.2	0.2	0	0	0	0.556	0.620
14.923	7.511	0	0	0	12.137	4.697	0	0	0	13.652	6.825	0	0	0	0.195	0.289	0	0	0	0.231	0.5	0	0	0	0.121	0.286	0	0	0	0	0	0.667	0.667	0.333	0	0	1	0.333	1	0	0.661
5.698	2.781	0	0	36.017	5.514	5.416	0.899	0.89	33.795	3.914	6.701	0.899	0.89	15.78	0.472	0.733	0	0	0.218	0.667	0.6	0	0	0.222	0.167	0.6	0	0	0.333	0.2	0	0.2	0	0	0	0.333	0	0.2	0	0	0.571
1.854	0	7.787	0	1.885	4.663	0	9.231	0	3.777	4.663	0	10.334	0	2.85	0.7	0	0.545	0	0.833	0.6	0	0.611	0	0.833	0.6	0	0.556	0	1	0	0	0	0	0	0	0	0	0	0	0.716	0.225
0	0	0	0	0	0	0	0	0	0	0	0	0	0	0	0	0	0	0	0	0	0	0	0	0	0	0	0	0	0	0	0	0	0	0	0	0	0	0	0	0.718	0.993
0.985	0	9.799	0.912	21.653	2.939	0	12.529	3.101	21.244	1.954	0	7.864	3.101	10.328	0.667	0	0.385	0.667	0.271	0.667	0	0.321	0.667	0.234	0	0	0.25	0.333	0.333	0	0	0	0	0.4	0	0	0	0	0.6	0.716	0.220
0	0	0	5.962	0	0	0	0	4.879	0	0	0	0	1.972	0	0	0	0	0.429	0	0	0	0	0.5	0	0	0	0	0	0	0.6	0.333	0	0.375	0.25	0	0.667	0	0.125	0	0	0.723
0	0	4.826	0	0	0	0.885	8.783	0	0	0	0.885	7.885	0	0	0	0	0.444	0	0	0	0	0.444	0	0	0	0	0.429	0	0	0	0	0	0	0	0	0	0	0	0	0.055	0.631
8.061	2.196	4.797	0.983	0	11.904	4.718	4.797	3.564	0	9.973	4.718	3.926	3.564	0	0.533	0.667	0.4	1	0	0.511	0.667	0.4	1	0	0.5	0.5	0.167	1	0	0.667	0	0.2	0	0.5	0.333	0	0	0	0.25	0	0.222
1.181	0	0	4.683	0	2.413	1.75	0	7.838	0	2.413	0.884	0	6.086	0	0	1	0	0.286	0	0	1	0	0.238	0	0	0	0	0.2	0	0.2	0	0.875	0.4	0	0	0	0	0.2	0	0	0.548
0	0	0	0	0	0	0	0	0	0	0	0	0	0	0	0	0	0	0	0	0	0	0	0	0	0	0	0	0	0	0	0	0	0	0	0	1	0	0	0	0.197	0.628
0	0	2.825	0	0	0	0	0.931	0.931	0	0	0	3.756	0.931	0	0	0	0.333	0	0	0	0	0	0	0	0	0	0.333	0	0	0	0	0.4	0	0	0	0	0	0	0	0.555	0.217
0	0	0	0	2.667	0	0	0	0	5.551	0	0	0.978	0	4.661	0	0	0	0	0.6	0	0	0	0	0.333	0	0	0	0	0.4	0	0	0	0	0.444	0.714	0	0	0	0	0.299	0.621
0	0	0	0.863	0	0	0	0	0.863	0	0	0	0	0	0	0	0	0	0	0	0	0	0	0	0	0	0	0	0	0	0	0	0	0	0.25	0	0	0	0	0	0	0.779
0	0	0	0	0	0	0	0	0	0	0	0	0	0	0	0	0	0	0	0	0	0	0	0	0	0	0	0	0	0	0	0	0	0	0	0	0	0	0	0	0.9	0.789
0	0	0	0	0.928	0	0	0	0	0.928	0	0	0.89	0	0	0	0	0	0	0	0	0	0	0	0	0	0	0	0	0	0.889	0.6	0.4	0	0	1	1	0	0	0	0	0.958
1.196	0	1.027	0	0.954	2.271	0	0	0	3.055	2.271	0	1.027	0	2.908	0	0	0	0	0.333	0	0	0	0	0	0	0	0	0	0.333	0	0	0.2	0	0	0	0	0.2	0	0.8	0.418	0.503
1.115	0	0	0	0	1.115	0	0	0	0	1.115	0	0	0	0	0	0	0	0	0	0	0	0	0	0	0	0	0	0	0	0	0	0.4	0.2	0	0	0	0.2	0	0.2	0.415	0.257
2.937	0.89	6.946	2.23	14.482	6.054	0	6.912	0	16.366	5.176	0.89	7.074	3.179	9.645	0.867	0	0.306	0.667	0.342	0.867	0	0.286	0	0.292	0.9	0	0.286	0.667	0.306	0.2	0.6	0.2	0.5	0.333	0.2	1	0	1	0	0	0.347
0	14.923	0	7.511	17.69	0	12.137	0	4.697	16.842	0	13.652	0	6.825	11.886	0	0.195	0	0.289	0.352	0	0.231	0	0.5	0.467	0	0.121	0	0.286	0.327	0.667	0	0.333	0	0.6	1	0	1	0	0	0	0.972
10.502	3.56	0	7.656	1.135	15.386	9.273	1.062	8.848	5.027	9.86	9.273	1.062	13.563	5.976	0.358	0.356	0	0.436	0.667	0.342	0.356	0	0.611	0.7	0.4	0.289	0	0.372	0.6	0	0	0	0	0	0	0	0.286	0	1	0.014	0.275
0	0	0	0.88	0	0	0	0	0	0.865	0	0	0	0.88	0.865	0	0	0	0	0	0	0	0	0	0	0	0	0	0	0	0	0	0.4	0.778	0	0	0	0.8	0.333	0	0.557	0.323
0	0	0	0	0	0	0	0	0	0	0	0	0	0	0	0	0	0	0	0	0	0	0	0	0	0	0	0	0	0	0.5	0.25	0.6	0	0.2	0.5	0	1	0	1	0.417	0.717
2.069	5.396	0	13.547	0	4.075	5.405	0	19.05	0.991	2.302	4.24	1.232	7.745	0.991	0.333	0.556	0	0.316	0	0.333	0.533	0	0.275	0	0	0.5	0	0.143	0	0	0	0	0	0	0.6	0	0.4	0	0	0.298	0.722
2.825	0	0	0	0	0.931	0	0	0	0	3.756	0	0	0	0	0.333	0	0	0	0	0	0	0	0	0	0.333	0	0	0	0	0.4	0	0	0	0.25	0	0	0	0	0	0	0.716
0.878	0	3.583	0	0	1.861	0.865	5.586	0	0	1.861	0.865	5.586	0	0	0	0	0.1	0	0	0	0	0.1	0	0	0	0	0.1	0	0	0	0	0	0.4	0	0	0	0.2	0.8	0	0.713	0.679
0	2.903	4.564	1.269	0	0	5.746	10.675	2.172	0	0	3.975	5.244	2.172	0	0	0.333	0.255	0	0	0	0.333	0.255	0	0	0	0.333	0.1	0	0	0	0	0	0	0.2	0	0	0	0	0.4	0.56	0.597
6.923	21.658	6.926	3.914	2.934	4.668	19.134	4.635	1.765	3.007	5.109	9.751	4.185	4.826	2.714	0.5	0.263	0.5	0.267	0.8	0.5	0.284	0.8	0	1	0.3	0.194	0.333	0.4	0.667	0	0.2	0	1	0.444	0	0	0	1	0.556	0	0.449
14.142	0.886	0	12.818	5.127	21.162	2.739	0	14.297	8.712	12.603	2.739	0	11.892	8.712	0.398	1	0	0.467	0.821	0.374	1	0	0.513	0.75	0.489	1	0	0.467	0.607	0	0	0.5	0	0	0	0	0	0	0	0.298	0.289
0	0	0	1.947	2.825	0	0.931	0	0	0.931	0	0.931	0	1.947	3.756	0	0	0	0	0.333	0	0	0	0	0	0	0	0	0	0.333	0	0	0	0	0.4	0	0	0	0	0	0.559	0.343
0.983	1.92	2.196	4.235	8.061	3.564	4.489	4.718	8.269	11.904	3.564	3.542	4.718	8.269	9.973	1	0.667	0.667	0.619	0.533	1	0.667	0.667	0.619	0.511	1	0.667	0.5	0.619	0.5	0	0	0	1	0.667	0	0	0	1	0.333	0.298	0.590
0.928	0	5.962	0	0	0.928	0	4.879	0	0	0	0.89	1.972	0	0	0	0	0.429	0	0	0	0	0.5	0	0	0	0	0	0	0	0	0.4	0.375	0.889	0.333	0	0	0.125	1	0.667	0	0.714
0	0	0	0	0	0	0	0	0	0	0	0	0	0	0	0	0	0	0	0	0	0	0	0	0	0	0	0	0	0	0	0	0	0	0	0	0	0	0	0	0.556	0.999
0	5.698	36.017	2.781	0	0.899	5.514	33.795	5.416	0	0.899	3.914	15.78	6.701	0	0	0.472	0.218	0.733	0	0	0.667	0.222	0.6	0	0	0.167	0.333	0.6	0	0.2	0.2	0	0	1	0	0	0	0.333	1	0	0.446
4.564	0	0	2.903	0	10.675	0	0	5.746	2.17	5.244	0	0	3.975	2.17	0.255	0	0	0.333	1	0.255	0	0	0.333	1	0.1	0	0	0.333	0	0	0	0.2	0	0	0	0	0.4	0	0	0.556	0.251
0	0	1.786	0	0	0	0	1.786	0	0	0	0	1.786	0	0	0	0	0	0	0	0	0	0	0	0	0	0	0	0	0	0	0	0	0	0	0	0	0	0	0	0	0.507
9.856	0	6.575	4.826	0	11.951	0	9.802	8.783	0	8.255	0	8.891	7.885	0	0.5	0	0.533	0.444	0	0.47	0	0.511	0.444	0	0.571	0	0.528	0.429	0	0	0	0	0	0	0	0	0	0	0	0.292	0.370
2.841	0	0	19.071	0.871	1.774	0	0	12.277	0.871	3.745	0	0	10.409	0.871	0.5	0	0	0.232	0	1	0	0	0.179	0	0.333	0	0	0.222	0	0.444	0	0	0.2	0	0.444	1	0	0	0	0	0.815
0.89	0	11.438	0.872	13.069	3.946	3.129	17.715	5.991	17.174	3.056	3.129	9.236	5.119	10.663	0.833	0.667	0.307	0.667	0.305	0.667	0.667	0.275	0.533	0.243	1	0.667	0.222	0.6	0.289	0	0.5	0.5	0.8	0	0	1	0	1	0.667	0	0.727
0	1.183	19.071	0	0	0	0	12.277	0	0	0	1.183	10.409	0	0	0	0	0.232	0	0	0	0	0.179	0	0	0	0	0.222	0	0	0.25	0	0.2	0.2	0	0.625	0	0	0	1	0	0.593
0	0	0	0	0	0	0	0	0	0	0	0	0	0	0	0	0	0	0	0	0	0	0	0	0	0	0	0	0	0	0.2	0.2	0.4	0	0	0	0	0	0	0	0	0.509
0	3.928	2.757	0	0	0	7.891	5.758	0	0	0	7.024	4.011	0	0	0	0.679	0.533	0	0	0	0.643	0.533	0	0	0	0.667	0.333	0	0	0	0	0	0.2	0	0	0	0	0	0	0	0.572
0	0	0	0	0	0	0	0	0	0	0	0	0	0	0.978	0	0	0	0	0	0	0	0	0	0	0	0	0	0	0	0	0	0	0	0	0	0	0.714	0	0	0.557	0.482
0	0	0	0	0	0	0	0	0	0	0	0	0	0	0	0	0	0	0	0	0	0	0	0	0	0	0	0	0	0	0	0	0	0	0	0	0	0	0	0	0.897	0.670
6.926	6.923	2.934	21.658	0	4.635	4.668	3.007	19.134	0	4.185	5.109	2.714	9.751	0	0.5	0.5	0.8	0.263	0	0.8	0.5	1	0.284	0	0.333	0.3	0.667	0.194	0	0	0	0.444	0.2	0	0	0	0.556	0	0.4	0	0.500
2.757	0	0	3.928	0	5.758	0	0	7.891	0	4.011	0	0	7.024	0	0.533	0	0	0.679	0	0.533	0	0	0.643	0	0.333	0	0	0.667	0	0	0	0	0	1	0	0	0	0	1	0.418	0.292
0	0	0	5.602	0	0	0	0	2.872	0	0	0	0	5.602	0	0	0	0	0.8	0	0	0	0	0.667	0	0	0	0	0.8	0	0	0.25	0	0	0	0	0	0	0	0	0.718	0.628
11.438	0.89	13.069	0	1.761	17.715	3.946	17.174	3.129	3.527	9.236	3.056	10.663	3.129	5.379	0.307	0.833	0.305	0.667	0.867	0.275	0.667	0.243	0.667	0.833	0.222	1	0.289	0.667	0.6	0.5	0	0	0.5	0.25	0	0	0.667	1	0.25	0.296	0.597
0	0	0	0	0	0	0	0	0	0	0	0	0	0	0	0	0	0	0	0	0	0	0	0	0	0	0	0	0	0	0	0	0	0	0	0	0	0	0	0	0.717	0.976
0	0	0	0	0	0	0	0	0	0	0	0	0	0	0	0	0	0	0	0	0	0	0	0	0	0	0	0	0	0	0	0	0	0	0	0	0	0	0	0	0.9	0.661
0	0	2.497	3.748	0	2.985	0	4.72	4.492	0	2.985	0	4.72	5.704	0	0.333	0	0.5	0.464	0	0	0	0.333	0.1	0	0.333	0	0.5	0.4	0	0	0.2	0	0	0	0	0	0	0	0.2	0.298	0.360
0	0	2.781	6.76	5.698	0.89	0.899	5.416	12.052	5.514	0.89	0.899	6.701	6.617	3.914	0	0	0.733	0.409	0.472	0	0	0.6	0.379	0.667	0	0	0.6	0.333	0.167	0	0	0	0.4	0.2	0.2	0	0.333	0.4	0	0.198	0.608
0	4.797	0	8.061	0.941	0	4.797	0	11.904	0	0	3.926	0	9.973	0.941	0	0.4	0	0.533	0	0	0.4	0	0.511	0	0	0.167	0	0.5	0	0.5	0.2	1	0.667	0	0.25	0	0.778	0.333	0	0.558	0.894
0	0	0	0	0	0	0	0	0	0	0	0	0	0	0	0	0	0	0	0	0	0	0	0	0	0	0	0	0	0	0	0	0	0	0	0	0	0	0	0.2	0.56	0.438
0	0	0	0	0	0	0	0	0	0	0	0	0	0	0	0	0	0	0	0	0	0	0	0	0	0	0	0	0	0	0.25	0	0	0	0	0	0	0	0	0.75	0	0.660
4.8	7.696	5.577	0.928	0	0.903	4.34	0.884	0	0	4.8	6.778	5.921	0.928	0	0.2	0.5	0.667	0	0	0	0.5	0	0	0	0.2	0.2	0.6	0	0	0	0	0	0	0.778	0	0	1	0	0.889	0	0.722
0	0	0	0	0	0	0	0	0	0	0	0	0	0	0	0	0	0	0	0	0	0	0	0	0	0	0	0	0	0	0	0	0	0	0	0	0	0	0	0	0.899	0.836
1.027	1.196	0.954	0	0.986	0	2.271	3.055	0	0	1.027	2.271	2.908	0	2.059	0	0	0.333	0	0	0	0	0	0	0	0	0	0.333	0	0	0.2	0	0	0	0	0.2	0	0.8	0	0	0	0.703
0	0	1.854	0	7.787	0	0	4.663	0	9.231	0	0	4.663	0	10.334	0	0	0.7	0	0.545	0	0	0.6	0	0.611	0	0	0.6	0	0.556	0	0	0	0	0	0	0	0	0	0	0.897	0.772
5.577	4.8	0	7.696	0	0.884	0.903	0	4.34	0	5.921	4.8	0	6.778	0	0.667	0.2	0	0.5	0	0	0	0	0.5	0	0.6	0.2	0	0.2	0	0	0	0.778	0	1	1	0	0.889	0	1	0	0.693
0	0	5.602	0	0	0	0	2.872	0	0	0	0	5.602	0	0	0	0	0.8	0	0	0	0	0.667	0	0	0	0	0.8	0	0	0	0.4	0	0.2	0.25	0	0	0	0	0	0.116	0.537
