3.508	0	2.101	6.566	0	4.414	0	2.101	7.472	0	0	0	0	0	0	0.5	0	1	0.536	0	0.5	0	1	0.536	0	0	0	0	0	0	0.25	1	0.2	0	0.4	0	0.778	0	0	0.2	0.296	0.512
0	0	0	0	0	1.014	1.107	0	0	0	0	0	0	0	0	0	0	0	0	0	0	0	0	0	0	0	0	0	0	0	0	0	0	0	0.5	0	0	0	0	0	0.42	0.381
0	0.862	0	0	0	0	0.862	0	0	0	0	0	0	0	0	0	0	0	0	0	0	0	0	0	0	0	0	0	0	0	0	0	0	0.2	0	0	0	0.4	0	1	0.558	0.340
0	20.007	6.442	0	0	0.997	23.137	7.801	0	0	0	0	0	0	0	0	0.352	0.905	0	0	0	0.352	0.905	0	0	0	0	0	0	0	0.2	0	0	0.8	0	0.2	0.667	0.286	0.6	0	0	0.549
5.964	3.4	0	4.472	9.435	9.903	5.533	0	7.345	12.264	0	0	0	0	0	0.622	0.733	0	0.571	0.538	0.622	0.733	0	0.571	0.538	0	0	0	0	0	0.2	0	0	0	0	0	0	0	0	0	0	0.632
8.37	0	0	3.685	21.31	12.332	0	0	5.696	27.772	0	0	0	0	0	0.564	0	0	0.867	0.274	0.564	0	0	0.867	0.274	0	0	0	0	0	0	0.2	0.6	0	0	0	0	0.2	0	0	0.42	0.313
1.198	0	0	6.297	0	1.198	0	0	9.644	2.052	0	0	0	0	0	0	0	0	0.467	0	0	0	0	0.467	0	0	0	0	0	0	0	0	0	0	0	0	0	0	0	0	0.299	0.222
0	2.101	3.238	3.508	2.845	0	2.101	3.238	4.414	2.845	0	0	0	0	0	0	1	0.667	0.5	0.667	0	1	0.667	0.5	0.667	0	0	0	0	0	0.4	0.2	0.571	0.25	0	0.2	0	0.571	0	0	0.018	0.719
4.419	0	0	0	0	9.006	3.016	0	0.874	3.498	0	0	0	0	0	0.417	0.333	0	0	0.667	0.417	0.333	0	0	0.667	0	0	0	0	0	0	0	0	0	0	0	0	0	0	0	0.556	0.207
0	0	0	1.027	0	1.107	0	1.014	1.027	0	0	0	0	0	0	0	0	0	0	0	0	0	0	0	0	0	0	0	0	0	0	0	0	0.2	0	0	0	0	0	0	0.418	0.422
0	0	0	0	6.566	0	1.014	0	1.107	7.472	0	0	0	0	0	0	0	0	0	0.536	0	0	0	0	0.536	0	0	0	0	0	0	0	0.5	0	0	0	0	0	0	0	0	0.749
3.4	4.472	5.964	0	0	5.533	7.345	9.903	0	0	0	0	0	0	0	0.733	0.571	0.622	0	0	0.733	0.571	0.622	0	0	0	0	0	0	0	0	0	0.2	0.2	0	0	0	0	0.4	0	0.418	0.298
0.862	0	0	2.913	0	0.862	0	0	2.913	0	0	0	0	0	0	0	0	0	0.333	0	0	0	0	0.333	0	0	0	0	0	0	0	0.2	0	0	0	0	0	0	0	0.4	0.419	0.228
0	3.685	8.37	0	0	0	5.696	12.332	0	0	0	0	0	0	0	0	0.867	0.564	0	0	0	0.867	0.564	0	0	0	0	0	0	0	0.2	0	0	0	0.6	0	0	0	0	0.2	0	0.591
0	0	0	0	0	0	0	0	0	0	0	0	0	0	0	0	0	0	0	0	0	0	0	0	0	0	0	0	0	0	0	0	0	0	0	0	0	0	0	0	0.557	0.766
0	6.566	3.508	0	2.101	0	7.472	4.414	0	2.101	0	0	0	0	0	0	0.536	0.5	0	1	0	0.536	0.5	0	1	0	0	0	0	0	1	0	0.25	0.5	0.2	0.778	0	0	0	0	0.72	0.995
2.238	0.874	0	5.374	0	3.335	0.874	0	6.471	0	0	0	0	0	0	1	0	0	0.8	0	1	0	0	0.8	0	0	0	0	0	0	0	0.333	0	0	0	0	0.333	0	0	0	0.418	0.378
0	0	0	6.147	0	0	0	3.348	7.058	0.874	0	0	0	0	0	0	0	0.667	0.714	0	0	0	0.667	0.714	0	0	0	0	0	0	0	0.2	0	0	0	0	0.2	0	0	0	0.557	0.365
2.101	3.508	0	0	3.238	2.101	4.414	0	0	3.238	0	0	0	0	0	1	0.5	0	0	0.667	1	0.5	0	0	0.667	0	0	0	0	0	0.2	0.25	0.4	1	0.571	0	0	0.2	0.778	0.571	0.415	0.724
4.693	0	0	0	0	6.549	0	0	0	0	0	0	0	0	0	0.381	0	0	0	0	0.381	0	0	0	0	0	0	0	0	0	0.2	0	0.333	0	0.8	0	1	1	0.4	0.6	0	0.462
6.442	0	0	20.007	6.147	7.801	0.997	0	23.137	7.058	0	0	0	0	0	0.905	0	0	0.352	0.714	0.905	0	0	0.352	0.714	0	0	0	0	0	0	0.2	0	0	0	0.286	0.2	0	0.667	0	0.418	0.573
0	3.293	4.087	0	0.912	0	4.348	8.508	0	0.912	0	0	0	0	0	0	0.667	0.714	0	0	0	0.667	0.714	0	0	0	0	0	0	0	0.333	0.667	0	0	0.4	1	0.111	0	0	0	0.298	0.911
21.31	0	0	8.37	20.905	27.772	0	0	12.332	27.124	0	0	0	0	0	0.274	0	0	0.564	0.249	0.274	0	0	0.564	0.249	0	0	0	0	0	0	0.6	0.4	0	0	0	0.2	0.8	0	0	0.198	0.207
0	0	4.024	10.629	0.833	1.769	0	6.536	14.681	2.66	0	0	0	0	0	1	0	0.8	0.362	0.667	1	0	0.8	0.362	0.667	0	0	0	0	0	0	0.2	0	0	0.2	0	0.8	0	0	0.2	0.897	0.308
4.472	0	3.4	0.912	5.964	7.345	0	5.533	0.912	9.903	0	0	0	0	0	0.571	0	0.733	0	0.622	0.571	0	0.733	0	0.622	0	0	0	0	0	0	0.2	0	0.4	0.2	0	0.4	0	0	0	0.419	0.212
0	6.442	6.147	0	0	0	7.801	7.058	0.997	0	0	0	0	0	0	0	0.905	0.714	0	0	0	0.905	0.714	0	0	0	0	0	0	0	0	0	0	0.2	0.2	0	0.286	0	0.2	0.2	0	0.599
0	0	6.297	4.419	0	3.498	0	9.644	9.006	0	0	0	0	0	0	0.667	0	0.467	0.417	0	0.667	0	0.467	0.417	0	0	0	0	0	0	0	0	0	0	0	0	0	0	0	0	0	0.434
4.454	8.905	0	9.435	4.638	7.254	12.625	0	12.264	6.38	0	0	0	0	0	0.75	0.526	0	0.538	0.619	0.75	0.526	0	0.538	0.619	0	0	0	0	0	0	0	0	0	0	0	0	0	0	0	0.117	0.674
0	0	0	1.198	1.027	2.052	0	1.014	1.198	1.027	0	0	0	0	0	0	0	0	0	0	0	0	0	0	0	0	0	0	0	0	0	0	0	0	0.2	0	0	0	0	0	0.556	0.296
0	2.913	0.862	0	0	0	2.913	0.862	0	0	0	0	0	0	0	0	0.333	0	0	0	0	0.333	0	0	0	0	0	0	0	0	0.2	0	0	0	0	0	0	0	0	0	0	0.643
20.905	0	10.629	21.31	0	27.124	0	14.681	27.772	0	0	0	0	0	0	0.249	0	0.362	0.274	0	0.249	0	0.362	0.274	0	0	0	0	0	0	0	0.4	0	0	0.2	0	0.8	0	0	0.8	0.3	0.409
0	0.912	4.472	4.087	3.4	0	0.912	7.345	8.508	5.533	0	0	0	0	0	0	0	0.571	0.714	0.733	0	0	0.571	0.714	0.733	0	0	0	0	0	0.2	0.4	0	0	0	0.4	0	0	0	0	0	0.669
0	10.629	0	20.905	4.024	0	14.681	1.769	27.124	6.536	0	0	0	0	0	0	0.362	1	0.249	0.8	0	0.362	1	0.249	0.8	0	0	0	0	0	0.2	0	0	0	0	0.8	0	0	0	0	0.42	0.795
0	0	0	0.862	4.693	0	0	0	0.862	6.549	0	0	0	0	0	0	0	0	0	0.381	0	0	0	0	0.381	0	0	0	0	0	0	0	0	0	0.2	0.4	0	1	0	0	0	0.745
0	4.693	0	0	20.007	0	6.549	0	0	23.137	0	0	0	0	0	0	0.381	0	0	0.352	0	0.381	0	0	0.352	0	0	0	0	0	0.333	0.2	0.8	0	0	1	0	0.6	1	0.667	0	0.826
0	0	0	0	0	0	0	0	0	0	0	0	0	0	0	0	0	0	0	0	0	0	0	0	0	0	0	0	0	0	0	0	0	0	0	0	0	0	0	0	0.415	0.933
0.912	4.087	0	0	4.472	0.912	8.508	0	0	7.345	0	0	0	0	0	0	0.714	0	0	0.571	0	0.714	0	0	0.571	0	0	0	0	0	0.4	0	0.2	0.333	0	0	0	0.4	1	0	0	0.780
6.147	0	0	6.442	0	7.058	0	0	7.801	0	0	0	0	0	0	0.714	0	0	0.905	0	0.714	0	0	0.905	0	0	0	0	0	0	0	0	0.2	0	0	0	0	0.2	0.286	0	0.415	0.311
0	4.419	0	0	6.297	0	9.006	3.498	3.016	9.644	0	0	0	0	0	0	0.417	0.667	0.333	0.467	0	0.417	0.667	0.333	0.467	0	0	0	0	0	0	0	0	0	0	0	0	0	0	0	0.417	0.327
0	8.37	21.31	0	0	0	12.332	27.772	0	0	0	0	0	0	0	0	0.564	0.274	0	0	0	0.564	0.274	0	0	0	0	0	0	0	0.6	0	0	0.2	0.4	0.2	0	0	0	0.8	0	0.742
0	4.638	2.913	0	0	0	6.38	2.913	0	0	0	0	0	0	0	0	0.619	0.333	0	0	0	0.619	0.333	0	0	0	0	0	0	0	0	0	0	0	0.2	0	0	0	0	0	0.72	0.201
8.905	9.435	4.454	0	0	12.625	12.264	7.254	0	0	0	0	0	0	0	0.526	0.538	0.75	0	0	0.526	0.538	0.75	0	0	0	0	0	0	0	0	0	0	0	0	0	0	0	0	0	0.715	0.274
0	0	3.293	11.756	0	0	0	4.348	15.146	0	0	0	0	0	0	0	0	0.667	0.4	0	0	0	0.667	0.4	0	0	0	0	0	0	0	0.25	0.667	0	0.333	0	0.75	0.111	0	1	0.713	0.890
0.874	5.374	2.238	0.992	0	0.874	6.471	3.335	0.992	0	0	0	0	0	0	0	0.8	1	0	0	0	0.8	1	0	0	0	0	0	0	0	0.333	0	0	0.333	0	0.333	0	0	0.333	0	0.117	0.465
0	0	4.419	0	0	3.016	0.874	9.006	3.348	0	0	0	0	0	0	0.333	0	0.417	0.667	0	0.333	0	0.417	0.667	0	0	0	0	0	0	0	0	0	0	0	0	0	0	0	0	0.718	0.303
2.913	0	0	4.638	0.862	2.913	0	0	6.38	0.862	0	0	0	0	0	0.333	0	0	0.619	0	0.333	0	0	0.619	0	0	0	0	0	0	0	0	0.2	0	0	0	0	0	0	0	0.557	0.375
0	21.31	20.905	0	10.629	0	27.772	27.124	0	14.681	0	0	0	0	0	0	0.274	0.249	0	0.362	0	0.274	0.249	0	0.362	0	0	0	0	0	0.4	0	0	0.6	0	0.8	0	0	0.2	0	0	0.813
0	-1	0	-1	3.685	0	-1	0	-1	5.696	0	-1	0	-1	0	0	-1	0	-1	0.867	0	-1	0	-1	0.867	0	-1	0	-1	0	0	-1	0	-1	0	0	-1	0	-1	0	0.899	0.774
9.435	0	8.905	5.964	4.454	12.264	0	12.625	9.903	7.254	0	0	0	0	0	0.538	0	0.526	0.622	0.75	0.538	0	0.526	0.622	0.75	0	0	0	0	0	0	0	0	0.2	0	0	0	0	0	0	0.56	0.199
0	11.756	0	0.833	3.293	0	15.146	0	2.66	4.348	0	0	0	0	0	0	0.4	0	0.667	0.667	0	0.4	0	0.667	0.667	0	0	0	0	0	0.25	0	0	0.2	0.667	0.75	0	0	0.2	0.111	0.417	0.956
1.027	0	0	0	0	1.027	1.014	0	2.052	1.107	0	0	0	0	0	0	0	0	0	0	0	0	0	0	0	0	0	0	0	0	0.2	0	0	0	0	0	0	0	0	0	0	0.554
0	0	4.693	0	0	0	0	6.549	0	0	0	0	0	0	0	0	0	0.381	0	0	0	0	0.381	0	0	0	0	0	0	0	0	0	0.2	0	0.333	1	0.4	0	0	1	0.298	0.769
5.374	0.992	0.874	2.845	2.238	6.471	0.992	0.874	2.845	3.335	0	0	0	0	0	0.8	0	0	0.667	1	0.8	0	0	0.667	1	0	0	0	0	0	0	0.333	0.333	0	0	0	0.333	0.333	0	0	0.298	0.281
10.629	20.905	0	0	0	14.681	27.124	0	0	1.769	0	0	0	0	0	0.362	0.249	0	0	1	0.362	0.249	0	0	1	0	0	0	0	0	0	0	0.2	0.4	0	0	0	0.8	0.8	0	0	0.623
4.087	0	0.912	3.293	0	8.508	0	0.912	4.348	0	0	0	0	0	0	0.714	0	0	0.667	0	0.714	0	0	0.667	0	0	0	0	0	0	0	0.333	0.4	0.667	0.2	0	1	0	0.111	0.4	0.554	0.354
6.297	0	0	0	1.198	9.644	3.498	0	0	1.198	0	0	0	0	0	0.467	0.667	0	0	0	0.467	0.667	0	0	0	0	0	0	0	0	0	0	0	0	0	0	0	0	0	0	0.417	0.282
4.638	0	0	4.454	2.913	6.38	0	0	7.254	2.913	0	0	0	0	0	0.619	0	0	0.75	0.333	0.619	0	0	0.75	0.333	0	0	0	0	0	0	0	0	0	0	0	0	0	0	0	0.117	0.469
20.007	0	0	0	6.442	23.137	0	0.997	0	7.801	0	0	0	0	0	0.352	0	0	0	0.905	0.352	0	0	0	0.905	0	0	0	0	0	0	0.8	0.2	0.333	0	0.667	0.6	0.2	1	0.286	0.117	0.306
3.293	0	0	0	4.087	4.348	0	0	0	8.508	0	0	0	0	0	0.667	0	0	0	0.714	0.667	0	0	0	0.714	0	0	0	0	0	0.667	0	0.333	0.25	0	0.111	0	1	0.75	0	0.419	0.757
0	6.297	1.198	0	0	0	9.644	1.198	3.498	0	0	0	0	0	0	0	0.467	0	0.667	0	0	0.467	0	0.667	0	0	0	0	0	0	0	0	0	0	0	0	0	0	0	0	0.556	0.336
0	4.454	4.638	8.905	0	0	7.254	6.38	12.625	0	0	0	0	0	0	0	0.75	0.619	0.526	0	0	0.75	0.619	0.526	0	0	0	0	0	0	0	0	0	0	0	0	0	0	0	0	0.556	0.746
0	0	0	0	0	0	0	0	0	0	0	0	0	0	0	0	0	0	0	0	0	0	0	0	0	0	0	0	0	0	0	0	0	0	0	0	0	0	0	0	0.197	0.858
0	1.027	0	0	0	0	1.027	1.107	1.014	1.014	0	0	0	0	0	0	0	0	0	0	0	0	0	0	0	0	0	0	0	0	0	0.2	0	0	0	0	0	0	0	0	0	0.680
0.992	2.845	5.374	3.238	0.874	0.992	2.845	6.471	3.238	0.874	0	0	0	0	0	0	0.667	0.8	0.667	0	0	0.667	0.8	0.667	0	0	0	0	0	0	0.333	0	0	0.571	0.333	0.333	0	0	0.571	0.333	0.117	0.635
11.756	0.833	0	4.024	0	15.146	2.66	0	6.536	0	0	0	0	0	0	0.4	0.667	0	0.8	0	0.4	0.667	0	0.8	0	0	0	0	0	0	0	0.2	0.25	0	0	0	0.2	0.75	0	0	0.195	0.791
6.566	0	0	0	3.508	7.472	0	0	0	4.414	0	0	0	0	0	0.536	0	0	0	0.5	0.536	0	0	0	0.5	0	0	0	0	0	0	0.5	1	0	0.25	0	0	0.778	0	0	0.896	0.632
0.833	4.024	11.756	0	0	2.66	6.536	15.146	1.769	0	0	0	0	0	0	0.667	0.8	0.4	1	0	0.667	0.8	0.4	1	0	0	0	0	0	0	0.2	0	0	0	0.25	0.2	0	0	0	0.75	0.296	0.664
2.845	3.238	0.992	0	5.374	2.845	3.238	0.992	0	6.471	0	0	0	0	0	0.667	0.667	0	0	0.8	0.667	0.667	0	0	0.8	0	0	0	0	0	0	0.571	0.333	0.4	0	0	0.571	0.333	0.2	0	0.558	0.437
0	0	0	0	4.419	0.874	3.348	3.016	0	9.006	0	0	0	0	0	0	0.667	0.333	0	0.417	0	0.667	0.333	0	0.417	0	0	0	0	0	0	0	0	0	0	0	0	0	0	0	0.554	0.231
0	0	6.566	0	0	0	0	7.472	1.014	0	0	0	0	0	0	0	0	0.536	0	0	0	0	0.536	0	0	0	0	0	0	0	0.5	0	0	0	1	0	0	0	0	0.778	0	0.928
0	2.238	0	0.874	0	0	3.335	0	0.874	0	0	0	0	0	0	0	1	0	0	0	0	1	0	0	0	0	0	0	0	0	0	0	0	0.333	0	0	0	0	0.333	0	0	0.423
0	5.964	9.435	3.4	8.905	0	9.903	12.264	5.533	12.625	0	0	0	0	0	0	0.622	0.538	0.733	0.526	0	0.622	0.538	0.733	0.526	0	0	0	0	0	0	0.2	0	0	0	0	0	0	0	0	0	0.800
3.685	0	0	0	8.37	5.696	0	0	0	12.332	0	0	0	0	0	0.867	0	0	0	0.564	0.867	0	0	0	0.564	0	0	0	0	0	0	0	0.2	0	0	0	0	0	0	0	0.42	0.403
0	6.147	0	0	0	0	7.058	0	0	3.348	0	0	0	0	0	0	0.714	0	0	0.667	0	0.714	0	0	0.667	0	0	0	0	0	0.2	0	0	0	0	0.2	0	0	0	0	0	0.559
0	0	-1	0	-1	0	0	-1	0	-1	0	0	-1	0	-1	0	0	-1	0	-1	0	0	-1	0	-1	0	0	-1	0	-1	0	0	-1	0	-1	0	0	-1	0	-1	0.899	0.999
0	0	3.685	-1	0	0	0	5.696	-1	0	0	0	0	-1	0	0	0	0.867	-1	0	0	0	0.867	-1	0	0	0	0	-1	0	0	0	0	-1	0.2	0	0	0	-1	0	0.198	0.392
4.024	0	0.833	0	11.756	6.536	1.769	2.66	0	15.146	0	0	0	0	0	0.8	1	0.667	0	0.4	0.8	1	0.667	0	0.4	0	0	0	0	0	0	0	0.2	0.2	0	0	0	0.2	0.8	0	0.554	0.529
0	0	1.027	0	0	1.014	2.052	1.027	0	0	0	0	0	0	0	0	0	0	0	0	0	0	0	0	0	0	0	0	0	0	0	0	0.2	0	0	0	0	0	0	0	0.418	0.322
0	0	0	0	0	3.348	0	0.874	0	3.016	0	0	0	0	0	0.667	0	0	0	0.333	0.667	0	0	0	0.333	0	0	0	0	0	0	0	0	0.2	0	0	0	0	0.2	0	0.898	0.329
0	0	0	2.238	0	0	0	0	3.335	0	0	0	0	0	0	0	0	0	1	0	0	0	0	1	0	0	0	0	0	0	0	0	0	0	0	0	0	0	0	0	0.418	0.507
0	0	0	0	-1	0	0	0	0	-1	0	0	0	0	-1	0	0	0	0	-1	0	0	0	0	-1	0	0	0	0	-1	0	0	0	0	-1	0	0	0	0	-1	0.896	0.961
0	1.198	0	0	0	0	1.198	2.052	0	1.014	0	0	0	0	0	0	0	0	0	0	0	0	0	0	0	0	0	0	0	0	0	0	0	0	0	0	0	0	0	0	0	0.530
3.238	0	2.845	2.101	0.992	3.238	0	2.845	2.101	0.992	0	0	0	0	0	0.667	0	0.667	1	0	0.667	0	0.667	1	0	0	0	0	0	0	0.571	0.4	0	0.2	0.333	0.571	0.2	0	0	0.333	0.418	0.851
0	0	20.007	4.693	0	0	0	23.137	6.549	0.997	0	0	0	0	0	0	0	0.352	0.381	0	0	0	0.352	0.381	0	0	0	0	0	0	0.8	0.333	0	0.2	0.2	0.6	1	0.667	0	0.2	0.42	0.856
