18.761	1.753	2.797	0	7.569	24.782	3.6	3.704	1.126	14.382	10.792	1.818	0.907	1.126	7.772	0.383	0.5	0.833	0	0.44	0.383	0.5	0.833	0	0.44	0.361	1	0	0	0.571	0.25	0	0	0	0	0	0	0	0	0	0.296	0.505
0	2.808	22.532	0	1.05	0.901	5.791	25.243	0	3.89	0.901	4.922	9.002	0	3.89	0	0.4	0.33	0	0.5	0	0.4	0.33	0	0.5	0	0.5	0.429	0	0.5	0.25	0	0	0	0	0.25	0	0	0	0	0	0.671
2.272	1.89	0	5.496	6.644	2.272	3.849	2.992	5.496	7.891	2.272	2.962	2.992	2.754	4.226	0	0.833	1	0.733	0.964	0	0.833	1	0.733	0.964	0	1	1	1	1	0.5	0	0	0	0	0	0	0	0	0	0.558	0.765
0	0	12.402	0	0	0	0	12.402	0	0	0	0	0.969	0	0	0	0	0.551	0	0	0	0	0.551	0	0	0	0	0	0	0	0	0.75	0	0	0	0	0.5	0	0	0	0.116	0.581
1.89	5.496	2.272	0	0	3.849	5.496	2.272	0	2.992	2.962	2.754	2.272	0	2.992	0.833	0.733	0	0	1	0.833	0.733	0	0	1	1	1	0	0	1	0	0	0.5	0.2	0	0	0	0	0	0	0.718	0.246
4.935	0	0	0	0	4.935	0	0	0.868	0.868	2.145	0	0	0.868	0.868	0.8	0	0	0	0	0.8	0	0	0	0	1	0	0	0	0	0	0.2	0	0	0	0	0	0	0	0	0	0.374
0	0.864	2.09	1.945	0	0	0.864	2.09	1.945	0	0	0	2.09	1.076	0	0	0	1	1	0	0	0	1	1	0	0	0	1	0	0	0.75	0	0	0	0.75	0.75	0	0	0	1	0.3	0.771
1.378	0	0	0	1.753	1.378	0	1.126	0	3.6	1.378	0	1.126	0	1.818	0	0	0	0	0.5	0	0	0	0	0.5	0	0	0	0	1	0	0.2	0	0.2	0	0	0.2	0	0.4	0	0.197	0.512
2.991	4.885	0.947	3.743	0	6.109	9.209	0.947	7.723	0	6.109	6.418	0	4.948	0	0.667	0.639	0	0.679	0	0.667	0.639	0	0.679	0	0.6	0.467	0	0.4	0	0.2	0	0	0	0.8	0	0	0	0	0.6	0	0.545
0	11.848	0	7.726	0	1.168	14.975	1.755	12.951	0	1.168	4.355	1.755	5.412	0	0	0.543	0	0.333	0	0	0.543	0	0.333	0	0	0.333	0	0.1	0	0	0	0	0.2	0	0.2	0	0	0	0	0.12	0.767
4.885	3.743	2.991	7.972	0.947	9.209	7.723	6.109	13.673	0.947	6.418	4.948	6.109	5.738	0	0.639	0.679	0.667	0.423	0	0.639	0.679	0.667	0.423	0	0.467	0.4	0.6	0.9	0	0	0	0.2	0.556	0	0	0	0	0	0	0.419	0.365
0	23.707	0	6.64	3.777	0	26.054	0	7.664	5.996	0	4.506	0	3.034	5.093	0	0.333	0	0.607	0.533	0	0.333	0	0.607	0.533	0	0.333	0	0.667	0.2	0.4	0	0	0	0	0.4	0	0	0	0.4	0	0.796
0	3.777	1.963	0	11.571	0	5.996	2.84	0	14.712	0	5.093	1.831	0	6.07	0	0.533	0.5	0	0.467	0	0.533	1	0	0.467	0	0.2	0	0	0.067	0	0	0	0	0.2	0	0.4	0	0	0	0	0.576
0	0	4.869	-1	11.673	0	0	4.869	-1	11.673	0	0	1.009	-1	5.172	0	0	0.6	-1	0.561	0	0	0.6	-1	0.561	0	0	0	-1	0.9	0	0	0	-1	0.4	0	0.2	0	-1	0	0.298	0.374
0	0	0	0	1.147	0	0	0	0	0	0	0	0	0	1.147	0	0	0	0	0	0	0	0	0	0	0	0	0	0	0	1	1	0	1	0.75	0.8	1	0	1	0	0	0.970
2.979	0	0	0	0	2.979	0	1.132	0	0	2.089	0	1.132	0	0	0.333	0	0	0	0	0.333	0	0	0	0	1	0	0	0	0	0	0.25	0	0.667	0	0	0.25	0	0.667	0.4	0.557	0.393
2.808	0	0	30.329	22.532	5.791	0	0.901	37.815	25.243	4.922	0	0.901	17.387	9.002	0.4	0	0	0.207	0.33	0.4	0	0	0.207	0.33	0.5	0	0	0.175	0.429	0	0	0.25	0	0	0	0	0.25	0	0	0.2	0.466
16.498	2.8	0	0	0	16.498	2.8	0	0	0	4.227	0	0	0	0	0.529	1	0	0	0	0.529	1	0	0	0	0.5	0	0	0	0	0	0	0	0	0	0	0	0	0	0	0.713	0.334
12.402	0	0	0	0	12.402	0	0	0	0	0.969	0	0	0	0	0.551	0	0	0	0	0.551	0	0	0	0	0	0	0	0	0	0	0	0	0.75	0	0	0	0	0.5	0	0.715	0.204
1.753	0	18.761	1.378	2.797	3.6	1.126	24.782	1.378	3.704	1.818	1.126	10.792	1.378	0.907	0.5	0	0.383	0	0.833	0.5	0	0.383	0	0.833	1	0	0.361	0	0	0	0	0.25	0	0	0	0	0	0	0	0.197	0.471
25.947	2.058	0	0	0	32.005	2.058	0	0	1.06	12.972	2.058	0	0	1.06	0.275	1	0	0	0	0.275	1	0	0	0	0.197	1	0	0	0	0	0	0	0.8	0.333	0	0	0	1	0	0.055	0.327
0	0	2.8	0	16.498	0	0	2.8	0	16.498	0	0	0	0	4.227	0	0	1	0	0.529	0	0	1	0	0.529	0	0	0	0	0.5	0	0	0	1	0	0	0	0	0	0	0.12	0.610
0	2.979	0	0	4.625	1.132	2.979	0	0	4.625	1.132	2.089	0	0	0	0	0.333	0	0	0.9	0	0.333	0	0	0.9	0	1	0	0	0	0	0	0	0.25	0	0	0	0.4	0.25	0	0.556	0.378
0	0	-1	0	-1	0	0	-1	0	-1	0	0	-1	0	-1	0	0	-1	0	-1	0	0	-1	0	-1	0	0	-1	0	-1	0	0	-1	0	-1	0	0	-1	0	-1	0.896	0.997
0	0	0	0	0	0	0	0	1.755	0	0	0	0	1.755	0	0	0	0	0	0	0	0	0	0	0	0	0	0	0	0	0	0	0.25	0	0	0.333	0	0.25	0	0	0.417	0.576
0	1.147	0	0	0	0	0	0	0	0	0	1.147	0	0	0	0	0	0	0	0	0	0	0	0	0	0	0	0	0	0	0.6	0	1	0.2	0	0.4	0	1	0	0	0	0.765
0	0	0	0	0	0	1.755	0	1.168	0	0	1.755	0	1.168	0	0	0	0	0	0	0	0	0	0	0	0	0	0	0	0	0	0	0	0	0.25	0	0	0.333	0.2	0.25	0.893	0.592
3.777	0	0	0	1.963	5.996	0	0	0	2.84	5.093	0	0	0	1.831	0.533	0	0	0	0.5	0.533	0	0	0	1	0.2	0	0	0	0	0	0	0	0.4	0	0.4	0	0	0.4	0	0	0.632
4.869	0	11.673	0	1.065	4.869	0	11.673	0	1.065	1.009	0	5.172	0	1.065	0.6	0	0.561	0	0	0.6	0	0.561	0	0	0	0	0.9	0	0	0	0	0.4	0	0.333	0	0	0	0.2	0.333	0	0.420
0	16.498	0	2.8	0	0	16.498	0	2.8	0	0	4.227	0	0	0	0	0.529	0	1	0	0	0.529	0	1	0	0	0.5	0	0	0	0	0	0	0	0	0	0	0	0	0	0.897	0.454
0	0	3.777	23.707	0	0	0	5.996	26.054	0	0	0	5.093	4.506	0	0	0	0.533	0.333	0	0	0	0.533	0.333	0	0	0	0.2	0.333	0	0	0.4	0	0	0	0	0.4	0.4	0	0	0	0.807
0	0	0	0	1.378	0	0	0	0	1.378	0	0	0	0	1.378	0	0	0	0	0	0	0	0	0	0	0	0	0	0	0	0.2	0	0.2	1	0	0.4	0	0.2	1	0	0	0.725
0	0	0	4.935	0	0.868	0	0	4.935	0	0.868	0	0	2.145	0	0	0	0	0.8	0	0	0	0	0.8	0	0	0	0	1	0	0	0	1	0	0	0	0	0	0	0	0.716	0.305
0	0.947	0	2.991	0	0	0.947	0	6.109	0	0	0	0	6.109	0	0	0	0	0.667	0	0	0	0	0.667	0	0	0	0	0.6	0	0.8	0	0	0.2	0.667	0.6	0	0	0	0.667	0	0.862
0	0	8.072	3.723	1.11	0	0	10.101	3.723	2.072	0	0	7.033	0	2.072	0	0	0.756	1	1	0	0	0.756	1	1	0	0	0.476	0	1	0.4	0	0.2	0.6	0.2	0.2	0	0	0.8	0	0	0.895
0	0	0	0	0	0	0	0	0	0	0	0	0	0	0	0	0	0	0	0	0	0	0	0	0	0	0	0	0	0	0	0	0	0	0	0	0	0	0	0	0.894	0.976
0	1.065	0	11.673	0	0	1.065	0	11.673	0	0	1.065	0	5.172	0	0	0	0	0.561	0	0	0	0	0.561	0	0	0	0	0.9	0	0.2	0.333	1	0.4	1	0.4	0.333	1	0	1	0	0.680
1.038	1.233	10.91	0	3.723	1.038	1.233	11.997	0	3.723	1.038	1.233	5.251	0	0	0	0	0.682	0	1	0	0	0.682	0	1	0	0	0.6	0	0	0	0	0	0.25	0.6	0	0	0	0	0.8	0.896	0.626
0	0	0	0	2.979	0	0	0	0	2.979	0	0	0	0	2.089	0	0	0	0	0.333	0	0	0	0	0.333	0	0	0	0	1	0.667	0	0.25	0.8	0	0.667	0	0.25	0.6	0	0	0.909
0	2.09	4.319	0	0	0	2.09	4.319	0	0	0	2.09	3.347	0	0	0	1	0.833	0	0	0	1	0.833	0	0	0	1	0.667	0	0	0.75	0	0	0.75	0.75	1	0	0	0.75	0.25	0.296	0.972
5.496	0	1.89	1.147	2.272	5.496	0	3.849	0	2.272	2.754	0	2.962	1.147	2.272	0.733	0	0.833	0	0	0.733	0	0.833	0	0	1	0	1	0	0	0	0.2	0	0.75	0.5	0	0	0	0	0	0.557	0.262
0	7.485	0	4.625	0	0	8.618	0	4.625	0	0	1.132	0	0	0	0	0.694	0	0.9	0	0	0.694	0	0.9	0	0	0	0	0	0	1	0	0.8	0	0	0	0	1	0	0	0	0.961
0	0	4.933	0	1.378	0	0	4.933	0	1.378	0	0	4.021	0	1.378	0	0	0.4	0	0	0	0	0.4	0	0	0	0	0	0	0	0	0	0.2	0	0.444	0	0	0	0	0.222	0	0.589
22.532	0	1.05	2.808	0	25.243	0.901	3.89	5.791	0	9.002	0.901	3.89	4.922	0	0.33	0	0.5	0.4	0	0.33	0	0.5	0.4	0	0.429	0	0.5	0.5	0	0	0.25	0	0	0.25	0	0.25	0	0	0	0.42	0.161
0.864	1.945	0	0	2.09	0.864	1.945	0	0	2.09	0	1.076	0	0	2.09	0	1	0	0	1	0	1	0	0	1	0	0	0	0	1	0	0	0.75	0	0	0	0	0.75	0	0	0	0.691
2.058	0	25.947	0.917	0	2.058	0	32.005	0.917	0	2.058	0	12.972	0.917	0	1	0	0.275	0	0	1	0	0.275	0	0	1	0	0.197	0	0	0	0.8	0	0	0	0	1	0	0	0	0.557	0.239
0	0	0	0	12.402	0	0	0	0	12.402	0	0	0	0	0.969	0	0	0	0	0.551	0	0	0	0	0.551	0	0	0	0	0	0.75	0	0	0.8	0	0.5	0	0	1	0	0.558	0.909
7.569	2.797	1.824	18.761	7.972	14.382	3.704	4.843	24.782	13.673	7.772	0.907	3.02	10.792	5.738	0.44	0.833	0.9	0.383	0.423	0.44	0.833	0.9	0.383	0.423	0.571	0	0.667	0.361	0.9	0	0	0	0.25	0.556	0	0	0	0	0	0.718	0.254
7.726	0	11.848	8.064	0	12.951	0	14.975	10.466	1.168	5.412	0.913	4.355	4.663	1.168	0.333	0	0.543	0.6	0	0.333	0	0.543	0.6	0	0.1	0	0.333	0.333	0	0.2	0.714	0	0.111	0	0	1	0	0	0.2	0.117	0.501
11.673	4.869	1.065	0	0	11.673	4.869	1.065	0	0	5.172	1.009	1.065	0	0	0.561	0.6	0	0	0	0.561	0.6	0	0	0	0.9	0	0	0	0	0.4	0	0.333	0	0.2	0	0	0.333	0	0.4	0.419	0.668
0	2.272	6.644	1.89	0	2.992	2.272	7.891	3.849	0	2.992	2.272	4.226	2.962	0	1	0	0.964	0.833	0	1	0	0.964	0.833	0	1	0	1	1	0	0	0.5	0	0	0	0	0	0	0	0	0.415	0.371
0	0	1.378	0	0	0	0	1.378	0	1.126	0	0	1.378	0	1.126	0	0	0	0	0	0	0	0	0	0	0	0	0	0	0	0.2	0.2	0	0	0	0.2	0.4	0	0	0	0	0.459
0	0	0	7.485	0	0	0	0	8.618	0	0	0	0	1.132	0	0	0	0	0.694	0	0	0	0	0.694	0	0	0	0	0	0	0.8	1	0	0	0.75	1	0	0	0	0.5	0.198	0.975
0	0	0	0.947	0	0	0	0	0.947	0	0	0	0	0	0	0	0	0	0	0	0	0	0	0	0	0	0	0	0	0	0	0.8	0.667	0	0.25	0	0.6	0.667	0	0.25	0	0.586
0	0	4.935	5.796	0	0	0.868	4.935	7.914	0	0	0.868	2.145	4.314	0	0	0	0.8	0.75	0	0	0	0.8	0.75	0	0	0	1	0.667	0	0.2	0	0	0	0	0	0	0	0	0	0	0.532
0	0	1.147	0	0	0	0	0	0	0	0	0	1.147	0	0	0	0	0	0	0	0	0	0	0	0	0	0	0	0	0	0.2	0	0	0.25	0.6	0	0	0	0.25	0.4	0.298	0.443
1.824	7.569	7.972	2.797	3.743	4.843	14.382	13.673	3.704	7.723	3.02	7.772	5.738	0.907	4.948	0.9	0.44	0.423	0.833	0.679	0.9	0.44	0.423	0.833	0.679	0.667	0.571	0.9	0	0.4	0	0	0.556	0	0	0	0	0	0	0	0.419	0.236
0	0	0	0	-1	0	0	0	0	-1	0	0	0	0	-1	0	0	0	0	-1	0	0	0	0	-1	0	0	0	0	-1	0	0	0	0	-1	0	0	0	0	-1	0.897	0.997
1.05	22.532	0	0	0	3.89	25.243	0	0.901	0	3.89	9.002	0	0.901	0	0.5	0.33	0	0	0	0.5	0.33	0	0	0	0.5	0.429	0	0	0	0	0	0.25	0.25	0	0	0	0	0.25	0	0.556	0.466
23.707	6.64	0	8.631	0	26.054	7.664	0	9.579	0	4.506	3.034	0	3.089	0	0.333	0.607	0	0.6	0	0.333	0.607	0	0.6	0	0.333	0.667	0	0.667	0	0	0	0.4	0	0	0	0	0.4	0	0	0.117	0.216
0	8.064	7.726	11.571	11.848	0	10.466	12.951	14.712	14.975	0.913	4.663	5.412	6.07	4.355	0	0.6	0.333	0.467	0.543	0	0.6	0.333	0.467	0.543	0	0.333	0.1	0.067	0.333	0.714	0.111	0.2	0.2	0	1	0	0	0	0	0.557	0.803
0	0	0	0	0	0	0	0	0	0	0	0	0	0	0	0	0	0	0	0	0	0	0	0	0	0	0	0	0	0	0	0.8	0.75	1	0	0	1	0.5	0	0	0.713	0.605
2.09	0	0	0.864	4.319	2.09	0	0	0.864	4.319	2.09	0	0	0	3.347	1	0	0	0	0.833	1	0	0	0	0.833	1	0	0	0	0.667	0	0.75	0.75	0	0	0	0.75	1	0	0	0	0.458
0.947	2.991	0	4.885	0	0.947	6.109	0	9.209	0	0	6.109	0	6.418	0	0	0.667	0	0.639	0	0	0.667	0	0.639	0	0	0.6	0	0.467	0	0	0.2	0.8	0	0	0	0	0.6	0	0	0.298	0.212
7.485	4.625	0	0	0	8.618	4.625	0	0	0	1.132	0	0	0	0	0.694	0.9	0	0	0	0.694	0.9	0	0	0	0	0	0	0	0	0	0	1	0	0.8	0	0	0	0.4	1	0.556	0.209
0	0	5.796	1.05	0	0	0	7.914	3.89	0.868	0	0	4.314	3.89	0.868	0	0	0.75	0.5	0	0	0	0.75	0.5	0	0	0	0.667	0.5	0	0	0.25	0	0	0	0	0	0	0	0	0	0.548
0.917	1.11	0	8.072	2.058	0.917	2.072	0	10.101	2.058	0.917	2.072	0	7.033	2.058	0	1	0	0.756	1	0	1	0	0.756	1	0	1	0	0.476	1	0	0.2	0.8	0.2	0	0	0	1	0	0	0	0.576
0	1.05	0	22.532	5.796	0	3.89	0	25.243	7.914	0	3.89	0	9.002	4.314	0	0.5	0	0.33	0.75	0	0.5	0	0.33	0.75	0	0.5	0	0.429	0.667	0.25	0	0	0	0	0	0	0	0	0	0	0.863
1.065	11.673	0	4.869	0	1.065	11.673	0	4.869	0	1.065	5.172	0	1.009	0	0	0.561	0	0.6	0	0	0.561	0	0.6	0	0	0.9	0	0	0	0.333	0.4	0.2	0	1	0.333	0	0.4	0	1	0	0.672
8.631	0	6.64	0	23.707	9.579	1.06	7.664	0	26.054	3.089	1.06	3.034	0	4.506	0.6	0	0.607	0	0.333	0.6	0	0.607	0	0.333	0.667	0	0.667	0	0.333	0	0.333	0	0	0	0	0	0	0	0	0.119	0.546
0	0	0	0	2.8	0	0	0	0.868	2.8	0	0	0	0.868	0	0	0	0	0	1	0	0	0	0	1	0	0	0	0	0	0	1	0	0	0	0	0	0	0	0	0.897	0.232
0	0	0	0	0	0	0	0	0	0	0	0	0	0	0	0	0	0	0	0	0	0	0	0	0	0	0	0	0	0	0	0	0	0	0	0	0	0	0	0	0.717	0.954
0	0	0	0	0	0	0	0	0	0	0	0	0	0	0	0	0	0	0	0	0	0	0	0	0	0	0	0	0	0	1	1	1	0.2	0	1	1	0.8	0.4	0	0	0.970
0	0	1.233	4.319	1.038	0	0	1.233	4.319	1.038	0	0	1.233	3.347	1.038	0	0	0	0.833	0	0	0	0	0.833	0	0	0	0	0.667	0	0.25	0.75	0	0	0	0	0.25	0	0	0	0	0.772
1.378	4.933	0	0	1.945	1.378	4.933	0	0	1.945	1.378	4.021	0	0	1.076	0	0.4	0	0	1	0	0.4	0	0	1	0	0	0	0	0	0.444	0.2	0	0	0	0.222	0	0	0	0	0	0.683
8.064	11.571	0	1.963	7.726	10.466	14.712	0	2.84	12.951	4.663	6.07	0.913	1.831	5.412	0.6	0.467	0	0.5	0.333	0.6	0.467	0	1	0.333	0.333	0.067	0	0	0.1	0.111	0.2	0.714	0	0.2	0	0	1	0	0	0.419	0.340
0	0	0	16.498	4.933	0	0	0	16.498	4.933	0	0	0	4.227	4.021	0	0	0	0.529	0.4	0	0	0	0.529	0.4	0	0	0	0.5	0	0	0	0	0	0.2	0	0	0	0	0	0.417	0.507
4.319	0	0	2.09	0	4.319	0	0	2.09	0	3.347	0	0	2.09	0	0.833	0	0	1	0	0.833	0	0	1	0	0.667	0	0	1	0	0	0.75	0.75	0	0.25	0	1	0.25	0	0	0.897	0.264
0	2.755	30.329	0	0	0	6.876	37.815	0	0	0	5.923	17.387	0	0	0	0.571	0.207	0	0	0	0.571	0.207	0	0	0	0.467	0.175	0	0	0.4	0.143	0	0	0	0	0	0	0	0	0	0.689
0	0.917	2.058	1.11	25.947	0	0.917	2.058	2.072	32.005	0	0.917	2.058	2.072	12.972	0	0	1	1	0.275	0	0	1	1	0.275	0	0	1	1	0.197	0.8	0	0	0.2	0	1	0	0	0	0	0.419	0.985
0	0	1.147	0	0	0	0	0	0	0	0	0	1.147	0	0	0	0	0	0	0	0	0	0	0	0	0	0	0	0	0	0	1	0.75	1	0.2	0	0.8	0	1	0	0.415	0.652
11.571	1.963	8.064	0	0	14.712	2.84	10.466	0	0	6.07	1.831	4.663	0	0.913	0.467	0.5	0.6	0	0	0.467	1	0.6	0	0	0.067	0	0.333	0	0	0.2	0	0.111	0	0.714	0	0	0	0	1	0	0.369
10.91	1.038	3.723	1.233	0	11.997	1.038	3.723	1.233	0	5.251	1.038	0	1.233	0	0.682	0	1	0	0	0.682	0	1	0	0	0.6	0	0	0	0	0	0	0.6	0	0	0	0	0.8	0	0	0.296	0.308
2.755	0	0	6.644	30.329	6.876	0	0	7.891	37.815	5.923	0	0	4.226	17.387	0.571	0	0	0.964	0.207	0.571	0	0	0.964	0.207	0.467	0	0	1	0.175	0.143	0	0.4	0	0	0	0	0	0	0	0.418	0.385
0	0	0	0	0	0	0	0	0	0	0	0	0	0	0	0	0	0	0	0	0	0	0	0	0	0	0	0	0	0	0	0	0	0	0	0	0	0	0	0	0.898	0.962
30.329	0	0	2.755	2.808	37.815	0	0	6.876	5.791	17.387	0	0	5.923	4.922	0.207	0	0	0.571	0.4	0.207	0	0	0.571	0.4	0.175	0	0	0.467	0.5	0	0.4	0	0.143	0	0	0	0	0	0	0.195	0.209
0	0	0	0	0	0	0.868	0	0	0	0	0.868	0	0	0	0	0	0	0	0	0	0	0	0	0	0	0	0	0	0	1	0	0	0	0	0	0	0	0	0	0.299	0.993
6.64	8.631	23.707	0	0	7.664	9.579	26.054	1.06	0	3.034	3.089	4.506	1.06	0	0.607	0.6	0.333	0	0	0.607	0.6	0.333	0	0	0.667	0.667	0.333	0	0	0	0	0	0.333	0.4	0	0	0	0	0.4	0.556	0.209
11.848	7.726	0	0	0	14.975	12.951	1.168	0	1.755	4.355	5.412	1.168	0.913	1.755	0.543	0.333	0	0	0	0.543	0.333	0	0	0	0.333	0.1	0	0	0	0	0.2	0	0.714	0	0	0	0.2	1	0	0.558	0.277
2.8	0	16.498	0	0	2.8	0	16.498	0	0	0	0	4.227	0	0	1	0	0.529	0	0	1	0	0.529	0	0	0	0	0.5	0	0	0	0	0	0	0	0	0	0	0	0	0.556	0.173
3.743	7.972	4.885	1.824	2.991	7.723	13.673	9.209	4.843	6.109	4.948	5.738	6.418	3.02	6.109	0.679	0.423	0.639	0.9	0.667	0.679	0.423	0.639	0.9	0.667	0.4	0.9	0.467	0.667	0.6	0	0.556	0	0	0.2	0	0	0	0	0	0.718	0.166
1.147	0	0	0	0	0	0	0	0	0	1.147	0	0	0	0	0	0	0	0	0	0	0	0	0	0	0	0	0	0	0	0	0.2	0.6	0	1	0	0	0.4	0	1	0	0.710
0	4.319	0	0	1.233	0	4.319	0	0	1.233	0	3.347	0	0	1.233	0	0.833	0	0	0	0	0.833	0	0	0	0	0.667	0	0	0	0.75	0	0.25	0.75	0	0.25	0	0	1	0	0.558	0.964
0	0	0	0	0	0	0	0	0	0	0	0	0	0	0	0	0	0	0	0	0	0	0	0	0	0	0	0	0	0	0.25	0	0	0	0.2	0.25	0.333	0	0	0	0	0.712
0	0	2.979	0	0	0	0	2.979	0	1.132	0	0	2.089	0	1.132	0	0	0.333	0	0	0	0	0.333	0	0	0	0	1	0	0	0.25	0.667	0	0	0	0.25	0.667	0	0	0	0	0.783
0	0	4.625	2.979	7.485	0	1.132	4.625	2.979	8.618	0	1.132	0	2.089	1.132	0	0	0.9	0.333	0.694	0	0	0.9	0.333	0.694	0	0	0	1	0	0	0	0	0	0	0.4	0	0	0	0	0	0.929
0	0	0	1.065	0	0	0	0	1.065	0	0	0	0	1.065	0	0	0	0	0	0	0	0	0	0	0	0	0	0	0	0	1	0.2	1	0.333	1	1	0.4	1	0.333	0.8	0.298	0.969
0	0	0	11.848	0	1.755	1.168	0	14.975	0	1.755	1.168	0	4.355	0	0	0	0	0.543	0	0	0	0	0.543	0	0	0	0	0.333	0	0	0	0	0	0	0	0.2	0	0	0.333	0.894	0.406
5.796	0	0	0	0	7.914	0	0.868	0	0	4.314	0	0.868	0	0	0.75	0	0	0	0	0.75	0	0	0	0	0.667	0	0	0	0	0	0	0	0.25	0.2	0	0	0	0	0	0.418	0.178
0	1.378	1.753	0	18.761	1.126	1.378	3.6	0	24.782	1.126	1.378	1.818	0	10.792	0	0	0.5	0	0.383	0	0	0.5	0	0.383	0	0	1	0	0.361	0	0	0	0.2	0.25	0	0	0	0.2	0	0	0.449
0	3.723	0	10.91	8.072	0	3.723	0	11.997	10.101	0	0	0	5.251	7.033	0	1	0	0.682	0.756	0	1	0	0.682	0.756	0	0	0	0.6	0.476	0	0.6	0.4	0	0.2	0	0.8	0.2	0	0	0	0.989
0	12.402	0	0	0	0	12.402	0	0	0	0	0.969	0	0	0	0	0.551	0	0	0	0	0.551	0	0	0	0	0	0	0	0	0	0	0	0	0	0	0	0	0	0	0.72	0.733
1.945	0	0.864	1.378	0	1.945	0	0.864	1.378	0	1.076	0	0	1.378	0	1	0	0	0	0	1	0	0	0	0	0	0	0	0	0	0	0	0	0.444	0.75	0	0	0	0.222	0.75	0	0.382
0	1.147	5.496	0	1.89	0	0	5.496	0	3.849	0	1.147	2.754	0	2.962	0	0	0.733	0	0.833	0	0	0.733	0	0.833	0	0	1	0	1	0.2	0.75	0	0	0	0	0	0	0	0	0.296	0.572
0	5.796	0	0	4.935	0.868	7.914	0	0	4.935	0.868	4.314	0	0	2.145	0	0.75	0	0	0.8	0	0.75	0	0	0.8	0	0.667	0	0	1	0	0	0.2	0	0	0	0	0	0	0	0.42	0.401
0	25.947	0	2.058	8.631	0	32.005	1.06	2.058	9.579	0	12.972	1.06	2.058	3.089	0	0.275	0	1	0.6	0	0.275	0	1	0.6	0	0.197	0	1	0.667	0	0	0.333	0	0	0	0	0	0	0	0.715	0.340
0	6.644	2.755	0	0	0	7.891	6.876	2.992	0	0	4.226	5.923	2.992	0	0	0.964	0.571	1	0	0	0.964	0.571	1	0	0	1	0.467	1	0	0	0	0.143	0	0.4	0	0	0	0	0	0.557	0.361
4.625	0	7.485	0	0	4.625	0	8.618	1.132	0	0	0	1.132	1.132	0	0.9	0	0.694	0	0	0.9	0	0.694	0	0	0	0	0	0	0	0	0	0	0	1	0	0.4	0	0	0	0.296	0.280
8.072	0	1.11	0	0.917	10.101	0	2.072	0	0.917	7.033	0	2.072	0	0.917	0.756	0	1	0	0	0.756	0	1	0	0	0.476	0	1	0	0	0.2	0.4	0.2	0	0	0	0.2	0	0	0	0.556	0.316
0	4.935	0	0	0	0	4.935	0.868	0	0	0	2.145	0.868	0	0	0	0.8	0	0	0	0	0.8	0	0	0	0	1	0	0	0	0	0	0	0.2	1	0	0	0	0	0	0.557	0.241
1.11	8.072	0.917	0	0	2.072	10.101	0.917	0	0	2.072	7.033	0.917	0	0	1	0.756	0	0	0	1	0.756	0	0	0	1	0.476	0	0	0	0.2	0.2	0	0.4	0.8	0	0	0	0.2	1	0	0.598
7.972	1.824	3.743	7.569	4.885	13.673	4.843	7.723	14.382	9.209	5.738	3.02	4.948	7.772	6.418	0.423	0.9	0.679	0.44	0.639	0.423	0.9	0.679	0.44	0.639	0.9	0.667	0.4	0.571	0.467	0.556	0	0	0	0	0	0	0	0	0	0.419	0.443
3.723	10.91	0	1.038	0	3.723	11.997	0	1.038	0	0	5.251	0	1.038	0	1	0.682	0	0	0	1	0.682	0	0	0	0	0.6	0	0	0	0.6	0	0	0	0.4	0.8	0	0	0	0.2	0	0.826
0	0	0	0	0	0	0	0	0	0	0	0	0	0	0	0	0	0	0	0	0	0	0	0	0	0	0	0	0	0	0	1	0.2	0.6	0.2	0	1	0.4	0.4	0.2	0	0.533
2.797	18.761	7.569	1.753	1.824	3.704	24.782	14.382	3.6	4.843	0.907	10.792	7.772	1.818	3.02	0.833	0.383	0.44	0.5	0.9	0.833	0.383	0.44	0.5	0.9	0	0.361	0.571	1	0.667	0	0.25	0	0	0	0	0	0	0	0	0.896	0.285
0	1.378	1.945	4.933	0.864	0	1.378	1.945	4.933	0.864	0	1.378	1.076	4.021	0	0	0	1	0.4	0	0	0	1	0.4	0	0	0	0	0	0	0	0.444	0	0.2	0	0	0.222	0	0	0	0	0.588
0	0	0	12.402	0	0	0	0	12.402	0	0	0	0	0.969	0	0	0	0	0.551	0	0	0	0	0.551	0	0	0	0	0	0	0	0	0	0	0	0	0	0	0	0	0.894	0.919
1.233	0	1.038	0	10.91	1.233	0	1.038	0	11.997	1.233	0	1.038	0	5.251	0	0	0	0	0.682	0	0	0	0	0.682	0	0	0	0	0.6	0	0.25	0	0.75	0	0	0	0	0.25	0	0.418	0.368
1.963	0	11.571	3.777	8.064	2.84	0	14.712	5.996	10.466	1.831	0	6.07	5.093	4.663	0.5	0	0.467	0.533	0.6	1	0	0.467	0.533	0.6	0	0	0.067	0.2	0.333	0	0	0.2	0	0.111	0	0	0	0.4	0	0	0.687
0	0	0	0	1.147	0	0	0	0	0	0	0	0	0	1.147	0	0	0	0	0	0	0	0	0	0	0	0	0	0	0	0	0.25	0.2	0	0	0	0.25	0	0.333	0	0.556	0.445
0	0	8.631	25.947	6.64	1.06	0	9.579	32.005	7.664	1.06	0	3.089	12.972	3.034	0	0	0.6	0.275	0.607	0	0	0.6	0.275	0.607	0	0	0.667	0.197	0.667	0.333	0	0	0	0	0	0	0	0	0	0.893	0.650
4.933	0	1.378	0	0	4.933	0	1.378	0	0	4.021	0	1.378	0	0	0.4	0	0	0	0	0.4	0	0	0	0	0	0	0	0	0	0.2	0	0.444	0	0	0	0	0.222	0	0	0	0.430
0	30.329	2.808	0	0	0	37.815	5.791	0	0.901	0	17.387	4.922	0	0.901	0	0.207	0.4	0	0	0	0.207	0.4	0	0	0	0.175	0.5	0	0	0	0	0	0.4	0.25	0	0	0	0	0.25	0.556	0.278
6.644	0	0	2.272	2.755	7.891	2.992	0	2.272	6.876	4.226	2.992	0	2.272	5.923	0.964	1	0	0	0.571	0.964	1	0	0	0.571	1	1	0	0	0.467	0	0	0	0.5	0.143	0	0	0	0	0	0.557	0.271
0	-1	0	-1	4.869	0	-1	0	-1	4.869	0	-1	0	-1	1.009	0	-1	0	-1	0.6	0	-1	0	-1	0.6	0	-1	0	-1	0	0	-1	0	-1	0	0.2	-1	0	-1	0	0.899	0.787
1.147	0	0	0	5.496	0	0	0	0	5.496	1.147	0	0	0	2.754	0	0	0	0	0.733	0	0	0	0	0.733	0	0	0	0	1	0.75	0	0.2	1	0	0	0	0	0.8	0	0.296	0.693
0	0	0	1.147	0	0	0	0	0	0	0	0	0	1.147	0	0	0	0	0	0	0	0	0	0	0	0	0	0	0	0	1	0.6	0	0	0.2	1	0.4	0	0	0.4	0.016	0.986
