0	0.859	0	0	0	6.124	7.888	4.965	7.012	6.652	0	0	0	0	2.82	0.333	0.357	0.4	0.333	0.19	0.333	0.357	0.4	0.333	0.19	0	0	0	0	0.333	0	0	0	0	0	0	0	0.6	0	0	0.414	0.121
0	0	0	0	0	0	0	0	0	0	0	0	0	0	0	0	0	0	0	0	0	0	0	0	0	0	0	0	0	0	0	0	0	0	0	0	0	0	0	0	0.296	0.971
12.608	14.255	3.627	9.151	9.558	22.824	24.225	12.084	18.508	17.863	10.253	14.223	7.572	18.508	12.083	0.705	0.629	0.788	0.765	0.801	0.705	0.629	0.788	0.765	0.801	0.643	0.455	0.667	0.5	0.582	0	0	0.2	0	0	0	0	0.2	0.2	0	0.415	0.245
0	0	0	0	0	0	0	0	0	0	0	0	0	0	0	0	0	0	0	0	0	0	0	0	0	0	0	0	0	0	0	0	0	0	0	0	0	0	0	0	0.556	0.151
0	0	0	0	0	0	0	0	0	0	0	0	0	0	0	0	0	0	0	0	0	0	0	0	0	0	0	0	0	0	0	0	0.2	0	0.2	0	0	0	0	0.6	0.198	0.173
6.949	0	34.855	1.763	2.662	9.924	0	39.713	1.763	6.637	4.19	0	7.831	0	4.845	0.733	0	0.294	1	0.762	0.733	0	0.294	1	0.762	0.667	0	0.19	0	0.5	0.667	0.6	0	0.2	0.714	0.556	0.2	0.286	0	0	0.419	0.481
6.467	19.968	0	0	16.389	7.488	21.093	0	0	19.76	2.948	6.04	0	0	2.145	0.964	0.557	0	0	0.713	0.964	0.557	0	0	0.713	0.333	0.333	0	0	0	0.6	0.6	0	0.6	0.5	0.8	1	0	0	0	0.42	0.379
0	0	0	0	0	0	0	0	0	0	0	0	0	0	0	0	0	0	0	0	0	0	0	0	0	0	0	0	0	0	0	0	0.571	0.25	0	0	0	1	0	0	0.718	0.222
0	0	0	0	0	0	0	0	0	0	0	0	0	0	0	0	0	0	0	0	0	0	0	0	0	0	0	0	0	0	0	0	0	0	0	0	0	0	0	0	0.298	0.273
0	0	2.769	0	0	0	0.882	5.534	0.877	0	0	0.882	3.77	0.877	0	0	0	0.267	0	0	0	0	0.267	0	0	0	0	0	0	0	0	0	0.333	0.143	0	0	0.2	0.333	0.571	0	0	0.320
0.859	0	0	0	0	5.014	0	4.059	0	5.278	0	0	0	0	0	0.6	0	0.5	0	0.6	0.6	0	0.5	0	0.6	0	0	0	0	0	0	0	0	0	0	0	0	0	0	0	0.12	0.166
0	0	0	0	0	0	0	0	0	0	0	0	0	0	0	0	0	0	0	0	0	0	0	0	0	0	0	0	0	0	0	0	0	0	0.5	0	0	0.25	0	1	0	0.208
0	0	0	0	0	0	0	0	0	0	0	0	0	0	0	0	0	0	0	0	0	0	0	0	0	0	0	0	0	0	0	0	0	0.25	0	0	0	0	0	0	0.299	0.308
0	0	0	0	0	0	0	0	0	0	0	0	0	0	0	0	0	0	0	0	0	0	0	0	0	0	0	0	0	0	0	0	0	0	0	0	0	0	0	0	0.3	0.372
4.734	1.792	1.739	0	31.941	10.768	5.689	5.487	0.864	40.122	9.004	5.744	5.487	0.864	13.711	0.564	0.762	0.733	0	0.235	0.564	0.8	0.733	0	0.234	0.444	0.667	0.667	0	0.308	0.25	0	0	0.4	0	0	0.333	0	0	0	0	0.116
0	0	0	0	0	0	0	0	0	0	0	0	0	0	0	0	0	0	0	0	0	0	0	0	0	0	0	0	0	0	0	0	0	0	0	0	0	0	0	0	0.299	0.432
0	0	0	0.867	0	0	0	0	1.873	0	0	0	0	1.007	0	0	0	0	1	0	0	0	0	1	0	0	0	0	0	0	0.333	0	0	0.286	0	0	0	0	0.286	0	0	0.321
0	0	1.833	0	0.87	0	0	1.833	0	0.87	0	0	1.833	0	0.87	0	0	1	0	0	0	0	1	0	0	0	0	1	0	0	0.5	0	0.8	1	0.5	1	0	1	1	0.75	0	0.930
0	0	0	0	0	0	0	0	0	0	0	0	0	0	0	0	0	0	0	0	0	0	0	0	0	0	0	0	0	0	0	0	0	0	0	0	0	0	0	0	0.298	0.667
0	0	0	0	0	0	0	0	0	0	0	0	0	0	0	0	0	0	0	0	0	0	0	0	0	0	0	0	0	0	0	0	0	0	0	0	0	0	0	0	0.296	0.991
0.883	0	0	0	0	0.883	0	0	0	0	0	0	0	0	0	0	0	0	0	0	0	0	0	0	0	0	0	0	0	0	0	0	0	0	0	0	0	0.2	0	0.333	0	0.294
0	0	0	0	0	0	0	0	0	0	0	0	0	0	0	0	0	0	0	0	0	0	0	0	0	0	0	0	0	0	0	0	0	0	0	0	0.2	0	0	0	0	0.256
4.528	0	0	0	0	4.528	0	0	0	0	0	0	0	0	0	0.9	0	0	0	0	0.9	0	0	0	0	0	0	0	0	0	0	0.2	0	0.25	0	0.444	0	0	0	0	0	0.347
0	0	0	0	0	0	0	0	0	0	0	0	0	0	0	0	0	0	0	0	0	0	0	0	0	0	0	0	0	0	0.2	0	0	0	0.2	0.2	0	0	0	0.2	0.117	0.610
0	0	0	0	0	0	0	0	0	0	0	0	0	0	0	0	0	0	0	0	0	0	0	0	0	0	0	0	0	0	0.5	0	0.2	0	0.6	0	0.429	0.2	0.4	0.8	0	0.739
6.493	6.754	0.866	0	0	6.493	6.754	0.866	0	0	1.933	0.971	0	0	0	0.952	0.905	0	0	0	0.952	0.905	0	0	0	1	0	0	0	0	0	0.2	0.625	0.625	0	0.8	0.2	0.5	0.75	0	0.117	0.306
0	0	0	0	0	0	0	0.877	0	0.882	0	0	0.877	0	0.882	0	0	0	0	0	0	0	0	0	0	0	0	0	0	0	0.8	0	0.143	0	0	0.6	0	0.571	0	0.2	0	0.538
0	0	0	0	0	0	0	0	0	0	0	0	0	0	0	0	0	0	0	0	0	0	0	0	0	0	0	0	0	0	0	0	0	0	0	0	0.333	0	0	0.4	0	0.163
0	0	0	0	21.765	0	0	0	0	23.054	0	0	0	0	7.685	0	0	0	0	0.554	0	0	0	0	0.554	0	0	0	0	0.333	1	0.667	0.2	0.8	0	1	1	0.6	1	0.667	0	0.766
0	0	0	0	0	0	0	0	0	0	0	0	0	0	0	0	0	0	0	0	0	0	0	0	0	0	0	0	0	0	0	0	0	0	0	0	0	0	0	0	0	0.775
0	0	0	0	0	0	0	0	0	0	0	0	0	0	0	0	0	0	0	0	0	0	0	0	0	0	0	0	0	0	0	0	0	0	0	0	0	0	0	0	0.294	0.302
0	0	0	0	0	0	0	0	0	0	0	0	0	0	0	0	0	0	0	0	0	0	0	0	0	0	0	0	0	0	0	0	0.111	0.333	0	0	0	0.222	0.333	0	0.897	0.163
0	0	0	0	0	0	0	0	0	0	0	0	0	0	0	0	0	0	0	0	0	0	0	0	0	0	0	0	0	0	0	0	0	0	0	0	0	0	0	0	0.714	0.097
0	0	0	0	0	0	0	0	0	0	0	0	0	0	0	0	0	0	0	0	0	0	0	0	0	0	0	0	0	0	0	0	0	0	0	0	0	0	0	0	0.118	0.913
0	0	0	0	0	0	0	0	0	0	0	0	0	0	0	0	0	0	0	0	0	0	0	0	0	0	0	0	0	0	0	0	0	0	0	0	0	0	0	0	0.72	0.244
0	0	0	0	0	0	0	0	0	0	0	0	0	0	0	0	0	0	0	0	0	0	0	0	0	0	0	0	0	0	0	0	0	0	0.333	0	0	0	0	0.333	0.56	0.082
0	0	0.859	0	0	7.012	7.134	7.888	6.493	6.124	0	0	0	0	0	0.333	0.381	0.357	0.467	0.333	0.333	0.381	0.357	0.467	0.333	0	0	0	0	0	0	0	0	0	0	0	0	0	0.6	0	0.9	0.162
0	0	0	9.301	0	0	0	0	11.511	0	0	0	0	2.21	0	0	0	0	0.742	0	0	0	0	0.742	0	0	0	0	1	0	0	0	0	0	0	0	0	0	0	0	0.72	0.302
0	0	0	0	0	0	0	0	0	0	0	0	0	0	0	0	0	0	0	0	0	0	0	0	0	0	0	0	0	0	0	0	0	0	0	0	0	0	0	0	0	0.933
0	0	0	0	0	0	0	0	0	0	0	0	0	0	0	0	0	0	0	0	0	0	0	0	0	0	0	0	0	0	0	0	0	0	0	0	0	0	0	0	0.117	0.210
0	0	0	0	0	0	0	0	0	0	0	0	0	0	0	0	0	0	0	0	0	0	0	0	0	0	0	0	0	0	0.2	0.5	0.6	0	0	0.2	0	0.8	0.429	0.2	0	0.675
0	0	0	0	0	0	0	0	0	0	0	0	0	0	0	0	0	0	0	0	0	0	0	0	0	0	0	0	0	0	0	0	0	0	0	0	0	0	0	0	0.117	0.639
0	0	0	0	0	0	0	0	0	0	0	0	0	0	0	0	0	0	0	0	0	0	0	0	0	0	0	0	0	0	0	0.667	0	0.5	0.5	0	0.222	0.2	1	0.5	0	0.373
0	0	0	0	0	0	0	0	0	0	0	0	0	0	0	0	0	0	0	0	0	0	0	0	0	0	0	0	0	0	0	0	0	0	0	0	0	0	0	0	0	0.689
0	3.597	3.755	0.857	0	0	4.493	6.573	0.857	0	0	2.616	4.76	0	0	0	0.9	0.571	0	0	0	0.9	0.571	0	0	0	0.667	0.3	0	0	0.4	0.8	0	0	0	0.2	1	0	0	0.2	0	0.487
0	2.674	0	0	0	0	2.674	0	0	0	0	0.934	0	0	0	0	1	0	0	0	0	1	0	0	0	0	0	0	0	0	0.333	0.714	1	1	0.6	0	0.857	0	0	0.8	0	0.782
0	0	0	0	0	0	0	0	0	0	0	0	0	0	0	0	0	0	0	0	0	0	0	0	0	0	0	0	0	0	0	0	0	0	0	0	0	0	0	0	0.299	0.999
0	0	0	0	4.528	0	0	0	0	4.528	0	0	0	0	0	0	0	0	0	0.9	0	0	0	0	0.9	0	0	0	0	0	0.25	0	0.2	0.4	0	0	0	0	0.2	0.444	0	0.660
31.295	0	33.144	0	0	32.319	0.878	35.06	0	0	1.024	0.878	3.136	0	0	0.341	0	0.312	0	0	0.341	0	0.312	0	0	0	0	0	0	0	0.2	0.6	0.333	0.5	0.8	0.4	1	0.222	1	1	0.298	0.140
0.869	0.903	0	1.75	0	6.296	6.423	1.782	5.337	2.797	6.296	6.423	3.606	5.337	2.797	0.429	0.333	0.667	0.2	0.667	0.429	0.238	1	0.2	0.667	0.429	0.333	0.667	0.2	0.667	0	0	0	0	0	0	0	0	0	0	0.298	0.130
0	1.756	0.884	0	2.728	0	2.708	1.749	0	3.584	0	2.708	0.865	0	0.856	0	0.667	1	0	1	0	0.667	1	0	1	0	0.667	0	0	0	0	0	0	0.2	0	0.222	0	0	0.2	0	0.419	0.261
14.255	9.151	12.608	9.134	3.627	24.225	18.508	22.824	18.046	12.084	14.223	18.508	10.253	14.093	7.572	0.629	0.765	0.705	0.772	0.788	0.629	0.765	0.705	0.772	0.788	0.455	0.5	0.643	0.487	0.667	0	0	0	0	0.2	0	0.2	0	0	0.2	0.294	0.257
0	0	0	0	0	0	0	0	0	0	0	0	0	0	0	0	0	0	0	0	0	0	0	0	0	0	0	0	0	0	0	0	0	0	0	0	0	0.4	0	0	0	0.173
0	0	0	0	0.89	4.843	6.652	3.011	4.965	3.765	1.953	2.82	3.011	0	3.765	0.1	0.19	0.333	0.4	0.167	0.1	0.19	0.333	0.4	0.167	0	0.333	0.333	0	0.167	0	0	0	0	0	0.375	0	0	0.6	0	0.415	0.107
12.138	15.561	4.051	9.558	10.561	18.384	23.762	8.506	17.863	14.986	8.365	17.453	6.6	12.083	11.422	0.831	0.674	0.786	0.801	0.819	0.831	0.674	0.786	0.801	0.819	0.714	0.571	0.667	0.582	0.673	0	0	0	0	0	0.286	0	0	0	0	0.299	0.517
0	0	0.893	0	0	3.668	4.512	5.594	5.836	4.725	3.668	4.512	4.701	5.836	4.725	0.167	0.4	0.267	0.2	0.1	0.167	0.4	0.267	0.2	0.1	0.167	0.3	0.1	0.133	0.1	0	0	0	0	0	0	0	0	0	0	0.717	0.134
1.833	0	0.87	0	0	1.833	0	0.87	0	0	1.833	0	0.87	0	0	1	0	0	0	0	1	0	0	0	0	1	0	0	0	0	0.8	0.5	0.5	0	0.625	1	1	0.75	0	0.5	0.198	0.333
0	6.604	0	0	0	0	6.604	0	0	0	0	0	0	0	0	0	0.952	0	0	0	0	0.952	0	0	0	0	0	0	0	0	0.8	0.2	0	0	0	0.6	0.6	0	0	0	0	0.845
0	0	0	0	0	0	0	0	0	0	0	0	0	0	0	0	0	0	0	0	0	0	0	0	0	0	0	0	0	0	0.2	0	0.2	0	0	0	0	0.6	0	0.25	0	0.220
0	0	0	0	0	0	0	0	0	0	0	0	0	0	0	0	0	0	0	0	0	0	0	0	0	0	0	0	0	0	0	0	0	0	0	0	0	0	0	0	0.893	0.572
0	0	0	0	0	0	0	0	0	0	0	0	0	0	0	0	0	0	0	0	0	0	0	0	0	0	0	0	0	0	0	0	0.5	0	0.667	0.25	0	1	0	0.222	0.417	0.273
0	0	0	-1	0	0	0	0	-1	0	0	0	0	-1	0	0	0	0	-1	0	0	0	0	-1	0	0	0	0	-1	0	0	0	0	-1	0	0	0	0	-1	0	0.417	0.999
0	0	0	0	0	0	0	0	0	0	0	0	0	0	0	0	0	0	0	0	0	0	0	0	0	0	0	0	0	0	0	0	0	0	0	0	0	0	0	0	0.115	0.471
0	0	0	0	0	0	0	0	0	0.878	0	0	0	0	0.878	0	0	0	0	0	0	0	0	0	0	0	0	0	0	0	0.4	0	0.5	1	0.6	0.6	0	1	0	1	0	0.690
0.856	0	7.679	33.144	0	0.856	0	9.741	35.06	0	0	0	2.988	3.136	0	0	0	0.978	0.312	0	0	0	0.978	0.312	0	0	0	0	0	0	0.556	0.8	0.6	0.333	1	0.111	1	0.8	0.222	1	0.197	0.644
0	0	0	0	0	0	0	0	0	0	0	0	0	0	0	0	0	0	0	0	0	0	0	0	0	0	0	0	0	0	0	0	0	0	0	0	0	0	0	0	0.294	0.794
0	0	0	0	0	0	0	0	0	0	0	0	0	0	0	0	0	0	0	0	0	0	0	0	0	0	0	0	0	0	0	0	0	0	0	0	0	0.4	0.333	0.4	0.299	0.107
0	0	4.528	0	0	0	0	4.528	0	0	0	0	0	0	0	0	0	0.9	0	0	0	0	0.9	0	0	0	0	0	0	0	0.2	0.25	0	0	0	0	0	0.444	0	0	0	0.471
0	0.883	0	0	0	0	0.883	0	0	0	0	0	0	0	0	0	0	0	0	0	0	0	0	0	0	0	0	0	0	0	0	0	0	0	0.25	0.2	0	0.333	0	0	0.717	0.189
0	0	0	0	0	0	0.886	0	1.751	0	0	0.886	0	1.751	0	0	0	0	0	0	0	0	0	0	0	0	0	0	0	0	0	0	0	0	0	0	0	0	0	0	0.717	0.173
0	0	0	0	0	0	0	0	0	0	0	0	0	0	0	0	0	0	0	0	0	0	0	0	0	0	0	0	0	0	0.25	0.2	0	0	0	0	0.2	0	0	0	0.417	0.436
1.783	0	1.876	0	0	4.893	0	3.748	0	0	3.974	0	2.728	0	0	0.7	0	1	0	0	0.7	0	1	0	0	0.333	0	0.333	0	0	0.5	0.25	0.8	0	0.25	0	0	0.6	0	0.25	0	0.312
0	0	0	0	0	0	0	0	0	0	0	0	0	0	0	0	0	0	0	0	0	0	0	0	0	0	0	0	0	0	0	0	0	0	0	0	0	0	0	0	0	0.692
0	0	0	0	0	0	0	0	0	0	0	0	0	0	0	0	0	0	0	0	0	0	0	0	0	0	0	0	0	0	0	0	0	0	0	0	0	0	0	0	0	0.922
0	0	0	0	0	0	0	0	0	0	0	0	0	0	0	0	0	0	0	0	0	0	0	0	0	0	0	0	0	0	0.333	0.6	1	1	1	0.667	0.8	0.8	0	1	0	0.710
0	0	17.758	0	13.038	0	0	19.904	0	13.038	0	0	0.926	0	1.22	0	0	0.661	0	0.833	0	0	0.661	0	0.833	0	0	0	0	0	1	0	0.4	0.667	0	1	0.25	1	1	0.75	0	0.939
0	0	0	0	0	2.827	2.796	3.709	0	3.753	2.827	2.796	3.709	0	3.753	0.333	0.333	0.333	0	0.167	0.333	0.333	0.333	0	0.167	0.333	0.333	0.333	0	0.167	0	0	0	0	0	0	0	0	0	0	0.716	0.109
0	0	0	0	0	0	0	0	0	0	0	0	0	0	0	0	0	0	0	0	0	0	0	0	0	0	0	0	0	0	0	0	0	0	0	0	0	0	0	0	0.415	0.369
0	0	0	0	0	1.844	0.863	0.863	0.885	0.959	1.844	0.863	0.863	0.885	0.959	0	0	0	0	0	0	0	0	0	0	0	0	0	0	0	0	0	0	0	0	0	0	0	0	0	0.415	0.137
0	0	0	0	0	0	0	0	0	0	0	0	0	0	0	0	0	0	0	0	0	0	0	0	0	0	0	0	0	0	0	0	0.2	0.2	0	0	0	0.2	0.2	0	0.718	0.184
0	0	0	0	0	0.877	0	0.882	0	0	0.877	0	0.882	0	0	0	0	0	0	0	0	0	0	0	0	0	0	0	0	0	0.143	0.8	0	0	0	0.571	0.6	0.2	0	0	0.418	0.341
0.89	0	5.23	0	12.365	3.765	3.011	9.871	4.843	15.567	3.765	3.011	5.817	1.953	6.451	0.167	0.333	0.356	0.1	0.59	0.167	0.333	0.356	0.1	0.59	0.167	0.333	0.2	0	0.333	0	0	0.2	0	0.2	0	0	1	0.375	0.8	0	0.109
0	2.771	0	0	0	0	2.771	0	0	0	0	1.859	0	0	0	0	0	0	0	0	0	0	0	0	0	0	0	0	0	0	0	0.2	0.4	0	0	0	0.2	0.2	0	0	0	0.653
0	0	0	0	0	0	0	0	0	0	0	0	0	0	0	0	0	0	0	0	0	0	0	0	0	0	0	0	0	0	0	0.333	0	0	0	0	0	0	0	0	0	0.321
11.402	0.906	18.858	17.163	18.482	20.219	6.476	28.227	26.492	27.664	15.544	6.476	16.41	17.116	18.566	0.637	0.762	0.393	0.514	0.443	0.637	0.762	0.393	0.511	0.443	0.514	0.619	0.429	0.508	0.419	0.2	0	0.2	0	0	0	0	0.2	0.4	0	0	0.242
6.604	0	0	0	0	6.604	0	0	0	0	0	0	0	0	0	0.952	0	0	0	0	0.952	0	0	0	0	0	0	0	0	0	0.2	0	0.8	0.2	0	0.6	0	0.6	0.2	0	0.418	0.357
0	0	0	0	0	0	0	0	0	0	0	0	0	0	0	0	0	0	0	0	0	0	0	0	0	0	0	0	0	0	0	0	0	0	0	0	0	0	0	0	0	0.993
0	0	0	0	0.893	4.512	5.836	3.668	5.505	5.594	4.512	5.836	3.668	5.505	4.701	0.4	0.2	0.167	0.267	0.267	0.4	0.2	0.167	0.267	0.267	0.3	0.133	0.167	0.2	0.1	0	0	0	0	0	0	0	0	0	0	0.713	0.204
0	0	0	0	0	0	0	0	0	0	0	0	0	0	0	0	0	0	0	0	0	0	0	0	0	0	0	0	0	0	0	0	0	0	0	0	0	0	0	0	0	0.075
0	0	0	0	0	0	0	0	0	0	0	0	0	0	0	0	0	0	0	0	0	0	0	0	0	0	0	0	0	0	1	0.6	0	0.111	0.2	0	1	0	0.444	0	0	0.979
0.866	6.493	0	6.754	0	0.866	6.493	0	6.754	0	0	1.933	0	0.971	0	0	0.952	0	0.905	0	0	0.952	0	0.905	0	0	1	0	0	0	0.625	0	0	0.2	0	0.5	0.8	0	0.2	0	0	0.343
0	0	0	0	0	0	0	0	0	0	0	0	0	0	0	0	0	0	0	0	0	0	0	0	0	0	0	0	0	0	0	0	0	0	0	0	0	0	0	0	0.294	0.163
0	0	0	0	0	0	0	0	0	0	0	0	0	0	0	0	0	0	0	0	0	0	0	0	0	0	0	0	0	0	0	0	0.5	0.667	0.25	0.2	0	0.5	0.222	0.25	0	0.219
0	0	0	0	0	0	0	0	0	0	0	0	0	0	0	0	0	0	0	0	0	0	0	0	0	0	0	0	0	0	0	0	0	0	0	0	0	0	0	0	0.116	0.884
0	0	0	0	0	0	0	0	0	0	0	0	0	0	0	0	0	0	0	0	0	0	0	0	0	0	0	0	0	0	0.667	1	0.111	1	0.6	1	1	0.444	0	1	0	0.673
0	0	0	0	0	0	0	0	0	0	0	0	0	0	0	0	0	0	0	0	0	0	0	0	0	0	0	0	0	0	0	0	0	0	0	0	0	0	0	0	0.118	0.845
0	0	0	0	0	0	0	0	0	0	0	0	0	0	0	0	0	0	0	0	0	0	0	0	0	0	0	0	0	0	0	0	0	0	0	0	0	0	0	0	0.554	0.636
10.561	4.051	0	12.138	0	14.986	8.506	0	18.384	0	11.422	6.6	0	8.365	0	0.819	0.786	0	0.831	0	0.819	0.786	0	0.831	0	0.673	0.667	0	0.714	0	0	0	0	0	0	0	0	0	0.286	0	0	0.403
0	0.87	0	1.833	22.448	0	0.87	0	1.833	23.737	0	0.87	0	1.833	5.362	0	0	0	1	0.581	0	0	0	1	0.581	0	0	0	1	0.4	0.625	0.5	0.667	0.8	0.8	0.5	0.75	1	1	1	0.415	0.691
0	0	0	0	0	0	0	0	0	0	0	0	0	0	0	0	0	0	0	0	0	0	0	0	0	0	0	0	0	0	0	0	0	0	0	0	0	0	0	0	0	0.690
0	0	0	0	0	0	0	0	0	0	0	0	0	0	0	0	0	0	0	0	0	0	0	0	0	0	0	0	0	0	0	0	0	0	0	0	0	0	0.8	0.4	0.2	0.146
0	0	0	0	0	0	0	0	0	0	0	0	0	0	0	0	0	0	0	0	0	0	0	0	0	0	0	0	0	0	0	0	0	0	0	0	0	0	0	0	0	0.989
0	0	0	0	0	0	0	0	0	0	0	0	0	0	0	0	0	0	0	0	0	0	0	0	0	0	0	0	0	0	0	0	0	0	0	0	0	0	0	0	0.116	0.827
0	0	0	0	0	0	0	0	0	0	0	0	0	0	0	0	0	0	0	0	0	0	0	0	0	0	0	0	0	0	0	0	0	0.333	0	0	0	0	0	0	0.556	0.111
0	0	-1	0	-1	0	0	-1	0	-1	0	0	-1	0	-1	0	0	-1	0	-1	0	0	-1	0	-1	0	0	-1	0	-1	0	0	-1	0	-1	0	0	-1	0	-1	0.894	0.980
0	0	0	0	0	0	0	0	0	0	0	0	0	0	0	0	0	0	0	0	0	0	0	0	0	0	0	0	0	0	0	0	0	0	0	0	0	0	0	0	0.718	0.623
0	0	0	0	0	0	0	0	0	0	0	0	0	0	0	0	0	0	0	0	0	0	0	0	0	0	0	0	0	0	0	0	0	0	0	0	0	0	0	0	0	0.999
0.859	0	0	0	0	7.888	7.012	6.124	7.134	4.965	0	0	0	0	0	0.357	0.333	0.333	0.381	0.4	0.357	0.333	0.333	0.381	0.4	0	0	0	0	0	0	0	0	0	0	0	0	0	0	0.6	0.893	0.140
0	0	0	0	0.857	0	0	0	0	0.857	0	0	0	0	0	0	0	0	0	0	0	0	0	0	0	0	0	0	0	0	0.111	0	0	0	0	0.222	0	0	0	0	0.419	0.150
3.597	0.857	0	0	3.755	4.493	0.857	0	0	6.573	2.616	0	0	0	4.76	0.9	0	0	0	0.571	0.9	0	0	0	0.571	0.667	0	0	0	0.3	0.8	0	0.4	0	0	1	0	0.2	0	0	0.117	0.394
0	0	0	0	0	0	0	0	0	0	0	0	0	0	0	0	0	0	0	0	0	0	0	0	0	0	0	0	0	0	0	0	0	0	0	0	0	0.333	0	0	0	0.195
0	0	0	0	0	0	0	0	0	0	0	0	0	0	0	0	0	0	0	0	0	0	0	0	0	0	0	0	0	0	0	0	0	0	0	0	0	0	0	0	0	0.930
0	0	0	0	0	0	0	0	0	0	0	0	0	0	0	0	0	0	0	0	0	0	0	0	0	0	0	0	0	0	0	0	0	0	0	0.2	0	0	0	0	0	0.310
0	0	0	0	0	0	0	0	0	0	0	0	0	0	0	0	0	0	0	0	0	0	0	0	0	0	0	0	0	0	0.5	0	0.667	0	0	1	0.25	0.222	0	0	0.117	0.824
7.338	0	1.775	15.187	0.899	9.419	0	1.775	19.037	0.899	3.871	0	0	6.828	0.899	0.644	0	1	0.537	0	0.644	0	1	0.537	0	0.5	0	0	0.143	0	0.2	0	0	0.333	0.25	0.2	0	0	0.111	0	0	0.221
0	0	0	0	0	0	0	0	0	0	0	0	0	0	0	0	0	0	0	0	0	0	0	0	0	0	0	0	0	0	0	0	0	0	0	0	0	0	0	0	0.117	0.721
0	0	0	0	0	0	0	0	0	0	0	0	0	0	0	0	0	0	0	0	0	0	0	0	0	0	0	0	0	0	0.2	0.2	0	0	0.6	0.6	0	0.25	0	0.8	0	0.169
0	0	0	0	0	0	0	0	0	0	0	0	0	0	0	0	0	0	0	0	0	0	0	0	0	0	0	0	0	0	0	0	0	0	0	0.4	0	0.4	0	0.8	0	0.232
0	0	0	0	0	0	0	0	0	0	0	0	0	0	0	0	0	0	0	0	0	0	0	0	0	0	0	0	0	0	0	0	0	0	0	0	0	0	0	0	0.296	0.581
9.134	8.437	9.151	8.038	14.255	18.046	16.389	18.508	16.999	24.225	14.093	13.64	18.508	12.044	14.223	0.772	0.824	0.765	0.817	0.629	0.772	0.824	0.765	0.817	0.629	0.487	0.593	0.5	0.673	0.455	0	0	0	0	0	0	0	0.2	0	0	0.419	0.281
0	0	0	0	0	0	0	0	0	0	0	0	0	0	0	0	0	0	0	0	0	0	0	0	0	0	0	0	0	0	0.2	0	0.25	0.2	0	0.2	0	0	0.2	0	0.059	0.489
0	3.693	0	0	6.754	0	3.693	0	0	6.754	0	1.882	0	0	0.971	0	0.5	0	0	0.905	0	0.5	0	0	0.905	0	0	0	0	0	0.2	0	0.625	0	0.2	0.4	0	0.75	0	0.2	0	0.278
0	0	0	0	0	0	0	0	0	0	0	0	0	0	0	0	0	0	0	0	0	0	0	0	0	0	0	0	0	0	0.6	0.2	0	0.5	0.2	0.8	0.2	0.2	0	0.2	0.556	0.663
0	0	0	0	0	0	0	0	0	0	0	0	0	0	0	0	0	0	0	0	0	0	0	0	0	0	0	0	0	0	0	0	0	0.4	0.8	0	0.143	0	0.4	0.6	0.292	0.153
0	0	0	0	0	6.652	4.965	4.843	6.124	3.011	2.82	0	1.953	0	3.011	0.19	0.4	0.1	0.333	0.333	0.19	0.4	0.1	0.333	0.333	0.333	0	0	0	0.333	0	0	0	0	0	0	0.6	0.375	0	0	0.896	0.101
0	0	0	0	0	0	0	0	0	0	0	0	0	0	0	0	0	0	0	0	0	0	0	0	0	0	0	0	0	0	0	0	0	0	0	0	0	0	0	0	0.3	0.909
0	0.859	0	0	0	4.059	5.014	5.278	0	6.493	0	0	0	0	0	0.5	0.6	0.6	0	0.467	0.5	0.6	0.6	0	0.467	0	0	0	0	0	0	0	0	0	0	0	0	0	0	0.6	0.294	0.179
6.754	0	6.493	0	0.866	6.754	0	6.493	0	0.866	0.971	0	1.933	0	0	0.905	0	0.952	0	0	0.905	0	0.952	0	0	0	0	1	0	0	0.2	0.625	0	0.2	0.625	0.2	0.75	0.8	0.4	0.5	0	0.200
0	0	0	0	0	0.863	1.844	0.959	0.863	0	0.863	1.844	0.959	0.863	0	0	0	0	0	0	0	0	0	0	0	0	0	0	0	0	0	0	0	0	0	0	0	0	0	0	0.713	0.113
0	0	0	0	0	0	0	0	0	0	0	0	0	0	0	0	0	0	0	0	0	0	0	0	0	0	0	0	0	0	0	0	0	0	0	0	0	0	0	0	0.12	0.395
0	1.876	0.938	1.783	11.314	0	3.748	1.987	4.893	14.254	0	2.728	1.987	3.974	6.064	0	1	1	0.7	0.358	0	1	1	0.7	0.371	0	0.333	1	0.333	0.333	0.25	0.8	0	0.5	0	0.25	0.6	0	0	0	0	0.633
0	0	0	0	0	0	0	0	0	0	0	0	0	0	0	0	0	0	0	0	0	0	0	0	0	0	0	0	0	0	0	0	0	0	0	0	0	0	0	0	0.197	0.184
0	0	0	0	0	0	0	0	0	0	0	0	0	0	0	0	0	0	0	0	0	0	0	0	0	0	0	0	0	0	0	0	0	0	0	0	0	0	0	0	0.415	0.999
12.365	5.23	0	0.89	0	15.567	9.871	1.735	3.765	0	6.451	5.817	1.735	3.765	0	0.59	0.356	1	0.167	0	0.59	0.356	1	0.167	0	0.333	0.2	1	0.167	0	0.2	0.2	0	0	1	0.8	1	0	0	1	0	0.159
1.792	0	4.734	1.878	1.739	5.689	0.864	10.768	6.614	5.487	5.744	0.864	9.004	6.614	5.487	0.762	0	0.564	0.762	0.733	0.8	0	0.564	0.714	0.733	0.667	0	0.444	0.667	0.667	0	0.4	0.25	0	0	0.333	0	0	0	0	0	0.264
0	0	0	0.869	0	5.505	4.514	5.836	4.553	4.512	5.505	4.514	5.836	4.553	4.512	0.267	0.3	0.2	0.3	0.4	0.267	0.3	0.2	0.3	0.4	0.2	0.3	0.133	0.3	0.3	0	0	0	0	0	0	0	0	0	0	0.056	0.207
0	3.755	0	0	0	0	6.573	0	0	0	0	4.76	0	0	0	0	0.571	0	0	0	0	0.571	0	0	0	0	0.3	0	0	0	0	0	0	0.4	0.25	0.2	0	0	0.2	0	0.298	0.333
0	0	0	0	0	0	0	0	0	0	0	0	0	0	0	0	0	0	0	0	0	0	0	0	0	0	0	0	0	0	0	0	0	0	0	0	0	0	0	0	0.713	0.877
0	0.866	0	6.493	0	0	0.866	0	6.493	0	0	0	0	1.933	0	0	0	0	0.952	0	0	0	0	0.952	0	0	0	0	1	0	0	0.625	0	0	0	0	0.5	0	0.8	0	0	0.125
0	0	0	2.784	17.758	0	0	0	3.704	19.904	0	0	0	0	0.926	0	0	0	1	0.661	0	0	0	1	0.661	0	0	0	0	0	0	0.667	1	0	0.4	0.25	1	1	0.25	1	0	0.213
0.866	0	0	0	1.87	0.866	0	0	0	1.87	0	0	0	0	0.946	0	0	0	0	1	0	0	0	0	1	0	0	0	0	0	0	0	0	0	0	0.4	0	0.25	0	0	0	0.212
5.376	0	18.374	0	0	5.376	0	18.374	0	0	2.662	0	2.925	0	0	0.6	0	0.667	0	0	0.6	0	0.667	0	0	0.333	0	0	0	0	0.5	0	0.556	0	0.857	1	0.333	0.556	0.6	0.857	0	0.413
0	0	0	0.951	0	0	0	0	0.951	0	0	0	0	0	0	0	0	0	0	0	0	0	0	0	0	0	0	0	0	0	0	0.2	0	0.4	0.2	0	0.2	0	0.4	0.2	0.419	0.205
0	0	0	0	0	0	0	0	0	0	0	0	0	0	0	0	0	0	0	0	0	0	0	0	0	0	0	0	0	0	0	0	0	0	0	0	0	0	0	0	0.2	0.768
0.867	0	0	0	0	1.873	0	0	0	0	1.007	0	0	0	0	1	0	0	0	0	1	0	0	0	0	0	0	0	0	0	0.286	0.5	0	0.125	0.333	0.286	0	0	0	0	0.299	0.143
0	22.448	0	0	0	0	23.737	0	0	0	0	5.362	0	0	0	0	0.581	0	0	0	0	0.581	0	0	0	0	0.4	0	0	0	0.8	0.8	0.667	0.667	1	1	1	1	1	1	0	0.939
0	0	0	0	0	0	0	0	0	0	0	0	0	0	0	0	0	0	0	0	0	0	0	0	0	0	0	0	0	0	0	0.25	0	0.2	0.571	0	0	0	0.2	1	0.556	0.139
18.858	11.402	18.482	0.906	10.68	28.227	20.219	27.664	6.476	18.991	16.41	15.544	18.566	6.476	17.072	0.393	0.637	0.443	0.762	0.719	0.393	0.637	0.443	0.762	0.719	0.429	0.514	0.419	0.619	0.471	0.2	0.2	0	0	0	0.2	0	0	0	0	0	0.169
0	0	0	0	0	0	0	0	0	0	0	0	0	0	0	0	0	0	0	0	0	0	0	0	0	0	0	0	0	0	0.6	1	0.333	0.333	1	0.8	0	0.667	0	0.8	0.42	0.831
0	0	0	0	0	0	0	0	0	0	0	0	0	0	0	0	0	0	0	0	0	0	0	0	0	0	0	0	0	0	0	0	0	0	0	0	0	0	0	0	0	0.677
0	0	0	0	0	0	0	0	0	0	0	0	0	0	0	0	0	0	0	0	0	0	0	0	0	0	0	0	0	0	0	0	0	0	0	0	0	0.2	0	0	0	0.168
2.728	0.884	30.272	0	2.715	3.584	1.749	33.45	0	2.715	0.856	0.865	7.878	0	0	1	1	0.332	0	1	1	1	0.332	0	1	0	0	0.179	0	0	0	0	0	0	0	0	0	0.5	0.222	0	0	0.271
0	0	21.267	0	0	0	0	22.129	0	0.875	0	0	3.913	0	0.875	0	0	0.606	0	0	0	0	0.606	0	0	0	0	0.333	0	0	1	0.667	0.4	0	0.6	0.6	1	0.8	0.2	0.6	0	0.972
9.694	14.653	8.038	9.939	8.437	18.371	24.598	16.999	18.451	16.389	11.717	12.07	12.044	12.505	13.64	0.771	0.61	0.817	0.739	0.824	0.771	0.61	0.817	0.739	0.824	0.709	0.689	0.673	0.636	0.593	0	0	0	0	0	0	0	0	0	0	0.893	0.282
0	0	0	0	0.859	0	0	0	0	5.014	0	0	0	0	0	0	0	0	0	0.6	0	0	0	0	0.6	0	0	0	0	0	0	0	0	0	0	0	0	0	0	0	0.116	0.202
0	0	0	0	0	0	0	0	0	0	0	0	0	0	0	0	0	0	0	0	0	0	0	0	0	0	0	0	0	0	0.6	0.111	1	0.667	0	1	0.444	0	1	0	0.298	0.893
0	0	0	0	0	0	0	0.885	0	0.863	0	0	0.885	0	0.863	0	0	0	0	0	0	0	0	0	0	0	0	0	0	0	0	0	0	0	0	0	0	0	0	0	0.554	0.082
0	0.922	0	0	0	0	0.922	0	0	0	0	0	0	0	0	0	0	0	0	0	0	0	0	0	0	0	0	0	0	0	0.333	0.778	1	1	1	0.667	0.222	0	1	1	0	0.426
0	0	0	0	2.627	0	0	0	0	2.627	0	0	0	0	0	0	0	0	0	1	0	0	0	0	1	0	0	0	0	0	0.5	0	0.25	0	0.2	0.5	0.2	0.25	0	0.2	0	0.908
0	0	0	0	-1	0	0	0	0	-1	0	0	0	0	-1	0	0	0	0	-1	0	0	0	0	-1	0	0	0	0	-1	0	0	0	0	-1	0	0	0	0	-1	0.117	0.968
0	0	0	0	0	0	0	0	0	0	0	0	0	0	0	0	0	0	0	0	0	0	0	0	0	0	0	0	0	0	0	0	0	0	0	0	0	0	0	0	0	0.980
0	0	0	0	0	0	0	0	0	0	0	0	0	0	0	0	0	0	0	0	0	0	0	0	0	0	0	0	0	0	0	0	0	0	0	0	0	0	0	0	0.419	0.998
0	0	21.765	0	0	0	0	23.054	0	0	0	0	7.685	0	0	0	0	0.554	0	0	0	0	0.554	0	0	0	0	0.333	0	0	0.2	1	0	0.667	0.75	0.6	1	0.667	1	0.625	0	0.545
0	0	0	0	0	0	0	0	0	0	0	0	0	0	0	0	0	0	0	0	0	0	0	0	0	0	0	0	0	0	0	0	0	0	0	0	0	0	0	0	0.298	0.559
0.906	17.163	11.402	0	18.858	6.476	26.492	20.219	4.406	28.227	6.476	17.116	15.544	4.406	16.41	0.762	0.514	0.637	0.8	0.393	0.762	0.511	0.637	0.8	0.393	0.619	0.508	0.514	0.7	0.429	0	0	0.2	0.571	0.2	0	0.4	0	0.857	0.2	0	0.412
3.593	0.885	0.869	0.864	0	10.456	6.284	4.553	6.46	4.514	10.489	7.183	4.553	6.46	4.514	0.242	0.179	0.3	0.429	0.3	0.255	0.19	0.3	0.381	0.3	0.236	0.179	0.3	0.429	0.3	0.571	0.4	0	0	0	0.143	0	0	0.571	0	0.196	0.240
9.301	4.728	0	14.485	0	11.511	6.682	0	19.246	0	2.21	3.028	0	4.762	0	0.742	0.714	0	0.602	0	0.742	0.714	0	0.602	0	1	0.667	0	0.5	0	0	0	0	0	0	0	0	0	0	0	0.896	0.238
0	0	0	0	0	0	0	0	0	0	0	0	0	0	0	0	0	0	0	0	0	0	0	0	0	0	0	0	0	0	0	0	0	0	0	0	0	0	0	0	0.714	0.838
1.775	7.338	0.899	0	0	1.775	9.419	0.899	0	0	0	3.871	0.899	0	0	1	0.644	0	0	0	1	0.644	0	0	0	0	0.5	0	0	0	0	0.2	0.25	0	0	0	0.2	0	0	0.4	0.296	0.108
0	0	0	0	0	0	0	0	0	0	0	0	0	0	0	0	0	0	0	0	0	0	0	0	0	0	0	0	0	0	0	0	0	0	0	0	0	0	0	0	0.198	0.943
0	0	0	0	0	0	0	0	0	0	0	0	0	0	0	0	0	0	0	0	0	0	0	0	0	0	0	0	0	0	0	0	0	0	0	0	0	0	0	0	0.117	0.426
0	0	0	0	0	0	0	0	0	0	0	0	0	0	0	0	0	0	0	0	0	0	0	0	0	0	0	0	0	0	0	0	0	0	0	0	0	0	0	0	0.415	0.404
0	0.951	0	0	0	0	0.951	0	0	0	0	0	0	0	0	0	0	0	0	0	0	0	0	0	0	0	0	0	0	0	0.2	0.4	0	0	0	0.2	0.4	0	0	0	0	0.514
0	0	0	0	0	0.959	0.863	0	1.844	0	0.959	0.863	0	1.844	0	0	0	0	0	0	0	0	0	0	0	0	0	0	0	0	0	0	0	0	0	0	0	0	0	0	0.898	0.085
0	0	0	0	0	0	0	0	0	0	0	0	0	0	0	0	0	0	0	0	0	0	0	0	0	0	0	0	0	0	0	0	0	0	0	0	0	0	0	0	0.118	0.760
0	0	0	0	0	0	0	0	0	0	0	0	0	0	0	0	0	0	0	0	0	0	0	0	0	0	0	0	0	0	0.8	1	1	1	0.5	1	1	1	0.8	0	0.298	0.738
0	0	0	0	0	0	0	0	0	0.877	0	0	0	0	0.877	0	0	0	0	0	0	0	0	0	0	0	0	0	0	0	0	0	0.8	0	0.143	0	0	0.6	0.143	0.571	0	0.393
0	0	0	0	0	0	0	0	0	0	0	0	0	0	0	0	0	0	0	0	0	0	0	0	0	0	0	0	0	0	1	1	0.8	0.333	1	1	0.8	1	0.667	1	0	0.965
0	0	6.754	3.693	6.493	0	0	6.754	3.693	6.493	0	0	0.971	1.882	1.933	0	0	0.905	0.5	0.952	0	0	0.905	0.5	0.952	0	0	0	0	1	0.625	0.2	0.2	0	0	0.75	0.4	0.2	0	0.8	0	0.362
0	0	0	0	0	0	0	0	0	0	0	0	0	0	0	0	0	0	0	0	0	0	0	0	0	0	0	0	0	0	0	0	0	0	0.4	0	0	0	0	0.4	0.557	0.129
0	0	0	0	0	0	0	0	0	0	0	0	0	0	0	0	0	0	0	0	0	0	0	0	0	0	0	0	0	0	0.2	0	0	1	0.667	0	0	0.2	0	1	0.557	0.252
21.267	0	0	0	0	22.129	0	0.875	0	0	3.913	0	0.875	0	0	0.606	0	0	0	0	0.606	0	0	0	0	0.333	0	0	0	0	0.4	1	0.6	0.667	0.571	0.8	0.6	0.6	1	0.286	0.42	0.303
0	0	0	0	0	0	0	0	0	0	0	0	0	0	0	0	0	0	0	0	0	0	0	0	0	0	0	0	0	0	1	0	0	0	0.4	0	0	0	0.4	0.6	0	0.981
0.885	0.864	3.593	0	0.869	6.284	6.46	10.456	2.797	4.553	7.183	6.46	10.489	2.797	4.553	0.179	0.429	0.242	0.667	0.3	0.19	0.381	0.255	0.667	0.3	0.179	0.429	0.236	0.667	0.3	0.4	0	0.571	0	0	0	0.571	0.143	0	0	0	0.154
0	0	0	0	0	0	0	0	0	0	0	0	0	0	0	0	0	0	0	0	0	0	0	0	0	0	0	0	0	0	0	0	0	0	0	0	0	0	0	0	0.419	0.680
0	0	0	0	0	0	0	0	0	0	0	0	0	0	0	0	0	0	0	0	0	0	0	0	0	0	0	0	0	0	0	0	0	0	0	0	0	0	0	0	0	0.732
0	0	0	0	0	0	0	0	0	0	0	0	0	0	0	0	0	0	0	0	0	0	0	0	0	0	0	0	0	0	0	0	0	0	0	0	0	0	0	0	0.714	0.858
0.903	1.75	0.869	1.796	0	6.423	5.337	6.296	6.463	1.782	6.423	5.337	6.296	6.463	3.606	0.333	0.2	0.429	0.333	0.667	0.238	0.2	0.429	0.333	1	0.333	0.2	0.429	0.333	0.667	0	0	0	0	0	0	0	0	0	0	0.557	0.138
0	0	0.866	0	0	0	0	0.866	0.959	0	0	0	0	0.959	0	0	0	0	0	0	0	0	0	0	0	0	0	0	0	0	0	0	0	0	0	0	0	0.4	0	0.25	0.294	0.125
0	0	0.951	0	0	0	0	0.951	0	0	0	0	0	0	0	0	0	0	0	0	0	0	0	0	0	0	0	0	0	0	0	0	0.4	0	0.2	0	0	0.4	0	0.2	0.415	0.109
0	0.867	0	0	0	0	1.873	0	0	0	0	1.007	0	0	0	0	1	0	0	0	0	1	0	0	0	0	0	0	0	0	0	0.286	0.333	0.5	0	0	0.286	0	0	0	0.292	0.125
4.051	12.138	10.561	15.561	0	8.506	18.384	14.986	23.762	0	6.6	8.365	11.422	17.453	0	0.786	0.831	0.819	0.674	0	0.786	0.831	0.819	0.674	0	0.667	0.714	0.673	0.571	0	0	0	0	0	0	0	0.286	0	0	0	0	0.465
0	0	0	0	0	0	0	0	0	0	0	0	0	0	0	0	0	0	0	0	0	0	0	0	0	0	0	0	0	0	0	0	0	0	0	0	0	0	0	0	0.119	0.879
0	0	0	0.866	0	0	0	0	0.866	0	0	0	0	0	0	0	0	0	0	0	0	0	0	0	0	0	0	0	0	0	0	0	0	0.625	0	0	0	0	0.5	0	0.557	0.132
0	0	0	0	0	0	0	0	0	0	0	0	0	0	0	0	0	0	0	0	0	0	0	0	0	0	0	0	0	0	0.667	0.5	0	0	0	0.222	1	0	0.25	0.2	0	0.790
15.561	9.558	12.138	3.627	4.051	23.762	17.863	18.384	12.084	8.506	17.453	12.083	8.365	7.572	6.6	0.674	0.801	0.831	0.788	0.786	0.674	0.801	0.831	0.788	0.786	0.571	0.582	0.714	0.667	0.667	0	0	0	0.2	0	0	0	0.286	0.2	0	0.117	0.140
0	0	0	0	0	0	0	0	0	0	0	0	0	0	0	0	0	0	0	0	0	0	0	0	0	0	0	0	0	0	0	0	0	0	0	0	0	0	0	0	0.298	0.737
0	0	5.376	2.627	18.374	0	0	5.376	2.627	18.374	0	0	2.662	0	2.925	0	0	0.6	1	0.667	0	0	0.6	1	0.667	0	0	0.333	0	0	0	0	0.5	0.2	0.556	0.333	0.6	1	0.2	0.556	0	0.356
5.23	0.89	12.365	0	0	9.871	3.765	15.567	3.011	1.735	5.817	3.765	6.451	3.011	1.735	0.356	0.167	0.59	0.333	1	0.356	0.167	0.59	0.333	1	0.2	0.167	0.333	0.333	1	0.2	0	0.2	0	0	1	0	0.8	0	0	0.298	0.079
0	0	0	0	0	0	0	0	0	0	0	0	0	0	0	0	0	0	0	0	0	0	0	0	0	0	0	0	0	0	0	0.571	0.333	0	0	0	1	0.333	0	0	0.116	0.401
0	0	0	0	0	0	0	0	0	0.885	0	0	0	0	0.885	0	0	0	0	0	0	0	0	0	0	0	0	0	0	0	0	0	0	0	0	0	0	0	0	0	0.195	0.072
0	0	0	0	0	0	0	0	0	0	0	0	0	0	0	0	0	0	0	0	0	0	0	0	0	0	0	0	0	0	0	0	0	0	0	0.333	0	0	0	0	0	0.346
0	0	0	0.883	0	0	0	0	0.883	0	0	0	0	0	0	0	0	0	0	0	0	0	0	0	0	0	0	0	0	0	0	0	0.25	0	0	0.333	0.2	0	0	0	0.893	0.421
0	0	0	0	0	0	0	0	0	0	0	0	0	0	0	0	0	0	0	0	0	0	0	0	0	0	0	0	0	0	0.571	0	0	0	0.333	1	0	0	0	0.333	0.299	0.760
0	0	0	0	0	0	0	0	0	0	0	0	0	0	0	0	0	0	0	0	0	0	0	0	0	0	0	0	0	0	0	0	0	0	0	0	0	0	0	0.2	0.417	0.183
0	0	0	0	0	0	0	0	0	0	0	0	0	0	0	0	0	0	0	0	0	0	0	0	0	0	0	0	0	0	0	0	0	0	0	0	0	0	0	0	0.713	0.567
8.038	9.694	8.437	14.653	9.134	16.999	18.371	16.389	24.598	18.046	12.044	11.717	13.64	12.07	14.093	0.817	0.771	0.824	0.61	0.772	0.817	0.771	0.824	0.61	0.772	0.673	0.709	0.593	0.689	0.487	0	0	0	0	0	0	0	0	0	0	0.558	0.144
0	0	0	0	0	0	0	0	0	0	0	0	0	0	0	0	0	0	0	0	0	0	0	0	0	0	0	0	0	0	0	0	0.333	0	0	0	0	0.333	0	0	0.717	0.178
3.755	0	0	3.597	0	6.573	0	0	4.493	0	4.76	0	0	2.616	0	0.571	0	0	0.9	0	0.571	0	0	0.9	0	0.3	0	0	0.667	0	0	0.4	0	0.8	0	0	0.2	0.2	1	0	0	0.278
9.151	9.134	14.255	8.437	12.608	18.508	18.046	24.225	16.389	22.824	18.508	14.093	14.223	13.64	10.253	0.765	0.772	0.629	0.824	0.705	0.765	0.772	0.629	0.824	0.705	0.5	0.487	0.455	0.593	0.643	0	0	0	0	0	0.2	0	0	0	0	0	0.285
0	0	0	0	0	0	0	0	0	0	0	0	0	0	0	0	0	0	0	0	0	0	0	0	0	0	0	0	0	0	0.6	0	0	0.2	0	0.8	0.25	0	0.6	0	0.117	0.185
0	0	0	0	0	0	0	0	0	0	0	0	0	0	0	0	0	0	0	0	0	0	0	0	0	0	0	0	0	0	0	0.4	0.25	0	0.2	0	0.2	0	0	0	0	0.405
0.922	0	0	7.679	0	0.922	0	0	9.741	0	0	0	0	2.988	0	0	0	0	0.978	0	0	0	0	0.978	0	0	0	0	0	0	0.778	1	0.333	0.6	1	0.222	1	0.667	0.8	0	0	0.710
0	0	0	0	0	0	0	0	0	0	0	0	0	0	0	0	0	0	0	0	0	0	0	0	0	0	0	0	0	0	0	0.2	0.6	0.2	0	0.25	0.6	0.8	0	0	0	0.189
0.884	0	2.728	1.756	30.272	1.749	0	3.584	2.708	33.45	0.865	0	0.856	2.708	7.878	1	0	1	0.667	0.332	1	0	1	0.667	0.332	0	0	0	0.667	0.179	0	0	0	0	0	0	0.222	0	0	0.5	0	0.240
0	0	2.627	0	0	0	0	2.627	0	0	0	0	0	0	0	0	0	1	0	0	0	0	1	0	0	0	0	0	0	0	0.25	0.5	0.2	0	0	0.25	0.5	0.2	0.2	0.6	0	0.730
0	21.765	0	0	2.674	0	23.054	0	0	2.674	0	7.685	0	0	0.934	0	0.554	0	0	1	0	0.554	0	0	1	0	0.333	0	0	0	0.75	0	1	0.2	0.714	0.625	0.667	0	0.6	0.857	0	0.614
0	0	0	0	0	0	0	0	0	0	0	0	0	0	0	0	0	0	0	0	0	0	0	0	0	0	0	0	0	0	0	0.6	0.2	0.2	0	0.2	0.8	0.2	0.2	0	0.298	0.184
33.144	31.295	0	0	0.856	35.06	32.319	0	0.878	0.856	3.136	1.024	0	0.878	0	0.312	0.341	0	0	0	0.312	0.341	0	0	0	0	0	0	0	0	0.333	0.2	0.8	0.6	0.556	0.222	0.4	1	1	0.111	0.298	0.299
0	0	0	0	1.796	3.709	2.827	3.753	2.796	6.463	3.709	2.827	3.753	2.796	6.463	0.333	0.333	0.167	0.333	0.333	0.333	0.333	0.167	0.333	0.333	0.333	0.333	0.167	0.333	0.333	0	0	0	0	0	0	0	0	0	0	0.718	0.093
0	0	0	0	0	0	0	0	0	0	0	0	0	0	0	0	0	0	0	0	0	0	0	0	0	0	0	0	0	0	0	0	0	0	0	0	0	0	0	0	0.115	0.665
0	9.301	0	4.728	0	0	11.511	0	6.682	0	0	2.21	0	3.028	0	0	0.742	0	0.714	0	0	0.742	0	0.714	0	0	1	0	0.667	0	0	0	0	0	0	0	0	0	0	0	0.556	0.203
0.899	1.775	0	7.338	0	0.899	1.775	0	9.419	0	0.899	0	0	3.871	0	0	1	0	0.644	0	0	1	0	0.644	0	0	0	0	0.5	0	0.25	0	0	0.2	0	0	0	0.4	0.2	0.429	0	0.327
0	0	0	0	0	0	0	0	0	0	0	0	0	0	0	0	0	0	0	0	0	0	0	0	0	0	0	0	0	0	0	0	0	0	0	0	0	0	0	0	0.018	0.996
0	0	0	0	0	0	0	0	0	0	0	0	0	0	0	0	0	0	0	0	0	0	0	0	0	0	0	0	0	0	0	0	0	0	0	0	0	0	0	0	0	0.939
0	0	0	0	0	0	0	0	0	0	0	0	0	0	0	0	0	0	0	0	0	0	0	0	0	0	0	0	0	0	0	0	0	0	0	0.4	0.4	0.8	0	0	0.299	0.176
0	0	0	0	0	0	0	0	0	0	0	0	0	0	0	0	0	0	0	0	0	0	0	0	0	0	0	0	0	0	0.25	0	0	0	0	0	0.333	0	0.2	0	0.018	0.599
0	0	0	0	0	0	0	0	0	0	0	0	0	0	0	0	0	0	0	0	0	0	0	0	0	0	0	0	0	0	0	0	0	0	0	0	0	0	0	0	0.199	0.317
14.653	9.939	9.694	10.68	8.038	24.598	18.451	18.371	18.991	16.999	12.07	12.505	11.717	17.072	12.044	0.61	0.739	0.771	0.719	0.817	0.61	0.739	0.771	0.719	0.817	0.689	0.636	0.709	0.471	0.673	0	0	0	0	0	0	0	0	0	0	0	0.172
0	0	0	0	6.604	0	0	0	0	6.604	0	0	0	0	0	0	0	0	0	0.952	0	0	0	0	0.952	0	0	0	0	0	0.2	0	0	0.6	0.2	0.2	0.2	0	0.8	0.6	0	0.551
0	0	0	0	0	0	0	0	0	0	0	0	0	0	0	0	0	0	0	0	0	0	0	0	0	0	0	0	0	0	0	0	0	0	0	0	0	0	0	0	0.117	0.582
0	0	0	0	0	0	0	0	0	0	0	0	0	0	0	0	0	0	0	0	0	0	0	0	0	0	0	0	0	0	0	0	1	0	0	0	0.4	0	0	0	0.558	0.249
15.187	2.715	0	30.272	7.338	19.037	2.715	0	33.45	9.419	6.828	0	0	7.878	3.871	0.537	1	0	0.332	0.644	0.537	1	0	0.332	0.644	0.143	0	0	0.179	0.5	0.333	0	0	0	0.2	0.111	0	0	0.5	0.2	0.116	0.196
0	0	0	0	0	0	0	0	0	0	0	0	0	0	0	0	0	0	0	0	0	0	0	0	0	0	0	0	0	0	0	0	0	0	0	0.8	0.4	0	0.4	0	0.198	0.250
0	0	0	0	0	0	0	0	0	0	0	0	0	0	0	0	0	0	0	0	0	0	0	0	0	0	0	0	0	0	0	0	0	0	0	0	0	0	0	0	0.294	0.623
0	0	0	0	0	0	0	0	0	0	0	0	0	0	0	0	0	0	0	0	0	0	0	0	0	0	0	0	0	0	0	0	0	0	0	0	0	0	0	0	0.2	0.853
0	0	0	0	0	0	0	0	0	0	0	0	0	0	0	0	0	0	0	0	0	0	0	0	0	0	0	0	0	0	0	0	0	0	0.2	0	0	0	0	0	0.19	0.132
0	-1	0	-1	0	0	-1	0	-1	0	0	-1	0	-1	0	0	-1	0	-1	0	0	-1	0	-1	0	0	-1	0	-1	0	0	-1	0	-1	0	0	-1	0	-1	0	0.899	0.999
0	0	0	0	0	0	0	0	0	0	0	0	0	0	0	0	0	0	0	0	0	0	0	0	0	0	0	0	0	0	0	0	0	0	0	0	0	0	0.2	0	0	0.416
0.951	0	0	0	0	0.951	0	0	0	0	0	0	0	0	0	0	0	0	0	0	0	0	0	0	0	0	0	0	0	0	0.4	0	0.2	0	0	0.4	0	0.2	0	0	0.298	0.235
2.674	0	0	0	0	2.674	0	0	0	0	0.934	0	0	0	0	1	0	0	0	0	1	0	0	0	0	0	0	0	0	0	0.714	1	0.333	0.75	1	0.857	0	0	0.625	0	0.557	0.674
0	0	0	6.604	0	0	0	0	6.604	0	0	0	0	0	0	0	0	0	0.952	0	0	0	0	0.952	0	0	0	0	0	0	0	0.8	0	0.2	0	0	0.6	0	0.6	0	0.415	0.129
0	2.662	37.13	34.855	3.652	0	6.637	44.517	39.713	4.671	0	4.845	9.333	7.831	1.019	0	0.762	0.257	0.294	0.9	0	0.762	0.257	0.294	0.9	0	0.5	0.357	0.19	0	0	0.714	0	0	0.4	0.2	0	0	0.286	0.2	0.117	0.609
0	18.374	0	5.376	10.691	0	18.374	0	5.376	10.691	0	2.925	0	2.662	4.862	0	0.667	0	0.6	0.655	0	0.667	0	0.6	0.655	0	0	0	0.333	0.3	0.857	0.556	0	0.5	0	0.857	0.556	0	1	0	0	0.648
0	0	0	0	0	0	0	0	0	0	0	0	0	0	0	0	0	0	0	0	0	0	0	0	0	0	0	0	0	0	0	0	0	0	0	0	0	0	0	0	0.717	0.961
0	0	2.771	0	0	0	0	2.771	0	0	0	0	1.859	0	0	0	0	0	0	0	0	0	0	0	0	0	0	0	0	0	0	0	0.2	0.333	0	0	0	0.2	0.333	0	0	0.586
0.869	3.593	0	0.885	0	4.553	10.456	4.514	6.284	5.505	4.553	10.489	4.514	7.183	5.505	0.3	0.242	0.3	0.179	0.267	0.3	0.255	0.3	0.19	0.267	0.3	0.236	0.3	0.179	0.2	0	0.571	0	0.4	0	0	0.143	0	0	0	0.195	0.123
0	0	0	0	0	0	0	0	0	0	0	0	0	0	0	0	0	0	0	0	0	0	0	0	0	0	0	0	0	0	0	0	0	0	0	0	0	0	0	0	0	0.735
0.864	0	0.885	0	3.593	6.46	2.797	6.284	1.782	10.456	6.46	2.797	7.183	3.606	10.489	0.429	0.667	0.179	0.667	0.242	0.381	0.667	0.19	1	0.255	0.429	0.667	0.179	0.667	0.236	0	0	0.4	0	0.571	0.571	0	0	0	0.143	0.418	0.134
0	0	22.448	0.87	0	0	0	23.737	0.87	0	0	0	5.362	0.87	0	0	0	0.581	0	0	0	0	0.581	0	0	0	0	0.4	0	0	0.667	0.625	0.8	0.5	0.8	1	0.5	1	0.75	1	0	0.853
0	0	0	0	0	0.886	1.751	0	2.737	0	0.886	1.751	0	2.737	0	0	0	0	0	0	0	0	0	0	0	0	0	0	0	0	0	0	0	0	0	0	0	0	0	0	0.299	0.101
0	0	0.859	0	0	0	0	5.014	0	4.059	0	0	0	0	0	0	0	0.6	0	0.5	0	0	0.6	0	0.5	0	0	0	0	0	0	0	0	0	0	0	0	0	0	0	0.717	0.180
0	0	0	0	0	0	0	0	0	0	0	0	0	0	0	0	0	0	0	0	0	0	0	0	0	0	0	0	0	0	0	0	0	0	0	0.286	0	0	0	0	0.299	0.452
17.163	0	0.906	8.572	11.402	26.492	4.406	6.476	16.151	20.219	17.116	4.406	6.476	11.363	15.544	0.514	0.8	0.762	0.558	0.637	0.511	0.8	0.762	0.55	0.637	0.508	0.7	0.619	0.491	0.514	0	0.571	0	0	0.2	0.4	0.857	0	0	0	0	0.123
1.75	1.796	0.903	0	0.869	5.337	6.463	6.423	3.753	6.296	5.337	6.463	6.423	3.753	6.296	0.2	0.333	0.333	0.167	0.429	0.2	0.333	0.238	0.167	0.429	0.2	0.333	0.333	0.167	0.429	0	0	0	0	0	0	0	0	0	0	0	0.154
0	0	0	0	0.866	0	0.959	0	0.863	0.866	0	0.959	0	0.863	0	0	0	0	0	0	0	0	0	0	0	0	0	0	0	0	0	0	0	0	0	0	0	0	0	0.4	0.294	0.130
2.627	0	0	0	0	2.627	0	0	0	0	0	0	0	0	0	1	0	0	0	0	1	0	0	0	0	0	0	0	0	0	0.2	0.25	0	0.5	0	0.2	0.25	0.6	0.5	0.333	0	0.437
1.739	4.734	31.941	1.792	8.572	5.487	10.768	40.122	5.689	16.151	5.487	9.004	13.711	5.744	11.363	0.733	0.564	0.235	0.762	0.558	0.733	0.564	0.234	0.8	0.55	0.667	0.444	0.308	0.667	0.491	0	0.25	0	0	0	0	0	0	0.333	0	0.42	0.149
0.938	0	11.314	1.876	0	1.987	0	14.254	3.748	0	1.987	0	6.064	2.728	0	1	0	0.358	1	0	1	0	0.371	1	0	1	0	0.333	0.333	0	0	0.25	0	0.8	0	0	0.25	0	0.6	0	0	0.451
0	0	0	0	0	0	0	0	0	0	0	0	0	0	0	0	0	0	0	0	0	0	0	0	0	0	0	0	0	0	0	0	0	0	0	0	0	0	0	0	0.715	0.429
0	0	0	0	0	0	0	0	0	0	0	0	0	0	0	0	0	0	0	0	0	0	0	0	0	0	0	0	0	0	0	0	0	0	0	0	0	0	0	0	0.556	0.320
0	0	0	0	0	0	0	0	0	0	0	0	0	0	0	0	0	0	0	0	0	0	0	0	0	0	0	0	0	0	0	0	0	0	0	0	0	0	0	0	0.115	0.789
0	0	0	0	0	0	0	0	0	0	0	0	0	0	0	0	0	0	0	0	0	0	0	0	0	0	0	0	0	0	0	0	0	0	0	0	0	0	0	0.25	0.419	0.234
7.679	0.856	0	0	0.922	9.741	0.856	0	0	0.922	2.988	0	0	0	0	0.978	0	0	0	0	0.978	0	0	0	0	0	0	0	0	0	0.6	0.556	1	0.8	0.778	0.8	0.111	1	1	0.222	0.117	0.429
0	0	0	0	0	0	0	0	0	0	0	0	0	0	0	0	0	0	0	0	0	0	0	0	0	0	0	0	0	0	0	1	0.2	0.6	0	0	0	0	1	0.2	0	0.527
21.765	0	0	0	0	23.054	0	0	0	0	7.685	0	0	0	0	0.554	0	0	0	0	0.554	0	0	0	0	0.333	0	0	0	0	0	0.2	0.75	1	1	0.667	0.6	0.625	1	0	0	0.185
0	0	6.604	0	0	0	0	6.604	0	0	0	0	0	0	0	0	0	0.952	0	0	0	0	0.952	0	0	0	0	0	0	0	0	0.2	0.2	0	0.8	0	0.2	0.6	0.2	0.6	0	0.660
3.627	12.608	9.558	14.255	15.561	12.084	22.824	17.863	24.225	23.762	7.572	10.253	12.083	14.223	17.453	0.788	0.705	0.801	0.629	0.674	0.788	0.705	0.801	0.629	0.674	0.667	0.643	0.582	0.455	0.571	0.2	0	0	0	0	0.2	0	0	0	0	0	0.548
14.485	3.652	4.728	37.13	9.301	19.246	4.671	6.682	44.517	11.511	4.762	1.019	3.028	9.333	2.21	0.602	0.9	0.714	0.257	0.742	0.602	0.9	0.714	0.257	0.742	0.5	0	0.667	0.357	1	0	0.4	0	0	0	0	0.2	0	0	0	0.417	0.239
0	0	0	0	21.267	0	0	0	0	22.129	0	0	0	0	3.913	0	0	0	0	0.606	0	0	0	0	0.606	0	0	0	0	0.333	0.667	0	1	0.2	0.4	1	0.2	0.6	0	0.8	0	0.917
0	0	0	0	0	0	0	0	0	2.796	0	0	0	0	2.796	0	0	0	0	0.333	0	0	0	0	0.333	0	0	0	0	0.333	0	0	0	0	0	0	0	0	0	0	0.715	0.146
0	0	0	0	0	0	0	0	0	0	0	0	0	0	0	0	0	0	0	0	0	0	0	0	0	0	0	0	0	0	0	0	0	0	0	0	0	0	0	0	0	0.718
2.784	16.389	0	0	0	3.704	19.76	0	0	0	0	2.145	0	0	0	1	0.713	0	0	0	1	0.713	0	0	0	0	0	0	0	0	0	0.5	0.667	0	0	0.25	0	1	0	0.25	0.197	0.155
0	0	0	0	0	0	0	0	0	0	0	0	0	0	0	0	0	0	0	0	0	0	0	0	0	0	0	0	0	0	0	0	0	0	0	0	0	0	0	0	0.296	0.210
8.273	0	0	0	0	11.331	0	0	1.735	0	5.919	0	0	1.735	0	0.606	0	0	1	0	0.606	0	0	1	0	0.333	0	0	1	0	0.2	1	0.8	0	1	0	1	0.2	0	1	0	0.246
0	0	0	3.755	1.783	0	0	0	6.573	4.893	0	0	0	4.76	3.974	0	0	0	0.571	0.7	0	0	0	0.571	0.7	0	0	0	0.3	0.333	0	0	0.25	0	0.5	0	0.2	0	0	0	0	0.684
1.756	0	0	1.87	0.884	2.708	0	0	1.87	1.749	2.708	0	0	0.946	0.865	0.667	0	0	1	1	0.667	0	0	1	1	0.667	0	0	0	0	0	0.2	0	0	0	0	0.2	0.222	0	0	0	0.271
0	0	0	0	0	6.493	5.278	7.134	4.059	7.012	0	0	0	0	0	0.467	0.6	0.381	0.5	0.333	0.467	0.6	0.381	0.5	0.333	0	0	0	0	0	0	0	0	0	0	0.6	0	0	0	0	0.196	0.156
0	0	0	0	19.968	0	0	0	0	21.093	0	0	0	0	6.04	0	0	0	0	0.557	0	0	0	0	0.557	0	0	0	0	0.333	0.5	1	0.6	0.8	0.6	0	1	0	1	1	0	0.666
0	0	0	0	0	0	0	0	0	0	0	0	0	0	0	0	0	0	0	0	0	0	0	0	0	0	0	0	0	0	0	0	0	0	0	0	0	0	0	0	0	0.999
0	0	0	0	0	0	0	0	0	0	0	0	0	0	0	0	0	0	0	0	0	0	0	0	0	0	0	0	0	0	0	0	0.4	0	0	0	0	0.4	0	0.143	0.299	0.146
0	0	0	0	0	0	0	0	0	0	0	0	0	0	0	0	0	0	0	0	0	0	0	0	0	0	0	0	0	0	0	0.6	0	0	0	0	0.8	0	0.25	0	0	0.272
0	0	0	0	0	0	0	0	0	0	0	0	0	0	0	0	0	0	0	0	0	0	0	0	0	0	0	0	0	0	0	0	0	0	0	0	0	0	0	0	0	0.983
22.448	0	0	0	0	23.737	0	0	0	0	5.362	0	0	0	0	0.581	0	0	0	0	0.581	0	0	0	0	0.4	0	0	0	0	0.8	0.667	0.8	0.625	0.667	1	1	1	0.5	1	0.298	0.337
1.876	1.783	0	0	0.938	3.748	4.893	0	0	1.987	2.728	3.974	0	0	1.987	1	0.7	0	0	1	1	0.7	0	0	1	0.333	0.333	0	0	1	0.8	0.5	0.25	0.25	0	0.6	0	0.25	0	0	0	0.328
0	0	0	0	0	0	0	0	0	0	0	0	0	0	0	0	0	0	0	0	0	0	0	0	0	0	0	0	0	0	1	0.8	0.5	1	0.6	1	1	0	1	0	0.117	0.967
0	0	0	0	0	0	0	0	0	0	0	0	0	0	0	0	0	0	0	0	0	0	0	0	0	0	0	0	0	0	0	0	0	0	0	0	0	0	0	0	0.12	0.900
0	0	0	0	0	0	0	0	0	0	0	0	0	0	0	0	0	0	0	0	0	0	0	0	0	0	0	0	0	0	0	0.333	0	0	0.111	0	0.333	0	0	0.222	0.713	0.353
0	21.267	0	0	1.763	0.875	22.129	0	0	1.763	0.875	3.913	0	0	0	0	0.606	0	0	1	0	0.606	0	0	1	0	0.333	0	0	0	0.6	0.4	0.571	1	0.2	0.6	0.8	0.286	0.6	0	0.298	0.387
0	0	0	0	0	0	0	0	0	0	0	0	0	0	0	0	0	0	0	0	0	0	0	0	0	0	0	0	0	0	1	0.333	1	0.6	0.8	0.8	0.667	1	0.8	1	0	0.969
0	2.627	0	0	5.376	0	2.627	0	0	5.376	0	0	0	0	2.662	0	1	0	0	0.6	0	1	0	0	0.6	0	0	0	0	0.333	0	0.2	0	0.25	0.5	0.6	0.2	0.333	0.25	1	0	0.236
0	15.187	7.338	2.715	1.775	0	19.037	9.419	2.715	1.775	0	6.828	3.871	0	0	0	0.537	0.644	1	1	0	0.537	0.644	1	1	0	0.143	0.5	0	0	0	0.333	0.2	0	0	0	0.111	0.2	0	0	0	0.559
0	0	0	0	0	0	0	0	0	0	0	0	0	0	0	0	0	0	0	0	0	0	0	0	0	0	0	0	0	0	0	0	0	0	0	0	0	0	0	0	0.294	0.996
0	6.467	16.389	19.968	2.784	0	7.488	19.76	21.093	3.704	0	2.948	2.145	6.04	0	0	0.964	0.713	0.557	1	0	0.964	0.713	0.557	1	0	0.333	0	0.333	0	0	0.6	0.5	0.6	0	0	0.8	0	1	0.25	0.718	0.352
0	0	0	0	0	0	0	0	0	0	0	0	0	0	0	0	0	0	0	0	0	0	0	0	0	0	0	0	0	0	0	0	0	0	0	0	0	0	0	0	0.299	0.821
0	0	0	0	0	5.836	5.505	4.512	4.514	3.668	5.836	5.505	4.512	4.514	3.668	0.2	0.267	0.4	0.3	0.167	0.2	0.267	0.4	0.3	0.167	0.133	0.2	0.3	0.3	0.167	0	0	0	0	0	0	0	0	0	0	0.418	0.229
0	0	0	0	0	0	0	0	0	0	0	0	0	0	0	0	0	0	0	0	0	0	0	0	0	0	0	0	0	0	0	0.4	0	0	0	0.143	0.4	0	0	0	0.418	0.361
0	0	31.295	0	33.144	0.878	0	32.319	0	35.06	0.878	0	1.024	0	3.136	0	0	0.341	0	0.312	0	0	0.341	0	0.312	0	0	0	0	0	0.6	0.5	0.2	0.4	0.333	1	1	0.4	0.6	0.222	0.298	0.586
0	0	0	0	0	0	0	0	0	0	0	0	0	0	0	0	0	0	0	0	0	0	0	0	0	0	0	0	0	0	0.4	0	0	0	0	0.4	0	0.143	0	0	0	0.566
0	0	0	0	0	0	0	0	0	0	0	0	0	0	0	0	0	0	0	0	0	0	0	0	0	0	0	0	0	0	0	0	0	0	0	0	0	0	0	0	0.118	0.861
0	0	0	0	0	0	0	0	0	0	0	0	0	0	0	0	0	0	0	0	0	0	0	0	0	0	0	0	0	0	0	0	0	0	0	0	0.8	0	0.4	0	0.414	0.179
0	0	0	2.769	0.867	0	0	0	5.534	1.873	0	0	0	3.77	1.007	0	0	0	0.267	1	0	0	0	0.267	1	0	0	0	0	0	0.125	0	0.5	0.333	0.286	0	0	0	0.333	0.286	0	0.333
0	0	0	0	0	0	0	0	0	0	0	0	0	0	0	0	0	0	0	0	0	0	0	0	0	0	0	0	0	0	0	0	0	0	0	0	0	0	0	0	0.294	0.663
0	0	0	0	0	0	0	0	0	0	0	0	0	0	0	0	0	0	0	0	0	0	0	0	0	0	0	0	0	0	0.333	0	0	0.571	0	0.333	0	0	1	0	0	0.418
0	0	0	0	0	0	0	0	0	0	0	0	0	0	0	0	0	0	0	0	0	0	0	0	0	0	0	0	0	0	0	0	0	0	0	0	0	0	0	0	0.554	0.598
0	0	0	0	0	0	0	0	0	0	0	0	0	0	0	0	0	0	0	0	0	0	0	0	0	0	0	0	0	0	0	0	0	0	0	0	0	0	0	0	0.418	0.224
0	0	0	0.893	0	2.771	4.725	2.737	5.594	1.751	2.771	4.725	2.737	4.701	1.751	0	0.1	0	0.267	0	0	0.1	0	0.267	0	0	0.1	0	0.1	0	0	0	0	0	0	0	0	0	0	0	0.556	0.086
31.941	1.739	8.572	4.734	0	40.122	5.487	16.151	10.768	4.406	13.711	5.487	11.363	9.004	4.406	0.235	0.733	0.558	0.564	0.8	0.234	0.733	0.55	0.564	0.8	0.308	0.667	0.491	0.444	0.7	0	0	0	0.25	0.571	0	0	0	0	0.857	0	0.187
3.693	0	0	0	0	3.693	0	0	0	0	1.882	0	0	0	0	0.5	0	0	0	0	0.5	0	0	0	0	0	0	0	0	0	0	0	0.2	0.4	0.625	0	0	0.4	0.2	0.75	0	0.264
2.771	0	0	0	0	2.771	0	0	0	0	1.859	0	0	0	0	0	0	0	0	0	0	0	0	0	0	0	0	0	0	0	0.2	0	0	0	0.4	0.2	0	0	0	0.2	0.198	0.379
0	0	0	0	0	0	0	0	0	0	0	0	0	0	0	0	0	0	0	0	0	0	0	0	0	0	0	0	0	0	0	0	0	0	0	0	0	0	0	0.333	0	0.203
0	0.866	1.87	0	0	0	0.866	1.87	0	0	0	0	0.946	0	0	0	0	1	0	0	0	0	1	0	0	0	0	0	0	0	0	0	0	0	0.2	0.25	0.4	0	0	0.2	0.296	0.144
0	0	0	0	0	0	0	0	0	0	0	0	0	0	0	0	0	0	0	0	0	0	0	0	0	0	0	0	0	0	0	0	0	0	0	0	0.286	0	0	0	0	0.425
0	0	0	0	0	0	0	0	0	0	0	0	0	0	0	0	0	0	0	0	0	0	0	0	0	0	0	0	0	0	0	0	0	0	0	0	0	0	0	0	0.12	0.619
0	0	0	0	0	0	0	0	0	0	0	0	0	0	0	0	0	0	0	0	0	0	0	0	0	0	0	0	0	0	0	0	0	0	0	0	0	0	0	0	0.299	0.745
0	0	0	0	0	0	0	0	0	0	0	0	0	0	0	0	0	0	0	0	0	0	0	0	0	0	0	0	0	0	0	0	0	0	0	0	0	0	0	0	0.116	0.764
0	0	0	0	0	0	0	0	0	0	0	0	0	0	0	0	0	0	0	0	0	0	0	0	0	0	0	0	0	0	0	0	0	0	0	0	0	0	0	0	0.116	0.276
0	0	2.674	21.765	0	0	0	2.674	23.054	0	0	0	0.934	7.685	0	0	0	1	0.554	0	0	0	1	0.554	0	0	0	0	0.333	0	1	0.75	0.714	0	0.333	0	0.625	0.857	0.667	0	0	0.956
0	0	0.867	0	0	0	0	1.873	0	0	0	0	1.007	0	0	0	0	1	0	0	0	0	1	0	0	0	0	0	0	0	0.5	0.125	0.286	0	0	0	0	0.286	0	0	0	0.825
0	0	0	0	0	0.863	0.885	1.844	0	0.863	0.863	0.885	1.844	0	0.863	0	0	0	0	0	0	0	0	0	0	0	0	0	0	0	0	0	0	0	0	0	0	0	0	0	0.9	0.077
0	0	0	0	0	0	0	0	0	0	0	0	0	0	0	0	0	0	0	0	0	0	0	0	0	0	0	0	0	0	0	0	0	0.8	0	0	0	0	0.6	0	0.897	0.262
11.314	0.938	0	0	0	14.254	1.987	0	0	0.88	6.064	1.987	0	0	0.88	0.358	1	0	0	0	0.371	1	0	0	0	0.333	1	0	0	0	0	0	0	0.25	0.4	0	0	0	0.25	1	0	0.231
0	0	0	0	0	0	0	0	0	0	0	0	0	0	0	0	0	0	0	0	0	0	0	0	0	0	0	0	0	0	0	0	0	0	0	0	0	0	0	0	0.015	0.697
0	0	0	0	0	0	0	0	0	0	0	0	0	0	0	0	0	0	0	0	0	0	0	0	0	0	0	0	0	0	0.333	0	0	0	0	0.333	0	0	0	0	0.198	0.201
8.437	8.038	9.134	9.694	9.151	16.389	16.999	18.046	18.371	18.508	13.64	12.044	14.093	11.717	18.508	0.824	0.817	0.772	0.771	0.765	0.824	0.817	0.772	0.771	0.765	0.593	0.673	0.487	0.709	0.5	0	0	0	0	0	0	0	0	0	0.2	0.415	0.296
0	0	0	13.038	0	0	0	0	13.038	0	0	0	0	1.22	0	0	0	0	0.833	0	0	0	0	0.833	0	0	0	0	0	0	0	0	0	0	1	0.4	0	0	0.75	0	0.42	0.351
0	0	1.878	11.314	0	0.88	0	6.614	14.254	0.864	0.88	0	6.614	6.064	0.864	0	0	0.762	0.358	0	0	0	0.714	0.371	0	0	0	0.667	0.333	0	0.4	0	0	0	0.4	1	0	0	0	0	0	0.575
9.558	3.627	15.561	12.608	12.138	17.863	12.084	23.762	22.824	18.384	12.083	7.572	17.453	10.253	8.365	0.801	0.788	0.674	0.705	0.831	0.801	0.788	0.674	0.705	0.831	0.582	0.667	0.571	0.643	0.714	0	0.2	0	0	0	0	0.2	0	0	0.286	0	0.433
0	0	0	0	0	0	0	0	0	0	0	0	0	0	0	0	0	0	0	0	0	0	0	0	0	0	0	0	0	0	0	0.2	0.667	0	1	0.2	0	1	0	0.6	0.197	0.424
0	0	3.693	10.691	0	0	0	3.693	10.691	0	0	0	1.882	4.862	0	0	0	0.5	0.655	0	0	0	0.5	0.655	0	0	0	0	0.3	0	0	0.4	0	0	0.2	0	0.2	0	0	0.4	0	0.517
0	8.273	0	0	0	0	11.331	0	0	0	0	5.919	0	0	0	0	0.606	0	0	0	0	0.606	0	0	0	0	0.333	0	0	0	0.8	0.2	1	1	0	0.2	0	1	1	0	0	0.764
16.389	0	2.784	6.467	0	19.76	0	3.704	7.488	0	2.145	0	0	2.948	0	0.713	0	1	0.964	0	0.713	0	1	0.964	0	0	0	0	0.333	0	0.5	0	0	0.6	0.667	0	0	0.25	0.8	1	0.018	0.239
1.796	0	1.75	0	0.903	6.463	3.753	5.337	3.709	6.423	6.463	3.753	5.337	3.709	6.423	0.333	0.167	0.2	0.333	0.333	0.333	0.167	0.2	0.333	0.238	0.333	0.167	0.2	0.333	0.333	0	0	0	0	0	0	0	0	0	0	0.419	0.135
0	0	0	0	31.295	0	0	0.878	0	32.319	0	0	0.878	0	1.024	0	0	0	0	0.341	0	0	0	0	0.341	0	0	0	0	0	0.5	0.4	0.6	0	0.2	1	0.6	1	0	0.4	0.196	0.529
0	0	0	0	0	0	0	0	0	0	0	0	0	0	0	0	0	0	0	0	0	0	0	0	0	0	0	0	0	0	0	0	0	0	0	0	0	0	0	0	0.714	0.221
0	0	0	0	0	0	0	0	0	0	0	0	0	0	0	0	0	0	0	0	0	0	0	0	0	0	0	0	0	0	0	0	0	0.2	0	0	0	0	0	0	0	0.206
0	0	0	0	0	0	0	0	0	0	0	0	0	0	0	0	0	0	0	0	0	0	0	0	0	0	0	0	0	0	0	0	0	0	0	0	0	0	0	0	0.714	0.879
0	0	0	0	0.951	0	0	0	0	0.951	0	0	0	0	0	0	0	0	0	0	0	0	0	0	0	0	0	0	0	0	0	0	0	0	0.4	0	0	0	0.286	0.4	0	0.234
4.728	14.485	9.301	3.652	0	6.682	19.246	11.511	4.671	0	3.028	4.762	2.21	1.019	0	0.714	0.602	0.742	0.9	0	0.714	0.602	0.742	0.9	0	0.667	0.5	1	0	0	0	0	0	0.4	0	0	0	0	0.2	0	0.717	0.244
0	0	0	22.448	0	0	0	0	23.737	0	0	0	0	5.362	0	0	0	0	0.581	0	0	0	0	0.581	0	0	0	0	0.4	0	0.667	0.8	1	0.8	0.2	1	1	1	1	0.6	0	0.887
0	0	0	0	0	0	0	0	0	0	0	0	0	0	0	0	0	0	0	0	0	0	0	0	0	0	0	0	0	0	0	0	0	0	0	0	0	0	0	0	0	0.706
0	0	1.763	21.267	0	0	0.875	1.763	22.129	0	0	0.875	0	3.913	0	0	0	1	0.606	0	0	0	1	0.606	0	0	0	0	0.333	0	0.571	0.6	0.2	0.4	0.6	0.286	0.6	0	0.8	0.2	0.299	0.515
0	0	0	0	0	0	0	0	0	0	0	0	0	0	0	0	0	0	0	0	0	0	0	0	0	0	0	0	0	0	0	0	0	0	0	0	0	0	0	0	0.116	0.903
0	0	0	0	0	0	0	0	0	0	0	0	0	0	0	0	0	0	0	0	0	0	0	0	0	0	0	0	0	0	0	0	0	0	0	0	0	0	0	0	0	0.950
18.374	5.376	0	0	0	18.374	5.376	0	0	0	2.925	2.662	0	0	0	0.667	0.6	0	0	0	0.667	0.6	0	0	0	0	0.333	0	0	0	0.556	0.5	0.857	0	0	0.556	1	0.857	0.333	0	0.197	0.180
8.572	31.941	0	1.739	17.163	16.151	40.122	4.406	5.487	26.492	11.363	13.711	4.406	5.487	17.116	0.558	0.235	0.8	0.733	0.514	0.55	0.234	0.8	0.733	0.511	0.491	0.308	0.7	0.667	0.508	0	0	0.571	0	0	0	0	0.857	0	0.4	0	0.172
0	0	0	0.859	0	5.278	4.059	6.493	5.014	7.134	0	0	0	0	0	0.6	0.5	0.467	0.6	0.381	0.6	0.5	0.467	0.6	0.381	0	0	0	0	0	0	0	0	0	0	0	0	0.6	0	0	0.896	0.166
10.68	18.482	9.939	18.858	14.653	18.991	27.664	18.451	28.227	24.598	17.072	18.566	12.505	16.41	12.07	0.719	0.443	0.739	0.393	0.61	0.719	0.443	0.739	0.393	0.61	0.471	0.419	0.636	0.429	0.689	0	0	0	0.2	0	0	0	0	0.2	0	0.42	0.325
0	0	0	0	0	0.885	0	0.863	0	1.844	0.885	0	0.863	0	1.844	0	0	0	0	0	0	0	0	0	0	0	0	0	0	0	0	0	0	0	0	0	0	0	0	0	0.713	0.151
0	0	0	0	0	0	0	0	0.886	0	0	0	0	0.886	0	0	0	0	0	0	0	0	0	0	0	0	0	0	0	0	0	0	0	0	0	0	0	0	0	0	0.72	0.196
0	0	0	0	0	0	0	0	0	0	0	0	0	0	0	0	0	0	0	0	0	0	0	0	0	0	0	0	0	0	0	0	0	0	0	0	0	0	0	0	0	0.784
0	0	0	0	0	0	0	0	0	0	0	0	0	0	0	0	0	0	0	0	0	0	0	0	0	0	0	0	0	0	0	0	0	0	0	0	0	0	0	0	0.198	0.930
0	0	0	0	2.769	0.882	0.877	0	0	5.534	0.882	0.877	0	0	3.77	0	0	0	0	0.267	0	0	0	0	0.267	0	0	0	0	0	0	0.143	0	0.8	0.333	0.2	0.571	0	0.6	0.333	0.298	0.183
0	0	0	0	0	0	0	0	0	0	0	0	0	0	0	0	0	0	0	0	0	0	0	0	0	0	0	0	0	0	0	0	0	0	0	0	0	0	0	0	0.72	0.239
0	0	0	0	0	0	0	0	0	0	0	0	0	0	0	0	0	0	0	0	0	0	0	0	0	0	0	0	0	0	0	0	0	0.6	0	0	0	0	0.8	0.286	0	0.346
0	0	0	0	0	0	0	0	0	0	0	0	0	0	0	0	0	0	0	0	0	0	0	0	0	0	0	0	0	0	0	0	0	0	0	0	0	0	0	0	0.115	0.581
0.857	0	3.597	0	0	0.857	0	4.493	0	0	0	0	2.616	0	0	0	0	0.9	0	0	0	0	0.9	0	0	0	0	0.667	0	0	0	0	0.8	0.111	0.4	0	0	1	0.222	0.2	0.298	0.096
0	0	0	0	0	0	0	0	0	0	0	0	0	0	0	0	0	0	0	0	0	0	0	0	0	0	0	0	0	0	0	0	0	0	0	0	0	0	0	0	0.294	0.722
0	0	0	0	2.771	0	0	0	0	2.771	0	0	0	0	1.859	0	0	0	0	0	0	0	0	0	0	0	0	0	0	0	0	0.333	0	0	0.2	0	0.333	0	0	0.2	0	0.529
0	0	0.883	4.528	0	0	0	0.883	4.528	0	0	0	0	0	0	0	0	0	0.9	0	0	0	0	0.9	0	0	0	0	0	0	0	0	0	0	0	0	0	0	0.444	0.2	0.294	0.468
0	0	0	0	0	0	0	0	0	0	0	0	0	0	0	0	0	0	0	0	0	0	0	0	0	0	0	0	0	0	0	0	0	0	0	0	0	0	0	0	0.56	0.661
0	0	0	0	0	0	0	0	0	0	0	0	0	0	0	0	0	0	0	0	0	0	0	0	0	0	0	0	0	0	0	0	0	0	0	0	0	0	0	0	0	0.994
0	0	0	0	0	0	0	0	0	0	0	0	0	0	0	0	0	0	0	0	0	0	0	0	0	0	0	0	0	0	0	0	0	0	0	0	0	0	0	0	0.116	0.974
0	10.691	0	0	3.693	0	10.691	0	0	3.693	0	4.862	0	0	1.882	0	0.655	0	0	0.5	0	0.655	0	0	0.5	0	0.3	0	0	0	0.4	0	0	0	0	0.2	0	0	0	0	0	0.333
0.87	1.833	0	0	0	0.87	1.833	0	0	0	0.87	1.833	0	0	0	0	1	0	0	0	0	1	0	0	0	0	1	0	0	0	0.5	0.8	0.625	0.5	0.667	0.75	1	0.5	1	1	0	0.651
0	0	0	0	0	0	0	0	0	0	0	0	0	0	0	0	0	0	0	0	0	0	0	0	0	0	0	0	0	0	0	0	0	0	0	0	0	0	0	0	0.055	0.835
37.13	0	3.652	2.662	14.485	44.517	0	4.671	6.637	19.246	9.333	0	1.019	4.845	4.762	0.257	0	0.9	0.762	0.602	0.257	0	0.9	0.762	0.602	0.357	0	0	0.5	0.5	0	0	0.4	0.714	0	0	0.2	0.2	0	0	0.556	0.163
30.272	2.728	2.715	0.884	15.187	33.45	3.584	2.715	1.749	19.037	7.878	0.856	0	0.865	6.828	0.332	1	1	1	0.537	0.332	1	1	1	0.537	0.179	0	0	0	0.143	0	0	0	0	0.333	0.5	0	0	0	0.111	0.294	0.258
0	0	0	0	0	0	0	0	0	0	0	0	0	0	0	0	0	0	0	0	0	0	0	0	0	0	0	0	0	0	0	0	0	0	0	0	0	0	0	0	0.118	0.326
0	0	19.968	0	6.467	0	0	21.093	0	7.488	0	0	6.04	0	2.948	0	0	0.557	0	0.964	0	0	0.557	0	0.964	0	0	0.333	0	0.333	0.6	0.5	0.6	1	0.6	0	0	1	1	0.8	0	0.593
0	0	0	0	0	0	0	0	0	0	0	0	0	0	0	0	0	0	0	0	0	0	0	0	0	0	0	0	0	0	0	0	0	0	0	0	0	0	0	0	0.12	0.628
0	0	0	0	0	0	0	0	0	0	0	0	0	0	0	0	0	0	0	0	0	0	0	0	0	0	0	0	0	0	0	0	0	0	0	0	0	0	0	0	0.557	0.230
0	0	0	0	0	2.796	0	2.827	0	3.709	2.796	0	2.827	0	3.709	0.333	0	0.333	0	0.333	0.333	0	0.333	0	0.333	0.333	0	0.333	0	0.333	0	0	0	0	0	0	0	0	0	0	0.414	0.093
0	0	0.857	0	3.597	0	0	0.857	0	4.493	0	0	0	0	2.616	0	0	0	0	0.9	0	0	0	0	0.9	0	0	0	0	0.667	0	0.111	0	0	0.8	0	0.222	0	0	1	0.713	0.194
0.893	0	0	0	0	5.594	3.668	4.725	4.512	2.771	4.701	3.668	4.725	4.512	2.771	0.267	0.167	0.1	0.4	0	0.267	0.167	0.1	0.4	0	0.1	0.167	0.1	0.3	0	0	0	0	0	0	0	0	0	0	0	0.894	0.095
0	13.038	0	17.758	0	0	13.038	0	19.904	0	0	1.22	0	0.926	0	0	0.833	0	0.661	0	0	0.833	0	0.661	0	0	0	0	0	0	0	0	0	0.4	0	0	0.75	0.4	1	0	0.299	0.248
0	0	0.864	0.869	0.885	2.797	1.782	6.46	6.296	6.284	2.797	3.606	6.46	6.296	7.183	0.667	0.667	0.429	0.429	0.179	0.667	1	0.381	0.429	0.19	0.667	0.667	0.429	0.429	0.179	0	0	0	0	0.4	0	0	0.571	0	0	0	0.312
0	0	0	2.771	0	0	0	0	2.771	0	0	0	0	1.859	0	0	0	0	0	0	0	0	0	0	0	0	0	0	0	0	0.4	0	0	0.2	0.25	0.2	0	0	0.2	0	0	0.470
2.662	34.855	0	6.949	37.13	6.637	39.713	0	9.924	44.517	4.845	7.831	0	4.19	9.333	0.762	0.294	0	0.733	0.257	0.762	0.294	0	0.733	0.257	0.5	0.19	0	0.667	0.357	0.714	0	0	0.667	0	0	0.286	0.2	0.556	0	0.196	0.488
0	33.144	0.856	31.295	7.679	0	35.06	0.856	32.319	9.741	0	3.136	0	1.024	2.988	0	0.312	0	0.341	0.978	0	0.312	0	0.341	0.978	0	0	0	0	0	0.8	0.333	0.556	0.2	0.6	1	0.222	0.111	0.4	0.8	0.198	0.978
0	0.899	0	1.775	0	0	0.899	0	1.775	0	0	0.899	0	0	0	0	0	0	1	0	0	0	0	1	0	0	0	0	0	0	0	0.25	0	0	0.5	0.4	0	0.429	0	0	0	0.576
1.878	0	0	0	1.792	6.614	0.88	0.864	0	5.689	6.614	0.88	0.864	0	5.744	0.762	0	0	0	0.762	0.714	0	0	0	0.8	0.667	0	0	0	0.667	0	0.4	0.4	0	0	0	1	0	0	0.333	0	0.219
0	0	0	0	0	0	0	0	0	0	0	0	0	0	0	0	0	0	0	0	0	0	0	0	0	0	0	0	0	0	0	0	0	0	0	0	0	0	0	0	0.717	0.999
0	11.314	0	0.938	1.878	0	14.254	0.88	1.987	6.614	0	6.064	0.88	1.987	6.614	0	0.358	0	1	0.762	0	0.371	0	1	0.714	0	0.333	0	1	0.667	0	0	0.4	0	0	0	0	1	0	0	0	0.640
0	0	0	0	0	0	0	0	0	0	0	0	0	0	0	0	0	0	0	0	0	0	0	0	0	0	0	0	0	0	0	0	0.2	0	0	0	0.4	0	0	0	0.715	0.132
0	0	0	0.859	0	4.965	6.124	6.652	7.888	4.843	0	0	2.82	0	1.953	0.4	0.333	0.19	0.357	0.1	0.4	0.333	0.19	0.357	0.1	0	0	0.333	0	0	0	0	0	0	0	0.6	0	0	0	0.375	0.298	0.140
0	0	0	0	0	0	0	0	0	0	0	0	0	0	0	0	0	0	0	0	0	0	0	0	0	0	0	0	0	0	0	0	0	0	0	0	0	0	0	0	0.417	0.594
0	0	0	10.561	0	0	0	0	14.986	0	0	0	0	11.422	0	0	0	0	0.819	0	0	0	0	0.819	0	0	0	0	0.673	0	0	0	0	0	0	0	0	0	0	0	0.113	0.797
0	10.561	0	4.051	0	0	14.986	0	8.506	0	0	11.422	0	6.6	0	0	0.819	0	0.786	0	0	0.819	0	0.786	0	0	0.673	0	0.667	0	0	0	0	0	0	0	0	0	0	0	0.557	0.302
0	0	0	0	0	0	0	0	0	0	0	0	0	0	0	0	0	0	0	0	0	0	0	0	0	0	0	0	0	0	0	0	0	0	0	0	0	0	0	0	0.3	0.964
0	0	0	0	0	0	0	0	0	0	0	0	0	0	0	0	0	0	0	0	0	0	0	0	0	0	0	0	0	0	0	0	0	0	0	0	0	0	0	0	0.716	0.346
0	0	0	8.273	0	0	0	0	11.331	0	0	0	0	5.919	0	0	0	0	0.606	0	0	0	0	0.606	0	0	0	0	0.333	0	1	0.8	0	0.2	0.5	1	0.2	0	0	1	0	0.945
0	0	0	0	0	0	0	0	0	0	0	0	0	0	0	0	0	0	0	0	0	0	0	0	0	0	0	0	0	0	0	0	0	0	0	0	0	0	0	0	0.554	0.893
0	12.365	0	5.23	8.273	1.735	15.567	0	9.871	11.331	1.735	6.451	0	5.817	5.919	1	0.59	0	0.356	0.606	1	0.59	0	0.356	0.606	1	0.333	0	0.2	0.333	0	0.2	1	0.2	0.2	0	0.8	1	1	0	0	0.244
13.038	17.758	0	0	0	13.038	19.904	0	0	0	1.22	0.926	0	0	0	0.833	0.661	0	0	0	0.833	0.661	0	0	0	0	0	0	0	0	0	0.4	0	1	0	0.75	1	0	1	0.4	0.417	0.219
0	0	0	0	0	0	0	0	0	0	0	0	0	0	0	0	0	0	0	0	0	0	0	0	0	0	0	0	0	0	0	1	0.4	0	0.5	0	0	0.6	0	1	0	0.211
10.691	0	0	0	0	10.691	0	0	0	0	4.862	0	0	0	0	0.655	0	0	0	0	0.655	0	0	0	0	0.3	0	0	0	0	0	0	0.4	0.857	0	0	0	0.2	0.857	0	0	0.399
0	0	0	0	0	0	0	0	0	0	0	0	0	0	0	0	0	0	0	0	0	0	0	0	0	0	0	0	0	0	1	1	0.667	0.333	0.111	1	0	1	0.667	0.444	0	0.980
0	0	0	0	0	0	0	0	0	0	0	0	0	0	0	0	0	0	0	0	0	0	0	0	0	0	0	0	0	0	0	0.2	0	0	0	0	0	0	0	0	0.417	0.269
0	2.769	0	0	0	0	5.534	0	0	0	0	3.77	0	0	0	0	0.267	0	0	0	0	0.267	0	0	0	0	0	0	0	0	0	0.333	0.125	0	0.5	0	0.333	0	0	0	0.292	0.089
2.715	30.272	15.187	2.728	0	2.715	33.45	19.037	3.584	0	0	7.878	6.828	0.856	0	1	0.332	0.537	1	0	1	0.332	0.537	1	0	0	0.179	0.143	0	0	0	0	0.333	0	0	0	0.5	0.111	0	0	0.298	0.211
0	0	0	0	0	0	0	0	0	0	0	0	0	0	0	0	0	0	0	0	0	0	0	0	0	0	0	0	0	0	0	0	0	0	0	0	0	0	0	0	0.115	0.816
0	8.572	17.163	31.941	0.906	4.406	16.151	26.492	40.122	6.476	4.406	11.363	17.116	13.711	6.476	0.8	0.558	0.514	0.235	0.762	0.8	0.55	0.511	0.234	0.762	0.7	0.491	0.508	0.308	0.619	0.571	0	0	0	0	0.857	0	0.4	0	0	0.299	0.414
0	0	0.89	0	5.23	3.011	4.843	3.765	6.652	9.871	3.011	1.953	3.765	2.82	5.817	0.333	0.1	0.167	0.19	0.356	0.333	0.1	0.167	0.19	0.356	0.333	0	0.167	0.333	0.2	0	0	0	0	0.2	0	0.375	0	0	1	0	0.132
0	0	0	0	0	0	0	0	0	0	0	0	0	0	0	0	0	0	0	0	0	0	0	0	0	0	0	0	0	0	0	0	0	0	0	0	0	0	0	0	0.116	0.599
9.939	10.68	14.653	18.482	9.694	18.451	18.991	24.598	27.664	18.371	12.505	17.072	12.07	18.566	11.717	0.739	0.719	0.61	0.443	0.771	0.739	0.719	0.61	0.443	0.771	0.636	0.471	0.689	0.419	0.709	0	0	0	0	0	0	0	0	0	0	0	0.236
0	0	0	0	0	0	0	0	0	0	0	0	0	0	0	0	0	0	0	0	0	0	0	0	0	0	0	0	0	0	0	0	0	0	0	0	0	0	0	0	0.296	0.228
0	0	8.273	12.365	0	0	1.735	11.331	15.567	0	0	1.735	5.919	6.451	0	0	1	0.606	0.59	0	0	1	0.606	0.59	0	0	1	0.333	0.333	0	1	0	0.2	0.2	0.8	1	0	0	0.8	0.2	0	0.944
0	0	0	0	0	0	0	0	0	0	0	0	0	0	0	0	0	0	0	0	0	0	0	0	0	0	0	0	0	0	0	0	0	0	0	0	0	0	0	0	0.717	0.968
0	0	0	0	0	0	0	0	0	0	0	0	0	0	0	0	0	0	0	0	0	0	0	0	0	0	0	0	0	0	0	0	0	0	0	0	0	0	0	0	0.559	0.424
17.758	0	13.038	0	0	19.904	0	13.038	0	0	0.926	0	1.22	0	0	0.661	0	0.833	0	0	0.661	0	0.833	0	0	0	0	0	0	0	0.4	1	0	0	0	1	1	0.75	0.25	0	0.117	0.276
0	0	0	0	0.859	7.134	6.493	7.012	5.278	7.888	0	0	0	0	0	0.381	0.467	0.333	0.6	0.357	0.381	0.467	0.333	0.6	0.357	0	0	0	0	0	0	0	0	0	0	0	0.6	0	0	0	0.713	0.151
0	0	0	0	0	0	0	0	0	0	0	0	0	0	0	0	0	0	0	0	0	0	0	0	0	0	0	0	0	0	0	0	0	0	0	0	0	0	0	0	0.116	0.991
0	0	0	0.922	0	0	0	0	0.922	0	0	0	0	0	0	0	0	0	0	0	0	0	0	0	0	0	0	0	0	0	1	0.333	1	0.778	0.667	0	0.667	1	0.222	1	0	0.977
0	0	0	0	0	0	0	0	0	0	0	0	0	0	0	0	0	0	0	0	0	0	0	0	0	0	0	0	0	0	0	0	0	0	0	0	0	0	0	0	0.718	0.953
0	0	0	0	0	0	0	0	0	0	0	0	0	0	0	0	0	0	0	0	0	0	0	0	0	0	0	0	0	0	0	0	0	0	0	0	0	0	0	0	0	0.947
0	0	0	0	0	0	0	0	0	0	0	0	0	0	0	0	0	0	0	0	0	0	0	0	0	0	0	0	0	0	0	0.25	0	0	0	0	0	0	0.333	0	0.715	0.186
0	0	0	0	0	0	0	0	0	0	0	0	0	0	0	0	0	0	0	0	0	0	0	0	0	0	0	0	0	0	0	0	0	0	0	0	0	0	0	0	0.713	0.633
0	0	0	0	0	0	0	0	0	0	0	0	0	0	0	0	0	0	0	0	0	0	0	0	0	0	0	0	0	0	0.111	0.667	0.6	1	1	0.444	1	1	1	0	0	0.466
3.652	37.13	14.485	0	4.728	4.671	44.517	19.246	0	6.682	1.019	9.333	4.762	0	3.028	0.9	0.257	0.602	0	0.714	0.9	0.257	0.602	0	0.714	0	0.357	0.5	0	0.667	0.4	0	0	0	0	0.2	0	0	0.2	0	0.419	0.316
0	4.528	0	0	0.883	0	4.528	0	0	0.883	0	0	0	0	0	0	0.9	0	0	0	0	0.9	0	0	0	0	0	0	0	0	0	0	0	0.2	0	0	0.444	0	0	0	0	0.348
0	0	0	0	0	1.751	2.737	0.886	2.771	0	1.751	2.737	0.886	2.771	0	0	0	0	0	0	0	0	0	0	0	0	0	0	0	0	0	0	0	0	0	0	0	0	0	0	0.12	0.083
18.482	18.858	10.68	11.402	9.939	27.664	28.227	18.991	20.219	18.451	18.566	16.41	17.072	15.544	12.505	0.443	0.393	0.719	0.637	0.739	0.443	0.393	0.719	0.637	0.739	0.419	0.429	0.471	0.514	0.636	0	0.2	0	0.2	0	0	0.2	0	0	0	0	0.178
0	1.763	6.949	0	34.855	0	1.763	9.924	0	39.713	0	0	4.19	0	7.831	0	1	0.733	0	0.294	0	1	0.733	0	0.294	0	0	0.667	0	0.19	0.6	0.2	0.667	0.571	0	0.2	0	0.556	0.286	0.286	0	0.628
0	0	0	0	0	0	0	0	0	0	0	0	0	0	0	0	0	0	0	0	0	0	0	0	0	0	0	0	0	0	0	0	0	0	0	0	0	0	0	0	0.117	0.660
19.968	0	6.467	0	0	21.093	0	7.488	0	0	6.04	0	2.948	0	0	0.557	0	0.964	0	0	0.557	0	0.964	0	0	0.333	0	0.333	0	0	0.6	0.6	0.6	0.5	0	1	0	0.8	0	0	0.198	0.422
0	0	0	0	0	0	0	0	0	0	0	0	0	0	0	0	0	0	0	0	0	0	0	0	0	0	0	0	0	0	0	0	0	0	0	0	0	0	0	0	0.116	0.235
0	0	0	0	0	0	0	0	0	0	0	0	0	0	0	0	0	0	0	0	0	0	0	0	0	0	0	0	0	0	0	0	0	0	0	0	0	0	0	0	0.296	0.778
0	0	0	0	0	0	0	0	0	0	0	0	0	0	0	0	0	0	0	0	0	0	0	0	0	0	0	0	0	0	0	0	0	0	0	0	0	0	0	0	0.298	0.842
0	0	0	0	0	0	0	0	0	0	0	0	0	0	0	0	0	0	0	0	0	0	0	0	0	0	0	0	0	0	0	0	0	0	0.2	0.4	0	0	0	0	0.299	0.138
34.855	6.949	2.662	0	0	39.713	9.924	6.637	0	0	7.831	4.19	4.845	0	0	0.294	0.733	0.762	0	0	0.294	0.733	0.762	0	0	0.19	0.667	0.5	0	0	0	0.667	0.714	0.6	0	0.286	0.556	0	0.2	0.2	0.557	0.149
0	0	0	0	0	0	0	0	0	0	0	0	0	0	0	0	0	0	0	0	0	0	0	0	0	0	0	0	0	0	0	0	0	0	0	0	0	0	0	0	0.415	0.616
0	0	1.796	0	1.75	3.753	3.709	6.463	2.827	5.337	3.753	3.709	6.463	2.827	5.337	0.167	0.333	0.333	0.333	0.2	0.167	0.333	0.333	0.333	0.2	0.167	0.333	0.333	0.333	0.2	0	0	0	0	0	0	0	0	0	0	0.059	0.107
0	0.869	0	0.903	0.864	1.782	6.296	2.797	6.423	6.46	3.606	6.296	2.797	6.423	6.46	0.667	0.429	0.667	0.333	0.429	1	0.429	0.667	0.238	0.381	0.667	0.429	0.667	0.333	0.429	0	0	0	0	0	0	0	0	0	0.571	0	0.334
0	0	0	0	0	0	0	2.796	0	2.827	0	0	2.796	0	2.827	0	0	0.333	0	0.333	0	0	0.333	0	0.333	0	0	0.333	0	0.333	0	0	0	0	0	0	0	0	0	0	0.198	0.093
0	0	10.691	18.374	0	0	0	10.691	18.374	0	0	0	4.862	2.925	0	0	0	0.655	0.667	0	0	0	0.655	0.667	0	0	0	0.3	0	0	0	0.857	0	0.556	0.4	0	0.857	0	0.556	0.2	0	0.474
0	0.869	0	3.593	0	4.514	4.553	5.505	10.456	5.836	4.514	4.553	5.505	10.489	5.836	0.3	0.3	0.267	0.242	0.2	0.3	0.3	0.267	0.255	0.2	0.3	0.3	0.2	0.236	0.133	0	0	0	0.571	0	0	0	0	0.143	0	0.292	0.125
0	2.784	0	16.389	0	0	3.704	0	19.76	0	0	0	0	2.145	0	0	1	0	0.713	0	0	1	0	0.713	0	0	0	0	0	0	0.667	0	0	0.5	1	1	0.25	0.25	0	1	0	0.856
0	0	0	0	0	0	0	0	0	0	0	0	0	0	0	0	0	0	0	0	0	0	0	0	0	0	0	0	0	0	0	0	0	0	0	0	0	0	0	0	0.716	0.277
1.763	0	0	0	6.949	1.763	0	0	0.875	9.924	0	0	0	0.875	4.19	1	0	0	0	0.733	1	0	0	0	0.733	0	0	0	0	0.667	0.2	0.571	0.6	0.6	0.667	0	0.286	0.2	0.6	0.556	0	0.504
0	0	0	0	1.833	0	0	0	0	1.833	0	0	0	0	1.833	0	0	0	0	1	0	0	0	0	1	0	0	0	0	1	0	1	0.5	0.8	0.8	0	1	1	0.2	1	0	0.669
1.87	0	0	0.866	1.756	1.87	0	0	0.866	2.708	0.946	0	0	0	2.708	1	0	0	0	0.667	1	0	0	0	0.667	0	0	0	0	0.667	0	0	0.2	0	0	0	0.25	0.2	0.4	0	0.299	0.140
0	0.893	0	0	0	4.725	5.594	2.771	3.668	2.737	4.725	4.701	2.771	3.668	2.737	0.1	0.267	0	0.167	0	0.1	0.267	0	0.167	0	0.1	0.1	0	0.167	0	0	0	0	0	0	0	0	0	0	0	0.716	0.095
0	7.679	0.922	0.856	0	0	9.741	0.922	0.856	0	0	2.988	0	0	0	0	0.978	0	0	0	0	0.978	0	0	0	0	0	0	0	0	1	0.6	0.778	0.556	0.333	1	0.8	0.222	0.111	0.667	0	0.984
0	1.87	1.756	0	0	0	1.87	2.708	0	0	0	0.946	2.708	0	0	0	1	0.667	0	0	0	1	0.667	0	0	0	0	0.667	0	0	0.2	0	0	0	0	0.2	0	0	0.25	0.222	0	0.383
0	0	0	0	0	0	0	0	0	0	0	0	0	0	0	0	0	0	0	0	0	0	0	0	0	0	0	0	0	0	0	0	0	0	0	0	0	0.286	0	0	0.296	0.253
0	0	0	0	0	0	0	0	0	0	0	0	0	0	0	0	0	0	0	0	0	0	0	0	0	0	0	0	0	0	0	0	0	0	0	0	0	0	0	0	0.059	0.897
0	0	0	0	0	0	0	0	0	0	0	0	0	0	0	0	0	0	0	0	0	0	0	0	0	0	0	0	0	0	0	0.2	0.2	0	0.25	0	0.2	0.2	0	0	0.556	0.245
0	0	0	0	0	0	0	0	0	0	0	0	0	0	0	0	0	0	0	0	0	0	0	0	0	0	0	0	0	0	0	0	0	0	0	0	0	0	0	0	0.299	0.986
0	0	0	2.674	0	0	0	0	2.674	0	0	0	0	0.934	0	0	0	0	1	0	0	0	0	1	0	0	0	0	0	0	1	0.333	0.6	0.714	0.333	0	0	0.8	0.857	0.667	0	0.957
0	0	0	0	0	0	0	0	0	0	0	0	0	0	0	0	0	0	0	0	0	0	0	0	0	0	0	0	0	0	0	0	0	0	0	0	0	0	0	0	0.116	0.451
0	0	0	0	0	0	0	0	0	0	0	0	0	0	0	0	0	0	0	0	0	0	0	0	0	0	0	0	0	0	0	0	0	0	0	0	0	0	0	0	0.715	0.223
0	1.878	1.792	0	4.734	0.864	6.614	5.689	0.88	10.768	0.864	6.614	5.744	0.88	9.004	0	0.762	0.762	0	0.564	0	0.714	0.8	0	0.564	0	0.667	0.667	0	0.444	0.4	0	0	0.4	0.25	0	0	0.333	1	0	0	0.432
0	0	1.783	0	1.876	0	0	4.893	0	3.748	0	0	3.974	0	2.728	0	0	0.7	0	1	0	0	0.7	0	1	0	0	0.333	0	0.333	0.25	0	0.5	0	0.8	0	0	0	0.2	0.6	0	0.596
0	0	0	0.899	0	0	0	0	0.899	0	0	0	0	0.899	0	0	0	0	0	0	0	0	0	0	0	0	0	0	0	0	0	0	0.5	0.25	0.2	0.429	0.4	0	0	0.2	0.418	0.329
0	0	0	0	0	0	0	0	0	0	0	0	0	0	0	0	0	0	0	0	0	0	0	0	0	0	0	0	0	0	0	0	0	0	0	0	0	0	0	0	0.3	0.186
0	0	0	0	0	0	0	0	0	0	0	0	0	0	0	0	0	0	0	0	0	0	0	0	0	0	0	0	0	0	0	0	0	0	0	0	0	0	0	0	0.718	0.343
0	0	0	0	0	0	0	0	0	0	0	0	0	0	0	0	0	0	0	0	0	0	0	0	0	0	0	0	0	0	0.2	0	0	0	0	0	0	0	0.4	0	0.113	0.138
0	0	0	0	0	0	0	0	0	0	0	0	0	0	0	0	0	0	0	0	0	0	0	0	0	0	0	0	0	0	0	0	0	0	0	0	0	0	0	0	0.294	0.958
2.769	0	0	0	0	5.534	0	0	0.882	0	3.77	0	0	0.882	0	0.267	0	0	0	0	0.267	0	0	0	0	0	0	0	0	0	0.333	0	0	0	0.125	0.333	0	0	0.2	0	0	0.201
0	0	0	0	0	2.737	2.771	1.751	4.725	0.886	2.737	2.771	1.751	4.725	0.886	0	0	0	0.1	0	0	0	0	0.1	0	0	0	0	0.1	0	0	0	0	0	0	0	0	0	0	0	0.297	0.120
0	0	0	0	0	0	0	0	0	0	0	0	0	0	0	0	0	0	0	0	0	0	0	0	0	0	0	0	0	0	0	0	0	0	0	0	0	0	0	0	0.713	0.450
