13.557	2.716	1.86	0.911	0	14.659	1.792	3.729	0.911	0	7.951	1.82	2.821	0.911	0	0.765	1	0.833	0	0	0.676	1	0.833	0	0	0.321	1	0.667	0	0	0.2	0	0.75	0	0	0	0	1	0	1	0.113	0.349
0	56.987	0	6.736	0	0	50.35	0	6.704	0	0	21.079	0	5.053	0	0	0.235	0	0.855	0	0	0.177	0	0.952	0	0	0.261	0	0.7	0	0.4	0	0.556	1	0	0	0	0.222	0.333	0	0	0.492
0	0	6.693	27.364	3.722	0	0	5.794	25.449	3.722	0	0	2.976	7.091	0	0	0	0.893	0.624	1	0	0	0.933	0.569	0.5	0	0	0.667	0.286	0	0	0	0	0.2	0	0	0	0	0	0	0	0.499
14.193	1.841	0	0	0	16.252	3.735	0	0	0	5.051	1.894	0	0	0	0.809	1	0	0	0	0.735	1	0	0	0	0.6	1	0	0	0	0	0.2	0	0	0.2	0	0	0	0	0	0.294	0.356
0	0	0	0.9	0	0	0	0	0.9	0	0	0	0	0	0	0	0	0	0	0	0	0	0	0	0	0	0	0	0	0	0	0	0	0	0	0	0	0	0	0	0	0.231
0	0	0	0	0	0	0	0	0	0	0	0	0	0	0	0	0	0	0	0	0	0	0	0	0	0	0	0	0	0	0.25	0.2	0	0.75	0	0	0	0	0	0.2	0	0.551
0	0	0	0	0	0	0	0	0	0	0	0	0	0	0	0	0	0	0	0	0	0	0	0	0	0	0	0	0	0	0.667	0	0	0.2	0.125	1	0	0	0	0	0	0.972
0	0	0	0	0	0	0	0	0	0	0	0	0	0	0	0	0	0	0	0	0	0	0	0	0	0	0	0	0	0	0	0	0	0	0	0	0	0	0	0	0.418	0.972
0	0	0	4.646	0	0	0	0	3.694	0	0	0	0	1.904	0	0	0	0	1	0	0	0	0	1	0	0	0	0	0	0	0.5	0	0.4	0	0	0.5	0	0.8	0	0.2	0	0.432
0	0	0	0	0	0	0	0	0	0	0	0	0	0	0	0	0	0	0	0	0	0	0	0	0	0	0	0	0	0	1	0.75	0.667	0.333	0.4	1	0.75	1	0.667	0.4	0	0.992
13.393	0.929	2.77	19.232	0	14.493	5.163	5.946	21.64	1.862	7.241	4.234	4.106	9.616	1.862	0.582	0.6	0.733	0.457	1	0.6	0.5	0.667	0.403	0	0.429	0.5	0.667	0.333	1	0.2	0.2	0	0.333	0	0.2	0	0	1	0	0	0.277
0.916	0	0	0	0	0.916	0	0	0	0	0	0	0	0	0	0	0	0	0	0	0	0	0	0	0	0	0	0	0	0	0	0	0	0	0	0	0	0	0	0	0.554	0.278
0	0	0	0	0.9	0	0	0	0	0.9	0	0	0	0	0	0	0	0	0	0	0	0	0	0	0	0	0	0	0	0	0	0.2	0	0	0	0	0	0	0	0	0	0.661
0	0	0	0	16.263	0	0	0	0	16.263	0	0	0	0	0	0	0	0	0	0.699	0	0	0	0	0.625	0	0	0	0	0	0.2	0	0.4	0	1	0	0	0	1	1	0	0.432
3.779	0	0	9.77	0	3.779	0	0	6.636	0	1.958	0	0	4.965	0	1	0	0	0.873	0	0.5	0	0	0.905	0	1	0	0	0.7	0	0	0.2	0	0	1	0	0	0.375	0	1	0.557	0.256
0	0	0	20.746	0	0	0	0	18.87	0	0	0	0	4.633	0	0	0	0	0.45	0	0	0	0	0.484	0	0	0	0	0	0	0	0	0	0	0	0	0	0	0	0	0.556	0.284
0	0	0	0	0	0	0	0	0	0	0	0	0	0	0	0	0	0	0	0	0	0	0	0	0	0	0	0	0	0	0.4	0.444	0	0	0.2	0	0	0	0	0	0	0.853
16.263	0	0	0	0	16.263	0	0	0	0	0	0	0	0	0	0.699	0	0	0	0	0.625	0	0	0	0	0	0	0	0	0	1	0.4	0.333	0.2	0.4	1	0	0.667	0	0	0	0.360
0	0	-1	0	-1	0	0	-1	0	-1	0	0	-1	0	-1	0	0	-1	0	-1	0	0	-1	0	-1	0	0	-1	0	-1	0	0	-1	0	-1	0	0	-1	0	-1	0.896	0.998
11.881	0	34.629	0	19.101	12.845	0	32.816	0	22.965	3.06	0	7.095	0	6.842	0.868	0	0.432	0	0.577	0.769	0	0.429	0	0.498	0.667	0	0.095	0	0.095	0.2	0.8	0.125	0.5	0	0	1	0	1	0	0	0.285
0	0.92	0	0	0	0	0.92	0	0	0	0	0	0	0	0	0	0	0	0	0	0	0	0	0	0	0	0	0	0	0	0	0	0	0	0	0	0	0	0	0	0.716	0.305
0	0	0	2.726	0	0	0	0	2.726	0	0	0	0	0.896	0	0	0	0	0.667	0	0	0	0	0.333	0	0	0	0	0	0	0	0	0	0	0	0	0	0	0	0	0.299	0.232
0	0	1.845	1.815	12.46	0	0	0.921	1.815	12.42	0	0	1.85	0.912	2.13	0	0	1	0	0.857	0	0	0	0	0.705	0	0	0	0	1	0	0	0	0	0	0	0	0	0	0	0	0.149
0	0	0	0	0	0	0	0	0	0	0	0	0	0	0	0	0	0	0	0	0	0	0	0	0	0	0	0	0	0	0	0	0	0.333	0.125	0	0	0	0.333	0	0.118	0.331
0	0	0	0	0	0	0	0	0	0	0	0	0	0	0	0	0	0	0	0	0	0	0	0	0	0	0	0	0	0	0	0.2	0.111	0.4	0	0	0	0	0	0	0	0.414
0	0	0	0	0	0	0	0	0	0	0	0	0	0	0	0	0	0	0	0	0	0	0	0	0	0	0	0	0	0	0.5	0	0.2	0	0	0	0	0	0	0	0.196	0.733
0	0	0	0	0	0	0	0	0	0	0	0	0	0	0	0	0	0	0	0	0	0	0	0	0	0	0	0	0	0	0	0	0	0	0	0	0	0	0	0	0.896	0.998
0	0	0	0	0	0	0	0	0	0	0	0	0	0	0	0	0	0	0	0	0	0	0	0	0	0	0	0	0	0	0.5	0.4	1	0	0	1	0.6	1	0	0.667	0	0.829
0.929	19.232	13.393	1.817	2.77	5.163	21.64	14.493	2.836	5.946	4.234	9.616	7.241	4.811	4.106	0.6	0.457	0.582	0.4	0.733	0.5	0.403	0.6	0.333	0.667	0.5	0.333	0.429	0.3	0.667	0.2	0.333	0.2	0	0	0	1	0.2	0.25	0	0.292	0.135
3.71	0	0	0	0	4.615	0	0	0	0	0.9	0	0	0	0	1	0	0	0	0	0.9	0	0	0	0	0	0	0	0	0	0	0	0	0	0.889	0	0.2	0	0	1	0	0.259
29.434	0	26.02	16.214	7.726	25.982	0	26.02	12.826	13.207	12.367	0	7.455	10.583	5.481	0.426	0	0.495	0.779	0.897	0.34	0	0.406	0.782	0.795	0.455	0	0.733	0.556	0.8	0.111	0.5	0.333	0.778	0	0	0	0.667	0.111	0	0.419	0.364
0	0	0	0	0	0	0	0	0	0	0	0	0	0	0	0	0	0	0	0	0	0	0	0	0	0	0	0	0	0	0.4	0	0.4	0.2	0	0	0	0	0	0	0	0.530
40.773	7.895	0	0	0	39.715	5.849	0	0	0	6.236	2.968	0	0	0	0.438	0.964	0	0	0	0.405	0.4	0	0	0	0.2	0.333	0	0	0	0	0	0.333	0	0	0	0	0.333	0.4	0	0	0.347
0	0.9	0	0	0	0	0.9	0	0	0	0	0	0	0	0	0	0	0	0	0	0	0	0	0	0	0	0	0	0	0	0	0	0	0	0	0	0	0	0	0	0	0.495
0	0	0	0	0	0	0	0	0	0	0	0	0	0	0	0	0	0	0	0	0	0	0	0	0	0	0	0	0	0	0	0	0	0	0	0	0	0	0	0	0.556	0.955
15.349	0	0	0	3.728	12.344	0	0	0	4.773	10.623	0	0	0.977	1.888	0.61	0	0	0	0.933	0.727	0	0	0	0.3	0.311	0	0	0	1	0	0.4	0.667	0.25	0	0	0	0.667	1	0	0	0.271
9.77	3.702	0	0	3.779	6.636	1.783	0	0	3.779	4.965	1.919	0	0	1.958	0.873	1	0	0	1	0.905	1	0	0	0.5	0.7	1	0	0	1	0	0.333	0.2	0	0	0	0.333	0	0	0	0	0.199
1.86	13.557	0	2.716	0	3.729	14.659	0	1.792	0	2.821	7.951	0	1.82	0	0.833	0.765	0	1	0	0.833	0.676	0	1	0	0.667	0.321	0	1	0	0.75	0.2	0	0	0	1	0	1	0	0.667	0.417	0.432
0.92	0	0	0	0	0.92	0	0	0	0	0	0	0	0	0	0	0	0	0	0	0	0	0	0	0	0	0	0	0	0	0	0	0	0	0	0	0	0	0	0	0.294	0.300
0	0	7.58	0	0	0	0	7.522	0	0	0	0	3.871	0	0	0	0	0.933	0	0	0	0	0.857	0	0	0	0	0.167	0	0	0.333	0	0.556	0	0.5	0.667	0	1	0	1	0	0.434
0	0	0	0	0	0	0	0	0	0	0	0	0	0	0	0	0	0	0	0	0	0	0	0	0	0	0	0	0	0	0	0	0.2	0.4	0.4	0	1	0	0.4	0	0	0.495
0	0	0	0	0	0	0	0	0	0	0	0	0	0	0	0	0	0	0	0	0	0	0	0	0	0	0	0	0	0	0.111	0	0	0.2	0	0	0	0	0	0	0.298	0.272
0	0	0	0	0	0	0	0	0	0	0	0	0	0	0	0	0	0	0	0	0	0	0	0	0	0	0	0	0	0	0.2	0.4	0	0.125	0.4	0	0	0	0	0	0.298	0.622
0	0	0	0	0	0	0	0	0	0	0	0	0	0	0	0	0	0	0	0	0	0	0	0	0	0	0	0	0	0	0	0	0	0	0	0	0	0	0	0	0.893	0.863
1.845	0	12.46	0	0	0.921	0	12.42	0	0	1.85	0	2.13	0	0	1	0	0.857	0	0	0	0	0.705	0	0	0	0	1	0	0	0	0	0	0	0.2	0	0	0	0	0	0.018	0.262
0	0	0	0	0	0	0	0	0	0	0	0	0	0	0	0	0	0	0	0	0	0	0	0	0	0	0	0	0	0	0	0.286	0	0	0.444	0	0	0	0	0	0.718	0.506
6.693	0	3.722	0	0	5.794	0	3.722	0	0	2.976	0	0	0	0	0.893	0	1	0	0	0.933	0	0.5	0	0	0.667	0	0	0	0	0	0	0	0	0	0	0	0	0	0	0	0.247
0	4.726	0	0	0	0	4.726	0	0	0	0	0.949	0	0	0	0	0.8	0	0	0	0	0.5	0	0	0	0	0	0	0	0	0	0	0	0	0.5	0	0	0	0	0	0.415	0.330
0	0	0	0	0	0	0	0	0	0	0	0	0	0	0	0	0	0	0	0	0	0	0	0	0	0	0	0	0	0	0.2	0.75	0.25	0.4	0	0	0	0	0	0	0	0.389
0	0	0	56.987	0	0	0	0	50.35	0	0	0	0	21.079	0	0	0	0	0.235	0	0	0	0	0.177	0	0	0	0	0.261	0	0.556	0.4	0	0	0	0.222	0	0	0	0	0	0.687
0	19.101	0	34.629	11.02	0	22.965	0	32.816	12.188	0	6.842	0	7.095	4.237	0	0.577	0	0.432	0.901	0	0.498	0	0.429	0.788	0	0.095	0	0.095	0.333	0.2	0	0	0.125	0	0.4	0	0	0	0	0	0.731
0	0	9.533	0	0	0	0	10.667	0	0	0	0	2.081	0	0	0	0	0.891	0	0	0	0	0.836	0	0	0	0	0	0	0	0	0	0.4	0	0	0	0	0	0	0	0	0.365
0	0	0	0	0	0	0	0	0	0	0	0	0	0	0	0	0	0	0	0	0	0	0	0	0	0	0	0	0	0	0	0	0	0	0	0	0	0	0	0	0.415	0.537
0	0	10.505	0	0	0	0	10.505	0	0	0	0	0.947	0	0	0	0	0.964	0	0	0	0	0.891	0	0	0	0	0	0	0	0	0	0	0.25	0	0.2	0	0	0	0	0	0.398
0	0	0	0	0	0	0	0	0	0	0	0	0	0	0	0	0	0	0	0	0	0	0	0	0	0	0	0	0	0	1	0.5	0	0.4	0	1	1	0.667	0.6	0	0	0.910
9.533	0	0	0	0	10.667	0	0	0	0	2.081	0	0	0	0	0.891	0	0	0	0	0.836	0	0	0	0	0	0	0	0	0	0.4	0	0	0	0	0	0	0	0	0	0	0.261
0	0	0	0	0	0	0	0	0	0	0	0	0	0	0	0	0	0	0	0	0	0	0	0	0	0	0	0	0	0	0.2	0	0	0	0	0	0	0	0	0	0	0.521
0	0	0	0	0	0	0	0	0	0	0	0	0	0	0	0	0	0	0	0	0	0	0	0	0	0	0	0	0	0	0	0	0	0	0	0	0	0	0	0	0.897	0.796
0	0	0	0	0	0	0	0	0	0	0	0	0	0	0	0	0	0	0	0	0	0	0	0	0	0	0	0	0	0	0	0	0	0	0	0	0	0	0	0	0.296	0.876
0	4.646	0	1.795	0	0	3.694	0	2.727	0	0	1.904	0	0.932	0	0	1	0	1	0	0	1	0	0.667	0	0	0	0	0	0	0	0	0.5	0	0.4	0	0	0.5	0	0.8	0	0.821
0	0	0	0	0	0	0	0	0	0	0	0	0	0	0	0	0	0	0	0	0	0	0	0	0	0	0	0	0	0	0	0	0	0	0	0	0	0	0	0	0.556	0.399
0	3.779	0	0	3.851	0	3.779	0	0	0.897	0	1.958	0	0	4.841	0	1	0	0	0.867	0	0.5	0	0	0	0	1	0	0	0.8	0	0	1	0.2	0	0.375	0	1	0	0.125	0.2	0.524
0	0	0	0	0	0	0	0	0	0	0	0	0	0	0	0	0	0	0	0	0	0	0	0	0	0	0	0	0	0	0	0	0.6	0	0	0.2	0	0.4	0	0	0	0.552
7.726	26.02	5.856	29.434	47.381	13.207	26.02	5.856	25.982	45.121	5.481	7.455	7.541	12.367	9.939	0.897	0.495	0.909	0.426	0.308	0.795	0.406	0.933	0.34	0.219	0.8	0.733	0.714	0.455	0.536	0	0.333	1	0.111	0.2	0	0.667	0.8	0	0	0.713	0.456
0	2.726	0	0	0	0	2.726	0	0	0	0	0.896	0	0	0	0	0.667	0	0	0	0	0.333	0	0	0	0	0	0	0	0	0	0	0	0	0	0	0	0	0	0	0.56	0.463
0	16.214	29.434	0	26.02	0	12.826	25.982	0	26.02	0	10.583	12.367	0	7.455	0	0.779	0.426	0	0.495	0	0.782	0.34	0	0.406	0	0.556	0.455	0	0.733	0.5	0.778	0.111	1	0.333	0	0.111	0	1	0.667	0	0.573
0	0	0	0	0	0	0	0	0	0	0	0	0	0	0	0	0	0	0	0	0	0	0	0	0	0	0	0	0	0	0	0	0	0	0.4	0	0	0.143	0	0	0.558	0.292
0	0.916	0	0	0	0	0.916	0	0	0	0	0	0	0	0	0	0	0	0	0	0	0	0	0	0	0	0	0	0	0	0	0	0	0	0	0	0	0	0	0	0.898	0.237
0	0	0	0	0	0	0	0	0	0	0	0	0	0	0	0	0	0	0	0	0	0	0	0	0	0	0	0	0	0	0	0.2	0.333	0	0.75	0	0	0.667	0	0.75	0	0.419
3.702	0	9.77	0	0	1.783	0	6.636	0	0	1.919	0	4.965	0	0	1	0	0.873	0	0	1	0	0.905	0	0	1	0	0.7	0	0	0.333	0	0	0	0.2	0.333	0	0	0	0	0	0.339
0	4.593	46.851	3.851	0	0	3.684	42.859	0.897	0	0	0.909	12.043	4.841	0	0	0.9	0.356	0.867	0	0	0.667	0.361	0	0	0	0	0.291	0.8	0	0.333	0.714	0	0	1	1	0.857	0	0.125	1	0	0.547
0	0	3.71	0	0	0	0	4.615	0	0	0	0	0.9	0	0	0	0	1	0	0	0	0	0.9	0	0	0	0	0	0	0	0	0	0	0.6	0	0.2	0	0	0.4	0	0	0.558
0	0	31.769	0	0.911	0	0	30.682	0	0.911	0	0	6.084	0	0.911	0	0	0.492	0	0	0	0	0.471	0	0	0	0	0.267	0	0	0	0	0.2	0	0	0	0	0.8	0	0	0.556	0.190
0	0	0	0	0	0	0	0	0	0	0	0	0	0	0.961	0	0	0	0	0	0	0	0	0	0	0	0	0	0	0	0	0	0	0	0	0	0	0	0	0	0	0.605
0	0	0	0	0	0	0	0	0	0	0	0	0	0	0	0	0	0	0	0	0	0	0	0	0	0	0	0	0	0	1	0.2	0	0	0	1	0.4	0	0	0	0	0.974
0	0	0	0	0	0	0	0	0	0	0	0	0	0	0	0	0	0	0	0	0	0	0	0	0	0	0	0	0	0	0	0	0	0.111	0	0	0	0	0	0	0	0.509
0	0	0	0	0	0	0	0	0	0	0	0	0	0	0	0	0	0	0	0	0	0	0	0	0	0	0	0	0	0	0.4	0	0.2	0.6	0	0	0	0	0	0	0.12	0.382
5.593	19.452	37.133	0	0	5.593	20.483	33.381	0	0	2.895	8.797	15.482	0.974	0.977	0.952	0.676	0.366	0	0	0.6	0.611	0.291	0	0	0.667	0.5	0.286	0	0	0.75	0	0.889	0	0.25	1	0	1	0	1	0	0.463
11.02	0	0	0	1.795	12.188	0	0	0	2.727	4.237	0	0	0	0.932	0.901	0	0	0	1	0.788	0	0	0	0.667	0.333	0	0	0	0	0	0	0	0.2	0	0	0	0	0.4	0	0	0.312
0	0	0	0	0	0	0	0	0	0	0	0	0	0	0	0	0	0	0	0	0	0	0	0	0	0	0	0	0	0	0.75	0.4	0.2	0	0.25	0	0	0	0.143	0	0.417	0.920
0	0	0	0	0	0	0	0	0	0	0	0	0	0	0	0	0	0	0	0	0	0	0	0	0	0	0	0	0	0	0	0	0	0	0.6	0	0	0	0	0	0.417	0.374
0	0	11.071	0	22.281	0	0	11.071	0	23.415	0	0	1.848	0	6.019	0	0	0.879	0	0.565	0	0	0.742	0	0.511	0	0	1	0	0.4	0	0	0.667	0	0	0	0	0	0	0	0.718	0.353
0	0	0	0	0	0	0	0	0	0	0	0	0	0	0	0	0	0	0	0	0	0	0	0	0	0	0	0	0	0	0	0.4	0.2	0.5	0.333	0.2	0.8	0.4	0.5	1	0	0.460
0	40.773	0	7.895	0	0	39.715	0	5.849	0	0	6.236	0	2.968	0	0	0.438	0	0.964	0	0	0.405	0	0.4	0	0	0.2	0	0.333	0	0.333	0	0	0	0	0.333	0	0	0	0	0.117	0.261
0	-1	0	-1	0	0	-1	0	-1	0	0	-1	0	-1	0	0	-1	0	-1	0	0	-1	0	-1	0	0	-1	0	-1	0	0	-1	0	-1	0	0	-1	0	-1	0	0.718	0.775
0	0	0	0	0	0	0	0	0	0	0	0	0	0	0	0	0	0	0	0	0	0	0	0	0	0	0	0	0	0	0.4	0.125	0.2	0	0	0	0	0	0	0	0	0.600
26.02	29.434	7.726	0	5.856	26.02	25.982	13.207	0	5.856	7.455	12.367	5.481	0	7.541	0.495	0.426	0.897	0	0.909	0.406	0.34	0.795	0	0.933	0.733	0.455	0.8	0	0.714	0.333	0.111	0	0.5	1	0.667	0	0	0	0.8	0.19	0.389
0	0	0	9.533	0	0	0	0	10.667	0	0	0	0	2.081	0	0	0	0	0.891	0	0	0	0	0.836	0	0	0	0	0	0	0	0	0	0.4	0	0	0	0.333	0	0	0	0.469
0	46.851	0	0	0	0	42.859	0	0	0	0	12.043	0	0	0	0	0.356	0	0	0	0	0.361	0	0	0	0	0.291	0	0	0	1	0	0	0.333	0	1	0	0	1	0	0	0.925
0	0	3.697	1.891	0	0	0	6.661	1.889	0.935	0	0.891	6.988	1.838	0.935	0	0	0.379	0.667	0	0	0	0.333	1	0	0	0	0.333	1	0	1	0.75	0.4	0.75	0	1	0.875	0.2	0.625	0	0	0.906
0	15.349	3.728	0	0	0	12.344	4.773	0	0	0	10.623	1.888	0	0	0	0.61	0.933	0	0	0	0.727	0.3	0	0	0	0.311	1	0	0	0.667	0	0	0.4	0	0.667	0	0	0	0	0	0.636
10.182	0	0	0	0	9.283	0	0	0	0	3.699	0	0	0	0	0.818	0	0	0	0	0.844	0	0	0	0	0.5	0	0	0	0	0	0	0	0	0	0	0	0	0	0	0.119	0.192
0	0	0	0	0	0	0	0	0	0	0	0	0	0	0	0	0	0	0	0	0	0	0	0	0	0	0	0	0	0	0	0	0	0	0	0	0	0	0	0	0.715	0.986
0	0	0	0	0	0	0	0	0	0	0	0	0	0	0	0	0	0	0	0	0	0	0	0	0	0	0	0	0	0	0.125	0	0.4	0.667	0.2	0	0	0	1	0	0	0.644
0	0	0	0	0	0	0	0	0	0	0	0	0	0	0	0	0	0	0	0	0	0	0	0	0	0	0	0	0	0	0.2	0	0	0.2	0	0	0	0	0	0	0	0.591
2.716	0.911	13.557	31.769	1.86	1.792	0.911	14.659	30.682	3.729	1.82	0.911	7.951	6.084	2.821	1	0	0.765	0.492	0.833	1	0	0.676	0.471	0.833	1	0	0.321	0.267	0.667	0	0	0.2	0.2	0.75	0	0	0	0.8	1	0.419	0.329
0	0	0	0	0	0	0	0	0	0	0	0	0	0	0	0	0	0	0	0	0	0	0	0	0	0	0	0	0	0	0	0.2	0.667	0	0	0	0	1	0	0	0	0.725
19.101	34.629	0	11.881	0	22.965	32.816	0	12.845	0	6.842	7.095	0	3.06	0	0.577	0.432	0	0.868	0	0.498	0.429	0	0.769	0	0.095	0.095	0	0.667	0	0	0.125	0.2	0.2	0	0	0	0.4	0	0	0	0.308
0	27.364	0	1.809	6.693	0	25.449	0	1.809	5.794	0	7.091	0	0	2.976	0	0.624	0	1	0.893	0	0.569	0	0	0.933	0	0.286	0	0	0.667	0	0.2	0	0.25	0	0	0	0	0	0	0	0.726
0	0	0	0	0	0	0	0	0	0	0	0	0	0	0	0	0	0	0	0	0	0	0	0	0	0	0	0	0	0	0	0	0	0	0.6	0	0	0.2	0	0.4	0.298	0.554
7.895	0	40.773	0	0	5.849	0	39.715	0	0	2.968	0	6.236	0	0	0.964	0	0.438	0	0	0.4	0	0.405	0	0	0.333	0	0.2	0	0	0	0	0	0.889	0.333	0	0.4	0	1	0.333	0	0.374
0	0	0	0	0	0	0	0	0	0	0	0	0	0	0	0	0	0	0	0	0	0	0	0	0	0	0	0	0	0	0.4	0.667	0.875	1	1	0.4	1	1	1	1	0	0.703
0	0	0	0	0	0	0	0	0	0	0	0	0	0	0	0	0	0	0	0	0	0	0	0	0	0	0	0	0	0	0	0	0.4	0	0.5	0	0	0.6	0	1	0.294	0.200
0	0	0	0	0	0	0	0	0	0	0	0	0	0	0	0	0	0	0	0	0	0	0	0	0	0	0	0	0	0	0	0.556	0	0.4	0.2	0	0.222	0	0	0.4	0.42	0.375
0	1.815	0	0	1.845	0	1.815	0	0	0.921	0	0.912	0	0	1.85	0	0	0	0	1	0	0	0	0	0	0	0	0	0	0	0	0	0	0	0	0	0	0	0	0	0.558	0.181
0	0	0	0	0	0	0	0	0	0	0	0	0	0	0	0	0	0	0	0	0	0	0	0	0	0	0	0	0	0	0	0	0	0	0	0	0	0	0	0	0.559	0.903
0	0	0	0	10.182	0	0	0	0	9.283	0	0	0	0	3.699	0	0	0	0	0.818	0	0	0	0	0.844	0	0	0	0	0.5	0	0	0	0	0	0	0	0	0	0	0.897	0.482
1.841	0	14.193	44.894	0	3.735	0	16.252	49.129	0	1.894	0	5.051	17.653	0	1	0	0.809	0.324	0	1	0	0.735	0.285	0	1	0	0.6	0.147	0	0.2	0	0	0.6	0	0	0	0	0	0	0.12	0.190
0	3.728	13.781	0	2.803	0	4.773	13.807	0	2.803	0	1.888	0.952	0	0	0	0.933	0.905	0	1	0	0.3	0.791	0	0.667	0	1	0	0	0	0	0	0	0.667	0	0	0	0	0.667	0	0	0.302
16.214	0	0	0	29.434	12.826	0	0	0	25.982	10.583	0	0	0	12.367	0.779	0	0	0	0.426	0.782	0	0	0	0.34	0.556	0	0	0	0.455	0.778	1	0.5	0.875	0.111	0.111	1	0	1	0	0.298	0.420
0	0	0	0	4.726	0	0	0	0	4.726	0	0	0	0	0.949	0	0	0	0	0.8	0	0	0	0	0.5	0	0	0	0	0	0	0	0	0	0	0	0	0	0	0	0.199	0.989
0	0	0	0	0	0	0	0	0	0	0	0	0	0	0	0	0	0	0	0	0	0	0	0	0	0	0	0	0	0	0.2	0.4	0	0	0.111	0	0	0	0	0	0	0.555
0	0	0	0	0	0	0	0	0	0	0	0	0	0	0	0	0	0	0	0	0	0	0	0	0	0	0	0	0	0	0	0	0	0	0	0	0	0	0	0	0.716	0.669
0	0	0	0	3.71	0	0	0	0	4.615	0	0	0	0	0.9	0	0	0	0	1	0	0	0	0	0.9	0	0	0	0	0	0	0.6	0	0	0	0	0.4	0.2	0.2	0	0	0.957
0	0	0	0	0	0	0	0	0	0	0	0	0	0	0	0	0	0	0	0	0	0	0	0	0	0	0	0	0	0	0	0	0.2	0.556	1	0	0	0.4	0.222	1	0.557	0.427
0	0	4.726	0	0	0	0	4.726	0	0	0	0	0.949	0	0	0	0	0.8	0	0	0	0	0.5	0	0	0	0	0	0	0	0	0	0	0	0	0	0	0	0	0	0.893	0.979
0	9.533	0	0	0	0	10.667	0	0	0	0	2.081	0	0	0	0	0.891	0	0	0	0	0.836	0	0	0	0	0	0	0	0	0	0.4	0	0	0	0	0	0	0	0.333	0.42	0.309
0	0	0	0	0	0	0	0	0	0	0	0	0	0	0	0	0	0	0	0	0	0	0	0	0	0	0	0	0	0	0.4	0.5	0	0	0.2	0.8	0.5	0.2	0	0.4	0	0.769
0	0	0	3.71	7.895	0	0	0	4.615	5.849	0	0	0	0.9	2.968	0	0	0	1	0.964	0	0	0	0.9	0.4	0	0	0	0	0.333	0.889	0	0	0	0	1	0	0.4	0	0	0	0.840
0.964	1.907	1.891	0.891	0	1.899	2.835	1.889	0.891	0	0	0.961	1.838	0	0.891	1	0.5	0.667	0	0	0	0	1	0	0	0	0	1	0	0	0	0	0.75	0.333	0.75	0	0.2	0.625	0.333	0.875	0	0.342
0	0	0	0	0	0	0	0	0	0	0	0	0	0	0	0	0	0	0	0	0	0	0	0	0	0	0	0	0	0	0.4	0	0.75	0	0.2	0	0.143	0	0	0	0.056	0.646
11.071	0	22.281	0	0	11.071	0	23.415	0	0	1.848	0	6.019	0	0	0.879	0	0.565	0	0	0.742	0	0.511	0	0	1	0	0.4	0	0	0.667	0	0	0	0	0	0	0	0	0	0.297	0.219
0	0	0	0	0	0	0	0	0	0	0	0	0	0	0	0	0	0	0	0	0	0	0	0	0	0	0	0	0	0	0	0	0	0	0	0	0	0	0	0	0.896	0.157
0	0	0	-1	0	0	0	0	-1	0	0	0	0	-1	0	0	0	0	-1	0	0	0	0	-1	0	0	0	0	-1	0	0	0	0	-1	0	0	0	0	-1	0	0	0.668
3.728	0	0	15.349	13.781	4.773	0	0	12.344	13.807	1.888	0	0	10.623	0.952	0.933	0	0	0.61	0.905	0.3	0	0	0.727	0.791	1	0	0	0.311	0	0	0.667	0	0	0	0	0.667	0	0	0	0	0.222
0	0	0	0	0	0	0	0	0	0	0	0	0	0	0	0	0	0	0	0	0	0	0	0	0	0	0	0	0	0	0	0	0	0	0	0	0	0	0	0	0.896	0.854
0	0	0	0	0	0	0	0	0	0	0	0	0	0	0	0	0	0	0	0	0	0	0	0	0	0	0	0	0	0	0	0	0	0	0	0	0	0	0	0	0.72	0.910
0	0	3.851	3.779	4.593	0	0	0.897	3.779	3.684	0	0	4.841	1.958	0.909	0	0	0.867	1	0.9	0	0	0	0.5	0.667	0	0	0.8	1	0	1	0	0	0	0.714	1	0.375	0.125	0	0.857	0	0.929
0	0	0	0	0	0	0	0	0	0	0	0	0	0	0	0	0	0	0	0	0	0	0	0	0	0	0	0	0	0	0.75	0.333	1	0	0.667	0.75	0.667	1	0	1	0	0.734
0	0	0	0	-1	0	0	0	0	-1	0	0	0	0	-1	0	0	0	0	-1	0	0	0	0	-1	0	0	0	0	-1	0	0	0	0	-1	0	0	0	0	-1	0.899	0.998
0	0	0	0	0	0	0	0	0	0	0	0	0	0	0	0	0	0	0	0	0	0	0	0	0	0	0	0	0	0	0.444	0	0.4	0	0	0	0	0	0	0	0.197	0.647
0	0	0	0	0	0	0	0	0	0	0	0	0	0	0	0	0	0	0	0	0	0	0	0	0	0	0	0	0	0	0.4	0	0.5	0	1	0.6	0	1	0	1	0	0.528
0	0	0	0	0	0	0	0	0	0	0	0	0	0	0	0	0	0	0	0	0	0	0	0	0	0	0	0	0	0	0.6	0	0	0	0.4	0	0	0	0	0	0	0.743
0	0	0	0	0	0	0	0	0	0	0	0	0	0	0	0	0	0	0	0	0	0	0	0	0	0	0	0	0	0	0.2	0	0	0	0.667	0	0	0	0	1	0.415	0.306
0	0	0	0	0	0	0	0	0	0	0	0	0	0	0	0	0	0	0	0	0	0	0	0	0	0	0	0	0	0	0.2	0.5	0	0	0.2	0	0	0	0	0	0	0.532
0	0	0.92	0	0	0	0	0.92	0	0	0	0	0	0	0	0	0	0	0	0	0	0	0	0	0	0	0	0	0	0	0	0	0	0	0	0	0	0	0	0	0.417	0.500
0	0	0	0	0	0	0	0	0	0	0	0	0	0	0	0	0	0	0	0	0	0	0	0	0	0	0	0	0	0	0	0	0.125	0	0.333	0	0	0	0	0	0.118	0.604
46.851	0	0	4.593	0	42.859	0	0	3.684	0	12.043	0	0	0.909	0	0.356	0	0	0.9	0	0.361	0	0	0.667	0	0.291	0	0	0	0	0	0.333	1	0.714	0	0	1	1	0.857	0	0	0.269
0	0	16.263	0	0	0	0	16.263	0	0	0	0	0	0	0	0	0	0.699	0	0	0	0	0.625	0	0	0	0	0	0	0	0.4	0.2	1	0	0.333	0	0	1	0	0.667	0	0.577
0	0	0	0	0	0	0	0	0	0	0	0	0	0	0	0	0	0	0	0	0	0	0	0	0	0	0	0	0	0	0	0.667	0.125	0	0.4	0	1	0	0	0	0.417	0.325
0	9.77	3.779	3.702	0	0	6.636	3.779	1.783	0	0	4.965	1.958	1.919	0	0	0.873	1	1	0	0	0.905	0.5	1	0	0	0.7	1	1	0	0.2	0	0	0.333	0	0	0	0	0.333	0.375	0.556	0.295
0	0	0	0	0	0	0	0	0	0	0	0	0	0	0	0	0	0	0	0	0	0	0	0	0	0	0	0	0	0	0.4	0.4	0	0	0	0	0	0	0	0	0	0.521
0	0	0	0	0	0	0	0	0	0	0	0	0	0	0	0	0	0	0	0	0	0	0	0	0	0	0	0	0	0	0	0	0	0	0	0	0	0	0	0	0.897	0.513
0	0	0	0	0	0	0	0	0	0	0	0	0	0	0	0	0	0	0	0	0	0	0	0	0	0	0	0	0	0	0	0	0	0	0	0	0	0.2	0	0	0	0.335
0	0	0	0	0	0	0	0	0	0	0	0	0	0	0	0	0	0	0	0	0	0	0	0	0	0	0	0	0	0	0.286	0	0	0	0	0	0	0	0	0	0.897	0.298
0	0	0	10.505	0	0	0	0	10.505	0	0	0	0	0.947	0	0	0	0	0.964	0	0	0	0	0.891	0	0	0	0	0	0	0	0	0	0	0.4	0	0	0	0	0.6	0.059	0.450
0	2.803	0	13.781	0	0	2.803	0	13.807	0	0	0	0	0.952	0	0	1	0	0.905	0	0	0.667	0	0.791	0	0	0	0	0	0	0	0	0	0	0	0	0	0	0	0	0.197	0.407
0	44.894	1.841	0	14.193	0	49.129	3.735	0	16.252	0	17.653	1.894	0	5.051	0	0.324	1	0	0.809	0	0.285	1	0	0.735	0	0.147	1	0	0.6	0	0.6	0.2	0	0	0	0	0	0	0	0.559	0.229
4.726	0	0	0	0	4.726	0	0	0	0	0.949	0	0	0	0	0.8	0	0	0	0	0.5	0	0	0	0	0	0	0	0	0	0	0	0	0	0	0	0	0	0	0	0.898	0.210
0	0	0	0	0	0	0	0	0	0	0	0	0	0	0	0	0	0	0	0	0	0	0	0	0	0	0	0	0	0	0.6	0	0	0	0	0.4	0.2	0	0	0.2	0	0.691
0	0	0	0	0	0	0	0	0	0	0	0	0	0	0	0	0	0	0	0	0	0	0	0	0	0	0	0	0	0	0	0	0	0	0	0	0	0	0	0	0.894	0.828
0	0	0	0	0	0	0	0	0	0	0	0	0	0	0	0	0	0	0	0	0	0	0	0	0	0	0	0	0	0	0	0	0	0	0	0	0	0	0	0	0.557	0.926
0	0	0	0	0	0	0	0	0	0	0	0	0	0	0	0	0	0	0	0	0	0	0	0	0	0	0	0	0	0	0.333	0.2	0	0	0	1	0.4	0	0.2	0	0	0.702
2.774	0	0	15.273	19.452	2.735	0	0	15.22	20.483	5.753	0	0.974	7.347	8.797	0.905	0	0	0.643	0.676	0.667	0	0	0.629	0.611	0.733	0	0	0.524	0.5	0	0.6	0	0.667	0	0	0.8	0	0.667	0	0	0.389
0	3.722	2.726	6.693	0	0	3.722	2.726	5.794	0	0	0	0.896	2.976	0	0	1	0.667	0.893	0	0	0.5	0.333	0.933	0	0	0	0	0.667	0	0	0	0	0	0	0	0	0	0	0	0	0.497
0	0	0.891	0	1.907	0	0	0.891	0	2.835	0.961	0	0	0	0.961	0	0	0	0	0.5	0	0	0	0	0	0	0	0	0	0	0	0	0.333	0	0	0	0	0.333	0	0.2	0	0.418
0	3.71	0	0	0	0	4.615	0	0	0	0	0.9	0	0	0	0	1	0	0	0	0	0.9	0	0	0	0	0	0	0	0	0	0	0.889	0	0	0	0	1	0.2	0.4	0	0.547
0	0	0	0	0	0	0	0	0	0	0	0	0	0	0	0	0	0	0	0	0	0	0	0	0	0	0	0	0	0	0	0	0.4	1	0	0	0	0.4	1	1	0	0.426
8.641	0	1.817	3.697	19.232	15.105	0.935	2.836	6.661	21.64	8.308	0.935	4.811	6.988	9.616	0.533	0	0.4	0.379	0.457	0.438	0	0.333	0.333	0.403	0.429	0	0.3	0.333	0.333	0.2	0	0	0.4	0.333	0	0	0.25	0.2	1	0	0.315
0	0	16.214	0	0	0	0	12.826	0	0	0	0	10.583	0	0	0	0	0.779	0	0	0	0	0.782	0	0	0	0	0.556	0	0	1	0.875	0.778	0.4	0.5	1	1	0.111	0.4	0	0	0.915
2.803	13.781	0	0	0	2.803	13.807	0	0	0	0	0.952	0	0	0	1	0.905	0	0	0	0.667	0.791	0	0	0	0	0	0	0	0	0	0	0	0	0	0	0	0	0	0	0	0.375
0	0	0	0	0	0	0	0	0	0	0	0	0	0	0	0	0	0	0	0	0	0	0	0	0	0	0	0	0	0	0	0	0	0	0	0	0	0	0.333	0.2	0.294	0.176
2.868	0	0	0	0	2.868	0	0	0	0	0	0	0	0	0	1	0	0	0	0	0.333	0	0	0	0	0	0	0	0	0	0	0	0	0	0	0	0	0	0	0	0.299	0.194
0	2.77	0	13.393	0	1.862	5.946	0	14.493	0	1.862	4.106	0	7.241	0	1	0.733	0	0.582	0	0	0.667	0	0.6	0	1	0.667	0	0.429	0	0	0	0	0.2	0	0	0	0	0.2	0	0.556	0.381
0	0	0	0	0	0	0	0	0	0	0	0	0	0	0	0	0	0	0	0	0	0	0	0	0	0	0	0	0	0	0.25	0.4	0	0.333	0	0	0	0	0.667	0	0	0.518
0	0	0	0	20.746	0	0	0	0	18.87	0	0	0	0	4.633	0	0	0	0	0.45	0	0	0	0	0.484	0	0	0	0	0	0	0	0	0	0	0.2	0	0	0	0	0.198	0.457
3.851	0	4.593	0	0	0.897	0	3.684	0	0	4.841	0	0.909	0	0	0.867	0	0.9	0	0	0	0	0.667	0	0	0.8	0	0	0	0	0	1	0.714	0	0.333	0.125	1	0.857	0.375	1	0.415	0.255
1.087	0	0	0	0	0	0	0	0	0	1.087	0	0	0	0	0	0	0	0	0	0	0	0	0	0	0	0	0	0	0	0	0	0	0.2	0	0	0	0	0	0	0.417	0.586
0	0	0	0	0	0	0	0	0	0	0	0	0	0	0	0	0	0	0	0	0	0	0	0	0	0	0	0	0	0	0	0	0	0	0	0	0	0	0	0	0.556	0.936
0	0	0	0	0	0	0	0	0	0	0	0	0	0	0	0	0	0	0	0	0	0	0	0	0	0	0	0	0	0	0	0.2	0.2	0.5	0	0	0	0	0	0	0	0.511
0	0	1.809	0	27.364	0	0	1.809	0	25.449	0	0	0	0	7.091	0	0	1	0	0.624	0	0	0	0	0.569	0	0	0	0	0.286	0	0	0.25	1	0.2	0	0.667	0	1	0	0	0.311
0	0	0	0	0	0	0	0	0	0	0	0	0	0	0	0	0	0	0	0	0	0	0	0	0	0	0	0	0	0	0.2	0	1	0	0	0.4	0	1	0	0	0	0.652
0	0	0	0	0	0	0	0	0	0	0	0	0	0	0	0	0	0	0	0	0	0	0	0	0	0	0	0	0	0	0	0	0.2	1	0	0	0	0	0.4	0	0.117	0.332
0	0	0	10.182	0	0	0	0	9.283	0	0	0	0	3.699	0	0	0	0	0.818	0	0	0	0	0.844	0	0	0	0	0.5	0	0	0	0	0	0	0	0	0	0	0.2	0.059	0.259
0	0	0	0	0	0	0	0	0	0	0	0	0	0	0	0	0	0	0	0	0	0	0	0	0	0	0	0	0	0	0	0.6	0.4	0	0.2	0	0	0	0	0	0.198	0.188
0	0	0	0	0	0	0	0	0	0	0	0	0	0	0	0	0	0	0	0	0	0	0	0	0	0	0	0	0	0	0	0	0	0	0	0	0	0	0	0	0.119	0.964
1.795	0	4.646	11.02	0	2.727	0	3.694	12.188	0	0.932	0	1.904	4.237	0	1	0	1	0.901	0	0.667	0	1	0.788	0	0	0	0	0.333	0	0	0	0	0	0	0	0	0	0	0	0.195	0.189
1.809	0	27.364	0	0	1.809	0	25.449	0	0	0	0	7.091	0	0	1	0	0.624	0	0	0	0	0.569	0	0	0	0	0.286	0	0	0.25	0	0.2	0	0	0	0	0	0.667	0	0	0.332
0	22.281	0	11.071	0	0	23.415	0	11.071	0	0	6.019	0	1.848	0	0	0.565	0	0.879	0	0	0.511	0	0.742	0	0	0.4	0	1	0	0	0	0	0.667	0	0	0	0	0	0	0.298	0.284
0	0	0	0	0	0	0	0	0	0	0	0	0	0	0	0	0	0	0	0	0	0	0	0	0	0	0	0	0	0	0.333	0.125	0	0	1	0	0	0	0	0.4	0	0.267
0	0	0	0	0	0	0	0	0	0	0	0	0	0	0	0	0	0	0	0	0	0	0	0	0	0	0	0	0	0	0	0.4	0	0.4	0	0	0	0	0	0	0.557	0.385
56.987	6.736	0	47.381	0	50.35	6.704	0	45.121	0	21.079	5.053	0	9.939	0	0.235	0.855	0	0.308	0	0.177	0.952	0	0.219	0	0.261	0.7	0	0.536	0	0	1	0.4	0.2	0.556	0	0.333	0	0	0.222	0.116	0.196
0	1.087	0	0	0	0	0	0	0	0	0	1.087	0	0	0	0	0	0	0	0	0	0	0	0	0	0	0	0	0	0	0	0	0	0	0	0	0	0	0	0	0.12	0.369
0	0	0	0	7.58	0	0	0	0	7.522	0	0	0	0	3.871	0	0	0	0	0.933	0	0	0	0	0.857	0	0	0	0	0.167	0	0	0.333	0.2	0.556	0	0	0.667	0	1	0	0.525
0	0	0	0	0.92	0	0	0	0	0.92	0	0	0	0	0	0	0	0	0	0	0	0	0	0	0	0	0	0	0	0	0	0	0	0	0	0	0	0	0	0	0.715	0.228
0	4.692	1.815	0	0	0	4.692	1.815	0	0	0	0	0.912	0	0	0	1	0	0	0	0	0.9	0	0	0	0	0	0	0	0	0	0	0	0	0	0	0	0	0	0	0	0.208
0	0	0	0	0	0	0	0	0	0	0	0	0	0	0	0	0	0	0	0	0	0	0	0	0	0	0	0	0	0	0.125	0	0.333	0	0	0	0	0	0	0	0.415	0.442
4.593	3.851	0	0	46.851	3.684	0.897	0	0	42.859	0.909	4.841	0	0	12.043	0.9	0.867	0	0	0.356	0.667	0	0	0	0.361	0	0.8	0	0	0.291	0.714	0	0.333	1	0	0.857	0.125	1	1	0	0.418	0.465
3.697	0	0	0	8.641	6.661	0	0.935	0	15.105	6.988	0	0.935	0.891	8.308	0.379	0	0	0	0.533	0.333	0	0	0	0.438	0.333	0	0	0	0.429	0.4	1	0	0.75	0.2	0.2	1	0	0.875	0	0	0.365
44.894	0	0	12.49	1.841	49.129	0	0	17.436	3.735	17.653	0	0	4.046	1.894	0.324	0	0	0.706	1	0.285	0	0	0.667	1	0.147	0	0	0.5	1	0.6	0	0	1	0.2	0	0	0	0	0	0.298	0.233
0	0	0	0	0	0	0	0	1.862	0	0	0	0	1.862	0	0	0	0	1	0	0	0	0	0	0	0	0	0	1	0	0	0	0	0	0	0	0	0	0	0	0.893	0.299
0	0	0	0	0	0	0	0	0	0	0	0	0	0	0	0	0	0	0	0	0	0	0	0	0	0	0	0	0	0	0.2	0	0.333	0.4	0	0.4	0.2	1	0.8	0	0	0.616
0	0	0	0	0	0	0	0	0	0	0	0	0	0	0	0	0	0	0	0	0	0	0	0	0	0	0	0	0	0	0	0	0.2	1	0	0	0	0	1	0	0.414	0.206
31.769	0	0.911	0	2.716	30.682	0	0.911	0	1.792	6.084	0	0.911	0	1.82	0.492	0	0	0	1	0.471	0	0	0	1	0.267	0	0	0	1	0.2	0	0	0	0	0.8	0	0	0	0	0.117	0.262
0	0	0	0	0	0	0	0	0	0	0	0	0	0	0	0	0	0	0	0	0	0	0	0	0	0	0	0	0	0	0	0	0	0	0	0	0	0	0	0	0.419	0.421
0	0	0	46.851	0	0	0	0	42.859	0	0	0	0	12.043	0	0	0	0	0.356	0	0	0	0	0.361	0	0	0	0	0.291	0	0	1	0	0	0.4	0	1	0	0	0.4	0	0.454
0	0	0	0	0	0	0	0	0	0	0	0	0	0	0	0	0	0	0	0	0	0	0	0	0	0	0	0	0	0	0.2	0	0	0.4	0.333	0	0	0	0	0.667	0	0.561
0	0	0	0	0	0	0	0	0	0	0	0	0	0	0	0	0	0	0	0	0	0	0	0	0	0	0	0	0	0	0	0	0.286	0	0	0	0	0	0	0	0.559	0.467
12.49	0.917	0	0	44.894	17.436	3.751	0	0	49.129	4.046	2.834	0	0	17.653	0.706	0.833	0	0	0.324	0.667	0.833	0	0	0.285	0.5	0.667	0	0	0.147	1	0	0	0	0.6	0	0	0	0.667	0	0.19	0.349
0	0	0	0	0	0	0	0	0	0	0	0	0	0	0	0	0	0	0	0	0	0	0	0	0	0	0	0	0	0	0	0	0	0	0	0	0	0	0	0.143	0.555	0.280
0	0	0	0	10.505	0	0	0	0	10.505	0	0	0	0	0.947	0	0	0	0	0.964	0	0	0	0	0.891	0	0	0	0	0	0	0.25	0	0.2	0	0	0	0.2	0	0	0	0.269
0	0	0	0	0	0	0	0	0	0	0	0	0	0	0	0	0	0	0	0	0	0	0	0	0	0	0	0	0	0	0	0	0	0.4	0	0	0	0	0	0	0.415	0.396
0	0	0	0	0	0	0	0	0	0	0	0	0	0	0	0	0	0	0	0	0	0	0	0	0	0	0	0	0	0	0	0	0	0	0	0.333	0	0	0	0	0	0.375
0	0	10.182	0	0	0	0	9.283	0	0	0	0	3.699	0	0	0	0	0.818	0	0	0	0	0.844	0	0	0	0	0.5	0	0	0	0	0	0	0	0	0	0	0	0	0.716	0.243
0	2.774	19.452	0	5.593	0	2.735	20.483	0	5.593	0.974	5.753	8.797	0	2.895	0	0.905	0.676	0	0.952	0	0.667	0.611	0	0.6	0	0.733	0.5	0	0.667	0	0	0	0.6	0.75	0	0	0	0.8	1	0	0.502
0	12.49	44.894	0.917	0	0	17.436	49.129	3.751	0	0	4.046	17.653	2.834	0	0	0.706	0.324	0.833	0	0	0.667	0.285	0.833	0	0	0.5	0.147	0.667	0	0	1	0.6	0	0	0	0	0	0	0	0.294	0.280
13.781	0	2.803	3.728	0	13.807	0	2.803	4.773	0	0.952	0	0	1.888	0	0.905	0	1	0.933	0	0.791	0	0.667	0.3	0	0	0	0	1	0	0	0	0	0	0	0	0	0	0	0	0	0.215
0	3.697	8.641	0	1.817	0.935	6.661	15.105	0	2.836	0.935	6.988	8.308	0	4.811	0	0.379	0.533	0	0.4	0	0.333	0.438	0	0.333	0	0.333	0.429	0	0.3	0	0.4	0.2	1	0	0	0.2	0	1	0.25	0	0.791
0	0	1.087	0	0	0	0	0	0	0	0	0	1.087	0	0	0	0	0	0	0	0	0	0	0	0	0	0	0	0	0	0	0.2	0	0	0	0	0	0	0	0	0.717	0.190
0	0	0	0	0	0	0	0	0	0	0	0	0	0	0	0	0	0	0	0	0	0	0	0	0	0	0	0	0	0	0	0	0	0	0	0	0.333	0	0	0	0.419	0.293
1.815	0	0	4.692	0	1.815	0	0	4.692	0	0.912	0	0	0	0	0	0	0	1	0	0	0	0	0.9	0	0	0	0	0	0	0	0	0	0	0	0	0	0	0	0	0.419	0.146
0	0	0	0	0	0	0	0	0	0	0	0	0	0	0	0	0	0	0	0	0	0	0	0	0	0	0	0	0	0	0.667	1	0.4	0.75	0.875	1	1	0.4	0.75	1	0	0.921
0	0	0	0	4.692	0	0	0	0	4.692	0	0	0	0	0	0	0	0	0	1	0	0	0	0	0.9	0	0	0	0	0	0	0.25	0	0.4	0	0	0	0	0	0	0.419	0.292
19.452	0	5.593	2.774	37.133	20.483	0	5.593	2.735	33.381	8.797	0.974	2.895	5.753	15.482	0.676	0	0.952	0.905	0.366	0.611	0	0.6	0.667	0.291	0.5	0	0.667	0.733	0.286	0	0	0.75	0	0.889	0	0	1	0	1	0	0.295
2.77	13.393	0	0.929	0	5.946	14.493	1.862	5.163	0	4.106	7.241	1.862	4.234	0	0.733	0.582	1	0.6	0	0.667	0.6	0	0.5	0	0.667	0.429	1	0.5	0	0	0.2	0	0.2	0	0	0.2	0	0	0	0	0.118
6.736	47.381	56.987	5.856	0	6.704	45.121	50.35	5.856	0	5.053	9.939	21.079	7.541	0	0.855	0.308	0.235	0.909	0	0.952	0.219	0.177	0.933	0	0.7	0.536	0.261	0.714	0	1	0.2	0	1	0.4	0.333	0	0	0.8	0	0	0.373
0	0	0	1.087	0	0	0	0	0	0	0	0	0	1.087	0	0	0	0	0	0	0	0	0	0	0	0	0	0	0	0	0	0	0	0	0	0	0	0	0	0	0.559	0.300
15.273	0	0	12.46	2.774	15.22	0	0	12.42	2.735	7.347	0	0	2.13	5.753	0.643	0	0	0.857	0.905	0.629	0	0	0.705	0.667	0.524	0	0	1	0.733	0.667	0.2	0.6	0	0	0.667	0	0.8	0	0	0.117	0.324
3.722	6.693	0	0	2.726	3.722	5.794	0	0	2.726	0	2.976	0	0	0.896	1	0.893	0	0	0.667	0.5	0.933	0	0	0.333	0	0.667	0	0	0	0	0	0	0	0	0	0	0	0	0	0	0.226
0	0	0	0	11.071	0	0	0	0	11.071	0	0	0	0	1.848	0	0	0	0	0.879	0	0	0	0	0.742	0	0	0	0	1	0	0	0	0	0.667	0	0	0	0	0	0.414	0.244
22.281	11.071	0	0	0	23.415	11.071	0	0	0	6.019	1.848	0	0	0	0.565	0.879	0	0	0	0.511	0.742	0	0	0	0.4	1	0	0	0	0	0.667	0	0	0	0	0	0	0	0	0.057	0.254
0	0	0	0	0	0	0	0	0	0	0	0	0	0	0	0	0	0	0	0	0	0	0	0	0	0	0	0	0	0	0	0.333	1	0.125	0	0	0	0.4	0	0	0.42	0.282
0	0	0	0	0	0	0	0	0	0	0	0	0	0	0	0	0	0	0	0	0	0	0	0	0	0	0	0	0	0	0	0	0	0	0	0	0	0	0	0	0.554	0.963
0.911	31.769	2.716	0	13.557	0.911	30.682	1.792	0	14.659	0.911	6.084	1.82	0	7.951	0	0.492	1	0	0.765	0	0.471	1	0	0.676	0	0.267	1	0	0.321	0	0.2	0	0	0.2	0	0.8	0	0	0	0.42	0.116
27.364	1.809	0	0	0	25.449	1.809	0	0	0	7.091	0	0	0	0	0.624	1	0	0	0	0.569	0	0	0	0	0.286	0	0	0	0	0.2	0.25	0	0	0	0	0	0	0	0	0	0.342
0	0	11.02	19.101	0	0	0	12.188	22.965	0	0	0	4.237	6.842	0	0	0	0.901	0.577	0	0	0	0.788	0.498	0	0	0	0.333	0.095	0	0	0.2	0	0	0	0	0.4	0	0	0	0.294	0.406
0.891	0	1.907	0	0.964	0.891	0	2.835	0	1.899	0	0.961	0.961	0	0	0	0	0.5	0	1	0	0	0	0	0	0	0	0	0	0	0.333	0	0	0	0	0.333	0	0.2	0	0	0	0.406
0	1.86	0	13.557	0.917	0	3.729	0	14.659	3.751	0	2.821	0	7.951	2.834	0	0.833	0	0.765	0.833	0	0.833	0	0.676	0.833	0	0.667	0	0.321	0.667	0	0.75	0	0.2	0	1	1	0.667	0	0	0.897	0.518
0	0	0	0	31.769	0	0	0	0	30.682	0	0	0	0	6.084	0	0	0	0	0.492	0	0	0	0	0.471	0	0	0	0	0.267	0	0	0	0	0.2	0	0	0	0	0.8	0.418	0.472
0	0	0	0	0	0	0	0	0	0	0	0	0	0	0	0	0	0	0	0	0	0	0	0	0	0	0	0	0	0	0	0	0.444	0.286	0.4	0	0	0	0	0	0.055	0.350
0	0	0	2.77	0	0	1.862	0	5.946	0	0	1.862	0	4.106	0	0	1	0	0.733	0	0	0	0	0.667	0	0	1	0	0.667	0	0	0	0	0	0	0	0	0	0	0	0.415	0.129
0	16.263	0	0	0	0	16.263	0	0	0	0	0	0	0	0	0	0.699	0	0	0	0	0.625	0	0	0	0	0	0	0	0	0.333	1	0.4	0.4	0.25	0.667	1	0	0	0	0	0.662
0	0	4.692	0	0	0	0	4.692	0	0	0	0	0	0	0	0	0	1	0	0	0	0	0.9	0	0	0	0	0	0	0	0	0	0	0.25	0	0	0	0	0	0	0.897	0.256
0	0	0	0	0	0	0	0	0	0	0	0	0	0	0	0	0	0	0	0	0	0	0	0	0	0	0	0	0	0	0	1	0	0.2	0.2	0	1	0	0.4	0	0.415	0.296
0	0	0	0	0	0	0	0	0	0	0	0	0	0	0	0	0	0	0	0	0	0	0	0	0	0	0	0	0	0	1	0	0	0.333	0	0.4	0	0	0	0	0.117	0.940
37.133	5.593	0	19.452	0	33.381	5.593	0	20.483	0	15.482	2.895	0.977	8.797	0	0.366	0.952	0	0.676	0	0.291	0.6	0	0.611	0	0.286	0.667	0	0.5	0	0.889	0.75	0.25	0	0.4	1	1	1	0	0	0	0.302
10.505	0	0	0	0	10.505	0	0	0	0	0.947	0	0	0	0	0.964	0	0	0	0	0.891	0	0	0	0	0	0	0	0	0	0	0	0	0	0	0	0.2	0	0	0	0.299	0.190
0	0	0	0	0	0	0	0	0	0	0	0	0	0	0	0	0	0	0	0	0	0	0	0	0	0	0	0	0	0	0	0.333	0	0.2	0	0	1	0	0.4	0	0	0.251
0	37.133	0	5.593	15.349	0	33.381	0	5.593	12.344	0.977	15.482	0	2.895	10.623	0	0.366	0	0.952	0.61	0	0.291	0	0.6	0.727	0	0.286	0	0.667	0.311	0.25	0.889	0.4	0.75	0	1	1	0	1	0	0	0.570
0	0	0	0	0	0	0	0	0	0	0	0	0	0	0	0	0	0	0	0	0	0	0	0	0	0	0	0	0	0	0	0	0	0	0	0	0	0	0	0	0.117	0.955
0	0	7.895	0	40.773	0	0	5.849	0	39.715	0	0	2.968	0	6.236	0	0	0.964	0	0.438	0	0	0.4	0	0.405	0	0	0.333	0	0.2	0	0.889	0	0	0	0.4	1	0	0	0	0	0.375
0	0	0	2.803	0	0	0	0	2.803	0	0	0	0	0	0	0	0	0	1	0	0	0	0	0.667	0	0	0	0	0	0	0	0	0	0	0	0	0	0	0	0	0.419	0.482
0	0	0.916	0	0	0	0	0.916	0	0	0	0	0	0	0	0	0	0	0	0	0	0	0	0	0	0	0	0	0	0	0	0	0	0	0	0	0	0	0	0	0	0.515
19.232	1.817	0.929	8.641	13.393	21.64	2.836	5.163	15.105	14.493	9.616	4.811	4.234	8.308	7.241	0.457	0.4	0.6	0.533	0.582	0.403	0.333	0.5	0.438	0.6	0.333	0.3	0.5	0.429	0.429	0.333	0	0.2	0.2	0.2	1	0.25	0	0	0.2	0	0.325
0	0	0	0	0	0	0	0	0	0	0	0	0	0	0	0	0	0	0	0	0	0	0	0	0	0	0	0	0	0	0	0	0	0	0	0	0	0	0	0	0.419	0.927
0	0	0	0	0	0	0	0	0	0	0	0	0	0	0	0	0	0	0	0	0	0	0	0	0	0	0	0	0	0	0	0	0	0	0.286	0	0	0	0	0	0.117	0.296
0	0	0	0	1.809	0	0	0	0	1.809	0	0	0	0	0	0	0	0	0	1	0	0	0	0	0	0	0	0	0	0	0	1	0	0.5	0.25	0.667	1	0	1	0	0	0.706
7.58	0	0	0	0	7.522	0	0	0	0	3.871	0	0	0	0	0.933	0	0	0	0	0.857	0	0	0	0	0.167	0	0	0	0	0.556	0.333	0.5	0	0.8	1	0.667	1	0	1	0	0.469
0	15.273	2.774	0	0	0	15.22	2.735	0	0	0	7.347	5.753	0	0.974	0	0.643	0.905	0	0	0	0.629	0.667	0	0	0	0.524	0.733	0	0	0.6	0.667	0	0.2	0	0.8	0.667	0	0	0	0.196	0.408
0.9	0	0	0	0	0.9	0	0	0	0	0	0	0	0	0	0	0	0	0	0	0	0	0	0	0	0	0	0	0	0	0	0	0	0	0	0	0	0	0	0	0.556	0.157
0	0	0	0	0	0	0	0	0	0	0	0	0	0	0	0	0	0	0	0	0	0	0	0	0	0	0	0	0	0	0	0	0.4	0	0.75	0.143	0	0	0	0	0.557	0.522
0	0	0	4.726	0	0	0	0	4.726	0	0	0	0	0.949	0	0	0	0	0.8	0	0	0	0	0.5	0	0	0	0	0	0	0	0	0.5	0	0.2	0	0	0	0	0	0.059	0.809
0	0	0	0	0	0	0	0	0	0	0	0	0	0	0	0	0	0	0	0	0	0	0	0	0	0	0	0	0	0	0	0.4	0	0	0.2	1	0.4	0	0	0	0	0.844
0	0	0	14.193	1.087	0	0	0	16.252	0	0	0	0	5.051	1.087	0	0	0	0.809	0	0	0	0	0.735	0	0	0	0	0.6	0	0.2	0	0	0	0	0	0	0	0	0	0.12	0.414
4.646	1.795	0	0	0	3.694	2.727	0	0	0	1.904	0.932	0	0	0	1	1	0	0	0	1	0.667	0	0	0	0	0	0	0	0	0	0	0	0	0.5	0	0	0	0	0.5	0.018	0.364
5.856	7.726	47.381	26.02	6.736	5.856	13.207	45.121	26.02	6.704	7.541	5.481	9.939	7.455	5.053	0.909	0.897	0.308	0.495	0.855	0.933	0.795	0.219	0.406	0.952	0.714	0.8	0.536	0.733	0.7	1	0	0.2	0.333	1	0.8	0	0	0.667	0.333	0.298	0.372
0	12.46	15.273	1.845	0	0	12.42	15.22	0.921	0	0	2.13	7.347	1.85	0	0	0.857	0.643	1	0	0	0.705	0.629	0	0	0	1	0.524	0	0	0.2	0	0.667	0	0.6	0	0	0.667	0	0.8	0.299	0.465
0	0	0	0	0	0	0	0	0	0	0	0	0	0	0	0	0	0	0	0	0	0	0	0	0	0	0	0	0	0	0.333	0	0.75	0.2	1	0.667	0	0.75	0	1	0	0.725
0	0	20.746	0	0	0	0	18.87	0	0	0	0	4.633	0	0	0	0	0.45	0	0	0	0	0.484	0	0	0	0	0	0	0	0	0	0	0	0	0	0.2	0	0	0	0.417	0.310
0	0	0	0	0	0	0	0	0	0	0	0	0	0	0	0	0	0	0	0	0	0	0	0	0	0	0	0	0	0	0	0	0.6	0	0	0	0	0	0	0	0	0.551
0	0	0	0	0	0	0	0	0	0	0	0	0	0	0	0	0	0	0	0	0	0	0	0	0	0	0	0	0	0	0	0	0	0.333	0	0	0	0	1	0	0	0.480
0	0	0	16.263	0	0	0	0	16.263	0	0	0	0	0	0	0	0	0	0.699	0	0	0	0	0.625	0	0	0	0	0	0	0.4	0.333	0.25	1	0	0	0.667	0	1	0	0	0.769
0	0	11.881	7.58	34.629	0	0	12.845	7.522	32.816	0	0	3.06	3.871	7.095	0	0	0.868	0.933	0.432	0	0	0.769	0.857	0.429	0	0	0.667	0.167	0.095	0.8	0.5	0.2	0.556	0.125	1	1	0	1	0	0	0.907
2.726	0	0	3.722	0	2.726	0	0	3.722	0	0.896	0	0	0	0	0.667	0	0	1	0	0.333	0	0	0.5	0	0	0	0	0	0	0	0	0	0	0	0	0	0	0	0	0	0.205
0	0	0	0	0	0	0	0	0	0	0	0	0	0	0	0	0	0	0	0	0	0	0	0	0	0	0	0	0	0	0	0	0	0	0	0	0	0	0	0	0.116	0.995
1.891	0.964	0	1.907	0	1.889	1.899	0	2.835	0	1.838	0	0.891	0.961	0	0.667	1	0	0.5	0	1	0	0	0	0	1	0	0	0	0	0.75	0	0.75	0	1	0.625	0	0.875	0.2	1	0	0.352
4.692	0	0	0	1.815	4.692	0	0	0	1.815	0	0	0	0	0.912	1	0	0	0	0	0.9	0	0	0	0	0	0	0	0	0	0	0	0	0	0	0	0	0	0	0	0.556	0.135
0	14.193	0	1.841	0	0	16.252	0	3.735	0	0	5.051	0	1.894	0	0	0.809	0	1	0	0	0.735	0	1	0	0	0.6	0	1	0	0	0	0.2	0.2	0	0	0	0	0	0	0.896	0.237
0	0	0	0.916	2.868	0	0	0	0.916	2.868	0	0	0	0	0	0	0	0	0	1	0	0	0	0	0.333	0	0	0	0	0	0	0	0	0	0	0	0	0	0	0	0.059	0.263
0	10.505	0	0	0	0	10.505	0	0	0	0	0.947	0	0	0	0	0.964	0	0	0	0	0.891	0	0	0	0	0	0	0	0	0	0	0	0	0	0	0	0	0.2	0	0.419	0.287
0	0	0	0	0	0	0	0	0	0	0	0	0	0	0	0	0	0	0	0	0	0	0	0	0	0	0	0	0	0	0	0.2	0	0	0.333	0	0	0	0	0.667	0	0.371
0	0	3.702	2.868	9.77	0	0	1.783	2.868	6.636	0	0	1.919	0	4.965	0	0	1	1	0.873	0	0	1	0.333	0.905	0	0	1	0	0.7	0	0	0.333	0	0	0	0	0.333	0	0	0.419	0.324
1.907	0.891	0.964	0	1.891	2.835	0.891	1.899	0	1.889	0.961	0	0	0.961	1.838	0.5	0	1	0	0.667	0	0	0	0	1	0	0	0	0	1	0	0.333	0	0	0.75	0.2	0.333	0	0	0.625	0	0.305
0	1.891	0	0.964	3.697	0	1.889	0	1.899	6.661	0.891	1.838	0	0	6.988	0	0.667	0	1	0.379	0	1	0	0	0.333	0	1	0	0	0.333	0.75	0.75	1	0	0.4	0.875	0.625	1	0	0.2	0	0.743
0	0	0	0	0	0	0	0	0	0	0	0	0	0	0	0	0	0	0	0	0	0	0	0	0	0	0	0	0	0	0	1	0	0	0.2	0	0.4	0	0	0	0	0.504
47.381	5.856	6.736	7.726	56.987	45.121	5.856	6.704	13.207	50.35	9.939	7.541	5.053	5.481	21.079	0.308	0.909	0.855	0.897	0.235	0.219	0.933	0.952	0.795	0.177	0.536	0.714	0.7	0.8	0.261	0.2	1	1	0	0	0	0.8	0.333	0	0	0	0.236
0	0	15.349	37.133	0	0	0	12.344	33.381	0	0	0.977	10.623	15.482	0	0	0	0.61	0.366	0	0	0	0.727	0.291	0	0	0	0.311	0.286	0	0.4	0.25	0	0.889	0.667	0	1	0	1	0.667	0	0.688
0	0	0	0	0	0	0	0	0	0	0	0	0	0	0	0	0	0	0	0	0	0	0	0	0	0	0	0	0	0	0	0	0	0	0	0	0	0	0	0	0.9	0.421
0	0	0	0	16.214	0	0	0	0	12.826	0	0	0	0	10.583	0	0	0	0	0.779	0	0	0	0	0.782	0	0	0	0	0.556	0.875	0.4	1	0.667	0.778	1	0.4	1	1	0.111	0	0.953
0	0	0	0	0	0	0	0	0	0	0	0	0	0	0	0	0	0	0	0	0	0	0	0	0	0	0	0	0	0	0	0.111	0	0	0	0	0	0	0	0	0.3	0.260
0	20.746	0	0	0	0	18.87	0	0	0	0	4.633	0	0	0	0	0.45	0	0	0	0	0.484	0	0	0	0	0	0	0	0	0	0	0	0	0	0	0	0	0	0	0	0.452
0	0	0	0	0	0	0	0	0	0	0	0	0	0	0	0	0	0	0	0	0	0	0	0	0	0	0	0	0	0	0	0.4	0.2	0.444	0	0	0	0	0	0	0	0.470
0	0	0	0	0	0	0	0	0	0	0	0	0	0	0	0	0	0	0	0	0	0	0	0	0	0	0	0	0	0	0	0	0	0	0	0	0	0	0	0	0	0.339
0.917	0	12.49	0	0	3.751	0	17.436	0	0	2.834	0	4.046	0	0	0.833	0	0.706	0	0	0.833	0	0.667	0	0	0.667	0	0.5	0	0	0	0	1	0	0	0	0.667	0	1	0	0.198	0.339
0	0	0	0	0	0	0	0	0	0	0	0	0	0	0	0	0	0	0	0	0	0	0	0	0	0	0	0	0	0	0	0	0	0	0	0	0	0	0	0	0.298	0.929
0	0	0	0	0.891	0	0	0	0	0.891	0	0	0.961	0	0	0	0	0	0	0	0	0	0	0	0	0	0	0	0	0	0	0	0	0	0.333	0	0	0	0	0.333	0	0.486
0	0	0.9	0	0	0	0	0.9	0	0	0	0	0	0	0	0	0	0	0	0	0	0	0	0	0	0	0	0	0	0	0	0	0	0.2	0	0	0	0	0	0	0.417	0.459
1.817	8.641	19.232	0	0.929	2.836	15.105	21.64	0.935	5.163	4.811	8.308	9.616	0.935	4.234	0.4	0.533	0.457	0	0.6	0.333	0.438	0.403	0	0.5	0.3	0.429	0.333	0	0.5	0	0.2	0.333	0	0.2	0.25	0	1	0	0	0	0.361
0	0	2.868	0	0	0	0	2.868	0	0	0	0	0	0	0	0	0	1	0	0	0	0	0.333	0	0	0	0	0	0	0	0	0	0	0	0	0	0	0	0	0	0.419	0.323
0	0	0	22.281	9.533	0	0	0	23.415	10.667	0	0	0	6.019	2.081	0	0	0	0.565	0.891	0	0	0	0.511	0.836	0	0	0	0.4	0	0	0	0	0	0.4	0	0	0	0	0	0.294	0.328
0	7.58	0	0	11.881	0	7.522	0	0	12.845	0	3.871	0	0	3.06	0	0.933	0	0	0.868	0	0.857	0	0	0.769	0	0.167	0	0	0.667	0.5	0.556	0.8	0.333	0.2	1	1	1	0.667	0	0	0.881
34.629	11.881	19.101	0	0	32.816	12.845	22.965	0	0	7.095	3.06	6.842	0	0	0.432	0.868	0.577	0	0	0.429	0.769	0.498	0	0	0.095	0.667	0.095	0	0	0.125	0.2	0	0.8	0.2	0	0	0	1	0.4	0.2	0.306
20.746	0	0	0	0	18.87	0	0	0	0	4.633	0	0	0	0	0.45	0	0	0	0	0.484	0	0	0	0	0	0	0	0	0	0	0	0	0	0	0	0	0	0.2	0	0	0.317
0	10.182	0	0	0	0	9.283	0	0	0	0	3.699	0	0	0	0	0.818	0	0	0	0	0.844	0	0	0	0	0.5	0	0	0	0	0	0	0	0	0	0	0	0	0	0.559	0.283
0	0	0	0.92	0.916	0	0	0	0.92	0.916	0	0	0	0	0	0	0	0	0	0	0	0	0	0	0	0	0	0	0	0	0	0	0	0	0	0	0	0	0	0	0.418	0.197
0	2.868	0	0	3.702	0	2.868	0	0	1.783	0	0	0	0	1.919	0	1	0	0	1	0	0.333	0	0	1	0	0	0	0	1	0	0	0	0	0.333	0	0	0	0	0.333	0.296	0.192
0	0	0	40.773	0	0	0	0	39.715	0	0	0	0	6.236	0	0	0	0	0.438	0	0	0	0	0.405	0	0	0	0	0.2	0	0	0.333	0	0	0	0	0.333	0	0	0	0.118	0.948
0	0	0.917	1.86	12.49	0	0	3.751	3.729	17.436	0	0	2.834	2.821	4.046	0	0	0.833	0.833	0.706	0	0	0.833	0.833	0.667	0	0	0.667	0.667	0.5	0	0	0	0.75	1	0.667	1	0	1	0	0.714	0.440
12.46	1.845	0	0	15.273	12.42	0.921	0	0	15.22	2.13	1.85	0	0	7.347	0.857	1	0	0	0.643	0.705	0	0	0	0.629	1	0	0	0	0.524	0	0	0.2	0	0.667	0	0	0	0	0.667	0.415	0.203
0	0	0	0	0	0	0	0	0	0	0	0	0	0	0	0	0	0	0	0	0	0	0	0	0	0	0	0	0	0	0	0.2	0.4	0.4	0.4	0	0	0	0	0	0.415	0.361
0	11.02	1.795	0	4.646	0	12.188	2.727	0	3.694	0	4.237	0.932	0	1.904	0	0.901	1	0	1	0	0.788	0.667	0	1	0	0.333	0	0	0	0	0	0	0	0	0	0	0	0	0	0.299	0.415
0	0	0	0	0	0	0	0	0	0	0	0	0	0	0	0	0	0	0	0	0	0	0	0	0	0	0	0	0	0	0.4	0	0	0	0	0.4	0	1	0	0	0	0.436
