0	0	0	0	0	0	0	0	0	0	0	0	0	0	0	0	0	0	0	0	0	0	0	0	0	0	0	0	0	0	0	0	0	0	0	0	0	0	0	0	0.718	0.462
0	0	0	0	0	0	0	0	0	0	0	0	0	0	0	0	0	0	0	0	0	0	0	0	0	0	0	0	0	0	0	0	0	0	0.333	0.667	0	0	0	0	0	0.496
0	0	0	0	0	0	0	0	0	0	0	0	0	0	0	0	0	0	0	0	0	0	0	0	0	0	0	0	0	0	0.333	0.667	1	0.2	0.25	1	1	1	0.2	0	0	0.718
0	2.842	0	0	0	0.89	4.861	0.929	0.964	0	0.89	4.861	0.929	0.964	0	0	0.3	0	0	0	0	0.3	0	0	0	0	0.3	0	0	0	0	0	0	0	0	0	0	0	0	0	0.298	0.452
0	0	0	0	0	0	0	0	0	0	0	0	0	0	0	0	0	0	0	0	0	0	0	0	0	0	0	0	0	0	0	0	0	0	0	0.25	0	0	0	0	0.294	0.194
3.704	0	0.939	0	0.895	4.602	0	0.939	0.911	1.868	1.867	0	0.939	0.911	0.973	0.9	0	0	0	1	0.8	0	0	0	1	1	0	0	0	0	0	0	0	0	0	0	0	0.25	0	0	0.055	0.214
0	0	5.771	0	1.808	0	0	4.814	0	1.808	0	0	2.116	0	0	0	0	0.952	0	1	0	0	0.9	0	1	0	0	0	0	0	0	0	0.429	0	0	0	0	0.143	0	0	0.898	0.160
13.971	0	0	0	0	13.615	0	0	0	0	9.228	0	0	0	0	0.658	0	0	0	0	0.648	0	0	0	0	0.417	0	0	0	0	0	0.143	0	0	0	0.2	0	0	0	0	0	0.281
1.808	0	0	1.848	0	4.775	0.987	1.032	2.847	2.868	3.876	0.987	1.032	0.999	2.868	0.2	0	0	0.667	0	0.2	0	0	0.333	0	0	0	0	0	0	0	0	0	0.2	0.2	0	0.667	0	0.2	0	0	0.121
0.897	0	0	0	10.989	0.897	0	0	0	10.989	0	0	0	0	1.096	0	0	0	0	0.909	0	0	0	0	0.8	0	0	0	0	0	0	0	0.444	0	0	0	0	0	0	0	0.715	0.214
0	7.562	0	0	0	0	8.552	0	0	0	0	2.908	0	0	0	0	0.806	0	0	0	0	0.806	0	0	0	0	0.333	0	0	0	0	0	0	0	0	0	0	0	0	0	0	0.583
0	0	2.853	0	0	0	0	2.853	0	0	0	0	2.853	0	0	0	0	0.667	0	0	0	0	0.667	0	0	0	0	0.667	0	0	0	0	0.4	0.2	0.25	0	0	0.2	0	0	0.554	0.228
0	0	0	0	-1	0	0	0	0	-1	0	0	0	0	-1	0	0	0	0	-1	0	0	0	0	-1	0	0	0	0	-1	0	0	0	0	-1	0	0	0	0	-1	0.9	0.998
0.949	0	0.983	16.695	15.866	2.82	0	0	14.575	11.608	1.871	0.891	0.983	11.381	12.784	1	0	0	0.548	0.538	1	0	0	0.562	0.727	1	0	0	0.364	0.333	0	0.6	0	0	0	0.2	0.2	0.667	0	0	0.298	0.175
0	0	0	0	2.853	0	0	0	0.929	2.853	0	0	0	0.929	2.853	0	0	0	0	0.667	0	0	0	0	0.667	0	0	0	0	0.667	0	0.2	0	0	0.4	0	0	0	0	0.2	0.298	0.140
10.615	0	0	0	0	10.615	0	0	0	0	1.838	0	0	0	0	0.655	0	0	0	0	0.636	0	0	0	0	0	0	0	0	0	0.4	0	0.25	1	0	0.4	0	0	0	0	0.298	0.207
0	0	0	0	1.969	0	0	0.964	0	1.969	0	0	0.964	0	1.057	0	0	0	0	1	0	0	0	0	1	0	0	0	0	0	0	0	0.8	0.667	0	1	1	0	0.667	0	0	0.841
0	0	0	0	0	0	0	0	0	0	0	0	0	0	0	0	0	0	0	0	0	0	0	0	0	0	0	0	0	0	0	0.4	0.5	0.2	1	0.667	0	0.375	0	0.889	0	0.829
2.735	0.917	0	9.501	0	3.671	0.917	0	11.401	0	0.936	0	0	2.886	0	1	0	0	0.561	0	1	0	0	0.545	0	0	0	0	0	0	0	0	0	0	0	0	0	0	0	0	0.299	0.114
0	0	0	0.896	0.899	3.322	2.913	3.055	6.916	3.859	3.322	2.913	3.055	5.065	2.96	0.667	0.333	0.667	0.19	0.167	0.667	0.333	0.667	0.19	0.167	0.333	0.333	0.333	0.1	0.333	0	0.333	0	0	0	0	0.667	0	0.5	0	0	0.465
27.955	0	0	0	11.839	29.048	0	0	0	9.011	5.303	0	0	0	5.922	0.452	0	0	0	0.833	0.402	0	0	0	0.972	0.7	0	0	0	0.533	0	0.25	0.2	0	1	0.2	0	0	0	0	0.298	0.415
47.804	0	1.021	2.792	0	42.08	0	0	3.696	0	15.815	0	1.021	3.82	0	0.253	0	0	0.8	0	0.242	0	0	0.667	0	0.21	0	0	0.667	0	0	0.4	0.333	0	0.2	0	0.2	0.333	0	0.2	0	0.169
0	0	26.524	30.475	16.695	0	0.908	29.803	34.901	14.575	0	0.908	9.321	14.818	11.381	0	0	0.446	0.388	0.548	0	0	0.421	0.35	0.562	0	0	0.361	0.308	0.364	0	0	0	0	0	0	0.4	0	0	0	0.557	0.180
0	0	0	0.973	15.013	0	0	0	1.876	12.775	0	0	0	1.876	5.109	0	0	0	0	0.829	0	0	0	0	0.782	0	0	0	0	0.8	0.2	1	0.778	0	0	0.2	0	0.111	0	0	0	0.619
3.949	0.975	0	0	14.434	9.316	3.94	3.056	0	18.159	6.317	2.966	3.056	0	4.626	0.417	0.667	0.333	0	0.569	0.222	0.667	0.333	0	0.556	0.2	0.667	0.333	0	0.5	0	0.111	0	0	0.25	0	0	0	0	0	0.294	0.375
1.969	0	9.501	0	0.917	1.969	0.964	11.401	0	0.917	1.057	0.964	2.886	0	0	1	0	0.561	0	0	1	0	0.545	0	0	0	0	0	0	0	0	0.8	0	0	0	0	0	0	1	0	0	0.382
18.297	3.76	0	1.844	0	14.029	3.76	0	2.806	0	8.199	1.928	0	1.88	0	0.643	1	0	1	0	0.56	0.833	0	0.333	0	0.357	0	0	1	0	0	0	0	0	0.25	0	0	0	0	0	0	0.299
0	0	39.475	0	0.906	0	0	43.219	0	0.906	0	0	9.653	0	0.906	0	0	0.299	0	0	0	0	0.269	0	0	0	0	0.111	0	0	0	0	0.4	0	0.333	0	0	0	0	0.333	0.556	0.282
0	0	0	4.289	0	0	0	0	5.538	0	0	0	0	3.587	0	0	0	0	0.6	0	0	0	0	0.6	0	0	0	0	0.333	0	0.4	0	0.2	0	0	0	0	0	0	0	0	0.635
0	0	2.802	0	0.895	0	0	3.753	0	0	0	0	2.807	0	0.895	0	0	1	0	0	0	0	0.833	0	0	0	0	1	0	0	0	0	0	0	0.5	0	0	0.111	0	0	0.718	0.148
18.731	0	4.057	4.123	0	19.8	0	1.92	1.984	0.893	10.28	0	3.095	5.192	0.893	0.595	0	0.7	0.9	0	0.532	0	1	1	0	0.422	0	0.667	0.7	0	0	0.2	0.25	0.2	0.75	0	0.6	0.5	0	1	0	0.182
0	0	0	0	0	0	0	0	0	0	0	0	0	0	0	0	0	0	0	0	0	0	0	0	0	0	0	0	0	0	0	0	0	0	0	0	0	0	0	0	0.716	0.392
0	0	0	11.839	0	0	0	0	9.011	0	0	0	0	5.922	0	0	0	0	0.833	0	0	0	0	0.972	0	0	0	0	0.533	0	0.5	0.4	0	1	0.8	1	0.2	0	0	1	0	0.891
0	0	0	0.932	0	0	0	0	0.932	0	0	0	0	0	0	0	0	0	0	0	0	0	0	0	0	0	0	0	0	0	0.25	0	0.4	0	0.667	0	0	0.4	0	0.333	0	0.626
0	0	0	0	1.844	0	0	0	0	2.806	0	0	0	0	1.88	0	0	0	0	1	0	0	0	0	0.333	0	0	0	0	1	0	0	0	0	0	0	0	0	0	0	0.718	0.407
0	0	0	0	1.855	0	0	0	0	1.855	0	0	0	0	0.938	0	0	0	0	1	0	0	0	0	1	0	0	0	0	0	0	0.25	0.5	0	0.8	0	0	1	0	1	0	0.448
0	2.735	0	0.917	0	0	3.671	0	0.917	0	0	0.936	0	0	0	0	1	0	0	0	0	1	0	0	0	0	0	0	0	0	0	0	0	0	0.5	0	0	0	0	0	0.896	0.255
0	0	0	0	0.912	0	0	0	0	1.863	0	0	0	0	0.951	0	0	0	0	1	0	0	0	0	1	0	0	0	0	0	0	0	0	0	0	0	0	0	0	0	0.195	0.258
0	0	0	0	0	0	0	0	0	0	0	0	0	0	0	0	0	0	0	0	0	0	0	0	0	0	0	0	0	0	0	0	0	0	0	0	0	0	0	0	0	0.994
12.741	21.728	0	1.836	3.744	10.573	19.522	0	1.836	1.9	5.081	9.917	0	1.836	2.826	0.835	0.565	0	1	1	0.873	0.511	0	0	1	0.6	0.244	0	1	1	0	0.222	0	0	0	0	0	0.2	0	0	0	0.136
0	0	0	0	0	0	0	0	0	0	0	0	0	0	0	0	0	0	0	0	0	0	0	0	0	0	0	0	0	0	0.2	0.333	0	0	0	0.4	0.667	0.25	0	0	0	0.681
1.936	0	0	0	0	1.936	0	0	0	0	0	0	0	0	0	1	0	0	0	0	1	0	0	0	0	0	0	0	0	0	0	0	0	0	0	0	0	0	0	0	0	0.385
0	0	0	0	0	0	0	0	0	0	0	0	0	0	0	0	0	0	0	0	0	0	0	0	0	0	0	0	0	0	0	0	0	0	0	0	0	0	0	0	0.896	0.590
0	0	0	0	2.802	0	0	0	0	3.753	0	0	0	0	2.807	0	0	0	0	1	0	0	0	0	0.833	0	0	0	0	1	0	0	0	0.2	0	0	0	0	1	0.111	0.3	0.185
10.989	0	0	0.897	0	10.989	0	0	0.897	0	1.096	0	0	0	0	0.909	0	0	0	0	0.8	0	0	0	0	0	0	0	0	0	0	0.444	0	0	0	0	0	0	0	0	0.116	0.321
2.759	0	30.908	0	0	3.702	1.06	32.874	0	0.942	2.784	1.06	6.909	0	0.942	0.167	0	0.39	0	0	0.167	0	0.358	0	0	0.333	0	0.143	0	0	0	0.143	0.2	0.6	0.2	0	0	0	0.4	0	0.292	0.124
0	0	0	0	0	0	0	0	0	0	0	0	0	0	0	0	0	0	0	0	0	0	0	0	0	0	0	0	0	0	0.5	0	0.2	0.2	0	0	0	0	0	0	0	0.755
5.856	5.707	8.853	3.076	25.721	7.17	8.518	10.65	4.004	28.934	1.315	3.784	2.77	1.834	7.912	0.905	0.778	0.727	0.5	0.505	0.857	0.75	0.655	0.667	0.48	0	0.167	0.333	0	0.143	0	0.143	0	0	0	0	0.429	0	0.4	0	0.415	0.232
0	0	0	0.895	0	0	0	0	5.157	0	0	0	0	4.202	0	0	0	0	0.4	0	0	0	0	0.4	0	0	0	0	0.167	0	0	0	0	0	0	0	0	0	0	0	0.896	0.577
7.192	6.141	2.946	0	0	7.192	7.161	3.966	0	0	0	1.02	1.02	0	0	0.952	0.857	1	0	0	0.905	0.81	1	0	0	0	0	0	0	0	0.5	0.6	0.778	0.333	0.875	0.5	0.2	0.333	0	0	0	0.560
0	0.896	0.893	3.649	8.253	0	0.896	0.893	4.556	10.41	0	0	0	0.907	5.51	0	0	0	0.9	0.578	0	0	0	0.9	0.556	0	0	0	0	0.2	0	0	0.778	0	0.286	0	0	0.444	0	0.286	0	0.389
0	0.895	1.967	2.802	0	0	0	3.816	3.753	0	0	0.895	2.842	2.807	0	0	0	1	1	0	0	0	0.833	0.833	0	0	0	1	1	0	0	0.5	0	0	0	0	0	0	0.111	0	0.418	0.172
0	0	0	0	0	0	0	0	0	0	0	0	0	0	0	0	0	0	0	0	0	0	0	0	0	0	0	0	0	0	0	0	0	0	0	0.125	0	0	0	0	0.115	0.357
0	0	1.848	0	0	0.987	0	2.847	0.965	0.987	1.924	0	0.999	1.902	0.987	0	0	0.667	0	0	0	0	0.333	0	0	0	0	0	0	0	0	0.111	0.2	0.25	0	0	0.222	0.2	0	0.667	0	0.525
0	1.988	2.963	8.96	0	0	5.722	5.888	4.747	0	0	5.722	5.888	9.981	0	0	0.333	0.533	0.47	0	0	0.267	0.333	0.6	0	0	0.333	0.533	0.311	0	0	0	0	1	0	0	0	0	0	0.667	0.716	0.261
0.899	0	0.895	0	0	3.859	3.055	5.157	3.322	0	2.96	3.055	4.202	3.322	0	0.167	0.667	0.4	0.667	0	0.167	0.667	0.4	0.667	0	0.333	0.333	0.167	0.333	0	0	0	0	0	0	0	0	0	0	0	0.197	0.209
0	0	0	0	0	0	0	0	0	0	0	0	0	0	0	0	0	0	0	0	0	0	0	0	0	0	0	0	0	0	1	0.333	0.25	0.667	0.25	1	1	0	1	0	0	0.799
0	16.695	0.949	26.524	0.983	0	14.575	2.82	29.803	0	0.891	11.381	1.871	9.321	0.983	0	0.548	1	0.446	0	0	0.562	1	0.421	0	0	0.364	1	0.361	0	0.6	0	0	0	0	0.2	0	0.2	0	0.667	0.198	0.351
0	10.615	0	0	0	0	10.615	0	0	0	0	1.838	0	0	0	0	0.655	0	0	0	0	0.636	0	0	0	0	0	0	0	0	0.25	0.4	0	0	0	0	0.4	0	0	0	0.294	0.513
0.956	0	1.876	0	10.901	4.051	0	1.876	0	13.819	3.095	0	0.977	0	8.836	0.5	0	1	0	0.3	0.333	0	1	0	0.308	0.667	0	0	0	0.111	0	0	0	0.714	0	0	0.667	0	1	0	0	0.482
0	2.792	47.804	0.892	1.021	0	3.696	42.08	1.84	0	0	3.82	15.815	1.84	1.021	0	0.8	0.253	1	0	0	0.667	0.242	1	0	0	0.667	0.21	0	0	0.4	0	0	0	0.333	0.2	0	0	0	0.333	0	0.688
2.842	0	0	0	0	4.861	0.964	0.89	0	0.929	4.861	0.964	0.89	0	0.929	0.3	0	0	0	0	0.3	0	0	0	0	0.3	0	0	0	0	0	0	0	0	0	0	0	0	0	0	0	0.398
0	0	0	0	0	0	0.929	0	0	0	0	0.929	0	0	0	0	0	0	0	0	0	0	0	0	0	0	0	0	0	0	0.2	0	0	0	0	0	0	0	0	0	0	0.554
0	0	0	0	0	0	0	0	0	0.964	0	0	0	0	0.964	0	0	0	0	0	0	0	0	0	0	0	0	0	0	0	0	0.667	0	0.2	0.8	1	0.667	1	0.2	0	0	0.675
21.728	1.836	12.741	0.912	0	19.522	1.836	10.573	1.863	0	9.917	1.836	5.081	0.951	0	0.565	1	0.835	1	0	0.511	0	0.873	1	0	0.244	1	0.6	0	0	0.222	0	0	0	0	0	0	0	0	0.2	0.056	0.210
0	0	0	0	0.961	0	0	0	0	0.961	0	0	0	0	0.961	0	0	0	0	0	0	0	0	0	0	0	0	0	0	0	0	0.2	0	0.333	0	0.25	0.4	0	0.667	0	0	0.471
30.908	2.759	0	0	0	32.874	3.702	0.942	1.06	0	6.909	2.784	0.942	1.06	0	0.39	0.167	0	0	0	0.358	0.167	0	0	0	0.143	0.333	0	0	0	0.2	0	0.2	0.143	0	0	0	0	0	0	0	0.207
8.768	0	0	1.967	0	9.739	0	0	3.816	0	3.958	0	0	2.842	0	0.867	0	0	1	0	0.822	0	0	0.833	0	0.667	0	0	1	0	0	0	0	0	0.143	0	0	0	0	0	0	0.095
0	0	0.897	47.817	0	0	0	0.897	46.789	0	0	0	0	4.032	0	0	0	0	0.284	0	0	0	0	0.259	0	0	0	0	0.167	0	0	0	0	0	0.444	0	0	0	0	0	0.896	0.356
0	0	0.986	0	0	0	0	0.986	0	0	0	0	0.986	0	0	0	0	0	0	0	0	0	0	0	0	0	0	0	0	0	0.4	0	0	0.5	0	1	0.4	0.333	0.75	0	0	0.752
0	15.497	0	55.648	0	0	15.497	0	54.54	0	0	4.897	0	6.075	0	0	0.708	0	0.237	0	0	0.642	0	0.219	0	0	0.6	0	0.133	0	0	0	0.2	0.2	0	0	0	0	0.4	0	0	0.433
0	0	0	0	0	0	0	0	0	0	0	0	0	0	0	0	0	0	0	0	0	0	0	0	0	0	0	0	0	0	0	0	0	0	0	0	0	0	0	0	0.298	0.178
0	0	0	0	0	0	0	0	0	0	0	0	0	0	0	0	0	0	0	0	0	0	0	0	0	0	0	0	0	0	0	0	0	0	0	0	0	0	0	0	0.195	0.994
0	0.973	0	0	0	0	1.876	0	0	0	0	1.876	0	0	0	0	0	0	0	0	0	0	0	0	0	0	0	0	0	0	1	0	0.2	0	0.778	0	0	0.2	0	0.111	0	0.932
9.846	26.098	0	0	0	6.685	24.892	0	0	0	6.126	7.598	0	0	0	0.745	0.504	0	0	0	0.762	0.45	0	0	0	0.467	0.524	0	0	0	0	0.333	0.2	0.667	0	0.4	0.667	1	1	0	0	0.330
0	0	0.95	0	20.991	0.929	0.936	2.785	0	25.376	2.862	2.825	2.785	0	11.021	0.667	0.667	0.333	0	0.447	0	0	0.333	0	0.42	0.667	0.667	0.333	0	0.4	0.4	0.25	0.111	0.5	0	0	0.75	0	1	0	0	0.522
0.975	0	3.949	1.953	0	3.94	0	9.316	1.902	3.056	2.966	0	6.317	2.956	3.056	0.667	0	0.417	1	0.333	0.667	0	0.222	1	0.333	0.667	0	0.2	0.667	0.333	0.111	0	0	0	0	0	0	0	0.4	0	0.298	0.227
0	0	0	0	0.932	0	0	0	0	0.932	0	0	0	0	0	0	0	0	0	0	0	0	0	0	0	0	0	0	0	0	0	0	1	0.25	0	0	0	0.8	0	0	0.554	0.191
0	0.896	0	0	0	2.913	6.916	3.322	0.891	3.055	2.913	5.065	3.322	0.891	3.055	0.333	0.19	0.667	0	0.667	0.333	0.19	0.667	0	0.667	0.333	0.1	0.333	0	0.333	0.333	0	0	0.333	0	0.667	0.5	0	0.333	0	0	0.616
0	1.848	1.808	0	0	0.987	2.847	4.775	0.987	1.032	0.987	0.999	3.876	1.924	1.032	0	0.667	0.2	0	0	0	0.333	0.2	0	0	0	0	0	0	0	0	0.2	0	0	0	0.667	0.2	0	0	0	0	0.424
0	0	1.969	0	9.501	0.964	0	1.969	0	11.401	0.964	0	1.057	0	2.886	0	0	1	0	0.561	0	0	1	0	0.545	0	0	0	0	0	0.8	0	0	0	0	0	1	0	1	0	0	0.528
5.771	0	1.808	0	55.648	4.814	0	1.808	0	54.54	2.116	0	0	0	6.075	0.952	0	1	0	0.237	0.9	0	1	0	0.219	0	0	0	0	0.133	0.429	0	0	0	0.2	0.143	0	0	0	0.4	0.716	0.246
7.562	0	0	0	0	8.552	0	0	0	0	2.908	0	0	0	0	0.806	0	0	0	0	0.806	0	0	0	0	0.333	0	0	0	0	0	0	0	0	0	0	0	0	0	0	0.297	0.153
0	0	0	0	0	0	0	0	0	0	0	0	0	0	0	0	0	0	0	0	0	0	0	0	0	0	0	0	0	0	1	0.4	0.857	0	0	1	0.2	1	0	0	0	0.974
0	0	4.123	0	0	0	0	1.984	0	0	0	0	5.192	0	0	0	0	0.9	0	0	0	0	1	0	0	0	0	0.7	0	0	0	0.4	0.2	1	0.2	0	0.8	0	1	0.6	0	0.724
0	0	0	0	0	0	0	0	0	0	0	0	0	0	0	0	0	0	0	0	0	0	0	0	0	0	0	0	0	0	0.2	0	0	0	0	0	0	0	0	0	0	0.391
0	0	0	0	0	0	0	0	0	0	0	0	0	0	0	0	0	0	0	0	0	0	0	0	0	0	0	0	0	0	0.4	0.25	0.667	0	0	0.4	0	0.333	0	0	0	0.691
2.853	0	1.953	2.963	0	1.948	0	1.902	5.888	0	5.915	0	2.956	5.888	0	0.6	0	1	0.533	0	0	0	1	0.333	0	0.467	0	0.667	0.533	0	0	0	0	0	0	0	0.667	0.4	0	0	0.055	0.416
15.866	0.983	15.457	0.949	0	11.608	0	16.421	2.82	0	12.784	0.983	7.525	1.871	0	0.538	0	0.516	1	0	0.727	0	0.581	1	0	0.333	0	0.107	1	0	0	0	0.143	0	0.2	0	0.667	0.429	0.2	0	0	0.305
0	0	0	15.013	0	0	0	0	12.775	0	0	0	0	5.109	0	0	0	0	0.829	0	0	0	0	0.782	0	0	0	0	0.8	0	0.8	0.4	0.6	0	0	1	0	0.2	0	0	0	0.975
0	0	0.932	0	0	0	0	0.932	0	0	0	0	0	0	0	0	0	0	0	0	0	0	0	0	0	0	0	0	0	0	1	0	0	0	0	0.8	0	0	0	0	0	0.963
0	0	0	0	0	0	0	0	0	0	0	0	0	0	0	0	0	0	0	0	0	0	0	0	0	0	0	0	0	0	0	0	0	0	0	0	0	0	0	0.125	0.899	0.543
0	0	0	0	0	0	0	0	0	0	0	0	0	0	0	0	0	0	0	0	0	0	0	0	0	0	0	0	0	0	0	0	0	0	0	0	0	0	0	0	0.899	0.649
5.096	0.929	0	0	0	6.1	4.859	0.896	4.914	0	9.265	4.859	0.896	4.914	0	0.622	0.6	0	0.6	0	0.533	0.6	0	0.5	0	0.556	0.6	0	0.6	0	0	0	0	0	0	0	0	0	0	0	0.057	0.376
0	0.897	10.989	0	0	0	0.897	10.989	0	0	0	0	1.096	0	0	0	0	0.909	0	0	0	0	0.8	0	0	0	0	0	0	0	0.444	0	0	0	0	0	0	0	0	0	0.414	0.577
13.661	26.29	5.696	0	12.478	17.121	26.484	9.144	0	11.633	5.598	7.812	4.466	0	9.427	0.471	0.43	0.861	0	0.483	0.463	0.39	0.722	0	0.424	0.4	0.476	0.833	0	0.417	0.857	0	0	0.8	0.125	0.429	0	0	0.8	0	0.897	0.504
0	0	0	0	1.938	0	0	0	0	5.211	0	0	0	0	1.181	0	0	0	0	0.7	0	0	0	0	0.7	0	0	0	0	0	0	0	0	0	0	0	0.125	0	0	0	0.3	0.294
0	0	0	0	0	0	0	0	0	0	0	0	0	0	0	0	0	0	0	0	0	0	0	0	0	0	0	0	0	0	0	0	0	0	0	0	0	0	0	0	0	0.996
36.51	4.678	4.715	0	0	40.119	13.085	12.142	7.248	6.042	17.016	11.096	9.408	6.247	6.042	0.299	0.282	0.394	0.524	0.467	0.275	0.282	0.379	0.524	0.4	0.217	0.255	0.444	0.4	0.467	0	0	0	0.2	0	0	0	0	0	0	0.414	0.220
0	0	0	0	0	0	0	0	0	0	0	0	0	0	0	0	0	0	0	0	0	0	0	0	0	0	0	0	0	0	0	0	0	0	0	0	0	0	0.4	0	0.414	0.182
6.141	0	7.192	0	2.946	7.161	0	7.192	0	3.966	1.02	0	0	0	1.02	0.857	0	0.952	0	1	0.81	0	0.905	0	1	0	0	0	0	0	0.6	0.333	0.5	1	0.778	0.2	0	0.5	0.556	0.333	0	0.410
0	0	0	1.052	0.95	0	0	0	1.052	0.95	0	0	0	0	0.95	0	0	0	0	0	0	0	0	0	0	0	0	0	0	0	1	0	0	0.2	0	1	0	0	0.2	0.333	0	0.899
0	9.846	0	26.098	0	0	6.685	0	24.892	0	0	6.126	0	7.598	0	0	0.745	0	0.504	0	0	0.762	0	0.45	0	0	0.467	0	0.524	0	0.2	0	0	0.333	0	1	0.4	0	0.667	0	0	0.715
0	0	0	0	0	0	0	0	0	0	0	0	0	0	0	0	0	0	0	0	0	0	0	0	0	0	0	0	0	0	0	0	0	0	0	0.333	0	0	0	0	0	0.732
0	0	0	0	0	0	0	0	0	0	0	0	0	0	0	0	0	0	0	0	0	0	0	0	0	0	0	0	0	0	0	0	0	0	0	0	0	0	0.25	0	0	0.405
0.893	0	8.253	0.896	0	0.893	0	10.41	0.896	0	0	0	5.51	0	0	0	0	0.578	0	0	0	0	0.556	0	0	0	0	0.2	0	0	0.778	0	0.286	0	0	0.444	0	0.286	0	0	0	0.427
0	27.955	11.839	0	0	0	29.048	9.011	0	0	0	5.303	5.922	0	0	0	0.452	0.833	0	0	0	0.402	0.972	0	0	0	0.7	0.533	0	0	0.2	0	1	0.25	0.4	0	0.2	0	0	0.2	0	0.693
0	0	0	7.562	39.475	0	0	0	8.552	43.219	0	0	0	2.908	9.653	0	0	0	0.806	0.299	0	0	0	0.806	0.269	0	0	0	0.333	0.111	0	0	0	0	0.4	0	0	0	0	0	0	0.383
3.752	0	4.668	0	0	0.899	0	6.525	0.893	0	4.822	0	4.736	0.893	1.012	0.467	0	0.286	0	0	0	0	0.238	0	0	0.3	0	0.2	0	0	0	1	0	0.75	0	0	0	0	1	0	0	0.473
0	0	0	0	0	0	0	0	0	0	0	0	0	0	0	0	0	0	0	0	0	0	0	0	0	0	0	0	0	0	0	0	0	0	0	0.2	0	0	0	0	0.298	0.998
0	0	0	0	0	0	0	0	0	0	0	0	0	0	0	0	0	0	0	0	0	0	0	0	0	0	0	0	0	0	0	0	0	0	0	0	0	0	0	0	0.299	0.459
5.707	3.076	5.856	0	8.853	8.518	4.004	7.17	0	10.65	3.784	1.834	1.315	0	2.77	0.778	0.5	0.905	0	0.727	0.75	0.667	0.857	0	0.655	0.167	0	0	0	0.333	0.143	0	0	0	0	0.429	0.4	0	0	0	0.418	0.455
0	0	0	0	0	0	0	0	0	0	0	0	0	0	0	0	0	0	0	0	0	0	0	0	0	0	0	0	0	0	0	0	0	0	0	0	0	0	0	0	0	0.940
0	0	6.141	0	7.192	0	0	7.161	0	7.192	0	0	1.02	0	0	0	0	0.857	0	0.952	0	0	0.81	0	0.905	0	0	0	0	0	0.333	1	0.6	1	0.5	0	0.556	0.2	0.889	0.5	0	0.754
0	1.887	0	0	3.943	0	4.702	0	0.895	4.921	0	4.702	0	0.895	4.052	0	0.8	0	0	0.762	0	0.4	0	0	0.7	0	0.6	0	0	0.667	0	0	0	0	0	0	0	0.333	0	0	0.716	0.323
0	0	0	2.946	10.615	0	0	0	3.966	10.615	0	0	0	1.02	1.838	0	0	0	1	0.655	0	0	0	1	0.636	0	0	0	0	0	1	0.875	0	0.778	0.4	0	0	0	0.333	0.4	0	0.938
0	0	0	0	0	0	0	0	0.922	0	0	0	0	0.922	0	0	0	0	0	0	0	0	0	0	0	0	0	0	0	0	0	0	0	0	0.2	0	0	0.4	0	0.4	0.199	0.370
0	0	0	0	0	0	0	0	0	0	0	0	0	0	0	0	0	0	0	0	0	0	0	0	0	0	0	0	0	0	0	0	0	0	0	0	0	0	0	0	0.299	0.266
0	0	0	0	0	0	0	0	0	0	0	0	0	0	0	0	0	0	0	0	0	0	0	0	0	0	0	0	0	0	0	0	0	0	0	0	0	0	0	0	0	0.989
0	0	10.615	0	0	0	0	10.615	0	0	0	0	1.838	0	0	0	0	0.655	0	0	0	0	0.636	0	0	0	0	0	0	0	0	1	0.4	0.875	0.25	0	0	0.4	0	0	0.195	0.323
0	8.768	0	0	13.971	0	9.739	0	0	13.615	0	3.958	0	0	9.228	0	0.867	0	0	0.658	0	0.822	0	0	0.648	0	0.667	0	0	0.417	0	0	0.143	0	0	0	0	0	0	0.2	0.558	0.197
0	0	0	0	0	0	0	0	0	0	0	0	0	0	0	0	0	0	0	0	0	0	0	0	0	0	0	0	0	0	0	0	0	0	0	0	0	0	0	0	0.716	0.317
0	1.021	0	47.804	0	0	0	0	42.08	0	0	1.021	0	15.815	0	0	0	0	0.253	0	0	0	0	0.242	0	0	0	0	0.21	0	0.2	0.333	0.714	0	0	0.2	0.333	0.857	0	0	0	0.540
0	0.961	0	0	0	0.905	0.961	0	0	1.06	0.905	0.961	0	0	1.06	0	0	0	0	0	0	0	0	0	0	0	0	0	0	0	0	0	0.6	0	0.143	0	0	0.4	0	0	0	0.474
0	0	0	0	0	0	0	0	0	0	0	0	0	0	0	0	0	0	0	0	0	0	0	0	0	0	0	0	0	0	0.2	0	0.667	0	0.2	0.4	0.4	1	0	0.6	0.117	0.525
0	0	0	0	0	0.929	0	0	0.929	0	0.929	0	0	0.929	0	0	0	0	0	0	0	0	0	0	0	0	0	0	0	0	0	0	0.2	0	0	0	0	0	0	0	0.299	0.170
0	0	0	0	2.779	0	0	0	0	2.865	0	0	0	0	2.877	0	0	0	0	0.5	0	0	0	0	0.333	0	0	0	0	0.667	0	0	0.2	0	0	0	0	0	0	0	0.714	0.159
0	0	0.956	0	1.876	0	0	4.051	0	1.876	0	0	3.095	0	0.977	0	0	0.5	0	1	0	0	0.333	0	1	0	0	0.667	0	0	0	0.714	0	0.75	0	0.667	1	0	1	0	0	0.504
0.95	0	0	0	26.29	0.95	0	0	0	26.484	0.95	0	0	0	7.812	0	0	0	0	0.43	0	0	0	0	0.39	0	0	0	0	0.476	0	0	0.8	1	0	0.333	0	0.8	1	0	0	0.636
0	0	0	0	0	0	0	0	0	0	0	0	0	0	0	0	0	0	0	0	0	0	0	0	0	0	0	0	0	0	0	0	0	0	0	0	0	0.111	0.333	1	0.72	0.512
0	0	4.289	0	0	0	0	5.538	0	0	0	0	3.587	0	0	0	0	0.6	0	0	0	0	0.6	0	0	0	0	0.333	0	0	0	0	0	0	0	0	0	0	0	0	0	0.617
0	0	0	0	0	0	0	0	0	0	0	0	0	0	0	0	0	0	0	0	0	0	0	0	0	0	0	0	0	0	0	0	0	0	0	0	0	0.25	0	0	0	0.684
0	0	0	0	0	0	0	0	0	0	0	0	0	0	0	0	0	0	0	0	0	0	0	0	0	0	0	0	0	0	0	0	0.222	0.2	0	0	0	0	0	0	0.72	0.416
0	1.953	0.975	2.853	3.949	0	1.902	3.94	1.948	9.316	0	2.956	2.966	5.915	6.317	0	1	0.667	0.6	0.417	0	1	0.667	0	0.222	0	0.667	0.667	0.467	0.2	0	0	0.111	0	0	0	0.4	0	0	0	0	0.754
0	0	0	0	0	0	0	0	0	0	0	0	0	0	0	0	0	0	0	0	0	0	0	0	0	0	0	0	0	0	0	0	0	0	0	0	0	0.125	0	0	0.718	0.505
0	0	-1	0	-1	0	0	-1	0	-1	0	0	-1	0	-1	0	0	-1	0	-1	0	0	-1	0	-1	0	0	-1	0	-1	0	0	-1	0	-1	0	0	-1	0	-1	0.898	0.998
0	0	0	4.668	0	0.965	0	0	6.525	0.987	1.902	1.012	0	4.736	1.924	0	0	0	0.286	0	0	0	0	0.238	0	0	0	0	0.2	0	0.25	0	0.111	0	0	0	0	0.222	0	0	0	0.534
25.721	8.853	1.868	5.856	0	28.934	10.65	3.709	7.17	0	7.912	2.77	1.841	1.315	0	0.505	0.727	0.833	0.905	0	0.48	0.655	0.833	0.857	0	0.143	0.333	1	0	0	0	0	1	0	0	0	0	1	0	0.5	0.714	0.199
0	0	0	2.842	0	0.929	0.89	0	4.861	0.929	0.929	0.89	0	4.861	0.929	0	0	0	0.3	0	0	0	0	0.3	0	0	0	0	0.3	0	0	0	0	0	0	0	0	0	0	0	0.42	0.176
0.896	0	0	0	0	4.114	4.398	4.484	0	5.612	4.114	0	4.216	0	4.525	0.667	0.5	0.5	0	0.4	0.667	0.333	0.333	0	0.4	0.667	0	0.5	0	0.5	0	0	0	0	0	0	0	0	0	0	0.297	0.293
0	0	0	0	0	0	0	0	0	0	0	0	0	0	0	0	0	0	0	0	0	0	0	0	0	0	0	0	0	0	0	1	0.333	0.25	0.2	0	1	0.667	0	0.4	0	0.625
0	0	0	0	0	4.283	5.612	5.593	4.484	3.132	4.384	4.525	4.677	4.216	3.132	0.4	0.4	0.6	0.5	0.333	0.167	0.4	0.6	0.333	0	0.5	0.5	0.667	0.5	0.333	0	0	0	0	0	0	0	0	0	0	0.059	0.471
0.896	0	0	2.745	0	6.916	0.891	2.913	5.818	3.322	5.065	0.891	2.913	5.818	3.322	0.19	0	0.333	0.067	0.667	0.19	0	0.333	0.067	0.667	0.1	0	0.333	0	0.333	0	0.333	0.333	1	0	0.5	0.333	0.667	1	0	0	0.404
0.895	2.802	0	0	1.967	0	3.753	0	0	3.816	0.895	2.807	0	0	2.842	0	1	0	0	1	0	0.833	0	0	0.833	0	1	0	0	1	0.5	0	0	0	0	0	0.111	0	0	0	0	0.237
8.96	20.991	1.988	0.95	0	4.747	25.376	5.722	2.785	0	9.981	11.021	5.722	2.785	0	0.47	0.447	0.333	0.333	0	0.6	0.42	0.267	0.333	0	0.311	0.4	0.333	0.333	0	1	0	0	0.111	0	0	0	0	0	0	0	0.508
0	0	0	0	0	0	0	0	0	0	0	0	0	0	0	0	0	0	0	0	0	0	0	0	0	0	0	0	0	0	0.667	0.2	0	0	0	0.667	0.2	1	0	1	0	0.668
1.868	25.721	0	8.853	1.052	3.709	28.934	0	10.65	1.052	1.841	7.912	0	2.77	0	0.833	0.505	0	0.727	0	0.833	0.48	0	0.655	0	1	0.143	0	0.333	0	1	0	0	0	0.2	1	0	0.5	0	0.2	0	0.682
0	0	0	0	0	0	0	0	0	0	0	0	0	0	0	0	0	0	0	0	0	0	0	0	0	0	0	0	0	0	0	0	0	0	0	0	0.333	0	0	0.111	0.294	0.489
0	0	0	0.961	2.759	0	0.905	1.06	0.961	3.702	0	0.905	1.06	0.961	2.784	0	0	0	0	0.167	0	0	0	0	0.167	0	0	0	0	0.333	0.6	0	0.143	0	0	0.4	0	0	0	0	0	0.688
15.276	0	0	4.715	0.929	22.166	6.042	4.914	12.142	4.859	10.978	6.042	4.914	9.408	4.859	0.481	0.467	0.6	0.394	0.6	0.429	0.4	0.5	0.379	0.6	0.533	0.467	0.6	0.444	0.6	0	0	0	0	0	0	0	0	0	0	0.118	0.173
0	0	0	0	0	0	0	0	0	0	0	0	0	0	0	0	0	0	0	0	0	0	0	0	0	0	0	0	0	0	0.25	0	0	0	0	0.5	0	0	0	0	0	0.580
12.478	5.696	18.412	13.661	83.602	11.633	9.144	17.748	17.121	75.398	9.427	4.466	10.252	5.598	36.504	0.483	0.861	0.494	0.471	0.125	0.424	0.722	0.464	0.463	0.126	0.417	0.833	0.289	0.4	0.137	0.125	0	0	0.857	0.286	0	0	0	0.429	0.571	0	0.369
0	0	0	0	6.141	0	0	0	0	7.161	0	0	0	0	1.02	0	0	0	0	0.857	0	0	0	0	0.81	0	0	0	0	0	1	1	0.333	0.5	0.6	0.556	0.889	0	0.375	0.2	0	0.852
0	0	0	0	0	0	0	0	0	0	0	0	0	0	0	0	0	0	0	0	0	0	0	0	0	0	0	0	0	0	0	0	0	0	0	0	0	0	0	0	0	0.996
4.678	0	36.51	0	4.715	13.085	7.248	40.119	2.025	12.142	11.096	6.247	17.016	2.025	9.408	0.282	0.524	0.299	1	0.394	0.282	0.524	0.275	1	0.379	0.255	0.4	0.217	1	0.444	0	0.2	0	1	0	0	0	0	1	0	0.414	0.155
0	0	0	0	0	0	0	0	0	0	0	0	0	0	0	0	0	0	0	0	0	0	0	0	0	0	0	0	0	0	0	0	0	0	0	0	0	0	0	0	0.896	0.788
0	0	0	0	0	0.903	0	0	0	0	0.903	0	0	0	0	0	0	0	0	0	0	0	0	0	0	0	0	0	0	0	0	0.2	0.2	0.2	0.4	0	0	0.2	0	0	0.299	0.230
1.808	5.771	55.648	0	15.497	1.808	4.814	54.54	0	15.497	0	2.116	6.075	0	4.897	1	0.952	0.237	0	0.708	1	0.9	0.219	0	0.642	0	0	0.133	0	0.6	0	0.429	0.2	0	0	0	0.143	0.4	0	0	0.554	0.117
1.967	0	0	0.895	8.768	3.816	0	0	0	9.739	2.842	0	0	0.895	3.958	1	0	0	0	0.867	0.833	0	0	0	0.822	1	0	0	0	0.667	0	0	0	0.5	0	0	0	0	0	0	0.419	0.107
0	0	1.938	0	2.706	0	0	5.211	0	7.03	0	0	1.181	0	5.215	0	0	0.7	0	0.381	0	0	0.7	0	0.381	0	0	0	0	0.2	0	0	0	0	0	0	0	0	0.125	0	0.018	0.287
0	0	0	2.735	0	0	0	0	3.671	0	0	0	0	0.936	0	0	0	0	1	0	0	0	0	1	0	0	0	0	0	0	0	0	0.5	0	0	0	0	0	0	0	0.896	0.322
11.839	0	0	27.955	0	9.011	0	0	29.048	0	5.922	0	0	5.303	0	0.833	0	0	0.452	0	0.972	0	0	0.402	0	0.533	0	0	0.7	0	1	0.2	0.4	0	0.5	0	0	0.2	0.2	1	0	0.344
0.983	0.949	15.866	0	15.457	0	2.82	11.608	0	16.421	0.983	1.871	12.784	0.891	7.525	0	1	0.538	0	0.516	0	1	0.727	0	0.581	0	1	0.333	0	0.107	0	0	0	0.6	0.143	0.667	0.2	0	0.2	0.429	0	0.436
1.887	0	0	1.973	0	4.702	0.895	0	2.898	0	4.702	0.895	0	1.991	0	0.8	0	0	1	0	0.4	0	0	1	0	0.6	0	0	0	0	0	0	0	0.125	0	0	0	0	0	0.333	0.716	0.201
0.923	0	8.658	0	0	1.834	0	9.502	0	0.911	0.911	0	3.885	0	0.911	0	0	0.491	0	0	0	0	0.444	0	0	0	0	0.167	0	0	0	0	0	0.857	0	0	0	0	1	0	0	0.183
0	0	0	0	0	0	0.922	0	0	0	0	0.922	0	0	0	0	0	0	0	0	0	0	0	0	0	0	0	0	0	0	0	0	0	0	0	0	0	0	0	0.4	0.299	0.185
8.905	0	4.698	0	0	8.905	0	4.698	0	0	4.252	0.906	0	0	0	0.782	0	0.9	0	0	0.611	0	0.9	0	0	0.667	0	0	0	0	0	0.444	0	0.2	0	0	0.889	0	0	0	0	0.368
1.953	2.853	0	0	0.975	1.902	1.948	0	0	3.94	2.956	5.915	0	0	2.966	1	0.6	0	0	0.667	1	0	0	0	0.667	0.667	0.467	0	0	0.667	0	0	0	0	0.111	0.4	0	0	0.667	0	0	0.428
0	0	2.779	0	4.547	0	0	2.865	0	5.636	0	0	2.877	0	2.917	0	0	0.5	0	0.467	0	0	0.333	0	0.4	0	0	0.667	0	0.333	0.2	0	0	0	0	0	0	0	0	0	0.059	0.162
0	0	0	0	0	0	0	0	0	0	0	0	0	0	0	0	0	0	0	0	0	0	0	0	0	0	0	0	0	0	0.667	0.4	0	0.25	0.429	0.333	0.4	0	0	0	0	0.615
0	0	0	10.615	0	0	0	0	10.615	0	0	0	0	1.838	0	0	0	0	0.655	0	0	0	0	0.636	0	0	0	0	0	0	0	0.25	0	0.4	0	0	0	0	0.4	0	0.415	0.137
0	8.658	0	0.923	3.704	0.911	9.502	0	1.834	4.602	0.911	3.885	0	0.911	1.867	0	0.491	0	0	0.9	0	0.444	0	0	0.8	0	0.167	0	0	1	0	0	0	0	0	0	0	0	0	0	0.419	0.108
0	3.744	0	0	0	0	1.9	0	0	0	0	2.826	0	0	0	0	1	0	0	0	0	1	0	0	0	0	1	0	0	0	0.2	0	0.4	0	0.5	0.2	0	0.8	0.2	0.75	0	0.483
2.779	0	4.547	0	0	2.865	0	5.636	0	0	2.877	0	2.917	0	0	0.5	0	0.467	0	0	0.333	0	0.4	0	0	0.667	0	0.333	0	0	0	0.2	0	0	0.75	0	0	0	0	1	0.294	0.329
0	0	0	0	0	0	0	0	0	0	0	0	0	0	0	0	0	0	0	0	0	0	0	0	0	0	0	0	0	0	0	0	0	0	0	0	0	0	0	0	0.059	0.472
0	83.602	0	18.412	0	0	75.398	0.936	17.748	0.929	0	36.504	2.825	10.252	2.862	0	0.125	0.667	0.494	0.667	0	0.126	0	0.464	0	0	0.137	0.667	0.289	0.667	0.5	0.286	0.25	0	0.4	1	0.571	0.75	0	0	0.057	0.890
0	0	0	0	0	0	0	0	0	0	0	0	0	0	0	0	0	0	0	0	0	0	0	0	0	0	0	0	0	0	0	0.2	0.667	0	1	0	0	1	0	1	0	0.425
1.855	0	0	0	38.571	1.855	0	0	0	36.58	0.938	0	0	0	9.214	1	0	0	0	0.336	1	0	0	0	0.347	0	0	0	0	0.194	0.8	0.5	1	0	0	1	1	1	0	0.6	0	0.328
0	0	0	0	0	0	0	0	0	0	0	0	0	0	0	0	0	0	0	0	0	0	0	0	0	0	0	0	0	0	0	0	0	0	0	0	0	0	0	0	0.415	0.537
0	0	0	0	0	0	0	0	0	0	0	0	0	0	0	0	0	0	0	0	0	0	0	0	0	0	0	0	0	0	0	0	0	0	0	0	0	0	0	0	0.898	0.374
0	0	0	0	5.771	0	0	0	0	4.814	0	0	0	0	2.116	0	0	0	0	0.952	0	0	0	0	0.9	0	0	0	0	0	0	0	0	0	0.429	0	0	0	0	0.143	0.299	0.174
1.021	47.804	0	0	0	0	42.08	0	0	0	1.021	15.815	0	0	0	0	0.253	0	0	0	0	0.242	0	0	0	0	0.21	0	0	0	0.333	0	0.2	0.4	0.714	0.333	0	0.2	0.2	0.857	0	0.342
0.896	3.649	0	4.627	0.893	0.896	4.556	0	3.65	0.893	0	0.907	0	0.977	0	0	0.9	0	1	0	0	0.9	0	1	0	0	0	0	0	0	0	0	0	0.2	0.778	0	0	0	0	0.444	0	0.358
0	15.457	0	15.866	8.905	0	16.421	0	11.608	8.905	0	7.525	0.906	12.784	4.252	0	0.516	0	0.538	0.782	0	0.581	0	0.727	0.611	0	0.107	0	0.333	0.667	0.2	0.143	0.444	0	0	0	0.429	0.889	0	0	0	0.513
0	0	0	0	0	0	0	0	0	0	0	0	0	0	0	0	0	0	0	0	0	0	0	0	0	0	0	0	0	0	0	0	0	0	0	0	0.4	0	0	0	0.72	0.180
0	0	0	0	0	0	0	0	0	0	0	0	0	0	0	0	0	0	0	0	0	0	0	0	0	0	0	0	0	0	0	0	0	0	0	0	0	0	0	0	0	0.994
0	0	0	0	0	0	0	0	0.942	0	0	0	0	0.942	0	0	0	0	0	0	0	0	0	0	0	0	0	0	0	0	0	0	0	0.2	0	0	0	0	0	0	0.72	0.764
0	0	0	0	0	0	0	0	0	0	0	0	0	0	0	0	0	0	0	0	0	0	0	0	0	0	0	0	0	0	0	0	0	0	0	0	0	0	0	0	0.896	0.735
0.939	3.704	0.895	0	0	0.939	4.602	1.868	0	0	0.939	1.867	0.973	0	0	0	0.9	1	0	0	0	0.8	1	0	0	0	1	0	0	0	0	0	0	0	0	0.25	0	0	0	0	0.417	0.238
0	13.971	0	0	0	0	13.615	0	0	0	0	9.228	0	0	0	0	0.658	0	0	0	0	0.648	0	0	0	0	0.417	0	0	0	0	0	0	0.143	0	0	0.2	0	0	0	0	0.327
0	0	0	0	0	0	0	0	0	0	0	0	0	0	0	0	0	0	0	0	0	0	0	0	0	0	0	0	0	0	0	0.2	0	0.5	0.222	0	0	0	0	0	0.419	0.402
0	0.896	0	0	0	4.484	4.114	5.612	4.398	4.283	4.216	4.114	4.525	0	4.384	0.5	0.667	0.4	0.5	0.4	0.333	0.667	0.4	0.333	0.167	0.5	0.667	0.5	0	0.5	0	0	0	0	0	0	0	0	0	0	0.117	0.198
0	0	0	0	0	0	0	0	0	0	0	0	0	0	0	0	0	0	0	0	0	0	0	0	0	0	0	0	0	0	0	0	0	0	0	0	0	0	0	0	0.419	0.866
0	0	0	0	0	0	0	0	0	0	0	0	0	0	0	0	0	0	0	0	0	0	0	0	0	0	0	0	0	0	1	0.25	0	0.25	0.333	1	0	0	0	0.667	0	0.937
0	0	30.475	0	0	0	0	34.901	0.896	0.908	0	0	14.818	0.896	0.908	0	0	0.388	0	0	0	0	0.35	0	0	0	0	0.308	0	0	0	0	0	0	0	0	0	0	0	0.4	0.716	0.240
0	4.057	0	18.731	3.752	0.893	1.92	0	19.8	0.899	0.893	3.095	0	10.28	4.822	0	0.7	0	0.595	0.467	0	1	0	0.532	0	0	0.667	0	0.422	0.3	0.75	0.25	1	0	0	1	0.5	0	0	0	0	0.621
0	0	0	0	0	0	0	0	0	0	0	0	0	0	0	0	0	0	0	0	0	0	0	0	0	0	0	0	0	0	0.2	0	0.667	0.6	0	0.2	0	0.667	0.2	1	0	0.547
4.547	2.779	0	0	0	5.636	2.865	0	0	0	2.917	2.877	0	0	0	0.467	0.5	0	0	0	0.4	0.333	0	0	0	0.333	0.667	0	0	0	0	0	0.75	0.2	0.714	0	0	1	0	1	0	0.324
0	0	0	0	47.817	0	0	0	0	46.789	0	0	0	0	4.032	0	0	0	0	0.284	0	0	0	0	0.259	0	0	0	0	0.167	0	0	0	0	0	0	0	0.2	0	0	0.556	0.265
0	0	0	3.9	0	0	0	0	8.308	0	0	0	0	5.395	0	0	0	0	0.5	0	0	0	0	0.429	0	0	0	0	0.4	0	0	0	0	0.6	0	0.333	0	0	1	0	0.059	0.624
8.853	5.856	25.721	5.707	1.868	10.65	7.17	28.934	8.518	3.709	2.77	1.315	7.912	3.784	1.841	0.727	0.905	0.505	0.778	0.833	0.655	0.857	0.48	0.75	0.833	0.333	0	0.143	0.167	1	0	0	0	0.143	1	0	0	0	0.429	1	0.419	0.259
0	0	0	0	0	0	0	0	0	0	0	0	0	0	0	0	0	0	0	0	0	0	0	0	0	0	0	0	0	0	0.5	0	0	0	0.667	0	0	0	0	0.667	0.117	0.495
0	0	1.844	0	3.76	0	0	2.806	0	3.76	0	0	1.88	0	1.928	0	0	1	0	1	0	0	0.333	0	0.833	0	0	1	0	0	0	0	0	0	0	0	0	0	0	0	0.298	0.299
0	4.123	18.731	0	4.057	0	1.984	19.8	0	1.92	0	5.192	10.28	0	3.095	0	0.9	0.595	0	0.7	0	1	0.532	0	1	0	0.7	0.422	0	0.667	0.2	0.2	0	0	0.25	0.6	0	0	0	0.5	0	0.627
0	0	0	15.497	0	0	0	0	15.497	0	0	0	0	4.897	0	0	0	0	0.708	0	0	0	0	0.642	0	0	0	0	0.6	0	0.2	0	0	0	0.667	0	0	0	0	1	0	0.409
0	0	0	0	0	0	0	0	0	0	0	0	0	0	0	0	0	0	0	0	0	0	0	0	0	0	0	0	0	0	0	0	0	0.25	0	0	0	0	0	0.2	0.198	0.341
0	15.276	0.929	0	5.096	4.914	22.166	4.859	6.042	6.1	4.914	10.978	4.859	6.042	9.265	0.6	0.481	0.6	0.467	0.622	0.5	0.429	0.6	0.4	0.533	0.6	0.533	0.6	0.467	0.556	0	0	0	0	0	0	0	0	0	0	0.415	0.253
1.848	0	0	0	1.808	2.847	0.987	0.987	0	4.775	0.999	1.924	0.987	0	3.876	0.667	0	0	0	0.2	0.333	0	0	0	0.2	0	0	0	0	0	0.2	0	0	0.111	0	0.2	0	0.667	0.222	0	0	0.365
18.412	12.478	83.602	5.696	0	17.748	11.633	75.398	9.144	0	10.252	9.427	36.504	4.466	0	0.494	0.483	0.125	0.861	0	0.464	0.424	0.126	0.722	0	0.289	0.417	0.137	0.833	0	0	0.125	0.286	0	0.5	0	0	0.571	0	1	0.555	0.298
55.648	1.808	15.497	5.771	0	54.54	1.808	15.497	4.814	0	6.075	0	4.897	2.116	0	0.237	1	0.708	0.952	0	0.219	1	0.642	0.9	0	0.133	0	0.6	0	0	0.2	0	0	0.429	0	0.4	0	0	0.143	0	0.299	0.282
0	0	0	0	0	0	0	0	0	0	0	0	0	0	0	0	0	0	0	0	0	0	0	0	0	0	0	0	0	0	0	0.667	0.429	0.4	0.111	0	0.333	0	0.4	0	0.298	0.684
0	0	0	0	0	0	0	0	0	0	0	0	0	0	0	0	0	0	0	0	0	0	0	0	0	0	0	0	0	0	1	0.5	1	0	0.333	0.889	0.375	0.556	0.667	0	0.197	0.943
0	0	2.759	0	30.908	1.06	0	3.702	0.905	32.874	1.06	0	2.784	0.905	6.909	0	0	0.167	0	0.39	0	0	0.167	0	0.358	0	0	0.333	0	0.143	0.143	0.6	0	0	0.2	0	0.4	0	0	0	0.418	0.272
0	4.289	0	0	0	0	5.538	0	0	0	0	3.587	0	0	0	0	0.6	0	0	0	0	0.6	0	0	0	0	0.333	0	0	0	0	0	0.4	0	0.2	0	0	0	0	0	0.298	0.445
0	0	0	0	0	0	0	0	0	0	0	0	0	0	0	0	0	0	0	0	0	0	0	0	0	0	0	0	0	0	0	0	0	0	0	0	0	0	0	0.25	0.198	0.153
10.901	1.876	0	0.956	0	13.819	1.876	0	4.051	0.964	8.836	0.977	0	3.095	0.964	0.3	1	0	0.5	0	0.308	1	0	0.333	0	0.111	0	0	0.667	0	0	0	0	0	0	0	0	0	0	0	0	0.305
0	0	0	0	0	0	0	0.903	0	0	0	0	0.903	0	0	0	0	0	0	0	0	0	0	0	0	0	0	0	0	0	0.2	0.2	0	0.75	0.2	0	0	0	1	0.2	0.415	0.300
3.744	0	0	12.741	0	1.9	0	0	10.573	0	2.826	0	0	5.081	0	1	0	0	0.835	0	1	0	0	0.873	0	1	0	0	0.6	0	0	0	0.2	0	0.4	0	0.2	0.2	0	0.8	0	0.318
0	0	0	0	0	0	0	0	0	0	0	0	0	0	0	0	0	0	0	0	0	0	0	0	0	0	0	0	0	0	0	0	0	0	0	0	0	0	0	0	0.9	0.556
0	0	0	0	0	0	0	0	0	0	0	0	0	0	0	0	0	0	0	0	0	0	0	0	0	0	0	0	0	0	0.333	0	0.2	1	0	0.667	0	0.4	1	0.25	0	0.640
2.963	0	0	1.988	2.853	5.888	0	0	5.722	1.948	5.888	0	0	5.722	5.915	0.533	0	0	0.333	0.6	0.333	0	0	0.267	0	0.533	0	0	0.333	0.467	0	0	0	0	0	0	0	0.667	0	0	0.414	0.251
0	12.741	3.744	21.728	0	0	10.573	1.9	19.522	0	0	5.081	2.826	9.917	0	0	0.835	1	0.565	0	0	0.873	1	0.511	0	0	0.6	1	0.244	0	0	0	0	0.222	0.2	0.2	0	0	0	0.2	0	0.449
0	1.973	1.887	0.906	0	0.895	2.898	4.702	0.906	0	0.895	1.991	4.702	0.906	0	0	1	0.8	0	0	0	1	0.4	0	0	0	0	0.6	0	0	0	0.125	0	0.333	0	0	0	0	0.333	0	0.896	0.305
0	0	0	0	0	0	0	0	0	0	0	0	0	0	0	0	0	0	0	0	0	0	0	0	0	0	0	0	0	0	0	0	0	0	0	0	0.25	0	0	0	0.417	0.381
0	0	0	18.297	0	0	0	0	14.029	0	0	0	0	8.199	0	0	0	0	0.643	0	0	0	0	0.56	0	0	0	0	0.357	0	0.25	0	0	0	0.5	0	0	0	0	1	0	0.347
0	0.896	0	0	0	0	6.154	0	3.132	0.922	0	6.154	0	3.132	0.922	0	0.4	0	0.333	0	0	0.333	0	0	0	0	0.4	0	0.333	0	0	0	0	0	0	0	0	0	0	0	0.715	0.809
4.289	0	0	0	0	5.538	0	0	0	0	3.587	0	0	0	0	0.6	0	0	0	0	0.6	0	0	0	0	0.333	0	0	0	0	0	0	0	0	0.4	0	0	0	0	0	0.294	0.372
0	0	2.842	10.901	0	0.964	0	4.861	13.819	0.89	0.964	0	4.861	8.836	0.89	0	0	0.3	0.3	0	0	0	0.3	0.308	0	0	0	0.3	0.111	0	0	0	0	0	0	0	0	0	0	0	0.297	0.136
0	0	0	0	0	0	0	0	0	0	0	0	0	0	0	0	0	0	0	0	0	0	0	0	0	0	0	0	0	0	0	0.714	0.4	0.2	1	0	0.857	0.2	0.2	1	0	0.478
0	8.253	0	0.893	0	0	10.41	0	0.893	0	0	5.51	0	0	0	0	0.578	0	0	0	0	0.556	0	0	0	0	0.2	0	0	0	0	0.286	0	0.778	0	0	0.286	0	0.444	0	0.415	0.202
0.896	0	0	0	0	6.154	3.132	0	5.593	0	6.154	3.132	0	4.677	0	0.4	0.333	0	0.6	0	0.333	0	0	0.6	0	0.4	0.333	0	0.667	0	0	0	0	0	0	0	0	0	0	0	0.893	0.337
0	0	0	0	0	0	0	0	0	0	0	0	0	0	0	0	0	0	0	0	0	0	0	0	0	0	0	0	0	0	0.333	0.8	0.2	0	0.4	0	1	0	0	0	0	0.620
2.745	0	0	0	0.896	5.818	2.868	0.891	1.032	6.916	5.818	2.868	0.891	1.032	5.065	0.067	0	0	0	0.19	0.067	0	0	0	0.19	0	0	0	0	0.1	1	0.2	0.333	0	0	1	0	0.333	0	0.5	0	0.503
0	4.698	3.076	8.905	5.707	0	4.698	4.004	8.905	8.518	0	0	1.834	4.252	3.784	0	0.9	0.5	0.782	0.778	0	0.9	0.667	0.611	0.75	0	0	0	0.667	0.167	0	0	0	0	0.143	0	0	0.4	0	0.429	0	0.433
0	0	0	0	0	0	0	0	0	0	0	0	0	0	0	0	0	0	0	0	0	0	0	0	0	0	0	0	0	0	0	0	0	0.333	0	0.4	0	0	0	0	0.298	0.725
4.715	36.51	0	4.678	15.276	12.142	40.119	6.042	13.085	22.166	9.408	17.016	6.042	11.096	10.978	0.394	0.299	0.467	0.282	0.481	0.379	0.275	0.4	0.282	0.429	0.444	0.217	0.467	0.255	0.533	0	0	0	0	0	0	0	0	0	0	0.896	0.227
0	0	0	0	0	0	0	0	0	0	0	0	0	0	0	0	0	0	0	0	0	0	0	0	0	0	0	0	0	0	0	0	0	0	0	0	0	0	0	0	0	0.973
0	0	0	0	0	0	0	0	0	0	0	0	0	0	0	0	0	0	0	0	0	0	0	0	0	0	0	0	0	0	0.25	0.25	1	0.25	0	0	0	1	0	0	0	0.501
0	0	0	0	0	0	0	0	0	0	0	0	0	0	0	0	0	0	0	0	0	0	0	0	0	0	0	0	0	0	0.75	0.111	0.2	0.429	0.2	1	0	0	0	0	0.196	0.826
0	0	0	0	0	0	0	0	0	0	0	0	0	0	0	0	0	0	0	0	0	0	0	0	0	0	0	0	0	0	0	0	0	0	0	0	0	0	0	0	0.419	0.532
0	0	0	0	0	0	0	0	0	0	0	0	0	0	0	0	0	0	0	0	0	0	0	0	0	0	0	0	0	0	0	0	0	0	0	0	0	0	0	0	0.414	0.222
3.76	1.844	18.297	0	0	3.76	2.806	14.029	0	0	1.928	1.88	8.199	0	0	1	1	0.643	0	0	0.833	0.333	0.56	0	0	0	1	0.357	0	0	0	0	0	0	0	0	0	0	0	0	0.018	0.236
30.475	0	0	0	0	34.901	0	0.908	0	0	14.818	0	0.908	0	0	0.388	0	0	0	0	0.35	0	0	0	0	0.308	0	0	0	0	0	0	0	0	0	0	0	0.4	0	0	0.198	0.210
0	0	0	0	0	0	0	0	0	0	0	0	0	0	0	0	0	0	0	0	0	0	0	0	0	0	0	0	0	0	0	0	0	0	0	0	0	0	0	0	0	0.965
0	0	0	0	0	0	0	0	0	0	0	0	0	0	0	0	0	0	0	0	0	0	0	0	0	0	0	0	0	0	0.667	0.2	0.2	0	0.667	1	0.4	0.6	0.4	0.889	0	0.891
0	1.936	0	0	7.562	0	1.936	0	0	8.552	0	0	0	0	2.908	0	1	0	0	0.806	0	1	0	0	0.806	0	0	0	0	0.333	0	0	0	0	0	0	0	0	0	0	0	0.525
1.973	0.906	0	39.475	1.887	2.898	0.906	0.895	43.219	4.702	1.991	0.906	0.895	9.653	4.702	1	0	0	0.299	0.8	1	0	0	0.269	0.4	0	0	0	0.111	0.6	0.125	0.333	0	0.4	0	0	0.333	0	0	0	0.3	0.345
15.497	55.648	0	1.808	0	15.497	54.54	0	1.808	0	4.897	6.075	0	0	0	0.708	0.237	0	1	0	0.642	0.219	0	1	0	0.6	0.133	0	0	0	0	0.2	0	0	0.2	0	0.4	0	0	0	0	0.322
26.098	0	9.846	38.571	0	24.892	0	6.685	36.58	0	7.598	0	6.126	9.214	0	0.504	0	0.745	0.336	0	0.45	0	0.762	0.347	0	0.524	0	0.467	0.194	0	0.333	0.667	0	0	0.2	0.667	1	0.4	0.6	1	0	0.251
0	0	0	0	0	0	0	0	0	0	0	0	0	0	0	0	0	0	0	0	0	0	0	0	0	0	0	0	0	0	0	0	0	0	0	0	0	0	0	0	0.12	0.901
0	0	0	0	0	0	0	0	0	0	0	0	0	0	0	0	0	0	0	0	0	0	0	0	0	0	0	0	0	0	0	0	0	0	0	0	0	0	0	0	0.898	0.563
4.627	0	3.649	0	0.896	3.65	0	4.556	0	0.896	0.977	0	0.907	0	0	1	0	0.9	0	0	1	0	0.9	0	0	0	0	0	0	0	0.2	0.667	0	0	0	0	0.667	0	0	0	0	0.380
0.986	0	0	0	0	0.986	0	0	0	0	0.986	0	0	0	0	0	0	0	0	0	0	0	0	0	0	0	0	0	0	0	0	0.4	0	0	0	0.333	1	0	0.4	0	0.298	0.184
0	0	0	0	0	0	0	0	0	0	0	0	0	0	0	0	0	0	0	0	0	0	0	0	0	0	0	0	0	0	0	0.6	0.2	0.8	0.667	0	0.2	0.2	1	0.667	0	0.915
0	0	0	0	0	0	0	0	0	0	0	0	0	0	0	0	0	0	0	0	0	0	0	0	0	0	0	0	0	0	0	0	0	0	0	0	0	0	0	0.667	0.419	0.252
0	10.989	0	0	0	0	10.989	0	0	0	0	1.096	0	0	0	0	0.909	0	0	0	0	0.8	0	0	0	0	0	0	0	0	0	0	0	0.444	0.25	0	0	0	0	0.5	0.557	0.321
0	0	4.678	1.856	36.51	7.248	2.025	13.085	7.519	40.119	6.247	2.025	11.096	6.621	17.016	0.524	1	0.282	0.429	0.299	0.524	1	0.282	0.429	0.275	0.4	1	0.255	0.2	0.217	0.2	1	0	0	0	0	1	0	0	0	0.292	0.228
0	3.9	0	0	0	0	8.308	0	2.026	0	0	5.395	0	2.026	0	0	0.5	0	0	0	0	0.429	0	0	0	0	0.4	0	0	0	0	0.6	0	0	0	0	1	0.333	0	0	0.556	0.426
0	0	0	0	0.896	0	0	4.398	0	4.114	0	0	0	0	4.114	0	0	0.5	0	0.667	0	0	0.333	0	0.667	0	0	0	0	0.667	0	0	0	0	0	0	0	0	0	0	0.717	0.338
0	0	0	0	0	0	0	0	0	0	0	0	0	0	0	0	0	0	0	0	0	0	0	0	0	0	0	0	0	0	0.667	0.2	0.2	0.667	0.667	0.889	0.6	0.2	1	1	0	0.811
0	0	0	0	0	0	0	0	0	0	0	0	0	0	0	0	0	0	0	0	0	0	0	0	0	0	0	0	0	0	0	0.333	0	0	0	0	0	0.4	0	0	0	0.489
0	0	0	2.853	0	0	0	0	2.853	0	0	0	0	2.853	0	0	0	0	0.667	0	0	0	0	0.667	0	0	0	0	0.667	0	0	0.25	0	0.4	1	0	0	0	0.2	0.8	0.298	0.363
1.938	0	2.706	0	1.856	5.211	0	7.03	0	7.519	1.181	0	5.215	0	6.621	0.7	0	0.381	0	0.429	0.7	0	0.381	0	0.429	0	0	0.2	0	0.2	0	0	0	0	0	0	0	0	0	0	0	0.251
0.895	0.939	0	3.704	0	1.868	0.939	0	4.602	0	0.973	0.939	0	1.867	0	1	0	0	0.9	0	1	0	0	0.8	0	0	0	0	1	0	0	0	0	0	0	0	0.25	0	0	0	0.059	0.115
0.95	0	20.991	0	8.96	2.785	0.929	25.376	0.936	4.747	2.785	2.862	11.021	2.825	9.981	0.333	0.667	0.447	0.667	0.47	0.333	0	0.42	0	0.6	0.333	0.667	0.4	0.667	0.311	0.111	0.4	0	0.25	1	0	0	0	0.75	0	0.419	0.312
0	0	0	0	4.123	0	0	0	0	1.984	0	0	0	0	5.192	0	0	0	0	0.9	0	0	0	0	1	0	0	0	0	0.7	0.4	1	0	0.667	0.2	0.8	1	0	1	0	0	0.763
0	0	0	0	0	0	0	0	0	0	0	0	0	0	0	0	0	0	0	0	0	0	0	0	0	0	0	0	0	0	0.5	0.4	0	0.2	0.4	0.75	0.8	0.4	0.2	1	0	0.783
38.571	0	0	1.855	26.098	36.58	0	0	1.855	24.892	9.214	0	0	0.938	7.598	0.336	0	0	1	0.504	0.347	0	0	1	0.45	0.194	0	0	0	0.524	0	1	0.667	0.8	0.333	0.6	1	1	1	0.667	0	0.215
0	0	0	0	0	0	0	0	0	0	0	0	0	0	0	0	0	0	0	0	0	0	0	0	0	0	0	0	0	0	0.5	0	1	0.4	1	0.375	0.667	0.889	0	0.556	0	0.767
0	0	0	0	0	0	0	0	0	0	0	0	0	0	0	0	0	0	0	0	0	0	0	0	0	0	0	0	0	0	0	0	0	0	0	0	0	0	0	0	0	0.397
0	0	0	0	4.627	0	0	0	0	3.65	0	0	0	0	0.977	0	0	0	0	1	0	0	0	0	1	0	0	0	0	0	0	0.5	0.667	0	0.2	0	0	0.667	0	0	0	0.750
0	0	0	0	0	0	0	0	0	0	0	0	0	0	0	0	0	0	0	0	0	0	0	0	0	0	0	0	0	0	0	0	0	0	0	0	0	0	0.2	0	0	0.998
0	0	0	-1	0	0	0	0	-1	0	0	0	0	-1	0	0	0	0	-1	0	0	0	0	-1	0	0	0	0	-1	0	0	0	0	-1	0	0	0	0	-1	0	0.299	0.998
0	0	0.961	0	0	0	0	0.961	0	0.905	0	0	0.961	0	0.905	0	0	0	0	0	0	0	0	0	0	0	0	0	0	0	0	0	0	0.2	0	0	0.25	0	0.4	0	0	0.733
0	0	0	0	0.923	0	0	0	0	1.834	0	0	0	0	0.911	0	0	0	0	0	0	0	0	0	0	0	0	0	0	0	0.857	1	0	0.4	0	1	1	0	0.2	0	0.015	0.968
0	0	0	0	27.955	0	0	0	0	29.048	0	0	0	0	5.303	0	0	0	0	0.452	0	0	0	0	0.402	0	0	0	0	0.7	0	0.222	0.25	0	0	0	0	0	0	0.2	0.715	0.733
0	0	0	0	0	0	0	0	0	0	0	0	0	0	0	0	0	0	0	0	0	0	0	0	0	0	0	0	0	0	0	0	0	0	0	0	0	0	0	0	0	0.487
0	4.547	0	2.779	0	0	5.636	0	2.865	0	0	2.917	0	2.877	0	0	0.467	0	0.5	0	0	0.4	0	0.333	0	0	0.333	0	0.667	0	0.75	0	0.714	0	0	1	0	1	0	0.667	0	0.791
1.876	0.956	10.901	0	0	1.876	4.051	13.819	0	0	0.977	3.095	8.836	0	0	1	0.5	0.3	0	0	1	0.333	0.308	0	0	0	0.667	0.111	0	0	0	0	0	0	0	0	0	0	0.667	0	0	0.507
15.013	0	0	0	0	12.775	0	0	0	0	5.109	0	0	0	0	0.829	0	0	0	0	0.782	0	0	0	0	0.8	0	0	0	0	0	0.778	0.4	0.2	0.8	0	0.111	0	0.2	1	0	0.336
0	0	0	0	0	0	0	0	0	0	0	0	0	0	0	0	0	0	0	0	0	0	0	0	0	0	0	0	0	0	0	0	0	0	0	0	0.333	0	0	0	0	0.209
15.457	15.866	0	0.983	0	16.421	11.608	0	0	0	7.525	12.784	0	0.983	0.906	0.516	0.538	0	0	0	0.581	0.727	0	0	0	0.107	0.333	0	0	0	0.143	0	0.2	0	0.444	0.429	0	0	0.667	0.889	0.119	0.341
3.9	0	0	14.434	0	8.308	2.026	0	18.159	0	5.395	2.026	0	4.626	0	0.5	0	0	0.569	0	0.429	0	0	0.556	0	0.4	0	0	0.5	0	0.6	0	0	0.25	0	1	0	0	0	0.333	0.298	0.356
0	0	0	1.021	0	0	0	0	0	0	0	0	0	1.021	0	0	0	0	0	0	0	0	0	0	0	0	0	0	0	0	0.714	0.2	0	0.333	0.4	0.857	0.2	0	0.333	0.2	0	0.537
0	0	0	0	0	0	0	0	0	0	0	0	0	0	0	0	0	0	0	0	0	0	0	0	0	0	0	0	0	0	0.429	0	0.111	0.667	0.75	0	0	0	0.333	1	0.299	0.611
0	0	0	0	0	0	0.929	0.929	0.89	0	0	0.929	0.929	0.89	0	0	0	0	0	0	0	0	0	0	0	0	0	0	0	0	0	0	0	0	0.2	0	0	0	0	0	0.558	0.308
0	0	13.971	8.768	0	0	0	13.615	9.739	0	0	0	9.228	3.958	0	0	0	0.658	0.867	0	0	0	0.648	0.822	0	0	0	0.417	0.667	0	0.143	0	0	0	0	0	0	0.2	0	0	0.418	0.231
0	1.856	0	2.706	4.678	2.025	7.519	7.248	7.03	13.085	2.025	6.621	6.247	5.215	11.096	1	0.429	0.524	0.381	0.282	1	0.429	0.524	0.381	0.282	1	0.2	0.4	0.2	0.255	1	0	0.2	0	0	1	0	0	0	0	0	0.730
0	2.745	0.896	0	0	0.891	5.818	6.916	2.868	2.913	0.891	5.818	5.065	2.868	2.913	0	0.067	0.19	0	0.333	0	0.067	0.19	0	0.333	0	0	0.1	0	0.333	0.333	1	0	0.2	0.333	0.333	1	0.5	0	0.667	0	0.436
0.961	0	0	0	0	0.961	0	0.905	0	0	0.961	0	0.905	0	0	0	0	0	0	0	0	0	0	0	0	0	0	0	0	0	0	0	0	0	0.6	0	0	0	0.25	0.4	0	0.511
0	0	0	0	0	0	0	0	0	0	0	0	0	0	0	0	0	0	0	0	0	0	0	0	0	0	0	0	0	0	0	0	0	0	0	0	0	0	0	0	0	0.984
0	0	0	0	0	0	0	0	0	0.903	0	0	0	0	0.903	0	0	0	0	0	0	0	0	0	0	0	0	0	0	0	0.2	0.75	0.2	0.111	0	0	1	0	0	0	0	0.696
0	0	0	0	0	0	0	0	0	0	0	0	0	0	0	0	0	0	0	0	0	0	0	0	0	0	0	0	0	0	0	0	0	0	0	0	0	0	0	0	0.898	0.674
0	0	0	0.986	0	0	0	0	0.986	0	0	0	0	0.986	0	0	0	0	0	0	0	0	0	0	0	0	0	0	0	0	0	0	0	0	0	0	0	0	0.333	0	0.198	0.304
0	0	2.745	1.808	0	2.868	1.032	5.818	4.775	0.891	2.868	1.032	5.818	3.876	0.891	0	0	0.067	0.2	0	0	0	0.067	0.2	0	0	0	0	0	0	0.2	0	1	0	0.333	0	0	1	0	0.333	0	0.307
0	0	8.905	15.457	4.698	0	0	8.905	16.421	4.698	0.906	0	4.252	7.525	0	0	0	0.782	0.516	0.9	0	0	0.611	0.581	0.9	0	0	0.667	0.107	0	0.444	0.2	0	0.143	0	0.889	0	0	0.429	0	0	0.655
0	0	0	0	0	0	0	0	0	0	0	0	0	0	0	0	0	0	0	0	0	0	0	0	0	0	0	0	0	0	0	0.2	0.5	0.4	0.2	0	0	0	0	0	0.417	0.264
2.802	0	0.895	0	0	3.753	0	0	0	0	2.807	0	0.895	0	0	1	0	0	0	0	0.833	0	0	0	0	1	0	0	0	0	0	0	0.5	0	0	0.111	0	0	0	0	0.298	0.206
0	0	0	8.253	4.289	0	0	0	10.41	5.538	0	0	0	5.51	3.587	0	0	0	0.578	0.6	0	0	0	0.556	0.6	0	0	0	0.2	0.333	0	0	0	0.286	0	0	0	0	0.286	0	0	0.591
0	0	0	0	0	0	0	0	0	0	0	0	0	0	0	0	0	0	0	0	0	0	0	0	0	0	0	0	0	0	0	0	0	0	0	0.111	0	1	0	0	0.298	0.619
0	0.95	26.29	0	13.661	0	0.95	26.484	0	17.121	0	0.95	7.812	0	5.598	0	0	0.43	0	0.471	0	0	0.39	0	0.463	0	0	0.476	0	0.4	0.8	0	0	0	0.857	0.8	0.333	0	0	0.429	0.298	0.667
0	0	0	0	0.973	0	0	0	0.903	1.876	0	0	0	0.903	1.876	0	0	0	0	0	0	0	0	0	0	0	0	0	0	0	0.4	0.2	0	0	0	0	0.2	0	0	0	0	0.546
1.856	2.706	0	1.938	0	7.519	7.03	2.025	5.211	7.248	6.621	5.215	2.025	1.181	6.247	0.429	0.381	1	0.7	0.524	0.429	0.381	1	0.7	0.524	0.2	0.2	1	0	0.4	0	0	1	0	0.2	0	0	1	0	0	0	0.390
0	0	4.627	0	3.649	0	0	3.65	0	4.556	0	0	0.977	0	0.907	0	0	1	0	0.9	0	0	1	0	0.9	0	0	0	0	0	0.667	0	0.2	0.5	0	0.667	0	0	0	0	0	0.708
0.906	39.475	1.973	0	0	0.906	43.219	2.898	0	0.895	0.906	9.653	1.991	0	0.895	0	0.299	1	0	0	0	0.269	1	0	0	0	0.111	0	0	0	0.333	0.4	0.125	0	0	0.333	0	0	0	0	0.117	0.474
0	0	0	0	0	0	0	0	0	0	0	0	0	0	0	0	0	0	0	0	0	0	0	0	0	0	0	0	0	0	0	0	0.2	0	0.667	0.4	0	0.4	0	1	0	0.468
83.602	18.412	0	12.478	0	75.398	17.748	0	11.633	0.936	36.504	10.252	0	9.427	2.825	0.125	0.494	0	0.483	0.667	0.126	0.464	0	0.424	0	0.137	0.289	0	0.417	0.667	0.286	0	0.5	0.125	0.25	0.571	0	1	0	0.75	0.418	0.211
0	1.868	1.052	25.721	0	0	3.709	1.052	28.934	0	0	1.841	0	7.912	0	0	0.833	0	0.505	0	0	0.833	0	0.48	0	0	1	0	0.143	0	0	1	0.2	0	0	0.5	1	0.2	0	0	0	0.677
0	0	0	0	0	0	0	0	0	0	0	0	0	0	0	0	0	0	0	0	0	0	0	0	0	0	0	0	0	0	0.6	0.8	0	0.4	0.2	0.2	1	0	0	0.2	0	0.729
3.649	4.627	0.896	0	0	4.556	3.65	0.896	0	0	0.907	0.977	0	0	0	0.9	1	0	0	0	0.9	1	0	0	0	0	0	0	0	0	0	0.2	0	0.667	0	0	0	0	0.667	0	0.2	0.177
4.668	3.752	0	0	0	6.525	0.899	0	0	0.965	4.736	4.822	1.012	0	1.902	0.286	0.467	0	0	0	0.238	0	0	0	0	0.2	0.3	0	0	0	0	0	0	1	0.25	0	0	0	0	0	0.42	0.251
1.988	8.96	0	20.991	2.963	5.722	4.747	0	25.376	5.888	5.722	9.981	0	11.021	5.888	0.333	0.47	0	0.447	0.533	0.267	0.6	0	0.42	0.333	0.333	0.311	0	0.4	0.533	0	1	0	0	0	0	0	0	0	0	0	0.406
0	0	0	0.896	0	5.612	4.484	4.283	4.114	5.593	4.525	4.216	4.384	4.114	4.677	0.4	0.5	0.4	0.667	0.6	0.4	0.333	0.167	0.667	0.6	0.5	0.5	0.5	0.667	0.667	0	0	0	0	0	0	0	0	0	0	0.417	0.198
0	0	47.817	0	0	0	0	46.789	0	0	0	0	4.032	0	0	0	0	0.284	0	0	0	0	0.259	0	0	0	0	0.167	0	0	0	0	0	0	0	0.2	0	0	0	0	0.117	0.680
0	0	0	0	0	0	0	0	0	4.398	0	0	0	0	0	0	0	0	0	0.5	0	0	0	0	0.333	0	0	0	0	0	0	0	0	0	0	0	0	0	0	0	0.717	0.388
0	0	0	0	0	0	0	0	0	0	0	0	0	0	0	0	0	0	0	0	0	0	0	0	0	0	0	0	0	0	0	0	0	0	0	0	0.2	0	0	0	0.296	0.998
0	0	0	0	0	0	0	0	0	0	0	0	0	0	0	0	0	0	0	0	0	0	0	0	0	0	0	0	0	0	0	0	0	0	0	0	0	0.667	0	0	0	0.524
0	0	15.013	0	0	0	0	12.775	0	0	0	0	5.109	0	0	0	0	0.829	0	0	0	0	0.782	0	0	0	0	0.8	0	0	0.778	0.2	0	1	0.4	0.111	0.2	0	0	0	0	0.780
0	0	0	0	1.848	0	0.965	0.987	0	2.847	0	1.902	1.924	1.012	0.999	0	0	0	0	0.667	0	0	0	0	0.333	0	0	0	0	0	0.111	0.25	0	0	0.2	0.222	0	0	0	0.2	0	0.551
0	0	0	0	0	0	0	0	0	0	0	0	0	0	0	0	0	0	0	0	0	0	0	0	0	0	0	0	0	0	0	0	0	0	0	0	0	0	0	0.2	0.415	0.998
0	14.434	3.9	0	0	2.026	18.159	8.308	3.056	0	2.026	4.626	5.395	3.056	0	0	0.569	0.5	0.333	0	0	0.556	0.429	0.333	0	0	0.5	0.4	0.333	0	0	0.25	0.6	0	0	0	0	1	0	0	0.718	0.273
4.057	18.731	0	0	0	1.92	19.8	0.893	0	0	3.095	10.28	0.893	0	0	0.7	0.595	0	0	0	1	0.532	0	0	0	0.667	0.422	0	0	0	0.25	0	0.75	0.2	1	0.5	0	1	0.6	0	0	0.492
9.501	1.969	0.917	0	2.735	11.401	1.969	0.917	0.964	3.671	2.886	1.057	0	0.964	0.936	0.561	1	0	0	1	0.545	1	0	0	1	0	0	0	0	0	0	0	0	0.8	0	0	0	0	0	0	0.197	0.232
26.524	0	16.695	0	0	29.803	0	14.575	0.908	0	9.321	0	11.381	0.908	0.891	0.446	0	0.548	0	0	0.421	0	0.562	0	0	0.361	0	0.364	0	0	0	0	0	0	0.6	0	0	0	0.4	0.2	0.299	0.202
0	0	0	0	0	0	0	0	0	0	0	0	0	0	0	0	0	0	0	0	0	0	0	0	0	0	0	0	0	0	0.667	0	1	0.2	0.4	1	0	1	0	0.8	0	0.843
0	0.895	0	0.939	0	0	1.868	0	0.939	0	0	0.973	0	0.939	0	0	1	0	0	0	0	1	0	0	0	0	0	0	0	0	0	0	0	0	0	0	0	0	0.25	0	0.718	0.195
0	0	0	0	1.936	0	0	0	0	1.936	0	0	0	0	0	0	0	0	0	1	0	0	0	0	1	0	0	0	0	0	0	0.25	0	0	0	0	0.5	0	0	0	0.197	0.421
0	0	3.704	8.658	0.939	0	0.911	4.602	9.502	0.939	0	0.911	1.867	3.885	0.939	0	0	0.9	0.491	0	0	0	0.8	0.444	0	0	0	1	0.167	0	0	0	0	0	0	0	0	0	0	0.25	0.296	0.098
0	0	0	0	0	0	0	0	0	0	0	0	0	0	0	0	0	0	0	0	0	0	0	0	0	0	0	0	0	0	0.333	0	0	0	0	0	0	0	0.667	0.4	0.297	0.187
8.658	0.923	0	0	0	9.502	1.834	0.911	0	0	3.885	0.911	0.911	0	0	0.491	0	0	0	0	0.444	0	0	0	0	0.167	0	0	0	0	0	0	0	0	0	0	0	0	0	0	0	0.173
0	0	1.855	0	0	0	0	1.855	0	0	0	0	0.938	0	0	0	0	1	0	0	0	0	1	0	0	0	0	0	0	0	0.5	0	0.8	0.25	1	1	0	1	0	1	0	0.919
3.805	0	0	0	0	3.805	0	0	0	0	0.959	0	0	0	0	1	0	0	0	0	1	0	0	0	0	0	0	0	0	0	0	0	0	0	0	0	0	0	0	0	0.119	0.234
0	0	0	3.744	0	0	0	0	1.9	0	0	0	0	2.826	0	0	0	0	1	0	0	0	0	1	0	0	0	0	1	0	0.4	0.2	0.5	0	0	0.8	0.2	0.75	0	0.4	0	0.602
0	5.096	0	0.929	0	0.896	6.1	0	4.859	0	0.896	9.265	0	4.859	0	0	0.622	0	0.6	0	0	0.533	0	0.6	0	0	0.556	0	0.6	0	0	0	0	0	0	0	0	0	0	0	0.3	0.366
0	0	0	0	0	0	0	0	0	0	0	0	0	0	0	0	0	0	0	0	0	0	0	0	0	0	0	0	0	0	0.222	0	0	0	0.25	0	0	0	0	0	0.197	0.440
0	0	0	30.908	0	0	0.942	0	32.874	0	0	0.942	0	6.909	0	0	0	0	0.39	0	0	0	0	0.358	0	0	0	0	0.143	0	0	0.2	0	0.2	0	0	0	0	0	0	0.894	0.804
0	0	0	0	0	0	0	0	0	0	0	0	0	0	0	0	0	0	0	0	0	0	0	0	0	0	0	0	0	0	0	0	0	0	0	0	0	0	0	0	0	0.996
0	0	0.896	0	0	3.132	5.593	6.154	4.283	0	3.132	4.677	6.154	4.384	0	0.333	0.6	0.4	0.4	0	0	0.6	0.333	0.167	0	0.333	0.667	0.4	0.5	0	0	0	0	0	0	0	0	0	0	0	0.299	0.397
0	0	0	0	0	0	0	0	0	0	0	0	0	0	0	0	0	0	0	0	0	0	0	0	0	0	0	0	0	0	0.111	0.429	0.75	0	0.2	0	0	1	0	0	0.556	0.285
0	4.715	15.276	36.51	0	6.042	12.142	22.166	40.119	4.914	6.042	9.408	10.978	17.016	4.914	0.467	0.394	0.481	0.299	0.6	0.4	0.379	0.429	0.275	0.5	0.467	0.444	0.533	0.217	0.6	0	0	0	0	0	0	0	0	0	0	0.417	0.351
0	0	0	0	0	0	0	0	0	0	0	0	0	0	0	0	0	0	0	0	0	0	0	0	0	0	0	0	0	0	0.2	0.333	0.4	0.8	0	0	0	0	1	0.667	0	0.518
0	0	0	0	0	0.922	0	0	0	0	0.922	0	0	0	0	0	0	0	0	0	0	0	0	0	0	0	0	0	0	0	0	0	0	0	0	0	0	0	0	0	0.893	0.167
0.973	0	0	0	0	1.876	0	0	0	0	1.876	0	0	0	0	0	0	0	0	0	0	0	0	0	0	0	0	0	0	0	0	0	1	0.4	0.2	0	0	0	0	0.2	0.298	0.420
0	0	0	4.547	0.956	0	0	0	5.636	4.051	0	0	0	2.917	3.095	0	0	0	0.467	0.5	0	0	0	0.4	0.333	0	0	0	0.333	0.667	0.714	0.75	0	0	0	1	1	0.667	0	0	0	0.825
0	0	0	0	0	0	0	0	0	0	0	0	0	0	0	0	0	0	0	0	0	0	0	0	0	0	0	0	0	0	0	0	0	0	0	0	0	0	0	0	0.197	0.500
1.836	0.912	21.728	0	12.741	1.836	1.863	19.522	0	10.573	1.836	0.951	9.917	0	5.081	1	1	0.565	0	0.835	0	1	0.511	0	0.873	1	0	0.244	0	0.6	0	0	0.222	0	0	0	0	0	0	0	0.558	0.238
0	0	0	5.096	30.475	0	0.896	0	6.1	34.901	0	0.896	0	9.265	14.818	0	0	0	0.622	0.388	0	0	0	0.533	0.35	0	0	0	0.556	0.308	0	0	0	0	0	0	0	0	0	0	0.558	0.247
2.792	0.892	0	3.943	47.804	3.696	1.84	0	4.921	42.08	3.82	1.84	0	4.052	15.815	0.8	1	0	0.762	0.253	0.667	1	0	0.7	0.242	0.667	0	0	0.667	0.21	0	0	0.4	0	0	0	0	0.2	0	0	0	0.389
3.943	0	0.892	0	2.792	4.921	0	1.84	0	3.696	4.052	0	1.84	0	3.82	0.762	0	1	0	0.8	0.7	0	1	0	0.667	0.667	0	0	0	0.667	0	0	0	0	0	0	0.333	0	0	0	0.299	0.206
0	0	0	9.846	0	0	0	0	6.685	0	0	0	0	6.126	0	0	0	0	0.745	0	0	0	0	0.762	0	0	0	0	0.467	0	0	0.2	0	0	0	0	1	0	0.4	0	0	0.297
0	0	1.936	0	0	0	0	1.936	0	0	0	0	0	0	0	0	0	1	0	0	0	0	1	0	0	0	0	0	0	0	0	0	0	0.25	0	0	0	0	0.5	0	0.414	0.249
47.817	0	0	0	0	46.789	0	0	0	0	4.032	0	0	0	0	0.284	0	0	0	0	0.259	0	0	0	0	0.167	0	0	0	0	0	0	0	0	0	0	0.2	0	0	0	0.299	0.250
0	1.967	8.768	0	0	0	3.816	9.739	0	0	0	2.842	3.958	0	0	0	1	0.867	0	0	0	0.833	0.822	0	0	0	1	0.667	0	0	0	0	0	0	0	0	0	0	0	0	0.3	0.318
0	0	0	0	0	0	0	0	0	0	0	0	0	0	0	0	0	0	0	0	0	0	0	0	0	0	0	0	0	0	0.25	0.25	0.25	1	1	0	0	0	1	1	0	0.593
0	0	0	0	0	0	0	0	0	0	0	0	0	0	0	0	0	0	0	0	0	0	0	0	0	0	0	0	0	0	0	0	0	0	0	0	0	0	0	0	0.12	0.225
0	1.808	0	0	2.745	1.032	4.775	2.868	0.987	5.818	1.032	3.876	2.868	0.987	5.818	0	0.2	0	0	0.067	0	0.2	0	0	0.067	0	0	0	0	0	0	0	0.2	0	1	0	0	0	0.667	1	0	0.516
8.253	0.893	0	0	0	10.41	0.893	0	0	0	5.51	0	0	0	0	0.578	0	0	0	0	0.556	0	0	0	0	0.2	0	0	0	0	0.286	0.778	0	0	0	0.286	0.444	0	0	0	0.299	0.366
0	30.475	0	0	26.524	0.908	34.901	0	0	29.803	0.908	14.818	0	0	9.321	0	0.388	0	0	0.446	0	0.35	0	0	0.421	0	0.308	0	0	0.361	0	0	0	0	0	0.4	0	0	0	0	0.298	0.475
0	0	0	0.896	0	0	0	0.922	6.154	0	0	0	0.922	6.154	0	0	0	0	0.4	0	0	0	0	0.333	0	0	0	0	0.4	0	0	0	0	0	0	0	0	0	0	0	0.896	0.616
0	0	0	0	0	0	0	0	0	0	0	0	0	0	0	0	0	0	0	0	0	0	0	0	0	0	0	0	0	0	0	0	0	0	0	0	0	0	0	0	0.896	0.674
0	0	0	0	0	0	0	0	0	0	0	0	0	0	0	0	0	0	0	0	0	0	0	0	0	0	0	0	0	0	0	0	0	0	0	0	0	0	1	0	0.415	0.982
0	0	0	0	0	0	0	0	0	0	0	0	0	0	0	0	0	0	0	0	0	0	0	0	0	0	0	0	0	0	0.4	0	1	0.714	0.857	0.2	0	1	0.857	1	0	0.529
16.695	26.524	0	0	0.949	14.575	29.803	0	0	2.82	11.381	9.321	0.891	0	1.871	0.548	0.446	0	0	1	0.562	0.421	0	0	1	0.364	0.361	0	0	1	0	0	0.6	0	0	0	0	0.2	0	0.2	0	0.331
0	0	0	0	0	0	0	0	0	0	0	0	0	0	0	0	0	0	0	0	0	0	0	0	0	0	0	0	0	0	0	0	0	0	0	0	0	0	0	0.333	0.554	0.245
0	2.853	0	0	0	0	2.853	0	0	0	0	2.853	0	0	0	0	0.667	0	0	0	0	0.667	0	0	0	0	0.667	0	0	0	0.25	0.4	0	0	0	0	0.2	0	0	0	0	0.686
0	0	0	0	0	0	0.903	0	0	0	0	0.903	0	0	0	0	0	0	0	0	0	0	0	0	0	0	0	0	0	0	0.2	0	0.4	0.2	0	0.2	0	0	0	0	0	0.715
2.706	1.938	1.856	0	0	7.03	5.211	7.519	0	2.025	5.215	1.181	6.621	0	2.025	0.381	0.7	0.429	0	1	0.381	0.7	0.429	0	1	0.2	0	0.2	0	1	0	0	0	0	1	0	0	0	0	1	0	0.493
0.912	0	1.836	0	21.728	1.863	0	1.836	0	19.522	0.951	0	1.836	0	9.917	1	0	1	0	0.565	1	0	0	0	0.511	0	0	1	0	0.244	0	0	0	0	0.222	0	0	0	0	0	0.715	0.133
0	0	0	0	0.986	0	0	0	0	0.986	0	0	0	0	0.986	0	0	0	0	0	0	0	0	0	0	0	0	0	0	0	0	0.5	0.4	0.4	0	0.4	0.75	1	0.8	0.333	0	0.555
0	2.963	2.853	0	1.953	0	5.888	1.948	0	1.902	0	5.888	5.915	0	2.956	0	0.533	0.6	0	1	0	0.333	0	0	1	0	0.533	0.467	0	0.667	0	0	0	0	0	0.667	0	0	0	0.4	0.56	0.731
4.123	0	0	0	18.731	1.984	0	0	0	19.8	5.192	0	0	0	10.28	0.9	0	0	0	0.595	1	0	0	0	0.532	0.7	0	0	0	0.422	0.2	0	0.2	0.4	0	0	0	0.6	0.8	0	0	0.256
0	18.297	0	3.76	0	0	14.029	0	3.76	0	0	8.199	0	1.928	0	0	0.643	0	1	0	0	0.56	0	0.833	0	0	0.357	0	0	0	0	0	0.25	0	0	0	0	0	0	0	0	0.453
0	15.013	0	0	0	0	12.775	0	0	0	0	5.109	0	0	0	0	0.829	0	0	0	0	0.782	0	0	0	0	0.8	0	0	0	0.4	0	0.8	0.778	0.6	0	0	1	0.111	0.2	0	0.778
0.932	0	0	0	0	0.932	0	0	0	0	0	0	0	0	0	0	0	0	0	0	0	0	0	0	0	0	0	0	0	0	0	1	0	0	0.25	0	0.8	0	0	0	0	0.626
0	0	0	0	0	0	0	0	0	0	0	0	0	0	0	0	0	0	0	0	0	0	0	0	0	0	0	0	0	0	0	0	0	0	0	0	0	0.333	0	0	0.417	0.358
14.434	0	0	3.949	3.9	18.159	3.056	2.026	9.316	8.308	4.626	3.056	2.026	6.317	5.395	0.569	0.333	0	0.417	0.5	0.556	0.333	0	0.222	0.429	0.5	0.333	0	0.2	0.4	0.25	0	0	0	0.6	0	0	0	0	1	0.718	0.301
0	0	0	0	0	0	0	0	0	0	0	0	0	0	0	0	0	0	0	0	0	0	0	0	0	0	0	0	0	0	0	0	0.2	0	0	0	0	0	0	0	0	0.116
0	0	0	83.602	0.95	0.936	0	0.929	75.398	2.785	2.825	0	2.862	36.504	2.785	0.667	0	0.667	0.125	0.333	0	0	0	0.126	0.333	0.667	0	0.667	0.137	0.333	0.25	0.5	0.4	0.286	0.111	0.75	1	0	0.571	0	0.196	0.542
0	0	7.562	1.936	0	0	0	8.552	1.936	0	0	0	2.908	0	0	0	0	0.806	1	0	0	0	0.806	1	0	0	0	0.333	0	0	0	0	0	0	0	0	0	0	0	0	0.414	0.253
0	0	0	0	0	0	0	0	0	0	0	0	0	0	0	0	0	0	0	0	0	0	0	0	0	0	0	0	0	0	0	0	0	0	0	0	0	0	0	0	0.294	0.917
0.917	9.501	2.735	1.969	0	0.917	11.401	3.671	1.969	0	0	2.886	0.936	1.057	0	0	0.561	1	1	0	0	0.545	1	1	0	0	0	0	0	0	0	0	0	0	0	0	0	0	0	0	0.296	0.257
0	0	0	0	0	0	0	0	0	0	0	0	0	0	0	0	0	0	0	0	0	0	0	0	0	0	0	0	0	0	0.2	0.4	0	0	0.5	0	0	0	0	0	0	0.497
5.696	13.661	12.478	26.29	18.412	9.144	17.121	11.633	26.484	17.748	4.466	5.598	9.427	7.812	10.252	0.861	0.471	0.483	0.43	0.494	0.722	0.463	0.424	0.39	0.464	0.833	0.4	0.417	0.476	0.289	0	0.857	0.125	0	0	0	0.429	0	0	0	0.715	0.162
0	0	0	0	0	0	0	0	0	0	0	0	0	0	0	0	0	0	0	0	0	0	0	0	0	0	0	0	0	0	0.667	0.2	0.333	0.667	1	1	0.2	1	0.889	1	0	0.927
0	0	3.805	0	0	0	0	3.805	0	0	0	0	0.959	0	0	0	0	1	0	0	0	0	1	0	0	0	0	0	0	0	0	0	0	0.2	0	0	0	0	0	0	0.557	0.224
0	3.805	0	0	0	0	3.805	0	0	0	0	0.959	0	0	0	0	1	0	0	0	0	1	0	0	0	0	0	0	0	0	0	0	0	0	0	0	0	0	0	0	0	0.258
0	1.052	0	0	0	0	1.052	0	0	0	0	0	0	0	0	0	0	0	0	0	0	0	0	0	0	0	0	0	0	0	0	0.2	1	0	0	0	0.2	1	0.5	0	0	0.556
0	0	0	0	0	0	0	0	0	0	0	0	0	0	0	0	0	0	0	0	0	0	0	0	0	0	0	0	0	0	0	0	0	0	0	0	0	0	0	0	0	0.949
0	2.946	0	7.192	0	0	3.966	0	7.192	0	0	1.02	0	0	0	0	1	0	0.952	0	0	1	0	0.905	0	0	0	0	0	0	0.875	0.778	1	0.5	0	0	0.333	0	0.5	0	0	0.780
20.991	0.95	8.96	0	1.988	25.376	2.785	4.747	0.929	5.722	11.021	2.785	9.981	2.862	5.722	0.447	0.333	0.47	0.667	0.333	0.42	0.333	0.6	0	0.267	0.4	0.333	0.311	0.667	0.333	0	0.111	1	0.4	0	0	0	0	0	0	0.298	0.235
0	0	0	0	0	0	0	0	0	0	0	0	0	0	0	0	0	0	0	0	0	0	0	0	0	0	0	0	0	0	0	0.5	0.8	0.4	0.333	0	1	1	0.2	0	0	0.765
0	10.901	0	1.876	2.842	0	13.819	0.964	1.876	4.861	0	8.836	0.964	0.977	4.861	0	0.3	0	1	0.3	0	0.308	0	1	0.3	0	0.111	0	0	0.3	0	0	0	0	0	0	0	0	0	0	0.419	0.236
0	0	0.896	0	0	4.398	0	4.114	0	4.484	0	0	4.114	0	4.216	0.5	0	0.667	0	0.5	0.333	0	0.667	0	0.333	0	0	0.667	0	0.5	0	0	0	0	0	0	0	0	0	0	0.298	0.338
2.853	0	0	0	0	2.853	0	0	0	0	2.853	0	0	0	0	0.667	0	0	0	0	0.667	0	0	0	0	0.667	0	0	0	0	0.4	0	0.25	0	0	0.2	0	0	0	0	0.198	0.228
0	0	0.95	0	0	0	0	0.95	0	0	0	0	0.95	0	0	0	0	0	0	0	0	0	0	0	0	0	0	0	0	0	0	1	0	0	0.8	0	1	0.333	0	0.8	0	0.554
0	0	0	10.989	0	0	0	0	10.989	0	0	0	0	1.096	0	0	0	0	0.909	0	0	0	0	0.8	0	0	0	0	0	0	0	0	0.25	0	0	0	0	0.5	0	0	0.197	0.480
0	0.895	0	0.899	0	0	5.157	0	3.859	0	0	4.202	0	2.96	0	0	0.4	0	0.167	0	0	0.4	0	0.167	0	0	0.167	0	0.333	0	0	0	0	0	0	0	0	0	0	0	0.893	0.595
1.844	0	3.76	0	18.297	2.806	0	3.76	0	14.029	1.88	0	1.928	0	8.199	1	0	1	0	0.643	0.333	0	0.833	0	0.56	1	0	0	0	0.357	0	0	0	0	0	0	0	0	0	0	0.059	0.119
0	0.986	0	0	0	0	0.986	0	0	0	0	0.986	0	0	0	0	0	0	0	0	0	0	0	0	0	0	0	0	0	0	0	0	0	0.4	0	0	0.333	0	1	0	0	0.364
0	0	0	0	0	0	0	0	0	0	0	0	0	0	0	0	0	0	0	0	0	0	0	0	0	0	0	0	0	0	0	0	0	0	0	0	0	0	0.333	0	0.292	0.334
3.076	0	5.707	4.698	5.856	4.004	0	8.518	4.698	7.17	1.834	0	3.784	0	1.315	0.5	0	0.778	0.9	0.905	0.667	0	0.75	0.9	0.857	0	0	0.167	0	0	0	0	0.143	0	0	0.4	0	0.429	0	0	0	0.448
0	0	0	0	0	0	0	0	0	0	0	0	0	0	0	0	0	0	0	0	0	0	0	0	0	0	0	0	0	0	0	0	0.333	0	0	0	0.667	0	0	0	0.418	0.202
0	0	3.943	1.887	0.892	0	0	4.921	4.702	1.84	0	0	4.052	4.702	1.84	0	0	0.762	0.8	1	0	0	0.7	0.4	1	0	0	0.667	0.6	0	0	0	0	0	0	0.333	0	0	0	0	0.117	0.527
0	30.908	0	2.759	0	0.942	32.874	0	3.702	0	0.942	6.909	0	2.784	0	0	0.39	0	0.167	0	0	0.358	0	0.167	0	0	0.143	0	0.333	0	0.2	0.2	0	0	0	0	0	0	0	0	0.419	0.161
0	0	0.899	0	0.895	3.055	3.322	3.859	2.913	5.157	3.055	3.322	2.96	2.913	4.202	0.667	0.667	0.167	0.333	0.4	0.667	0.667	0.167	0.333	0.4	0.333	0.333	0.333	0.333	0.167	0	0	0	0.333	0	0	0	0	0.667	0	0	0.361
0.895	0.899	0	0	0	5.157	3.859	0	3.055	0	4.202	2.96	0	3.055	0	0.4	0.167	0	0.667	0	0.4	0.167	0	0.667	0	0.167	0.333	0	0.333	0	0	0	0	0	0	0	0	0	0	0	0.414	0.244
0	0	0	0	0	0	0	0	0	0	0	0	0	0	0	0	0	0	0	0	0	0	0	0	0	0	0	0	0	0	0	0	0	0	0	0	0	0.2	0	0	0	0.998
0	47.817	0	0	0.897	0	46.789	0	0	0.897	0	4.032	0	0	0	0	0.284	0	0	0	0	0.259	0	0	0	0	0.167	0	0	0	0	0	0	0	0	0	0	0	0.2	0	0.557	0.230
0	-1	0	-1	0	0	-1	0	-1	0	0	-1	0	-1	0	0	-1	0	-1	0	0	-1	0	-1	0	0	-1	0	-1	0	0	-1	0	-1	0	0	-1	0	-1	0	0.899	0.998
0	0	0	0	0	0	0	0	0	0	0	0	0	0	0	0	0	0	0	0	0	0	0	0	0	0	0	0	0	0	0	0	0	0	0	0	0	0	0	0	0	0.438
4.698	8.905	0	0	3.076	4.698	8.905	0	0	4.004	0	4.252	0	0.906	1.834	0.9	0.782	0	0	0.5	0.9	0.611	0	0	0.667	0	0.667	0	0	0	0	0	0	0.444	0	0	0	0	0.889	0.4	0.294	0.257
0	38.571	26.098	0	9.846	0	36.58	24.892	0	6.685	0	9.214	7.598	0	6.126	0	0.336	0.504	0	0.745	0	0.347	0.45	0	0.762	0	0.194	0.524	0	0.467	0.667	0	0.333	1	0	1	0.6	0.667	1	0.4	0	0.974
0.929	0	5.096	15.276	0	4.859	4.914	6.1	22.166	0.896	4.859	4.914	9.265	10.978	0.896	0.6	0.6	0.622	0.481	0	0.6	0.5	0.533	0.429	0	0.6	0.6	0.556	0.533	0	0	0	0	0	0	0	0	0	0	0	0.559	0.171
0	1.855	38.571	0	0	0	1.855	36.58	0	0	0	0.938	9.214	0	0	0	1	0.336	0	0	0	1	0.347	0	0	0	0	0.194	0	0	1	0.8	0	0.5	0.667	1	1	0.6	1	1	0	0.978
0	0	0	0	0	0	0	0	0	0	0	0	0	0	0	0	0	0	0	0	0	0	0	0	0	0	0	0	0	0	0	0	0	0	0	0	0	0	0	0	0.897	0.553
0	0	0	0	0	0	0	0	0	0	0	0	0	0	0	0	0	0	0	0	0	0	0	0	0	0	0	0	0	0	0	0	0	0	0.2	0	0	0	0	0	0.897	0.258
0	0	0	0	0	0	0	0	0	0	0	0	0	0	0	0	0	0	0	0	0	0	0	0	0	0	0	0	0	0	0	0	0	0	0	0	0	0	0	0	0.56	0.135
0	0	0.912	0	1.836	0	0	1.863	0	1.836	0	0	0.951	0	1.836	0	0	1	0	1	0	0	1	0	0	0	0	0	0	1	0	0	0	0	0	0	0	0	0	0	0.717	0.321
0	0	0	0	0	0	0	0	0	0	0	0	0	0	0	0	0	0	0	0	0	0	0	0	0	0	0	0	0	0	0.4	0.2	0	0.333	0.5	0	0	0.667	0	0.375	0	0.838
0	0	0	0	0	0	0	0	0	0	0	0	0	0	0	0	0	0	0	0	0	0	0	0	0	0	0	0	0	0	0.2	0.667	0.667	0.2	0.333	0.2	0.889	1	0.6	1	0	0.685
0	0	27.955	0	0	0	0	29.048	0	0	0	0	5.303	0	0	0	0	0.452	0	0	0	0	0.402	0	0	0	0	0.7	0	0	0.25	0	0	0.222	0.2	0	0	0.2	0	0	0	0.702
0	0	0	3.805	0	0	0	0	3.805	0	0	0	0	0.959	0	0	0	0	1	0	0	0	0	1	0	0	0	0	0	0	0	0	0	0	0	0	0	0	0	0	0.556	0.136
0.892	3.943	2.792	0	0	1.84	4.921	3.696	0	0	1.84	4.052	3.82	0	0	1	0.762	0.8	0	0	1	0.7	0.667	0	0	0	0.667	0.667	0	0	0	0	0	0	0.4	0	0	0	0.333	0.2	0.294	0.305
0	0	0	0	0	0	0	0	0	0	0	0	0	0	0	0	0	0	0	0	0	0	0	0	0	0	0	0	0	0	0.2	0.667	0.667	0.2	0.2	0.6	1	0.889	0.4	0.2	0	0.824
0	0.932	0	0	0	0	0.932	0	0	0	0	0	0	0	0	0	0	0	0	0	0	0	0	0	0	0	0	0	0	0	0	0	0.25	1	0.4	0	0	0	0.8	0.4	0	0.340
0	0	0	0	3.805	0	0	0	0	3.805	0	0	0	0	0.959	0	0	0	0	1	0	0	0	0	1	0	0	0	0	0	0	0.2	0	0	0	0	0	0	0	0	0	0.614
0	0	0	0	0	0	0	0	0	0	0	0	0	0	0	0	0	0	0	0	0	0	0	0	0	0	0	0	0	0	0	0	0	0	0	0	0	0	0	0	0.296	0.217
39.475	0	0.906	0	1.973	43.219	0	0.906	0	2.898	9.653	0	0.906	0	1.991	0.299	0	0	0	1	0.269	0	0	0	1	0.111	0	0	0	0	0.4	0	0.333	0	0.125	0	0	0.333	0	0	0.42	0.319
0	0	0	0	0	0	0	0	0	0	0	0	0	0	0	0	0	0	0	0	0	0	0	0	0	0	0	0	0	0	0.2	0.5	0	0	0	0	0	0	0	0	0	0.814
0	0	0	13.971	0	0	0	0	13.615	0	0	0	0	9.228	0	0	0	0	0.658	0	0	0	0	0.648	0	0	0	0	0.417	0	0	0	0	0	0.2	0	0	0	0.2	0	0.42	0.179
0	3.949	14.434	0.975	0	3.056	9.316	18.159	3.94	2.026	3.056	6.317	4.626	2.966	2.026	0.333	0.417	0.569	0.667	0	0.333	0.222	0.556	0.667	0	0.333	0.2	0.5	0.667	0	0	0	0.25	0.111	0	0	0	0	0	0	0.116	0.417
0	0	3.752	4.057	4.668	0	0.893	0.899	1.92	6.525	0	0.893	4.822	3.095	4.736	0	0	0.467	0.7	0.286	0	0	0	1	0.238	0	0	0.3	0.667	0.2	1	0.75	0	0.25	0	0	1	0	0.5	0	0	0.687
0	0	0.923	0	8.658	0	0	1.834	0	9.502	0	0	0.911	0	3.885	0	0	0	0	0.491	0	0	0	0	0.444	0	0	0	0	0.167	0	0.857	0	1	0	0	1	0	1	0	0	0.856
0	4.668	0	3.752	0	0	6.525	0.965	0.899	0	1.012	4.736	1.902	4.822	0	0	0.286	0	0.467	0	0	0.238	0	0	0	0	0.2	0	0.3	0	0	0	0.25	0	0.111	0	0	0	0	0.222	0.119	0.366
0	0	0	0	0	0	0	0	0	0	0	0	0	0	0	0	0	0	0	0	0	0	0	0	0	0	0	0	0	0	0.8	0	0.333	0.5	0.2	1	0	0	1	0	0	0.956
0	0	0	0	0	0	0	0	0	0	0	0	0	0	0	0	0	0	0	0	0	0	0	0	0	0	0	0	0	0	0	0	0	0	0	1	0.111	0	0	0	0	0.778
0	0	0	0	0	0	0	0	0	0	0	0	0	0	0	0	0	0	0	0	0	0	0	0	0	0	0	0	0	0	0	0	0	0	0	0	0	0	0	0	0	0.956
0	0	0.973	0	0	0	0	1.876	0	0	0	0	1.876	0	0	0	0	0	0	0	0	0	0	0	0	0	0	0	0	0	0	0.4	0	0.2	1	0	0	0	0.2	0	0.715	0.344
1.052	0	0	1.868	0	1.052	0	0	3.709	0	0	0	0	1.841	0	0	0	0	0.833	0	0	0	0	0.833	0	0	0	0	1	0	0.2	0	0	1	1	0.2	0.5	0	1	1	0	0.435
0	0	0	0	0.896	5.593	4.283	3.132	5.612	6.154	4.677	4.384	3.132	4.525	6.154	0.6	0.4	0.333	0.4	0.4	0.6	0.167	0	0.4	0.333	0.667	0.5	0.333	0.5	0.4	0	0	0	0	0	0	0	0	0	0	0.558	0.189
26.29	0	13.661	0.95	5.696	26.484	0	17.121	0.95	9.144	7.812	0	5.598	0.95	4.466	0.43	0	0.471	0	0.861	0.39	0	0.463	0	0.722	0.476	0	0.4	0	0.833	0	0.8	0.857	0	0	0	0.8	0.429	0.333	0	0.197	0.410
0	11.839	0	0	0	0	9.011	0	0	0	0	5.922	0	0	0	0	0.833	0	0	0	0	0.972	0	0	0	0	0.533	0	0	0	0.4	1	0.5	0.2	0	0.2	0	1	0	0	0	0.598
0	0	0	0	0	0	0	0	0	0	0	0	0	0	0	0	0	0	0	0	0	0	0	0	0	0	0	0	0	0	0.25	1	0.25	0.333	0.25	0	1	0	1	0	0	0.746
0	0	0	0	0	0	0	0	0	0	0	0	0	0	0	0	0	0	0	0	0	0	0	0	0	0	0	0	0	0	1	0.667	0.4	0	0	1	1	0.8	0	0	0	0.973
0	0	0	0	0	0	0	0	0	0	0	0	0	0	0	0	0	0	0	0	0	0	0	0	0	0	0	0	0	0	0	0	0	0	0	0	1	0	0.111	0	0.119	0.752
2.946	7.192	0	6.141	0	3.966	7.192	0	7.161	0	1.02	0	0	1.02	0	1	0.952	0	0.857	0	1	0.905	0	0.81	0	0	0	0	0	0	0.778	0.5	0.875	0.6	1	0.333	0.5	0	0.2	0	0	0.611
0	0	0	0	0	0	0	0	0	0	0	0	0	0	0	0	0	0	0	0	0	0	0	0	0	0	0	0	0	0	0	0	0	0	0	0	0	0	0	0	0.296	0.927
0	0	0	0.895	0	0	0	0	1.868	0	0	0	0	0.973	0	0	0	0	1	0	0	0	0	1	0	0	0	0	0	0	0	0	0	0	0	0	0	0	0	0	0.556	0.113
