0	0	0	0.897	8.45	0	0	0	0	8.45	0	0	0	0.897	1	0	0	0	0	0.778	0	0	0	0	0.778	0	0	0	0	0	1	0.2	0.667	0.6	0	1	0	0.333	0	0	0	0.994
0	0	0	0	0	0	0	0	0	0	0	0	0	0	0	0	0	0	0	0	0	0	0	0	0	0	0	0	0	0	0	0.2	0	0.875	0.667	0	0	0	0.5	1	0.294	0.400
0	0	0	0	0	0	0	0	0	0	0	0	0	0	0	0	0	0	0	0	0	0	0	0	0	0	0	0	0	0	0	0	0.333	0	0	0.2	0	0	0	0	0.196	0.348
0.899	0	0.954	0	0	0.899	0	1.842	0	0	0	0	0.888	0	0	0	0	1	0	0	0	0	1	0	0	0	0	0	0	0	0	0	0.2	0	0	0	0	0	0	0	0.196	0.171
0	5.65	6.594	0.895	0.889	0	7.598	7.532	0.895	0.889	0	1.948	0.938	0	0	0	0.786	0.714	0	0	0	0.786	0.714	0	0	0	0	0	0	0	0	0	0	0.25	0	0	0	0	0	0.333	0.56	0.188
0	0	0	0	0	0	0	0	0	0	0	0	0	0	0	0	0	0	0	0	0	0	0	0	0	0	0	0	0	0	0.25	0	0.4	0.625	0.556	0	0	0.2	0.625	0.556	0	0.872
0	0	0	8.45	0	0	0	0	8.45	0	0	0	0	1	0	0	0	0	0.778	0	0	0	0	0.778	0	0	0	0	0	0	0.2	1	0.8	0	0	0.4	1	0.8	0	0.4	0.298	0.393
0	0	0	0	12.301	0	0	0	0	12.301	0	0	0	0	0	0	0	0	0	0.641	0	0	0	0	0.641	0	0	0	0	0	0	0.2	0.111	0.4	0	0	0.4	0	1	0	0.118	0.825
0	0	0	1.97	0	0	0	0	1.97	0	0	0	0	0	0	0	0	0	1	0	0	0	0	1	0	0	0	0	0	0	0	0	0	0	0	0	0	0	0	0	0.299	0.134
0.909	0	0	0	0	0	0	0	0	0	0.909	0	0	0	0	0	0	0	0	0	0	0	0	0	0	0	0	0	0	0	0	0	0	0	0	0	0	0	0	0	0.415	0.232
0	0	0	0	2.806	0	0	0	0	3.801	0	0	0	0	2.837	0	0	0	0	1	0	0	0	0	1	0	0	0	0	1	0	0.4	0.2	0	0.25	0	0	0	0	0	0.558	0.381
1.97	0	0	0	0	1.97	0	0	0	0	0	0	0	0	0	1	0	0	0	0	1	0	0	0	0	0	0	0	0	0	0	0	0	0	0	0	0	0	0	0	0.292	0.118
0	0	14.035	4.234	0.895	0	0	13.11	4.234	0.895	0	0	7.533	4.507	0.895	0	0	0.705	1	0	0	0	0.795	1	0	0	0	0.714	1	0	0.556	0	0	0.6	0	0.444	0	0.2	0.2	0	0	0.708
0	0	0.909	0	0	0	0	0	0	0	0	0	0.909	0	0	0	0	0	0	0	0	0	0	0	0	0	0	0	0	0	0	0	0	0	0	0	0	0	0	0	0.896	0.134
0	1.801	0	0.912	0	0	1.801	0	0.912	0	0	0	0	0	0	0	1	0	0	0	0	1	0	0	0	0	0	0	0	0	0	0.2	0	0.667	0.2	0	0	0	0	0	0.558	0.292
0.933	10.518	0	1.808	9.479	0.933	10.518	0	1.808	9.479	0	0.978	0	0	0	0	0.818	0	1	0.944	0	0.818	0	1	0.944	0	0	0	0	0	0	0.125	0	0	0	0	0	0	0	0	0.19	0.287
0	0	0	0	0	0	0	0	0	0	0	0	0	0	0	0	0	0	0	0	0	0	0	0	0	0	0	0	0	0	0	1	0	0	0	0	1	0	0	0	0	0.741
0.899	0	0	0	0	3.949	0	2.863	0	0	3.05	0	2.863	0	0	0.667	0	0.667	0	0	0.667	0	0.667	0	0	0.333	0	0.333	0	0	0.8	0.25	0.667	0.571	0.25	0	0	0	0.429	0	0	0.588
1.896	0	0	3.974	0	1.896	0	0	3.974	0	0.997	0	0	0	0	0	0	0	1	0	0	0	0	1	0	0	0	0	0	0	0	0.8	0.5	1	0.75	0	0.2	1	1	1	0	0.458
0	0	0	0	0	0.942	0	0	0	0	0.942	0	0	0	0	0	0	0	0	0	0	0	0	0	0	0	0	0	0	0	0	0	0	0	0	0	0	0.5	0	0	0.556	0.198
0	12.673	0	0	5.921	0	12.673	0	0	6.931	0	0.978	0	0	1.01	0	0.756	0	0	0.762	0	0.756	0	0	0.762	0	0	0	0	0	0	0.25	0	0	0	0	0	0	0	0	0.556	0.395
0	7.505	0.96	0	0	0	9.346	3.694	0	0	0	3.715	2.734	0	0	0	0.6	0.833	0	0	0	0.6	0.833	0	0	0	0.5	1	0	0	0	0	0	0	0	0	0	0	0	0	0.419	0.196
0	0	0	0	0	0	0	0	0	0	0	0	0	0	0	0	0	0	0	0	0	0	0	0	0	0	0	0	0	0	0	1	0.875	0.4	0.2	0.2	0.75	0.5	0.2	0	0	0.664
0	0	0	0	0	0	0	0	0	0	0	0	0	0	0	0	0	0	0	0	0	0	0	0	0	0	0	0	0	0	0.2	0.6	0	0.889	0	0	0.4	0	0.333	0	0.298	0.659
0	0	0	0	0	0	0	0	0	0	0	0	0	0	0	0	0	0	0	0	0	0	0	0	0	0	0	0	0	0	0.4	0.667	0.4	0.2	0.2	0.6	1	1	0.2	0.4	0	0.736
0.997	0	0	0	9.74	0.997	0	0	0	9.74	0.997	0	0	0	0	0	0	0	0	0.956	0	0	0	0	0.956	0	0	0	0	0	0.2	0	0	0.4	0	0	0	0	0	0	0	0.474
0	0	0	0	0	0	0	0	0	0	0	0	0	0	0	0	0	0	0	0	0	0	0	0	0	0	0	0	0	0	0	0	0	0	0	0	0	0.25	0	0	0.419	0.726
0.919	0	1.844	0	11.867	0.919	0	2.812	0	12.765	0.919	0	2.812	0	1.86	0	0	1	0	0.769	0	0	1	0	0.769	0	0	0.333	0	0	0	0	0.333	0.4	0	0	0	0.667	0.4	0	0.3	0.377
12.065	0.931	0	9.479	12.673	11.16	0.931	0	9.479	12.673	1.825	0	0	0	0.978	0.667	0	0	0.944	0.756	0.727	0	0	0.944	0.756	0	0	0	0	0	0	0.5	0	0	0.25	0	0.5	0	0	0	0.117	0.244
3.894	4.803	0	6.052	29.783	8.897	7.326	0	7.908	34.969	5.978	3.446	0	7.975	18.351	0.611	0.905	0	0.622	0.412	0.528	0.857	0	0.643	0.398	0.467	0.667	0	0.357	0.324	0	0.111	0.333	0	0	0	0	0.667	0	0.667	0.3	0.214
18.072	0	1.828	0	1.861	21.252	0	6.445	2.876	3.817	10.962	0	6.445	2.876	1.956	0.403	0	0.476	0.667	0.833	0.476	0	0.476	0.333	0.833	0.178	0	0.286	0.667	1	0	0	0	0	0	0	0	0	0	0	0	0.159
5.589	0.919	1.873	0	0.916	4.69	0	1.873	0	0.916	2.775	0.919	0.949	0	0	0.867	0	1	0	0	0.8	0	1	0	0	0.333	0	0	0	0	0	0.2	0	0	0	0	0	0	0	0	0	0.405
5.928	0	0	2.761	0	5.928	0	0	2.761	0	0	0	0	0.921	0	0.933	0	0	0.333	0	0.933	0	0	0.333	0	0	0	0	0	0	0	0	0.2	0	0	0	0	0	0	0	0.059	0.291
0	0	0	0	2.997	0	0	0	0	2.997	0	0	0	0	2.078	0	0	0	0	0.667	0	0	0	0	0.667	0	0	0	0	0	0	0.667	0.8	0.6	0	0	0.667	1	0.8	0	0	0.765
0	0	0	9.74	0	0	0	0	9.74	0	0	0	0	0	0	0	0	0	0.956	0	0	0	0	0.956	0	0	0	0	0	0	0.2	0.8	0	0	0	0.2	0	0	0	0	0.298	0.472
0	7.512	0	16.94	0.912	0	7.512	0	18.951	0.912	0	0	0	1.902	0	0	0.929	0	0.749	0	0	0.929	0	0.749	0	0	0	0	0	0	0.25	0	0.75	0	0.667	0	0	0	0	0	0	0.776
5.65	0.895	0	5.921	6.594	7.598	0.895	0	6.931	7.532	1.948	0	0	1.01	0.938	0.786	0	0	0.762	0.714	0.786	0	0	0.762	0.714	0	0	0	0	0	0	0.25	0	0	0	0	0	0	0	0	0.714	0.228
7.045	13.233	0	0	38.716	9.061	14.809	0	0	42.866	1.994	11.55	0	0	7.078	0.889	0.641	0	0	0.277	0.889	0.725	0	0	0.27	0	0.382	0	0	0.238	0	0	0	0.4	0	0	0	0	0.8	0	0	0.485
0	12.065	12.673	0.931	0	0	11.16	12.673	0.931	0	0	1.825	0.978	0	0	0	0.667	0.756	0	0	0	0.727	0.756	0	0	0	0	0	0	0	0	0	0.25	0.5	0	0	0	0	0.5	0	0	0.423
0	11.499	13.233	89.044	7.045	0	12.642	14.809	94.948	9.061	0	12.843	11.55	21.788	1.994	0	0.758	0.641	0.123	0.889	0	0.818	0.725	0.12	0.889	0	0.53	0.382	0.268	0	0.4	0.25	0	0	0	0.8	0.25	0	0	0	0.117	0.669
0	0	9.722	0	0.954	0	0	9.722	0	0.954	0	0	3.018	0	0.954	0	0	0.933	0	0	0	0	0.933	0	0	0	0	0.667	0	0	0.333	0	0	0	0	0	0	0	0	0	0.119	0.451
0	2.806	0	0	42.838	0	3.801	0	0	44.867	0	2.837	0	0	4.271	0	1	0	0	0.354	0	1	0	0	0.348	0	1	0	0	0.667	0	0.25	0	0.2	0.429	0	0	0	0	0.286	0.419	0.219
0	1.886	0	10.692	0	2.73	3.745	2.876	11.749	0	2.73	2.928	2.876	7.765	0	0.667	0.5	0.667	0.333	0	0.333	0.5	0.333	0.379	0	0.667	0	0.667	0.214	0	0	0	0	0	0	0	0	0	0	0	0.415	0.228
2.712	4.038	0	1.828	2.72	5.577	1.981	0	4.63	3.715	3.775	2.945	0	2.802	1.883	0.6	0.8	0	0.8	0.7	0.6	1	0	0.8	0.833	0.5	0.333	0	1	0	0.333	0.2	0	0	0	0	0	0	0	0	0.117	0.118
0.911	0	0	0	0	0.911	0	0	0	0	0	0	0	0	0	0	0	0	0	0	0	0	0	0	0	0	0	0	0	0	0.5	0.111	0	0	0	0	0	0	0	0	0.119	0.307
0	0	0.919	0	1.844	0	0	0.919	0	2.812	0	0	0.919	0	2.812	0	0	0	0	1	0	0	0	0	1	0	0	0	0	0.333	0	0.4	0	0	0.333	0	0.4	0	0	0.667	0.557	0.285
0	0	0	0	0	0	0	0	0	0	0	0	0	0	0	0	0	0	0	0	0	0	0	0	0	0	0	0	0	0	1	1	0.4	0	0.5	1	1	0	0	0.25	0.018	0.998
0	0	0	8.649	0.906	0	0	0	8.649	0.906	0	0	0	2.92	0	0	0	0	0.694	0	0	0	0	0.694	0	0	0	0	0	0	0	0	0	0.8	0.2	0	0	0	0.2	0	0	0.348
35.759	0	6.703	5.679	11.292	39.905	0	6.703	9.925	12.281	1.067	0	0	0	0.989	0.41	0	0.905	0.933	0.731	0.401	0	0.905	0.933	0.731	0	0	0	0	0	0.333	0	0	0	0	0	0	0	0	0	0.717	0.295
0.898	0	0	0.889	0	0.898	0	0	0.889	0	0	0	0	0	0	0	0	0	0	0	0	0	0	0	0	0	0	0	0	0	0	0.333	0.5	0	0	0	0.667	0	0.333	0	0.3	0.239
0	0	0	0	0.897	0	0	0	0	0	0	0	0	0	0.897	0	0	0	0	0	0	0	0	0	0	0	0	0	0	0	0.2	0.111	0	0.286	0.778	0.4	0	0.4	0.857	0.778	0	0.690
8.236	0.89	0	0	0	9.179	0.89	0	0	0	1.833	0	0	0	0	0.578	0	0	0	0	0.578	0	0	0	0	0	0	0	0	0	0	0.125	0	0.4	0	0	0	0	0.6	0	0.299	0.257
41.051	71.114	11.626	68.429	0	44.754	76.081	16.05	74.732	0	13.542	16.437	5.308	20.318	0	0.329	0.154	0.75	0.167	0	0.321	0.15	0.75	0.163	0	0.53	0.352	0.7	0.331	0	0	0	0	0	0	0	0	0	0	0	0.118	0.273
0.889	0	0	0.916	0.905	0.889	0	0	0.916	1.797	0	0	0	0	0.892	0	0	0	0	0	0	0	0	0	0	0	0	0	0	0	0	0	0	0	0	0	0	0	0	0	0	0.586
0	0	0	0	0	0	0	0	0	0	0	0	0	0	0	0	0	0	0	0	0	0	0	0	0	0	0	0	0	0	0.333	0	0	0	0	0.444	0	0.667	0.667	0.286	0.197	0.630
0	0	0	0	7.505	0	0	0	0	9.346	0	0	0	0	3.715	0	0	0	0	0.6	0	0	0	0	0.6	0	0	0	0	0.5	0	0	0	0	0	0	0	0	0	0	0.713	0.221
3.727	0	5.639	6.663	0.89	4.643	0	6.564	8.503	0.89	2.784	0	2.782	5.641	0	1	0	0.81	0.722	0	1	0	0.762	0.722	0	1	0	0.333	0.333	0	0	0	0	0	0	0	0	0	0	0	0.558	0.144
0	0.96	1.828	0	4.038	0	3.694	4.63	0	1.981	0	2.734	2.802	0	2.945	0	0.833	0.8	0	0.8	0	0.833	0.8	0	1	0	1	1	0	0.333	0	0	0	0	0.2	0	0	0	0	0	0.558	0.254
0	0	0	0	0	0	0	0	0	0	0	0	0	0	0	0	0	0	0	0	0	0	0	0	0	0	0	0	0	0	0.2	0	0	0	0	0	0	0	0	0	0	0.816
0.929	0	0.913	0	10.563	1.83	0	0.913	0	12.351	0.901	0	0	0	2.71	1	0	0	0	0.487	1	0	0	0	0.487	0	0	0	0	0	0	0	0	0	0	0	0	0	0	0	0.116	0.270
0	0	0	0	1.816	0	0	0	0	1.816	0	0	0	0	0	0	0	0	0	1	0	0	0	0	1	0	0	0	0	0	0	0	0	0	0	0	0	0	0	0	0.556	0.194
0	0	0	0	0	0	0	0	0	0	0	0	0	0	0	0	0	0	0	0	0	0	0	0	0	0	0	0	0	0	0	0.333	0	0	0	0.2	0.333	0	0	0	0	0.485
4.803	6.052	3.894	1.861	0	7.326	7.908	8.897	3.817	0	3.446	7.975	5.978	1.956	0	0.905	0.622	0.611	0.833	0	0.857	0.643	0.528	0.833	0	0.667	0.357	0.467	1	0	0.111	0	0	0	0.333	0	0	0	0	0.667	0.72	0.314
0	0	0	1.896	0	0	0	0	1.896	0	0	0	0	0.997	0	0	0	0	0	0	0	0	0	0	0	0	0	0	0	0	0.75	0.5	0.5	0	0.8	1	1	0.5	0	0.4	0	0.980
0	0	0	0	0	0	0	0	0	0	0	0	0	0	0	0	0	0	0	0	0	0	0	0	0	0	0	0	0	0	0	0	0.667	0.2	0.333	0	0	1	0	0.667	0.893	0.698
71.114	68.429	41.051	18.481	11.626	76.081	74.732	44.754	22.697	16.05	16.437	20.318	13.542	8.408	5.308	0.154	0.167	0.329	0.506	0.75	0.15	0.163	0.321	0.502	0.75	0.352	0.331	0.53	0.643	0.7	0	0	0	0.143	0	0	0	0	0	0	0.558	0.176
0	11.741	3.689	0	6.581	0	13.812	4.71	0	7.631	0	5.285	1.02	0	2.091	0	0.582	1	0	0.929	0	0.582	1	0	0.929	0	0.4	0	0	1	0	0	0	0	0.2	0	0	0	0	0	0.419	0.208
0	0	4.946	2.825	39.981	0.936	0	6.039	2.825	41.549	0.936	0	5.135	0	15.831	0	0	0.952	1	0.37	0	0	0.933	1	0.376	0	0	0.8	0	0.551	0	0	0.4	0	0.25	0	0	0.4	0	0	0.197	0.102
1.828	18.072	1.861	0	6.052	6.445	21.252	3.817	0	7.908	6.445	10.962	1.956	0	7.975	0.476	0.403	0.833	0	0.622	0.476	0.476	0.833	0	0.643	0.286	0.178	1	0	0.357	0	0	0	0	0	0	0	0	0	0	0.292	0.219
5.639	3.727	0.89	0	2.884	6.564	4.643	0.89	0	2.884	2.782	2.784	0	0	0.957	0.81	1	0	0	1	0.762	1	0	0	1	0.333	1	0	0	0	0	0	0	0	0	0	0	0	0	0	0.3	0.251
0	1.896	0	0	0	0	1.896	0	0	0	0	0.997	0	0	0	0	0	0	0	0	0	0	0	0	0	0	0	0	0	0	0.5	0	0.75	0.8	0.5	1	0	1	0.2	0.5	0	0.941
0	0	0	0	0	0	0	0	0	0	0	0	0	0	0	0	0	0	0	0	0	0	0	0	0	0	0	0	0	0	0	0	1	0	0.889	0.8	0	1	0	0.333	0.196	0.727
2.806	0	0	0	0	3.801	0	0	0	0	2.837	0	0	0	0	1	0	0	0	0	1	0	0	0	0	1	0	0	0	0	0.25	0.2	0	0	0	0	0	0	0	0	0.299	0.259
0	0.899	0	0	0	2.863	3.949	0	0	0	2.863	3.05	0	0	0	0.667	0.667	0	0	0	0.667	0.667	0	0	0	0.333	0.333	0	0	0	0.667	0.8	0.25	0.25	0.4	0	0	0	0	0	0	0.603
0	1.102	1.816	0	23.966	0	1.102	1.816	0	26.073	0	1.102	0	0	5.162	0	0	1	0	0.532	0	0	1	0	0.526	0	0	0	0	0.1	0.2	0.2	0.333	1	0	0	0.4	0	1	0	0	0.593
6.663	0	0	0	3.727	8.503	0	0	0	4.643	5.641	0	0	0	2.784	0.722	0	0	0	1	0.722	0	0	0	1	0.333	0	0	0	1	0	0	0	0	0	0	0.286	0	0.667	0	0.556	0.139
0.895	0.996	10.376	38.716	0	1.795	0.996	11.548	42.866	0	0.9	0	4.891	7.078	0	1	0	0.576	0.277	0	1	0	0.576	0.27	0	0	0	0.4	0.238	0	0	0	0	0	0	0	0	0	0	0	0.417	0.124
0.906	16.465	0	0	0	2.813	18.434	0	0	0	1.907	5.86	0	0	0	0.667	0.462	0	0	0	0.667	0.462	0	0	0	0	0.2	0	0	0	0.143	0.4	0	0.4	0.143	0	0	0	0	0	0.299	0.580
2.72	0	0	2.712	0	3.715	0	0	5.577	0	1.883	0	0	3.775	0	0.7	0	0	0.6	0	0.833	0	0	0.6	0	0	0	0	0.5	0	0	0	0	0.333	0	0	0	0	0	0	0.198	0.179
0	7.576	0	0	0	0	8.49	0.915	0	0	0	3.842	0.915	0	0	0	0.361	0	0	0	0	0.361	0	0	0	0	0	0	0	0	0.667	0.143	0.333	1	0.2	0.667	0.286	0	1	0.2	0	0.988
0	11.292	0	6.703	16.94	0	12.281	0	6.703	18.951	0	0.989	0	0	1.902	0	0.731	0	0.905	0.749	0	0.731	0	0.905	0.749	0	0	0	0	0	0	0	0.6	0	0	0	0	0	0	0	0.713	0.384
0	6.581	0	3.689	0	0	7.631	0	4.71	0	0	2.091	0	1.02	0	0	0.929	0	1	0	0	0.929	0	1	0	0	1	0	0	0	0	0.2	0	0	0	0	0	0	0	0	0.717	0.206
11.867	1.844	0	0.919	0	12.765	2.812	0	0.919	0	1.86	2.812	0	0.919	0	0.769	1	0	0	0	0.769	1	0	0	0	0	0.333	0	0	0	0	0.333	0	0	0	0	0.667	0	0	0	0.718	0.258
0	0	0	10.376	0	0	0	0	11.548	0	0	0	0	4.891	0	0	0	0	0.576	0	0	0	0	0.576	0	0	0	0	0.4	0	0	0	0	0	0.333	0.667	0	0	0	0.444	0	0.629
0	0	2.997	0	0	0	0	2.997	0	0	0	0	2.078	0	0	0	0	0.667	0	0	0	0	0.667	0	0	0	0	0	0	0	0.8	0	0	0.667	1	1	0	0	0.667	1	0	0.983
5.545	0	0	0	0	4.639	0	0	0	0	0.905	0	0	0	0	0.867	0	0	0	0	0.9	0	0	0	0	0	0	0	0	0	0	0	0.2	0	0.333	0	0	0.2	0	0.333	0	0.537
0	0	0	0	0	0	0	0	0.915	0	0	0	0	0.915	0	0	0	0	0	0	0	0	0	0	0	0	0	0	0	0	0	0.2	0.286	0.333	0.111	0	0.2	0.857	0	0	0	0.381
0	0	0	0	0	0	0	0	0	0	0	0	0	0	0	0	0	0	0	0	0	0	0	0	0	0	0	0	0	0	0	0.4	0.4	0	0	0	0	0.8	0	0	0	0.664
0	12.602	0	0	0	0	15.639	0	0	0	0	6.106	0	0	0	0	0.45	0	0	0	0	0.45	0	0	0	0	0.2	0	0	0	0	0	0.571	0	0.25	0	0	0.429	0	0	0.417	0.483
0	0	0	26.937	12.602	0	0	0	28.905	15.639	0	0	0	2.928	6.106	0	0	0	0.446	0.45	0	0	0	0.446	0.45	0	0	0	0	0.2	0.2	0	0	0.25	0	0.2	0	0	0.5	0	0.059	0.561
0	2.761	5.928	0	0	0	2.761	5.928	0	0	0	0.921	0	0	0	0	0.333	0.933	0	0	0	0.333	0.933	0	0	0	0	0	0	0	0	0	0	0	0.2	0	0	0	0	0	0.418	0.246
4.946	0	39.981	0	15.397	6.039	0.936	41.549	0	19.514	5.135	0.936	15.831	0	11.776	0.952	0	0.37	0	0.596	0.933	0	0.376	0	0.579	0.8	0	0.551	0	0.473	0.4	0	0.25	0	0	0.4	0	0	0	0	0.298	0.508
0	0	10.692	0	1.886	0.898	0.943	11.749	0	3.745	0.898	0.943	7.765	0	2.928	0	0	0.333	0	0.5	0	0	0.379	0	0.5	0	0	0.214	0	0	0	0	0	0	0	0	0	0	0	0	0.554	0.203
14.712	28.715	0	23.966	5.679	18.126	30.956	0	26.073	9.925	4.278	4.983	0	5.162	0	0.621	0.445	0	0.532	0.933	0.614	0.445	0	0.526	0.933	0	0.1	0	0.1	0	0	0	0	0	0	0	0	0	0	0	0.195	0.187
0	0	0	0	0.911	0	0	0	0	0.911	0	0	0	0	0	0	0	0	0	0	0	0	0	0	0	0	0	0	0	0	0	0	0.111	0	0.5	0	0	0	0.25	0	0.055	0.527
0	0	0	0	0	0	0	0	0	0	0	0	0	0	0	0	0	0	0	0	0	0	0	0	0	0	0	0	0	0	0.6	0.889	0.2	1	0	0.4	0.333	0	1	0	0.717	0.794
0	42.838	0	0	13.868	0	44.867	0	0	14.903	0	4.271	0	0	3.054	0	0.354	0	0	0.657	0	0.348	0	0	0.657	0	0.667	0	0	1	0	0.429	0	0	0	0	0.286	0	0	0	0	0.324
0	0	0	0	0	0	0	0	0	0	0	0	0	0	0	0	0	0	0	0	0	0	0	0	0	0	0	0	0	0	0	0	0	0.286	1	0	0	0	0	1	0.418	0.564
0	5.719	0	0	0	0	6.662	0	0	0	0	5.761	0	0	0	0	0.857	0	0	0	0	0.857	0	0	0	0	0.8	0	0	0	0	0	0	0	0	0	0	0.143	0	0	0	0.654
0	0	0	0	0	0	0	0	0	0	0	0	0	0	0	0	0	0	0	0	0	0	0	0	0	0	0	0	0	0	0	0.2	0	0.8	0	0	0.2	0	0	0	0.119	0.722
13.868	0	0	0	2.761	14.903	0	0	0	2.761	3.054	0	0	0	0.921	0.657	0	0	0	0.333	0.657	0	0	0	0.333	1	0	0	0	0	0	0	0	0	0	0	0	0	0	0	0.42	0.266
0	0	0.899	0	0	0	0	3.949	0	2.863	0	0	3.05	0	2.863	0	0	0.667	0	0.667	0	0	0.667	0	0.667	0	0	0.333	0	0.333	0.25	0.571	0.8	0	0.667	0	0.429	0	0	0	0	0.808
0	0	0	0	0	0	0	0	0	0	0	0	0	0	0	0	0	0	0	0	0	0	0	0	0	0	0	0	0	0	0.4	0	0	0	0.4	0	0	0	0	0.8	0	0.701
0	0	8.45	0	0	0	0	8.45	0	0	0	0	1	0	0	0	0	0.778	0	0	0	0	0.778	0	0	0	0	0	0	0	0.667	1	0	0.2	1	0.333	1	0	0	1	0	0.658
0	0.909	0	0	0	0	0	0	0	0	0	0.909	0	0	0	0	0	0	0	0	0	0	0	0	0	0	0	0	0	0	0	0	0	0	0	0	0	0	0	0	0.055	0.277
0	6.663	3.727	0	5.639	0	8.503	4.643	0	6.564	0	5.641	2.784	0	2.782	0	0.722	1	0	0.81	0	0.722	1	0	0.762	0	0.333	1	0	0.333	0	0	0	0	0	0	0	0	0.286	0	0.118	0.258
0	0	1.816	0	2.825	0	0	1.816	0	2.825	0	0	0	0	0	0	0	1	0	1	0	0	1	0	1	0	0	0	0	0	0	0	0	0	0	0	0	0	0	0	0.119	0.379
6.594	0	0.889	5.65	0	7.532	0	0.889	7.598	0	0.938	0	0	1.948	0	0.714	0	0	0.786	0	0.714	0	0	0.786	0	0	0	0	0	0	0	0	0	0	0.333	0	0	0.333	0	0.667	0.554	0.108
0	0	0.912	7.512	1.801	0	0	0.912	7.512	1.801	0	0	0	0	0	0	0	0	0.929	1	0	0	0	0.929	1	0	0	0	0	0	0.75	0.25	0.667	0	0.2	0	0	0	0	0	0.415	0.521
0	8.45	0	0	0	0	8.45	0	0	0	0	1	0	0	0	0	0.778	0	0	0	0	0.778	0	0	0	0	0	0	0	0	1	0	0.2	0.667	0.8	1	0	0.4	0.333	0.8	0.298	0.994
0	19.614	0	0	0	0	19.614	0	0	0	0	2.936	0	0	0	0	0.661	0	0	0	0	0.661	0	0	0	0	0	0	0	0	0.667	0.444	1	1	1	1	0.111	0.75	1	0.6	0	0.965
0	29.783	5.719	0	0	0	34.969	6.662	0	0	0	18.351	5.761	0	0	0	0.412	0.857	0	0	0	0.398	0.857	0	0	0	0.324	0.8	0	0	0	0	0	0.333	0	0	0.667	0	0.667	0	0	0.417
0	0	0	0	0	0	0	0	0	0	0	0	0	0	0	0	0	0	0	0	0	0	0	0	0	0	0	0	0	0	0	0	0	0	0	0	0	0	0	0	0.897	0.362
0	5.679	35.759	0	6.703	0	9.925	39.905	0	6.703	0	0	1.067	0	0	0	0.933	0.41	0	0.905	0	0.933	0.401	0	0.905	0	0	0	0	0	0	0	0.333	0	0	0	0	0	0	0	0.717	0.231
0	0	0	6.581	0	0	0	0	7.631	0	0	0	0	2.091	0	0	0	0	0.929	0	0	0	0	0.929	0	0	0	0	1	0	0	0	0	0.2	0.4	0	0	0	0	0	0.299	0.228
15.397	39.981	89.044	4.946	11.499	19.514	41.549	94.948	6.039	12.642	11.776	15.831	21.788	5.135	12.843	0.596	0.37	0.123	0.952	0.758	0.579	0.376	0.12	0.933	0.818	0.473	0.551	0.268	0.8	0.53	0	0.25	0	0.4	0.25	0	0	0	0.4	0.25	0.417	0.323
0	0	0	0	0	0	0	0	0	0	0	0	0	0	0	0	0	0	0	0	0	0	0	0	0	0	0	0	0	0	0	0	0	0	0	0	0	0	0	0.25	0.117	0.815
0.895	14.035	8.649	0	0	0.895	13.11	8.649	0	0	0.895	7.533	2.92	0	0	0	0.705	0.694	0	0	0	0.795	0.694	0	0	0	0.714	0	0	0	0	0	0.8	0.556	0	0	0.2	0.2	0.444	0	0	0.489
13.233	0	7.045	11.499	0	14.809	0	9.061	12.642	0	11.55	0	1.994	12.843	0	0.641	0	0.889	0.758	0	0.725	0	0.889	0.818	0	0.382	0	0	0.53	0	0	0.4	0	0.25	0	0	0.8	0	0.25	0	0	0.323
0	0	2.806	0	0	0	0	3.801	0	0	0	0	2.837	0	0	0	0	1	0	0	0	0	1	0	0	0	0	1	0	0	0.2	0	0.25	0.4	0	0	0	0	0	0	0.056	0.662
0	4.616	0	0	0	0	6.981	0	0	0	0	2.365	0	0	0	0	0.905	0	0	0	0	0.905	0	0	0	0	0	0	0	0	0.286	0.429	0	0.5	0	0	0	0	0	0	0.196	0.507
0	0	0	0.907	0	0	0	0	0.907	0	0	0	0	0	0	0	0	0	0	0	0	0	0	0	0	0	0	0	0	0	0.5	0.111	0.625	0	0	1	0	0.625	0	0	0.018	0.898
0	0	0	0	4.234	0	0	0	0	4.234	0	0	0	0	4.507	0	0	0	0	1	0	0	0	0	1	0	0	0	0	1	0.4	0.25	0.556	0	0.6	0.2	0	0.556	0	0.2	0	0.859
0	0	0	0	0	0	0	0	0.942	0	0	0	0	0.942	0	0	0	0	0	0	0	0	0	0	0	0	0	0	0	0	0	0	0	0	0	0	0.5	0	0	0	0.419	0.266
0.952	2.749	0	0	0	1.845	2.749	0	0	0	0	0	0	0	0	1	0.667	0	0	0	1	0.667	0	0	0	0	0	0	0	0	0	0	0.75	0	0	0.2	0	0.75	0	0.111	0	0.442
0	2.712	2.72	4.038	0	0	5.577	3.715	1.981	0	0	3.775	1.883	2.945	0	0	0.6	0.7	0.8	0	0	0.6	0.833	1	0	0	0.5	0	0.333	0	0	0.333	0	0.2	0	0	0	0	0	0	0.558	0.202
0	0.898	0	0	0	0	0.898	0	0	0	0	0	0	0	0	0	0	0	0	0	0	0	0	0	0	0	0	0	0	0	0.5	0	0	0.333	0	0	0	0	0.667	0	0.196	0.808
0	0	0.897	0	0	0	0	0	0	0	0	0	0.897	0	0	0	0	0	0	0	0	0	0	0	0	0	0	0	0	0	0	0.2	0.778	0.111	0.333	0.4	0.4	0.778	0	0.333	0	0.615
0	0	0	0	0	0	0	0	0	0	0	0	0	0	0	0	0	0	0	0	0	0	0	0	0	0	0	0	0	0	0.625	0.5	0	0.111	0.25	0.625	1	0	0	0	0.115	0.741
0	0	0	0	0	0	0.942	0	0	0	0	0.942	0	0	0	0	0	0	0	0	0	0	0	0	0	0	0	0	0	0	0	0	0	0	0	0.5	0	0	0	0	0.057	0.895
0	8.236	0	0.89	0	0	9.179	0	0.89	0	0	1.833	0	0	0	0	0.578	0	0	0	0	0.578	0	0	0	0	0	0	0	0	0	0	0	0.125	0	0	0	0	0	0	0.717	0.133
0	0	0	19.614	0	0	0	0	19.614	0	0	0	0	2.936	0	0	0	0	0.661	0	0	0	0	0.661	0	0	0	0	0	0	1	0.667	1	0.444	0.8	0.75	1	0.6	0.111	0.4	0	0.978
0	11.848	52.362	0	18.481	1.012	16.141	59.904	0	22.697	1.012	8.513	13.733	0	8.408	0	0.692	0.254	0	0.506	0	0.683	0.25	0	0.502	0	0.821	0.545	0	0.643	0.2	0	0	0	0.143	0.2	0	0.2	0.111	0	0.556	0.518
0	0	0	0	0	0	0	0	0	0	0	0	0	0	0	0	0	0	0	0	0	0	0	0	0	0	0	0	0	0	0.333	0	0	0	0.4	0	0.2	0	0	0.4	0.119	0.876
0.895	5.921	5.65	0	0	0.895	6.931	7.598	0	0	0	1.01	1.948	0	0	0	0.762	0.786	0	0	0	0.762	0.786	0	0	0	0	0	0	0	0.25	0	0	0	0	0	0	0	0	0	0.195	0.122
0.907	0	0	2.805	0	0.907	0	0	4.671	0	0	0	0	1.866	0	0	0	0	0.8	0	0	0	0	0.8	0	0	0	0	0	0	0	0	0.111	0	0.5	0	0	0	0	1	0.718	0.196
0	0	0	0	0	0	0	0	0	0	0	0	0	0	0	0	0	0	0	0	0	0	0	0	0	0	0	0	0	0	0.4	1	0.5	1	1	0	1	0.25	1	0.667	0	0.610
0.954	0.899	0	0	0	1.842	0.899	0	0	0	0.888	0	0	0	0	1	0	0	0	0	1	0	0	0	0	0	0	0	0	0	0.2	0	0	0	0	0	0	0	0	0	0	0.407
0	0	0	12.602	0.899	0	0	0	15.639	3.949	0	0	0	6.106	3.05	0	0	0	0.45	0.667	0	0	0	0.45	0.667	0	0	0	0.2	0.333	0.571	0	0.25	0	0.8	0.429	0	0	0	0	0	0.578
11.976	0	24.878	0	0	13.037	0	26.182	0	0	3.078	0	5.197	0	0	0.833	0	0.471	0	0	0.833	0	0.471	0	0	0	0	0.2	0	0	0.2	0	0.6	0	0.5	0	0	0	0	0	0	0.324
0	0	1.97	0	0	0	0	1.97	0.892	0	0	0	0	0.892	0	0	0	1	0	0	0	0	1	0	0	0	0	0	0	0	0	0	0	0	0	0	0	0	0	0	0.415	0.171
0	0.916	0.889	1.873	0	0	0.916	0.889	1.873	0	0	0	0	0.949	0	0	0	0	1	0	0	0	0	1	0	0	0	0	0	0	0	0	0	0	0	0	0	0	0	0	0	0.691
24.878	11.976	0	0	4.616	26.182	13.037	0	0	6.981	5.197	3.078	0	0	2.365	0.471	0.833	0	0	0.905	0.471	0.833	0	0	0.905	0.2	0	0	0	0	0.6	0.2	0.5	0	0.429	0	0	0	0	0	0	0.341
0	7.045	38.716	13.233	0.996	0	9.061	42.866	14.809	0.996	0	1.994	7.078	11.55	0	0	0.889	0.277	0.641	0	0	0.889	0.27	0.725	0	0	0	0.238	0.382	0	0	0	0	0	0	0	0	0	0	0	0.198	0.406
0	0	0	0	0	0	0	0	0	0	0	0	0	0	0	0	0	0	0	0	0	0	0	0	0	0	0	0	0	0	0.5	0.4	1	1	0.6	0.25	0	0.667	1	0.2	0	0.951
2.749	0	0.952	0	0	2.749	0	1.845	0	0	0	0	0	0	0	0.667	0	1	0	0	0.667	0	1	0	0	0	0	0	0	0	0	0	0	0.333	0.75	0	0	0.2	0.333	0.75	0	0.326
0	0	26.937	0	0	0	0.967	28.905	0	0	0	0.967	2.928	0	0	0	0	0.446	0	0	0	0	0.446	0	0	0	0	0	0	0	0.2	0.2	0.25	0	0	0	0.8	0.5	0	0	0.296	0.212
0	0	0	0	0.909	0	0	0	0	0	0	0	0	0	0.909	0	0	0	0	0	0	0	0	0	0	0	0	0	0	0	0	0	0	0	0	0	0	0	0	0	0.417	0.149
0	0	0	-1	0	0	0	0	-1	0	0	0	0	-1	0	0	0	0	-1	0	0	0	0	-1	0	0	0	0	-1	0	0	0	0	-1	0	0	0	0	-1	0	0.557	0.839
0	0	0	0	0	0	0	0	0	0	0	0	0	0	0	0	0	0	0	0	0	0	0	0	0	0	0	0	0	0	1	0	0	0	0	1	0	0	0	0	0	0.954
10.376	0.895	0	0.996	0	11.548	1.795	0	0.996	0	4.891	0.9	0	0	0	0.576	1	0	0	0	0.576	1	0	0	0	0.4	0	0	0	0	0	0	0	0	0	0	0	0	0	0.667	0.294	0.122
0	0	0	0	0	0	0	0	0	0	0	0	0	0	0	0	0	0	0	0	0	0	0	0	0	0	0	0	0	0	0	0	1	0	1	0	0	1	0	1	0.419	0.739
0	0	0	0	0	0	0	0	0	0	0	0	0	0	0	0	0	0	0	0	0	0	0	0	0	0	0	0	0	0	1	0.4	0	0.8	0.875	0.75	0.2	0.2	0.4	0.5	0	0.949
5.679	0	0	14.712	35.759	9.925	0	0	18.126	39.905	0	0	0	4.278	1.067	0.933	0	0	0.621	0.41	0.933	0	0	0.614	0.401	0	0	0	0	0	0	0	0	0	0.333	0	0	0	0	0	0.298	0.178
0	0	0	0	0	0	0	0	0	0	0	0	0	0	0	0	0	0	0	0	0	0	0	0	0	0	0	0	0	0	0	0	0	0	1	0	0	0.8	0	1	0.556	0.363
0	0	0	0	0	0	0	0	0	0	0	0	0	0	0	0	0	0	0	0	0	0	0	0	0	0	0	0	0	0	0.889	1	0.6	0	0.2	0.333	1	0.4	0.8	0	0.419	0.846
7.512	16.94	0	0	0	7.512	18.951	0	0	0	0	1.902	0	0	0	0.929	0.749	0	0	0	0.929	0.749	0	0	0	0	0	0	0	0	0	0	0.25	0.6	0.75	0	0	0	0	0	0.718	0.423
5.921	0	0.895	0	5.65	6.931	0	0.895	0	7.598	1.01	0	0	0	1.948	0.762	0	0	0	0.786	0.762	0	0	0	0.786	0	0	0	0	0	0	0	0.25	0	0	0	0	0	0	0	0.418	0.192
11.626	41.051	0	71.114	0	16.05	44.754	0	76.081	0	5.308	13.542	0	16.437	0	0.75	0.329	0	0.154	0	0.75	0.321	0	0.15	0	0.7	0.53	0	0.352	0	0	0	0	0	0	0	0	0	0	0	0.292	0.153
0.923	12.301	0	0	0	0.923	12.301	0	0	0	0	0	0	0	0	0	0.641	0	0	0	0	0.641	0	0	0	0	0	0	0	0	0	0	0.143	0.111	0	0	0	0.571	0	0.25	0.556	0.286
0	0.906	0	16.465	0	0	2.813	0	18.434	0	0	1.907	0	5.86	0	0	0.667	0	0.462	0	0	0.667	0	0.462	0	0	0	0	0.2	0	0	0.143	0.143	0.4	0	0	0	0	0	0	0.715	0.503
0	0	0	0	0	0	0	0	0	0	0	0	0	0	0	0	0	0	0	0	0	0	0	0	0	0	0	0	0	0	0.333	0.667	0.6	0	0.667	0.667	1	0.8	0	0.667	0	0.718
1.801	0.912	0	0	0	1.801	0.912	0	0	0	0	0	0	0	0	1	0	0	0	0	1	0	0	0	0	0	0	0	0	0	0.2	0.667	0	0.75	0	0	0	0	0	0	0	0.583
0	3.924	0	0	0	0	3.924	0	0	0	0	1.012	0	0	0	0	0.833	0	0	0	0	0.833	0	0	0	0	0	0	0	0	0.75	0.25	0.6	0	0	0.375	0	0.8	0	0	0	0.804
0	0	0	8.236	0	0	0	0	9.179	0.942	0	0	0	1.833	0.942	0	0	0	0.578	0	0	0	0	0.578	0	0	0	0	0	0	0	0	0	0	0	0	0	0	0	0	0.896	0.211
68.429	18.481	71.114	52.362	41.051	74.732	22.697	76.081	59.904	44.754	20.318	8.408	16.437	13.733	13.542	0.167	0.506	0.154	0.254	0.329	0.163	0.502	0.15	0.25	0.321	0.331	0.643	0.352	0.545	0.53	0	0.143	0	0	0	0	0	0	0.2	0	0.116	0.257
0.89	0	8.236	0	0	0.89	0	9.179	0	0	0	0	1.833	0	0	0	0	0.578	0	0	0	0	0.578	0	0	0	0	0	0	0	0.125	0.4	0	0	0	0	0.6	0	0	0	0.3	0.197
0	0	0	0	0	0	0	0	0	0	0	0	0	0	0	0	0	0	0	0	0	0	0	0	0	0	0	0	0	0	0.333	0	0	0.4	0	0.333	0	0.2	0.8	0	0	0.700
0.919	0	5.589	0	1.873	0	0	4.69	0	1.873	0.919	0	2.775	0	0.949	0	0	0.867	0	1	0	0	0.8	0	1	0	0	0.333	0	0	0.2	0	0	0	0	0	0	0	0	0	0	0.334
0	11.867	0	1.844	2.805	0	12.765	0	2.812	4.671	0	1.86	0	2.812	1.866	0	0.769	0	1	0.8	0	0.769	0	1	0.8	0	0	0	0.333	0	0	0	0	0.333	0	0	0	0	0.667	0	0.56	0.157
0	0	0	1.886	18.072	2.876	2.73	0	3.745	21.252	2.876	2.73	0	2.928	10.962	0.667	0.667	0	0.5	0.403	0.333	0.333	0	0.5	0.476	0.667	0.667	0	0	0.178	0	0	0	0	0	0	0	0	0	0	0	0.305
11.292	6.703	0	35.759	0	12.281	6.703	0	39.905	0	0.989	0	0	1.067	0	0.731	0.905	0	0.41	0	0.731	0.905	0	0.401	0	0	0	0	0	0	0	0	0	0.333	0.6	0	0	0	0	0	0.119	0.205
0	0	0	0.897	0	0	0	0	0	0	0	0	0	0.897	0	0	0	0	0	0	0	0	0	0	0	0	0	0	0	0	1	0.333	0.2	0.778	0.667	1	0.333	0.2	0.778	1	0	0.989
0	0	0.997	0.906	0	0	0	0.997	0.906	0	0	0	0.997	0	0	0	0	0	0	0	0	0	0	0	0	0	0	0	0	0	0	0.4	0.2	0.2	0	0	0	0	0	0	0	0.837
0	0	0	0	0	0	0	0	0	0	0	0	0	0	0	0	0	0	0	0	0	0	0	0	0	0	0	0	0	0	0.286	0	0.111	0.2	0.2	0.857	0	0	0.2	0.4	0.299	0.470
9.722	0	0.954	0	0	9.722	0	0.954	0	0	3.018	0	0.954	0	0	0.933	0	0	0	0	0.933	0	0	0	0	0.667	0	0	0	0	0	0.333	0	0	1	0	0	0	0	1	0	0.327
0	2.825	0	1.816	4.946	0	2.825	0.936	1.816	6.039	0	0	0.936	0	5.135	0	1	0	1	0.952	0	1	0	1	0.933	0	0	0	0	0.8	0	0	0	0	0.4	0	0	0	0	0.4	0	0.571
39.981	4.946	15.397	0	89.044	41.549	6.039	19.514	0.936	94.948	15.831	5.135	11.776	0.936	21.788	0.37	0.952	0.596	0	0.123	0.376	0.933	0.579	0	0.12	0.551	0.8	0.473	0	0.268	0.25	0.4	0	0	0	0	0.4	0	0	0	0	0.258
0	0	0	3.924	0	0	0	0	3.924	0	0	0	0	1.012	0	0	0	0	0.833	0	0	0	0	0.833	0	0	0	0	0	0	0.6	0.75	0	0.25	0.4	0.8	0.375	0	0	0.6	0.117	0.967
10.518	1.808	0.933	0	0	10.518	1.808	0.933	0	0	0.978	0	0	0	0	0.818	1	0	0	0	0.818	1	0	0	0	0	0	0	0	0	0.125	0	0	0	0	0	0	0	0.25	0	0.415	0.272
2.854	0	3.974	0	0	2.854	0	3.974	0	0	0.948	0	0	0	0	0.667	0	1	0	0	0.667	0	1	0	0	0	0	0	0	0	0	0	1	0	0.8	0	0	1	0	0.2	0.558	0.339
0	0	0	0	0	0	0	0	0	0	0	0	0	0	0	0	0	0	0	0	0	0	0	0	0	0	0	0	0	0	0.4	0.4	0.2	0.667	0	1	0.6	0.4	1	0	0.117	0.951
0	0	0	0	0	0	0	0.943	0	0.898	0	0	0.943	0	0.898	0	0	0	0	0	0	0	0	0	0	0	0	0	0	0	0	0	0	0	0	0	0	0	0	0	0.417	0.276
0	0.907	0	0	0	0	0.907	0	0	0	0	0	0	0	0	0	0	0	0	0	0	0	0	0	0	0	0	0	0	0	0.111	0	0.5	0	0.625	0	0	1	0	0.625	0.554	0.277
0	0	0	5.545	2.749	0	0	0	4.639	2.749	0	0	0	0.905	0	0	0	0	0.867	0.667	0	0	0	0.9	0.667	0	0	0	0	0	0.333	0.2	0	0	0	0.333	0.2	0	0	0	0	0.748
0	0	0.906	0	0	0	0	0.906	0	0	0	0	0	0	0	0	0	0	0	0	0	0	0	0	0	0	0	0	0	0	0	0	0.2	0	0.4	0	0	0	0	0	0	0.454
0	0	0	0	0	0	0.915	0	0	0	0	0.915	0	0	0	0	0	0	0	0	0	0	0	0	0	0	0	0	0	0	0.2	0.333	0	0.667	0.286	0.2	0	0	0.667	0.857	0	0.724
1.816	0	23.966	1.102	28.715	1.816	0	26.073	1.102	30.956	0	0	5.162	1.102	4.983	1	0	0.532	0	0.445	1	0	0.526	0	0.445	0	0	0.1	0	0.1	0.333	0.2	0	0.2	0	0	0	0	0.4	0	0	0.644
0	0	0.919	2.884	5.589	0	0	0	2.884	4.69	0	0	0.919	0.957	2.775	0	0	0	1	0.867	0	0	0	1	0.8	0	0	0	0	0.333	0	0	0.2	0	0	0	0	0	0	0	0.419	0.195
0	0	0	4.616	0	0	0	0	6.981	0	0	0	0	2.365	0	0	0	0	0.905	0	0	0	0	0.905	0	0	0	0	0	0	0	0.286	0	0.429	0	0	0	0	0	0	0	0.793
6.052	1.861	4.803	1.828	3.894	7.908	3.817	7.326	6.445	8.897	7.975	1.956	3.446	6.445	5.978	0.622	0.833	0.905	0.476	0.611	0.643	0.833	0.857	0.476	0.528	0.357	1	0.667	0.286	0.467	0	0	0.111	0	0	0	0	0	0	0	0	0.314
0	9.74	0	0	0	0	9.74	0	0	0	0	0	0	0	0	0	0.956	0	0	0	0	0.956	0	0	0	0	0	0	0	0	0.8	0	0.2	0	0	0	0	0.2	0	0	0	0.948
0	5.545	0	0	0	0	4.639	0	0	0	0	0.905	0	0	0	0	0.867	0	0	0	0	0.9	0	0	0	0	0	0	0	0	0.2	0	0.333	0	0	0.2	0	0.333	0	0	0	0.576
2.997	0	0	0	19.614	2.997	0	0	0	19.614	2.078	0	0	0	2.936	0.667	0	0	0	0.661	0.667	0	0	0	0.661	0	0	0	0	0	0	0.8	1	0	0.444	0	1	1	0	0.111	0	0.449
0.96	0	0	7.505	1.828	3.694	0	0	9.346	4.63	2.734	0	0	3.715	2.802	0.833	0	0	0.6	0.8	0.833	0	0	0.6	0.8	1	0	0	0.5	1	0	0	0	0	0	0	0	0	0	0	0.294	0.141
9.479	0	0.931	0.933	12.065	9.479	0	0.931	0.933	11.16	0	0	0	0	1.825	0.944	0	0	0	0.667	0.944	0	0	0	0.727	0	0	0	0	0	0	0	0.5	0	0	0	0	0.5	0	0	0	0.429
0	0	13.868	42.838	0	0	0	14.903	44.867	0	0	0	3.054	4.271	0	0	0	0.657	0.354	0	0	0	0.657	0.348	0	0	0	1	0.667	0	0	0	0	0.429	0	0	0	0	0.286	0	0.558	0.275
0	0	0	0	0	0	0	0	0	0	0	0	0	0	0	0	0	0	0	0	0	0	0	0	0	0	0	0	0	0	1	0.5	0.6	0.4	0	0.667	0.25	0.2	0	0	0	1.000
0	13.868	2.761	0	0	0	14.903	2.761	0	0	0	3.054	0.921	0	0	0	0.657	0.333	0	0	0	0.657	0.333	0	0	0	1	0	0	0	0	0	0	0	0	0	0	0	0	0	0	0.472
0	0	0	0	2.854	0	0	0	0	2.854	0	0	0	0	0.948	0	0	0	0	0.667	0	0	0	0	0.667	0	0	0	0	0	0	0	0	0.2	0	0	0	0	0.2	0	0	0.610
14.035	0	0.895	0	8.649	13.11	0	0.895	0	8.649	7.533	0	0.895	0	2.92	0.705	0	0	0	0.694	0.795	0	0	0	0.694	0.714	0	0	0	0	0	0.556	0	0	0.8	0.2	0.444	0	0	0.2	0.196	0.444
0	0	0	0	0	0	0	0	0	0	0	0	0	0	0	0	0	0	0	0	0	0	0	0	0	0	0	0	0	0	0.2	1	0.667	0.333	0.4	0.2	1	1	0.333	0.6	0	0.633
2.761	0	0	13.868	5.928	2.761	0	0	14.903	5.928	0.921	0	0	3.054	0	0.333	0	0	0.657	0.933	0.333	0	0	0.657	0.933	0	0	0	1	0	0	0	0	0	0	0	0	0	0	0	0.198	0.264
0	0.954	7.576	9.722	0	0	0.954	8.49	9.722	0	0	0.954	3.842	3.018	0	0	0	0.361	0.933	0	0	0	0.361	0.933	0	0	0	0	0.667	0	1	0	0.143	0	0.667	1	0	0.286	0	0.667	0.016	0.998
0	0	0	0	0	0	0	0	0	0	0	0	0	0	0	0	0	0	0	0	0	0	0	0	0	0	0	0	0	0	0	0.4	0.333	0	0	0	0.8	0.333	0	0.2	0.419	0.474
3.689	0	6.581	11.741	0	4.71	0	7.631	13.812	0	1.02	0	2.091	5.285	0	1	0	0.929	0.582	0	1	0	0.929	0.582	0	0	0	1	0.4	0	0	0	0.2	0	0	0	0	0	0	0	0.419	0.234
0.897	0	0	0	0	0	0	0	0	0	0.897	0	0	0	0	0	0	0	0	0	0	0	0	0	0	0	0	0	0	0	0.6	0.8	0.2	1	1	0	0.4	0	0.6	1	0	0.798
0.913	0.929	10.563	0	0	0.913	1.83	12.351	0	0	0	0.901	2.71	0	0	0	1	0.487	0	0	0	1	0.487	0	0	0	0	0	0	0	0	0	0	0	0.111	0	0	0	0	0	0	0.359
0	0	16.465	0	0.906	0	0	18.434	2.863	2.813	0	0	5.86	2.863	1.907	0	0	0.462	0.667	0.667	0	0	0.462	0.667	0.667	0	0	0.2	0.333	0	0.4	0.25	0.4	0.667	0.143	0	0	0	0	0	0	0.849
0	0	0	0	0.897	0	0	0	0	0	0	0	0	0	0.897	0	0	0	0	0	0	0	0	0	0	0	0	0	0	0	1	1	0.8	0.667	0.6	0.6	0.75	0.4	1	0	0	0.988
1.844	0.919	11.867	0	0	2.812	0.919	12.765	0	0	2.812	0.919	1.86	0	0	1	0	0.769	0	0	1	0	0.769	0	0	0.333	0	0	0	0	0.333	0	0	0	0	0.667	0	0	0	0	0	0.621
0	0	0	0.899	16.465	0	2.863	0	3.949	18.434	0	2.863	0	3.05	5.86	0	0.667	0	0.667	0.462	0	0.667	0	0.667	0.462	0	0.333	0	0.333	0.2	0.25	0.667	0.4	0.8	0.4	0	0	0	0	0	0	0.887
0	0	-1	0	-1	0	0	-1	0	-1	0	0	-1	0	-1	0	0	-1	0	-1	0	0	-1	0	-1	0	0	-1	0	-1	0	0	-1	0	-1	0	0.143	-1	0	-1	0.893	0.998
3.974	2.854	0	0	1.896	3.974	2.854	0	0	1.896	0	0.948	0	0	0.997	1	0.667	0	0	0	1	0.667	0	0	0	0	0	0	0	0	1	0	0.8	0	0	1	0	0.2	0	0	0.018	0.773
8.45	0	0	0	0	8.45	0	0	0	0	1	0	0	0	0	0.778	0	0	0	0	0.778	0	0	0	0	0	0	0	0	0	0	0.667	1	1	0.2	0	0.333	1	1	0.4	0.296	0.177
0	0	2.805	11.867	0	0	0	4.671	12.765	0	0	0	1.866	1.86	0	0	0	0.8	0.769	0	0	0	0.8	0.769	0	0	0	0	0	0	0	0	0	0	0	0	0	0	0	0	0	0.577
0	0	0	0.906	3.924	0	0	0	2.813	3.924	0	0	0	1.907	1.012	0	0	0	0.667	0.833	0	0	0	0.667	0.833	0	0	0	0	0	0.143	0	0	0.143	0.25	0	0	0	0	0	0.299	0.409
0	0	0	0	0	0	0	0	0	0	0	0	0	0	0	0	0	0	0	0	0	0	0	0	0	0	0	0	0	0	0	0	0.4	0.2	0	0	0	0	0	0	0	0.688
12.673	0	0	12.065	0	12.673	0	0	11.16	0	0.978	0	0	1.825	0	0.756	0	0	0.667	0	0.756	0	0	0.727	0	0	0	0	0	0	0.25	0	0	0	0	0	0	0	0	0	0	0.306
0	0	0	0	1.102	0	0	0	0	1.102	0	0	0	0	1.102	0	0	0	0	0	0	0	0	0	0	0	0	0	0	0	0	0.8	1	0.2	0.2	0.4	0.8	1	0.4	0.4	0.298	0.655
0	0	0	0	6.663	0	0	0	0	8.503	0	0	0	0	5.641	0	0	0	0	0.722	0	0	0	0	0.722	0	0	0	0	0.333	0	0.333	0	0	0	0.667	0.444	0.286	0	0	0	0.904
6.703	35.759	11.292	0	0	6.703	39.905	12.281	0	0	0	1.067	0.989	0	0	0.905	0.41	0.731	0	0	0.905	0.401	0.731	0	0	0	0	0	0	0	0	0.333	0	0	0	0	0	0	0	0	0.717	0.332
0	0	0	0	0	0	0	0	0	0	0	0	0	0	0	0	0	0	0	0	0	0	0	0	0	0	0	0	0	0	0	0.6	0	1	0.333	0	0.2	0	0.667	0	0	1.000
4.616	0	0	24.878	0	6.981	0	0	26.182	0	2.365	0	0	5.197	0	0.905	0	0	0.471	0	0.905	0	0	0.471	0	0	0	0	0.2	0	0.429	0.5	0.286	0.6	0	0	0	0	0	0	0.299	0.392
0	0	0	10.563	0.899	0	0	0	12.351	0.899	0	0	0	2.71	0	0	0	0	0.487	0	0	0	0	0.487	0	0	0	0	0	0	0	0.111	0	0	0	0	0	0	0	0	0.559	0.342
0	0	0	0	0	0	0	0	0	0	0	0	0	0	0	0	0	0	0	0	0	0	0	0	0	0	0	0	0	0	0	0.625	0.25	0.5	0.4	0	0.625	0	1	0.2	0	0.793
0.889	6.594	0	0	0.898	0.889	7.532	0	0	0.898	0	0.938	0	0	0	0	0.714	0	0	0	0	0.714	0	0	0	0	0	0	0	0	0	0	0.333	0	0	0.333	0	0.667	0	0	0.297	0.452
0	0	0	0	0	0	0	0	0	0	0	0	0	0	0	0	0	0	0	0	0	0	0	0	0	0	0	0	0	0	0	0	0	0	0	0.25	0	0	0	0	0	0.766
0	0	11.976	0	24.878	0	0	13.037	0	26.182	0	0	3.078	0	5.197	0	0	0.833	0	0.471	0	0	0.833	0	0.471	0	0	0	0	0.2	0	0	0.2	0.2	0.6	0	0	0	0	0	0.292	0.418
10.563	0.913	0	0.929	0	12.351	0.913	0	1.83	0	2.71	0	0	0.901	0	0.487	0	0	1	0	0.487	0	0	1	0	0	0	0	0	0	0	0	0.111	0	0	0	0	0	0	0	0.554	0.177
0	11.626	0	41.051	0	0	16.05	0	44.754	0	0	5.308	0	13.542	0	0	0.75	0	0.329	0	0	0.75	0	0.321	0	0	0.7	0	0.53	0	0	0	0	0	0	0	0	0	0	0	0.419	0.302
0.906	0	0	0	0	0.906	0	0	0	0	0	0	0	0	0	0	0	0	0	0	0	0	0	0	0	0	0	0	0	0	0.2	0	0.4	0	0	0	0	0	0	0	0	0.358
38.716	0	0.996	7.045	0.895	42.866	0	0.996	9.061	1.795	7.078	0	0	1.994	0.9	0.277	0	0	0.889	1	0.27	0	0	0.889	1	0.238	0	0	0	0	0	0	0	0	0	0	0	0	0	0	0	0.142
0	0	7.505	0	0	0	0	9.346	0	0	0	0	3.715	0	0	0	0	0.6	0	0	0	0	0.6	0	0	0	0	0.5	0	0	0	0	0	0	0	0	0	0	0	0	0.713	0.258
0	0.954	0	0.899	5.545	0	1.842	0	0.899	4.639	0	0.888	0	0	0.905	0	1	0	0	0.867	0	1	0	0	0.9	0	0	0	0	0	0	0.2	0	0	0	0	0	0	0	0	0.298	0.198
0	0	0	0	0	0	0	0	0	0	0	0	0	0	0	0	0	0	0	0	0	0	0	0	0	0	0	0	0	0	0	0.333	0.4	0	0	0	0	0.4	0.2	0	0	0.970
0	0	0.911	0	0	0	0	0.911	0	0	0	0	0	0	0	0	0	0	0	0	0	0	0	0	0	0	0	0	0	0	0.111	0	0.5	0	0	0	0	0	0	0	0.414	0.430
9.74	0	0	0.997	0	9.74	0	0	0.997	0	0	0	0	0.997	0	0.956	0	0	0	0	0.956	0	0	0	0	0	0	0	0	0	0	0	0.8	0.2	0.2	0	0	0	0	0.2	0.199	0.260
0	0	5.921	12.673	0.895	0	0	6.931	12.673	0.895	0	0	1.01	0.978	0	0	0	0.762	0.756	0	0	0	0.762	0.756	0	0	0	0	0	0	0	0	0	0.25	0.25	0	0	0	0	0	0.419	0.155
0	0	0	7.576	0	0.915	0	0	8.49	0	0.915	0	0	3.842	0	0	0	0	0.361	0	0	0	0	0.361	0	0	0	0	0	0	0.333	0.667	0.2	0.143	0	0	0.667	0.2	0.286	0	0.117	0.462
0	2.997	19.614	0	0	0	2.997	19.614	0	0	0	2.078	2.936	0	0	0	0.667	0.661	0	0	0	0.667	0.661	0	0	0	0	0	0	0	1	0	0.444	0.8	0.667	1	0	0.111	1	1	0	0.982
0	0	0	13.896	1.97	0	0.892	0	13.896	1.97	0	0.892	0	4.933	0	0	0	0	0.89	1	0	0	0	0.879	1	0	0	0	0.8	0	0	0	0	0	0	0	0	0	0	0	0.055	0.485
1.808	0	10.518	0	0.933	1.808	0	10.518	0	0.933	0	0	0.978	0	0	1	0	0.818	0	0	1	0	0.818	0	0	0	0	0	0	0	0	0	0.125	0.143	0	0	0.25	0	0.571	0	0	0.362
16.94	0	7.512	0	0	18.951	0	7.512	0	0	1.902	0	0	0	0	0.749	0	0.929	0	0	0.749	0	0.929	0	0	0	0	0	0	0	0	0.6	0	0	0.25	0	0	0	0	0	0.713	0.218
2.884	0.89	0	5.639	0	2.884	0.89	0	6.564	0	0.957	0	0	2.782	0	1	0	0	0.81	0	1	0	0	0.762	0	0	0	0	0.333	0	0	0	0	0	0	0	0	0	0	0	0.196	0.166
0	-1	0	-1	0	0	-1	0	-1	0	0	-1	0	-1	0	0	-1	0	-1	0	0	-1	0	-1	0	0	-1	0	-1	0	0	-1	0	-1	0	0	-1	0	-1	0	0.899	0.998
0	0	0	0	0	0	0	0	0	0	0	0	0	0	0	0	0	0	0	0	0	0	0	0	0	0	0	0	0	0	0	0	0	0	0	0	0	0	0	0	0	0.316
12.301	0	0.923	0	0	12.301	0	0.923	0	0	0	0	0	0	0	0.641	0	0	0	0	0.641	0	0	0	0	0	0	0	0	0	0	0.111	0	0	0.143	0	0	0	0	0.571	0.296	0.163
0	0	0	0	0	0	0	0	0	0	0	0	0	0	0	0	0	0	0	0	0	0	0	0	0	0	0	0	0	0	0.6	0.333	0.667	0.667	0	0.8	0.667	0.667	1	0	0	0.967
26.937	0	0	0	0	28.905	0	0	0.967	0	2.928	0	0	0.967	0	0.446	0	0	0	0	0.446	0	0	0	0	0	0	0	0	0	0.25	0.2	0	0.2	0.2	0.5	0	0	0.8	0.2	0.294	0.322
0	0	11.848	0.952	0	0	0	16.141	1.845	1.012	0	0	8.513	0	1.012	0	0	0.692	1	0	0	0	0.683	1	0	0	0	0.821	0	0	0	0.75	0	0	0.2	0.111	0.75	0	0.2	0.2	0.419	0.432
1.816	0	2.825	0	0	1.816	0	2.825	0	0	0	0	0	0	0	1	0	1	0	0	1	0	1	0	0	0	0	0	0	0	0	0	0	0	0	0	0	0	0	0	0.418	0.193
2.825	1.816	0	0	0	2.825	1.816	0	0	0.936	0	0	0	0	0.936	1	1	0	0	0	1	1	0	0	0	0	0	0	0	0	0	0	0	0	0	0	0	0	0	0	0.415	0.100
0.912	0	1.801	0	0	0.912	0	1.801	0	0	0	0	0	0	0	0	0	1	0	0	0	0	1	0	0	0	0	0	0	0	0.667	0.75	0.2	0.25	0	0	0	0	0	0	0.419	0.515
0	0	0	0	0	0	0	0	0	0	0	0	0	0	0	0	0	0	0	0	0	0	0	0	0	0	0	0	0	0	0.111	0.286	0.2	0	0	0	0.857	0.4	0	0.4	0.197	0.395
0	0	0	0.911	0	0	0	0	0.911	0	0	0	0	0	0	0	0	0	0	0	0	0	0	0	0	0	0	0	0	0	0	0	1	0.5	0	0	0	1	0	0	0.417	0.280
1.861	1.828	6.052	18.072	4.803	3.817	6.445	7.908	21.252	7.326	1.956	6.445	7.975	10.962	3.446	0.833	0.476	0.622	0.403	0.905	0.833	0.476	0.643	0.476	0.857	1	0.286	0.357	0.178	0.667	0	0	0	0	0.111	0	0	0	0	0	0	0.621
8.649	0.895	0	14.035	0	8.649	0.895	0	13.11	0	2.92	0.895	0	7.533	0	0.694	0	0	0.705	0	0.694	0	0	0.795	0	0	0	0	0.714	0	0.8	0	0	0	0	0.2	0	0	0.2	0	0.12	0.310
0	0	0	0	0	0	0	0	0	0	0	0	0	0	0	0	0	0	0	0	0	0	0	0	0	0	0	0	0	0	0.4	0.8	1	0.5	0	0.2	0.4	0.75	0.5	0.2	0	0.697
0	0	11.741	0	0	0	0	13.812	0	0	0	0	5.285	0	0	0	0	0.582	0	0	0	0	0.582	0	0	0	0	0.4	0	0	0	0	0	0.5	0	0	0	0	0	0	0.718	0.298
0.905	0	13.896	0.889	0	1.797	0	13.896	0.889	0.892	0.892	0	4.933	0	0.892	0	0	0.89	0	0	0	0	0.879	0	0	0	0	0.8	0	0	0	0	0	0	0	0	0	0	0	0	0.414	0.151
0	0	2.749	0	0.952	0	0	2.749	0	1.845	0	0	0	0	0	0	0	0.667	0	1	0	0	0.667	0	1	0	0	0	0	0	0	0.333	0	0.2	0	0	0.333	0	0.2	0.2	0.418	0.289
0	0	12.301	0	0.923	0	0	12.301	0	0.923	0	0	0	0	0	0	0	0.641	0	0	0	0	0.641	0	0	0	0	0	0	0	0.111	0	0	0.2	0	0	0	0	0.4	0	0.299	0.379
10.692	0	1.886	0	0	11.749	0.898	3.745	0.943	2.73	7.765	0.898	2.928	0.943	2.73	0.333	0	0.5	0	0.667	0.379	0	0.5	0	0.333	0.214	0	0	0	0.667	0	0	0	0	0	0	0	0	0	0	0	0.183
0.954	9.722	0	0	7.576	0.954	9.722	0	0	8.49	0.954	3.018	0	0	3.842	0	0.933	0	0	0.361	0	0.933	0	0	0.361	0	0.667	0	0	0	0	0	1	0.333	0.143	0	0	1	0	0.286	0	0.628
0	0	0.89	0	8.236	0	0	0.89	0	9.179	0	0	0	0	1.833	0	0	0	0	0.578	0	0	0	0	0.578	0	0	0	0	0	0.4	0	0.125	0.6	0	0.6	0	0	0.8	0	0	0.722
0	0	0	0	0	0	0	0	0	0	0	0	0	0	0	0	0	0	0	0	0	0	0	0	0	0	0	0	0	0	1	0	1	0	0.4	1	0	1	0	0	0	1.000
0	0	0	5.928	0.929	0	0	0	5.928	1.83	0	0	0	0	0.901	0	0	0	0.933	1	0	0	0	0.933	1	0	0	0	0	0	0	0.2	0	0	0	0	0	0	0	0	0.116	0.164
13.896	0.905	0	0	0	13.896	1.797	0.892	0	0	4.933	0.892	0.892	0	0	0.89	0	0	0	0	0.879	0	0	0	0	0.8	0	0	0	0	0	0	0	0	0	0	0	0	0	0	0.118	0.228
0	0	0	0	0	0	0	0	0	0	0	0	0	0	0	0	0	0	0	0	0	0	0	0	0	0	0	0	0	0	0	0	0	0	0	0	0	0	0.5	0.2	0	0.503
4.038	1.828	2.712	0	0	1.981	4.63	5.577	0	0	2.945	2.802	3.775	0	0	0.8	0.8	0.6	0	0	1	0.8	0.6	0	0	0.333	1	0.5	0	0	0.2	0	0.333	0	0	0	0	0	0	0	0	0.393
0	0	0	0	0	0	0	0	0	0	0	0	0	0	0	0	0	0	0	0	0	0	0	0	0	0	0	0	0	0	0.2	0.875	0	0	0	0	0.5	0	0.2	0	0	0.409
0	0	12.602	0	0	0	0	15.639	0	0	0	0	6.106	0	0	0	0	0.45	0	0	0	0	0.45	0	0	0	0	0.2	0	0	0	0.2	0	0	0	0	0.2	0	0	0	0.3	0.386
0	0	42.838	2.806	0	0	0	44.867	3.801	0	0	0	4.271	2.837	0	0	0	0.354	1	0	0	0	0.348	1	0	0	0	0.667	1	0	0	0	0.429	0.25	0	0	0	0.286	0	0	0.556	0.217
23.966	1.816	28.715	0	14.712	26.073	1.816	30.956	0	18.126	5.162	0	4.983	0	4.278	0.532	1	0.445	0	0.621	0.526	1	0.445	0	0.614	0.1	0	0.1	0	0	0	0.333	0	0.2	0	0	0	0	0	0	0.418	0.189
0	0	4.234	0	0	0	0	4.234	0	0	0	0	4.507	0	0	0	0	1	0	0	0	0	1	0	0	0	0	1	0	0	0.556	0.4	0.6	0.25	0	0.556	0.2	0.2	0	0	0	0.906
0	0	0	0	0	0	0	0.967	0	0	0	0	0.967	0	0	0	0	0	0	0	0	0	0	0	0	0	0	0	0	0	0	0	0.2	0	0.2	0	0	0.8	0.2	0	0.414	0.376
0	0	0	0.898	11.741	0	0	0	0.898	13.812	0	0	0	0	5.285	0	0	0	0	0.582	0	0	0	0	0.582	0	0	0	0	0.4	0	0.5	0	0	0	0	0	0	0	0	0.713	0.612
0	10.563	0	0.913	0	0	12.351	0	0.913	0	0	2.71	0	0	0	0	0.487	0	0	0	0	0.487	0	0	0	0	0	0	0	0	0.111	0	0	0	0	0	0	0	0	0	0.298	0.403
0	0	0	0	0	0	0	0	0	0	0	0	0	0	0	0	0	0	0	0	0	0	0	0	0	0	0	0	0	0	0.2	0.4	0	0.4	0.111	0.4	1	0	0.6	0	0	0.596
0	0	0	0.909	0	0	0	0	0	0.943	0	0	0	0.909	0.943	0	0	0	0	0	0	0	0	0	0	0	0	0	0	0	0	0	0	0	0	0	0	0	0	0	0.897	0.264
0	0.897	0	0	0	0	0	0	0	0	0	0.897	0	0	0	0	0	0	0	0	0	0	0	0	0	0	0	0	0	0	0.333	0.778	1	0	0.2	0.333	0.778	1	0.4	0.2	0	0.552
0.916	1.873	0	5.589	0.889	0.916	1.873	0	4.69	0.889	0	0.949	0	2.775	0	0	1	0	0.867	0	0	1	0	0.8	0	0	0	0	0.333	0	0	0	0	0	0	0	0	0	0	0	0.292	0.198
52.362	0	18.481	11.848	68.429	59.904	1.012	22.697	16.141	74.732	13.733	1.012	8.408	8.513	20.318	0.254	0	0.506	0.692	0.167	0.25	0	0.502	0.683	0.163	0.545	0	0.643	0.821	0.331	0	0.2	0.143	0	0	0.2	0.2	0	0	0	0.12	0.252
0	26.937	0	0	0	0	28.905	0	0	0	0	2.928	0	0	0	0	0.446	0	0	0	0	0.446	0	0	0	0	0	0	0	0	0	0.25	0.2	0.2	0	0	0.5	0.2	0	0	0.294	0.635
0	24.878	4.616	11.976	0	0	26.182	6.981	13.037	0	0	5.197	2.365	3.078	0	0	0.471	0.905	0.833	0	0	0.471	0.905	0.833	0	0	0.2	0	0	0	0.5	0.6	0.429	0.2	0.286	0	0	0	0	0	0.417	0.583
0	4.234	0	0	14.035	0	4.234	0	0	13.11	0	4.507	0	0	7.533	0	1	0	0	0.705	0	1	0	0	0.795	0	1	0	0	0.714	0	0.6	0.556	0.556	0	0	0.2	0.444	0.556	0.2	0	0.678
42.838	0	0	0	0	44.867	0	0	0	0	4.271	0	0	0	0	0.354	0	0	0	0	0.348	0	0	0	0	0.667	0	0	0	0	0.429	0	0	0	0	0.286	0	0	0	0	0.196	0.340
0	0	0	0	0	0	0	0	0	0	0	0	0	0	0	0	0	0	0	0	0	0	0	0	0	0	0	0	0	0	0	0	0	0	0.333	0	0	0.2	0	0	0.415	0.271
2.805	0	0	0	0.907	4.671	0	0	0	0.907	1.866	0	0	0	0	0.8	0	0	0	0	0.8	0	0	0	0	0	0	0	0	0	0	0	0	0	0	0	0	0	0	0	0.56	0.424
0	0	0	0	0	0	0	0	0	0	0	0	0	0	0	0	0	0	0	0	0	0	0	0	0	0	0	0	0	0	0	0.2	0	0.6	0.4	0	0	0	0.4	0	0	0.955
0	0	0	0	0	0	0	0	0	0	0	0	0	0	0	0	0	0	0	0	0	0	0	0	0	0	0	0	0	0	0.5	0.75	0.8	0.5	0.4	0.5	1	0.4	1	0.2	0	0.641
0	0	0	0	0	0	0	0	0	0	0	0	0	0	0	0	0	0	0	0	0	0	0	0	0	0	0	0	0	0	0	0	0.333	0	0	0	0.667	0.444	0	0.667	0	0.479
0	3.974	1.896	2.854	0	0	3.974	1.896	2.854	0	0	0	0.997	0.948	0	0	1	0	0.667	0	0	1	0	0.667	0	0	0	0	0	0	0.8	1	0	0	0.5	0.2	1	0	0	1	0.198	0.853
7.505	0	0	0	0.96	9.346	0	0	0	3.694	3.715	0	0	0	2.734	0.6	0	0	0	0.833	0.6	0	0	0	0.833	0.5	0	0	0	1	0	0	0	0	0	0	0	0	0	0	0.117	0.192
0	0	6.663	0	0	0	0	8.503	0	0	0	0	5.641	0	0	0	0	0.722	0	0	0	0	0.722	0	0	0	0	0.333	0	0	0	0	0	0.333	0	0.286	0.667	0	0.444	0	0.557	0.470
6.581	3.689	0	0	0	7.631	4.71	0	0	0	2.091	1.02	0	0	0	0.929	1	0	0	0	0.929	1	0	0	0	1	0	0	0	0	0.2	0	0	0	0	0	0	0	0	0	0.899	0.220
0	2.884	0	0.89	0.919	0	2.884	0	0.89	0	0	0.957	0	0	0.919	0	1	0	0	0	0	1	0	0	0	0	0	0	0	0	0	0	0	0	0.2	0	0	0	0	0	0.419	0.203
7.576	0	0	0.954	0	8.49	0	0	0.954	0.915	3.842	0	0	0.954	0.915	0.361	0	0	0	0	0.361	0	0	0	0	0	0	0	0	0	0.143	1	0.667	0	0.333	0.286	1	0.667	0	0	0.299	0.371
16.465	0	0.906	0	0	18.434	0	2.813	0	0	5.86	0	1.907	0	0	0.462	0	0.667	0	0	0.462	0	0.667	0	0	0.2	0	0	0	0	0.4	0.4	0.143	0.25	0	0	0	0	0	0	0	0.318
0	2.72	0	0	0	0	3.715	0	0	0	0	1.883	0	0	0	0	0.7	0	0	0	0	0.833	0	0	0	0	0	0	0	0	0	0	0	0	0	0	0	0	0	0	0	0.482
5.719	0	0	29.783	0	6.662	0	0	34.969	0	5.761	0	0	18.351	0	0.857	0	0	0.412	0	0.857	0	0	0.398	0	0.8	0	0	0.324	0	0	0	0	0	0	0	0	0	0.667	0.143	0	0.287
0.897	0	0	0	0	0	0	0	0	0	0.897	0	0	0	0	0	0	0	0	0	0	0	0	0	0	0	0	0	0	0	0.778	0	0.333	0.2	1	0.778	0.4	0.333	0.4	1	0	0.737
0	0	0	0	0	0	0	0	0	0	0	0	0	0	0	0	0	0	0	0	0	0	0	0	0	0	0	0	0	0	0.667	0	0.333	0	0.6	1	0	0.667	0	0.8	0	0.950
0	0	0	0	9.722	0	0	0	0	9.722	0	0	0	0	3.018	0	0	0	0	0.933	0	0	0	0	0.933	0	0	0	0	0.667	0	0	0.333	0.6	0	0	0	0	0.2	0	0	0.884
0	0	0	0	0	0	0	0	0	0	0	0	0	0	0	0	0	0	0	0	0	0	0	0	0	0	0	0	0	0	0	0	0.4	0	0	0	0	0	0	0	0.713	0.478
0	0.897	0	0	0	0	0	0	0	0	0	0.897	0	0	0	0	0	0	0	0	0	0	0	0	0	0	0	0	0	0	0.2	0.6	1	0.8	0.667	0	0	1	0.4	0.333	0	0.547
0	0	0	5.719	-1	0	0	0	6.662	-1	0	0	0	5.761	-1	0	0	0	0.857	-1	0	0	0	0.857	-1	0	0	0	0.8	-1	0	0	0	0	-1	0.143	0	0	0	-1	0.716	0.929
0.931	9.479	12.065	0	0	0.931	9.479	11.16	0	0	0	0	1.825	0	0	0	0.944	0.667	0	0	0	0.944	0.727	0	0	0	0	0	0	0	0.5	0	0	0	0	0.5	0	0	0	0	0.294	0.450
0	0	0	1.801	0	0	0	0	1.801	0	0	0	0	0	0	0	0	0	1	0	0	0	0	1	0	0	0	0	0	0	0	0	0.2	0.2	0	0	0	0	0	0	0.559	0.247
0	0.889	0.898	6.594	0	0	0.889	0.898	7.532	0	0	0	0	0.938	0	0	0	0	0.714	0	0	0	0	0.714	0	0	0	0	0	0	0.333	0	0	0	0.5	0.667	0.333	0	0	0	0.117	0.697
0	0	1.102	0	0	0	0	1.102	0	0	0	0	1.102	0	0	0	0	0	0	0	0	0	0	0	0	0	0	0	0	0	1	0	0.2	0.8	0.2	1	0.4	0.4	0.8	0	0	0.996
0	0	18.072	0	1.828	0	2.876	21.252	2.73	6.445	0	2.876	10.962	2.73	6.445	0	0.667	0.403	0.667	0.476	0	0.333	0.476	0.333	0.476	0	0.667	0.178	0.667	0.286	0	0	0	0	0	0	0	0	0	0	0	0.622
0	0.952	0	2.749	11.848	0	1.845	0	2.749	16.141	0	0	0	0	8.513	0	1	0	0.667	0.692	0	1	0	0.667	0.683	0	0	0	0	0.821	0.75	0	0	0	0	0.75	0.2	0.111	0	0	0.554	0.732
0	0	2.854	0	3.974	0	0	2.854	0	3.974	0	0	0.948	0	0	0	0	0.667	0	1	0	0	0.667	0	1	0	0	0	0	0	0	0	0	0	1	0	0	0	0	1	0	0.961
11.848	0	0	0	52.362	16.141	0	1.012	0	59.904	8.513	0	1.012	0	13.733	0.692	0	0	0	0.254	0.683	0	0	0	0.25	0.821	0	0	0	0.545	0	0	0.2	0.75	0	0	0.111	0.2	0.75	0.2	0.554	0.471
0	0	0	0	0	0	0	0	0	0	0	0	0	0	0	0	0	0	0	0	0	0	0	0	0	0	0	0	0	0	1	0	0.889	0	0.6	1	0.8	0.333	0	0.4	0	0.980
11.499	89.044	0	15.397	13.233	12.642	94.948	0	19.514	14.809	12.843	21.788	0	11.776	11.55	0.758	0.123	0	0.596	0.641	0.818	0.12	0	0.579	0.725	0.53	0.268	0	0.473	0.382	0.25	0	0.4	0	0	0.25	0	0.8	0	0	0	0.378
0	0	0	0	0	0	0	0	0	0	0	0	0	0	0	0	0	0	0	0	0	0	0	0	0	0	0	0	0	0	0.8	0.2	0	1	1	0.8	0.4	0.4	1	1	0.117	0.937
0	0	0	0	0	0	0	0	0	0	0	0	0	0	0	0	0	0	0	0	0	0	0	0	0	0	0	0	0	0	0.875	0	0.2	1	0	0.5	0.2	0	0.75	0	0	0.818
0	0	0	0	0	0	0	0	0	0	0	0	0	0	0	0	0	0	0	0	0	0	0	0	0	0	0	0	0	0	0	0	0	1	0	0	0	0	1	0.8	0.418	0.381
0	0	3.924	0	0	0	0	3.924	0	0	0	0	1.012	0	0	0	0	0.833	0	0	0	0	0.833	0	0	0	0	0	0	0	0	0.143	0.25	0	0.75	0	0	0	0	0.375	0	0.652
0	0	0.897	0	0	0	0	0	0	0	0	0	0.897	0	0	0	0	0	0	0	0	0	0	0	0	0	0	0	0	0	0.8	1	0.6	1	0.2	0.4	0.6	0	0.75	0	0	0.983
0	0	0	0	0	0	0	0	0	0	0	0	0	0	0	0	0	0	0	0	0	0	0	0	0	0	0	0	0	0	0.667	0.2	0.4	1	0.4	1	0.2	0.6	1	1	0	0.987
0	0	0	0	0.919	0	0	0	0	0.919	0	0	0	0	0.919	0	0	0	0	0	0	0	0	0	0	0	0	0	0	0	0.4	0	0	0.333	0	0.4	0	0	0	0	0	0.739
0	0	0	0	0	0	0	0	0	0	0	0	0	0	0	0	0	0	0	0	0	0	0	0	0	0	0	0	0	0	0	0	0	0	0.111	0	0.25	0	0	0	0.415	0.391
3.924	0	0	0	0	3.924	0	0	0	0	1.012	0	0	0	0	0.833	0	0	0	0	0.833	0	0	0	0	0	0	0	0	0	0.25	0	0.75	0.143	0.6	0	0	0.375	0	0.8	0.294	0.519
0	3.894	29.783	4.803	0	0	8.897	34.969	7.326	0	0	5.978	18.351	3.446	0	0	0.611	0.412	0.905	0	0	0.528	0.398	0.857	0	0	0.467	0.324	0.667	0	0.333	0	0	0.111	0	0.667	0	0.667	0	0	0	0.769
0	0.933	9.479	10.518	0.931	0	0.933	9.479	10.518	0.931	0	0	0	0.978	0	0	0	0.944	0.818	0	0	0	0.944	0.818	0	0	0	0	0	0	0	0	0	0.125	0.5	0	0	0	0	0.5	0	0.503
0	5.928	0	0	0	0	5.928	0	0	0	0	0	0	0	0	0	0.933	0	0	0	0	0.933	0	0	0	0	0	0	0	0	0.2	0	0	0	0	0	0	0	0	0	0	0.564
0	0	0	0	0	0	0	0	0	0	0	0	0	0	0	0	0	0	0	0	0	0	0	0	0	0	0	0	0	0	0.6	1	0	0.5	0	0.2	0.667	0	0.25	0	0	0.685
0	0	5.545	0.954	0	0	0	4.639	1.842	0	0	0	0.905	0.888	0	0	0	0.867	1	0	0	0	0.9	1	0	0	0	0	0	0	0	0	0	0.2	0.2	0	0	0	0	0.2	0.419	0.187
0	0	0.899	0	0.954	0	0	0.899	0	1.842	0	0	0	0	0.888	0	0	0	0	1	0	0	0	0	1	0	0	0	0	0	0	0	0	0.111	0.2	0	0	0	0	0	0.716	0.224
0	0.997	9.74	0	0	0	0.997	9.74	0	0	0	0.997	0	0	0	0	0	0.956	0	0	0	0	0.956	0	0	0	0	0	0	0	0	0.2	0	0	0.8	0	0	0	0	0	0.556	0.248
0	10.376	0	0.895	0	0	11.548	0	1.795	0	0	4.891	0	0.9	0	0	0.576	0	1	0	0	0.576	0	1	0	0	0.4	0	0	0	0	0	0	0	0	0	0	0.667	0	0	0	0.438
0	14.712	5.679	28.715	0	0	18.126	9.925	30.956	0	0	4.278	0	4.983	0	0	0.621	0.933	0.445	0	0	0.614	0.933	0.445	0	0	0	0	0.1	0	0	0	0	0	0	0	0	0	0	0	0.556	0.365
0.996	38.716	0.895	0	10.376	0.996	42.866	1.795	0	11.548	0	7.078	0.9	0	4.891	0	0.277	1	0	0.576	0	0.27	1	0	0.576	0	0.238	0	0	0.4	0	0	0	0	0	0	0	0	0	0	0.298	0.206
0	0.906	0	0	0.997	0	0.906	0	0	0.997	0	0	0	0	0.997	0	0	0	0	0	0	0	0	0	0	0	0	0	0	0	0.4	0.2	0	0	0.2	0	0	0	0	0	0.415	0.396
0	13.896	0	0.905	0	0.892	13.896	0	1.797	0	0.892	4.933	0	0.892	0	0	0.89	0	0	0	0	0.879	0	0	0	0	0.8	0	0	0	0	0	0	0	0	0	0	0	0	0	0.557	0.098
0	0	0	2.72	0	0	0	0	3.715	0	0	0	0	1.883	0	0	0	0	0.7	0	0	0	0	0.833	0	0	0	0	0	0	0	0	0	0	0	0	0	0	0	0	0.717	0.166
12.602	0	0	0	0	15.639	0	0	0	0	6.106	0	0	0	0	0.45	0	0	0	0	0.45	0	0	0	0	0.2	0	0	0	0	0	0	0	0.2	0.571	0	0	0	0.2	0.429	0	0.516
0	0	0	0	0	0	0	0.942	0	0	0	0	0.942	0	0	0	0	0	0	0	0	0	0	0	0	0	0	0	0	0	0	0	0	0	0	0	0	0	0	0.5	0.56	0.290
0	2.805	0.907	0	0	0	4.671	0.907	0	0	0	1.866	0	0	0	0	0.8	0	0	0	0	0.8	0	0	0	0	0	0	0	0	0	0	0	0	0.111	0	0	0	0	0	0.897	0.355
28.715	23.966	14.712	1.816	0	30.956	26.073	18.126	1.816	0	4.983	5.162	4.278	0	0	0.445	0.532	0.621	1	0	0.445	0.526	0.614	1	0	0.1	0.1	0	0	0	0	0	0	0.333	0	0	0	0	0	0	0.556	0.207
0	0	0	0	26.937	0.967	0	0	0	28.905	0.967	0	0	0	2.928	0	0	0	0	0.446	0	0	0	0	0.446	0	0	0	0	0	0.2	0	0.2	0	0.25	0.8	0	0	0	0.5	0	0.594
0	0	0.929	0	0.913	0	0	1.83	0	0.913	0	0	0.901	0	0	0	0	1	0	0	0	0	1	0	0	0	0	0	0	0	0	0	0	0.2	0	0	0	0	0	0	0.557	0.231
0	0	0	0	0	0	0	0	0	0	0	0	0	0	0	0	0	0	0	0	0	0	0	0	0	0	0	0	0	0	0.667	0.6	0	0.333	0.8	0.667	0.8	0	0.667	1	0	0.990
0	0	0	0	10.692	0.943	0	0.898	0	11.749	0.943	0	0.898	0	7.765	0	0	0	0	0.333	0	0	0	0	0.379	0	0	0	0	0.214	0	0	0	0	0	0	0	0	0	0	0.713	0.221
0	0.923	0	12.301	1.808	0	0.923	0	12.301	1.808	0	0	0	0	0	0	0	0	0.641	1	0	0	0	0.641	1	0	0	0	0	0	0.143	0	0	0	0	0.571	0	0.25	0	0	0.418	0.644
0	8.649	0	0.895	0	0	8.649	0	0.895	0	0	2.92	0	0.895	0	0	0.694	0	0	0	0	0.694	0	0	0	0	0	0	0	0	0	0.8	0	0	0	0	0.2	0	0	0	0.418	0.426
0	0	0	11.626	0	0	0	0	16.05	0	0	0	0	5.308	0	0	0	0	0.75	0	0	0	0	0.75	0	0	0	0	0.7	0	0	0	0	0	0	0	0	0	0	0	0.713	0.287
0	0	0	0	0	0	0	0	0	0	0	0	0	0	0	0	0	0	0	0	0	0	0	0	0	0	0	0	0	0	0.8	0.5	0.4	0.75	1	0.4	0.5	0.2	1	0.75	0	0.968
0	1.97	0	0	0	0	1.97	0	0	0	0	0	0	0	0	0	1	0	0	0	0	1	0	0	0	0	0	0	0	0	0	0	0	0	0	0	0	0	0	0	0.716	0.179
1.873	5.589	0.916	0.919	0	1.873	4.69	0.916	0	0	0.949	2.775	0	0.919	0	1	0.867	0	0	0	1	0.8	0	0	0	0	0.333	0	0	0	0	0	0	0.2	0	0	0	0	0	0	0.417	0.184
0	0	0	0	0	0	0	0	0	0.967	0	0	0	0	0.967	0	0	0	0	0	0	0	0	0	0	0	0	0	0	0	0	0	0	0.333	0.2	0	0.2	0	0.333	0.8	0.72	0.479
1.102	0	0	0	1.816	1.102	0	0	0	1.816	1.102	0	0	0	0	0	0	0	0	1	0	0	0	0	1	0	0	0	0	0	0.2	1	0.2	0	0.333	0.4	1	0	0.4	0	0.198	0.518
0	0.889	0.905	0	13.896	0	0.889	1.797	0	13.896	0	0	0.892	0	4.933	0	0	0	0	0.89	0	0	0	0	0.879	0	0	0	0	0.8	0	0	0	0	0	0	0	0	0	0	0.715	0.351
0	0	16.94	11.292	7.512	0	0	18.951	12.281	7.512	0	0	1.902	0.989	0	0	0	0.749	0.731	0.929	0	0	0.749	0.731	0.929	0	0	0	0	0	0.6	0	0	0	0	0	0	0	0	0	0.12	0.472
29.783	0	0	3.894	5.719	34.969	0	0	8.897	6.662	18.351	0	0	5.978	5.761	0.412	0	0	0.611	0.857	0.398	0	0	0.528	0.857	0.324	0	0	0.467	0.8	0	0.333	0	0	0	0.667	0.667	0	0	0	0.059	0.331
0	0	0	0	0	0	0	0	0	0	0	0	0	0	0	0	0	0	0	0	0	0	0	0	0	0	0	0	0	0	0.4	0	0	0	0.2	0	0	0	0	0	0.896	0.513
0	0	1.808	0.923	10.518	0	0	1.808	0.923	10.518	0	0	0	0	0.978	0	0	1	0	0.818	0	0	1	0	0.818	0	0	0	0	0	0	0.143	0	0	0.125	0.25	0.571	0	0	0	0	0.645
18.481	52.362	68.429	0	71.114	22.697	59.904	74.732	1.012	76.081	8.408	13.733	20.318	1.012	16.437	0.506	0.254	0.167	0	0.154	0.502	0.25	0.163	0	0.15	0.643	0.545	0.331	0	0.352	0.143	0	0	0.2	0	0	0.2	0	0.2	0	0.557	0.188
11.741	0	0	0	3.689	13.812	0	0	0	4.71	5.285	0	0	0	1.02	0.582	0	0	0	1	0.582	0	0	0	1	0.4	0	0	0	0	0	0	0	0	0	0	0	0	0	0	0.12	0.376
19.614	0	0	2.997	0	19.614	0	0	2.997	0	2.936	0	0	2.078	0	0.661	0	0	0.667	0	0.661	0	0	0.667	0	0	0	0	0	0	0.444	1	0.667	0	1	0.111	1	1	0	0.75	0	0.384
4.234	0	0	0	0	4.234	0	0	0	0	4.507	0	0	0	0	1	0	0	0	0	1	0	0	0	0	1	0	0	0	0	0.6	0.556	0	0.4	0.556	0.2	0.556	0	0.2	0.444	0	0.513
0.89	5.639	2.884	3.727	0	0.89	6.564	2.884	4.643	0	0	2.782	0.957	2.784	0	0	0.81	1	1	0	0	0.762	1	1	0	0	0.333	0	1	0	0	0	0	0	0	0	0	0	0	0	0.559	0.218
0	0	0	0	11.976	0	0	0	0	13.037	0	0	0	0	3.078	0	0	0	0	0.833	0	0	0	0	0.833	0	0	0	0	0	0	0.2	0	0	0.2	0	0	0	0	0	0.418	0.359
89.044	15.397	11.499	39.981	0	94.948	19.514	12.642	41.549	0	21.788	11.776	12.843	15.831	0	0.123	0.596	0.758	0.37	0	0.12	0.579	0.818	0.376	0	0.268	0.473	0.53	0.551	0	0	0	0.25	0.25	0.4	0	0	0.25	0	0.8	0	0.295
0	0.911	0	0	0	0	0.911	0	0	0	0	0	0	0	0	0	0	0	0	0	0	0	0	0	0	0	0	0	0	0	0	0.5	0	0.111	1	0	0	0	0	1	0.559	0.296
1.886	10.692	0	0	0	3.745	11.749	2.73	0.898	2.876	2.928	7.765	2.73	0.898	2.876	0.5	0.333	0.667	0	0.667	0.5	0.379	0.333	0	0.333	0	0.214	0.667	0	0.667	0	0	0	0	0	0	0	0	0	0	0	0.229
0	0	0	0	0.89	0	0	0	0	0.89	0	0	0	0	0	0	0	0	0	0	0	0	0	0	0	0	0	0	0	0	0	0.6	0.4	0.75	0.125	0	0.8	0.6	0.375	0	0	0.661
0	0	0	0	0	0	0	0	0	0	0	0	0	0	0	0	0	0	0	0	0	0	0	0	0	0	0	0	0	0	0.4	0	0	0.4	0.333	0.8	0	0	0	0.333	0.298	0.739
1.828	0	4.038	0.96	2.712	4.63	0	1.981	3.694	5.577	2.802	0	2.945	2.734	3.775	0.8	0	0.8	0.833	0.6	0.8	0	1	0.833	0.6	1	0	0.333	1	0.5	0	0	0.2	0	0.333	0	0	0	0	0	0.299	0.305
