3.749	4.498	11.906	23.55	0.853	3.79	6.415	9.948	22.991	4.769	3.135	3.765	11.544	12.679	3.916	0.733	0.476	0.448	0.262	0.7	0.667	0.476	0.489	0.281	0.7	0.333	0.333	0.345	0.227	0.333	0.4	0	0	0.2	0	0	0	0	0	0	0	0.401
0	0.946	0	0	0	0	0.946	0	0	0	0	0.946	0.872	0	0	0	0	0	0	0	0	0	0	0	0	0	0	0	0	0	0.5	0.2	0.75	0	0.4	0	0.2	0	0	0	0	0.677
0.852	0	6.622	0	1.853	0.852	0	10.733	0	2.616	0.852	0	8.091	0	3.607	0	0	0.618	0	0.333	0	0	0.527	0	0	0	0	0.607	0	0.333	0.2	0.4	0	0	0	0	0	0	0	0	0	0.602
0	1.948	4	1.103	2.669	0	1.948	6.387	1.103	2.669	0	1.948	4.558	1.103	0.896	0	1	0.533	0	1	0	1	0.467	0	1	0	0	0.5	0	0	0	0	0	0	0	0	0	0	0.333	0	0.118	0.778
0	12.526	2.98	1.814	0	0	20.582	10.81	5.231	2.961	0	0	0	0	2.075	0	0.36	0.689	0.9	0.667	0	0.36	0.689	0.9	0.667	0	0	0	0	0	0	0	0	0.333	0	0.667	0.6	0.8	1	0	0.198	0.881
4.965	0	10.46	7.576	0	4.965	0	13.802	11.12	0	0	0	3.174	3.543	0	0.6	0	0.473	0.636	0	0.6	0	0.44	0.582	0	0	0	0	0	0	0	0	0	0	1	0	0	0	0	1	0.116	0.395
0	0	0	1.767	0.868	0.874	0.908	0	6.441	3.755	0.874	0.908	0	5.57	2.887	0	0	0	0.429	0.833	0	0	0	0.429	0.833	0	0	0	0.067	0.333	0	0	0	0	0	0	0.333	0	0	0	0.558	0.281
0	0	0	0	0	0	0	0	0	0	0	0	0	0	0	0	0	0	0	0	0	0	0	0	0	0	0	0	0	0	0.2	0	0	0	0.6	0.2	0	0	0.286	0.2	0	0.417
0	0	0	0	0	0	0	0	0	0	0	0	0	0	0	0	0	0	0	0	0	0	0	0	0	0	0	0	0	0	0	0	0.556	1	0	0	0	0	1	0	0.56	0.218
0	0	0	0	0	0	0.942	0	0	0	0	0.942	0	0	0	0	0	0	0	0	0	0	0	0	0	0	0	0	0	0	0	0	0	0	0	0	0	0	0	0	0.554	0.392
0.946	6.614	0	11.766	2.179	0.946	7.644	0	12.717	2.179	0.946	3.851	0	5.769	2.179	0	0.714	0	0.423	0	0	0.607	0	0.359	0	0	0.5	0	0.333	0	0.143	0	0.4	0.4	0	0	0	0.2	0	0	0.557	0.258
0	0.904	0	0	15.25	0	2.779	0	0	14.919	0	2.779	0	0	6.353	0	1	0	0	0.346	0	0.667	0	0	0.305	0	0.333	0	0	0.267	0	0.25	0	0	0	0	0.25	0	0.75	0	0	0.435
4.526	2.789	3.557	0	11.766	6.683	5.717	7.393	0	12.717	3.036	4.839	3.836	0	5.769	0.619	0.933	0.643	0	0.423	0.571	0.867	0.571	0	0.359	0.333	0.5	0.333	0	0.333	0	0.2	0	0.5	0.4	0	0	0	0	0	0.899	0.406
19.399	4.949	0	10.064	3.981	26.951	9.756	5.809	16.278	9.652	10.701	3.919	5.809	5.924	9.386	0.274	0.422	0.533	0.346	0.422	0.265	0.422	0.533	0.346	0.5	0.25	0.167	0.267	0.133	0.306	0	0	0	0	0	0	0	0	0	0	0.894	0.639
2.669	4	20.815	0	6.659	2.669	6.387	23.364	0	7.576	0.896	4.558	5.418	0	3.629	1	0.533	0.371	0	0.5	1	0.467	0.357	0	0.5	0	0.5	0.333	0	0.333	0	0	0	0	0	0	0	0	0	0	0.718	0.220
7.283	2.454	4.948	0	0	7.283	2.454	4.948	0	0	0.877	0	0	0	0	0.429	1	0.3	0	0	0.429	1	0.2	0	0	0	0	0	0	0	0	0.556	0	1	1	0	0.889	0	1	1	0.118	0.294
7.256	14.524	5.138	25.339	1.028	9.382	21.391	7.34	32.807	2.951	7.466	14.786	4.774	11.526	2.951	0.455	0.277	0.643	0.205	0	0.378	0.238	0.643	0.191	0	0.286	0.238	0.5	0.273	0	0	0	0	0.25	0	0	0	0	0	0	0	0.516
6.119	1.353	0	0	0	6.119	2.34	0	0	0	0.851	2.34	0	0	0	0.8	1	0	0	0	0.733	1	0	0	0	0	1	0	0	0	0.667	0	0.2	0.444	0	0.444	0	0	0	0	0	0.725
0	0	1.103	0	1.948	0	0	1.103	0	1.948	0	0	1.103	0	1.948	0	0	0	0	1	0	0	0	0	1	0	0	0	0	0	0.4	0	0	0	0	0	0	0.333	0	0	0	0.405
0	0	0	0	0	0	0	0	0	1.967	0	0	0	0	1.967	0	0	0	0	1	0	0	0	0	0	0	0	0	0	1	0	0	0.625	0.875	0	0	0	0.25	0.75	0	0.3	0.384
0.86	0.853	0	11.906	15.619	1.789	4.769	0	9.948	21.717	1.789	3.916	0.899	11.544	14.058	1	0.7	0	0.448	0.338	1	0.7	0	0.489	0.299	0	0.333	0	0.345	0.231	0.333	0	0.4	0	0	0	0	0.2	0	0	0	0.660
0	3.762	25.339	4.963	14.524	4.644	4.479	32.807	7.064	21.391	4.644	7.369	11.526	8.351	14.786	0.7	0.786	0.205	0.622	0.277	0.6	0.9	0.191	0.667	0.238	0.6	0.607	0.273	0.536	0.238	0	0	0.25	0	0	0	0	0	0	0	0.42	0.353
1.103	0	1.948	0	0	1.103	0	1.948	0	0	1.103	0	1.948	0	0	0	0	1	0	0	0	0	1	0	0	0	0	0	0	0	0	0.4	0	0	0	0.333	0	0	0	0	0	0.450
2.98	0	0	12.526	10.064	10.81	0	2.961	20.582	16.278	0	0	2.075	0	5.924	0.689	0	0.667	0.36	0.346	0.689	0	0.667	0.36	0.346	0	0	0	0	0.133	0	0	0	0	0	0.8	0.667	0	0.6	0	0.717	0.224
1.787	4.671	7.576	0.868	0	2.69	9.032	11.12	3.755	0	1.799	3.289	3.543	2.887	0	1	0.528	0.636	0.833	0	1	0.528	0.582	0.833	0	1	0	0	0.333	0	0	0	0	0	0	0	0	0	0	0	0.718	0.296
2.789	0	4.526	1.76	3.557	5.717	0	6.683	4.844	7.393	4.839	0	3.036	3.98	3.836	0.933	0	0.619	0.5	0.643	0.867	0	0.571	0.5	0.571	0.5	0	0.333	0.167	0.333	0.2	0.5	0	0	0	0	0	0	0	0	0.42	0.229
0	0	0	0	0	0	0	0	0	0	0	0	0	0	0	0	0	0	0	0	0	0	0	0	0	0	0	0	0	0	0	0.2	0.6	0	0.25	0	0.2	0.2	0	0	0	0.595
0	19.399	3.981	4.949	0	5.809	26.951	9.652	9.756	5.739	5.809	10.701	9.386	3.919	4.884	0.533	0.274	0.422	0.422	0.6	0.533	0.265	0.5	0.422	0.6	0.267	0.25	0.306	0.167	0.4	0	0	0	0	0	0	0	0	0	0	0.117	0.632
0	0.946	2.179	6.614	0	0	0.946	2.179	7.644	0	0	0.946	2.179	3.851	0	0	0	0	0.714	0	0	0	0	0.607	0	0	0	0	0.5	0	0.4	0.143	0	0	0.4	0.2	0	0	0	0	0	0.805
0	0	1.041	0	0	0	0	0	0	0	0	0	1.041	0	0	0	0	0	0	0	0	0	0	0	0	0	0	0	0	0	0.2	1	0	0.444	1	0.2	1	0	0.444	1	0	0.388
6.622	0.852	1.853	0	2.786	10.733	0.852	2.616	0	8.258	8.091	0.852	3.607	0	6.41	0.618	0	0.333	0	0.75	0.527	0	0	0	0.643	0.607	0	0.333	0	0.667	0	0.2	0	0.4	0	0	0	0	0	0	0.299	0.409
11.766	3.557	6.614	4.526	0.946	12.717	7.393	7.644	6.683	0.946	5.769	3.836	3.851	3.036	0.946	0.423	0.643	0.714	0.619	0	0.359	0.571	0.607	0.571	0	0.333	0.333	0.5	0.333	0	0.4	0	0	0	0.143	0	0	0	0	0	0.898	0.581
0	0	0.868	0	4.671	0	0.874	3.755	0.908	9.032	0	0.874	2.887	0.908	3.289	0	0	0.833	0	0.528	0	0	0.833	0	0.528	0	0	0.333	0	0	0	0	0	0	0	0	0	0	0.333	0	0.557	0.440
0.9	0	0	15.856	0	3.833	0	0	17.615	0	2.933	0	0	6.502	0	1	0	0	0.327	0	0.667	0	0	0.257	0	1	0	0	0.4	0	0	0	0	0	0	0	0	0.2	0	0	0.116	0.351
0	0	0	0	1.041	0	0	0	0	0	0	0	0	0	1.041	0	0	0	0	0	0	0	0	0	0	0	0	0	0	0	1	0.444	0.2	0.6	0	1	0.444	0.2	0.6	0	0	0.959
0	0	0	0	2.454	0	0	0	0	2.454	0	0	0	0	0	0	0	0	0	1	0	0	0	0	1	0	0	0	0	0	0.556	0	1	0.4	0.556	0.444	0	1	0.2	0.889	0	0.866
0	0	0	0	5.301	0	0	0	2.097	6.41	0	0	0	2.097	5.145	0	0	0	1	0.267	0	0	0	1	0.2	0	0	0	1	0.2	0	0.5	0	0	0	0.2	0.25	0	0	0	0.42	0.281
0	0	0	0	0	0	0	0	0	0	0	0	0	0	0	0	0	0	0	0	0	0	0	0	0	0	0	0	0	0	0.444	0.6	1	0.2	0.2	0.444	0.6	1	0.2	0.2	0.414	0.286
0.904	0	0	1.212	0	2.779	0	0	0	0	2.779	0	0	1.212	0	1	0	0	0	0	0.667	0	0	0	0	0.333	0	0	0	0	0.25	0	0	0	0	0.25	0.75	0	0	0	0	0.484
1.152	3.351	0	7.018	0	1.152	3.351	0	5.754	0	1.152	0	0	3.413	0	0	0.667	0	0.714	0	0	0.667	0	0.533	0	0	0	0	0.333	0	0	0	0.4	0	0	0	0	0.8	0	0.286	0.414	0.365
4	0	2.669	1.948	20.815	6.387	0	2.669	1.948	23.364	4.558	0	0.896	1.948	5.418	0.533	0	1	1	0.371	0.467	0	1	1	0.357	0.5	0	0	0	0.333	0	0	0	0	0	0	0	0	0	0	0.896	0.226
0	0.941	0	0	0	0	0.941	0	0	0	0	0.941	0	0	0	0	0	0	0	0	0	0	0	0	0	0	0	0	0	0	0.8	0.75	0.667	0.889	1	0.2	0.5	0.778	1	1	0	0.628
0	0	0	4.948	0	0	0	0	4.948	0	0	0	0	0	0	0	0	0	0.3	0	0	0	0	0.2	0	0	0	0	0	0	0	1	0	0	0.556	0	1	0	0	0	0	0.638
1.948	1.103	0	0	4	1.948	1.103	0	0	6.387	1.948	1.103	0	0	4.558	1	0	0	0	0.533	1	0	0	0	0.467	0	0	0	0	0.5	0	0	0	0.4	0	0	0.333	0	0	0	0.2	0.361
0	0	0	1.152	0	0	0	0	1.152	0	0	0	0	1.152	0	0	0	0	0	0	0	0	0	0	0	0	0	0	0	0	0	0.4	0	0	0.2	0.286	0.8	0	0	0.2	0.418	0.833
0	0	0	0	0	2.097	0	0	0	0	2.097	0	0	0	0	1	0	0	0	0	1	0	0	0	0	1	0	0	0	0	0	0	0.5	0.2	0	0	0	0.25	0	0.2	0.299	0.270
4.671	0.868	1.787	0	7.576	9.032	3.755	2.69	0	11.12	3.289	2.887	1.799	0	3.543	0.528	0.833	1	0	0.636	0.528	0.833	1	0	0.582	0	0.333	1	0	0	0	0	0	0	0	0	0	0	0	0	0.717	0.319
0	0	0	0	0	0	0	0	0	0	0	0	0	0	0	0	0	0	0	0	0	0	0	0	0	0	0	0	0	0	0	0	0.2	0.4	0	0	0.286	0.2	0.8	0	0	0.494
6.659	20.815	0	2.669	0	7.576	23.364	0	2.669	0	3.629	5.418	0	0.896	0	0.5	0.371	0	1	0	0.5	0.357	0	1	0	0.333	0.333	0	0	0	0	0	0	0	0	0	0	0	0	0	0.717	0.151
0.853	11.906	0.86	3.749	0	4.769	9.948	1.789	3.79	0	3.916	11.544	1.789	3.135	0.899	0.7	0.448	1	0.733	0	0.7	0.489	1	0.667	0	0.333	0.345	0	0.333	0	0	0	0.333	0.4	0.4	0	0	0	0	0.2	0.418	0.245
3.981	0	0	19.399	1.882	9.652	5.809	5.739	26.951	8.451	9.386	5.809	4.884	10.701	7.466	0.422	0.533	0.6	0.274	0.571	0.5	0.533	0.6	0.265	0.571	0.306	0.267	0.4	0.25	0.476	0	0	0	0	0	0	0	0	0	0	0.559	0.363
0	0	0	0	0	0	0	0	0	0	0	0	0	0	0	0	0	0	0	0	0	0	0	0	0	0	0	0	0	0	0.2	1	0.6	0.667	0.444	0.2	1	0.6	0.778	0.444	0	0.438
0	0	2.454	0	7.283	0	0	2.454	0	7.283	0	0	0	0	0.877	0	0	1	0	0.429	0	0	1	0	0.429	0	0	0	0	0	1	0.556	0.556	0	0	1	0.444	0.889	0	0	0	0.945
0	4.948	0	7.283	0	0	4.948	0	7.283	0	0	0	0	0.877	0	0	0.3	0	0.429	0	0	0.2	0	0.429	0	0	0	0	0	0	1	0	0	0	0	1	0	0	0	0	0	0.944
7.576	1.787	0	4.671	4.965	11.12	2.69	0	9.032	4.965	3.543	1.799	0	3.289	0	0.636	1	0	0.528	0.6	0.582	1	0	0.528	0.6	0	1	0	0	0	0	0	0	0	0	0	0	0	0	0	0.419	0.172
0	0	0	1.867	0	0.942	0	0	5.65	0	0.942	0	0	5.65	0	0	0	0	0.533	0	0	0	0	0.533	0	0	0	0	0.533	0	0	0	0	0	0	0	0	0	0	0	0.299	0.201
0	1.041	0.941	0	0	0	0	0.941	0	0	0	1.041	0.941	0	0	0	0	0	0	0	0	0	0	0	0	0	0	0	0	0	1	0	0.444	0.2	0	1	0	0.778	0.2	0	0.294	0.790
0	15.856	0.9	0	0	0	17.615	3.833	0	0	0	6.502	2.933	0	0	0	0.327	1	0	0	0	0.257	0.667	0	0	0	0.4	1	0	0	0	0	0	0	0	0	0	0	0	0.2	0.559	0.230
0	0	0.852	0	6.622	0	0	0.852	1.967	10.733	0	0	0.852	1.967	8.091	0	0	0	1	0.618	0	0	0	0	0.527	0	0	0	1	0.607	0.4	0	0.2	0	0	0	0	0	0	0	0	0.847
1.028	5.138	1.767	7.256	0	2.951	7.34	6.441	9.382	0.908	2.951	4.774	5.57	7.466	0.908	0	0.643	0.429	0.455	0	0	0.643	0.429	0.378	0	0	0.5	0.067	0.286	0	0	0	0	0	0	0	0	0	0	0.333	0.414	0.245
0	0	0	0	0	0	2.097	0	0	0	0	2.097	0	0	0	0	1	0	0	0	0	1	0	0	0	0	1	0	0	0	0.5	0	0	0	0	0.25	0	0.2	0	0	0	0.837
5.301	0	0	0	0	6.41	0	0	0	0	5.145	0	0	0	0	0.267	0	0	0	0	0.2	0	0	0	0	0.2	0	0	0	0	0	0	0	0	0	0	0	0	0.2	0	0.299	0.260
0	0	0	0.941	0	0	0	0	0.941	0	0	0	0	0.941	0	0	0	0	0	0	0	0	0	0	0	0	0	0	0	0	0.667	0.8	1	0.75	0.2	0.778	0.2	1	0.5	0.2	0	0.682
0	0	0	0	0	0	0	0	0	0	0	0	0	0	0	0	0	0	0	0	0	0	0	0	0	0	0	0	0	0	1	0.667	0.2	0.8	0.6	1	0.778	0.2	0.2	0.6	0.298	0.738
0	0	0	0	0	0	0	0	0	0	0	0	0	0	0	0	0	0	0	0	0	0	0	0	0	0	0	0	0	0	0.4	0.2	0	0	0.556	0.2	0.2	0	0	0.444	0	0.671
1.814	10.217	12.526	3.759	0	5.231	16.013	20.582	7.303	0	0	0	0	0	0	0.9	0.407	0.36	0.714	0	0.9	0.407	0.36	0.714	0	0	0	0	0	0	0.333	0	0	0.125	0	1	0	0.6	0	0.667	0.893	0.567
0	5.467	0	0	0	0	2.857	0	0	0	0	6.575	0	0	0	0	0.524	0	0	0	0	0.333	0	0	0	0	0.524	0	0	0	0.875	0.2	0	0	0	0.75	0.2	0	0	0	0	0.875
0	3.981	1.882	0	0.943	5.739	9.652	8.451	5.809	8.519	4.884	9.386	7.466	5.809	6.585	0.6	0.422	0.571	0.533	0.361	0.6	0.5	0.571	0.533	0.333	0.4	0.306	0.476	0.267	0.238	0	0	0	0	0	0	0	0	0	0	0.414	0.596
0	0	1.265	0	0	0	0	1.265	0	0	0	0	0	0	0	0	0	0	0	0	0	0	0	0	0	0	0	0	0	0	0	0.556	0.4	0	0	0	0	0	0	0	0.559	0.585
0	0	0	2.864	0.941	0	0	0	2.864	0.941	0	0	0	0	0.941	0	0	0	1	0	0	0	0	0.667	0	0	0	0	0	0	0.2	0.75	0.889	0.2	0.75	0.6	0.875	1	0.8	0.5	0	0.901
0	0	0	-1	0.946	0	0	0	-1	0.946	0	0	0	-1	0.946	0	0	0	-1	0	0	0	0	-1	0	0	0	0	-1	0	0	0	0	-1	0.2	0	0	0	-1	0.2	0.716	0.933
15.619	0	1.76	0.86	0	21.717	0	4.844	1.789	0	14.058	0.899	3.98	1.789	0	0.338	0	0.5	1	0	0.299	0	0.5	1	0	0.231	0	0.167	0	0	0	0.4	0	0.333	0.5	0	0.2	0	0	0	0.415	0.569
0	0	0	0	0	0	0	0	0	0	0	0	0	0	0	0	0	0	0	0	0	0	0	0	0	0	0	0	0	0	0	0.4	0.556	0.2	1	0	0.2	0.444	0.2	1	0	0.947
14.524	25.339	7.256	0	5.138	21.391	32.807	9.382	4.644	7.34	14.786	11.526	7.466	4.644	4.774	0.277	0.205	0.455	0.7	0.643	0.238	0.191	0.378	0.6	0.643	0.238	0.273	0.286	0.6	0.5	0	0.25	0	0	0	0	0	0	0	0	0	0.515
0	1.867	0	0	0	0	5.65	0.942	2.83	0	0	5.65	0.942	2.83	0	0	0.533	0	0.333	0	0	0.533	0	0.333	0	0	0.533	0	0.333	0	0	0	0	0	0	0	0	0	0	0	0	0.431
20.815	2.669	6.659	4	0	23.364	2.669	7.576	6.387	0	5.418	0.896	3.629	4.558	0	0.371	1	0.5	0.533	0	0.357	1	0.5	0.467	0	0.333	0	0.333	0.5	0	0	0	0	0	0	0	0	0	0	0	0.898	0.697
0	0	0	0	0	0	0	0	0	0	0	0	0	0	0	0	0	0	0	0	0	0	0	0	0	0	0	0	0	0	0.6	0.2	0.444	1	1	0.6	0.2	0.444	1	1	0	0.728
1.265	0	0	0	0	1.265	0	0	0	0	0	0	0	0	0	0	0	0	0	0	0	0	0	0	0	0	0	0	0	0	0.4	0	0	0.556	0.444	0	0	0	0	0	0	0.461
5.514	1.212	0	0	0	3.477	0	0	0	0	4.674	2.084	0	0	0	0.571	0	0	0	0	0.833	0	0	0	0	0.3	0	0	0	0	0	0	0.5	0.4	0.6	0	0	0.75	0	0.2	0	0.585
1.041	0	0	0	0.941	0	0	0	0	0.941	1.041	0	0	0	0.941	0	0	0	0	0	0	0	0	0	0	0	0	0	0	0	0	0.2	1	1	0.444	0	0.2	1	1	0.778	0	0.663
0	0	0	0	1.103	0	0	0	0	1.103	0	0	0	0	1.103	0	0	0	0	0	0	0	0	0	0	0	0	0	0	0	0	0	0.4	0	0	0	0	0	0	0.333	0.556	0.125
1.882	0	0.943	3.981	2.728	8.451	5.739	8.519	9.652	9.716	7.466	4.884	6.585	9.386	8.816	0.571	0.6	0.361	0.422	0.444	0.571	0.6	0.333	0.5	0.444	0.476	0.4	0.238	0.306	0.361	0	0	0	0	0	0	0	0	0	0	0	0.513
0	0	0	10.46	0	0	0	0	13.802	0	0	0	0	3.174	0	0	0	0	0.473	0	0	0	0	0.44	0	0	0	0	0	0	0	1	0	0	0.4	0.8	1	0	0	0	0	0.698
6.614	11.766	0.946	3.557	0	7.644	12.717	0.946	7.393	0	3.851	5.769	0.946	3.836	0	0.714	0.423	0	0.643	0	0.607	0.359	0	0.571	0	0.5	0.333	0	0.333	0	0	0.4	0.143	0	0.4	0	0	0	0	0.2	0.718	0.358
0.868	0	4.671	0	1.787	3.755	0	9.032	0.874	2.69	2.887	0	3.289	0.874	1.799	0.833	0	0.528	0	1	0.833	0	0.528	0	1	0.333	0	0	0	1	0	0	0	0	0	0	0	0	0	0	0.195	0.178
0	0	0	5.467	0	0	0	0	2.857	0	0	0	0	6.575	0	0	0	0	0.524	0	0	0	0	0.333	0	0	0	0	0.524	0	0	0.875	0	0.2	0.625	0	0.75	0	0.2	0.25	0.559	0.280
12.526	1.814	0	10.217	2.98	20.582	5.231	0	16.013	10.81	0	0	0	0	0	0.36	0.9	0	0.407	0.689	0.36	0.9	0	0.407	0.689	0	0	0	0	0	0	0.333	0	0	0	0.6	1	0.667	0	0.8	0.419	0.353
0.934	0	23.55	1.773	4.498	0	0	22.991	3.87	6.415	0.934	0	12.679	2.097	3.765	0	0	0.262	1	0.476	0	0	0.281	0.833	0.476	0	0	0.227	1	0.333	0	0	0.2	0.6	0	0.6	0.556	0	0.4	0	0	0.672
0	0.9	0	0	0	0	3.833	0	0	0	0	2.933	0	0	0	0	1	0	0	0	0	0.667	0	0	0	0	1	0	0	0	0	0	0	0	0	0.2	0	0	0	0	0.556	0.715
0	0	0	0	0.852	0	1.967	0	0	0.852	0	1.967	0	0	0.852	0	1	0	0	0	0	0	0	0	0	0	1	0	0	0	0	0	0.4	0.625	0.2	0	0	0	0.25	0	0.554	0.271
1.867	0	0	2.614	0	5.65	2.83	0	6.676	0.942	5.65	2.83	0	4.946	0.942	0.533	0.333	0	0.81	0	0.533	0.333	0	0.81	0	0.533	0.333	0	0.8	0	0	0	0	0	0	0	0	0	0	0	0.299	0.136
0	2.864	0	0	0	0	2.864	0	0	0	0	0	0	0	0	0	1	0	0	0	0	0.667	0	0	0	0	0	0	0	0	0.75	0.2	0.2	0	0.889	0.875	0.8	0.6	0	1	0	0.744
0	0	0	0	0	0	0	0	0	0	0	0	0	0	0	0	0	0	0	0	0	0	0	0	0	0	0	0	0	0	0	0	0.2	0	0.4	0	0	0.2	0.2	0.2	0	0.371
0	0	0	5.514	1.773	0	0	0	3.477	3.87	0	0	1.025	4.674	2.097	0	0	0	0.571	1	0	0	0	0.833	0.833	0	0	0	0.3	1	0.6	0.5	1	0	0.6	0.2	0.75	0.875	0	0.4	0	0.896
0	1.265	0	0	1.353	0	1.265	0	0	2.34	0	0	0	0	2.34	0	0	0	0	1	0	0	0	0	1	0	0	0	0	1	0	0.4	0.444	0	0	0	0	0	0	0	0	0.683
10.064	0	4.949	2.98	19.399	16.278	2.961	9.756	10.81	26.951	5.924	2.075	3.919	0	10.701	0.346	0.667	0.422	0.689	0.274	0.346	0.667	0.422	0.689	0.265	0.133	0	0.167	0	0.25	0	0	0	0	0	0	0	0	0.8	0	0.72	0.171
0	0	0	6.659	7.236	0	0	0	7.576	12.358	0	0	0	3.629	0	0	0	0	0.5	0.582	0	0	0	0.5	0.582	0	0	0	0.333	0	0	0	0	0	0	0	0	0.571	0	0	0.117	0.966
0	0	7.018	0	3.351	0	0	5.754	0	3.351	0	0	3.413	0	0	0	0	0.714	0	0.667	0	0	0.533	0	0.667	0	0	0.333	0	0	0.4	0	0	0	0	0	0	0	0.8	0	0	0.720
0	0	0	0	0	0	0	0	0	0	0	0	0	0	0	0	0	0	0	0	0	0	0	0	0	0	0	0	0	0	0	0	0	0	0	0	0	0	0	0	0.897	1.000
2.614	0	0	2.728	1.867	6.676	0.868	2.83	9.716	5.65	4.946	1.76	2.83	8.816	5.65	0.81	1	0.333	0.444	0.533	0.81	0	0.333	0.444	0.533	0.8	1	0.333	0.361	0.533	0	0.2	0	0	0	0	0.4	0	0	0	0	0.325
0	0	0	0	0	0	0	0	0	0	0	0	0	0	0	0	0	0	0	0	0	0	0	0	0	0	0	0	0	0	0	0	0	0	0	0	0	0	0	0	0.419	1.000
0	0.86	15.619	0.853	1.76	0	1.789	21.717	4.769	4.844	0.899	1.789	14.058	3.916	3.98	0	1	0.338	0.7	0.5	0	1	0.299	0.7	0.5	0	0	0.231	0.333	0.167	0.4	0.333	0	0	0	0.2	0	0	0	0	0	0.423
0	1.767	0	1.028	0	0.908	6.441	0.874	2.951	0	0.908	5.57	0.874	2.951	0	0	0.429	0	0	0	0	0.429	0	0	0	0	0.067	0	0	0	0	0	0	0	0	0.333	0	0	0	0	0.117	0.205
0	0	0	0	-1	0	0	0	0	-1	0	0	0	0	-1	0	0	0	0	-1	0	0	0	0	-1	0	0	0	0	-1	0	0	0	0	-1	0	0	0	0	-1	0.896	1.000
0	1.152	0	3.351	0	0	1.152	0	3.351	0	0	1.152	0	0	0	0	0	0	0.667	0	0	0	0	0.667	0	0	0	0	0	0	0.4	0	0	0	0	0.8	0	0.286	0	0	0	0.755
0	1.773	0.934	0	23.55	0	3.87	0	0	22.991	0	2.097	0.934	1.025	12.679	0	1	0	0	0.262	0	0.833	0	0	0.281	0	1	0	0	0.227	0	0.6	0	1	0.2	0.556	0.4	0.6	0.875	0	0	0.870
0	0	1.353	1.265	6.119	0	0	2.34	1.265	6.119	0	0	2.34	0	0.851	0	0	1	0	0.8	0	0	1	0	0.733	0	0	1	0	0	0.444	0	0	0.4	0.667	0	0	0	0	0.444	0.419	0.420
3.762	4.963	0	2.786	25.339	4.479	7.064	4.644	8.258	32.807	7.369	8.351	4.644	6.41	11.526	0.786	0.622	0.7	0.75	0.205	0.9	0.667	0.6	0.643	0.191	0.607	0.536	0.6	0.667	0.273	0	0	0	0	0.25	0	0	0	0	0	0	0.424
0	0	5.467	2.179	0	0	0	2.857	2.179	0	0	0	6.575	2.179	0	0	0	0.524	0	0	0	0	0.333	0	0	0	0	0.524	0	0	0	0.4	0.2	0	0.875	0	0	0.2	0	0.75	0	0.570
3.759	7.236	10.217	0	1.814	7.303	12.358	16.013	0	5.231	0	0	0	0	0	0.714	0.582	0.407	0	0.9	0.714	0.582	0.407	0	0.9	0	0	0	0	0	0.125	0	0	0	0.333	0	0	0	0.571	1	0.9	0.674
0.943	1.882	2.728	0	0	8.519	8.451	9.716	5.739	0.868	6.585	7.466	8.816	4.884	1.76	0.361	0.571	0.444	0.6	1	0.333	0.571	0.444	0.6	0	0.238	0.476	0.361	0.4	1	0	0	0	0	0.2	0	0	0	0	0.4	0.557	0.251
0	0.941	1.212	0	0	0	0.941	0	0	0	0	0.941	1.212	0	0	0	0	0	0	0	0	0	0	0	0	0	0	0	0	0	0	0.444	0	1	0	0	0.778	0	1	0.75	0	0.605
15.25	0	0	0	15.856	14.919	0	0	0	17.615	6.353	0	0	0	6.502	0.346	0	0	0	0.327	0.305	0	0	0	0.257	0.267	0	0	0	0.4	0	0	0	0	0	0	0	0	0	0	0	0.614
10.217	3.759	1.814	7.236	12.526	16.013	7.303	5.231	12.358	20.582	0	0	0	0	0	0.407	0.714	0.9	0.582	0.36	0.407	0.714	0.9	0.582	0.36	0	0	0	0	0	0	0.125	0.333	0	0	0	0	1	0	0.6	0.9	0.548
2.728	0.943	0	1.882	2.614	9.716	8.519	0.868	8.451	6.676	8.816	6.585	1.76	7.466	4.946	0.444	0.361	1	0.571	0.81	0.444	0.333	0	0.571	0.81	0.361	0.238	1	0.476	0.8	0	0	0.2	0	0	0	0	0.4	0	0	0.414	0.241
0	0	0	0	7.018	0	0	0	0	5.754	0	0	0	0	3.413	0	0	0	0	0.714	0	0	0	0	0.533	0	0	0	0	0.333	0	0	0.4	1	0	0	0.8	0	1	0	0.414	0.333
0	1.212	0.904	0	0	0	0	2.779	0	0	0	1.212	2.779	0	0	0	0	1	0	0	0	0	0.667	0	0	0	0	0.333	0	0	0	0	0.25	0	0	0.75	0	0.25	0	0	0	0.550
7.236	0	3.759	0	10.217	12.358	0	7.303	0	16.013	0	0	0	0	0	0.582	0	0.714	0	0.407	0.582	0	0.714	0	0.407	0	0	0	0	0	0	0	0.125	0	0	0	0.571	0	0	0	0.195	0.593
10.46	4.965	0	0	0	13.802	4.965	0	0	0	3.174	0	0	0	0	0.473	0.6	0	0	0	0.44	0.6	0	0	0	0	0	0	0	0	0	0	1	0	0	0	0	1	0	0.8	0.414	0.231
0	0	0	0	0	0	0	0	0	0	0	0	0	0	0	0	0	0	0	0	0	0	0	0	0	0	0	0	0	0	0.2	0	0.4	0	0	0.2	0	0.2	0	0	0	0.448
0	6.659	0	20.815	0	0	7.576	0	23.364	0	0	3.629	0	5.418	0	0	0.5	0	0.371	0	0	0.5	0	0.357	0	0	0.333	0	0.333	0	0	0	0	0	0	0	0	0	0	0.571	0.554	0.970
0	0	1.212	0	5.514	0	0	0	0	3.477	0	0.872	2.084	0	4.674	0	0	0	0	0.571	0	0	0	0	0.833	0	0	0	0	0.3	0.4	0.75	0	0.5	0	0	0	0	0	0	0	0.689
0	0	0	0	0	0	0	0	0	0	0	0	0	0	0	0	0	0	0	0	0	0	0	0	0	0	0	0	0	0	0.6	0	0.25	0.2	0	0.2	0	0	0.2	0	0	0.682
0	2.728	2.614	0.943	0	0.868	9.716	6.676	8.519	2.83	1.76	8.816	4.946	6.585	2.83	1	0.444	0.81	0.361	0.333	0	0.444	0.81	0.333	0.333	1	0.361	0.8	0.238	0.333	0.2	0	0	0	0	0.4	0	0	0	0	0	0.735
5.138	7.256	1.028	14.524	1.767	7.34	9.382	2.951	21.391	6.441	4.774	7.466	2.951	14.786	5.57	0.643	0.455	0	0.277	0.429	0.643	0.378	0	0.238	0.429	0.5	0.286	0	0.238	0.067	0	0	0	0	0	0	0	0	0	0	0.558	0.315
0	0	-1	0	-1	0	0	-1	0	-1	0	0	-1	0	-1	0	0	-1	0	-1	0	0	-1	0	-1	0	0	-1	0	-1	0	0	-1	0	-1	0	0	-1	0	-1	0.896	1.000
0	0	7.236	0	3.759	0	0	12.358	0	7.303	0	0	0	0	0	0	0	0.582	0	0.714	0	0	0.582	0	0.714	0	0	0	0	0	0	0	0	0	0.125	0.571	0	0	0	0	0.557	0.941
2.864	0	0	0	0	2.864	0	0	0	0	0	0	0	0	0	1	0	0	0	0	0.667	0	0	0	0	0	0	0	0	0	0.2	0	0.75	0.25	0.2	0.8	0	0.875	0	0.6	0	0.723
0.946	0	0	0	0	0.946	0	0	0	0	0.946	0	0	0	0.872	0	0	0	0	0	0	0	0	0	0	0	0	0	0	0	0.2	0	0.5	0	0.75	0.2	0	0	0	0	0.298	0.384
5.467	0	0	0	0	2.857	0	0	0	0	6.575	0	0	0	0	0.524	0	0	0	0	0.333	0	0	0	0	0.524	0	0	0	0	0.2	0	0.875	0.4	0	0.2	0	0.75	0	0	0	0.505
0	0	5.301	0	0	0	0	6.41	0	0	0	0	5.145	0	0	0	0	0.267	0	0	0	0	0.2	0	0	0	0	0.2	0	0	0	0	0	0.5	0	0	0.2	0	0.25	0	0.898	0.242
0	1.76	2.789	15.619	4.526	0	4.844	5.717	21.717	6.683	0	3.98	4.839	14.058	3.036	0	0.5	0.933	0.338	0.619	0	0.5	0.867	0.299	0.571	0	0.167	0.5	0.231	0.333	0.5	0	0.2	0	0	0	0	0	0	0	0	0.769
0	0	15.25	0.904	0	0	0	14.919	2.779	0	0	0	6.353	2.779	0	0	0	0.346	1	0	0	0	0.305	0.667	0	0	0	0.267	0.333	0	0	0	0	0.25	0	0	0	0	0.25	0	0	0.379
0	-1	0	-1	0	0	-1	0	-1	0	0	-1	0	-1	0	0	-1	0	-1	0	0	-1	0	-1	0	0	-1	0	-1	0	0	-1	0	-1	0	0	-1	0	-1	0	0.899	1.000
0.941	0	0	1.041	1.212	0.941	0	0	0	0	0.941	0	0	1.041	1.212	0	0	0	0	0	0	0	0	0	0	0	0	0	0	0	0.444	1	0	0	0	0.778	1	0	0	0	0.197	0.663
3.351	7.018	1.152	0	0	3.351	5.754	1.152	0	0	0	3.413	1.152	0	0	0.667	0.714	0	0	0	0.667	0.533	0	0	0	0	0.333	0	0	0	0	0	0	0.4	0.4	0	0	0	0	0.8	0.716	0.347
1.212	0	5.514	0	0	0	0	3.477	0	0	2.084	0	4.674	0.872	0	0	0	0.571	0	0	0	0	0.833	0	0	0	0	0.3	0	0	0	0.4	0	0.75	0.5	0	0	0	0	0.75	0	0.566
1.353	0	6.119	0	0	2.34	0	6.119	0	0	2.34	0	0.851	0	0	1	0	0.8	0	0	1	0	0.733	0	0	1	0	0	0	0	0	0.444	0.667	0	0.2	0	0	0.444	0	0	0.42	0.315
25.339	0	14.524	3.762	7.256	32.807	4.644	21.391	4.479	9.382	11.526	4.644	14.786	7.369	7.466	0.205	0.7	0.277	0.786	0.455	0.191	0.6	0.238	0.9	0.378	0.273	0.6	0.238	0.607	0.286	0.25	0	0	0	0	0	0	0	0	0	0.195	0.388
1.853	6.622	2.786	0.852	4.963	2.616	10.733	8.258	0.852	7.064	3.607	8.091	6.41	0.852	8.351	0.333	0.618	0.75	0	0.622	0	0.527	0.643	0	0.667	0.333	0.607	0.667	0	0.536	0	0	0	0.2	0	0	0	0	0	0	0.415	0.525
4.498	23.55	3.749	0.934	11.906	6.415	22.991	3.79	0	9.948	3.765	12.679	3.135	0.934	11.544	0.476	0.262	0.733	0	0.448	0.476	0.281	0.667	0	0.489	0.333	0.227	0.333	0	0.345	0	0.2	0.4	0	0	0	0	0	0.6	0	0.299	0.852
15.856	0	0	15.25	0.9	17.615	0	0	14.919	3.833	6.502	0	0	6.353	2.933	0.327	0	0	0.346	1	0.257	0	0	0.305	0.667	0.4	0	0	0.267	1	0	0	0	0	0	0	0	0	0	0	0.298	0.327
0	0	0.941	0	0	0	0	0.941	0	0	0	0	0.941	0	0	0	0	0	0	0	0	0	0	0	0	0	0	0	0	0	0.889	0.2	0.75	0.75	0.8	1	0.6	0.5	0.875	0.2	0.299	0.672
0	6.119	0	1.353	0	0	6.119	0	2.34	2.097	0	0.851	0	2.34	2.097	0	0.8	0	1	1	0	0.733	0	1	1	0	0	0	1	1	0.2	0.667	0	0	0	0	0.444	0	0	0	0	0.428
1.76	15.619	0	0	2.789	4.844	21.717	0	0	5.717	3.98	14.058	0	0.899	4.839	0.5	0.338	0	0	0.933	0.5	0.299	0	0	0.867	0.167	0.231	0	0	0.5	0	0	0.5	0.4	0.2	0	0	0	0.2	0	0.299	0.246
1.773	0	0	0	0.934	3.87	0	0	0	0	2.097	1.025	0	0	0.934	1	0	0	0	0	0.833	0	0	0	0	1	0	0	0	0	0.6	1	0	0.6	0	0.4	0.875	0.556	0.2	0.6	0	0.770
2.179	0	0	0.946	0	2.179	0	0	0.946	0	2.179	0	0	0.946	0	0	0	0	0	0	0	0	0	0	0	0	0	0	0	0	0	0.4	0.4	0.143	0	0	0.2	0	0	0	0.299	0.327
0	2.98	10.064	0	4.949	2.961	10.81	16.278	0	9.756	2.075	0	5.924	0	3.919	0.667	0.689	0.346	0	0.422	0.667	0.689	0.346	0	0.422	0	0	0.133	0	0.167	0	0	0	0	0	0	0.8	0	0.667	0	0.898	0.855
0	0	0.946	0	0	0	0	0.946	0	0	0	0	0.946	0	0	0	0	0	0	0	0	0	0	0	0	0	0	0	0	0	0	0	0.2	0	0.5	0	0	0.2	0	0	0.298	0.659
0	0	2.864	0	0	0	0	2.864	0	0	0	0	0	0	0	0	0	1	0	0	0	0	0.667	0	0	0	0	0	0	0	0	0.25	0.2	0.6	0.75	0	0	0.8	0.2	0.875	0	0.988
0	5.514	0	1.212	0	0	3.477	0	0	0	0	4.674	0	2.084	1.025	0	0.571	0	0	0	0	0.833	0	0	0	0	0.3	0	0	0	0.5	0	0.6	0	1	0.75	0	0.2	0	0.875	0	0.552
0	10.46	0	4.965	0	0	13.802	0	4.965	0	0	3.174	0	0	0	0	0.473	0	0.6	0	0	0.44	0	0.6	0	0	0	0	0	0	1	0	0	0	0	1	0	0.8	0	0	0	0.960
0	0	0	5.301	0	0	0	0	6.41	0	0	0	0	5.145	0	0	0	0	0.267	0	0	0	0	0.2	0	0	0	0	0.2	0	0	0	0	0	0.4	0	0	0	0	0	0.056	0.307
4.948	7.283	0	2.454	0	4.948	7.283	0	2.454	0	0	0.877	0	0	0	0.3	0.429	0	1	0	0.2	0.429	0	1	0	0	0	0	0	0	0	0	1	0.556	0	0	0	1	0.889	0	0.419	0.155
0	0	0	0	0	0	0	0	0	0	0	0	0	0	0	0	0	0	0	0	0	0	0	0	0	0	0	0	0	0	0	0	0	0	0	0	0	0	0	0	0.557	0.996
0	0	0	6.119	0	0	0	2.097	6.119	0	0	0	2.097	0.851	0	0	0	1	0.8	0	0	0	1	0.733	0	0	0	1	0	0	0	0.2	0	0.667	0.5	0	0	0	0.444	0.25	0.558	0.269
0	0	0	0	0	1.967	0	0	0	0	1.967	0	0	0	0	1	0	0	0	0	0	0	0	0	0	1	0	0	0	0	0	0.625	0	0	0.4	0	0.25	0	0	0	0.556	0.246
0	7.576	4.965	1.787	10.46	0	11.12	4.965	2.69	13.802	0	3.543	0	1.799	3.174	0	0.636	0.6	1	0.473	0	0.582	0.6	1	0.44	0	0	0	1	0	0	0	0	0	0	0	0	0	0	0	0.896	0.133
0	2.179	0	0	5.467	0	2.179	0	0	2.857	0	2.179	0	0	6.575	0	0	0	0	0.524	0	0	0	0	0.333	0	0	0	0	0.524	0.4	0	0	0.4	0.2	0	0	0	0.2	0.2	0	0.612
2.786	1.853	4.963	6.622	3.762	8.258	2.616	7.064	10.733	4.479	6.41	3.607	8.351	8.091	7.369	0.75	0.333	0.622	0.618	0.786	0.643	0	0.667	0.527	0.9	0.667	0.333	0.536	0.607	0.607	0	0	0	0	0	0	0	0	0	0	0.294	0.343
0	0	1.773	0	0	0	0	3.87	0	0	1.025	0	2.097	0	0	0	0	1	0	0	0	0	0.833	0	0	0	0	1	0	0	1	0.6	0.6	0.5	0	0.875	0.2	0.4	0.75	0.556	0	0.729
0	15.25	15.856	0	0	0	14.919	17.615	0	0	0	6.353	6.502	0	0	0	0.346	0.327	0	0	0	0.305	0.257	0	0	0	0.267	0.4	0	0	0	0	0	0	0	0	0	0	0	0	0	0.677
0	0	0	0.9	0	0	0	0	3.833	0	0	0	0	2.933	0	0	0	0	1	0	0	0	0	0.667	0	0	0	0	1	0	0	0	0	0	0.2	0	0.2	0	0	0.2	0.018	0.514
0	0	0	0	2.864	0	0	0	0	2.864	0	0	0	0	0	0	0	0	0	1	0	0	0	0	0.667	0	0	0	0	0	0.25	0.6	0	0	0.2	0	0.2	0	0	0.8	0	0.777
0.941	0	0	0	0	0.941	0	0	0	0	0.941	0	0	0	0	0	0	0	0	0	0	0	0	0	0	0	0	0	0	0	0.75	0.889	0.8	0.2	0.667	0.5	1	0.2	0.6	0.778	0	0.414
2.454	0	7.283	0	4.948	2.454	0	7.283	0	4.948	0	0	0.877	0	0	1	0	0.429	0	0.3	1	0	0.429	0	0.2	0	0	0	0	0	0.556	1	0	0.556	0	0.889	1	0	0.444	0	0	0.702
3.557	4.526	11.766	2.789	6.614	7.393	6.683	12.717	5.717	7.644	3.836	3.036	5.769	4.839	3.851	0.643	0.619	0.423	0.933	0.714	0.571	0.571	0.359	0.867	0.607	0.333	0.333	0.333	0.5	0.5	0	0	0.4	0.2	0	0	0	0	0	0	0.299	0.190
1.767	1.028	0	5.138	0	6.441	2.951	0.908	7.34	0.874	5.57	2.951	0.908	4.774	0.874	0.429	0	0	0.643	0	0.429	0	0	0.643	0	0.067	0	0	0.5	0	0	0	0	0	0	0	0	0.333	0	0	0	0.514
0	0	0	0.946	1.212	0	0	0	0.946	0	0.872	0	0	0.946	2.084	0	0	0	0	0	0	0	0	0	0	0	0	0	0	0	0.75	0.5	0.4	0.2	0	0	0	0	0.2	0	0	0.572
4.949	10.064	19.399	0	0	9.756	16.278	26.951	2.961	5.809	3.919	5.924	10.701	2.075	5.809	0.422	0.346	0.274	0.667	0.533	0.422	0.346	0.265	0.667	0.533	0.167	0.133	0.25	0	0.267	0	0	0	0	0	0	0	0	0	0	0.118	0.863
7.018	0	3.351	0	1.152	5.754	0	3.351	0	1.152	3.413	0	0	0	1.152	0.714	0	0.667	0	0	0.533	0	0.667	0	0	0.333	0	0	0	0	0	0.4	0	0	0	0	0	0	0	0	0	0.465
0	0	0	0	1.265	0	0	0	0	1.265	0	0	0	0	0	0	0	0	0	0	0	0	0	0	0	0	0	0	0	0	0.556	0	0	0	0.4	0	0	0	0	0	0.299	0.562
1.212	0	0	0.941	0.904	0	0	0	0.941	2.779	1.212	0	0	0.941	2.779	0	0	0	0	1	0	0	0	0	0.667	0	0	0	0	0.333	0	0	0	0.444	0.25	0	0	0.75	0.778	0.25	0	0.653
0	5.301	0	0	0	0	6.41	0	0	0	0	5.145	0	0	0	0	0.267	0	0	0	0	0.2	0	0	0	0	0.2	0	0	0	0	0	0	0	0	0	0	0	0	0	0.558	0.744
0	0	0	0	0	0	0	0	0	0	0	0	0	0	0	0	0	0	0	0	0	0	0	0	0	0	0	0	0	0	0	0	0	0	0	0	0	0	0	0	0.898	0.999
11.906	3.749	0.853	4.498	0.86	9.948	3.79	4.769	6.415	1.789	11.544	3.135	3.916	3.765	1.789	0.448	0.733	0.7	0.476	1	0.489	0.667	0.7	0.476	1	0.345	0.333	0.333	0.333	0	0	0.4	0	0	0.333	0	0	0	0	0	0	0.351
0	0	0	0	0	0	0	1.967	0	0	0	0	1.967	0	0	0	0	1	0	0	0	0	0	0	0	0	0	1	0	0	0.625	0	0	0	0	0.25	0	0	0	0	0	0.782
23.55	0.934	4.498	0	3.749	22.991	0	6.415	0	3.79	12.679	0.934	3.765	0	3.135	0.262	0	0.476	0	0.733	0.281	0	0.476	0	0.667	0.227	0	0.333	0	0.333	0.2	0	0	0	0.4	0	0.6	0	0.556	0	0.118	0.649
0	2.614	1.867	0	0	2.83	6.676	5.65	0.868	0	2.83	4.946	5.65	1.76	0	0.333	0.81	0.533	1	0	0.333	0.81	0.533	0	0	0.333	0.8	0.533	1	0	0	0	0	0.2	0	0	0	0	0.4	0	0.554	0.220
4.963	2.786	3.762	1.853	0	7.064	8.258	4.479	2.616	4.644	8.351	6.41	7.369	3.607	4.644	0.622	0.75	0.786	0.333	0.7	0.667	0.643	0.9	0	0.6	0.536	0.667	0.607	0.333	0.6	0	0	0	0	0	0	0	0	0	0	0	0.526
0	0	0	0	0	0	0	0	0.942	0	0	0	0	0.942	0	0	0	0	0	0	0	0	0	0	0	0	0	0	0	0	0	0	0	0	0	0	0	0	0	0	0.414	0.975
