0	0	0	0	0	0	0	0	0	0	0	0	0	0	0	0	0	0	0	0	0	0	0	0	0	0	0	0	0	0	0	0	0	0	0	0	0	0	0	0	0.415	1.000
26.604	0	22.624	9.43	7.501	31.45	0	21.363	12.516	9.355	23.413	0	15.871	9.805	5.706	0.727	0	0.717	0.923	0.933	0.671	0	0.675	0.91	0.867	0.455	0	0.475	0.644	0.8	0.2	1	0.25	0.625	0	0	1	0	0.5	0	0.117	0.275
0	0	0	0	0	0	0	0	0	0	0	0	0	0	0	0	0	0	0	0	0	0	0	0	0	0	0	0	0	0	1	0.4	0	0	0	0	0	0	0	0	0.119	0.246
0	0	0	0	0	0	0	0	0	0	0	0	0	0	0	0	0	0	0	0	0	0	0	0	0	0	0	0	0	0	0	0	0	0.75	0	0.111	0	0	0.25	0	0.414	0.361
0	0	0	0	0	0	0	0	0	0	0	0	0	0	0	0	0	0	0	0	0	0	0	0	0	0	0	0	0	0	0.4	0	0	0.333	0.8	0.2	0	0.2	0.333	0.8	0	0.624
0	0	0	0	0	0	0	0	0	0	0	0	0	0	0	0	0	0	0	0	0	0	0	0	0	0	0	0	0	0	0	0.5	0.6	0	0	0	0	0	0	0	0.298	0.298
0	0	0	0	0	0	0	0	0	0	0	0	0	0	0	0	0	0	0	0	0	0	0	0	0	0	0	0	0	0	0.5	0.2	0.2	0.2	0.6	0	0	0.4	0	0.6	0	0.606
0	0	0	0	0	0	0	0	0	0	0	0	0	0	0	0	0	0	0	0	0	0	0	0	0	0	0	0	0	0	0	0	0	0	0	0	0	0	0	0	0.718	0.640
0	0	0	0	0	0	0	0	0	0	0	0	0	0	0	0	0	0	0	0	0	0	0	0	0	0	0	0	0	0	0.5	0	0	0	0	0	0	0	0	0	0.116	0.303
0.986	0	0	0	0	0	0	0	0	0	0.986	0	0	0	0	0	0	0	0	0	0	0	0	0	0	0	0	0	0	0	0	0	0.4	0.333	0	0	0	0.6	0.333	0	0	0.339
0	0	0	0	0	0	0	0	0	0	0	0	0	0	0	0	0	0	0	0	0	0	0	0	0	0	0	0	0	0	0	0.2	0	0	0.2	0	0	0	0	0	0.42	0.202
0	0	-1	0	-1	0	0	-1	0	-1	0	0	-1	0	-1	0	0	-1	0	-1	0	0	-1	0	-1	0	0	-1	0	-1	0	0	-1	0	-1	0	0.5	-1	0	-1	0.896	0.816
35.186	23.743	11.53	41.613	17.302	43.488	30.005	13.548	42.929	23.591	21.516	16.509	15.642	24.641	11.205	0.517	0.703	0.771	0.379	0.841	0.468	0.639	0.714	0.324	0.775	0.515	0.558	0.525	0.524	0.636	0.2	0	0.5	1	0	0	0	0	1	0	0	0.246
22.624	26.604	7.501	0	18.326	21.363	31.45	9.355	0	15.335	15.871	23.413	5.706	0	12.541	0.717	0.727	0.933	0	0.887	0.675	0.671	0.867	0	0.9	0.475	0.455	0.8	0	0.654	0.25	0.2	0	1	0	0	0	0	1	0	0	0.345
0	1.963	0	0	0	0	0.977	0	0	0	0	1.963	0	0	0	0	0	0	0	0	0	0	0	0	0	0	0	0	0	0	0.8	0.25	0.4	0	0	0	0	0	0	0	0	0.422
0.977	0	0	0	0	0.977	0	0	0	0	0.977	0	0	0	0	0	0	0	0	0	0	0	0	0	0	0	0	0	0	0	0	0	0.333	0.6	0	0	0	0	0	0	0.897	0.268
0	0	0	0	0	0	0	0	0	0	0	0	0	0	0	0	0	0	0	0	0	0	0	0	0	0	0	0	0	0	0	0	0	0.111	0	0	0	0	0	0	0.419	0.227
0	0	0	0	0	0	0	0	0	0	0	0	0	0	0	0	0	0	0	0	0	0	0	0	0	0	0	0	0	0	0.25	0	0.333	0	0.2	0	0	0	0	0	0	0.466
10.45	21.116	41.465	0	25.947	8.572	28.7	36.494	0	28.997	12.567	22.008	24.942	0	13.112	0.901	0.778	0.452	0	0.791	0.889	0.722	0.383	0	0.72	0.667	0.533	0.32	0	0.712	0.75	0.6	1	1	0.2	0.5	0	0.6	1	0	0	0.551
0	0	0	0	0	0	0	0	0	0	0	0	0	0	0	0	0	0	0	0	0	0	0	0	0	0	0	0	0	0	0.8	0	0.2	0.4	0.6	0.8	0.2	0	0.2	0.6	0	0.791
0	0	0	0	0	0	0	0	0	0	0	0	0	0	0	0	0	0	0	0	0	0	0	0	0	0	0	0	0	0	0.8	0.625	0	0	0	0	0	0	0	0	0	0.651
0	0	0	0	0	0	0	0	0	0	0	0	0	0	0	0	0	0	0	0	0	0	0	0	0	0	0	0	0	0	0	0	0	0	0	0	0	0	0	0	0	0.480
0	0	2.995	0	0	0	0	2.995	0	0	0	0	1.171	0	0	0	0	1	0	0	0	0	1	0	0	0	0	0	0	0	1	0.8	0.2	0	0.556	1	0.6	0.2	0	0.444	0	0.982
0	0	0	0	0	0	0	0	0	0	0	0	0	0	0	0	0	0	0	0	0	0	0	0	0	0	0	0	0	0	0	0	0	0	0.143	0	0	0	0	0	0.9	0.223
0	0	0	0	0	0	0	0	0	0	0	0	0	0	0	0	0	0	0	0	0	0	0	0	0	0	0	0	0	0	1	0.6	0.125	0.4	1	1	0	0	1	1	0.119	0.972
0	0	0	0	0	0	0	0	0	0	0	0	0	0	0	0	0	0	0	0	0	0	0	0	0	0	0	0	0	0	0	0	0	0	0	0	0	0	0	0	0.893	0.322
0	0	0	0	0	0	0	0	0	0	0	0	0	0	0	0	0	0	0	0	0	0	0	0	0	0	0	0	0	0	0	0	0.25	0	0.333	0	0	0	0	0	0	0.171
0	23.672	11.483	21.344	39.258	0	29.717	14.252	27.252	46.254	0	12.369	9.789	15.919	19.421	0	0.722	0.908	0.579	0.495	0	0.653	0.876	0.537	0.449	0	0.606	0.6	0.383	0.537	1	0.25	0.714	0.5	0	1	0.25	0.857	0	0	0	0.812
0	0	0	0	0	0	0	0	0	0	0	0	0	0	0	0	0	0	0	0	0	0	0	0	0	0	0	0	0	0	0	0	0	0	0	0	0	0	0	0	0.896	0.236
0	0	0	0	0	0	0	0	0	0	0	0	0	0	0	0	0	0	0	0	0	0	0	0	0	0	0	0	0	0	0.375	0.2	0.2	1	0	0	0	0	1	0	0	0.304
0	0	0	0	0	0	0	0	0	0	0	0	0	0	0	0	0	0	0	0	0	0	0	0	0	0	0	0	0	0	0	1	0	1	0.2	0	1	0.222	1	0	0	0.908
1.89	1.851	3.715	4.58	1.824	4.753	3.664	5.521	7.481	3.681	2.862	1.813	1.806	2.839	1.857	0.7	0.833	0.733	0.714	0.833	0.7	0.833	0.733	0.714	0.833	0	0	0	0	0	0	0	0	0	0	0.25	0	0.667	0	0	0.554	0.363
0	0	0	0	0	0	0	0	0	0	0	0	0	0	0	0	0	0	0	0	0	0	0	0	0	0	0	0	0	0	0	0	0	0	0	0	0	0	0	0	0.897	0.235
0	0.977	0	0	0	0	0.977	0	0	0	0	0.977	0	0	0	0	0	0	0	0	0	0	0	0	0	0	0	0	0	0	0.333	0	0	0	0	0	0	0	0	0	0.893	0.305
13.206	5.533	13.017	3.689	21.344	16.03	9.292	16.802	8.211	27.252	9.401	2.843	7.496	4.522	15.919	0.868	0.933	0.771	0.778	0.579	0.794	0.911	0.745	0.778	0.537	0.556	0.333	0.607	0.5	0.383	0	0	0	0	0.5	0	0	0	0	0	0	0.354
0	0	0	0	-1	0	0	0	0	-1	0	0	0	0	-1	0	0	0	0	-1	0	0	0	0	-1	0	0	0	0	-1	0	0	0	0	-1	0.5	0	0	0	-1	0.718	0.668
0.896	0	1.136	9.262	0	0	0	1.136	12.328	0	0.896	0	1.136	6.908	0	0	0	0	0.718	0	0	0	0	0.628	0	0	0	0	0.571	0	0.4	0.75	0.5	0.4	0	0.4	0.625	0	0	0	0	0.486
0.913	0.886	3.689	1.134	5.533	1.795	3.586	8.211	1.134	9.292	0	1.81	4.522	1.134	2.843	1	0.167	0.778	0	0.933	1	0.167	0.778	0	0.911	0	0	0.5	0	0.333	0	0	0	0	0	0	0	0	0	0	0.72	0.534
0	0	0	0	0	0	0	0	0	0	0	0	0	0	0	0	0	0	0	0	0	0	0	0	0	0	0	0	0	0	0	0	0	0	0.333	0	0	0	0.143	0.333	0.299	0.171
15.614	35.972	0	24.475	21.116	15.654	35.153	0	19.447	28.7	21.878	35.516	0	24.868	22.008	0.879	0.552	0	0.712	0.778	0.867	0.518	0	0.784	0.722	0.468	0.376	0	0.428	0.533	0	0	1	0.2	0.6	0	0	1	0	0	0	0.327
0	0	0	0	0	0	0	0	0	0	0	0	0	0	0	0	0	0	0	0	0	0	0	0	0	0	0	0	0	0	0	0	0	0	0	0	0	0	0	0	0.554	0.302
0	0	0	0	0	0	0	0	0	0	0	0	0	0	0	0	0	0	0	0	0	0	0	0	0	0	0	0	0	0	0	0	0	0	0	0	0	0	0	0	0	0.164
0	0	0	0	0	0	0	0	0	0	0	0	0	0	0	0	0	0	0	0	0	0	0	0	0	0	0	0	0	0	0	0	0.333	0	0	0	0	0.333	0	0	0	0.404
0	0	0	0	0	0	0	0	0	0	0	0	0	0	0	0	0	0	0	0	0	0	0	0	0	0	0	0	0	0	0	0.2	0	0	0	0	0	0	0	0	0.415	0.188
1.853	0.921	0.88	1.824	23.302	1.853	0.921	0.88	3.681	18.973	1.853	0.921	0.88	1.857	10.256	1	0	0	0.833	0.793	1	0	0	0.833	0.813	1	0	0	0	0.556	0	0	0.143	0	0.4	0.2	0	0	0	0.4	0	0.334
0.893	4.536	0	0	0	0.893	5.457	0	0	0	0.893	0.921	0	0	0	0	0.867	0	0	0	0	0.667	0	0	0	0	0	0	0	0	0.5	0	0	0	0	0	0	0	0	0	0	0.528
0	0	0	0	0	0	0	0	0	0	0	0	0	0	0	0	0	0	0	0	0	0	0	0	0	0	0	0	0	0	0	0	0.333	0	0	0	0	0.333	0	0	0.198	0.117
0	0.905	0	0	0	0	0.905	0	0	0	0	0	0	0	0	0	0	0	0	0	0	0	0	0	0	0	0	0	0	0	1	1	0.2	0	0.375	1	1	0	1	0	0	0.933
0	0	0	0	0	0	0	0	0	0	0	0	0	0	0	0	0	0	0	0	0	0	0	0	0	0	0	0	0	0	1	0.6	0	1	0.2	1	0.2	0	1	0.2	0	0.897
0	0	0	-1	0	0	0	0	-1	0	0	0	0	-1	0	0	0	0	-1	0	0	0	0	-1	0	0	0	0	-1	0	0	0	0	-1	0	0	0	0	-1	0	0.894	1.000
0.886	1.134	0.913	13.404	3.689	3.586	1.134	1.795	14.035	8.211	1.81	1.134	0	7.756	4.522	0.167	0	1	0.794	0.778	0.167	0	1	0.8	0.778	0	0	0	0.321	0.5	0	0	0	0	0	0	0	0	0	0	0.113	0.306
41.613	30.748	23.743	56.042	35.186	42.929	38.341	30.005	63.853	43.488	24.641	22.733	16.509	33.772	21.516	0.379	0.547	0.703	0.273	0.517	0.324	0.491	0.639	0.246	0.468	0.524	0.433	0.558	0.347	0.515	1	1	0	1	0.2	1	0.4	0	0.8	0	0.117	0.312
0	0	0	0	0	0	0	0	0	0	0	0	0	0	0	0	0	0	0	0	0	0	0	0	0	0	0	0	0	0	0.4	0	1	0.2	0	0	0	0	0	0	0	0.232
0	0	0	0	0	0	0	0	0	0	0	0	0	0	0	0	0	0	0	0	0	0	0	0	0	0	0	0	0	0	0	0	0	0	0	0	0	0	0	0	0	0.244
1.963	0	0	0	0	0.977	0	0	0	0	1.963	0	0	0	0	0	0	0	0	0	0	0	0	0	0	0	0	0	0	0	0.25	0	0.8	0	0.4	0	0	0	0	0	0	0.231
0.921	1.824	1.853	3.715	0.88	0.921	3.681	1.853	5.521	0.88	0.921	1.857	1.853	1.806	0.88	0	0.833	1	0.733	0	0	0.833	1	0.733	0	0	0	1	0	0	0	0	0	0	0.143	0	0	0.2	0.667	0	0.415	0.288
0	0	0	0	0	0	0	0	0	0	0	0	0	0	0	0	0	0	0	0	0	0	0	0	0	0	0	0	0	0	0	0.2	0.4	0	1	0	0	0	0	0	0.417	0.419
0	9.43	26.604	33.008	22.624	0	12.516	31.45	39.198	21.363	0	9.805	23.413	19.542	15.871	0	0.923	0.727	0.568	0.717	0	0.91	0.671	0.516	0.675	0	0.644	0.455	0.538	0.475	1	0.625	0.2	0.333	0.25	1	0.5	0	1	0	0	0.812
0	0	0	0	0	0	0	0	0	0	0	0	0	0	0	0	0	0	0	0	0	0	0	0	0	0	0	0	0	0	0	0	0.2	1	0.5	0.222	0	0	1	0.25	0.419	0.143
0	0	0	0	0	0	0	0	0	0	0	0	0	0	0	0	0	0	0	0	0	0	0	0	0	0	0	0	0	0	0	0.333	0.4	0	0	0	0.333	0.2	0	0.2	0	0.342
0	0	0	0	0	0	0	0	0	0	0	0	0	0	0	0	0	0	0	0	0	0	0	0	0	0	0	0	0	0	0	1	0.2	0.125	0	0	1	0	0	0	0.56	0.283
0	0	0	0	0	0	0	0	0	0	0	0	0	0	0	0	0	0	0	0	0	0	0	0	0	0	0	0	0	0	0	0	0.5	0	0	0	0	0	0	0	0.713	0.191
0	0	0	0	0	0	0	0	0	0	0	0	0	0	0	0	0	0	0	0	0	0	0	0	0	0	0	0	0	0	0	0	0	0	0	0	0	0	0	0	0.298	0.374
0	0	0	0	0	0	0	0	0	0	0	0	0	0	0	0	0	0	0	0	0	0	0	0	0	0	0	0	0	0	0.2	0.2	0.5	0	0.2	0	0	0	0	0.4	0	0.517
23.743	41.613	35.186	30.748	11.53	30.005	42.929	43.488	38.341	13.548	16.509	24.641	21.516	22.733	15.642	0.703	0.379	0.517	0.547	0.771	0.639	0.324	0.468	0.491	0.714	0.558	0.524	0.515	0.433	0.525	0	1	0.2	1	0.5	0	1	0	0.4	0	0	0.188
0	0	0	0	0	0	0	0	0	0	0	0	0	0	0	0	0	0	0	0	0	0	0	0	0	0	0	0	0	0	0	0	0	0	0	0	0	0	0	0	0.294	0.178
0	0	0	0	0	0	0	0	0	0	0	0	0	0	0	0	0	0	0	0	0	0	0	0	0	0	0	0	0	0	0	0	0	0.571	0	0	0	0	0.286	0	0.12	0.231
0	0	0	0	0	0	0	0	0	0	0	0	0	0	0	0	0	0	0	0	0	0	0	0	0	0	0	0	0	0	0.2	0.8	0.6	0	0	0	0.8	0.6	0.2	0.25	0	0.551
0	0	0	0.905	0	0	0	0	0.905	0	0	0	0	0	0	0	0	0	0	0	0	0	0	0	0	0	0	0	0	0	0.2	1	0.375	1	0.2	0	1	0	1	0	0.195	0.207
0	0	0	0	0	0	0	0	0	0	0	0	0	0	0	0	0	0	0	0	0	0	0	0	0	0	0	0	0	0	0	0	0	0	0	0	0	0	0	0	0.299	0.133
0	0.986	0	0	0	0	0	0	0	0	0	0.986	0	0	0	0	0	0	0	0	0	0	0	0	0	0	0	0	0	0	0.4	0	0	0	0	0.6	0	0	0	0	0.117	0.598
0	0	0	0	0	0	0	0	0	0	0	0	0	0	0	0	0	0	0	0	0	0	0	0	0	0	0	0	0	0	0.2	0	0.4	0	0.6	0.4	0	1	0	0	0	0.462
0	0	3.76	0	42.272	0	0.911	3.76	0	38.727	0	0.911	0.945	0	22.146	0	0	1	0	0.446	0	0	0.833	0	0.411	0	0	0	0	0.352	0	0	0	0	0.6	0	0.333	0	0	1	0.296	0.195
0	0	0	0	0	0	0	0	0	0	0	0	0	0	0	0	0	0	0	0	0	0	0	0	0	0	0	0	0	0	0	0.6	0	0	0.4	0	0.2	0	0	0	0.018	0.264
0	0	0	0	2.995	0	0	0	0	2.995	0	0	0	0	1.171	0	0	0	0	1	0	0	0	0	1	0	0	0	0	0	0.8	0	1	0.8	0.2	0.6	0	1	0.4	0.2	0	0.669
24.475	27.356	35.972	19.751	15.614	19.447	31.728	35.153	22.909	15.654	24.868	19.897	35.516	9.915	21.878	0.712	0.699	0.552	0.81	0.879	0.784	0.643	0.518	0.696	0.867	0.428	0.503	0.376	0.667	0.468	0.2	0	0	0	0	0	0.111	0	0	0	0.018	0.390
0	0	0	0	0	0	0	0	0	0	0	0	0	0	0	0	0	0	0	0	0	0	0	0	0	0	0	0	0	0	0	0.4	0	0	0.2	0	0	0	0	0	0.418	0.219
0	0	0	0	0.986	0	0	0	0	0	0	0	0	0	0.986	0	0	0	0	0	0	0	0	0	0	0	0	0	0	0	0.333	0	0	0	0	0.333	0	0	0	0	0	0.618
35.972	24.475	15.614	27.356	0	35.153	19.447	15.654	31.728	0	35.516	24.868	21.878	19.897	0	0.552	0.712	0.879	0.699	0	0.518	0.784	0.867	0.643	0	0.376	0.428	0.468	0.503	0	0	0.2	0	0	1	0	0	0	0.111	1	0	0.427
0	0	0	0	0	0	0	0	0	0	0	0	0	0	0	0	0	0	0	0	0	0	0	0	0	0	0	0	0	0	0	0.8	0	0	0	0	1	0	0	0	0.419	0.194
0	0	0	0	0	0	0	0	0	0	0	0	0	0	0	0	0	0	0	0	0	0	0	0	0	0	0	0	0	0	0	0	0.2	0	0	0	0	0	0	0.2	0.2	0.201
0.88	1.853	23.302	0.921	3.724	0.88	1.853	18.973	0.921	5.658	0.88	1.853	10.256	0.921	4.751	0	1	0.793	0	0.733	0	1	0.813	0	0.533	0	1	0.556	0	0.7	0.143	0	0.4	0	0	0	0.2	0.4	0	0	0.418	0.207
42.272	3.76	1.801	0	0	38.727	3.76	1.801	0	0	22.146	0.945	1.801	0	0	0.446	1	0	0	0	0.411	0.833	0	0	0	0.352	0	0	0	0	0.6	0	0	0	0.4	1	0	0	0	0.6	0	0.345
0	0	0	0	0	0	0	0	0	0	0	0	0	0	0	0	0	0	0	0	0	0	0	0	0	0	0	0	0	0	0	1	0.2	0.6	0	0	1	0.2	0.2	0	0	0.950
0	0	0	0	0	0	0	0	0	0	0	0	0	0	0	0	0	0	0	0	0	0	0	0	0	0	0	0	0	0	0	0	0.667	0	0.4	0	0	0.333	0.25	0.4	0.72	0.256
1.851	4.58	1.89	11.275	3.715	3.664	7.481	4.753	11.172	5.521	1.813	2.839	2.862	5.681	1.806	0.833	0.714	0.7	0.725	0.733	0.833	0.714	0.7	0.606	0.733	0	0	0	0.4	0	0	0	0	0	0	0	0	0.25	0.25	0.667	0.419	0.293
0	0	0	0	0	0	0	0	0	0	0	0	0	0	0	0	0	0	0	0	0	0	0	0	0	0	0	0	0	0	0	0	0	0	0	0	0	0	0	0	0.556	0.148
0	0	0	0	0	0	0	0	0	0	0	0	0	0	0	0	0	0	0	0	0	0	0	0	0	0	0	0	0	0	0	0	0.5	0	0	0	0	0	0	0	0.298	0.176
30.748	56.042	41.613	22.717	23.743	38.341	63.853	42.929	28.164	30.005	22.733	33.772	24.641	16.611	16.509	0.547	0.273	0.379	0.72	0.703	0.491	0.246	0.324	0.656	0.639	0.433	0.347	0.524	0.517	0.558	1	1	1	0.5	0	0.4	0.8	1	0	0	0.298	0.300
0	0	0	0.986	0	0	0	0	0	0	0	0	0	0.986	0	0	0	0	0	0	0	0	0	0	0	0	0	0	0	0	0	0.4	0	0	0	0	0.6	0	0	0	0.294	0.346
0	0	0	0	0	0	0	0	0	0	0	0	0	0	0	0	0	0	0	0	0	0	0	0	0	0	0	0	0	0	0.143	0	0.333	0	0	0	0	0.333	0	0	0.716	0.378
0	0	0	0	0	0	0	0	0	0	0	0	0	0	0	0	0	0	0	0	0	0	0	0	0	0	0	0	0	0	0	0	0	0.8	0	0	0	0	1	0	0	0.458
0	0	0	0	0	0	0	0	0	0	0	0	0	0	0	0	0	0	0	0	0	0	0	0	0	0	0	0	0	0	0	0	0	0.2	0	0	0	0	0	0	0.72	0.149
1.892	17.302	1.919	11.53	0.878	4.619	23.591	4.783	13.548	0.878	3.708	11.205	3.871	15.642	0.878	0.9	0.841	0.8	0.771	0	0.6	0.775	0.7	0.714	0	0.833	0.636	0.667	0.525	0	0	0	0	0.5	0.714	0	0	0	0	0	0.558	0.285
0	0	0	0	0	0	0	0	0	0	0	0	0	0	0	0	0	0	0	0	0	0	0	0	0	0	0	0	0	0	0.2	0	0.5	0	0.6	0	0.222	0.25	0	0.8	0	0.399
0	0	0	0	0.977	0	0	0	0	0.977	0	0	0	0	0.977	0	0	0	0	0	0	0	0	0	0	0	0	0	0	0	0.6	0	0	0.2	0	0	0.2	0	0	0	0	0.156
0	0	0	0	0	0	0	0	0	0	0	0	0	0	0	0	0	0	0	0	0	0	0	0	0	0	0	0	0	0	0	0.111	0	0	0	0	0	0	0	0	0	0.424
0	0	0	0	0	0	0	0	0	0	0	0	0	0	0	0	0	0	0	0	0	0	0	0	0	0	0	0	0	0	0	0	0	0	0	0	0	0	0.111	0.143	0.9	0.518
0	-1	0	-1	0	0	-1	0	-1	0	0	-1	0	-1	0	0	-1	0	-1	0	0	-1	0	-1	0	0	-1	0	-1	0	0	-1	0	-1	0	0	-1	0	-1	0	0.899	1.000
0	39.258	25.054	11.483	0	0	46.254	31.627	14.252	0	0	19.421	15.642	9.789	0	0	0.495	0.655	0.908	0	0	0.449	0.611	0.876	0	0	0.537	0.686	0.6	0	1	0	0.5	0.714	1	1	0	0.25	0.857	1	0	0.807
0	0	0	0	0	0	0	0	0	0	0	0	0	0	0	0	0	0	0	0	0	0	0	0	0	0	0	0	0	0	0	0	0.4	1	0	0	0	0.4	0	0	0	0.476
0	0	0	0	0	0	0	0	0	0	0	0	0	0	0	0	0	0	0	0	0	0	0	0	0	0	0	0	0	0	0	0.4	0	0	0	0	0.4	0	0	0	0.716	0.173
0	0	0	0	0	0	0	0	0	0	0	0	0	0	0	0	0	0	0	0	0	0	0	0	0	0	0	0	0	0	0	0	0	0	0	0	0	0	0	0	0.294	0.288
0	0	0	0	0	0	0	0	0	0	0	0	0	0	0	0	0	0	0	0	0	0	0	0	0	0	0	0	0	0	0	0	0	0	0	0	0	0	0	0	0.198	0.173
2.995	0	0	0	0	2.995	0	0	0	0	1.171	0	0	0	0	1	0	0	0	0	1	0	0	0	0	0	0	0	0	0	0.2	1	0.556	0.8	0.25	0.2	1	0.444	0.6	0	0	0.680
0	0	0	0	0	0	0	0	0	0	0	0	0	0	0	0	0	0	0	0	0	0	0	0	0	0	0	0	0	0	0	0.6	0	0	0.4	0	0	0	0	0	0.292	0.223
0	0	0	0	0	0	0	0	0	0	0	0	0	0	0	0	0	0	0	0	0	0	0	0	0	0	0	0	0	0	0	0	0	0	0.25	0	0	0	0	0	0.417	0.218
0	0	0	0	0	0	0	0	0	0	0	0	0	0	0	0	0	0	0	0	0	0	0	0	0	0	0	0	0	0	0.667	0	1	0.4	1	0.333	0	0	0.6	1	0	0.658
0	0	0	0	0	0	0	0	0	0	0	0	0	0	0	0	0	0	0	0	0	0	0	0	0	0	0	0	0	0	0	0	0	0	0	0	0	0	0	0	0.294	0.155
14.461	0	20.71	1.136	13.404	13.35	0	18.648	1.136	14.035	8.8	0	8.798	1.136	7.756	0.621	0	0.779	0	0.794	0.516	0	0.731	0	0.8	0.333	0	0.417	0	0.321	0	0	0.25	0.5	0	0	0	0	0	0	0	0.408
4.58	11.275	1.851	0.889	1.89	7.481	11.172	3.664	1.798	4.753	2.839	5.681	1.813	0.909	2.862	0.714	0.725	0.833	1	0.7	0.714	0.606	0.833	1	0.7	0	0.4	0	0	0	0	0	0	0	0	0	0.25	0	0	0.25	0	0.263
0	0	0	0	0	0	0	0	0	0	0	0	0	0	0	0	0	0	0	0	0	0	0	0	0	0	0	0	0	0	0.4	0.2	0.6	0	1	1	0.4	0	0	1	0	0.570
3.715	1.89	1.824	1.851	0.921	5.521	4.753	3.681	3.664	0.921	1.806	2.862	1.857	1.813	0.921	0.733	0.7	0.833	0.833	0	0.733	0.7	0.833	0.833	0	0	0	0	0	0	0	0	0	0	0	0.667	0.25	0	0	0	0.714	0.391
0	0	0	0	0	0	0	0	0	0	0	0	0	0	0	0	0	0	0	0	0	0	0	0	0	0	0	0	0	0	0.2	0	0	1	0.625	0.2	0	0	1	0	0	0.440
0	0	4.536	10.231	0.893	0	0	5.457	12.106	0.893	0	0	0.921	4.813	0.893	0	0	0.867	0.859	0	0	0	0.667	0.821	0	0	0	0	0.8	0	0	0.125	0	0	0.5	0	0	0	0.2	0	0.557	0.437
0	0	0	0	0	0	0	0	0	0	0	0	0	0	0	0	0	0	0	0	0	0	0	0	0	0	0	0	0	0	0.6	0	0	0	0	0.2	0	0	0	0	0	0.449
0	0	0	0	0	0	0	0	0	0	0	0	0	0	0	0	0	0	0	0	0	0	0	0	0	0	0	0	0	0	0	0.5	0	0.2	0	0	1	0	0	0	0.419	0.316
0	0	0	0	0	0	0	0	0	0	0	0	0	0	0	0	0	0	0	0	0	0	0	0	0	0	0	0	0	0	0.2	0	0.2	0	0.5	0	0	0	0	0	0	0.297
1.134	13.404	0.886	20.71	0.913	1.134	14.035	3.586	18.648	1.795	1.134	7.756	1.81	8.798	0	0	0.794	0.167	0.779	1	0	0.8	0.167	0.731	1	0	0.321	0	0.417	0	0	0	0	0.25	0	0	0	0	0	0	0.718	0.291
23.302	0.88	3.724	1.853	3.633	18.973	0.88	5.658	1.853	3.633	10.256	0.88	4.751	1.853	1.823	0.793	0	0.733	1	1	0.813	0	0.533	1	0.667	0.556	0	0.7	1	1	0.4	0.143	0	0	0	0.4	0	0	0.2	0	0	0.389
0	0	0	0	0	0	0	0	0	0	0	0	0	0	0	0	0	0	0	0	0	0	0	0	0	0	0	0	0	0	0	0	0.2	0.2	0.2	0	0	0	0	0	0.3	0.303
0	0	0	0	0	0	0	0	0	0	0	0	0	0	0	0	0	0	0	0	0	0	0	0	0	0	0	0	0	0	0.625	0	0.8	0.2	0	0	0	0	0.2	0	0	0.576
0	0	0	0	0	0	0	0	0	0	0	0	0	0	0	0	0	0	0	0	0	0	0	0	0	0	0	0	0	0	0	0.75	0	1	0	0	0.25	0.111	1	0	0	0.464
0	0.952	0	0	0	0	0.952	0	0	0	0	0.952	0	0	0	0	0	0	0	0	0	0	0	0	0	0	0	0	0	0	1	0	1	0.8	0.75	1	0.25	1	1	0.25	0	0.946
0	0	0	0	0	0	0	0	0	0	0	0	0	0	0	0	0	0	0	0	0	0	0	0	0	0	0	0	0	0	0	0	0.8	0.5	0	0	0	0.4	0	0	0	0.189
0	0	0	0	0	0	0	0	0	0	0	0	0	0	0	0	0	0	0	0	0	0	0	0	0	0	0	0	0	0	0	0	0	0	0	0	0	0	0	0	0.419	0.232
0	0	0.986	0	0	0	0	0	0	0	0	0	0.986	0	0	0	0	0	0	0	0	0	0	0	0	0	0	0	0	0	0	0.333	0	0	0.4	0	0.333	0	0	0.6	0	0.345
3.76	0	42.272	0	1.801	3.76	0	38.727	0.911	1.801	0.945	0	22.146	0.911	1.801	1	0	0.446	0	0	0.833	0	0.411	0	0	0	0	0.352	0	0	0	0	0.6	0	0	0	0	1	0.333	0	0.419	0.231
0	0	0	0	0	0	0	0	0	0	0	0	0	0	0	0	0	0	0	0	0	0	0	0	0	0	0	0	0	0	0	0.4	0.8	0	0.2	0.2	0.2	0.8	0	0	0	0.484
0	0	0	0	0	0	0	0	0	0	0	0	0	0	0	0	0	0	0	0	0	0	0	0	0	0	0	0	0	0	0.5	0.2	0.6	0	0	0.25	0	0.8	0.222	0.25	0	0.584
0	0	0	0	0	0	0	0	0	0	0	0	0	0	0	0	0	0	0	0	0	0	0	0	0	0	0	0	0	0	0	0	0	0	0.333	0	0	0	0	0.333	0	0.528
0	0	0	0	0	0	0	0	0	0	0	0	0	0	0	0	0	0	0	0	0	0	0	0	0	0	0	0	0	0	0	1	0	0.4	0.4	0	0	0	0	0.4	0.415	0.105
3.689	0.913	5.533	0.886	13.206	8.211	1.795	9.292	3.586	16.03	4.522	0	2.843	1.81	9.401	0.778	1	0.933	0.167	0.868	0.778	1	0.911	0.167	0.794	0.5	0	0.333	0	0.556	0	0	0	0	0	0	0	0	0	0	0.056	0.344
0	3.01	0	0	0	0	3.01	0	0	0	0	1.171	0	0	0	0	1	0	0	0	0	1	0	0	0	0	0	0	0	0	0	0.889	0.8	0	0	0	0.333	1	0.2	0	0.418	0.183
13.017	13.206	21.344	5.533	23.672	16.802	16.03	27.252	9.292	29.717	7.496	9.401	15.919	2.843	12.369	0.771	0.868	0.579	0.933	0.722	0.745	0.794	0.537	0.911	0.653	0.607	0.556	0.383	0.333	0.606	0	0	0.5	0	0.25	0	0	0	0	0.25	0.118	0.354
0	0	0	0	0	0	0	0	0	0	0	0	0	0	0	0	0	0	0	0	0	0	0	0	0	0	0	0	0	0	0	0	0	0	0.5	0	0	0	0	0	0	0.270
0	0	0	0	0	0	0	0	0	0	0	0	0	0	0	0	0	0	0	0	0	0	0	0	0	0	0	0	0	0	0	0	0	0	0.2	0	0	0	0	0.4	0.714	0.213
0	0	0	0	0	0	0	0	0	0	0	0	0	0	0	0	0	0	0	0	0	0	0	0	0	0	0	0	0	0	1	0.667	1	0	1	0	0.333	1	0	1	0	0.360
11.275	0.889	4.58	0	1.851	11.172	1.798	7.481	0	3.664	5.681	0.909	2.839	0	1.813	0.725	1	0.714	0	0.833	0.606	1	0.714	0	0.833	0.4	0	0	0	0	0	0	0	0.4	0	0.25	0	0	0.6	0	0	0.440
0	0	0	0	0	0	0	0	0	0	0	0	0	0	0	0	0	0	0	0	0	0	0	0	0	0	0	0	0	0	0	0.4	0	0.8	0	0	0	0	0	0	0	0.244
0	0	0	1.963	0	0	0	0	0.977	0	0	0	0	1.963	0	0	0	0	0	0	0	0	0	0	0	0	0	0	0	0	0.4	0.8	0	0.25	0	0	0	0	0	0	0	0.652
13.404	20.71	1.134	14.461	0.886	14.035	18.648	1.134	13.35	3.586	7.756	8.798	1.134	8.8	1.81	0.794	0.779	0	0.621	0.167	0.8	0.731	0	0.516	0.167	0.321	0.417	0	0.333	0	0	0.25	0	0	0	0	0	0	0	0	0.419	0.349
4.536	0	0.893	0	0	5.457	0	0.893	0	0	0.921	0	0.893	0	0	0.867	0	0	0	0	0.667	0	0	0	0	0	0	0	0	0	0	0	0.5	0.125	0	0	0	0	0	0	0.418	0.271
0	0	0	0	0	0	0	0	0	0	0	0	0	0	0	0	0	0	0	0	0	0	0	0	0	0	0	0	0	0	0.333	0.143	0	0	0	0.333	0	0	0	0	0	0.931
0	0	0	0	0	0	0	0	0	0	0	0	0	0	0	0	0	0	0	0	0	0	0	0	0	0	0	0	0	0	0	0	0	0	0	0	0	0	0	0	0.198	0.297
0	0	0	0	0	0	0	0	0	0	0	0	0	0	0	0	0	0	0	0	0	0	0	0	0	0	0	0	0	0	0	0	0	0	0	0	0	0	0	0	0.294	0.295
39.258	11.483	0	0	25.054	46.254	14.252	0	0	31.627	19.421	9.789	0	0	15.642	0.495	0.908	0	0	0.655	0.449	0.876	0	0	0.611	0.537	0.6	0	0	0.686	0	0.714	1	1	0.5	0	0.857	1	1	0.25	0.3	0.254
0	0	0	0	0	0	0	0	0	0	0	0	0	0	0	0	0	0	0	0	0	0	0	0	0	0	0	0	0	0	0	0	0	0.5	0	0	0	0	1	0	0.9	0.182
1.824	3.715	0.921	1.89	1.853	3.681	5.521	0.921	4.753	1.853	1.857	1.806	0.921	2.862	1.853	0.833	0.733	0	0.7	1	0.833	0.733	0	0.7	1	0	0	0	0	1	0	0	0	0	0	0	0.667	0	0.25	0.2	0.296	0.208
0	0	0	0	0	0	0	0	0	0	0	0	0	0	0	0	0	0	0	0	0	0	0	0	0	0	0	0	0	0	0	0	0	0	0.8	0	0	0	0	1	0.3	0.206
9.43	33.008	0	0	26.604	12.516	39.198	0	0	31.45	9.805	19.542	0	0	23.413	0.923	0.568	0	0	0.727	0.91	0.516	0	0	0.671	0.644	0.538	0	0	0.455	0.625	0.333	1	1	0.2	0.5	1	1	1	0	0	0.428
0	0	0	0	0	0	0	0	0	0	0	0	0	0	0	0	0	0	0	0	0	0	0	0	0	0	0	0	0	0	0	0.5	0	0	0.8	0	0	0	0	0.4	0.118	0.335
0	0	0	0	0	0	0	0	0	0	0	0	0	0	0	0	0	0	0	0	0	0	0	0	0	0	0	0	0	0	0	0	0	0	0	0	0	0	0	0	0.898	0.299
56.042	22.717	30.748	19.071	41.613	63.853	28.164	38.341	17.403	42.929	33.772	16.611	22.733	16.013	24.641	0.273	0.72	0.547	0.843	0.379	0.246	0.656	0.491	0.817	0.324	0.347	0.517	0.433	0.65	0.524	1	0.5	1	0.2	1	0.8	0	0.4	0	1	0	0.412
3.724	23.302	3.633	0.88	0.894	5.658	18.973	3.633	0.88	1.778	4.751	10.256	1.823	0.88	1.778	0.733	0.793	1	0	1	0.533	0.813	0.667	0	1	0.7	0.556	1	0	1	0	0.4	0	0.143	0	0	0.4	0	0	0	0.294	0.268
0.905	0	0	0	0	0.905	0	0	0	0	0	0	0	0	0	0	0	0	0	0	0	0	0	0	0	0	0	0	0	0	1	0	1	0.4	0.2	1	1	1	0.4	0	0	0.489
0	0	0	0	0	0	0	0	0	0	0	0	0	0	0	0	0	0	0	0	0	0	0	0	0	0	0	0	0	0	0.111	0	0	0	0	0	0	0	0	0	0.197	0.226
0	0	0	0	0	0	0	0	0	0	0	0	0	0	0	0	0	0	0	0	0	0	0	0	0	0	0	0	0	0	0.4	0	0.571	0	0	0	0	0.286	0	0	0	0.525
0	0	0	0	0	0	0	0.911	0	0	0	0	0.911	0	0	0	0	0	0	0	0	0	0	0	0	0	0	0	0	0	0	0	0	0	0	0	0	0.333	0	0	0.897	0.210
0	0	0	0	0	0	0	0	0	0	0	0	0	0	0	0	0	0	0	0	0	0	0	0	0	0	0	0	0	0	0	0	0.4	0.6	0.571	0	0	0	0.2	0.286	0.3	0.394
0	0	0	0	0	0	0	0	0	0	0	0	0	0	0	0	0	0	0	0	0	0	0	0	0	0	0	0	0	0	0	0.143	0	0	0	0	0	0	0	0	0.057	0.132
0	0	1.899	2.995	0	0	0	1.899	2.995	0	0	0	0.952	1.171	0	0	0	0	1	0	0	0	0	1	0	0	0	0	0	0	0.25	0.556	0	0.2	0.4	0	0.444	0	0.2	0	0	0.551
0	0	1.022	0	0	0	0	1.022	0	0	0	0	0	0	0	0	0	0	0	0	0	0	0	0	0	0	0	0	0	0	1	0.667	0.8	0.6	1	1	1	0.8	0.6	1	0	0.995
0	0	0	0	0	0	0	0	0	0	0	0	0	0	0	0	0	0	0	0	0	0	0	0	0	0	0	0	0	0	0	0	0	0.4	0	0	0	0	0	0	0.558	0.320
0	0	0	0	0	0	0	0	0	0	0	0	0	0	0	0	0	0	0	0	0	0	0	0	0	0	0	0	0	0	0	0.333	0	0.143	0	0	0.333	0	0	0	0.417	0.437
41.465	10.45	25.947	21.116	10.231	36.494	8.572	28.997	28.7	12.106	24.942	12.567	13.112	22.008	4.813	0.452	0.901	0.791	0.778	0.859	0.383	0.889	0.72	0.722	0.821	0.32	0.667	0.712	0.533	0.8	1	0.75	0.2	0.6	0	0.6	0.5	0	0	0.2	0.198	0.334
0	0	0	0	0	0	0	0	0	0	0	0	0	0	0	0	0	0	0	0	0	0	0	0	0	0	0	0	0	0	0.2	0	0	1	0	0	0	0	1	0	0	0.359
0	0	0	0	0	0	0	0	0	0	0	0	0	0	0	0	0	0	0	0	0	0	0	0	0	0	0	0	0	0	0	0	0	0	0	0	0	0	0	0	0.298	0.201
10.231	25.947	0	41.465	0	12.106	28.997	0	36.494	0	4.813	13.112	0	24.942	0	0.859	0.791	0	0.452	0	0.821	0.72	0	0.383	0	0.8	0.712	0	0.32	0	0	0.2	0.125	1	0	0.2	0	0	0.6	0	0.556	0.222
0	0	0	0	0	0	0	0	0	0	0	0	0	0	0	0	0	0	0	0	0	0	0	0	0	0	0	0	0	0	0	0	0	0	0	0	0	0	0	0	0.557	0.869
0.889	0	11.275	1.801	4.58	1.798	0	11.172	1.801	7.481	0.909	0	5.681	1.801	2.839	1	0	0.725	0	0.714	1	0	0.606	0	0.714	0	0	0.4	0	0	0	0.4	0	0	0	0	0.6	0.25	0	0	0.198	0.240
0	0	0	0	0	0	0	0	0	0	0	0	0	0	0	0	0	0	0	0	0	0	0	0	0	0	0	0	0	0	0	0	0	0.6	0	0	0.25	0	0.8	0	0	0.297
5.533	3.689	13.206	0.913	13.017	9.292	8.211	16.03	1.795	16.802	2.843	4.522	9.401	0	7.496	0.933	0.778	0.868	1	0.771	0.911	0.778	0.794	1	0.745	0.333	0.5	0.556	0	0.607	0	0	0	0	0	0	0	0	0	0	0.419	0.234
0.878	1.919	0	1.892	12.749	0.878	4.783	0	4.619	16.736	0.878	3.871	0	3.708	9.04	0	0.8	0	0.9	0.934	0	0.7	0	0.6	0.846	0	0.667	0	0.833	0.778	0.714	0	0	0	0	0	0	0	0	0	0.557	0.536
3.599	18.326	0	7.501	0	4.483	15.335	0	9.355	0	0.884	12.541	0	5.706	0	1	0.887	0	0.933	0	0.9	0.9	0	0.867	0	0	0.654	0	0.8	0	0	0	0	0	1	0	0	0	0	1	0	0.349
0	0	0	0	0.905	0	0	0	0	0.905	0	0	0	0	0	0	0	0	0	0	0	0	0	0	0	0	0	0	0	0	0.4	0.667	0	0	1	0.4	0.333	1	0	1	0.298	0.232
0	0	0	0	0	0	0	0	0	0	0	0	0	0	0	0	0	0	0	0	0	0	0	0	0	0	0	0	0	0	0	0	0.2	0	0.4	0	0	0.4	0	1	0.197	0.270
19.751	12.749	27.356	0	24.475	22.909	16.736	31.728	0	19.447	9.915	9.04	19.897	0	24.868	0.81	0.934	0.699	0	0.712	0.696	0.846	0.643	0	0.784	0.667	0.778	0.503	0	0.428	0	0	0	0	0.2	0	0	0.111	0	0	0.415	0.361
0	0	0	3.01	0	0	0	0	3.01	0	0	0	0	1.171	0	0	0	0	1	0	0	0	0	1	0	0	0	0	0	0	0.8	0	0	0.889	0	1	0	0	0.333	0	0.056	0.849
0	0	0	0	1.963	0	0	0	0	0.977	0	0	0	0	1.963	0	0	0	0	0	0	0	0	0	0	0	0	0	0	0	0	0	0	0	0.25	0	0	0	0	0	0.557	0.235
0	0	0	0	0	0	0	0	0	0	0	0	0	0	0	0	0	0	0	0	0	0	0	0	0	0	0	0	0	0	0.4	0.2	0	0	0	0	0	0	0	0	0	0.479
0	25.054	33.008	0	9.43	0	31.627	39.198	0	12.516	0	15.642	19.542	0	9.805	0	0.655	0.568	0	0.923	0	0.611	0.516	0	0.91	0	0.686	0.538	0	0.644	1	0.5	0.333	1	0.625	1	0.25	1	1	0.5	0	0.813
0	0	0	0	0	0	0	0	0	0	0	0	0	0	0	0	0	0	0	0	0	0	0	0	0	0	0	0	0	0	0.6	0.5	0	0.2	0	0.8	0.25	0.25	0	0	0	0.506
3.01	0	0	0	0	3.01	0	0	0	0	1.171	0	0	0	0	1	0	0	0	0	1	0	0	0	0	0	0	0	0	0	0.889	0	0	0	0.8	0.333	0.2	0	0	1	0.115	0.728
0	0	0	0	0	0	0	0	0	0	0	0	0	0	0	0	0	0	0	0	0	0	0	0	0	0	0	0	0	0	0.2	0	0	0	0.6	0	0	0.2	0	0	0	0.316
0	0	4.552	3.599	19.071	0	0	8.224	4.483	17.403	0	0	4.612	0.884	16.013	0	0	0.889	1	0.843	0	0	0.806	0.9	0.817	0	0	0.8	0	0.65	1	0	0	0	0.2	1	0	0.286	0	0	0	0.799
0	0	0	0	0	0	0	0	0	0	0	0	0	0	0	0	0	0	0	0	0	0	0	0	0	0	0	0	0	0	0.6	0.2	0	0.8	0	0.6	0	0.25	0.8	0	0.198	0.470
0	0	0	0	0	0	0	0	0	0	0	0	0	0	0	0	0	0	0	0	0	0	0	0	0	0	0	0	0	0	0	0.4	0.667	0	1	0	0.6	0.333	0	0	0	0.347
0	0	0	0	0	0	0	0	0	0	0	0	0	0	0	0	0	0	0	0	0	0	0	0	0	0	0	0	0	0	0	0	0	0	0	0	0	0	0	0	0.294	0.162
0	0	0	0	0	0	0	0	0	0	0	0	0	0	0	0	0	0	0	0	0	0	0	0	0	0	0	0	0	0	0	0	0	0.4	0	0	0	0	0.4	0	0.556	0.077
0	0	0	0	0.952	0	0	0	0	0.952	0	0	0	0	0.952	0	0	0	0	0	0	0	0	0	0	0	0	0	0	0	0	0	0.8	0	0	0	0	1	0	0.25	0	0.155
0	0	0	0	0	0	0	0	0	0	0	0	0	0	0	0	0	0	0	0	0	0	0	0	0	0	0	0	0	0	0	0	0	0	0	0.143	0	0	0	0	0.716	0.360
0	0	0	0	0	0	0	0	0	0	0	0	0	0	0	0	0	0	0	0	0	0	0	0	0	0	0	0	0	0	0	0	0	0	0	0	0	0	0	0	0.714	0.412
0	0	0	0	0	0	0	0	0	0	0	0	0	0	0	0	0	0	0	0	0	0	0	0	0	0	0	0	0	0	0	0	0	0	0	0	0.111	0	0	0	0.294	0.256
0	0	0	0	3.76	0.911	0	0	0	3.76	0.911	0	0	0	0.945	0	0	0	0	1	0	0	0	0	0.833	0	0	0	0	0	0	0	0	0	0	0.333	0	0	0	0	0.898	0.224
0	0	0	0	0	0	0	0	0	0	0	0	0	0	0	0	0	0	0	0	0	0	0	0	0	0	0	0	0	0	0.6	0.2	0.667	0.5	1	0.6	0.4	1	0	1	0	0.619
0	0	0	0	0	0	0	0	0	0	0	0	0	0	0	0	0	0	0	0	0	0	0	0	0	0	0	0	0	0	0.6	0	0	0.5	0	0	0	0	0	0	0	0.646
0	0	0	0	0	0	0	0	0	0	0	0	0	0	0	0	0	0	0	0	0	0	0	0	0	0	0	0	0	0	0	0	0.111	0.8	0	0	0	0	0	0	0.419	0.289
0	0	0	0	0	0	0	0	0	0	0	0	0	0	0	0	0	0	0	0	0	0	0	0	0	0	0	0	0	0	0	0	0	0	0.2	0	0	0	0	0	0.556	0.587
19.071	4.552	22.717	0	56.042	17.403	8.224	28.164	0	63.853	16.013	4.612	16.611	0	33.772	0.843	0.889	0.72	0	0.273	0.817	0.806	0.656	0	0.246	0.65	0.8	0.517	0	0.347	0.2	0	0.5	1	1	0	0.286	0	1	0.8	0.198	0.471
3.633	3.724	0.894	23.302	9.262	3.633	5.658	1.778	18.973	12.328	1.823	4.751	1.778	10.256	6.908	1	0.733	1	0.793	0.718	0.667	0.533	1	0.813	0.628	1	0.7	1	0.556	0.571	0	0	0	0.4	0.4	0	0	0	0.4	0	0.292	0.277
0	0	0	0	0	0	0	0	0	0	0	0	0	0	0	0	0	0	0	0	0	0	0	0	0	0	0	0	0	0	0	0	0	0.4	0	0	0	0	0	0	0	0.370
22.717	19.071	56.042	4.552	30.748	28.164	17.403	63.853	8.224	38.341	16.611	16.013	33.772	4.612	22.733	0.72	0.843	0.273	0.889	0.547	0.656	0.817	0.246	0.806	0.491	0.517	0.65	0.347	0.8	0.433	0.5	0.2	1	0	1	0	0	0.8	0.286	0.4	0.417	0.314
0	10.231	0	25.947	4.536	0	12.106	0	28.997	5.457	0	4.813	0	13.112	0.921	0	0.859	0	0.791	0.867	0	0.821	0	0.72	0.667	0	0.8	0	0.712	0	0.125	0	0	0.2	0	0	0.2	0	0	0	0.3	0.429
0	0	0	0	0	0	0	0	0	0	0	0	0	0	0	0	0	0	0	0	0	0	0	0	0	0	0	0	0	0	0	0	0	0	0	0	0	0	0	0	0.899	0.331
20.71	14.461	13.404	0	1.134	18.648	13.35	14.035	0	1.134	8.798	8.8	7.756	0	1.134	0.779	0.621	0.794	0	0	0.731	0.516	0.8	0	0	0.417	0.333	0.321	0	0	0.25	0	0	0	0	0	0	0	0	0	0	0.449
27.356	19.751	24.475	12.749	35.972	31.728	22.909	19.447	16.736	35.153	19.897	9.915	24.868	9.04	35.516	0.699	0.81	0.712	0.934	0.552	0.643	0.696	0.784	0.846	0.518	0.503	0.667	0.428	0.778	0.376	0	0	0.2	0	0	0.111	0	0	0	0	0.419	0.149
1.022	0	0	0	0	1.022	0	0	0	0	0	0	0	0	0	0	0	0	0	0	0	0	0	0	0	0	0	0	0	0	0.8	1	1	0.667	0.6	0.8	1	1	1	0.2	0	0.593
0	0	0	0	0	0	0	0	0	0	0	0	0	0	0	0	0	0	0	0	0	0	0	0	0	0	0	0	0	0	0	0	0	0	0	0	0	0	0	0	0.715	0.259
0	0	0	0	0	0	0	0	0	0	0	0	0	0	0	0	0	0	0	0	0	0	0	0	0	0	0	0	0	0	0	0	0	0	0	0	0	0	0	0	0.299	0.443
0	0	0	0	0	0	0	0	0	0	0	0	0	0	0	0	0	0	0	0	0	0	0	0	0	0	0	0	0	0	0	0	0	0.2	0	0	0	0	0	0	0.558	0.329
0	0	0	0	0	0	0	0	0	0	0	0	0	0	0	0	0	0	0	0	0	0	0	0	0	0	0	0	0	0	0	0	0	0	0	0	0	0	0	0	0.896	0.234
0	0	0.977	0	0	0	0	0.977	0	0	0	0	0.977	0	0	0	0	0	0	0	0	0	0	0	0	0	0	0	0	0	0	0.6	0	0	0.333	0	0	0	0.2	0	0.294	0.112
23.672	21.344	0	13.017	11.483	29.717	27.252	0	16.802	14.252	12.369	15.919	0	7.496	9.789	0.722	0.579	0	0.771	0.908	0.653	0.537	0	0.745	0.876	0.606	0.383	0	0.607	0.6	0.25	0.5	1	0	0.714	0.25	0	1	0	0.857	0	0.466
0	0	0	0	0	0	0	0	0	0	0	0	0	0	0	0	0	0	0	0	0	0	0	0	0	0	0	0	0	0	0.4	0	0	0	0	0.4	0	0	0	0	0	0.146
0	0	0	0	0	0	0	0	0	0	0	0	0	0	0	0	0	0	0	0	0	0	0	0	0	0	0	0	0	0	0	0	0	0	0	0	0	0	0	0	0	0.600
0	0	0	0	0	0	0	0	0	0	0	0	0	0	0	0	0	0	0	0	0	0	0	0	0	0	0	0	0	0	0	0	0	0.4	0	0	0	0	0.6	0	0.294	0.209
0	0	0	0	0	0	0	0	0	0	0	0	0	0	0	0	0	0	0	0	0	0	0	0	0	0	0	0	0	0	0	0	0	0.333	0	0	0	0	0.333	0	0.292	0.213
0	0	0	0	0	0	0	0	0	0	0	0	0	0	0	0	0	0	0	0	0	0	0	0	0	0	0	0	0	0	0	0	0	0.143	0	0	0	0	0	0	0.419	0.185
0	0	0	0	0	0	0	0	0	0	0	0	0	0	0	0	0	0	0	0	0	0	0	0	0	0	0	0	0	0	0	0	0	0	0	0	0	0	0	0	0	0.389
0	0	0.905	0	0	0	0	0.905	0	0	0	0	0	0	0	0	0	0	0	0	0	0	0	0	0	0	0	0	0	0	0	0.4	1	0.667	1	1	0.4	1	0.333	1	0.714	0.767
0	0	0	0	0	0	0	0	0	0	0	0	0	0	0	0	0	0	0	0	0	0	0	0	0	0	0	0	0	0	0	0	0	0	0	0	0	0	0.25	0	0	0.436
0.952	0	0	0	0	0.952	0	0	0	0	0.952	0	0	0	0	0	0	0	0	0	0	0	0	0	0	0	0	0	0	0	0	0.8	1	0	1	0.25	1	1	0	1	0	0.369
0	0	0	0	0	0	0	0	0	0	0	0	0	0	0	0	0	0	0	0	0	0	0	0	0	0	0	0	0	0	0	0	0	0	0	0	0	0	0	0	0.556	0.955
0	0	0	0	0	0	0	0	0	0	0	0	0	0	0	0	0	0	0	0	0	0	0	0	0	0	0	0	0	0	0.5	0.2	0	0.333	0	1	0	0	0	0	0.119	0.254
0	0	0	0	0	0	0	0	0	0	0	0	0	0	0	0	0	0	0	0	0	0	0	0	0	0	0	0	0	0	0	0.8	0	0.625	0.111	0	0	0	0	0	0	0.484
0	0	0	0	0	0	0	0	0	0	0	0	0	0	0	0	0	0	0	0	0	0	0	0	0	0	0	0	0	0	0	0	0	0	0	0	0	0	0	0	0.715	0.224
0	0	0	0	0	0	0	0	0	0	0	0	0	0	0	0	0	0	0	0	0	0	0	0	0	0	0	0	0	0	0	0.2	0.625	0	0.8	0	0.2	0	0	0	0	0.459
0.894	3.633	9.262	3.724	0	1.778	3.633	12.328	5.658	0	1.778	1.823	6.908	4.751	0	1	1	0.718	0.733	0	1	0.667	0.628	0.533	0	1	1	0.571	0.7	0	0	0	0.4	0	0.75	0	0	0	0	0.625	0.414	0.339
25.054	0	0	39.258	33.008	31.627	0	0	46.254	39.198	15.642	0	0	19.421	19.542	0.655	0	0	0.495	0.568	0.611	0	0	0.449	0.516	0.686	0	0	0.537	0.538	0.5	1	1	0	0.333	0.25	1	1	0	1	0	0.284
0	0	0	0	0	0	0	0	0	0	0	0	0	0	0	0	0	0	0	0	0	0	0	0	0	0	0	0	0	0	0	0.571	0	0.4	0	0	0.286	0	0	0	0	0.673
0	0	0	0	1.022	0	0	0	0	1.022	0	0	0	0	0	0	0	0	0	0	0	0	0	0	0	0	0	0	0	0	0.667	0.6	1	0.2	0.8	1	0.6	1	0.4	0.8	0	0.734
0	2.995	0	0	1.899	0	2.995	0	0	1.899	0	1.171	0	0	0.952	0	1	0	0	0	0	1	0	0	0	0	0	0	0	0	0.556	0.2	0.25	1	0	0.444	0.2	0	1	0	0	0.602
33.008	0	9.43	25.054	0	39.198	0	12.516	31.627	0	19.542	0	9.805	15.642	0	0.568	0	0.923	0.655	0	0.516	0	0.91	0.611	0	0.538	0	0.644	0.686	0	0.333	1	0.625	0.5	1	1	1	0.5	0.25	1	0	0.502
0	0	0	0	0	0	0	0	0	0	0	0	0	0	0	0	0	0	0	0	0	0	0	0	0	0	0	0	0	0	0	0	0	0	0	0	0	0.143	0	0	0.899	0.176
0	0	3.01	0	0	0	0	3.01	0	0	0	0	1.171	0	0	0	0	1	0	0	0	0	1	0	0	0	0	0	0	0	0	0	0.889	0	0	0.2	0	0.333	0	0	0.298	0.197
4.552	0	19.071	0	22.717	8.224	0	17.403	0	28.164	4.612	0	16.013	0	16.611	0.889	0	0.843	0	0.72	0.806	0	0.817	0	0.656	0.8	0	0.65	0	0.517	0	1	0.2	0	0.5	0.286	1	0	0	0	0.418	0.262
0	0	0	0	0	0	0	0	0	0	0	0	0	0	0	0	0	0	0	0	0	0	0	0	0	0	0	0	0	0	0.2	0	0.4	0	0	0	0	0	0	0	0.296	0.458
0	0	0	0	0	0	0	0	0	0	0	0	0	0	0	0	0	0	0	0	0	0	0	0	0	0	0	0	0	0	0.125	1	1	0.6	0	0	1	1	0	0	0.115	0.204
0	0	0	0	0	0	0	0	0	0	0	0	0	0	0	0	0	0	0	0	0	0	0	0	0	0	0	0	0	0	0.6	0.4	1	0.2	0.125	0	1	1	0.4	0	0	0.177
0	0	0	0	0	0	0	0	0	0	0	0	0	0	0	0	0	0	0	0	0	0	0	0	0	0	0	0	0	0	1	1	1	0.667	0	1	0	1	0.333	0	0	0.951
0	0	0	0	0	0	0	0	0	0	0	0	0	0	0	0	0	0	0	0	0	0	0	0	0	0	0	0	0	0	0	0	0.6	0.4	0	0	0	0.2	0	0	0.558	0.323
21.344	13.017	23.672	13.206	0	27.252	16.802	29.717	16.03	0	15.919	7.496	12.369	9.401	0	0.579	0.771	0.722	0.868	0	0.537	0.745	0.653	0.794	0	0.383	0.607	0.606	0.556	0	0.5	0	0.25	0	1	0	0	0.25	0	1	0.3	0.297
0	0	0	0	0	0	0	0	0	0	0	0	0	0	0	0	0	0	0	0	0	0	0	0	0	0	0	0	0	0	0	0	0	0	0.4	0	0	0	0	0.6	0.717	0.233
0	0	0	0	0	0	0	0	0	0	0	0	0	0	0	0	0	0	0	0	0	0	0	0	0	0	0	0	0	0	0	0	0	0	0.2	0	0	0	0	0	0.898	0.155
0	0	0	0	3.01	0	0	0	0	3.01	0	0	0	0	1.171	0	0	0	0	1	0	0	0	0	1	0	0	0	0	0	0	0	0	0	0.889	0	0	0.2	0	0.333	0	0.867
0	0	0	0	0	0	0	0	0	0	0	0	0	0	0	0	0	0	0	0	0	0	0	0	0	0	0	0	0	0	0	0	0	0.6	0.667	0	0.25	0	0.6	0.333	0.554	0.335
17.302	11.53	1.892	35.186	1.919	23.591	13.548	4.619	43.488	4.783	11.205	15.642	3.708	21.516	3.871	0.841	0.771	0.9	0.517	0.8	0.775	0.714	0.6	0.468	0.7	0.636	0.525	0.833	0.515	0.667	0	0.5	0	0.2	0	0	0	0	0	0	0.298	0.301
1.136	0.896	0	0	14.461	1.136	0	0	0	13.35	1.136	0.896	0	0	8.8	0	0	0	0	0.621	0	0	0	0	0.516	0	0	0	0	0.333	0.5	0.4	0	0.75	0	0	0.4	0	0.625	0	0	0.631
0	0	0.952	0	0	0	0	0.952	0	0	0	0	0.952	0	0	0	0	0	0	0	0	0	0	0	0	0	0	0	0	0	0.8	0	0	0	1	1	0	0.25	0	1	0.117	0.928
0	0	0	0	0	0	0	0	0	0	0	0	0	0	0	0	0	0	0	0	0	0	0	0	0	0	0	0	0	0	0.333	0	0	0	0.4	0.333	0	0	0	0.2	0	0.412
18.326	7.501	3.599	22.624	0	15.335	9.355	4.483	21.363	0	12.541	5.706	0.884	15.871	0	0.887	0.933	1	0.717	0	0.9	0.867	0.9	0.675	0	0.654	0.8	0	0.475	0	0	0	0	0.25	0	0	0	0	0	0	0	0.471
0	0	0	1.899	0	0	0	0	1.899	0	0	0	0	0.952	0	0	0	0	0	0	0	0	0	0	0	0	0	0	0	0	0	0.4	0	0	0	0	0	0	0	0	0	0.184
21.116	0	10.45	15.614	41.465	28.7	0	8.572	15.654	36.494	22.008	0	12.567	21.878	24.942	0.778	0	0.901	0.879	0.452	0.722	0	0.889	0.867	0.383	0.533	0	0.667	0.468	0.32	0.6	1	0.75	0	1	0	1	0.5	0	0.6	0	0.447
0	0	0	0	0	0	0	0	0	0	0	0	0	0	0	0	0	0	0	0	0	0	0	0	0	0	0	0	0	0	0	0	0.2	0	0	0	0	0	0	0	0.556	0.140
0	0	0	0	0	0	0	0	0	0	0	0	0	0	0	0	0	0	0	0	0	0	0	0	0	0	0	0	0	0	0	0	0.143	0	0	0	0	0	0	0	0.558	0.367
0	1.899	0	0	0	0	1.899	0	0	0	0	0.952	0	0	0	0	0	0	0	0	0	0	0	0	0	0	0	0	0	0	0.4	0	0	0.25	0	0	0	0	0	0	0	0.574
0	0	0	0.893	0	0	0	0	0.893	0	0	0	0	0.893	0	0	0	0	0	0	0	0	0	0	0	0	0	0	0	0	0	0	0	0.5	0	0	0	0.5	0	0	0	0.569
0	1.801	0.889	42.272	11.275	0	1.801	1.798	38.727	11.172	0	1.801	0.909	22.146	5.681	0	0	1	0.446	0.725	0	0	1	0.411	0.606	0	0	0	0.352	0.4	0.4	0	0	0.6	0	0.6	0	0	1	0.25	0	0.550
1.919	1.892	0.878	17.302	0	4.783	4.619	0.878	23.591	0	3.871	3.708	0.878	11.205	0	0.8	0.9	0	0.841	0	0.7	0.6	0	0.775	0	0.667	0.833	0	0.636	0	0	0	0.714	0	0	0	0	0	0	0	0.896	0.238
0	0	0	0	0	0	0	0	0	0	0	0	0	0	0	0	0	0	0	0	0	0	0	0	0	0	0	0	0	0	0	0	0	0	0.143	0	0	0	0	0	0	0.463
0	0	0	0	0	0	0	0	0	0	0	0	0	0	0	0	0	0	0	0	0	0	0	0	0	0	0	0	0	0	0	0	0	0	0	0	0	0	0	0	0.898	0.100
0	0	0	0	0	0	0	0	0	0	0	0	0	0	0	0	0	0	0	0	0	0	0	0	0	0	0	0	0	0	0	0.2	0	0.375	0	0	0	0	0	0	0	0.463
0	0	0	0	0	0	0	0	0	0	0	0	0	0	0	0	0	0	0	0	0	0	0	0	0	0	0	0	0	0	0.571	0.4	0	0	0	0.286	0	0	0	0	0.299	0.219
0	0	0	0	0	0	0	0	0	0	0	0	0	0	0	0	0	0	0	0	0	0	0	0	0	0	0	0	0	0	0.5	0	0	0	0.6	0	0	0	0	0	0	0.375
0	0	0	0.977	0	0	0	0	0.977	0	0	0	0	0.977	0	0	0	0	0	0	0	0	0	0	0	0	0	0	0	0	0	0.333	0	0	0	0	0	0	0	0	0.558	0.239
0	0.878	12.749	1.919	19.751	0	0.878	16.736	4.783	22.909	0	0.878	9.04	3.871	9.915	0	0	0.934	0.8	0.81	0	0	0.846	0.7	0.696	0	0	0.778	0.667	0.667	0	0.714	0	0	0	0	0	0	0	0	0.556	0.310
0	0	0	0	0	0	0	0	0	0	0	0	0	0	0	0	0	0	0	0	0	0	0	0	0	0	0	0	0	0	0	0	0	0	0	0	0	0	0	0	0	0.603
0	0	0	0	0	0	0	0	0	0	0	0	0	0	0	0	0	0	0	0	0	0	0	0	0	0	0	0	0	0	0	0	0	0	0	0	0	0	0	0	0.718	0.315
0	0	0	0	0	0	0	0	0	0	0	0	0	0	0	0	0	0	0	0	0	0	0	0	0	0	0	0	0	0	0.2	0	0	0	0.4	0	0	0	0	0	0.015	0.383
0	0	0	0	0	0	0	0	0	0.911	0	0	0	0	0.911	0	0	0	0	0	0	0	0	0	0	0	0	0	0	0	0	0	0	0	0	0	0	0	0	0.333	0.899	0.199
0	0	0	0	0	0	0	0	0	0	0	0	0	0	0	0	0	0	0	0	0	0	0	0	0	0	0	0	0	0	1	0.125	0	1	0.2	1	0	0	1	0	0	0.950
0	0	0	0	0	0	0	0	0	0	0	0	0	0	0	0	0	0	0	0	0	0	0	0	0	0	0	0	0	0	0	0	0	0	0.2	0	0	0	0	0	0	0.387
0	0	0	0	0	0	0	0	0	0	0	0	0	0	0	0	0	0	0	0	0	0	0	0	0	0	0	0	0	0	0	0	0.4	0.6	0	0	0	0	0	0	0.3	0.263
0	0	0	0	0	0	0	0	0	0	0	0	0	0	0	0	0	0	0	0	0	0	0	0	0	0	0	0	0	0	0.667	0	0.4	0	0	0.333	0	0.4	0	1	0.714	0.789
0	1.022	0	0	0	0	1.022	0	0	0	0	0	0	0	0	0	0	0	0	0	0	0	0	0	0	0	0	0	0	0	1	0.8	0.6	1	1	1	0.8	0.2	1	1	0	0.997
0	0	0	0	0	0	0	0	0	0	0	0	0	0	0	0	0	0	0	0	0	0	0	0	0	0	0	0	0	0	0	0	0	0	0	0	0	0	0	0	0.713	0.999
0	0	0	0	0	0	0	0	0	0	0	0	0	0	0	0	0	0	0	0	0	0	0	0	0	0	0	0	0	0	0.2	0.333	0.5	0.25	0	0	0	1	0	0	0.717	0.505
0	0	0	0	0	0	0	0	0	0	0	0	0	0	0	0	0	0	0	0	0	0	0	0	0	0	0	0	0	0	0	0.8	0.8	0	1	0	0.4	0.6	0	1	0.299	0.199
0	0	0	0	0	0	0	0	0	0	0	0	0	0	0	0	0	0	0	0	0	0	0	0	0	0	0	0	0	0	0	0	0.2	0.4	0.4	0	0	0	0	0	0.717	0.150
0	0	0	0	0	0	0	0	0	0	0	0	0	0	0	0	0	0	0	0	0	0	0	0	0	0	0	0	0	0	0	0	0.4	0	0	0	0	0.6	0	0	0.197	0.243
0	0	0	0	0	0	0	0	0	0	0	0	0	0	0	0	0	0	0	0	0	0	0	0	0	0	0	0	0	0	0	0.4	0	0.2	0.6	0	0	0	0	0.2	0.556	0.240
0	0	0	0	0	0	0	0	0	0	0	0	0	0	0	0	0	0	0	0	0	0	0	0	0	0	0	0	0	0	0	0	0	0	0	0	0	0	0	0	0.299	0.207
0	0	0	0	0	0	0	0	0	0	0	0	0	0	0	0	0	0	0	0	0	0	0	0	0	0	0	0	0	0	0.8	0	0	0	0.8	0.4	0	0	0	0.6	0	0.435
1.899	0	0	0	0	1.899	0	0	0	0	0.952	0	0	0	0	0	0	0	0	0	0	0	0	0	0	0	0	0	0	0	0	0.25	0.4	0.556	0	0	0	0	0.444	0	0	0.287
0	0	0	0	0	0	0	0	0	0	0	0	0	0	0	0	0	0	0	0	0	0	0	0	0	0	0	0	0	0	0	0	0	0	0	0	0	0	0	0.2	0.195	0.271
9.262	0.894	0	3.633	0.896	12.328	1.778	0	3.633	0	6.908	1.778	0	1.823	0.896	0.718	1	0	1	0	0.628	1	0	0.667	0	0.571	1	0	1	0	0.4	0	0.75	0	0.4	0	0	0.625	0	0.4	0.419	0.237
0	0	0	0	0	0	0	0	0	0	0	0	0	0	0	0	0	0	0	0	0	0	0	0	0	0	0	0	0	0	1	1	0	1	0	1	1	0	0	0.222	0	0.992
0	1.136	14.461	0.896	20.71	0	1.136	13.35	0	18.648	0	1.136	8.8	0.896	8.798	0	0	0.621	0	0.779	0	0	0.516	0	0.731	0	0	0.333	0	0.417	0	0.5	0	0.4	0.25	0	0	0	0.4	0	0.418	0.396
0	15.614	21.116	35.972	10.45	0	15.654	28.7	35.153	8.572	0	21.878	22.008	35.516	12.567	0	0.879	0.778	0.552	0.901	0	0.867	0.722	0.518	0.889	0	0.468	0.533	0.376	0.667	1	0	0.6	0	0.75	1	0	0	0	0.5	0	0.812
0	3.599	0	18.326	4.552	0	4.483	0	15.335	8.224	0	0.884	0	12.541	4.612	0	1	0	0.887	0.889	0	0.9	0	0.9	0.806	0	0	0	0.654	0.8	0	0	1	0	0	0	0	1	0	0.286	0.415	0.344
0	0	0	0	0	0	0	0	0	0	0	0	0	0	0	0	0	0	0	0	0	0	0	0	0	0	0	0	0	0	0.75	1	0	1	0	0.25	1	0	1	0.111	0	0.650
0	0	0	0	0	0	0	0	0	0	0	0	0	0	0	0	0	0	0	0	0	0	0	0	0	0	0	0	0	0	0.2	0	0	0	0	0	0	0	0	0	0	0.257
1.801	42.272	0	3.76	0.889	1.801	38.727	0	3.76	1.798	1.801	22.146	0	0.945	0.909	0	0.446	0	1	1	0	0.411	0	0.833	1	0	0.352	0	0	0	0	0.6	0.4	0	0	0	1	0.6	0	0	0.296	0.275
0	0	0	0	0	0	0	0	0	0	0	0	0	0	0	0	0	0	0	0	0	0	0	0	0	0	0	0	0	0	0.333	0.25	0.2	0	0.5	0	0	0	0	1	0.893	0.297
0	0	0	0	0	0	0	0	0	0	0	0	0	0	0	0	0	0	0	0	0	0	0	0	0	0	0	0	0	0	0	0.6	0	0.2	0	0.25	0.6	0	0	0	0.294	0.323
0	0	0	0	0	0	0	0	0	0	0	0	0	0	0	0	0	0	0	0	0	0	0	0	0	0	0	0	0	0	0	0	0	0	0.5	0	0	0	0	0	0.717	0.174
25.947	41.465	10.231	10.45	0	28.997	36.494	12.106	8.572	0	13.112	24.942	4.813	12.567	0	0.791	0.452	0.859	0.901	0	0.72	0.383	0.821	0.889	0	0.712	0.32	0.8	0.667	0	0.2	1	0	0.75	0.125	0	0.6	0.2	0.5	0	0	0.464
7.501	22.624	18.326	26.604	3.599	9.355	21.363	15.335	31.45	4.483	5.706	15.871	12.541	23.413	0.884	0.933	0.717	0.887	0.727	1	0.867	0.675	0.9	0.671	0.9	0.8	0.475	0.654	0.455	0	0	0.25	0	0.2	0	0	0	0	0	0	0.198	0.252
0	0	0	0	0	0	0	0	0	0	0	0	0	0	0	0	0	0	0	0	0	0	0	0	0	0	0	0	0	0	0	0	0	0	0	0	0	0	0	0	0.415	0.225
0	0	0	0	0	0	0	0	0	0	0	0	0	0	0	0	0	0	0	0	0	0	0	0	0	0	0	0	0	0	0	0	0	0	0	0	0	0	0	0	0.415	0.265
0	0	0	0	0	0	0	0	0	0	0	0	0	0	0	0	0	0	0	0	0	0	0	0	0	0	0	0	0	0	0	0	0	0.333	0	0	0	0	0	0	0.559	0.234
0	0	0	0.952	0	0	0	0	0.952	0	0	0	0	0.952	0	0	0	0	0	0	0	0	0	0	0	0	0	0	0	0	1	1	0.75	0	0	1	1	0.25	0.25	0	0	0.871
0	0.893	0	4.536	0	0	0.893	0	5.457	0	0	0.893	0	0.921	0	0	0	0	0.867	0	0	0	0	0.667	0	0	0	0	0	0	0	0.5	0	0	0	0	0	0	0	0.5	0	0.398
0	0	0	0	0	0	0	0	0	0	0	0	0	0	0	0	0	0	0	0	0	0	0	0	0	0	0	0	0	0	0	0.6	0	0.5	0	0.25	0.8	0	0.25	0	0.417	0.263
0	0	0	0	0	0	0	0	0	0	0	0	0	0	0	0	0	0	0	0	0	0	0	0	0	0	0	0	0	0	0.143	0	0	0	0	0	0	0	0	0	0.557	0.226
11.483	0	39.258	23.672	0	14.252	0	46.254	29.717	0	9.789	0	19.421	12.369	0	0.908	0	0.495	0.722	0	0.876	0	0.449	0.653	0	0.6	0	0.537	0.606	0	0.714	1	0	0.25	1	0.857	1	0	0.25	1	0.418	0.388
0	0	0	0	0	0	0	0	0	0	0	0	0	0	0	0	0	0	0	0	0	0	0	0	0	0	0	0	0	0	0	0.2	0.6	0	0	0.2	0	0	0	0	0	0.192
0	0	0	0	0	0	0	0	0	0	0	0	0	0	0	0	0	0	0	0	0	0	0	0	0	0	0	0	0	0	0.4	0	0	0	0	0	0	0	0	0	0.42	0.387
0	0	0	0	0	0	0	0	0	0	0	0	0	0	0	0	0	0	0	0	0	0	0	0	0	0	0	0	0	0	0.2	0.375	0	0.2	0	0	0	0	0	0	0	0.548
0	0	1.963	0	0	0	0	0.977	0	0	0	0	1.963	0	0	0	0	0	0	0	0	0	0	0	0	0	0	0	0	0	0	0	0.25	0	0.8	0	0	0	0	0	0	0.241
11.53	35.186	17.302	23.743	1.892	13.548	43.488	23.591	30.005	4.619	15.642	21.516	11.205	16.509	3.708	0.771	0.517	0.841	0.703	0.9	0.714	0.468	0.775	0.639	0.6	0.525	0.515	0.636	0.558	0.833	0.5	0.2	0	0	0	0	0	0	0	0	0	0.491
0	0	0	0	0	0	0	0	0	0	0	0	0	0	0	0	0	0	0	0	0	0	0	0	0	0	0	0	0	0	0	0	0.2	0	0	0	0	0	0	0	0.415	0.380
0	0	0	0	0	0	0	0	0	0	0	0	0	0	0	0	0	0	0	0	0	0	0	0	0	0	0	0	0	0	0.4	0	0	0	0.667	0.6	0	0	0	0.333	0	0.225
0	0	0	0	0	0	0	0	0	0	0	0	0	0	0	0	0	0	0	0	0	0	0	0	0	0	0	0	0	0	0	0	0.143	0	0.333	0	0	0	0	0.333	0.554	0.213
0	0	0	0	0	0	0	0	0	0	0	0	0	0	0	0	0	0	0	0	0	0	0	0	0	0	0	0	0	0	0	0	0	0	0	0	0.143	0	0	0	0.419	0.193
0	0	0	0	0	0	0	0	0	0	0	0	0	0	0	0	0	0	0	0	0	0	0	0	0	0	0	0	0	0	0	0	0	0	0	0	0	0	0	0	0.296	0.225
0	9.262	0.896	0.894	1.136	0	12.328	0	1.778	1.136	0	6.908	0.896	1.778	1.136	0	0.718	0	1	0	0	0.628	0	1	0	0	0.571	0	1	0	0.75	0.4	0.4	0	0.5	0.625	0	0.4	0	0	0.3	0.482
0	0	0	0	0	0	0	0	0	0	0	0	0	0	0	0	0	0	0	0	0	0	0	0	0	0	0	0	0	0	0.2	0.5	0.6	0.2	0.667	0.4	0	0.6	0	1	0	0.492
0	0	0	1.022	0	0	0	0	1.022	0	0	0	0	0	0	0	0	0	0	0	0	0	0	0	0	0	0	0	0	0	0.6	1	1	0.8	0	0.2	1	1	0.8	0	0	0.651
12.749	0	19.751	0.878	27.356	16.736	0	22.909	0.878	31.728	9.04	0	9.915	0.878	19.897	0.934	0	0.81	0	0.699	0.846	0	0.696	0	0.643	0.778	0	0.667	0	0.503	0	0	0	0.714	0	0	0	0	0	0.111	0.714	0.255
0	0	0	0	0	0	0	0	0	0	0	0	0	0	0	0	0	0	0	0	0	0	0	0	0	0	0	0	0	0	0	0	0	0	0	0	0	0	0	0	0.418	0.157
