1.825	0	0	2.858	0	1.825	0	0	3.842	0	0	0	0	0.985	0	1	0	0	0.667	0	1	0	0	0.667	0	0	0	0	0	0	0	0	0	0	0	0	0	0	0	0	0.718	0.397
3.742	0	2.741	1.005	0	6.753	0	2.741	2.188	0	3.011	0	0	2.188	0	0.857	0	1	0	0	0.857	0	1	0	0	0.333	0	0	0	0	0	0	0	0.2	0	0	0	0	0	0.333	0.298	0.302
0	0	12.337	0.925	0	0	0.955	15.211	0.925	0	0	0.955	5.121	0	0	0	0	0.457	0	0	0	0	0.429	0	0	0	0	0.1	0	0	1	0.2	0	0	0.5	1	0.2	0	0	0.25	0.117	1.000
6.563	0	0	0	11.777	7.474	0	0	0	12.704	5.601	0	0	0	1.9	0.464	0	0	0	0.551	0.464	0	0	0	0.551	0.133	0	0	0	1	0	0.375	0.6	0.25	0	0	0.125	0	0	0	0.298	0.638
0	0	0	0	0	0	0	0	0	0.934	0	0	0	0	0.934	0	0	0	0	0	0	0	0	0	0	0	0	0	0	0	0.25	0	0	0.75	0	0	0	0.286	0	0	0.894	0.694
4.603	7.965	0	0	15.752	7.783	11.845	0	0	19.797	3.18	4.81	0	0	9.908	0.643	0.621	0	0	0.358	0.607	0.621	0	0	0.353	0.333	0.5	0	0	0.222	0	0	0.2	0.4	0.222	0	0	0	0.6	0	0.418	0.331
0	0	0	0	0	0	0	0	0	0	0	0	0	0	0	0	0	0	0	0	0	0	0	0	0	0	0	0	0	0	0.4	0.2	0.6	0.6	0.6	0	0.4	0	0.8	1	0.557	0.354
5.756	0.926	4.821	0	0.981	5.756	2.866	5.746	0	0.981	1.903	1.94	1.98	0	0	0.867	0.667	0.533	0	0	0.867	0.667	0.533	0	0	0	0	0	0	0	0	0	0.2	0	0	0	0	0	0	0	0.417	0.453
0	0	0	0	0	0	0	0	0	0	0	0	0	0	0	0	0	0	0	0	0	0	0	0	0	0	0	0	0	0	0.2	0.667	0.8	0.5	0	0	1	1	0	0	0	0.563
0	0.925	0	0	12.337	0.955	0.925	0	0	15.211	0.955	0	0	0	5.121	0	0	0	0	0.457	0	0	0	0	0.429	0	0	0	0	0.1	0.2	0	1	0.2	0	0.2	0	1	0	0	0.298	0.639
18.539	0	2.91	10.69	0	24.148	0	4.908	14.972	0	9.772	0	3.977	8.203	0	0.344	0	0.8	0.524	0	0.341	0	0.8	0.524	0	0.278	0	0.167	0.357	0	0	0	0	0	0.4	0	0	0	0	0	0.419	0.400
10.702	1.839	3.33	0	0	13.83	1.839	5.849	0	0	5.106	0.944	4.887	0	0	0.516	1	0.9	0	0	0.516	1	0.9	0	0	0.5	0	0.667	0	0	0	0.2	0	0.4	0	0	0.4	0.2	0	0	0.9	0.286
0	3.33	10.638	10.702	0	0	5.849	15.231	13.83	0	0	4.887	7.602	5.106	0	0	0.9	0.571	0.516	0	0	0.9	0.562	0.516	0	0	0.667	0.333	0.5	0	0	0	0.75	0	0.4	0	0.2	0	0	0.6	0.713	0.806
2.961	1.803	0	13.447	3.705	4.072	1.803	0	15.493	3.705	1.111	0	0	3.923	0.901	1	1	0	0.467	0.667	1	1	0	0.458	0.667	0	0	0	0.167	0	0	0	0.5	0	0	0	0.111	1	0	0	0.896	0.622
4.79	0	0	0	0	5.827	0	0	1.037	0	3.883	0	0	1.037	0	0.533	0	0	0	0	0.533	0	0	0	0	0.167	0	0	0	0	0	0.4	0.6	0	0	0	0.6	0.8	0.2	0.8	0	0.719
0	4.603	15.752	7.965	5.908	0	7.783	19.797	11.845	6.849	0	3.18	9.908	4.81	0.941	0	0.643	0.358	0.621	0.762	0	0.607	0.353	0.621	0.762	0	0.333	0.222	0.5	0	0.2	0	0.222	0	0	0	0	0	0	0	0	0.670
2.741	3.742	0	0	0	2.741	6.753	0	0	0	0	3.011	0	0	0	1	0.857	0	0	0	1	0.857	0	0	0	0	0.333	0	0	0	0	0	0	0	0	0	0	0.333	0	0	0.717	0.463
11.777	0	12.959	6.563	0	12.704	0	14.856	7.474	0	1.9	0	2.875	5.601	0	0.551	0	0.438	0.464	0	0.551	0	0.429	0.464	0	1	0	0.333	0.133	0	0	0.6	0	0	0.8	0	0	0	0	0.6	0.557	0.262
0	0	0	0	0	0	0	0	0.934	0	0	0	0	0.934	0	0	0	0	0	0	0	0	0	0	0	0	0	0	0	0	0	0.75	0.25	0.6	0	0	0	0	0.4	0.286	0.718	0.403
0	1.825	0	0	0	0	1.825	0	0	0	0	0	0	0	0	0	1	0	0	0	0	1	0	0	0	0	0	0	0	0	0	0	0	0	0	0	0	0	0	0	0.198	0.406
12.337	0	0	0	0	15.211	0	0	0.955	0	5.121	0	0	0.955	0	0.457	0	0	0	0	0.429	0	0	0	0	0.1	0	0	0	0	0	1	0.5	0.2	0.4	0	1	0.25	0.2	0.6	0.296	0.435
0.981	4.821	0	5.756	0	0.981	5.746	0	5.756	0	0	1.98	0	1.903	0	0	0.533	0	0.867	0	0	0.533	0	0.867	0	0	0	0	0	0	0	0.2	0	0	0.6	0	0	0	0	0.8	0.557	0.265
0	0	6.563	5.922	0	0	0	7.474	7.801	0	0	0	5.601	3.95	0	0	0	0.464	0.607	0	0	0	0.464	0.607	0	0	0	0.133	0.667	0	0.375	0.25	0	0	0.6	0.125	0	0	0	0	0.554	0.822
4.041	3.705	0	0	5.922	4.993	3.705	0	0	7.801	3.016	0.901	0	0	3.95	0.9	0.667	0	0	0.607	0.9	0.667	0	0	0.607	1	0	0	0	0.667	0.286	0	0	0.5	0	0	0	0	1	0	0.418	0.587
0	-1	0	-1	0	0	-1	0	-1	0	0	-1	0	-1	0	0	-1	0	-1	0	0	-1	0	-1	0	0	-1	0	-1	0	0	-1	0	-1	0	0.2	-1	0	-1	0	0.899	0.957
0	0	0	4.792	0	0	0	0	5.713	0	0	0	0	0	0	0	0	0	0.933	0	0	0	0	0.867	0	0	0	0	0	0	0.5	0.5	0.667	0	0.2	0	0.75	1	0	0	0	0.763
4.821	5.756	0.981	0.926	0	5.746	5.756	0.981	2.866	0	1.98	1.903	0	1.94	0	0.533	0.867	0	0.667	0	0.533	0.867	0	0.667	0	0	0	0	0	0	0.2	0	0	0	0	0	0	0	0	0	0.557	0.383
0	0	13.447	15.732	1.803	0	0	15.493	17.73	1.803	0	0	3.923	4.898	0	0	0	0.467	0.373	1	0	0	0.458	0.373	1	0	0	0.167	0.1	0	0.333	0	0	0	0	1	0	0	0	0.111	0.117	0.894
0	0	11.468	0	9.289	0	0	11.468	0.934	9.289	0	0	4.646	0.934	4.522	0	0	0.691	0	0.722	0	0	0.691	0	0.639	0	0	0.5	0	0.5	0	0	0	0	0.2	0	0	0	0	0.2	0.896	0.507
0.925	0	0	0	0	0.925	0	0.955	0	0	0	0	0.955	0	0	0	0	0	0	0	0	0	0	0	0	0	0	0	0	0	0	0.2	0.2	1	1	0	0	0.2	1	1	0.419	0.409
28.935	0	24.722	0	0.963	31.982	0	29.139	2.949	3.018	12.579	0	8.382	2.949	2.055	0.229	0	0.207	0.667	0.667	0.234	0	0.207	0.667	0.667	0.106	0	0.214	0.667	1	0.2	0	0	0	0	0	0	0	0	0	0.296	0.292
0	1.005	3.742	5.908	2.741	0	2.188	6.753	6.849	2.741	0	2.188	3.011	0.941	0	0	0	0.857	0.762	1	0	0	0.857	0.762	1	0	0	0.333	0	0	0	0.2	0	0	0	0	0	0	0	0	0	0.924
10.638	0	0	3.33	7.965	15.231	0	0	5.849	11.845	7.602	0	0	4.887	4.81	0.571	0	0	0.9	0.621	0.562	0	0	0.9	0.621	0.333	0	0	0.667	0.5	0.75	0	0.4	0	0	0	0	0.6	0.2	0	0.299	0.461
0	6.563	11.777	0	12.959	0	7.474	12.704	0	14.856	0	5.601	1.9	0	2.875	0	0.464	0.551	0	0.438	0	0.464	0.551	0	0.429	0	0.133	1	0	0.333	0.6	0	0	0.375	0	0	0	0	0.125	0	0	0.967
0	4.041	5.922	3.705	0	0	4.993	7.801	3.705	0	0	3.016	3.95	0.901	0	0	0.9	0.607	0.667	0	0	0.9	0.607	0.667	0	0	1	0.667	0	0	0	0.286	0	0	0.25	0	0	0	0	0	0.415	0.875
0	12.337	0	0	13.116	0	15.211	0	0	14.114	0	5.121	0	0	2.976	0	0.457	0	0	0.418	0	0.429	0	0	0.418	0	0.1	0	0	0	0.5	0	0.4	1	0	0.25	0	0.6	1	0	0	0.979
0	9.289	0	11.468	0.925	0	9.289	0	11.468	0.925	0	4.522	0	4.646	0	0	0.722	0	0.691	0	0	0.639	0	0.691	0	0	0.5	0	0.5	0	1	0.2	0.2	0	0	1	0.2	0	0	0	0	0.973
0	0	0	0	0	0	0	0	0	0.934	0	0	0	0	0.934	0	0	0	0	0	0	0	0	0	0	0	0	0	0	0	0.4	0.6	0	0.6	0.6	0	1	0	0	0.4	0.557	0.530
0	2.741	0	3.742	15.732	0	2.741	0	6.753	17.73	0	0	0	3.011	4.898	0	1	0	0.857	0.373	0	1	0	0.857	0.373	0	0	0	0.333	0.1	0	0	0	0	0	0.333	0	0	0	0	0.198	0.557
0	0	2.829	0	0	0	0	2.829	0	0	0	0	2.829	0	0	0	0	0.333	0	0	0	0	0.333	0	0	0	0	0	0	0	0	0	0.2	0	0	0	0	0.2	0.2	0	0.297	0.634
2.91	18.539	0	0	1.839	4.908	24.148	0	0	1.839	3.977	9.772	0	0	0.944	0.8	0.344	0	0	1	0.8	0.341	0	0	1	0.167	0.278	0	0	0	0	0	0.4	0	0.2	0	0	0	0	0.4	0.717	0.326
0	0	0	0	0	0	0	0	0	0	0	0	0	0	0	0	0	0	0	0	0	0	0	0	0	0	0	0	0	0	0.2	0.6	0.4	0	0.6	0.4	0.8	0	0	0	0	0.817
0	0	0	-1	2.829	0	0	0	-1	2.829	0	0	0	-1	2.829	0	0	0	-1	0.333	0	0	0	-1	0.333	0	0	0	-1	0	0	0	0	-1	0.2	0	0.2	0	-1	0.2	0.717	0.857
0	10.638	7.965	0	4.603	0	15.231	11.845	0	7.783	0	7.602	4.81	0	3.18	0	0.571	0.621	0	0.643	0	0.562	0.621	0	0.607	0	0.333	0.5	0	0.333	0.4	0.75	0	0	0	0.6	0	0	0	0	0	0.816
0.926	0	5.756	5.902	4.821	2.866	0	5.756	6.918	5.746	1.94	0	1.903	1.015	1.98	0.667	0	0.867	0.619	0.533	0.667	0	0.867	0.619	0.533	0	0	0	0	0	0	0	0	0	0.2	0	0	0	0	0	0.896	0.371
13.116	0	0.913	0	4.792	14.114	0	0.913	0	5.713	2.976	0	0	0	0	0.418	0	0	0	0.933	0.418	0	0	0	0.867	0	0	0	0	0	0	0.4	0	0.5	0	0	0.6	0.6	0.25	0	0.298	0.332
0	0	0	1.825	0	0	0	0	1.825	0	0	0	0	0	0	0	0	0	1	0	0	0	0	1	0	0	0	0	0	0	0	0	0	0	0	0	0	0	0	0	0.897	0.931
0	0	4.79	0	0	0	1.037	5.827	0	0	0	1.037	3.883	0	0	0	0	0.533	0	0	0	0	0.533	0	0	0	0	0.167	0	0	0.4	0	0	0.25	0.6	0.6	0.2	0	0	0.8	0	0.877
0	0	0	0	0	0.934	0	0	0	0	0.934	0	0	0	0	0	0	0	0	0	0	0	0	0	0	0	0	0	0	0	0	0	0	0.25	0	0	0.286	0	0	0	0.055	0.680
0	0	28.935	0	24.722	0	2.949	31.982	0	29.139	0	2.949	12.579	0	8.382	0	0.667	0.229	0	0.207	0	0.667	0.234	0	0.207	0	0.667	0.106	0	0.214	0	0	0.2	0	0	0	0	0	0	0	0.896	0.517
0	0	0	0	0	0	0	0.934	0	0	0	0	0.934	0	0	0	0	0	0	0	0	0	0	0	0	0	0	0	0	0	0	0.25	0	0	0	0.286	0	0	0	0	0.897	0.618
0	0	0	10.44	28.935	2.949	0	0	10.44	31.982	2.949	0	0	4.928	12.579	0.667	0	0	0.576	0.229	0.667	0	0	0.578	0.234	0.667	0	0	0.667	0.106	0	0	0	0.2	0.2	0	0	0	0	0	0.896	0.262
0	0	13.116	12.337	0.913	0	0	14.114	15.211	0.913	0	0	2.976	5.121	0	0	0	0.418	0.457	0	0	0	0.418	0.429	0	0	0	0	0.1	0	0.4	0.5	0	0	0	0.6	0.25	0	0	0.6	0	0.822
0.913	13.116	4.792	0	0	0.913	14.114	5.713	0	0	0	2.976	0	0	0	0	0.418	0.933	0	0	0	0.418	0.867	0	0	0	0	0	0	0	0	0	0	0.4	0.5	0.6	0	0	0.6	0.75	0	0.623
0	0	15.732	2.741	0	0	0	17.73	2.741	0	0	0	4.898	0	0	0	0	0.373	1	0	0	0	0.373	1	0	0	0	0.1	0	0	0	0	0	0	0	0	0.333	0	0	0	0	0.626
12.959	11.777	0	0	0	14.856	12.704	0	0	0	2.875	1.9	0	0	0	0.438	0.551	0	0	0	0.429	0.551	0	0	0	0.333	1	0	0	0	0	0	0.8	0.6	0.667	0	0	0.6	0	1	0.415	0.427
2.829	0	0	0	0	2.829	0	0	0	0	2.829	0	0	0	0	0.333	0	0	0	0	0.333	0	0	0	0	0	0	0	0	0	0.2	0	0	0	0.25	0.2	0	0	0	0	0.298	0.494
0	0	0	0	-1	0	0	0	0	-1	0	0	0	0	-1	0	0	0	0	-1	0	0	0	0	-1	0	0	0	0	-1	0	0	0	0	-1	0	0	0	0	-1	0.896	0.994
7.965	0	4.603	10.638	0	11.845	0	7.783	15.231	0	4.81	0	3.18	7.602	0	0.621	0	0.643	0.571	0	0.621	0	0.607	0.562	0	0.5	0	0.333	0.333	0	0	0.4	0	0.75	0.2	0	0.6	0	0	0	0.556	0.306
0	0	0	0	0	0	0	0	0	0	0	0	0	0	0	0	0	0	0	0	0	0	0	0	0	0	0	0	0	0	0.6	0.4	0.6	0.2	0.4	0	0	1	0.4	0	0	0.558
0	0	0	0	0	0	0	0	0	0	0	0	0	0	0	0	0	0	0	0	0	0	0	0	0	0	0	0	0	0	0.6	0.6	0.4	0.4	0	1	0	0	0	0	0	0.946
1.803	13.447	2.961	0	0	1.803	15.493	4.072	0	0	0	3.923	1.111	0	0	1	0.467	1	0	0	1	0.458	1	0	0	0	0.167	0	0	0	0	0	0	0.333	0.5	0.111	0	0	1	1	0.899	0.366
10.44	0.913	0	3.271	0	10.44	0.913	0	2.197	2.949	4.928	0.913	0	4.416	2.949	0.576	0	0	1	0.667	0.578	0	0	1	0.667	0.667	0	0	0.667	0.667	0.2	0.286	0	0	0	0	0.571	0	0	0	0.292	0.477
0	2.91	1.839	18.539	10.702	0	4.908	1.839	24.148	13.83	0	3.977	0.944	9.772	5.106	0	0.8	1	0.344	0.516	0	0.8	1	0.341	0.516	0	0.167	0	0.278	0.5	0.4	0	0.2	0	0	0	0	0.4	0	0	0.292	0.525
0	0	0	0	4.79	1.037	0	0	0	5.827	1.037	0	0	0	3.883	0	0	0	0	0.533	0	0	0	0	0.533	0	0	0	0	0.167	0	0.25	0.4	0	0	0.2	0	0.6	0	0	0	0.822
0	10.44	0	0.913	0	0	10.44	2.949	0.913	0	0	4.928	2.949	0.913	0	0	0.576	0.667	0	0	0	0.578	0.667	0	0	0	0.667	0.667	0	0	0	0.2	0	0.286	0	0	0	0	0.571	0	0.896	0.533
0	0	0	0.981	0	0	0	0	0.981	0	0	0	0	0	0	0	0	0	0	0	0	0	0	0	0	0	0	0	0	0	0.6	0	0.2	0	0.4	0.8	0	0.4	0	0	0	0.770
0	0	0	0	0	0.934	0	0	0	0	0.934	0	0	0	0	0	0	0	0	0	0	0	0	0	0	0	0	0	0	0	0.6	0	0.75	0.4	0	0.4	0	0	0	0	0.196	0.671
24.722	28.935	0.963	0	10.69	29.139	31.982	3.018	0	14.972	8.382	12.579	2.055	0	8.203	0.207	0.229	0.667	0	0.524	0.207	0.234	0.667	0	0.524	0.214	0.106	1	0	0.357	0	0.2	0	0	0	0	0	0	0	0	0.415	0.376
0	2.829	0	0	0	0	2.829	0	0	1.037	0	2.829	0	0	1.037	0	0.333	0	0	0	0	0.333	0	0	0	0	0	0	0	0	0	0.2	0.25	0	0	0	0.2	0	0	0.2	0	0.521
0	0	5.902	4.79	0	0	0	6.918	5.827	0	0	0	1.015	3.883	0	0	0	0.619	0.533	0	0	0	0.619	0.533	0	0	0	0	0.167	0	0	0.6	0	0	0	0.8	0.8	0	0	0	0	0.708
0	12.959	0	11.777	2.858	0	14.856	0	12.704	3.842	0	2.875	0	1.9	0.985	0	0.438	0	0.551	0.667	0	0.429	0	0.551	0.667	0	0.333	0	1	0	0.8	0	0.667	0	0	0.6	0	1	0	0	0	0.963
5.908	15.752	1.005	0	0	6.849	19.797	2.188	0	0	0.941	9.908	2.188	0	0	0.762	0.358	0	0	0	0.762	0.353	0	0	0	0	0.222	0	0	0	0	0.222	0.2	0.2	0	0	0	0	0	0	0.557	0.339
4.792	0.913	0	13.116	0	5.713	0.913	0	14.114	0	0	0	0	2.976	0	0.933	0	0	0.418	0	0.867	0	0	0.418	0	0	0	0	0	0	0	0	0.5	0	0.5	0	0.6	0.75	0	0	0.299	0.437
0	0	-1	0	-1	0	0	-1	0	-1	0	0	-1	0	-1	0	0	-1	0	-1	0	0	-1	0	-1	0	0	-1	0	-1	0	0	-1	0	-1	0	0	-1	0	-1	0.9	0.994
0	2.961	3.705	1.803	4.041	0	4.072	3.705	1.803	4.993	0	1.111	0.901	0	3.016	0	1	0.667	1	0.9	0	1	0.667	1	0.9	0	0	0	0	1	0.5	0	0	0	0.286	1	0	0	0.111	0	0.119	0.922
9.289	11.468	0	0	0	9.289	11.468	0	0	0	4.522	4.646	0	0	0	0.722	0.691	0	0	0	0.639	0.691	0	0	0	0.5	0.5	0	0	0	0.2	0	1	0	0.2	0.2	0	1	0	0	0.118	0.485
1.839	0	10.702	2.91	3.33	1.839	0	13.83	4.908	5.849	0.944	0	5.106	3.977	4.887	1	0	0.516	0.8	0.9	1	0	0.516	0.8	0.9	0	0	0.5	0.167	0.667	0.2	0.4	0	0	0	0.4	0	0	0	0.2	0.718	0.447
15.732	0	0	0	0	17.73	0	0	0	0	4.898	0	0	0	0	0.373	0	0	0	0	0.373	0	0	0	0	0.1	0	0	0	0	0	0	0	0	0.333	0	0	0	0.333	1	0.415	0.344
0.913	3.271	10.44	0	0	0.913	2.197	10.44	0	0	0.913	4.416	4.928	0	0	0	1	0.576	0	0	0	1	0.578	0	0	0	0.667	0.667	0	0	0.286	0	0.2	0	0	0.571	0	0	0	0	0.299	0.715
0	0	0	2.829	0	0	0	1.037	2.829	0	0	0	1.037	2.829	0	0	0	0	0.333	0	0	0	0	0.333	0	0	0	0	0	0	0.25	0	0	0.2	0.4	0	0	0.2	0.2	0.6	0	0.814
0.963	24.722	10.69	28.935	0	3.018	29.139	14.972	31.982	0	2.055	8.382	8.203	12.579	0	0.667	0.207	0.524	0.229	0	0.667	0.207	0.524	0.234	0	1	0.214	0.357	0.106	0	0	0	0	0.2	0	0	0	0	0	0	0.557	0.395
0	4.79	0	0	5.902	0	5.827	0	0	6.918	0	3.883	0	0	1.015	0	0.533	0	0	0.619	0	0.533	0	0	0.619	0	0.167	0	0	0	0.6	0	0	0.4	0	0.8	0	0.8	0.6	0	0.298	0.801
0	0	0.925	9.289	0	0	0	0.925	9.289	0.955	0	0	0	4.522	0.955	0	0	0	0.722	0	0	0	0	0.639	0	0	0	0	0.5	0	0.2	1	0	0.2	0.2	0	1	0	0.2	0.2	0	0.716
0	0	0	0	0	0	0	0.934	0	0	0	0	0.934	0	0	0	0	0	0	0	0	0	0	0	0	0	0	0	0	0	0	0.4	0.6	0.6	0.75	0	0	0.4	1	0	0.557	0.505
0	5.902	0.926	0	5.756	0	6.918	2.866	0	5.756	0	1.015	1.94	0	1.903	0	0.619	0.667	0	0.867	0	0.619	0.667	0	0.867	0	0	0	0	0	0	0	0	0	0	0	0	0	0.8	0	0.897	0.640
5.902	0	0	0	0.926	6.918	0	0	0	2.866	1.015	0	0	0	1.94	0.619	0	0	0	0.667	0.619	0	0	0	0.667	0	0	0	0	0	0	0	0	0.6	0	0	0.8	0	0.8	0	0.417	0.300
0	4.792	0	0.913	0	0	5.713	0	0.913	0	0	0	0	0	0	0	0.933	0	0	0	0	0.867	0	0	0	0	0	0	0	0	0.5	0	0.5	0	0.667	0.75	0	0	0.6	1	0.417	0.717
0	0	2.858	12.959	0	0	0	3.842	14.856	0	0	0	0.985	2.875	0	0	0	0.667	0.438	0	0	0	0.667	0.429	0	0	0	0	0.333	0	0.667	0.8	0	0	0	1	0.6	0	0	0	0.117	0.974
11.468	0	9.289	0	0	11.468	0	9.289	0	0	4.646	0	4.522	0	0	0.691	0	0.722	0	0	0.691	0	0.639	0	0	0.5	0	0.5	0	0	0	0	0.2	0	1	0	0	0.2	0	1	0.299	0.467
3.705	0	4.041	2.961	0	3.705	0	4.993	4.072	0	0.901	0	3.016	1.111	0	0.667	0	0.9	1	0	0.667	0	0.9	1	0	0	0	1	0	0	0	0.5	0.286	0	0	0	1	0	0	0	0.897	0.664
3.271	0	0.913	0	10.44	2.197	0	0.913	0	10.44	4.416	0	0.913	0	4.928	1	0	0	0	0.576	1	0	0	0	0.578	0.667	0	0	0	0.667	0	0	0.286	0.8	0.2	0	0	0.571	1	0	0	0.532
1.005	5.908	0	15.752	3.742	2.188	6.849	0	19.797	6.753	2.188	0.941	0	9.908	3.011	0	0.762	0	0.358	0.857	0	0.762	0	0.353	0.857	0	0	0	0.222	0.333	0.2	0	0	0.222	0	0	0	0	0	0	0.419	0.487
0	15.732	0	0	13.447	0	17.73	0	0	15.493	0	4.898	0	0	3.923	0	0.373	0	0	0.467	0	0.373	0	0	0.458	0	0.1	0	0	0.167	0	0	0.333	0	0	0	0	1	0	0	0.713	0.701
0	0	0	0	0	0	0.934	0	0	0	0	0.934	0	0	0	0	0	0	0	0	0	0	0	0	0	0	0	0	0	0	0.75	0.6	0	0	0.25	0	0.4	0	0	0	0.558	0.989
0	0.981	0	4.821	0	0	0.981	0	5.746	0	0	0	0	1.98	0	0	0	0	0.533	0	0	0	0	0.533	0	0	0	0	0	0	0	0	0.6	0.2	0.2	0	0	0.8	0	0.4	0.418	0.368
0	0	0	0	11.468	0	0.934	0	0	11.468	0	0.934	0	0	4.646	0	0	0	0	0.691	0	0	0	0	0.691	0	0	0	0	0.5	0	0	0	0	0	0	0	0	0.286	0	0.294	0.960
13.447	0	1.803	0	2.961	15.493	0	1.803	0	4.072	3.923	0	0	0	1.111	0.467	0	1	0	1	0.458	0	1	0	1	0.167	0	0	0	0	0	0.333	0	0	0	0	1	0.111	0	0	0.415	0.671
0	5.922	0	0	6.563	0	7.801	0	0	7.474	0	3.95	0	0	5.601	0	0.607	0	0	0.464	0	0.607	0	0	0.464	0	0.667	0	0	0.133	0.25	0	0.375	0	0	0	0	0.125	0	0	0.417	0.937
10.69	0.963	0	24.722	18.539	14.972	3.018	0	29.139	24.148	8.203	2.055	0	8.382	9.772	0.524	0.667	0	0.207	0.344	0.524	0.667	0	0.207	0.341	0.357	1	0	0.214	0.278	0	0	0	0	0	0	0	0	0	0	0.419	0.322
0	0	3.271	0	0.913	0	0	2.197	0	0.913	0	0	4.416	0	0.913	0	0	1	0	0	0	0	1	0	0	0	0	0.667	0	0	0	0.8	0	0.2	0.286	0	1	0	0	0.571	0	0.797
2.858	0	0	0	1.825	3.842	0	0	0	1.825	0.985	0	0	0	0	0.667	0	0	0	1	0.667	0	0	0	1	0	0	0	0	0	0	0.667	0	0.8	0	0	1	0	0.6	0	0.415	0.304
0	2.858	1.825	0	0	0	3.842	1.825	0	0	0	0.985	0	0	0	0	0.667	1	0	0	0	0.667	1	0	0	0	0	0	0	0	0	0	0	0.667	0	0	0	0	1	0	0.119	0.951
3.33	10.702	0	1.839	10.638	5.849	13.83	0	1.839	15.231	4.887	5.106	0	0.944	7.602	0.9	0.516	0	1	0.571	0.9	0.516	0	1	0.562	0.667	0.5	0	0	0.333	0	0	0	0.2	0.75	0.2	0	0	0.4	0	0.196	0.594
0	0	0	0	0	0	0	0	0	0	0	0	0	0	0	0	0	0	0	0	0	0	0	0	0	0	0	0	0	0	0.667	0.5	0.2	0.5	0.8	1	0	0	0.75	1	0	0.906
0	0	0	0	3.271	0	0	0	0	2.197	0	0	0	0	4.416	0	0	0	0	1	0	0	0	0	1	0	0	0	0	0.667	0.8	0.2	0	0.667	0	1	0	0	1	0	0	0.985
0	10.69	18.539	0.963	2.91	0	14.972	24.148	3.018	4.908	0	8.203	9.772	2.055	3.977	0	0.524	0.344	0.667	0.8	0	0.524	0.341	0.667	0.8	0	0.357	0.278	1	0.167	0	0	0	0	0	0	0	0	0	0	0	0.580
15.752	0	5.908	4.603	1.005	19.797	0	6.849	7.783	2.188	9.908	0	0.941	3.18	2.188	0.358	0	0.762	0.643	0	0.353	0	0.762	0.607	0	0.222	0	0	0.333	0	0.222	0.2	0	0	0.2	0	0	0	0	0	0.197	0.612
5.922	0	0	4.041	0	7.801	0	0	4.993	0	3.95	0	0	3.016	0	0.607	0	0	0.9	0	0.607	0	0	0.9	0	0.667	0	0	1	0	0	0	0.25	0.286	0.375	0	0	0	0	0.125	0.717	0.473
