0	0	0	0	26.884	0	0	0	0	25.857	1.011	0	0	0	4.924	0	0	0	0	0.52	0	0	0	0	0.556	0	0	0	0	0.1	0	0	0	0.25	0	0	0	0	0	0	0	0.269
0	0	3.1	0	0	0	0	1.992	0	0	0	0	1.108	0	0	0	0	1	0	0	0	0	1	0	0	0	0	0	0	0	0.4	0	0.4	0	0	0	0	0	0	0	0.292	0.350
4.619	1.253	0	0	0	5.575	1.253	0	0	0	1.85	1.253	0	0	0	0.667	0	0	0	0	0.667	0	0	0	0	0	0	0	0	0	0	0	0.5	1	0	0	0	0.75	0.667	0	0	0.266
21.721	2.717	16.354	16.135	0	21.721	1.794	17.428	14.332	0	9.274	0.923	5.274	7.892	0	0.511	1	0.654	0.55	0	0.472	1	0.614	0.562	0	0.25	0	0.4	0.286	0	0	0	0	0	0	0	0	0	0.2	0	0	0.292
0	7.573	0	0	0	0	7.573	0	0	0	0	2.999	0	0	0	0	0.833	0	0	0	0	0.821	0	0	0	0	0.667	0	0	0	0	0.5	0.4	0	0.125	0	0	0	0	0	0.299	0.258
0	0	5.53	0	0	1.124	2.05	5.742	2.033	0	1.124	2.05	5.199	4.191	0	0	0	0.222	0	0	0	0	0.533	0	0	0	0	0	0	0	0	0	0	0.222	0.143	0	0	0	0	0.429	0.418	0.150
0.969	0	7.51	0	0	0.969	0	5.624	0	0	0.969	0	2.818	0	0	0	0	0.679	0	0	0	0	0.6	0	0	0	0	1	0	0	0	0	0.5	0	0	0	0	0	0	0	0.419	0.174
0	0	0	0	0	0	0	0	0	0	0	0	0	0	0	0	0	0	0	0	0	0	0	0	0	0	0	0	0	0	0	0	0	0	0	0	0	0	0	0	0.897	0.326
0	8.438	40.168	0	0	0	4.965	33.204	0	0	0	8.908	16.643	0.895	0	0	0.756	0.328	0	0	0	0.6	0.307	0	0	0	0.786	0.333	0	0	0.2	0.778	0.2	0.625	0.25	0	0	0	0	0.25	0	0.545
0	17.761	0	0	0.932	0	18.968	0	0	0.932	0	3.938	0	0	0.932	0	0.574	0	0	0	0	0.521	0	0	0	0	0.5	0	0	0	0	0.5	0.143	0	0.6	0	0	0.143	0	0.2	0.417	0.475
0	3.886	2.787	0.968	0	0	3.886	1.805	0	0	0	1.023	4.804	0.968	0	0	1	1	0	0	0	0.667	1	0	0	0	0	1	0	0	0	0	0	0.2	1	0	0	0	0	1	0.299	0.258
2.761	0	0	11.108	20.385	0.988	0	0	8.991	19.348	1.773	0	0	3.046	3.29	0.333	0	0	0.742	0.545	0	0	0	0.861	0.542	0	0	0	0	0	0	0	0	0.2	0	0	0	0	0	0.2	0	0.395
0	0	0	0	0	0	0	0	0	0	0	0	0	0	0	0	0	0	0	0	0	0	0	0	0	0	0	0	0	0	0	0	0	0	0	0	0	0	0	0	0.299	0.903
0	10.531	0	0	0	0	7.619	0	0	0	0	3.853	0	0	0	0	0.803	0	0	0	0	0.679	0	0	0	0	0.833	0	0	0	0.2	0.6	0	1	0.778	0.2	0	0.333	0	1	0	0.543
0	22.076	10.531	0	0	0	15.136	7.619	0	0	0	10.75	3.853	0	0	0	0.442	0.803	0	0	0	0.575	0.679	0	0	0	0.218	0.833	0	0	1	0.6	0.6	0.2	0.2	0	0	0	0.2	0.2	0	0.324
0	0	0	2.894	0	0	0	0	1.92	0	0	0	0	0.974	0	0	0	0	1	0	0	0	0	1	0	0	0	0	0	0	0.4	0	0	0.6	0	0	0	0	0.8	1	0	0.368
0	0	0	0	0	0	0	0	0	0	0	0	0	0	0	0	0	0	0	0	0	0	0	0	0	0	0	0	0	0	0	0.5	0	0	0	0	0.25	0	0	0	0.299	0.308
0	0	0	0	0	0	0	0	0	0	0	0	0	0	0	0	0	0	0	0	0	0	0	0	0	0	0	0	0	0	0	0	0	0	0	0	0	0	0	0	0.294	0.627
0	0	0	0	0.969	0	0	0	0	0.969	0	0	0	0	0.969	0	0	0	0	0	0	0	0	0	0	0	0	0	0	0	0	0	0.75	0	0.75	0.25	0	1	0	0	0	0.419
0	2.894	0	0	0	0	1.92	0	0	0	0	0.974	0	0	0	0	1	0	0	0	0	1	0	0	0	0	0	0	0	0	0	0.6	0.4	0	0	0	0.8	0	0	0	0.3	0.199
0	0	0	0	0	0	0	0	0	0	0	0	0	0	0	0	0	0	0	0	0	0	0	0	0	0	0	0	0	0	0	1	0	0.5	0	0	1	0	0.75	0	0.42	0.112
0	0	0	7.626	11.108	0	0	0	6.663	8.991	0	0	0	1.869	3.046	0	0	0	0.929	0.742	0	0	0	0.905	0.861	0	0	0	1	0	0.2	0	0.2	0.4	0.2	0.6	0	0	0.4	0	0	0.496
0	0	0	0	0	0	0	0	0	0	0	0	0	0	0	0	0	0	0	0	0	0	0	0	0	0	0	0	0	0	0	0	0	0	0	0	0	0	0.333	0	0	0.677
0	0	0	0	0	0	0	0	0	0	0	0	0	0	0	0	0	0	0	0	0	0	0	0	0	0	0	0	0	0	0	0	0	0	0.333	0	1	0	0	0.333	0.298	0.228
22.764	13.354	0	2.928	0	19.689	15.621	0	4.024	0	11.717	7.098	0	2.151	0	0.537	0.683	0	1	0	0.484	0.65	0	0.833	0	0.227	0.381	0	1	0	0.8	0.667	0.25	0	1	1	0.889	0	0.4	1	0	0.483
0	0	2.894	0	0	0	0	1.92	0	0	0	0	0.974	0	0	0	0	1	0	0	0	0	1	0	0	0	0	0	0	0	0	0	0.6	0.25	0	0	0.333	0.8	0	0	0.415	0.280
0	0	0	1.974	0	0	0	0	1.974	0	0	0	0	0	0	0	0	0	1	0	0	0	0	1	0	0	0	0	0	0	0	0	0	0	0	0	0	0	0	0	0.294	0.521
0	0	0	0	0	0	0	0	0	0	0	0	0	0	0	0	0	0	0	0	0	0	0	0	0	0	0	0	0	0	0	0	0.2	0	0	0	0	0	0	0	0.2	0.241
0	0	16.135	0	2.717	0	0	14.332	0	1.794	0	0	7.892	0	0.923	0	0	0.55	0	1	0	0	0.562	0	1	0	0	0.286	0	0	1	1	0	0.25	0	1	1	0.2	0	0	0	0.996
3.65	0	0	0	0	0.959	0	0	0	0	4.609	0	0	0	0	0.8	0	0	0	0	0	0	0	0	0	0.8	0	0	0	0	0.2	0	0.2	0	0	0	0	0	0	0	0	0.199
0	0	0	0	0	0	0	0	0	0	0	0	0	0	0	0	0	0	0	0	0	0	0	0	0	0	0	0	0	0	0	0.25	0	0	0	0.2	0	0	0	0	0	0.511
0	0	29.754	0	0	0	0	23.247	0	0	0	0	12.844	0	0	0	0	0.488	0	0	0	0	0.478	0	0	0	0	0.258	0	0	0	1	1	0	0.5	0	1	1	0	0.75	0	0.948
12.493	0	1.253	0.973	0	12.428	0	1.253	0.884	0	3.076	0	1.253	1.858	0	0.769	0	0	0	0	0.744	0	0	0	0	1	0	0	0	0	0.375	0	0	0	0.2	0.375	0	0	0	0.2	0	0.297
0	0	0	0	0	0	0	0	0	0	0	0	0	0	0	0	0	0	0	0	0	0	0	0	0	0	0	0	0	0	0.2	0	0	0	1	0	0	0	0	0.667	0	0.495
0	0	0	0	0	0	0	0	0	0	0	0	0	0	0	0	0	0	0	0	0	0	0	0	0	0	0	0	0	0	0	0.111	0	0	0	0	0	0	0	0	0.718	0.520
0	0	0	0	15.536	0	0	0	0	16.568	0	0	0	0	3.898	0	0	0	0	0.669	0	0	0	0	0.596	0	0	0	0	0.333	0	0	0	0	0	0	0	0	0	0	0.418	0.506
0	0	0	0	0	0	0	0	0	0	0	0	0	0	0	0	0	0	0	0	0	0	0	0	0	0	0	0	0	0	0	0	0	0.111	0	0	0	0	0	0	0.718	0.647
12.555	0	6.446	0	39.437	15.902	0.916	7.392	0	46.794	6.391	0.916	1.828	0	13.516	0.65	0	0.571	0	0.35	0.583	0	0.464	0	0.321	0.467	0	0	0	0.197	0.2	0	0.556	0.4	0.286	0	0	0.333	0.2	0.286	0	0.259
0	0	0	0	0	0	0	0	0	0	0	0	0	0	0	0	0	0	0	0	0	0	0	0	0	0	0	0	0	0	0	1	0.333	0	0	0	0.778	0	0	0	0.42	0.213
0	0	0	0	0.969	0	0	0	0	0.969	0	0	0	0	0.969	0	0	0	0	0	0	0	0	0	0	0	0	0	0	0	0	0	0	0.25	0	0	0.2	0	0	0	0.558	0.184
0	0	0.969	0	7.51	0	0	0.969	0	5.624	0	0	0.969	0	2.818	0	0	0	0	0.679	0	0	0	0	0.6	0	0	0	0	1	0	0	0	0	0.5	0	0	0	0.2	0	0.298	0.220
0	0	0	0	0	0	0	0	0	0.886	0	0	0	0	0.886	0	0	0	0	0	0	0	0	0	0	0	0	0	0	0	0	0	0	0	0	0	0	0	0	0	0.197	0.248
16.354	21.721	0	2.717	0	17.428	21.721	0	1.794	0	5.274	9.274	0	0.923	0	0.654	0.511	0	1	0	0.614	0.472	0	1	0	0.4	0.25	0	0	0	0	0	0	0	0	0	0	0	0	0	0.299	0.145
0	0	3.65	0.92	0	0	0	0.959	2.918	0	0	0	4.609	2.918	0	0	0	0.8	1	0	0	0	0	0	0	0	0	0.8	1	0	0	0	0.2	0	0.2	0	0	0	0	0	0.415	0.283
0	0	0	0	0	0	0	0	0	0	0	0	0	0	0	0	0	0	0	0	0	0	0	0	0	0	0	0	0	0	0	0	0.2	0	0	0	1	0	0	0	0.299	0.232
7.573	0	0	0	0	7.573	0	0	0	0	2.999	0	0	0	0	0.833	0	0	0	0	0.821	0	0	0	0	0.667	0	0	0	0	0.5	0	0	0	0.4	0	0	0	0	0	0.2	0.265
0	0.91	10.955	0	0	0	0.91	7.807	0	0	0	1.154	6.45	0	0	0	1	0.788	0	0	0	0	0.75	0	0	0	0	0.467	0	0	0	0.6	0	1	0.889	0	0.8	0	0.25	0.889	0	0.937
9.29	0	0	0.884	0	6.599	0	0	0	0	2.691	0	0	0.884	0	0.644	0	0	0	0	0.81	0	0	0	0	0	0	0	0	0	0.4	0	0	0.6	0	0	0	0	0	0.2	0	0.319
0.891	15.536	21.295	0	7.626	0.891	16.568	20.204	0	6.663	0	3.898	4.953	0	1.869	0	0.669	0.672	0	0.929	0	0.596	0.61	0	0.905	0	0.333	0.4	0	1	0	0	0	0	0.4	0	0	0	0	0.4	0.717	0.142
1.974	20.009	0	0	0	1.974	20.009	0	0	0	0	5.347	0	0	0	1	0.553	0	0	0	1	0.468	0	0	0	0	0.4	0	0	0	0	0.25	0	0.778	0	0	0	0	0.556	0	0.896	0.385
0	0	0	0	0	0	0	0	0	0	0	0	0	0	0	0	0	0	0	0	0	0	0	0	0	0	0	0	0	0	0	0	0	0	0	0	0	0	0	0	0.557	0.530
0	0	0	0	0	0	0	0	0	0	0	0	0	0	0	0	0	0	0	0	0	0	0	0	0	0	0	0	0	0	0	0	0	0	0.2	0	0	0	0	0	0	0.156
0	0	0	5.53	0	0	0	0	5.742	0	1.006	0	0	5.199	0	0	0	0	0.222	0	0	0	0	0.533	0	0	0	0	0	0	0	0.143	0.2	0	0.2	0	0.429	0	0	0	0	0.479
13.306	0	2.928	0	13.354	17.734	1.988	4.024	0.946	15.621	6.43	1.988	2.151	0.946	7.098	0.765	1	1	0	0.683	0.693	1	0.833	0	0.65	0.667	1	1	0	0.381	0	0	0	0	0.667	0	0	0.4	0	0.889	0.717	0.205
0	4.973	0.91	64.583	0	0	3.04	0.91	60.325	0	0	3	1.154	27.625	0	0	0.6	1	0.203	0	0	1	0	0.194	0	0	0	0	0.166	0	1	0.2	0.6	0	0	0.25	0.2	0.8	0	0	0	0.874
0	0	0	0	31.636	0	0	0	0	33.126	0	0	0	0	16.325	0	0	0	0	0.377	0	0	0	0	0.341	0	0	0	0	0.343	0	0.111	0.25	0	0.8	0	0	0.25	0	0.4	0	0.458
0	0	11.108	0	0	0	0	8.991	0	0	0	0	3.046	0	0	0	0	0.742	0	0	0	0	0.861	0	0	0	0	0	0	0	0.2	0.2	0.2	0	0	0	0.6	0	0	0	0.12	0.226
0	0.896	0	1.1	0	0	0	0	1.1	0	0	0.896	0	1.1	0	0	0	0	0	0	0	0	0	0	0	0	0	0	0	0	0	1	0	0.75	0	0	1	0	0	0	0	0.517
0	0	0	0	0	0	0	0	0	0	0	0	0	0	0	0	0	0	0	0	0	0	0	0	0	0	0	0	0	0	0	0	0	0	0	0	0.333	0	0	0	0.415	0.675
0	0.884	9.29	0	0	0	0	6.599	0	0	0	0.884	2.691	0	0	0	0	0.644	0	0	0	0	0.81	0	0	0	0	0	0	0	0	0.6	0.4	0	0	0	0	0	0.2	0	0.12	0.286
0	0	0	0	0	0	0	0	0	0	0	0	0	0	0	0	0	0	0	0	0	0	0	0	0	0	0	0	0	0	0	0	0	0	0	0.143	0.2	0	0	0	0.299	0.930
0	1.974	0	20.009	0	0	1.974	0	20.009	0	0	0	0	5.347	0	0	1	0	0.553	0	0	1	0	0.468	0	0	0	0	0.4	0	0	0	0	0.25	0	0	0	0	0	0	0.116	0.576
3.736	0	0	0	0.973	5.552	0	0	0	0.884	0.884	0	0	0	1.858	0.667	0	0	0	0	0.667	0	0	0	0	0	0	0	0	0	0	0	0	0	0	0	0	0	0	0	0.296	0.169
0	0	0	0	0	0	0	0	0	0	0	0	0	0	0	0	0	0	0	0	0	0	0	0	0	0	0	0	0	0	0	0	0.333	0	0.2	0	0	0.333	1	0	0.415	0.169
0	0	0	0	0	0	0	0	0	0	0	0	0	0	0	0	0	0	0	0	0	0	0	0	0	0	0	0	0	0	0	0	0	0	0.75	0	0	0.25	0	1	0.298	0.096
0	0	0	0	0	0	0	0	0	0	0	0	0	0	0	0	0	0	0	0	0	0	0	0	0	0	0	0	0	0	0	0.4	0	0	0	0	0	1	0	0	0.556	0.289
1.816	3.783	10.809	0	27.455	3.628	5.686	15.311	0	31.747	2.722	5.686	10.697	0	15.555	0.833	0.867	0.552	0	0.423	0.667	0.733	0.524	0	0.387	0.667	0.867	0.4	0	0.324	0	0	0	0	0.25	0	0	0	0	0	0.059	0.394
0	0	7.573	0	0	0	0	7.573	0	0	0	0	2.999	0	0	0	0	0.833	0	0	0	0	0.821	0	0	0	0	0.667	0	0	0	0	0.5	0	0	0	0	0	0	0	0.554	0.288
15.451	0	0	0	0	16.395	0	0	0	0	3.849	0	0	0	0	0.706	0	0	0	0	0.618	0	0	0	0	0.833	0	0	0	0	0	0.778	0	0	0	0	1	0	0.333	0	0.198	0.380
8.438	0	0	0	40.168	4.965	0	0	0	33.204	8.908	0.895	0	0	16.643	0.756	0	0	0	0.328	0.6	0	0	0	0.307	0.786	0	0	0	0.333	0.778	0.625	0.2	1	0.2	0	0	0	1	0	0	0.283
0	0	0	0	0	0	0	0	0	0	0	0	0	0	0	0	0	0	0	0	0	0	0	0	0	0	0	0	0	0	0.5	0	1	0.25	0	0.75	0	1	0.25	0	0	0.356
0	0	0	0	0	0	0	0	0	0	0	0	0	0	0	0	0	0	0	0	0	0	0	0	0	0	0	0	0	0	0	0	0	1	0	0	0	0	1	0	0.116	0.107
0	0	0	22.764	16.135	0	0	0	19.689	14.332	0	0	0	11.717	7.892	0	0	0	0.537	0.55	0	0	0	0.484	0.562	0	0	0	0.227	0.286	1	0.25	1	0.8	0	1	0	1	1	0.2	0	1.000
0	0	0	0	0	0	0	0	0	0	0	0	0	0	0	0	0	0	0	0	0	0	0	0	0	0	0	0	0	0	0	0	0	0	0	0	0	0	0	0	0	0.861
0	1.982	22.076	0	0	0	1.965	15.136	0	0	0	2.939	10.75	0	0	0	0.333	0.442	0	0	0	1	0.575	0	0	0	0	0.218	0	0	0.2	0.2	0.6	0	1	0.2	0	0	0	0	0.298	0.236
29.754	0	0	0	40.818	23.247	0	0	0	33.305	12.844	0	0	0	13.653	0.488	0	0	0	0.365	0.478	0	0	0	0.392	0.258	0	0	0	0.192	1	0	0.5	1	1	1	0	0.75	1	0	0	0.497
25.519	0	0	0	0	24.345	0	0	0	0	1.174	0	0	0	0	0.51	0	0	0	0	0.457	0	0	0	0	0	0	0	0	0	0	0.125	0	0	0	0	0	0	0	0	0.3	0.302
1.031	2.756	23.237	0	0	1.031	4.761	24.298	0	0	0	2.912	5.258	0	0	0	0.9	0.43	0	0	0	0.9	0.428	0	0	0	1	0.5	0	0	0	0	0	0	0	0	0	0.333	0	0	0.19	0.182
10.531	0	0	22.076	0	7.619	0	0	15.136	0	3.853	0	0	10.75	0	0.803	0	0	0.442	0	0.679	0	0	0.575	0	0.833	0	0	0.218	0	0.6	1	0.2	0.6	0	0	0	0.2	0	0.333	0	0.461
0	0	0	0	0	0	0	0	0	0	0	0	0	0	0	0	0	0	0	0	0	0	0	0	0	0	0	0	0	0	0	0	0	0.2	0	0.2	0	0.143	0.2	0	0	0.634
0	0	0	0	0	0	0	0	0	0	0	0	0	0	0	0	0	0	0	0	0	0	0	0	0	0	0	0	0	0	0	0	0	0	0	0	0	0	0	0	0.42	0.210
0	0	12.555	0	6.446	0.916	0	15.902	0	7.392	0.916	0	6.391	0	1.828	0	0	0.65	0	0.571	0	0	0.583	0	0.464	0	0	0.467	0	0	0	0.4	0.2	0.2	0.556	0	0.2	0	0	0.333	0.294	0.299
0	22.764	0	13.354	0	0	19.689	0	15.621	0	0	11.717	0	7.098	0	0	0.537	0	0.683	0	0	0.484	0	0.65	0	0	0.227	0	0.381	0	0.25	0.8	1	0.667	1	0	1	1	0.889	1	0	0.487
0	13.485	0	0	0	0	7.653	0	0	0	0	9.624	0	0	0	0	0.538	0	0	0	0	0.643	0	0	0	0	0.244	0	0	0	1	0.333	0.75	0.667	0	1	0.667	0.75	1	0.25	0	0.997
0	0	0	0	0	0	0	0	0	0	0	0	0	0	0	0	0	0	0	0	0	0	0	0	0	0	0	0	0	0	0	0	0	0	0	0	0	0	0	0	0.418	0.496
64.583	10.82	4.973	0	0	60.325	10.895	3.04	0	0	27.625	9.144	3	1.255	0	0.203	0.714	0.6	0	0	0.194	0.764	1	0	0	0.166	0.5	0	0	0	0	0	0.2	1	1	0	0.2	0.2	1	0.25	0	0.332
0	0	14.42	0	0	0	0	14.42	0	0	0	0	3.916	0	0	0	0	0.648	0	0	0	0	0.581	0	0	0	0	0.333	0	0	0	0.2	0	0.2	0.111	0	0.2	0	0	0	0.198	0.185
0	0	0	0	0	0.886	0	0.941	0	0.886	0.886	0	0.941	0	0.886	0	0	0	0	0	0	0	0	0	0	0	0	0	0	0	0	0	0	0	0	0	0	0	0	0	0.297	0.227
2.894	0	0	0	0	1.92	0	0	0	0	0.974	0	0	0	0	1	0	0	0	0	1	0	0	0	0	0	0	0	0	0	0.6	0	0	0	0.4	0.8	0	0	0.333	0	0	0.600
0	0	0	9.29	0	0	0	0	6.599	0	0	0	0	2.691	0	0	0	0	0.644	0	0	0	0	0.81	0	0	0	0	0	0	0	0	0	0.4	1	0.2	0	0	0	0.778	0	0.433
0	1.253	0	12.493	0	0	1.253	0	12.428	0	0	1.253	0	3.076	0	0	0	0	0.769	0	0	0	0	0.744	0	0	0	0	1	0	0.2	0	0	0.375	0	0.2	0	0	0.375	0.2	0	0.438
0	0	2.756	0	1.031	0	0	4.761	0	1.031	0	0	2.912	0	0	0	0	0.9	0	0	0	0	0.9	0	0	0	0	1	0	0	0	0	0	0	0	0	0	0	0	0	0.556	0.264
0	0	3.677	0	0	0	0	3.677	0	0	0	0	0.899	0	0	0	0	0.833	0	0	0	0	0.667	0	0	0	0	0	0	0	0	0	0	0	0.25	0	0	0	0	0	0.42	0.453
26.601	27.455	0	10.809	10.82	24.492	31.747	0	15.311	10.895	13.117	15.555	1.255	10.697	9.144	0.445	0.423	0	0.552	0.714	0.363	0.387	0	0.524	0.764	0.439	0.324	0	0.4	0.5	0.333	0.25	1	0	0	0.667	0	1	0	0.2	0	0.142
0	0	0	0	0	0	0	0	0	0	0	0	0	0	0	0	0	0	0	0	0	0	0	0	0	0	0	0	0	0	0	0	0	0	0	0.333	0	0	0	0	0.059	0.715
0.928	0	0	40.168	0	0	0	0	33.204	0	0.928	0	0	16.643	0	0	0	0	0.328	0	0	0	0	0.307	0	0	0	0	0.333	0	0	0.25	0	0.2	0	0	0.25	0	0	0	0	0.466
0	0	0	0	0	2.033	1.947	2.05	0	1.124	4.191	1.947	2.05	0.932	1.124	0	0	0	0	0	0	0	0	0	0	0	0	0	0	0	0.222	0	0	0.4	0	0	0	0	0	0	0.72	0.232
0	0	0	0	0	0	0	0	0	0	0	0	0	0	0	0	0	0	0	0	0	0	0	0	0	0	0	0	0	0	0	0	0	0.4	0	1	0	0	0	0	0	0.731
1.253	12.493	0	0	0	1.253	12.428	0	0	0	1.253	3.076	0	0	0	0	0.769	0	0	0	0	0.744	0	0	0	0	1	0	0	0	0	0.375	0.2	0	0	0	0.375	0.2	0	0	0.3	0.260
0	0	0	16.354	0	0	0	0	17.428	0	0	0	0	5.274	0	0	0	0	0.654	0	0	0	0	0.614	0	0	0	0	0.4	0	0	0	0	0	0	0	0	1	0	0	0.556	0.296
0	0	0	0.896	0	0	0	0	0	0	0	0	0	0.896	0	0	0	0	0	0	0	0	0	0	0	0	0	0	0	0	0	0	0	1	0.5	0	0	0	1	0.25	0.298	0.226
2.928	13.306	13.354	0	22.764	4.024	17.734	15.621	1.988	19.689	2.151	6.43	7.098	1.988	11.717	1	0.765	0.683	1	0.537	0.833	0.693	0.65	1	0.484	1	0.667	0.381	1	0.227	0	0	0.667	0	0.8	0.4	0	0.889	0	1	0.299	0.266
0	0	0	0	0	0	0	0	0	0	0	0	0	0	0	0	0	0	0	0	0	0	0	0	0	0	0	0	0	0	0	0.333	0	0	0.4	0	0	0	0	0	0.42	0.249
0	0	8.438	2.787	0	0	0	4.965	1.805	0	0.895	0	8.908	4.804	0	0	0	0.756	1	0	0	0	0.6	1	0	0	0	0.786	1	0	0.625	1	0.778	0	0.2	0	1	0	0	0	0	0.580
13.485	0	0	0	0	7.653	0	0	0	0	9.624	0	0	0	0	0.538	0	0	0	0	0.643	0	0	0	0	0.244	0	0	0	0	0.333	0.667	1	0.2	0.75	0.667	1	1	0.2	0.75	0	0.238
0	0	0	10.531	15.451	0	0	0	7.619	16.395	0	0	0	3.853	3.849	0	0	0	0.803	0.706	0	0	0	0.679	0.618	0	0	0	0.833	0.833	0	0.2	0.778	0.6	0	0.333	0.2	1	0	0	0	0.559
0	0	0	0	1.1	0	0	0	0	1.1	0	0	0	0	1.1	0	0	0	0	0	0	0	0	0	0	0	0	0	0	0	0	0	0	0	0.75	0	0	0	0	0	0.554	0.415
0	0.92	0	0	3.65	0	2.918	0	0	0.959	0	2.918	0	0	4.609	0	1	0	0	0.8	0	0	0	0	0	0	1	0	0	0.8	0	0	0	0	0.2	0	0	0	0	0	0.557	0.305
0	11.108	2.761	0	0	0	8.991	0.988	0	0	0	3.046	1.773	0	0	0	0.742	0.333	0	0	0	0.861	0	0	0	0	0	0	0	0	0	0.2	0	0.2	0	0	0	0	0	0	0	0.215
0	0	0	3.933	7.573	0	0	0	3.933	7.573	0	0	0	0.901	2.999	0	0	0	1	0.833	0	0	0	0.667	0.821	0	0	0	0	0.667	0	0	0	0	0.5	0	0	0	0	0	0.897	0.297
0	0	0	0	0	0	0	0	0	0	0	0	0	0	0	0	0	0	0	0	0	0	0	0	0	0	0	0	0	0	0	0	0	0	0	0	0	0	0	0	0.718	0.372
31.636	0	7.946	0	53.187	33.126	0	7.946	0	49.631	16.325	0	5.2	0	15.22	0.377	0	0.714	0	0.275	0.341	0	0.5	0	0.247	0.343	0	0.9	0	0.487	0.8	0.25	0	0	0	0.4	0.25	0	0	0	0.198	0.231
0	0	0	13.485	0	0	0	0	7.653	0	0	0	0	9.624	0	0	0	0	0.538	0	0	0	0	0.643	0	0	0	0	0.244	0	0.75	1	0	0.333	0.2	0.75	1	0.25	0.667	0	0	0.841
0	0	0	0	0	1.946	0	0	0	1.947	1.946	0	0.932	0	1.947	0	0	0	0	0	0	0	0	0	0	0	0	0	0	0	0	0	0.4	0	0	0.4	0.2	0	0	0	0.42	0.225
22.076	0	0	1.982	10.531	15.136	0	0	1.965	7.619	10.75	0	0	2.939	3.853	0.442	0	0	0.333	0.803	0.575	0	0	1	0.679	0.218	0	0	0	0.833	0.6	0.2	1	0.2	0.6	0	0.2	0	0	0	0	0.277
0	0	0	0	0	0	0	0	0	0	0	0	0	0	0	0	0	0	0	0	0	0	0	0	0	0	0	0	0	0	0.25	0	0	0.4	0	0	0	0.333	0.2	0	0.417	0.427
0	0	0	13.784	0	0	0	0	14.991	0	0	0	0	5.336	0	0	0	0	0.771	0	0	0	0	0.695	0	0	0	0	0.7	0	0	0.25	0.5	0	1	0	0.25	0.75	0	1	0	0.775
0	25.519	0	0	0	0	24.345	0	0	0	0	1.174	0	0	0	0	0.51	0	0	0	0	0.457	0	0	0	0	0	0	0	0	0	0	0	0.125	0	0	0	0	0	0	0.297	0.490
0	0	0	0	0	0	0	0	0	0	0	0	0	0	0	0	0	0	0	0	0	0	0	0	0	0	0	0	0	0	0	0	0	0	0	0	0.143	0	0.2	0	0	0.996
0	0	0	0	0	0	0	0	0	0	0	0	0	0	0	0	0	0	0	0	0	0	0	0	0	0	0	0	0	0	1	0.5	0	0	0	1	0.75	0	0	0	0	0.373
0	0	0	0	0	0	0	0	0	0	0	0	0	0	0	0	0	0	0	0	0	0	0	0	0	0	0	0	0	0	0.2	0	0	0	0	0	0	0	1	0	0	0.503
0	0	0	0	0	0	0	0	0	0	0	0	0	0	0	0	0	0	0	0	0	0	0	0	0	0	0	0	0	0	0	0	0	0	0	0	0	0	0	0	0.418	0.814
0	0	0	0	3.736	0	0	0	0	5.552	0	0	0	0	0.884	0	0	0	0	0.667	0	0	0	0	0.667	0	0	0	0	0	0	0	0	0	0	0	0	0	0	0	0.716	0.434
0	0	0	0	14.42	0	0	0	0	14.42	0	0	0	0	3.916	0	0	0	0	0.648	0	0	0	0	0.581	0	0	0	0	0.333	0.2	0.2	0	0.2	0	0.2	0	0	0	0	0	0.535
0	0	0	0	0	0	0	0	0	0	0	0	0	0	0	0	0	0	0	0	0	0	0	0	0	0	0	0	0	0	0	0	0	0.111	0	0	0	0	0	0	0.557	0.357
10.82	0	64.583	26.601	4.973	10.895	0	60.325	24.492	3.04	9.144	1.255	27.625	13.117	3	0.714	0	0.203	0.445	0.6	0.764	0	0.194	0.363	1	0.5	0	0.166	0.439	0	0	1	0	0.333	0.2	0.2	1	0	0.667	0.2	0	0.212
0	0	0	0	0	0	1.946	1.947	0	2.033	0.932	1.946	1.947	0	4.191	0	0	0	0	0	0	0	0	0	0	0	0	0	0	0	0.4	0	0	0	0.222	0	0.4	0	0.2	0	0	0.591
1.381	0	0	0	0	0	0	0	0	0	1.381	0	0	0	0	0	0	0	0	0	0	0	0	0	0	0	0	0	0	0	0.333	0	0.2	0	0.667	0	0	0.2	0	1	0	0.595
0	0	0	0	0	0	0	0	0	0	0	0	0	0	0	0	0	0	0	0	0	0	0	0	0	0	0	0	0	0	0	0	0	0	0	0	0	0	0.143	0	0.414	0.997
0	0	0	0	0	0	0	0.886	0	0.941	0	0	0.886	0	0.941	0	0	0	0	0	0	0	0	0	0	0	0	0	0	0	0	0	0	0	0	0	0	0	0	0	0.559	0.231
0	0	0	0	0	0	0	0	0	0	0	0	0	0	0	0	0	0	0	0	0	0	0	0	0	0	0	0	0	0	0	0	0	0	0	0	0	0	0	0	0.72	0.239
0	0	0	0.928	3.677	0	0	0	0	3.677	0	0	0	0.928	0.899	0	0	0	0	0.833	0	0	0	0	0.667	0	0	0	0	0	0	0	0	0	0	0	0	0	0	0	0.294	0.494
0	0	0	0	0	0	0	0	0	0	0	0	0	0	0	0	0	0	0	0	0	0	0	0	0	0	0	0	0	0	0.143	0	0.25	0	0	0.571	0	0	0	0	0.196	0.320
0	39.437	0	6.446	13.306	0.946	46.794	1.988	7.392	17.734	0.946	13.516	1.988	1.828	6.43	0	0.35	1	0.571	0.765	0	0.321	1	0.464	0.693	0	0.197	1	0	0.667	0	0.286	0	0.556	0	0	0.286	0	0.333	0	0.898	0.267
0	0	0	0	0	0	0	0	0	0	0	0	0	0	0	0	0	0	0	0	0	0	0	0	0	0	0	0	0	0	0	0.2	0	0	0	0	0	0	0	0	0	0.254
0.92	0	0	0	0	2.918	0	0	0	0	2.918	0	0	0	0	1	0	0	0	0	0	0	0	0	0	1	0	0	0	0	0	0	0	0	0	0	0	0	0	0	0.198	0.158
0	16.354	0	21.721	0	0	17.428	0	21.721	0	0	5.274	0	9.274	0	0	0.654	0	0.511	0	0	0.614	0	0.472	0	0	0.4	0	0.25	0	0	0	0	0	0	0	0	0	0	1	0.299	0.181
0	0	0.92	53.187	0	0	0	2.918	49.631	0	0	0	2.918	15.22	0	0	0	1	0.275	0	0	0	0	0.247	0	0	0	1	0.487	0	0	0	0	0	0	0	0	0	0	0	0.415	0.230
2.787	0	0	3.886	0	1.805	0	0	3.886	0	4.804	0	0	1.023	0.895	1	0	0	1	0	1	0	0	0.667	0	1	0	0	0	0	0	0	1	0	0.625	0	0	1	0	0	0	0.236
0	3.933	0	18.504	0	0	3.933	0	18.504	0	0	0.901	0	3.094	0	0	1	0	0.658	0	0	0.667	0	0.614	0	0	0	0	0.333	0	0	0	0	0.4	0	0	0	0	0	0	0.896	0.274
0	0.973	12.493	0	1.253	0	0.884	12.428	0	1.253	0	1.858	3.076	0	1.253	0	0	0.769	0	0	0	0	0.744	0	0	0	0	1	0	0	0	0	0.375	0	0	0	0	0.375	0	0	0.556	0.203
0	0	31.636	0	7.946	0	0	33.126	0	7.946	0	0	16.325	0	5.2	0	0	0.377	0	0.714	0	0	0.341	0	0.5	0	0	0.343	0	0.9	0.25	0	0.8	0.111	0	0.25	0	0.4	0	0	0	0.485
0	0	0	0	3.1	0	0	0	0	1.992	0	0	0	0	1.108	0	0	0	0	1	0	0	0	0	1	0	0	0	0	0	0	0	0.4	0.333	0.4	0	0	0	0	0	0.716	0.176
23.237	1.031	0	2.756	0.98	24.298	1.031	0	4.761	0	5.258	0	0	2.912	1.891	0.43	0	0	0.9	1	0.428	0	0	0.9	0	0.5	0	0	1	0	0	0	0	0	0	0.333	0	0	0	0	0	0.332
0	0	0	0	2.894	0	0	0	0	1.92	0	0	0	0	0.974	0	0	0	0	1	0	0	0	0	1	0	0	0	0	0	0	0.25	0	0	0.6	0.333	0	0	0	0.8	0	0.672
1.1	0	0.896	0	0	1.1	0	0	0	0	1.1	0	0.896	0	0	0	0	0	0	0	0	0	0	0	0	0	0	0	0	0	0.75	0	1	0	0	0	0	1	0	0	0.415	0.149
5.53	0	0	0	0	5.742	1.124	0	2.05	0	5.199	1.124	0	2.05	1.006	0.222	0	0	0	0	0.533	0	0	0	0	0	0	0	0	0	0	0	0.143	0	0	0	0	0.429	0	0	0	0.203
0	0	0	0	0	0	0	0	0	0	0	0	0	0	0	0	0	0	0	0	0	0	0	0	0	0	0	0	0	0	0	0	0	0	0	0	0	0	0	0	0.117	0.125
0	0	0	0	0	0	0	0	0	0	0	0	0	0	0	0	0	0	0	0	0	0	0	0	0	0	0	0	0	0	0	0	0	0	0	0	0	0	0	0	0.714	0.728
0	0	0	0	0	0	0	0	0	0	0	0	0	0	0	0	0	0	0	0	0	0	0	0	0	0	0	0	0	0	0.2	0.2	0.2	0	0	0	0	0.2	0	0	0	0.246
0	0	0	0	0	0	0	0	0	0	0	0	0	0	0	0	0	0	0	0	0	0	0	0	0	0	0	0	0	0	0	0	0	0	0	0	0	0	0	0	0.9	0.541
0	0	0	0	0	1.947	0	2.033	1.946	2.05	1.947	0.932	4.191	1.946	2.05	0	0	0	0	0	0	0	0	0	0	0	0	0	0	0	0	0.4	0.222	0	0	0	0	0	0.4	0	0.417	0.231
0	0	0	0	0	0	0	1.946	0	0	0	0	1.946	0	0.932	0	0	0	0	0	0	0	0	0	0	0	0	0	0	0	0	0	0	0	0.4	0.2	0	0.4	0	0	0	0.396
0	0	25.519	0	0	0	0	24.345	0	0	0	0	1.174	0	0	0	0	0.51	0	0	0	0	0.457	0	0	0	0	0	0	0	0.125	0	0	0.4	0	0	0	0	0	0	0	0.324
0	0	13.485	1.381	0	0	0	7.653	0	0	0	0	9.624	1.381	0	0	0	0.538	0	0	0	0	0.643	0	0	0	0	0.244	0	0	0.667	0.2	0.333	0.333	1	1	0.2	0.667	0	1	0	0.831
26.884	0	0.884	0	0	25.857	0	0.884	0	0	4.924	0	0.884	1.011	0	0.52	0	0	0	0	0.556	0	0	0	0	0.1	0	0	0	0	0	0	0	0	0	0	0	0	0	0	0	0.158
21.295	0.891	7.626	15.536	0	20.204	0.891	6.663	16.568	0	4.953	0	1.869	3.898	0	0.672	0	0.929	0.669	0	0.61	0	0.905	0.596	0	0.4	0	1	0.333	0	0	0	0.4	0	0	0	0	0.4	0	0	0.197	0.339
0	0	1.982	0	0	0	0	1.965	0	0	0	0	2.939	0	0	0	0	0.333	0	0	0	0	1	0	0	0	0	0	0	0	0	0	0.2	0.5	0.2	0	0	0	0.75	0.2	0.419	0.138
0	0	0	3.644	25.519	0	0	0	1.865	24.345	0	0	0	1.779	1.174	0	0	0	1	0.51	0	0	0	1	0.457	0	0	0	1	0	0	0.4	0.125	0	0	0	0	0	0	0	0	0.281
0	7.626	0	21.295	0	0	6.663	0	20.204	0	0	1.869	0	4.953	0	0	0.929	0	0.672	0	0	0.905	0	0.61	0	0	1	0	0.4	0	0	0.4	0.2	0	0.2	0	0.4	0.6	0	0	0	0.915
11.108	0	0	0	2.761	8.991	0	0	0	0.988	3.046	0	0	0	1.773	0.742	0	0	0	0.333	0.861	0	0	0	0	0	0	0	0	0	0.2	0.2	0	0.2	0	0	0	0	0.6	0	0	0.440
3.886	0.968	0	0	2.787	3.886	0	0	0	1.805	1.023	0.968	0	0	4.804	1	0	0	0	1	0.667	0	0	0	1	0	0	0	0	1	0	0.2	0	0.2	0	0	0	0	0	0	0	0.546
0	53.187	0	7.946	0.92	0	49.631	0	7.946	2.918	0	15.22	0	5.2	2.918	0	0.275	0	0.714	1	0	0.247	0	0.5	0	0	0.487	0	0.9	1	0	0	0	0	0	0	0	0	0	0	0.897	0.203
1.776	0	0	0	20.009	2.675	0	0	0	20.009	1.784	0	0	0	5.347	1	0	0	0	0.553	0.667	0	0	0	0.468	1	0	0	0	0.4	0	0.2	0.778	0.778	0.25	0	0.4	0.556	0.889	0	0	0.479
1.982	0	0	0	22.076	1.965	0	0	0	15.136	2.939	0	0	0	10.75	0.333	0	0	0	0.442	1	0	0	0	0.575	0	0	0	0	0.218	0.2	0	0.2	0	0.6	0	0	0.2	0	0	0	0.265
0	13.784	0	0.932	0	0	14.991	0	0.932	0	0	5.336	0	0.932	0	0	0.771	0	0	0	0	0.695	0	0	0	0	0.7	0	0	0	0.25	0	0	0.6	0.5	0.25	0	0	0.2	0.75	0	0.562
8.434	2.276	0	40.818	0	4.681	1.139	0	33.305	0	5.693	2.276	0	13.653	0	0.778	1	0	0.365	0	0.8	0	0	0.392	0	0.4	1	0	0.192	0	0.25	0	0.778	1	0.2	0	0	0.889	0	0.4	0	0.388
0	0.98	0	0	0	0	0	0	0	0	0	1.891	0	0	0	0	1	0	0	0	0	0	0	0	0	0	0	0	0	0	0	0	1	0	0	0	0	1	0	0	0	0.457
0	0	0	0	0	0	0	0	0	0	0	0	0	0	0	0	0	0	0	0	0	0	0	0	0	0	0	0	0	0	0	0	0	0	0	0	0.667	0	0	0	0.197	0.255
0	3.677	0	0	0	0	3.677	0	0	0	0	0.899	0	0	0	0	0.833	0	0	0	0	0.667	0	0	0	0	0	0	0	0	0.25	0	0	0	0	0	0	0	0	0	0.556	0.198
10.809	1.816	27.455	3.783	26.601	15.311	3.628	31.747	5.686	24.492	10.697	2.722	15.555	5.686	13.117	0.552	0.833	0.423	0.867	0.445	0.524	0.667	0.387	0.733	0.363	0.4	0.667	0.324	0.867	0.439	0	0	0.25	0	0.333	0	0	0	0	0.667	0.415	0.092
0	15.451	0	0	0	0	16.395	0	0	0	0	3.849	0	0	0	0	0.706	0	0	0	0	0.618	0	0	0	0	0.833	0	0	0	0	0	0	0.778	0	0	0	0	1	0	0.896	0.266
0	0	0	0	0	0	0	0	0	0	0	0	0	0	0	0	0	0	0	0	0	0	0	0	0	0	0	0	0	0	0	0	0	0.2	0	0	0	0	0	0	0.296	0.267
0	0	0	0	0	0.941	0.886	0	0.941	0	0.941	0.886	0	0.941	0	0	0	0	0	0	0	0	0	0	0	0	0	0	0	0	0	0	0	0	0.2	0	0	0	0	0	0.292	0.417
0	10.955	0	0	0	0	7.807	0	0	0	0	6.45	0	0	0	0	0.788	0	0	0	0	0.75	0	0	0	0	0.467	0	0	0	0.889	0	1	0	0.4	0.889	0	1	0	0.2	0	0.855
0	0	0	0	0	0	0	0	0	0	0	0	0	0	0	0	0	0	0	0	0	0	0	0	0	0	0	0	0	0	0	0	0.143	0	0.25	0	0	0.571	0	0	0	0.534
0	0	0	0	0	0	0	0	0	0	0	0	0	0	0	0	0	0	0	0	0	0	0	0	0	0	0	0	0	0	0.5	0	0	0	0	0.25	0	0	0	0	0	0.768
0	0	0	0	0	0	0	0	0	0	0	0	0	0	0	0	0	0	0	0	0	0	0	0	0	0	0	0	0	0	0	0	0	0	0.2	1	0	0	0	0	0.018	0.746
40.168	0	0	8.438	0.928	33.204	0	0	4.965	0	16.643	0	0	8.908	0.928	0.328	0	0	0.756	0	0.307	0	0	0.6	0	0.333	0	0	0.786	0	0.2	0.2	0.25	0.778	0	0	0	0.25	0	0	0	0.273
0	0	0	20.385	0	0	0	0	19.348	0	0	0	0	3.29	0	0	0	0	0.545	0	0	0	0	0.542	0	0	0	0	0	0	0	0	0	0	0	0.667	0	0	0.2	0	0	0.528
0	0	0	0	-1	0	0	0	0	-1	0	0	0	0	-1	0	0	0	0	-1	0	0	0	0	-1	0	0	0	0	-1	0	0	0	0	-1	0	0	0	0	-1	0.299	0.997
0	0	0	0	0	0	0	0	0	0	0	0	0	0	0	0	0	0	0	0	0	0	0	0	0	0	0	0	0	0	0	0	0	0.2	0	0	0	0	0	0	0.714	0.313
10.955	0	0	0.91	0	7.807	0	0	0.91	0	6.45	0	0	1.154	0	0.788	0	0	1	0	0.75	0	0	0	0	0.467	0	0	0	0	0	0	0.889	0.6	1	0	0	0.889	0.8	1	0	0.534
0	0	15.536	0	0.891	0	0	16.568	0	0.891	0	0	3.898	0	0	0	0	0.669	0	0	0	0	0.596	0	0	0	0	0.333	0	0	0	0	0	0	0	0	0	0	0	0	0.12	0.399
0	0	0	12.567	0	0	0	0	10.502	0	0	0	0	2.065	0	0	0	0	0.705	0	0	0	0	0.618	0	0	0	0	0	0	0.2	0	0.2	0	0.2	0	0	0	0	0.2	0	0.391
0	26.601	10.82	27.455	64.583	0	24.492	10.895	31.747	60.325	1.255	13.117	9.144	15.555	27.625	0	0.445	0.714	0.423	0.203	0	0.363	0.764	0.387	0.194	0	0.439	0.5	0.324	0.166	1	0.333	0	0.25	0	1	0.667	0.2	0	0	0	0.606
0.896	1.1	0	0	0	0	1.1	0	0	0	0.896	1.1	0	0	0	0	0	0	0	0	0	0	0	0	0	0	0	0	0	0	1	0.75	0	0	0	1	0	0	0	0	0	0.572
0	0	0	0	12.555	0	0	0.916	0	15.902	0	0	0.916	0	6.391	0	0	0	0	0.65	0	0	0	0	0.583	0	0	0	0	0.467	0.4	0.2	0	0.333	0.2	0.2	0	0	0.333	0	0	0.634
18.504	6.681	3.933	0	0	18.504	6.681	3.933	0	0	3.094	2.92	0.901	0	0	0.658	0.714	1	0	0	0.614	0.667	0.667	0	0	0.333	0.333	0	0	0	0.4	0	0	0.2	0	0	0	0	0	0	0	0.263
0	0	0	3.677	0	0	0	0	3.677	0	0	0	0	0.899	0	0	0	0	0.833	0	0	0	0	0.667	0	0	0	0	0	0	0	0.25	0	0	0.111	0	0	0	0	0	0.554	0.567
3.933	18.504	0	6.681	0	3.933	18.504	0	6.681	0	0.901	3.094	0	2.92	0	1	0.658	0	0.714	0	0.667	0.614	0	0.667	0	0	0.333	0	0.333	0	0	0.4	0	0	0	0	0	0	0	0	0.419	0.297
0	1.776	20.009	0	1.974	0	2.675	20.009	0	1.974	0	1.784	5.347	0	0	0	1	0.553	0	1	0	0.667	0.468	0	1	0	1	0.4	0	0	0.778	0	0.25	0.2	0	0.556	0	0	0.4	0	0	0.604
0	0	0	0	0	0.886	0.941	0.941	0.886	0	0.886	0.941	0.941	0.886	0	0	0	0	0	0	0	0	0	0	0	0	0	0	0	0	0	0	0	0	0	0	0	0	0	0	0.557	0.138
0	0	0	4.619	1.982	0	0	0	5.575	1.965	0	0	0	1.85	2.939	0	0	0	0.667	0.333	0	0	0	0.667	1	0	0	0	0	0	0	0.5	0	0	0.2	0	0.75	0	0	0	0.716	0.223
0	0	0	0	0	0	0	0	0	0	0	0	0	0	0	0	0	0	0	0	0	0	0	0	0	0	0	0	0	0	0	0	0	0	0	0	0	0	0	0	0.893	0.412
0	0	0	0	0	0	0	0	0	0	0	0	0	0	0	0	0	0	0	0	0	0	0	0	0	0	0	0	0	0	0	0	0	0	0	0	0	0	0	0	0.42	0.799
0	0	0.968	0	3.886	0	0	0	0	3.886	0	0	0.968	1.006	1.023	0	0	0	0	1	0	0	0	0	0.667	0	0	0	0	0	0.2	0.2	0.2	0	0	0	0	0	0	0	0	0.506
0	0	13.306	39.437	2.928	1.988	0.946	17.734	46.794	4.024	1.988	0.946	6.43	13.516	2.151	1	0	0.765	0.35	1	1	0	0.693	0.321	0.833	1	0	0.667	0.197	1	0	0	0	0.286	0	0	0	0	0.286	0.4	0.896	0.183
0	0	1.776	8.434	0	0	0	2.675	4.681	0	0	0	1.784	5.693	0	0	0	1	0.778	0	0	0	0.667	0.8	0	0	0	1	0.4	0	0.2	0.778	0	0.25	0.778	0.4	0.889	0	0	0.556	0	0.760
0	0	0	0	0	0	0	0	0	1.946	0	0	0	0	1.946	0	0	0	0	0	0	0	0	0	0	0	0	0	0	0	0	0	0	0	0	0	0	0.2	0	0.4	0	0.374
0	0	0	0	0	0	0	0	0	0	0	0	0	0	0	0	0	0	0	0	0	0	0	0	0	0	0	0	0	0	0.4	1	0	0.889	0.25	0.2	1	0	0.889	0	0	0.565
0	0	3.783	3.65	1.816	0	0	5.686	0.959	3.628	0	0	5.686	4.609	2.722	0	0	0.867	0.8	0.833	0	0	0.733	0	0.667	0	0	0.867	0.8	0.667	0	0.2	0	0.2	0	0	0	0	0	0	0.896	0.094
0	0	-1	0	-1	0	0	-1	0	-1	0	0	-1	0	-1	0	0	-1	0	-1	0	0	-1	0	-1	0	0	-1	0	-1	0	0	-1	0	-1	0	0	-1	0	-1	0.899	0.999
0.884	0	0	0	9.29	0	0	0	0	6.599	0.884	0	0	0	2.691	0	0	0	0	0.644	0	0	0	0	0.81	0	0	0	0	0	0.6	0	0	0	0.4	0	0.2	0	0	0	0.2	0.351
0	9.29	0	0	0	0	6.599	0	0	0	0	2.691	0	0	0	0	0.644	0	0	0	0	0.81	0	0	0	0	0	0	0	0	0	0.4	0	0	0	0	0	0.2	0	0	0.197	0.255
53.187	7.946	0	31.636	0	49.631	7.946	0	33.126	0	15.22	5.2	0	16.325	0	0.275	0.714	0	0.377	0	0.247	0.5	0	0.341	0	0.487	0.9	0	0.343	0	0	0	0	0.8	0	0	0	0	0.4	0	0.118	0.150
0	0	0	0	0	0.941	0.886	0.886	0	0.941	0.941	0.886	0.886	0	0.941	0	0	0	0	0	0	0	0	0	0	0	0	0	0	0	0	0	0	0	0	0	0	0	0	0	0.556	0.163
0	0	0	1.253	0	0	0	0	1.253	0	0	0	0	1.253	0	0	0	0	0	0	0	0	0	0	0	0	0	0	0	0	0	0.2	0	0	0	0	0.2	0.2	0	0.143	0.197	0.237
0.968	0	3.886	0	0	0	0	3.886	0	0	0.968	0	1.023	0	0	0	0	1	0	0	0	0	0.667	0	0	0	0	0	0	0	0.2	0.2	0	0.2	0	0	0	0	0	0	0	0.319
0	0.928	0	0	0	0	0	0	0	0	0	0.928	0	0	0	0	0	0	0	0	0	0	0	0	0	0	0	0	0	0	0	0	0	0.25	0	0	0	0	0.25	0	0.12	0.218
3.677	0	0	0	0	3.677	0	0	0	0	0.899	0	0	0	0	0.833	0	0	0	0	0.667	0	0	0	0	0	0	0	0	0	0	0	0.25	0	0	0	0	0	0	0	0.894	0.088
0	0	0	0	0.884	0	0	0	0	0	0	0	0	0	0.884	0	0	0	0	0	0	0	0	0	0	0	0	0	0	0	0	0	0	0	0.6	0	0	0.2	0	0	0	0.786
0	20.385	0	0	0	0	19.348	0	0	0	0	3.29	0	0	0	0	0.545	0	0	0	0	0.542	0	0	0	0	0	0	0	0	0	0	0	0	0	0	0.2	0.667	0	0	0	0.302
0	0	1.253	0	4.619	0	0	1.253	0	5.575	0	0	1.253	0	1.85	0	0	0	0	0.667	0	0	0	0	0.667	0	0	0	0	0	1	0	0	0.2	0	0.667	0	0	0	0	0	0.411
0	0	0	0	5.53	2.05	2.033	1.124	1.947	5.742	2.05	4.191	1.124	1.947	5.199	0	0	0	0	0.222	0	0	0	0	0.533	0	0	0	0	0	0	0.222	0	0	0	0	0	0	0	0	0.716	0.390
2.756	0	1.031	0	23.237	4.761	0	1.031	0	24.298	2.912	0	0	0	5.258	0.9	0	0	0	0.43	0.9	0	0	0	0.428	1	0	0	0	0.5	0	0	0	0	0	0	0	0	0	0.333	0.419	0.236
0	0	0	0	0	0	0	0	0	0	0	0	0	0	0	0	0	0	0	0	0	0	0	0	0	0	0	0	0	0	0	0	0.111	0	0	0	0	0	0	0	0.556	0.281
0	3.1	0	0	1.381	0	1.992	0	0	0	0	1.108	0	0	1.381	0	1	0	0	0	0	1	0	0	0	0	0	0	0	0	0	0.4	0	0.4	0.333	0	0	0	0	0	0	0.913
0	0	0	0	0	0	0	0	0	0	0	0	0	0	0	0	0	0	0	0	0	0	0	0	0	0	0	0	0	0	0	0.2	0	0	0	0	0	0	0	0	0.716	0.155
0	0	0	0	0	0	0	0	0	0	0	0	0	0	0	0	0	0	0	0	0	0	0	0	0	0	0	0	0	0	0	0	0	0	0.111	0	0	0	0	0	0.296	0.171
0.891	0	0	0	0	0.891	0	0	0	0	0	0	0	0	0	0	0	0	0	0	0	0	0	0	0	0	0	0	0	0	0	0	0	0	0	0	0	0	0	0	0.556	0.246
13.784	0.932	0	0	0	14.991	0.932	0	0	0	5.336	0.932	0	0	0	0.771	0	0	0	0	0.695	0	0	0	0	0.7	0	0	0	0	0	0.6	0.25	0.143	0	0	0.2	0.25	0.143	0	0	0.163
0	0	0	0	0	0	0	0	0	0	0	0	0	0	0	0	0	0	0	0	0	0	0	0	0	0	0	0	0	0	0	0	0.5	0	0	0	0	0.25	0	0	0	0.202
0	4.619	0	1.253	0	0	5.575	0	1.253	0	0	1.85	0	1.253	0	0	0.667	0	0	0	0	0.667	0	0	0	0	0	0	0	0	0.5	0	0	0	0	0.75	0	0	0	0	0.417	0.412
0	7.51	17.761	0.969	0	0	5.624	18.968	0.969	0	0	2.818	3.938	0.969	0	0	0.679	0.574	0	0	0	0.6	0.521	0	0	0	1	0.5	0	0	0	0.5	0.5	0	0	0	0	0	0	0	0.418	0.184
0	0	0	0	0	0	0	0	0	0	0	0	0	0	0	0	0	0	0	0	0	0	0	0	0	0	0	0	0	0	0	0	0	0	0	0	0	0	0	0	0.899	0.378
0	0	0	0	0	0	0	0	0	0	0	0	0	0	0	0	0	0	0	0	0	0	0	0	0	0	0	0	0	0	0	0	0	0	0	0	0	0	0	0	0.298	0.463
0	0	0	0	0.968	0	0	0	0	0	0	1.006	0	0	0.968	0	0	0	0	0	0	0	0	0	0	0	0	0	0	0	0.2	0	0.2	0.143	0.2	0	0	0	0.429	0	0	0.196
15.536	0	0.891	0	21.295	16.568	0	0.891	0	20.204	3.898	0	0	0	4.953	0.669	0	0	0	0.672	0.596	0	0	0	0.61	0.333	0	0	0	0.4	0	0	0	0	0	0	0	0	0	0	0.116	0.151
0.884	26.884	0	0	0	0.884	25.857	0	0	0	0.884	4.924	0	0	0	0	0.52	0	0	0	0	0.556	0	0	0	0	0.1	0	0	0	0	0	0	0	0	0	0	0	0	0	0.415	0.085
0	12.567	0	0	0	0	10.502	0	0	0	0	2.065	0	0	0	0	0.705	0	0	0	0	0.618	0	0	0	0	0	0	0	0	0	0	0.2	0	0.2	0	0	0	0	0	0.056	0.170
17.761	0	0	7.51	0	18.968	0	0	5.624	0	3.938	0	0	2.818	0	0.574	0	0	0.679	0	0.521	0	0	0.6	0	0.5	0	0	1	0	0.5	0	0	0.5	0.143	0	0	0	0	0.143	0	0.227
0	0	0	14.42	0	0	0	0	14.42	0	0	0	0	3.916	0	0	0	0	0.648	0	0	0	0	0.581	0	0	0	0	0.333	0	0	0.111	0	0	0	0	0	0	0	0	0.897	0.293
0	0	0	0.98	29.754	0	0	0	0	23.247	0	0	0	1.891	12.844	0	0	0	1	0.488	0	0	0	0	0.478	0	0	0	0	0.258	1	0	0	0	1	1	0	0	0	1	0	0.991
0	0	0	0	0	0	0	0	0	0	0	0	0	0	0	0	0	0	0	0	0	0	0	0	0	0	0	0	0	0	0	0.4	0.25	1	0	0	0.2	0	1	0.333	0.415	0.282
3.644	0.969	0	0	0	1.865	0.969	0	0	0	1.779	0.969	0	0	0	1	0	0	0	0	1	0	0	0	0	1	0	0	0	0	0	0.75	0.4	0.75	0	0	0	0	1	0	0	0.334
0	1.381	0	0	13.485	0	0	0	0	7.653	0	1.381	0	0	9.624	0	0	0	0	0.538	0	0	0	0	0.643	0	0	0	0	0.244	0.2	0.333	0.667	0	0.333	0.2	0	1	0	0.667	0	0.330
0	0	0	0	0	0	0	0	0	0	0	0	0	0	0	0	0	0	0	0	0	0	0	0	0	0	0	0	0	0	0	0	0	0	0	0	0	0	0	0.2	0.415	0.464
0	0	0	0	0	0	0	0	0	0	0	0	0	0	0	0	0	0	0	0	0	0	0	0	0	0	0	0	0	0	0.333	0	0	1	0	0	0	0	0.778	0	0.298	0.596
6.446	12.555	39.437	0	0	7.392	15.902	46.794	0.916	0.946	1.828	6.391	13.516	0.916	0.946	0.571	0.65	0.35	0	0	0.464	0.583	0.321	0	0	0	0.467	0.197	0	0	0.556	0.2	0.286	0	0	0.333	0	0.286	0	0	0.299	0.441
0	8.434	0	2.276	1.776	0	4.681	0	1.139	2.675	0	5.693	0	2.276	1.784	0	0.778	0	1	1	0	0.8	0	0	0.667	0	0.4	0	1	1	0.778	0.25	0.2	0	0	0.889	0	0.4	0	0	0	0.706
4.973	64.583	0	10.82	0.91	3.04	60.325	0	10.895	0.91	3	27.625	0	9.144	1.154	0.6	0.203	0	0.714	1	1	0.194	0	0.764	0	0	0.166	0	0.5	0	0.2	0	1	0	0.6	0.2	0	0.25	0.2	0.8	0	0.386
14.42	0	0	0	0	14.42	0	0	0	0	3.916	0	0	0	0	0.648	0	0	0	0	0.581	0	0	0	0	0.333	0	0	0	0	0	0	0.111	0.2	0	0	0	0	0.2	0	0.196	0.197
0	0	0.891	0	0	0	0	0.891	0	0	0	0	0	0	0	0	0	0	0	0	0	0	0	0	0	0	0	0	0	0	0	0	0	0	0	0	0	0	0	0	0.116	0.437
0	0	0.969	0	3.644	0	0	0.969	0	1.865	0	0	0.969	0	1.779	0	0	0	0	1	0	0	0	0	1	0	0	0	0	1	0.75	0	0.75	0	0	1	0.25	0	0	0	0.117	0.771
0	23.237	0.98	1.031	0	0	24.298	0	1.031	0	0	5.258	1.891	0	0	0	0.43	1	0	0	0	0.428	0	0	0	0	0.5	0	0	0	0	0	0	0	0	0	0.333	0	0	0	0	0.482
0	0	12.567	0	0	0	0	10.502	0	0	0	0	2.065	0	0	0	0	0.705	0	0	0	0	0.618	0	0	0	0	0	0	0	0	0	0	0	0	0	0	0	0	0	0.418	0.132
0	0	0	0.891	0	0	0	0	0.891	0	0	0	0	0	0	0	0	0	0	0	0	0	0	0	0	0	0	0	0	0	0	0	0	0	0	0	0	0	0	0.25	0.42	0.148
6.681	0	18.504	0	3.933	6.681	0	18.504	0	3.933	2.92	0	3.094	0	0.901	0.714	0	0.658	0	1	0.667	0	0.614	0	0.667	0.333	0	0.333	0	0	0	0.2	0.4	0	0	0	0	0	0.25	0	0.118	0.178
0	0	0	0	0	0	0	0	0	0	0	0	0	0	0	0	0	0	0	0	0	0	0	0	0	0	0	0	0	0	0	0	0	0	0	0	0	0	0	0.333	0	0.761
0	0	0	0	0	0	0	0	0	0	0	0	0	0	0	0	0	0	0	0	0	0	0	0	0	0	0	0	0	0	0	0	0	0	0	0	0	0	0	0.2	0.419	0.468
0.91	0	0	4.973	10.955	0.91	0	0	3.04	7.807	1.154	0	0	3	6.45	1	0	0	0.6	0.788	0	0	0	1	0.75	0	0	0	0	0.467	0.6	1	0	0.2	0	0.8	0.25	0	0.2	0	0	0.364
16.135	0	2.717	0	21.721	14.332	0	1.794	0	21.721	7.892	0	0.923	0	9.274	0.55	0	1	0	0.511	0.562	0	1	0	0.472	0.286	0	0	0	0.25	0	1	0	1	0	0.2	1	0	1	0	0	0.361
0	0	0	0	0	0	0	0	0	0	0	0	0	0	0	0	0	0	0	0	0	0	0	0	0	0	0	0	0	0	0	0	0	0	0	0	0	0	0	0	0	0.294
0	3.65	0	0	3.783	0	0.959	0	0	5.686	0	4.609	0	0	5.686	0	0.8	0	0	0.867	0	0	0	0	0.733	0	0.8	0	0	0.867	0.2	0.2	0	0	0	0	0	0	0	0	0.299	0.141
0	5.53	0	0	0	0	5.742	0	1.124	0	0	5.199	1.006	1.124	0	0	0.222	0	0	0	0	0.533	0	0	0	0	0	0	0	0	0.143	0	0	0	0.2	0.429	0	0	0	0	0.196	0.249
0	0	3.736	0	0	0	0	5.552	0	0	0	0	0.884	0	0	0	0	0.667	0	0	0	0	0.667	0	0	0	0	0	0	0	0	0	0	0	0	0	0	0	0	0	0.716	0.274
0	3.736	0.973	0	0	0	5.552	0.884	0	0	0	0.884	1.858	0	0	0	0.667	0	0	0	0	0.667	0	0	0	0	0	0	0	0	0	0	0	0	0	0	0	0	0	0	0.556	0.253
0.932	0	13.784	0	0	0.932	0	14.991	0	0	0.932	0	5.336	0	0	0	0	0.771	0	0	0	0	0.695	0	0	0	0	0.7	0	0	0.6	0.143	0	0	0.25	0.2	0.143	0	0	0.25	0.298	0.330
0	0	1.1	0	0.896	0	0	1.1	0	0	0	0	1.1	0	0.896	0	0	0	0	0	0	0	0	0	0	0	0	0	0	0	0	0	0.75	0	1	0	0	0	0	1	0.116	0.352
0	-1	0	-1	0	0	-1	0	-1	0	0	-1	0	-1	0	0	-1	0	-1	0	0	-1	0	-1	0	0	-1	0	-1	0	0	-1	0	-1	0	0	-1	0	-1	0	0.899	0.999
0	29.754	40.818	0	2.276	0	23.247	33.305	0	1.139	0	12.844	13.653	0	2.276	0	0.488	0.365	0	1	0	0.478	0.392	0	0	0	0.258	0.192	0	1	0.5	1	1	0	0	0.75	1	0	0	0	0	0.599
0	0	0	0	0.891	0	0	0	0	0.891	0	0	0	0	0	0	0	0	0	0	0	0	0	0	0	0	0	0	0	0	0	0	0	0	0	0	0	0	0	0	0.558	0.162
0	0	0	0	0	0	0.941	0	0.886	0	0	0.941	0	0.886	0	0	0	0	0	0	0	0	0	0	0	0	0	0	0	0	0	0	0.2	0	0	0	0	0	0	0	0	0.459
0	0	0	0	0	0	0	0	0	0	0	0	0	0	0	0	0	0	0	0	0	0	0	0	0	0	0	0	0	0	0.111	0	0	0	0.25	0	0	0	0	0.25	0.419	0.346
7.946	31.636	53.187	0	0	7.946	33.126	49.631	0	0	5.2	16.325	15.22	0	0	0.714	0.377	0.275	0	0	0.5	0.341	0.247	0	0	0.9	0.343	0.487	0	0	0	0.8	0	0.25	0	0	0.4	0	0.25	0	0.299	0.253
0	3.644	0	0.969	0	0	1.865	0	0.969	0	0	1.779	0	0.969	0	0	1	0	0	0	0	1	0	0	0	0	1	0	0	0	0.4	0	0	0.75	0.125	0	0	0	0	0	0	0.631
0	0	0	0	0	0	0	0	0	0	0	0	0	0	0	0	0	0	0	0	0	0	0	0	0	0	0	0	0	0	0.333	0	0.2	0	0.4	0.333	0	0	0	0.2	0	0.366
0	0	15.451	0	0	0	0	16.395	0	0	0	0	3.849	0	0	0	0	0.706	0	0	0	0	0.618	0	0	0	0	0.833	0	0	0.778	0	0	0.2	0	1	0.333	0	0.2	0	0	0.434
0	2.787	0	0	8.438	0	1.805	0	0	4.965	0	4.804	0.895	0	8.908	0	1	0	0	0.756	0	1	0	0	0.6	0	1	0	0	0.786	1	0	0.625	0	0.778	1	0	0	0	0	0	0.885
0	0.884	0	26.884	0	0	0.884	0	25.857	0	0	0.884	0	4.924	0	0	0	0	0.52	0	0	0	0	0.556	0	0	0	0	0.1	0	0	0	0	0	0	0	0	0	0	0	0.716	0.351
3.1	0	0	0	0	1.992	0	0	0	0	1.108	0	0	0	0	1	0	0	0	0	1	0	0	0	0	0	0	0	0	0	0.4	0.4	0	0	0	0	0	0	0	0	0	0.450
0	0	0	0	0	0	0	0	0	0	0	0	0	0	0	0	0	0	0	0	0	0	0	0	0	0	0	0	0	0	0	0	0	0	0	0	0	0	0	0	0.898	0.495
0	0	0	0	0	0	0	0	0	0	0	0	0	0	0	0	0	0	0	0	0	0	0	0	0	0	0	0	0	0	0	0	1	0	0	0	0.2	0.778	0	0	0.197	0.329
0	0	0	0	0	0	0	0	0	0	0	0	1.011	0	0	0	0	0	0	0	0	0	0	0	0	0	0	0	0	0	0	0.25	0	0.143	0	0	0	0	0.571	0	0.299	0.206
0	0	0	0	0	0	0	0	0	0	0	0	0	0	0	0	0	0	0	0	0	0	0	0	0	0	0	0	0	0	0	0.125	0.25	0.4	0	0	0	0	0	0.2	0	0.368
3.783	0	1.816	0	10.809	5.686	0	3.628	0	15.311	5.686	0	2.722	0	10.697	0.867	0	0.833	0	0.552	0.733	0	0.667	0	0.524	0.867	0	0.667	0	0.4	0	0	0	0.2	0	0	0	0	0	0	0.415	0.092
0	0	0	0	0	0	0	0	0	0	0	0	0	0	0	0	0	0	0	0	0	0	0	0	0	0	0	0	0	0	0.125	0.4	0	0	0.25	0	0	0	0	0	0.415	0.233
39.437	6.446	0	12.555	0	46.794	7.392	0.946	15.902	1.988	13.516	1.828	0.946	6.391	1.988	0.35	0.571	0	0.65	1	0.321	0.464	0	0.583	1	0.197	0	0	0.467	1	0.286	0.556	0	0.2	0	0.286	0.333	0	0	0	0.418	0.304
0	0	0	7.573	0	0	0	0	7.573	0	0	0	0	2.999	0	0	0	0	0.833	0	0	0	0	0.821	0	0	0	0	0.667	0	0.4	0	0.125	0.5	0	0	0	0	0	0	0	0.652
0.98	0	0	23.237	0	0	0	0	24.298	0	1.891	0	0	5.258	0	1	0	0	0.43	0	0	0	0	0.428	0	0	0	0	0.5	0	0	0	0	0	1	0	0	0	0.333	1	0	0.713
0	0	0	10.955	0	0	0	0	7.807	0	0	0	0	6.45	0	0	0	0	0.788	0	0	0	0	0.75	0	0	0	0	0.467	0	1	0.889	0.4	0	0	1	0.889	0.2	0	0	0.117	0.929
0	14.42	0	0	0	0	14.42	0	0	0	0	3.916	0	0	0	0	0.648	0	0	0	0	0.581	0	0	0	0	0.333	0	0	0	0.111	0	0	0	0	0	0	0	0	0	0.419	0.372
0	0	26.884	0	0.884	0	0	25.857	0	0.884	0	1.011	4.924	0	0.884	0	0	0.52	0	0	0	0	0.556	0	0	0	0	0.1	0	0	0	0	0	0	0	0	0	0	0	0	0.417	0.156
0	0	0	0	0	0	0	0	0	0	0	0	0	0	1.011	0	0	0	0	0	0	0	0	0	0	0	0	0	0	0	0.25	0.143	0	0	0	0	0.571	0	0	0	0	0.476
2.717	16.135	21.721	0	16.354	1.794	14.332	21.721	0	17.428	0.923	7.892	9.274	0	5.274	1	0.55	0.511	0	0.654	1	0.562	0.472	0	0.614	0	0.286	0.25	0	0.4	0	0	0	1	0	0	0.2	0	1	0	0	0.429
0.973	0	0	3.736	12.493	0.884	0	0	5.552	12.428	1.858	0	0	0.884	3.076	0	0	0	0.667	0.769	0	0	0	0.667	0.744	0	0	0	0	1	0	0	0	0	0.375	0	0	0	0	0.375	0.198	0.252
7.626	21.295	0	0.891	0	6.663	20.204	0	0.891	0	1.869	4.953	0	0	0	0.929	0.672	0	0	0	0.905	0.61	0	0	0	1	0.4	0	0	0	0.4	0	0	0	0.2	0.4	0	0	0	0.6	0.015	0.409
0	0	0	0	0	0	0	0	0	0	0	0	0	0	0	0	0	0	0	0	0	0	0	0	0	0	0	0	0	0	0	0	0	0	0	0	0	0	0.667	0	0	0.810
0	0.891	0	0	0	0	0.891	0	0	0	0	0	0	0	0	0	0	0	0	0	0	0	0	0	0	0	0	0	0	0	0	0	0	0	0	0	0	0	0	0	0.299	0.216
0	2.761	20.385	0	0	0	0.988	19.348	0	0	0	1.773	3.29	0	0	0	0.333	0.545	0	0	0	0	0.542	0	0	0	0	0	0	0	0	0	0	0	0	0	0	0.2	0	0	0.198	0.253
0	0	0	-1	0	0	0	0	-1	0	0	0	0	-1	0	0	0	0	-1	0	0	0	0	-1	0	0	0	0	-1	0	0	0	0	-1	0	0	0	0	-1	0	0.717	0.999
0	0	0	15.451	2.756	0	0	0	16.395	4.761	0	0	0	3.849	2.912	0	0	0	0.706	0.9	0	0	0	0.618	0.9	0	0	0	0.833	1	0	0	0	0	0	0	0	0	0	0	0.298	0.256
7.51	0.969	0	0	17.761	5.624	0.969	0	0	18.968	2.818	0.969	0	0	3.938	0.679	0	0	0	0.574	0.6	0	0	0	0.521	1	0	0	0	0.5	0.5	0	0	0	0.5	0	0	0	0	0	0.018	0.372
1.253	0	4.619	0	0	1.253	0	5.575	0	0	1.253	0	1.85	0	0	0	0	0.667	0	0	0	0	0.667	0	0	0	0	0	0	0	0	1	0	0	0.5	0	0.667	0	0	0.75	0.298	0.206
0	0	6.681	0	18.504	0	0	6.681	0	18.504	0	0	2.92	0	3.094	0	0	0.714	0	0.658	0	0	0.667	0	0.614	0	0	0.333	0	0.333	0.2	0	0	0.75	0.4	0	0.25	0	0.75	0	0	0.604
13.354	2.928	22.764	13.306	0	15.621	4.024	19.689	17.734	0	7.098	2.151	11.717	6.43	0	0.683	1	0.537	0.765	0	0.65	0.833	0.484	0.693	0	0.381	1	0.227	0.667	0	0.667	0	0.8	0	0.25	0.889	0.4	1	0	0	0	0.324
40.818	0	2.276	29.754	8.434	33.305	0	1.139	23.247	4.681	13.653	0	2.276	12.844	5.693	0.365	0	1	0.488	0.778	0.392	0	0	0.478	0.8	0.192	0	1	0.258	0.4	1	0.5	0	1	0.25	0	0.75	0	1	0	0	0.395
12.567	0	0	0	0	10.502	0	0	0	0	2.065	0	0	0	0	0.705	0	0	0	0	0.618	0	0	0	0	0	0	0	0	0	0	0	0	0	0.2	0	0	0	0	0	0.299	0.219
0	0	0.932	17.761	13.784	0	0	0.932	18.968	14.991	0	0	0.932	3.938	5.336	0	0	0	0.574	0.771	0	0	0	0.521	0.695	0	0	0	0.5	0.7	0.143	0	0.6	0.5	0	0.143	0	0.2	0	0	0.557	0.311
0	0	0	0	0	0	0	0	0.941	0	0	0	0	0.941	0	0	0	0	0	0	0	0	0	0	0	0	0	0	0	0	0.2	0	0	0	0	0	0	0	0	0	0.299	0.235
0	0	0	0	0	0	0	0	0	0	0	0	0	0	0	0	0	0	0	0	0	0	0	0	0	0	0	0	0	0	0	0	0	0	0	0	0	0	0	0	0.414	0.985
0	0	0	0	0	0	0	0	0	0	0	0	0	0	0	0	0	0	0	0	0	0	0	0	0	0	0	0	0	0	0	0	0	0	0	0	0	0	0	0	0.117	0.196
0	0	1.381	3.1	0	0	0	0	1.992	0	0	0	1.381	1.108	0	0	0	0	1	0	0	0	0	1	0	0	0	0	0	0	0	0	0.333	0.4	0.2	0	0	0	0	0.2	0	0.337
0	0	0	0	0	0	0	0	0	0	0	0	0	0	0	0	0	0	0	0	0	0	0	0	0	0	0	0	0	0	0	0	0.111	0.25	0	0	0	0	0	0	0.056	0.195
0	0	0	0	0	0	0	0	0	0	0	0	0	0	0	0	0	0	0	0	0	0	0	0	0	0	0	0	0	0	0	0	0	0	0	0	0	0.333	0	0	0.415	0.731
0	0	0	0	0	0	0	0	0	0	0	0	0	0	0	0	0	0	0	0	0	0	0	0	0	0	0	0	0	0	0	0	0	0.5	0	0	0	0	0.25	0	0.713	0.685
0	0	0	0	6.681	0	0	0	0	6.681	0	0	0	0	2.92	0	0	0	0	0.714	0	0	0	0	0.667	0	0	0	0	0.333	0	0.75	0.2	1	0	0.25	0.75	0	1	0	0	0.651
0	0	0	0	0	0	0	0	0	0	0	0	0	0	0	0	0	0	0	0	0	0	0	0	0	0	0	0	0	0	0	0	0	0	0	0	0	0	0	0	0.296	0.581
0	0	0	0	1.253	0	0	0	0	1.253	0	0	0	0	1.253	0	0	0	0	0	0	0	0	0	0	0	0	0	0	0	0	0.2	1	0	0	0	0	0.667	0	0	0	0.188
20.009	0	1.974	1.776	0	20.009	0	1.974	2.675	0	5.347	0	0	1.784	0	0.553	0	1	1	0	0.468	0	1	0.667	0	0.4	0	0	1	0	0.25	0.778	0	0	0	0	0.556	0	0	0	0	0.317
0.969	0	3.644	0	0	0.969	0	1.865	0	0	0.969	0	1.779	0	0	0	0	1	0	0	0	0	1	0	0	0	0	1	0	0	0.75	0.75	0	0	0.4	0	1	0	0.25	0	0.294	0.342
0	0	0	0	0	0	0	0	0	0.916	0	0	0	0	0.916	0	0	0	0	0	0	0	0	0	0	0	0	0	0	0	0.2	0.333	0.4	0	0	0	0.333	0.2	0	0	0.299	0.295
0	0	0	0	0	0	0	0	0	0	0	0	0	0	0	0	0	0	0	0	0	0	0	0	0	0	0	0	0	0	0.25	0	0	0.125	0	0	0	0.2	0	0	0.296	0.325
0	0	0	0.884	0	0	0	0	0.884	0	0	0	0	0.884	0	0	0	0	0	0	0	0	0	0	0	0	0	0	0	0	0	0	0	0	0	0	0	0	0	0	0.299	0.589
0	40.168	0.928	0	0	0	33.204	0	0	0	0	16.643	0.928	0	0	0	0.328	0	0	0	0	0.307	0	0	0	0	0.333	0	0	0	0.25	0.2	0	0.2	0	0.25	0	0	0	0	0.2	0.216
0	0	0	0	0	0	0	0	0	0	0	0	0	0	0	0	0	0	0	0	0	0	0	0	0	0	0	0	0	0	0	0	0	0	0.143	0	0	0	0	0.571	0	0.192
2.276	40.818	8.434	0	0	1.139	33.305	4.681	0	0	2.276	13.653	5.693	0	0	1	0.365	0.778	0	0	0	0.392	0.8	0	0	1	0.192	0.4	0	0	0	1	0.25	0.5	0.778	0	0	0	0.75	0.889	0	0.384
0	0	0	25.519	0	0	0	0	24.345	0	0	0	0	1.174	0	0	0	0	0.51	0	0	0	0	0.457	0	0	0	0	0	0	0	0	0	0	0	0	0	0	0	0	0.419	0.502
20.385	0	0	2.761	0	19.348	0	0	0.988	0	3.29	0	0	1.773	0	0.545	0	0	0.333	0	0.542	0	0	0	0	0	0	0	0	0	0	0	0	0	0	0.2	0	0	0	0.667	0	0.352
0	0	0.884	0	0	0	0	0	0	0	0	0	0.884	0	0	0	0	0	0	0	0	0	0	0	0	0	0	0	0	0	0	0	0.6	0	0	0.2	0	0	0	0	0.299	0.237
27.455	10.809	26.601	1.816	0	31.747	15.311	24.492	3.628	0	15.555	10.697	13.117	2.722	1.255	0.423	0.552	0.445	0.833	0	0.387	0.524	0.363	0.667	0	0.324	0.4	0.439	0.667	0	0.25	0	0.333	0	1	0	0	0.667	0	1	0.018	0.078
0	0	0	0	0	0	0	0	0	0	0	0	0	0	0	0	0	0	0	0	0	0	0	0	0	0	0	0	0	0	0.111	0	0	0	0	0	0	0	0	0	0.717	0.268
0	0	0	0	0	0	0	0	0	0	0	0	0	0	0	0	0	0	0	0	0	0	0	0	0	0	0	0	0	0	1	0	0	0	0.333	0.778	0	0	0.2	0	0	0.802
0	0	0	0	12.567	0	0	0	0	10.502	0	0	0	0	2.065	0	0	0	0	0.705	0	0	0	0	0.618	0	0	0	0	0	0	0	0	0	0	0	0	0	0	0	0.714	0.484
