4.415	1.665	5.517	0	19.375	6.326	1.671	7.299	0	23.872	4.591	1.667	3.682	0	10.162	0.556	1	0.889	0	0.5	0.571	1	0.857	0	0.486	0.4	1	0.667	0	0.533	0.5	0	0	0	0.4	0.75	0.667	0	0.2	0	0.415	0.364
0	0	0	0	0	0	0	0	0	0	0	0	0	0	0	0	0	0	0	0	0	0	0	0	0	0	0	0	0	0	0.2	0.2	0	0	0	0	0	0	0	0	0	0.613
0	0	0	0	0	0	0	0	0	0	0	0	0	0	0	0	0	0	0	0	0	0	0	0	0	0	0	0	0	0	0	0.333	0	0.222	0.5	0	0.333	0.2	0	0	0.195	0.448
0	0	0	0	0	0	0	0	0	0	0	0	0	0	0	0	0	0	0	0	0	0	0	0	0	0	0	0	0	0	0	0	0	0.2	0	0	0	0	0	0	0	0.783
0	0	0	0	0	0	0	0	0	0	0	0	0	0	0	0	0	0	0	0	0	0	0	0	0	0	0	0	0	0	0	0	0	0	0	0	0	0	0	0	0.415	0.273
0	0	0	0	0	0	0	0	0	0	0	0	0	0	0	0	0	0	0	0	0	0	0	0	0	0	0	0	0	0	0	0	0	0	0	0	0	0	0	0	0.896	0.872
0	0	0	0	0	0	0	0	0	0	0	0	0	0	0	0	0	0	0	0	0	0	0	0	0	0	0	0	0	0	0.4	0.2	0	0	0.667	0.6	0	0	0	0.333	0	0.609
0	0	0	0	0	0	0	0	0	0	0	0	0	0	0	0	0	0	0	0	0	0	0	0	0	0	0	0	0	0	0.4	1	0	0	0	0	0	0	0	0	0	0.557
6.908	12.127	0	33.946	0	11.868	16.874	0	32.314	0	8.238	8.304	0	14.114	0	0.782	0.517	0	0.344	0	0.345	0.358	0	0.43	0	0.714	0.714	0	0.394	0	0	0	0	0.25	0	0	0	0	0	0	0	0.200
0	0	0	0	0	0	0	0	0	0	0	0	0	0	0	0	0	0	0	0	0	0	0	0	0	0	0	0	0	0	0	0	0	0	0	0	0.222	0	0	0	0.9	0.972
0	0	0	0	-1	0	0	0	0	-1	0	0	0	0	-1	0	0	0	0	-1	0	0	0	0	-1	0	0	0	0	-1	0	0	0	0	-1	0	0	0	0.2	-1	0.198	0.992
0	0	0	0	0	0	0	0	0	1.013	0	0	0	0	0	0	0	0	0	0	0	0	0	0	0	0	0	0	0	0	0	0	0	0	0	0	0	0	0	0	0.899	0.547
5.517	4.415	19.375	1.665	22.003	7.299	6.326	23.872	1.671	27.947	3.682	4.591	10.162	1.667	15.669	0.889	0.556	0.5	1	0.399	0.857	0.571	0.486	1	0.372	0.667	0.4	0.533	1	0.267	0	0.5	0.4	0	0	0	0.75	0	0.667	0	0.296	0.164
0.834	0	0	0	0	1.028	0	0	0	0	1.862	0	0	0	0	0	0	0	0	0	0	0	0	0	0	0	0	0	0	0	0.25	0	0.2	0	0	0	0	0	0	0	0	0.449
0	0	0	0	0	0	0	0	0	0	0	0	0	0	0	0	0	0	0	0	0	0	0	0	0	0	0	0	0	0	0	0	0.6	0	0	0	0	0.6	0	0	0.296	0.200
12.019	9.106	9.54	0	6.884	15.714	15.296	13.049	0	8.688	9.93	9.859	8.129	0	1.828	0.848	0.792	0.872	0	0.822	0.848	0.792	0.872	0	0.778	0.75	0.667	0.714	0	1	0	0	0	0	0	0	0	0	0.2	0	0.557	0.187
0	0	0	4.401	0	0	0	0.911	3.373	0	0	0	0.911	1.915	0	0	0	0	0.733	0	0	0	0	1	0	0	0	0	1	0	0	0	0.5	0	0.4	0	0	0	0	0.2	0.557	0.264
0	0	0	0	0	0	0	0	0	0	0	0	0	0	0	0	0	0	0	0	0	0	0	0	0	0	0	0	0	0	0.8	0.857	0	0	0	0.6	0.286	0	0	0	0.196	0.423
0	0	0	0	0	0	0	0	0	0	0	0	0	0	0	0	0	0	0	0	0	0	0	0	0	0	0	0	0	0	0.667	0	0.75	0	0.333	0.333	0	1	0	0.667	0.298	0.819
0	0	0	0	0	0	0	0	0	0	0	0	0	0	0	0	0	0	0	0	0	0	0	0	0	0	0	0	0	0	0	1	0	1	0.857	0	1	0	1	0.286	0	0.288
6.335	4.539	5.542	0.877	0	7.226	2.632	6.607	0	0	3.587	3.935	2.194	1.733	0	0.361	0.8	0.464	1	0	0.429	1	0.476	0	0	0.333	0.5	0	1	0	0.333	0.333	0.4	0	0	0.667	0.667	0.4	0.667	0	0	0.200
0	0	0	0	0	0	0	0	0.911	0	0	0	0	0.911	0	0	0	0	0	0	0	0	0	0	0	0	0	0	0	0	0	0.4	0	0.5	1	0	0.2	0	0	1	0.717	0.228
0	0	0	0	0.821	0	0	0	0	2.717	0	0	0	0	3.598	0	0	0	0	0.667	0	0	0	0	1	0	0	0	0	0.667	0	0	0	0	0.5	0	0	0	0	0	0.556	0.454
14.035	0	4.362	7.5	12.853	19.362	0	6.16	13.384	15.941	14.8	0	4.413	9.617	11.149	0.732	0	0.857	0.802	0.817	0.726	0	0.81	0.791	0.817	0.59	0	0.8	0.667	0.727	0.8	0	0	0	0	0.6	0	0	0	0	0.298	0.181
0	0	4.365	0	0	0	0	3.503	0	0	0	0	1.723	0	0	0	0	0.8	0	0	0	0	1	0	0	0	0	0	0	0	0.667	0.4	0.6	0	0.2	1	0.2	0.8	0.4	0.2	0	0.836
0	0.958	0	12.797	0	0	0.958	0	11.769	0	0	0.958	1.749	4.734	0	0	0	1	0.581	0	0	0	0	0.654	0	0	0	1	0.4	0	0	0	0	0.125	0.75	0	0	0	0	0.25	0.557	0.281
0	2.552	0	0	0	0	4.428	0	0	0	0	0.863	0	0	0	0	0.1	0	0	0	0	0.1	0	0	0	0	0	0	0	0	0	0.75	0	0	0	0	0.875	0	0	0	0.419	0.222
0	0	0	2.552	0	0	0	0	4.428	0	0	0	0	0.863	0	0	0	0	0.1	0	0	0	0	0.1	0	0	0	0	0	0	0	0	0	0.75	0	0	0	0	0.875	0	0.897	0.765
0	0	0	0	0	0	0	0	0	0	0	0	0	0	0	0	0	0	0	0	0	0	0	0	0	0	0	0	0	0	0	0	0	0	0	0	0	0	0	0	0.196	0.972
0	0	0	0	0	0	0	0	0	0	0	0	0	0	0	0	0	0	0	0	0	0	0	0	0	0	0	0	0	0	0	0	0	0	0	0	0	0	0	0	0.9	0.877
3.599	0	0	0	0	3.599	0	0	0	0	1.824	0	1.273	0	0	0.833	0	0	0	0	0.833	0	0	0	0	0	0	0	0	0	0.2	0.5	0.625	1	0	0.4	0	0.625	1	0	0	0.437
0	0	0	0	0	0	0	0	0	0	0	0	0	0	0	0	0	0	0	0	0	0	0	0	0	0	0	0	0	0	0	0	0	0	0	0	0	0	0	0	0	0.471
0	0	0	0	0	0	0	0	0	0	0	0	0	0	0	0	0	0	0	0	0	0	0	0	0	0	0	0	0	0	0	0	0	0	0	0	0	0.111	0	0	0	0.480
5.542	6.335	0	4.539	0	6.607	7.226	0	2.632	1.955	2.194	3.587	0	3.935	1.955	0.464	0.361	0	0.8	0	0.476	0.429	0	1	0	0	0.333	0	0.5	0	0.4	0.333	0	0.333	0.444	0.4	0.667	0	0.667	0.222	0	0.133
0	0	5.48	0.821	15.558	2.922	1.909	6.596	2.717	23.675	2.922	1.909	7.475	3.598	11.418	1	0	0.564	0.667	0.394	1	0	0.476	1	0.325	1	0	0.429	0.667	0.4	0	0	0	0.5	0.125	0	0	0	0	0	0.556	0.195
0	0	0	0	0	0	0	0	0	0	0	0	0	0	0	0	0	0	0	0	0	0	0	0	0	0	0	0	0	0	1	0.222	0.4	0	0	1	0.444	0	0	0	0	0.945
0	0	0	0	0	0	0.911	0	0	0	0	0.911	0	0	0	0	0	0	0	0	0	0	0	0	0	0	0	0	0	0	0.4	0.5	0	0	0	0.2	0	0	0	0	0	0.445
0	0	0	0	0	0	0	0	0	0	0	0	0	0	0	0	0	0	0	0	0	0	0	0	0	0	0	0	0	0	0	0	0.5	0.111	0	0	0	0.25	0.222	0	0.298	0.617
0	0	0	0	1.677	0	0	0	0	1.765	0	0	0	0	1.755	0	0	0	0	0.333	0	0	0	0	1	0	0	0	0	0	0	0.667	0.8	0	0	0	1	0.2	0.2	0.667	0.197	0.326
0	6.908	0	12.127	0	0	11.868	0	16.874	0	0	8.238	0	8.304	0	0	0.782	0	0.517	0	0	0.345	0	0.358	0	0	0.714	0	0.714	0	0	0	0	0	0	0	0	0	0	0.2	0.297	0.923
25.163	7.871	8.432	14.621	0	33.311	13.311	15.646	20.271	0	14.961	9.488	8.086	14.184	0	0.426	0.833	0.783	0.629	0	0.406	0.833	0.783	0.629	0	0.606	0.722	0.821	0.593	0	0	0	0	0	0	0.25	0	0	0	0.2	0.417	0.319
0	0	0	-1	0	0	0	0	-1	0	0	0	0	-1	0	0	0	0	-1	0	0	0	0	-1	0	0	0	0	-1	0	0	0	0	-1	0	0	0	0	-1	0	0.554	0.999
0	0	-1	0	-1	0	0	-1	0	-1	0	0	-1	0	-1	0	0	-1	0	-1	0	0	-1	0	-1	0	0	-1	0	-1	0	0	-1	0	-1	0	0	-1	0	-1	0.899	0.999
0	0	20.343	5.454	0	0.904	0	17.585	7.294	0	0.904	0	13.37	2.901	0	0	0	0.525	0.679	0	0	0	0.649	0.643	0	0	0	0.418	0.333	0	0	0	0	0	0.4	0	0.2	0	0	0.8	0.296	0.186
7.871	14.621	25.163	0	8.432	13.311	20.271	33.311	0.834	15.646	9.488	14.184	14.961	0.834	8.086	0.833	0.629	0.426	0	0.783	0.833	0.629	0.406	0	0.783	0.722	0.593	0.606	0	0.821	0	0	0	0	0	0	0	0.25	0	0	0.896	0.421
0	0	0	0	0	0	0	0	0	0	0	0	0	0	0	0	0	0	0	0	0	0	0	0	0	0	0	0	0	0	0	0.2	0.667	0	0	0.2	0.2	1	0.125	0	0	0.429
0	0	0	0	0	0	0	0	0	0	0	0	0	0	0	0	0	0	0	0	0	0	0	0	0	0	0	0	0	0	0	0	0	0	0	0	0	0	0	0	0.419	0.299
0	0	0	0	0	0	0	0	0	0	0	1.749	0	0	0	0	1	0	0	0	0	0	0	0	0	0	1	0	0	0	0.75	0	0	0	0.5	0.25	0	0	0	0	0.294	0.763
0	0	0	0	0	0	0	0	0	0	0	0	0	0	0	0	0	0	0	0	0	0	0	0	0	0	0	0	0	0	0.2	0	0.4	0.4	0	0	0	0.6	0	0	0	0.570
0	0	0	0	0	0	0	0	0	0	0	0	0	0	0	0	0	0	0	0	0	0	0	0	0	0	0	0	0	0	0.333	0.75	0.2	0.667	0	0.667	1	0.2	0.333	0	0	0.427
0	0	0	0	0	0	0	0	0	0	0	0	0	0	0	0	0	0	0	0	0	0	0	0	0	0	0	0	0	0	0	0	0	0	0	0.2	0	0	0	0	0.195	0.454
0	0	0	0	0	0	0	0	0	0	0	0	0	0	0	0	0	0	0	0	0	0	0	0	0	0	0	0	0	0	0	0	0	0.2	0	0	0	0	0	0	0.197	0.279
0.958	12.797	0	0	0	0.958	11.769	0	0	0	0.958	4.734	0	0	1.749	0	0.581	0	0	1	0	0.654	0	0	0	0	0.4	0	0	1	0	0.125	0	0	0	0	0	0	0	0	0.118	0.194
0	0	0	0	0	0	0	0	0	0	0	0	0	0	0	0	0	0	0	0	0	0	0	0	0	0	0	0	0	0	0	0.111	0	0	0.5	0	0.222	0	0	0.25	0	0.327
0	0	0	0.834	0	0	0	0	1.028	0	0	0	0	1.862	0	0	0	0	0	0	0	0	0	0	0	0	0	0	0	0	0	0.2	0	0.25	0	0	0	0	0	0	0	0.505
19.375	5.517	22.003	4.415	13.145	23.872	7.299	27.947	6.326	19.36	10.162	3.682	15.669	4.591	12.057	0.5	0.889	0.399	0.556	0.521	0.486	0.857	0.372	0.571	0.474	0.533	0.667	0.267	0.4	0.47	0.4	0	0	0.5	0	0	0	0	0.75	0	0	0.413
0	0	0	0	0	0	0	0	0	0	0	0	0	0	0	0	0	0	0	0	0	0	0	0	0	0	0	0	0	0	0.857	0	0.8	0	0	0.286	0	0.6	0	0	0.418	0.294
0	0	0	0	4.365	0	0	0	0	3.503	0	0	0	0	1.723	0	0	0	0	0.8	0	0	0	0	1	0	0	0	0	0	0.4	0	0.667	0.2	0.6	0.2	0.4	1	0.4	0.8	0	0.647
0	0	0	0	0	0	0	0	0	0	0	0	0	0	0	0	0	0	0	0	0	0	0	0	0	0	0	0	0	0	0	0	0	0	0	0	0	0	0	0	0	0.553
0	0	0	0	0	0	0	0	0	0	0	0	0	0	0	0	0	0	0	0	0	0	0	0	0	0	0	0	0	0	0	0	0	0	0	0	0	0.2	0.111	0.4	0.558	0.631
0	0	0	0	0	0	0	0	0	0	0	0	0	0	0	0	0	0	0	0	0	0	0	0	0	0	0	0	0	0	0	0.6	0	0	0.667	0	0.6	0	0	0.333	0.2	0.144
0	0	0	20.761	0	0	0	0	20.761	0	0	0	0	0	0	0	0	0	0.565	0	0	0	0	0.538	0	0	0	0	0	0	0.222	0.8	0.333	1	0	0	0	0.333	0.2	0	0.419	0.241
2.552	0	0	0	0	4.428	0	0	0.863	0	0.863	0	0	0.863	0	0.1	0	0	0	0	0.1	0	0	0	0	0	0	0	0	0	0.75	0	0	0	0	0.875	0	0	0	0	0	0.080
0	0	0	0	0	0	0	0	0	0	0	0	0	0	0	0	0	0	0	0	0	0	0	0	0	0	0	0	0	0	0	0.2	0	0	0	0	0.2	0	0	0	0.299	0.520
9.54	12.019	6.884	9.106	0.883	13.049	15.714	8.688	15.296	0	8.129	9.93	1.828	9.859	0.883	0.872	0.848	0.822	0.792	0	0.872	0.848	0.778	0.792	0	0.714	0.75	1	0.667	0	0	0	0	0	0.667	0	0	0	0	0.667	0.197	0.272
0	0	0	0	0	0	0	0	0	0	0	0	0	0	0	0	0	0	0	0	0	0	0	0	0	0	0	0	0	0	0.667	0	0	0.4	0	0.333	0	0.333	0.6	0.2	0.198	0.352
0	0	0	0	0	0	0	0	0	0	0	0	0	0	0	0	0	0	0	0	0	0	0	0	0	0	0	0	0	0	0	0	0	0	0	0	0	0	0	0	0.415	0.858
0	0	11.933	0	0	0	0	8.839	0	0	0	0	5.128	0	0	0	0	0.679	0	0	0	0	0.6	0	0	0	0	0.7	0	0	0	0	0	0	0	0	0	0	0	0	0	0.409
3.001	1.853	4.695	5.64	33.946	5.955	5.499	6.544	7.657	32.314	11.339	11.017	10.278	14.043	14.114	0.8	0.778	0.673	0.582	0.344	0.8	0.8	0.8	0.714	0.43	0.6	0.578	0.667	0.47	0.394	0	1	0.75	0.75	0.25	0	1	0	0.5	0	0	0.402
0	0.821	0	0	5.48	1.909	2.717	2.922	0	6.596	1.909	3.598	2.922	0	7.475	0	0.667	1	0	0.564	0	1	1	0	0.476	0	0.667	1	0	0.429	0	0.5	0	0	0	0	0	0	0	0	0.556	0.259
0	0	0	0	0	0	0	0	0	0	0	0	0	0	0	0	0	0	0	0	0	0	0	0	0	0	0	0	0	0	0	0	0	0	0	0	0	0	0.222	0	0.899	0.969
0	0	0	0	0	0	0	0	0	0	0	0	0	0	0	0	0	0	0	0	0	0	0	0	0	0	0	0	0	0	0.667	0	0	0.2	0.8	1	0.2	0	0.2	0.2	0	0.915
0	0	0.877	0	4.539	0	0	0	0	2.632	0	0	1.733	0	3.935	0	0	1	0	0.8	0	0	0	0	1	0	0	1	0	0.5	0	0	0	0	0.333	0	0	0.667	0.2	0.667	0.718	0.533
0	0	0	0	0	0	0	0	0	0	0	0	0	0	0	0	0	0	0	0	0	0	0	0	0	0	0	0	0	0	0	0	0	0	0	0	0	0	0	0	0.558	0.937
0	0	0	0	0	0	0	0	0	0	0	0	0	0	0	0	0	0	0	0	0	0	0	0	0	0	0	0	0	0	0.333	0	1	0.2	0	0.333	0	1	0.2	0	0	0.674
0	0	0	0	0	0.911	0	0	0	0	0.911	0	0	0	0	0	0	0	0	0	0	0	0	0	0	0	0	0	0	0	0	1	0	0	0	0	1	0	0	0	0.195	0.161
0	0	0	0	0	0	0	0	0	0	0	0	0	0	0	0	0	0	0	0	0	0	0	0	0	0	0	0	0	0	0	0	0	0	0	0	0.111	0	0	0.2	0.414	0.576
0	0	0	0	0	0.911	0	0	0	0	0.911	0	0	0	0	0	0	0	0	0	0	0	0	0	0	0	0	0	0	0	0.5	0	0.4	0	0	0	0	0.2	0	0	0.294	0.242
10.763	29.9	0	0	14.621	15.733	31.827	0.834	0.825	20.271	12.121	22.931	0.834	0.825	14.184	0.691	0.35	0	0	0.629	0.691	0.383	0	0	0.629	0.526	0.277	0	0	0.593	0	0.2	0	1	0	0	0	0	0	0	0	0.152
0	0	0	0	0	0	0	0	0	0	0	0	0	0	0	0	0	0	0	0	0	0	0	0	0	0	0	0	0	0	0	0.5	0.2	0	0	0	0.25	0.2	0	0	0.298	0.193
4.488	15.558	4.402	5.48	21.57	3.809	23.675	3.386	6.596	31.988	7.513	11.418	9.805	7.475	19.156	0.778	0.394	0.778	0.564	0.32	0.667	0.325	0.667	0.476	0.28	0.679	0.4	0.639	0.429	0.308	0.25	0.125	0	0	0.75	0	0	0	0	1	0.415	0.461
0	0	1.677	0	0	0	0	1.765	0	0	0	0	1.755	0	0	0	0	0.333	0	0	0	0	1	0	0	0	0	0	0	0	0.8	0	0	0.667	1	0.2	0	0.667	1	0.75	0	0.878
22.003	19.375	13.145	5.517	22.637	27.947	23.872	19.36	7.299	29.871	15.669	10.162	12.057	3.682	11.252	0.399	0.5	0.521	0.889	0.426	0.372	0.486	0.474	0.857	0.404	0.267	0.533	0.47	0.667	0.578	0	0.4	0	0	0	0	0	0	0	0	0.897	0.316
15.558	5.48	4.488	0	4.402	23.675	6.596	3.809	2.922	3.386	11.418	7.475	7.513	2.922	9.805	0.394	0.564	0.778	1	0.778	0.325	0.476	0.667	1	0.667	0.4	0.429	0.679	1	0.639	0.125	0	0.25	0	0	0	0	0	0	0	0.415	0.265
0	0	0	1.738	0	0	0	0	0.879	0	0	0	0	0.859	0	0	0	0	0	0	0	0	0	0	0	0	0	0	0	0	0	0.2	0.4	0.25	0.667	0.4	0.4	0.2	0	1	0	0.506
0	0	0	0	0	0	0	0	0	0	0	0	0	0	0	0	0	0	0	0	0	0	0	0	0	0	0	0	0	0	0.4	1	0	0.222	0.2	0	1	0	0.444	0	0	0.664
0	0	0	0	0	0	1.955	0	0	0.863	0	1.955	0	0	0.863	0	0	0	0	0	0	0	0	0	0	0	0	0	0	0	0.75	0.444	0	0	0	0.25	0.222	0	0	0	0	0.487
0	0	0	0.958	0	0	0	0	0.958	0	1.749	0	0	0.958	0	1	0	0	0	0	0	0	0	0	0	1	0	0	0	0	0	0	0.75	0	0	0	0	0.25	0	0	0.12	0.135
0	5.454	0	0	20.343	0	7.294	0.904	0	17.585	0	2.901	0.904	0	13.37	0	0.679	0	0	0.525	0	0.643	0	0	0.649	0	0.333	0	0	0.418	0	0	0	0	0	0.2	0	0	0	0	0.018	0.091
4.695	3.001	33.946	1.853	12.127	6.544	5.955	32.314	5.499	16.874	10.278	11.339	14.114	11.017	8.304	0.673	0.8	0.344	0.778	0.517	0.8	0.8	0.43	0.8	0.358	0.667	0.6	0.394	0.578	0.714	0.75	0	0.25	1	0	0	0	0	1	0	0	0.438
0	1.738	0	0	0	0	0.879	0	0	0	0	0.859	0	0	0	0	0	0	0	0	0	0	0	0	0	0	0	0	0	0	0.2	0.25	0	0.667	0.4	0.4	0	0.4	0.667	0.2	0	0.757
0	0	0	0	0	0	0	0	0	0	0	0	0	0	0	0	0	0	0	0	0	0	0	0	0	0	0	0	0	0	0.333	0.222	0	0.8	0	0.333	0	0	0	0.2	0.297	0.194
0	0	0	6.908	0	0	0	0	11.868	0	0	0	0	8.238	0	0	0	0	0.782	0	0	0	0	0.345	0	0	0	0	0.714	0	0	0	0	0	0	0	0	0.2	0	0	0.898	0.589
1.738	0	0	0	0	0.879	0	0	0	0	0.859	0	0	0	0	0	0	0	0	0	0	0	0	0	0	0	0	0	0	0	0.25	0.667	0.2	0	0	0	0.667	0.4	0	0.4	0	0.349
0	0	0	0	0.877	0	0	0	0	0	0	0	0	0	1.733	0	0	0	0	1	0	0	0	0	0	0	0	0	0	1	0	0	0	0	0	0	0.2	0	0	0.667	0.713	0.444
0	0	0	0	11.933	0	0	0	0	8.839	0	0	0	0	5.128	0	0	0	0	0.679	0	0	0	0	0.6	0	0	0	0	0.7	0	0	0	0	0	0	0	0	0	0	0	0.479
0	0	0	0	0	0	0	0	0	0	0	0	0	0	0	0	0	0	0	0	0	0	0	0	0	0	0	0	0	0	0	0.8	0	0.857	0.25	0	0.6	0	0.286	0.25	0.298	0.253
6.884	9.54	0.883	12.019	0	8.688	13.049	0	15.714	0	1.828	8.129	0.883	9.93	0	0.822	0.872	0	0.848	0	0.778	0.872	0	0.848	0	1	0.714	0	0.75	0	0	0	0.667	0	0.4	0	0	0.667	0	0.2	0.299	0.184
0	0	0	0	0	0	0	0	0	0	0	0	0	0	0	0	0	0	0	0	0	0	0	0	0	0	0	0	0	0	0	0.4	0.667	0.2	0	0	0.6	0.333	0	0.333	0	0.482
0	0	0	0	0	0	0	0	0	0	0	0	0	0	0	0	0	0	0	0	0	0	0	0	0	0	0	0	0	0	0	1	0.222	0.333	1	0	1	0.444	0.333	1	0.414	0.251
0	0	0	0	0	0	0	0	0	0	0	0	0	0	0	0	0	0	0	0	0	0	0	0	0	0	0	0	0	0	0.5	0	0	0	0.2	0.25	0	0	0	0.2	0	0.638
0	0	3.599	0	0	0	0	3.599	0	0	0	0	1.824	0	1.273	0	0	0.833	0	0	0	0	0.833	0	0	0	0	0	0	0	0.5	1	0.2	1	0.625	0	1	0.4	1	0.625	0	0.494
0	0	0	0	0	0	0	0	0	0	0	0	0	0	0	0	0	0	0	0	0	0	0	0	0	0	0	0	0	0	0	0	0.667	0.6	0.75	0	0	0.333	0.6	1	0	0.688
0	0	0	0	0	0	1.013	0	0	0	0	0	0	0	0	0	0	0	0	0	0	0	0	0	0	0	0	0	0	0	0	0	0.2	0	0	0.125	0	0.2	0	0.2	0.415	0.289
0	0	0	0	0	0	0	0	0	0	0	0	0	0	0	0	0	0	0	0	0	0	0	0	0	0	0	0	0	0	0	0	0	0	0	0.111	0	0	0	0	0.298	0.495
0	20.343	7.91	0	0.859	0	17.585	5.761	0.904	0	0	13.37	6.132	0.904	2.132	0	0.525	0.889	0	0	0	0.649	0.8	0	0	0	0.418	0.733	0	0	0.4	0	0	0	0.333	0.8	0	0.4	0	0.667	0	0.624
0	4.401	0	0	0	0	3.373	0	0	0.911	0	1.915	0	0	0.911	0	0.733	0	0	0	0	1	0	0	0	0	1	0	0	0	0	0	0	0.5	0.5	0	0	0	0	0	0.3	0.259
14.621	0	7.871	10.763	25.163	20.271	0.834	13.311	15.733	33.311	14.184	0.834	9.488	12.121	14.961	0.629	0	0.833	0.691	0.426	0.629	0	0.833	0.691	0.406	0.593	0	0.722	0.526	0.606	0	0	0	0	0	0	0	0	0	0.25	0.414	0.292
0	0	0	0	0	0	0	0	0	0	0	0	0	0	0	0	0	0	0	0	0	0	0	0	0	0	0	0	0	0	0	0	0	0	0	0	0	0.222	0	0	0.116	0.975
0	0	0	0	0	0	0	0	0	0	0	0	0	0	0	0	0	0	0	0	0	0	0	0	0	0	0	0	0	0	0	0	0	0.2	0	0	0	0	0.2	0	0.296	0.902
5.48	0	15.558	0	4.488	6.596	2.922	23.675	1.909	3.809	7.475	2.922	11.418	1.909	7.513	0.564	1	0.394	0	0.778	0.476	1	0.325	0	0.667	0.429	1	0.4	0	0.679	0	0	0.125	0	0.25	0	0	0	0	0	0.056	0.326
0	0	4.401	0	0	0	0	3.373	0	0	0	0	1.915	0	0	0	0	0.733	0	0	0	0	1	0	0	0	0	1	0	0	0.5	0	0	0.75	0	0	0	0	0.25	0	0.415	0.139
13.145	22.003	22.637	19.375	7.5	19.36	27.947	29.871	23.872	13.384	12.057	15.669	11.252	10.162	9.617	0.521	0.399	0.426	0.5	0.802	0.474	0.372	0.404	0.486	0.791	0.47	0.267	0.578	0.533	0.667	0	0	0	0.4	0	0	0	0	0	0	0.717	0.154
0	0	0	0	0	0	0	0	0	0	0	0	0	0	0	0	0	0	0	0	0	0	0	0	0	0	0	0	0	0	0	0	0	0	0	0	0	0	0	0	0.556	0.339
0	4.365	0	0	0	0	3.503	0	0	0	0	1.723	0	0	0	0	0.8	0	0	0	0	1	0	0	0	0	0	0	0	0	0.2	0.6	1	0.667	1	0.2	0.8	1	1	1	0	0.409
0	0	0	0	0	0	0	0	0	0	0	0	0	0	0	0	0	0	0	0	0	0	0	0	0	0	0	0	0	0	1	1	0	0.2	0	1	1	0	0.2	0	0.294	0.993
0	0	0	0	0	0	0	0	0	0	0	0	0	0	0	0	0	0	0	0	0	0	0	0	0	0	0	0	0	0	0	0	1	0	0.4	0	0	0	0	0	0.556	0.261
4.402	4.488	21.57	15.558	1.765	3.386	3.809	31.988	23.675	2.642	9.805	7.513	19.156	11.418	8.279	0.778	0.778	0.32	0.394	0.806	0.667	0.667	0.28	0.325	0.667	0.639	0.679	0.308	0.4	0.639	0	0.25	0.75	0.125	0.4	0	0	1	0	0	0.059	0.471
0	0	0	12.853	0	0	0	0	15.941	0	0	0	0	11.149	0	0	0	0	0.817	0	0	0	0	0.817	0	0	0	0	0.727	0	0	0	0.111	0	0	0	0	0.222	0	0	0.197	0.330
0	0	0	0	0	0	0	0	0	0	0	0	0	0	0	0	0	0	0	0	0	0	0	0	0	0	0	0	0	0	0	0	0	0	0.6	0	0	0	0	0.6	0.197	0.396
0	0	1.738	0	0	0	0	0.879	0	0	0	0	0.859	0	0	0	0	0	0	0	0	0	0	0	0	0	0	0	0	0	0.667	0	0.25	0.5	0.2	0.667	0	0	0	0.4	0	0.871
0	0	0.834	0	0	0	0	1.028	1.028	0	0	0	1.862	1.028	0	0	0	0	0	0	0	0	0	0	0	0	0	0	0	0	0	0	0.25	0	0.2	0	0	0	0	0	0.299	0.807
22.637	13.145	7.5	22.003	0	29.871	19.36	13.384	27.947	0	11.252	12.057	9.617	15.669	0	0.426	0.521	0.802	0.399	0	0.404	0.474	0.791	0.372	0	0.578	0.47	0.667	0.267	0	0	0	0	0	0	0	0	0	0	0	0.415	0.272
0	0	0	0	0	0	0	0	0	0	0	0	0	0	0	0	0	0	0	0	0	0	0	0	0	0	0	0	0	0	0	0	0	0	0	0.4	0.2	0	0	0	0.117	0.853
0	0	0	0	0	0	0	0.863	1.955	0	0	0	0.863	1.955	0	0	0	0	0	0	0	0	0	0	0	0	0	0	0	0	0	0.75	0	0.444	0	0	0.25	0	0.222	0	0.197	0.300
0	10.763	14.621	29.9	7.871	0.834	15.733	20.271	31.827	13.311	0.834	12.121	14.184	22.931	9.488	0	0.691	0.629	0.35	0.833	0	0.691	0.629	0.383	0.833	0	0.526	0.593	0.277	0.722	0	0	0	0.2	0	0	0	0	0	0	0.294	0.446
0	0	0	0	0	0	0	0	1.013	0	0	0	0	0	0	0	0	0	0	0	0	0	0	0	0	0	0	0	0	0	0.2	0	0	0	0.667	0.2	0.125	0.2	0	1	0	0.403
12.853	4.362	0	14.035	0	15.941	6.16	0	19.362	0	11.149	4.413	0	14.8	0	0.817	0.857	0	0.732	0	0.817	0.81	0	0.726	0	0.727	0.8	0	0.59	0	0	0	0	0.8	0	0	0	0	0.6	0	0.12	0.335
20.343	0	0	0	7.91	17.585	0.904	0	0	5.761	13.37	0.904	0	0	6.132	0.525	0	0	0	0.889	0.649	0	0	0	0.8	0.418	0	0	0	0.733	0	0	0.4	0	0	0	0	0.8	0.2	0.4	0	0.150
0	0	0	0	0	0	0	0	0	0	0	0	0	0	0	0	0	0	0	0	0	0	0	0	0	0	0	0	0	0	0	0	0.25	0.8	0	0	0	0.25	0.6	0	0.718	0.290
0	0	0	11.933	0	0	0	0	8.839	0	0	0	0	5.128	0	0	0	0	0.679	0	0	0	0	0.6	0	0	0	0	0.7	0	0	0	0	0	0	0	0	0	0	0	0.559	0.399
4.539	0.877	6.335	0	5.542	2.632	0	7.226	0	6.607	3.935	1.733	3.587	0	2.194	0.8	1	0.361	0	0.464	1	0	0.429	0	0.476	0.5	1	0.333	0	0	0.333	0	0.333	0	0.4	0.667	0.667	0.667	0	0.4	0	0.212
1.677	0	0	0	0	1.765	0	0	0	0	1.755	0	0	0	0	0.333	0	0	0	0	1	0	0	0	0	0	0	0	0	0	0	0.8	1	0	0.4	0.667	0.2	0.75	0	0.4	0	0.313
0	0	0	0	0	0	0	0	0	0	0	0	0	0	0	0	0	0	0	0	0	0	0	0	0	0	0	0	0	0	0.222	0	1	1	0.4	0.444	0	1	1	0	0.414	0.633
0	0	0	0	0	0	0	0	0	0	0	0	0	0	0	0	0	0	0	0	0	0	0	0	0	0	0	0	0	0	0	0	0	0	0	0.222	0	0	0	0	0.717	0.977
0	0	0	0	0	0	0	0	0	0	0	0	0	0	0	0	0	0	0	0	0	0	0	0	0	0	0	0	0	0	0	0	0	0	0	0	0	0	0	0	0.418	0.175
0	0	0	0	5.454	0	0	0	0	7.294	0	0	0	0	2.901	0	0	0	0	0.679	0	0	0	0	0.643	0	0	0	0	0.333	0	0	0	0	0	0	0	0	0	0	0.198	0.964
0	0	0	4.365	0	0	0	0	3.503	0	0	0	0	1.723	0	0	0	0	0.8	0	0	0	0	1	0	0	0	0	0	0	1	0.2	1	0.6	0	1	0.2	1	0.8	0	0.117	0.907
0	0	0	0	0	0	0	0	0	0	0	0	0	0	0	0	0	0	0	0	0	0	0	0	0	0	0	0	0	0	0	0	0	0	1	0	0	0	0	0	0	0.447
0	0	0	0	0	0	0	0	0	0	0	0	0	0	0	0	0	0	0	0	0	0	0	0	0	0	0	0	0	0	0	0	0	0	0	0	0	0	0	0	0.713	0.971
0	0	0	0	0	0	0	0	0	0	0	0	0	0	0	0	0	0	0	0	0	0	0	0	0	0	0	0	0	0	0	0.25	0.4	0	0	0	0.25	0	0	0	0.554	0.401
0	12.853	0	4.362	0	0	15.941	0	6.16	0	0	11.149	0	4.413	0	0	0.817	0	0.857	0	0	0.817	0	0.81	0	0	0.727	0	0.8	0	0	0	0	0	0.111	0	0	0	0	0.222	0.417	0.278
0	0	1.665	0	4.415	0	0	1.671	0	6.326	0	0	1.667	0	4.591	0	0	1	0	0.556	0	0	1	0	0.571	0	0	1	0	0.4	0	0	0	0.667	0.5	0.2	0.333	0.667	0.333	0.75	0.12	0.246
0	-1	0	-1	0	0	-1	0	-1	0	0	-1	0	-1	0	0	-1	0	-1	0	0	-1	0	-1	0	0	-1	0	-1	0	0	-1	0	-1	0	0	-1	0	-1	0	0.899	0.999
0	0	0	0	0	0	0	0	0	0	0	0	0	0	0	0	0	0	0	0	0	0	0	0	0	0	0	0	0	0	0	0	0	0	0	0	0	0	0	0	0.714	0.867
0	20.761	0	0	0	0	20.761	0	0	0	0	0	0	0	0	0	0.565	0	0	0	0	0.538	0	0	0	0	0	0	0	0	0.8	1	0.222	0	0.333	0	0.2	0	0	0.333	0	0.540
0	0	0	0	4.401	0	0	0	0	3.373	0	0	0	1.749	1.915	0	0	0	1	0.733	0	0	0	0	1	0	0	0	1	1	0	0.75	0.5	0	0	0	0.25	0	0	0	0.555	0.216
0	0	0	0	1.738	0	0	0	0	0.879	0	0	0	0	0.859	0	0	0	0	0	0	0	0	0	0	0	0	0	0	0	0	0.5	0.667	0	0.25	0	0	0.667	0.2	0	0.414	0.414
0.883	6.884	0	9.54	0	0	8.688	0	13.049	0	0.883	1.828	0	8.129	0	0	0.822	0	0.872	0	0	0.778	0	0.872	0	0	1	0	0.714	0	0.667	0	0.4	0	1	0.667	0	0.2	0	0	0.117	0.586
0	0	0	0	0	0	0	0	0	0	0	0	0	0	0	0	0	0	0	0	0	0	0	0	0	0	0	0	0	0	0.2	0.333	0	0.75	0.333	0.2	0.667	0	1	0.333	0	0.631
0	0	0.821	0	0	0	0	2.717	0	1.909	0	0	3.598	0	1.909	0	0	0.667	0	0	0	0	1	0	0	0	0	0.667	0	0	0	0	0.5	0	0	0	0	0	0	0	0.42	0.355
0	0	0	0	0	0	0	0	0	0	0	0	0	0	0	0	0	0	0	0	0	0	0	0	0	0	0	0	0	0	0	0	0	0	0	0	0	0	0	0	0.718	0.978
0	0	0	1.677	29.9	0	0	0.825	1.765	31.827	0	0	0.825	1.755	22.931	0	0	0	0.333	0.35	0	0	0	1	0.383	0	0	0	0	0.277	0.4	1	1	0	0.2	0.4	0.75	0	0.667	0	0	0.594
1.853	5.64	3.001	1.765	4.695	5.499	7.657	5.955	2.642	6.544	11.017	14.043	11.339	8.279	10.278	0.778	0.582	0.8	0.806	0.673	0.8	0.714	0.8	0.667	0.8	0.578	0.47	0.6	0.639	0.667	1	0.75	0	0.4	0.75	1	0.5	0	0	0	0.294	0.545
0	5.542	0	6.335	0	0	6.607	1.955	7.226	0	0	2.194	1.955	3.587	0	0	0.464	0	0.361	0	0	0.476	0	0.429	0	0	0	0	0.333	0	0	0.4	0.444	0.333	0.75	0	0.4	0.222	0.667	0.25	0	0.138
0	0	0	0	0	0	0	0	0	0	0	0	0	0	0	0	0	0	0	0	0	0	0	0	0	0	0	0	0	0	1	0.333	0	0	0.222	1	0.333	0	0	0.444	0	0.974
4.401	0	0	0	0	3.373	0	0	0	0	1.915	0	0	0	0	0.733	0	0	0	0	1	0	0	0	0	1	0	0	0	0	0	0.5	0	0	0	0	0	0	0	0	0	0.192
0	0	0	0	0	0	0.911	0	0	0	0	0.911	0	0	0	0	0	0	0	0	0	0	0	0	0	0	0	0	0	0	0	0	0	1	0	0	0	0	1	0	0.559	0.299
0	0	0	0	12.797	0	0	0	0	11.769	0	0	0	0	4.734	0	0	0	0	0.581	0	0	0	0	0.654	0	0	0	0	0.4	0	0.4	0	1	0.125	0	0	0	0	0	0.557	0.173
0	0	0	0	0.834	0	1.028	0	0	1.028	0	1.028	0	0	1.862	0	0	0	0	0	0	0	0	0	0	0	0	0	0	0	0	0	0	0	0.25	0	0	0	0	0	0.897	0.491
0	0	0	0	0	0	0	0	0	0	0	0	0	0	0	0	0	0	0	0	0	0	0	0	0	0	0	0	0	0	0.2	0	0	0.5	0	0.2	0	0	0.25	0	0	0.501
0.877	0	4.539	0	6.335	0	0	2.632	0	7.226	1.733	0	3.935	0	3.587	1	0	0.8	0	0.361	0	0	1	0	0.429	1	0	0.5	0	0.333	0	0	0.333	0	0.333	0.667	0	0.667	0	0.667	0.714	0.268
0	0	0	0	0	0	0	0	0	0	0	0	0	0	0	0	0	0	0	0	0	0	0	0	0	0	0	0	0	0	0	0	0	0	0	0	0	0	0	0.222	0.717	0.973
4.362	14.035	12.853	0	0	6.16	19.362	15.941	0	0	4.413	14.8	11.149	0	0	0.857	0.732	0.817	0	0	0.81	0.726	0.817	0	0	0.8	0.59	0.727	0	0	0	0.8	0	0	0	0	0.6	0	0	0	0.292	0.278
0	0	0	0	0	0	0	0	0	0	0	0	0	0	0	0	0	0	0	0	0	0	0	0	0	0	0	0	0	0	0	0	0	0	0	0.2	0	0.4	0	0	0.198	0.702
0	0	0	0	0	0	0	0	0	0	0	0	0	0	0	0	0	0	0	0	0	0	0	0	0	0	0	0	0	0	0.2	0	0.2	0.4	0	0	0	0	0	0	0	0.519
12.797	0	0.958	0	0	11.769	0	0.958	0	0	4.734	0	0.958	0	0	0.581	0	0	0	0	0.654	0	0	0	0	0.4	0	0	0	0	0.125	0	0	0	0	0	0	0	0	0	0.415	0.246
0	0	0	0	0	0	0	0	0	0	0	0	0	0	0	0	0	0	0	0	0	0	0	0	0	0	0	0	0	0	0.6	0	0	0	0	0.6	0	0	0	0	0	0.770
0	0	0	0	1.665	0	0	0	0	1.671	0	0	0	0	1.667	0	0	0	0	1	0	0	0	0	1	0	0	0	0	1	0	0.667	0	0	0	0.333	0.333	0.2	0	0.667	0	0.494
0	3.599	0	0	20.761	0	3.599	0	0	20.761	1.273	1.824	0	0	0	0	0.833	0	0	0.565	0	0.833	0	0	0.538	0	0	0	0	0	0.625	0.2	0	0.5	1	0.625	0.4	0	0	0.2	0	0.362
0	0	0	0	0	0	0	0	0	0	0	0	0	0	0	0	0	0	0	0	0	0	0	0	0	0	0	0	0	0	0	0	0	0	0	0	0	0	0	0	0.556	0.284
0	0	0	0	0	0	0	0	0	0	0	0	0	0	0	0	0	0	0	0	0	0	0	0	0	0	0	0	0	0	0	0	0.857	1	0.8	0	0	0.286	1	0.6	0.558	0.211
0	0	0	0	0	0	0	0	0	0	0	0	0	0	0	0	0	0	0	0	0	0	0	0	0	0	0	0	0	0	0	0	0	0	0	0	0	0	0	0	0.417	0.966
0	0	0	0.883	0	0	0	0	0	0	0	0	0	0.883	0	0	0	0	0	0	0	0	0	0	0	0	0	0	0	0	1	0.4	0	0.667	0	0	0.2	0	0.667	0	0	0.366
29.9	0	10.763	0	0	31.827	0.825	15.733	0	0.834	22.931	0.825	12.121	0	0.834	0.35	0	0.691	0	0	0.383	0	0.691	0	0	0.277	0	0.526	0	0	0.2	1	0	0.4	0	0	0	0	0.4	0	0	0.167
0	0	0	0	0	1.013	0	0	0	0	0	0	0	0	0	0	0	0	0	0	0	0	0	0	0	0	0	0	0	0	0	0	0	0	0.2	0	0	0.125	0	0.2	0.415	0.117
0	0	0	0.859	3.599	0	0	0	0	3.599	0	0	0	2.132	1.824	0	0	0	0	0.833	0	0	0	0	0.833	0	0	0	0	0	1	1	0.5	0.333	0.2	1	1	0	0.667	0.4	0	0.526
0	0.883	0	6.884	0	0	0	0	8.688	0	0	0.883	0	1.828	0	0	0	0	0.822	0	0	0	0	0.778	0	0	0	0	1	0	0.4	0.667	1	0	0	0.2	0.667	0	0	0	0	0.423
0.859	7.91	0	0	0	0	5.761	0	0	0	2.132	6.132	0	0	0	0	0.889	0	0	0	0	0.8	0	0	0	0	0.733	0	0	0	0.333	0	1	0.4	1	0.667	0.4	1	0.8	1	0	0.327
5.454	0	0	0	0	7.294	0	0	0	0.904	2.901	0	0	0	0.904	0.679	0	0	0	0	0.643	0	0	0	0	0.333	0	0	0	0	0	0	0	0	0	0	0	0.2	0	0	0.556	0.220
0	0	0	0	0	0	0	0	0	0	0	0	0	0	0	0	0	0	0	0	0	0	0	0	0	0	0	0	0	0	0	0	0	0	0	0	0	0	0	0.111	0.419	0.463
0	0	0	0	0	0	0	0.911	0	0	0	0	0.911	0	0	0	0	0	0	0	0	0	0	0	0	0	0	0	0	0	1	0	0	0	0	1	0	0	0	0	0.893	0.767
0	0	0	0	0	0	0	0	0	0	0	0	0	0	0	0	0	0	0	0	0	0	0	0	0	0	0	0	0	0	0.5	0	0	0	0.667	0	0.2	0	0	0.667	0.054	0.417
1.765	21.57	5.64	4.402	1.853	2.642	31.988	7.657	3.386	5.499	8.279	19.156	14.043	9.805	11.017	0.806	0.32	0.582	0.778	0.778	0.667	0.28	0.714	0.667	0.8	0.639	0.308	0.47	0.639	0.578	0.4	0.75	0.75	0	1	0	1	0.5	0	1	0	0.513
0	0	0	5.542	0	1.955	0	0	6.607	0	1.955	0	0	2.194	0	0	0	0	0.464	0	0	0	0	0.476	0	0	0	0	0	0	0.444	0	0.75	0.4	0	0.222	0	0.25	0.4	0	0.299	0.271
0.821	0	0	0	0	2.717	0	1.909	0	2.922	3.598	0	1.909	0	2.922	0.667	0	0	0	1	1	0	0	0	1	0.667	0	0	0	1	0.5	0	0	0	0	0	0	0	0	0	0	0.540
0	0	0	0	0	0	0	0	0	0	0	0	0	0	0	0	0	0	0	0	0	0	0	0	0	0	0	0	0	0	0	0.4	0.2	0	0.4	0	0	0	0	0.6	0	0.821
4.365	0	0	0	0	3.503	0	0	0	0	1.723	0	0	0	0	0.8	0	0	0	0	1	0	0	0	0	0	0	0	0	0	0.6	0.667	0.2	0.4	1	0.8	1	0.2	0.2	1	0	0.304
0	0	0	0	0	0	0	0	0	0	0	0	0	0	0	0	0	0	0	0	0	0	0	0	0	0	0	0	0	0	0.75	0.667	0.333	0	0.2	1	0.333	0.667	0	0.2	0	0.956
0	0	0	0	0	0	0	0	0	0	0	0	0	0	0	0	0	0	0	0	0	0	0	0	0	0	0	0	0	0	0	0	0	0	0	0	0.2	0	0	0	0.898	0.987
0	0	0	0	0	1.028	0	0	0	0	1.028	0	0	0	0	0	0	0	0	0	0	0	0	0	0	0	0	0	0	0	0	0	0	0	0	0	0	0	0	0	0.419	0.242
0	0	0	0	0	0	0	0	0	0	0	0	0	0	0	0	0	0	0	0	0	0	0	0	0	0	0	0	0	0	0	0	0	0	0	0	0	0	0	0	0.415	0.587
7.5	22.637	0	13.145	14.035	13.384	29.871	0	19.36	19.362	9.617	11.252	0	12.057	14.8	0.802	0.426	0	0.521	0.732	0.791	0.404	0	0.474	0.726	0.667	0.578	0	0.47	0.59	0	0	0	0	0.8	0	0	0	0	0.6	0.296	0.183
11.933	0	0	0	0	8.839	0	0	0	0	5.128	0	0	0	0	0.679	0	0	0	0	0.6	0	0	0	0	0.7	0	0	0	0	0	0	0	0	0	0	0	0	0	0	0	0.241
0	0	2.552	0	0	0	0.863	4.428	0	0	0	0.863	0.863	0	0	0	0	0.1	0	0	0	0	0.1	0	0	0	0	0	0	0	0	0	0.75	0	0	0	0	0.875	0	0	0.118	0.305
0	0	0	0	0	0	0	0	0	0	0	0	0	0	0	0	0	0	0	0	0	0	0	0	0	0	0	0	0	0	0	0	0.5	0.333	0	0.2	0	0	0.333	0	0.898	0.770
0	8.432	9.106	25.163	12.019	0	15.646	15.296	33.311	15.714	0	8.086	9.859	14.961	9.93	0	0.783	0.792	0.426	0.848	0	0.783	0.792	0.406	0.848	0	0.821	0.667	0.606	0.75	0	0	0	0	0	0.2	0	0	0.25	0	0.718	0.583
33.946	4.695	12.127	3.001	6.908	32.314	6.544	16.874	5.955	11.868	14.114	10.278	8.304	11.339	8.238	0.344	0.673	0.517	0.8	0.782	0.43	0.8	0.358	0.8	0.345	0.394	0.667	0.714	0.6	0.714	0.25	0.75	0	0	0	0	0	0	0	0	0	0.193
0	0	0	0	0	0	0	1.013	0	0	0	0	0	0	0	0	0	0	0	0	0	0	0	0	0	0	0	0	0	0	0	0	0	0	0	0	0	0	0	0.125	0.898	0.229
1.665	0	4.415	0	5.517	1.671	0	6.326	0	7.299	1.667	0	4.591	0	3.682	1	0	0.556	0	0.889	1	0	0.571	0	0.857	1	0	0.4	0	0.667	0	0	0.5	0	0	0.667	0.2	0.75	0.333	0	0	0.277
0	0	0	0	0	0	0	0	0	0	0	0	0	0	0	0	0	0	0	0	0	0	0	0	0	0	0	0	0	0	0	0	0	0	0	0	0	0.2	0	0	0	0.986
0	7.5	14.035	22.637	4.362	0	13.384	19.362	29.871	6.16	0	9.617	14.8	11.252	4.413	0	0.802	0.732	0.426	0.857	0	0.791	0.726	0.404	0.81	0	0.667	0.59	0.578	0.8	0	0	0.8	0	0	0	0	0.6	0	0	0	0.278
0	0	0	0	0	0	0	0	0	0	0	0	0	0	0	0	0	0	0	0	0	0	0	0	0	0	0	0	0	0	0.111	0	0	0	0	0.222	0	0	0	0	0.554	0.529
0	0	0	0	0	0	0	0	0	1.028	0	0	0	0	1.028	0	0	0	0	0	0	0	0	0	0	0	0	0	0	0	0	1	0	0.4	0	0	0	0	0.2	0	0.554	0.125
0	0	5.454	0	0	0	0	7.294	0	0	0	0	2.901	0	0	0	0	0.679	0	0	0	0	0.643	0	0	0	0	0.333	0	0	0	0	0	0	0	0	0	0	0	0.2	0.118	0.938
0	0	0	0	0	0	0	0	0	0	0	0	0	0	0	0	0	0	0	0	0	0	0	0	0	0	0	0	0	0	0.4	0	0	0.25	0.2	0	0	0	0.25	0	0.06	0.515
0	0	0	0	0	0	0	0	0	0	0	0	0	0	0	0	0	0	0	0	0	0	0	0	0	0	0	0	0	0	0	0	0	0	0	0.2	0	0	0	0	0.556	0.988
0	0.834	0	0	0	0	1.028	0	0	0	0	1.862	0	0	0	0	0	0	0	0	0	0	0	0	0	0	0	0	0	0	0.2	0.25	0	0	0	0	0	0	0	0	0	0.716
7.91	0	0.859	20.343	0	5.761	0	0	17.585	0	6.132	0	2.132	13.37	0	0.889	0	0	0.525	0	0.8	0	0	0.649	0	0.733	0	0	0.418	0	0	0.4	0.333	0	1	0.4	0.8	0.667	0	1	0	0.223
0	0.859	0	7.91	0	0	0	0	5.761	0	0	2.132	0	6.132	0	0	0	0	0.889	0	0	0	0	0.8	0	0	0	0	0.733	0	1	0.333	1	0	0.5	1	0.667	1	0.4	0	0	0.987
0	0	29.9	0	10.763	0.825	0	31.827	0	15.733	0.825	0	22.931	0	12.121	0	0	0.35	0	0.691	0	0	0.383	0	0.691	0	0	0.277	0	0.526	1	0.4	0.2	1	0	0	0.4	0	0.75	0	0.195	0.314
0	0	0	0	0	0	0	0	0	0.911	0	0	0	0	0.911	0	0	0	0	0	0	0	0	0	0	0	0	0	0	0	0	0	1	0.4	0	0	0	1	0.2	0	0.898	0.258
0	0	0	0	0	0	0	0	0	0	0	0	0	0	0	0	0	0	0	0	0	0	0	0	0	0	0	0	0	0	1	0	0.4	0	0	0	0	0	0	0	0.198	0.227
0	0	0	0	0	0	0	0	0	0	0	0	0	0	0	0	0	0	0	0	0	0	0	0	0	0	0	0	0	0	0	0	0	0	0	0	0.4	0	0.2	0	0.554	0.850
21.57	4.402	1.765	4.488	5.64	31.988	3.386	2.642	3.809	7.657	19.156	9.805	8.279	7.513	14.043	0.32	0.778	0.806	0.778	0.582	0.28	0.667	0.667	0.667	0.714	0.308	0.639	0.639	0.679	0.47	0.75	0	0.4	0.25	0.75	1	0	0	0	0.5	0.294	0.252
12.127	33.946	6.908	4.695	0	16.874	32.314	11.868	6.544	0	8.304	14.114	8.238	10.278	0	0.517	0.344	0.782	0.673	0	0.358	0.43	0.345	0.8	0	0.714	0.394	0.714	0.667	0	0	0.25	0	0.75	0	0	0	0	0	0	0.554	0.352
5.64	1.765	1.853	21.57	3.001	7.657	2.642	5.499	31.988	5.955	14.043	8.279	11.017	19.156	11.339	0.582	0.806	0.778	0.32	0.8	0.714	0.667	0.8	0.28	0.8	0.47	0.639	0.578	0.308	0.6	0.75	0.4	1	0.75	0	0.5	0	1	1	0	0	0.352
0	0	0	0	0	0	0	0	0	0	0	0	0	0	0	0	0	0	0	0	0	0	0	0	0	0	0	0	0	0	0	0.2	0.333	0.333	1	0	0.2	0.333	0.667	1	0	0.509
0	1.677	0	0	0	0	1.765	0	0	0.825	0	1.755	0	0	0.825	0	0.333	0	0	0	0	1	0	0	0	0	0	0	0	0	1	0	0.4	0.8	1	0.75	0.667	0.4	0.2	0	0	0.874
0	0	0	0	2.552	0.863	0	0	0	4.428	0.863	0	0	0	0.863	0	0	0	0	0.1	0	0	0	0	0.1	0	0	0	0	0	0	0	0	0.75	0.75	0	0	0	0.25	0.875	0.292	0.541
0	0	0	0	0	0	0	0	0	0	0	0	0	0	0	0	0	0	0	0	0	0	0	0	0	0	0	0	0	0	0	0.4	0.2	1	0.2	0	0	0	1	0	0	0.531
0	0	0	0	0	0	0	1.028	0	0	0	0	1.028	0	0	0	0	0	0	0	0	0	0	0	0	0	0	0	0	0	0	0	0	1	0	0	0	0	0	0	0	0.374
9.106	0	12.019	8.432	9.54	15.296	0	15.714	15.646	13.049	9.859	0	9.93	8.086	8.129	0.792	0	0.848	0.783	0.872	0.792	0	0.848	0.783	0.872	0.667	0	0.75	0.821	0.714	0	0	0	0	0	0	0.2	0	0	0	0.713	0.250
0	0	0	0	0	0	0	0	0	0	0	0	0	0	0	0	0	0	0	0	0	0	0	0	0	0	0	0	0	0	0	0	0	0	0	0	0	0	0.4	0.2	0.415	0.984
0	0	12.797	0	0.958	0	0	11.769	0	0.958	0	0	4.734	0	0.958	0	0	0.581	0	0	0	0	0.654	0	0	0	0	0.4	0	0	0	0	0.125	0.4	0	0	0	0	0	0	0.898	0.300
0	0	0	0	0	0	0	0	0	0	0	0	0	0	0	0	0	0	0	0	0	0	0	0	0	0	0	0	0	0	0	0.2	0	0.2	0	0	0	0	0	0	0	0.685
8.432	25.163	0	7.871	9.106	15.646	33.311	0	13.311	15.296	8.086	14.961	0	9.488	9.859	0.783	0.426	0	0.833	0.792	0.783	0.406	0	0.833	0.792	0.821	0.606	0	0.722	0.667	0	0	0	0	0	0	0.25	0.2	0	0	0.897	0.196
0	0	0	0	0	0	0	0	0	0	0	0	0	0	0	0	0	0	0	0	0	0	0	0	0	0	0	0	0	0	0	0	0	0	0	0	0	0	0	0	0	0.652
0	0	0	0	0	0	0	0	0	0	0	0	0	0	0	0	0	0	0	0	0	0	0	0	0	0	0	0	0	0	0	0	0	0	0	0	0	0	0	0	0.898	0.968
0	0	0	0	0	0	0	0	0	0	0	0	0	0	0	0	0	0	0	0	0	0	0	0	0	0	0	0	0	0	0.25	0	0	0	0.4	0.25	0	0	0	0	0.116	0.237
0	0	0	0	0	0	0	0	0.911	0	0	0	0	0.911	0	0	0	0	0	0	0	0	0	0	0	0	0	0	0	0	0	0	0	0	0	0	0	0	0	0	0.292	0.372
0	0	20.761	3.599	0	0	0	20.761	3.599	0	0	1.273	0	1.824	0	0	0	0.565	0.833	0	0	0	0.538	0.833	0	0	0	0	0	0	0	0.625	1	0.2	0.8	0	0.625	0.2	0.4	0	0	0.247
0	11.933	0	0	0	0	8.839	0	0	0	0	5.128	0	0	0	0	0.679	0	0	0	0	0.6	0	0	0	0	0.7	0	0	0	0	0	0	0	0	0	0	0	0	0	0.196	0.176
20.761	0	0	0	0	20.761	0	0	0	0	0	0	0	1.273	0	0.565	0	0	0	0	0.538	0	0	0	0	0	0	0	0	0	1	0	0.8	0.625	0.222	0.2	0	0	0.625	0	0	0.233
