3.454	7.524	14.544	8.511	0	4.448	13.505	23.301	11.477	0	2.658	5.317	9.778	7.762	0	0.571	0.819	0.61	0.835	0	0.5	0.802	0.584	0.788	0	0	0.5	0.389	0.381	0	0.6	0	0	0	0.875	1	0	0	0	0.875	0.12	0.826
2.729	1.911	0	0	0	1.697	0.945	0	0	0	1.032	1.911	0	0	0	0.333	0	0	0	0	0	0	0	0	0	0	0	0	0	0	0	0.333	0	0	0	0	0	0	0	0.2	0	0.641
0	0	0	0	0	0	0	0	0	0	0	0	0	0	0	0	0	0	0	0	0	0	0	0	0	0	0	0	0	0	0.333	0.2	0.333	0	0.8	0.333	0.2	0	0	0	0	0.779
0	12.454	0	10.006	0	0	14.468	0	10.921	0	0	7.277	0	6.928	0	0	0.371	0	0.4	0	0	0.343	0	0.364	0	0	0.286	0	0.286	0	0	0.333	0	0	0	0	0	0	0	0	0.297	0.972
1.402	1.343	2.493	0.86	0	3.513	4.686	4.361	1.707	0	2.246	4.686	3.275	1.707	0	1	1	1	1	0	1	1	1	1	0	1	0.833	1	1	0	0	0	0	0.2	0	0	0	0	0	0	0.294	0.560
1.921	2.062	0	0	1.159	0	1.746	0	0	1.159	2.813	3.012	0	0	2.05	0.333	0.333	0	0	0	0	1	0	0	0	0.333	0.333	0	0	0	0.333	0	1	0	0.5	0.333	0	0.25	0	0.5	0	0.606
8.776	0	0.875	0	1.022	13.553	0	0.875	0	4.342	6.053	0	0.875	0	4.342	0.218	0	0	0	1	0.205	0	0	0	1	0.4	0	0	0	0.833	0	0.667	0	1	0	0	0.333	0	0.8	0	0.558	0.300
0	0	0	0	14.847	0	0	0	0	12.079	0	0	0	0	14.009	0	0	0	0	0.647	0	0	0	0	0.673	0	0	0	0	0.53	0	0.5	0.5	0.25	0	0	0	0	0	0	0	0.932
0	1.788	1.935	2.976	1.884	0	1.788	1.976	5.11	5.839	0	1.788	3.901	4.247	5.839	0	1	0.333	0.4	0.333	0	1	0	0.3	0.333	0	1	0.333	0.5	0.267	0.8	0	0.2	0	0	1	0	0	0	0	0	0.945
0	0	0	0	0	0	0	0	0	0	0	0	0	0	0	0	0	0	0	0	0	0	0	0	0	0	0	0	0	0	0.333	0	0	0	0	0.333	0	0	0	0	0	0.809
0	0	0	0	0	0	0	0	0	0	0	0	0	0	0	0	0	0	0	0	0	0	0	0	0	0	0	0	0	0	0	0.6	0.4	0.2	0.2	0	0.2	0	0	0	0	0.972
0	0	5.212	0	0	0	0	6.12	0	0	0	0	3.457	0	0	0	0	0.6	0	0	0	0	0.6	0	0	0	0	0.333	0	0	0.25	0	0	0	0	0.25	0	0	0	0	0	0.595
0	0	0	8.361	0	0	0	0	11.514	0	0	0	0	5.216	0	0	0	0	0.379	0	0	0	0	0.379	0	0	0	0	0.1	0	0	0.25	0	0	0	0	0	0	0	0	0.893	0.876
0	0	0.885	0	0.841	0	0	0.885	0	0.841	0	0	0.885	0	0.841	0	0	0	0	0	0	0	0	0	0	0	0	0	0	0	0.333	0.5	0	0	0.2	0.333	1	0	0	0.2	0	0.911
1.159	6.439	7.255	14.847	14.159	2.021	9.635	5.554	12.079	9.454	2.021	7.911	9.416	14.009	14.591	0	0.639	0.655	0.647	0.601	0	0.472	0.6	0.673	0.622	0	0.619	0.556	0.53	0.516	0.667	0	0.4	0	0.75	0.111	0	0	0	0.125	0.414	0.810
0	0	0	1.041	0	0	0	0	1.899	0	0	0	0	1.899	0	0	0	0	0	0	0	0	0	0	0	0	0	0	0	0	0	0	0.75	0	0	0.333	0	1	0	0	0.117	0.621
0	0	0	0	0	0	0	0	0	0	0	0	0	0	0	0	0	0	0	0	0	0	0	0	0	0	0	0	0	0	0.6	0.2	0	0	0.4	0.2	0	0	0	0	0	0.786
0	0	0	-1	0	0	0	0	-1	0	0	0	0	-1	0	0	0	0	-1	0	0	0	0	-1	0	0	0	0	-1	0	0	0	0	-1	0	0	0	0	-1	0	0.717	0.885
10.17	3.68	23.272	0	11.821	12.208	5.861	26.592	0	16.943	7.707	5.861	13.633	0	8.542	0.894	0.733	0.526	0	0.699	0.818	0.733	0.455	0	0.669	0.667	0.733	0.545	0	0.536	0	0	0	0	0	0	0	0	0	0	0.557	0.280
0	0	0	1.689	0	0	0	0.883	2.581	0	0	0	0.883	0.892	0	0	0	0	1	0	0	0	0	1	0	0	0	0	0	0	0.8	0	0.25	0	1	0.8	0.333	1	0	1	0.117	0.896
9.499	0	0	1.502	0	11.349	0	0	2.39	0	10.368	0	0	2.39	0	0.244	0	0	1	0	0.244	0	0	1	0	0.194	0	0	0	0	0	0.667	0.333	0.2	0.8	0	0.333	0.333	0	0.4	0.197	0.309
0	0	0	0	0	0	0.849	0	0	0.849	0	0.849	0	0	0.849	0	0	0	0	0	0	0	0	0	0	0	0	0	0	0	0.2	0	0.2	0	0.125	0.8	0	0	0.667	0.375	0	0.867
1.7	0	0	0	0	1.7	0	0	0	0	0.839	0	0	0	0	1	0	0	0	0	1	0	0	0	0	0	0	0	0	0	0	1	0.4	0	0	0	1	0.2	0	0	0.559	0.268
0	0	0	0	0	0	0	0	0	0	0	0	0	0	0	0	0	0	0	0	0	0	0	0	0	0	0	0	0	0	1	0.8	1	0.875	0	1	1	1	1	0.333	0	0.998
0	0	6.164	1.7	0	0	0	7.222	1.7	0.934	0	0	3.682	0.839	0.934	0	0	0.821	1	0	0	0	0.821	1	0	0	0	0.667	0	0	0	0.4	0	0	0	0	0.2	0	0	0	0	0.707
2.771	5.437	0	15.585	21.719	8.357	10.34	0	16.512	31.771	3.686	3.887	0	11.935	16.966	0.889	0.873	0	0.586	0.411	0.833	0.818	0	0.566	0.379	0.667	0.667	0	0.618	0.333	0	0	1	0	0	0	0	0.333	0	0	0.56	0.661
0	0	0	0	0	0	0	0	0	1.867	0	0	0	0	1.867	0	0	0	0	0	0	0	0	0	0	0	0	0	0	0	0	0.25	0	0.667	0	0	0	0	0.667	0	0.298	0.910
5.284	0	0	0	0	8.087	0	0	0.969	0	2.803	0	0	0.969	0	0.333	0	0	0	0	0.333	0	0	0	0	0	0	0	0	0	0	0	0	0	0	0	0	0	0	0	0.717	0.313
1.826	1.839	23.123	1.956	0	3.654	2.956	25.118	4.032	0	3.654	2.956	12.96	3.082	0	0.667	0.667	0.344	0.667	0	0.667	0.667	0.36	0.667	0	0.167	0.667	0.152	0.667	0	0	0	0.2	0	0	0	0	0	0	0	0.556	0.412
2.493	1.402	0	1.343	0	4.361	3.513	0	4.686	0	3.275	2.246	0	4.686	0	1	1	0	1	0	1	1	0	1	0	1	1	0	0.833	0	0	0	0	0	0	0	0	0	0	0	0.897	0.317
0	14.544	10.456	3.454	9.43	0	23.301	17.24	4.448	14.338	0	9.778	5.026	2.658	3.996	0	0.61	0.706	0.571	0.819	0	0.584	0.667	0.5	0.771	0	0.389	0.7	0	0.667	0.875	0	0	0.6	0	0.875	0	0	1	0	0	0.874
4.464	0	0	0	0	4.212	0	0	0	0	4.533	0	0	0	0	0.3	0	0	0	0	0.5	0	0	0	0	0.167	0	0	0	0	0	0	0.2	0	0.6	0	0	0.4	0	0.4	0.056	0.292
6.225	0	1.749	0	2.653	11.489	0	1.749	0	4.435	7.028	0	1.749	0	3.59	0.485	0	1	0	0.9	0.485	0	1	0	0.9	0.333	0	1	0	0.833	0	0.75	0	0	0	0	0	0	0	0	0.42	0.339
0	1.689	0	1.779	0	0	2.581	0	3.024	0.883	0	0.892	0	3.024	0.883	0	1	0	0.333	0	0	1	0	0.333	0	0	0	0	0.333	0	0	0	0.8	0	0.25	0.333	0	0.8	0	1	0.417	0.806
0	0	1.689	19.055	1.929	0	0	4.538	23.3	2.817	0	0	4.538	14.364	4.692	0	0	0.6	0.263	0.7	0	0	0.5	0.281	1	0	0	0.6	0.282	0.6	0	0	0	0	0	0	0	0	0	0	0.718	0.778
0	0	1.958	0	1.956	0	0	3.756	0	4.032	0	0	1.798	0	3.082	0	0	0.667	0	0.667	0	0	0.667	0	0.667	0	0	0	0	0.667	0	0	0	0	0	0	0	0	0	0	0.897	0.501
18.472	0.856	0	12.362	19.303	20.434	0	0	17.362	12.74	9.422	0.856	0	8.532	15.846	0.581	0	0	0.772	0.621	0.5	0	0	0.735	0.564	0.528	0	0	0.393	0.552	0	0.6	0.2	0	0.556	0	0.8	0	0	0.333	0.197	0.351
3.68	0	10.17	0	23.272	5.861	0	12.208	0	26.592	5.861	0	7.707	0	13.633	0.733	0	0.894	0	0.526	0.733	0	0.818	0	0.455	0.733	0	0.667	0	0.545	0	0	0	0	0	0	0	0	0	0	0.42	0.553
0	0	0	1.884	1.699	0	1.164	1.959	5.839	2.688	0	1.164	1.959	5.839	1.842	0	0	1	0.333	0.333	0	0	1	0.333	0.333	0	0	1	0.267	1	1	0	0	0	0	1	0	0	0	0	0	0.881
0	0	0	0	0	0	0	0	0	0	0	0	0	0	0	0	0	0	0	0	0	0	0	0	0	0	0	0	0	0	0.5	0.25	0	1	0.5	0	0	0	1	0	0	0.923
0	0	0	12.454	0	0	0	0	14.468	0	0	0	0	7.277	0	0	0	0	0.371	0	0	0	0	0.343	0	0	0	0	0.286	0	0	0	0	0.333	0	0	0	0	0	0	0.896	0.956
0	0	1.032	0	0	0	0	0	0	0	0	0	1.032	0	0	0	0	0	0	0	0	0	0	0	0	0	0	0	0	0	0.625	0	0	0.333	0.625	0.5	0.2	0	0.333	0.5	0	0.854
0	0	0	0.885	1.041	0.94	0.858	0.927	0.885	1.899	0.94	0.858	0.927	0.885	1.899	0	0	0	0	0	0	0	0	0	0	0	0	0	0	0	0	0	0	0	0	0	0	0	0	0	0.419	0.244
0	2.83	0	0	0	0	3.796	0	0	3.679	0	2.006	0	0	3.679	0	0.333	0	0	0.333	0	0.333	0	0	0.333	0	0	0	0	0.167	0.25	0	0.2	0	0	0	0	0	0	0	0	0.906
0.926	0	0	0	0.841	2.732	0	0	0	0.841	1.805	0	0	0	0.841	1	0	0	0	0	1	0	0	0	0	1	0	0	0	0	0	0	0	0	0	0	0	0.5	0	1	0	0.399
12.454	10.006	0	4.737	0	14.468	10.921	0	5.846	0	7.277	6.928	0	4.063	0	0.371	0.4	0	0.733	0	0.343	0.364	0	0.667	0	0.286	0.286	0	0.5	0	0.333	0	0	0	0	0	0	0	0	0	0	0.532
0	14.932	0	14.159	7.424	0	22.73	0	9.454	13.728	0	14.048	0.979	14.591	8.393	0	0.494	0	0.601	0.802	0	0.407	0	0.622	0.626	0	0.462	0	0.516	0.5	0.6	0.286	0.2	0.75	0.4	0.6	0.286	0	0.125	0	0.298	0.954
0	5.497	19.055	0.837	0	1.703	10.483	23.3	3.504	0	1.703	8.678	14.364	3.504	0	1	0.509	0.263	0.5	0	1	0.491	0.281	0.333	0	1	0.361	0.282	0.5	0	0	0	0	0	0	0	0	0	0	0	0.9	0.443
0	0	6.225	0	1.749	0	0	11.489	0.934	1.749	0	0	7.028	0.934	1.749	0	0	0.485	0	1	0	0	0.485	0	1	0	0	0.333	0	1	0.75	0	0	0	0	0	0	0	0	0	0	0.961
0	0	0	0	0	0	0	0	0	0	0	0	0	0	0	0	0	0	0	0	0	0	0	0	0	0	0	0	0	0	0	0.5	0	0.714	0	0	0.25	0	0.143	0	0.294	0.664
0	0.991	2.805	0	0	2.015	1.836	6.26	0	0	2.015	2.679	6.26	0	0	0	0.333	0.267	0	0	0	0	0.2	0	0	0	0.333	0.2	0	0	0	0	0	0	0	0	0	0	0	0	0.898	0.520
0	1.041	0	0	0	0	1.899	0	0.927	0	0	1.899	0	0.927	0	0	0	0	0	0	0	0	0	0	0	0	0	0	0	0	0	0	0	0	0.75	0	0	0.333	0	1	0.557	0.286
0	0	0	5.284	0	0	0	0	8.087	0	0	0	0	2.803	0	0	0	0	0.333	0	0	0	0	0.333	0	0	0	0	0	0	0	0	0	0	0	0	0	0	0	0	0.893	0.969
6.164	0	0	0	0	7.222	0	0.934	0	0	3.682	0	0.934	0	0	0.821	0	0	0	0	0.821	0	0	0	0	0.667	0	0	0	0	0	0	0	0.4	0	0	0	0	0.2	0	0.557	0.224
0	3.644	4.737	0	10.006	0	2.729	5.846	0	10.921	0	5.464	4.063	0	6.928	0	0.667	0.733	0	0.4	0	0.667	0.667	0	0.364	0	0.4	0.5	0	0.286	0	0	0	0.333	0	0	0	0	0.333	0	0	0.963
0	1.7	0	0	6.164	0	1.7	0	0	7.222	0	0.839	0	0	3.682	0	1	0	0	0.821	0	1	0	0	0.821	0	0	0	0	0.667	0.4	0	0	1	0	0.2	0	0	1	0	0	0.912
2.837	13.274	0	0.98	0	7.34	19.674	0	4.666	0	5.586	8.797	0	4.666	0	0.619	0.287	0	0.3	0	0.619	0.287	0	0.3	0	0.6	0.333	0	0.3	0	0	0	0	0	0	0	0	0	0	0	0.296	0.135
0.93	0	0	0	0	0.93	0	0	0	0	0.93	0	0	0	0	0	0	0	0	0	0	0	0	0	0	0	0	0	0	0	0	0.5	0.4	0	0	0	0	0	0	0	0.72	0.264
2.653	1.749	13.127	6.225	0	4.435	1.749	16.433	11.489	0	3.59	1.749	8.22	7.028	0	0.9	1	0.382	0.485	0	0.9	1	0.375	0.485	0	0.833	1	0.25	0.333	0	0	0	0	0	0.25	0	0	0	0	0	0.716	0.455
0	1.154	0	0	18.526	0	0	0	0.891	10.477	0	1.154	0	0.891	14.036	0	0	0	0	0.608	0	0	0	0	0.527	0	0	0	0	0.5	0	0	0.4	0.4	0	0	0	0	0.2	0	0	0.563
2.825	0	0	0	0	3.785	0	0	0	0	2.912	0	0	0	0	0.667	0	0	0	0	0.667	0	0	0	0	0.333	0	0	0	0	0	0	0	0	0	0	0	0	0	0	0.055	0.187
6.021	7.914	8.026	7.424	21.683	3.945	7.679	12.897	13.728	24.429	9.213	10.22	7.541	8.393	13.567	0.833	0.679	0.505	0.802	0.308	0.833	0.821	0.363	0.626	0.3	0.556	0.444	0.214	0.5	0.141	0.222	0	0	0.4	0.111	0.222	0	0	0	0	0.298	0.580
1.749	6.225	2.653	0	13.127	1.749	11.489	4.435	0	16.433	1.749	7.028	3.59	0	8.22	1	0.485	0.9	0	0.382	1	0.485	0.9	0	0.375	1	0.333	0.833	0	0.25	0	0	0	0.75	0	0	0	0	0	0	0.419	0.787
7.513	7.581	10.599	9.43	12.362	11.592	10.536	11.557	14.338	17.362	4.079	4.444	6.198	3.996	8.532	0.909	0.894	0.703	0.819	0.772	0.864	0.818	0.682	0.771	0.735	0.833	0.833	0.267	0.667	0.393	0	0.25	0	0	0	0	0	0	0	0	0.556	0.403
0	0	0	2.484	0	0	0	0	2.484	0	0	0	0	1.502	0	0	0	0	1	0	0	0	0	1	0	0	0	0	0	0	0.25	0.667	0	0	0	0	0.667	0	0	0	0	0.878
5.437	15.585	2.771	11.821	0	10.34	16.512	8.357	16.943	0	3.887	11.935	3.686	8.542	0	0.873	0.586	0.889	0.699	0	0.818	0.566	0.833	0.669	0	0.667	0.618	0.667	0.536	0	0	0	0	0	1	0	0	0	0	0.333	0.119	0.672
0.95	1.722	12.426	0.865	1.779	2.195	3.706	16.101	1.778	3.024	2.195	3.706	9.573	0.913	3.024	1	0.667	0.368	1	0.333	1	0.667	0.36	1	0.333	1	0.667	0.2	0	0.333	0	0	0	0	0	0	0.2	0	0	0	0.298	0.696
19.303	0	0	18.472	0	12.74	0	0	20.434	0	15.846	0	0	9.422	0	0.621	0	0	0.581	0	0.564	0	0	0.5	0	0.552	0	0	0.528	0	0.556	0.2	0.2	0	0.333	0.333	0	0.4	0	0.333	0	0.496
0	0	16.11	0	0.98	1.868	3.679	20.441	0	4.666	1.868	3.679	7.783	0	4.666	0	0.333	0.347	0	0.3	0	0.333	0.342	0	0.3	0	0.167	0.533	0	0.3	0	0	0	0.2	0	0	0	0	0	0	0.414	0.208
0	0	2.83	0	0	0	0	3.796	0	0	0	0	2.006	0	0	0	0	0.333	0	0	0	0	0.333	0	0	0	0	0	0	0	0	0	0	0.75	0.25	0	0	0	1	0	0	0.484
0	1.104	0	0	0	0	1.104	0	0	0	0	1.104	0	0	0	0	0	0	0	0	0	0	0	0	0	0	0	0	0	0	0.8	0.667	0	0	0	0	0.333	0	0	0	0	0.968
0	0.922	0	0	0	0	0.922	0	0	0	0	0.922	0	0	0	0	0	0	0	0	0	0	0	0	0	0	0	0	0	0	0.333	0	0	0	0.625	0.333	0	0.2	0	0.5	0.059	0.746
0	0	0	0	0	0	0	0	0	0	0	0	0	0	0	0	0	0	0	0	0	0	0	0	0	0	0	0	0	0	0.8	0.875	1	1	1	1	1	1	1	1	0	0.987
0	0	1.823	6.557	0.887	1.02	0.848	5.35	11.136	3.623	1.02	0.848	7.439	9.406	3.623	0	0	0.464	0.5	1	0	0	0.4	0.455	1	0	0	0.429	0.378	0.833	0.2	0	0	0	0	0	0	0	0	0	0	0.711
0	0	0	0	8.776	0	0	0	0	13.553	0	0	0	0	6.053	0	0	0	0	0.218	0	0	0	0	0.205	0	0	0	0	0.4	1	0	0.667	0.875	0	0.8	0	0.333	0.375	0	0.298	0.968
1.884	1.935	0	0	0	5.839	1.976	1.164	0	0	5.839	3.901	1.164	0	0	0.333	0.333	0	0	0	0.333	0	0	0	0	0.267	0.333	0	0	0	0	0.2	0	0.8	1	0	0	0	1	1	0.418	0.332
0	0	0	0	0	0	0	0	0	0	0	0	0	0	0	0	0	0	0	0	0	0	0	0	0	0	0	0	0	0	1	0.25	1	0.6	0.875	1	0	1	0.4	1	0	0.998
11.792	0	3.024	0	0	15.402	0	5.063	0	0	7.447	0	4.005	0	0	0.429	0	0.8	0	0	0.429	0	0.8	0	0	0.467	0	0.333	0	0	0	0	0	0	0.2	0	0	0	0	0	0.294	0.202
1.722	0.865	0.95	1.929	12.426	3.706	1.778	2.195	2.817	16.101	3.706	0.913	2.195	4.692	9.573	0.667	1	1	0.7	0.368	0.667	1	1	1	0.36	0.667	0	1	0.6	0.2	0	0	0	0	0	0.2	0	0	0	0	0	0.591
0	0	1.104	0	0	0	0	1.104	0	0	0	0	1.104	0	0	0	0	0	0	0	0	0	0	0	0	0	0	0	0	0	0	1	0.667	0.4	0.8	0	1	0.333	0.6	0	0	0.701
1.788	2.976	0	0	1.935	1.788	5.11	0	0	1.976	1.788	4.247	0	1.031	3.901	1	0.4	0	0	0.333	1	0.3	0	0	0	1	0.5	0	0	0.333	0	0	0.8	0	0.2	0	0	1	0	0	0.299	0.626
13.127	2.653	0	1.749	6.557	16.433	4.435	0	1.749	11.136	8.22	3.59	0	1.749	9.406	0.382	0.9	0	1	0.5	0.375	0.9	0	1	0.455	0.25	0.833	0	1	0.378	0	0	0.25	0	0	0	0	0	0	0	0.195	0.270
0	23.123	0	1.826	0	0	25.118	0	3.654	0	0	12.96	1.855	3.654	0	0	0.344	1	0.667	0	0	0.36	0	0.667	0	0	0.152	1	0.167	0	0	0.2	0.25	0	0	0	0	0	0	0	0	0.902
0	0	0.926	2.493	0	0	0	2.732	4.361	0	0	0	1.805	3.275	0	0	0	1	1	0	0	0	1	1	0	0	0	1	1	0	0	0	0	0	0	0	0	0	0	0.5	0.298	0.444
10.599	7.513	12.362	7.581	0.856	11.557	11.592	17.362	10.536	0	6.198	4.079	8.532	4.444	0.856	0.703	0.909	0.772	0.894	0	0.682	0.864	0.735	0.818	0	0.267	0.833	0.393	0.833	0	0	0	0	0.25	0.6	0	0	0	0	0.8	0.056	0.527
0.875	8.776	1.022	0	0.86	0.875	13.553	4.342	0	1.707	0.875	6.053	4.342	0	1.707	0	0.218	1	0	1	0	0.205	1	0	1	0	0.4	0.833	0	1	0	0	0	0.667	0.2	0	0	0	0.333	0	0.897	0.392
0.98	16.11	13.274	0	2.837	4.666	20.441	19.674	1.868	7.34	4.666	7.783	8.797	1.868	5.586	0.3	0.347	0.287	0	0.619	0.3	0.342	0.287	0	0.619	0.3	0.533	0.333	0	0.6	0	0	0	0	0	0	0	0	0	0	0.556	0.178
0	0	0	0	3.68	0	0	0	0	5.861	0	0	0	0	5.861	0	0	0	0	0.733	0	0	0	0	0.733	0	0	0	0	0.733	0	0	0	0	0	0	0	0	0	0	0.415	0.452
0	18.472	19.303	0.856	0	0	20.434	12.74	0	0	0	9.422	15.846	0.856	0	0	0.581	0.621	0	0	0	0.5	0.564	0	0	0	0.528	0.552	0	0	0.2	0	0.556	0.6	0.2	0	0	0.333	0.8	0.4	0	0.794
0.856	12.362	18.472	10.599	0	0	17.362	20.434	11.557	0	0.856	8.532	9.422	6.198	0	0	0.772	0.581	0.703	0	0	0.735	0.5	0.682	0	0	0.393	0.528	0.267	0	0.6	0	0	0	0.2	0.8	0	0	0	0	0	0.833
0	0	0	0	1.225	0	0	0	0	1.225	0	0	0	0	1.225	0	0	0	0	0	0	0	0	0	0	0	0	0	0	0	0.4	0	0.2	0.6	0.111	0	0	0	0.2	0.111	0	0.913
0	0.966	0	0	0	0	0	0	0	0	0	0.966	0	0	0	0	0	0	0	0	0	0	0	0	0	0	0	0	0	0	0	0	0.714	0.4	0.5	0	0	0.143	0	0.25	0.556	0.262
1.502	0.841	0	0	9.499	2.39	0.841	0	0	11.349	2.39	0.841	0	0	10.368	1	0	0	0	0.244	1	0	0	0	0.244	0	0	0	0	0.194	0.2	0	0.667	0	0	0	1	0.333	0.5	0	0	0.663
0	0	0	0	2.976	0	0	0	0.849	5.11	0	0	1.031	0.849	4.247	0	0	0	0	0.4	0	0	0	0	0.3	0	0	0	0	0.5	0.6	0.25	0	0.125	0	0.4	0	0	0.375	0	0	0.891
0	0	0	0	0	0	0	0	0	0	0	0	0	0	0	0	0	0	0	0	0	0	0	0	0	0	0	0	0	0	0	0	0.333	0	0	0	0	0.333	0	0	0.294	0.814
0	0	5.284	0.843	0	0	0.969	8.087	1.769	0	0	0.969	2.803	1.769	0	0	0	0.333	1	0	0	0	0.333	1	0	0	0	0	0	0	0	0	0	0	0	0	0	0	0	0	0.72	0.526
7.255	1.159	14.159	6.439	14.932	5.554	2.021	9.454	9.635	22.73	9.416	2.021	14.591	7.911	14.048	0.655	0	0.601	0.639	0.494	0.6	0	0.622	0.472	0.407	0.556	0	0.516	0.619	0.462	0.4	0.667	0.75	0	0.286	0	0.111	0.125	0	0.286	0.113	0.611
0	0	1.7	1.903	0	0	0	1.7	1.903	0	0	0	0.839	1.056	0	0	0	1	1	0	0	0	1	1	0	0	0	0	0	0	1	0	0	0	0.4	1	0	0	0	0.2	0.294	0.970
0	19.055	0	0	1.689	0	23.3	0	1.703	4.538	0	14.364	0	1.703	4.538	0	0.263	0	1	0.6	0	0.281	0	1	0.5	0	0.282	0	1	0.6	0	0	0	0	0	0	0	0	0	0	0.899	0.868
0	0	0	0	0	0	0	0	0	0	0	0	0	0	0	0	0	0	0	0	0	0	0	0	0	0	0	0	0	0	0	1	1	1	0	0.333	1	1	1	0.6	0	0.917
0	1.104	0	1.904	0.966	0	1.104	0	1.904	0	0	1.104	0	1.904	0.966	0	0	0	0	0	0	0	0	0	0	0	0	0	0	0	0	0	0.4	0	0	0.333	0	0	0	0	0.018	0.893
0	0	0	0	1.904	0	0	0	0	1.904	0	0	0	0	1.904	0	0	0	0	0	0	0	0	0	0	0	0	0	0	0	0.333	0.333	0.8	0.2	0	0	0.333	0	0.2	0	0.298	0.554
0	0	0	0	0	0	0	0	0	0	0	0	0	0	0	0	0	0	0	0	0	0	0	0	0	0	0	0	0	0	0	0	0	0	0	0	0	0	0	0	0.197	0.944
1.041	0	0	0	0	1.899	0.927	0	0.94	0	1.899	0.927	0	0.94	0	0	0	0	0	0	0	0	0	0	0	0	0	0	0	0	0	0	0	0	0	0	0	0	0	0.333	0.557	0.294
20.857	21.719	35.143	0	29.027	20.702	31.771	35.138	0	35.84	17.607	16.966	19.958	0	20.869	0.392	0.411	0.262	0	0.385	0.429	0.379	0.241	0	0.343	0.308	0.333	0.287	0	0.368	0	0	0	1	0	0	0	0	0.333	0.2	0.299	0.528
0	0	4.464	2.825	0	0	0	4.212	3.785	0	0	0	4.533	2.912	0	0	0	0.3	0.667	0	0	0	0.5	0.667	0	0	0	0.167	0.333	0	0	0	0	0	0.2	0	0	0	0	0.4	0.299	0.489
0	0	0	0	0.922	0	0	0	0	0.922	0	0	0	0	0.922	0	0	0	0	0	0	0	0	0	0	0	0	0	0	0	0	0	0	0	0	0	0	0	0	0	0.714	0.711
0	0	14.847	0	6.439	0	0	12.079	0	9.635	0	0	14.009	0	7.911	0	0	0.647	0	0.639	0	0	0.673	0	0.472	0	0	0.53	0	0.619	0.5	0	0	0.5	0	0	0	0	0	0	0.296	0.755
15.585	11.821	5.437	23.272	2.771	16.512	16.943	10.34	26.592	8.357	11.935	8.542	3.887	13.633	3.686	0.586	0.699	0.873	0.526	0.889	0.566	0.669	0.818	0.455	0.833	0.618	0.536	0.667	0.545	0.667	0	0	0	0	0	0	0	0	0	0	0.296	0.397
0	0.885	0	0	0	0.858	0.885	0.94	1.867	0.927	0.858	0.885	0.94	1.867	0.927	0	0	0	0	0	0	0	0	0	0	0	0	0	0	0	0	0	0	0	0	0	0	0	0	0	0.717	0.308
2.83	0	0	0	0	3.796	0	0	0	0	2.006	0	0	0	0	0.333	0	0	0	0	0.333	0	0	0	0	0	0	0	0	0	0	0	0.25	0	0.2	0	0	0	0	0	0.415	0.355
0	1.032	0	0	0	0	0	0	0	0	0	1.032	0	0	0	0	0	0	0	0	0	0	0	0	0	0	0	0	0	0	0.625	0	0	0.625	0.2	0.5	0	0	0.5	0	0	0.971
0	0	0.93	1.225	0	0	0	0.93	1.225	0	0	0	0.93	1.225	0	0	0	0	0	0	0	0	0	0	0	0	0	0	0	0	0.5	0	0	0.111	0.4	0	0	0	0.111	0	0.9	0.375
0	6.557	0	0	1.823	0.848	11.136	1.02	0	5.35	0.848	9.406	1.02	0	7.439	0	0.5	0	0	0.464	0	0.455	0	0	0.4	0	0.378	0	0	0.429	0	0	0.2	0.25	0	0	0	0	0	0	0.557	0.336
0	0	0	0	0	0	0	0	0	0	0	0	0	0	0	0	0	0	0	0	0	0	0	0	0	0	0	0	0	0	0	0	0	0	0	0	0	0	0	0	0.896	0.953
0	0	0	0	0	0.883	0	0	0.883	0.849	0.883	0	0	0.883	0.849	0	0	0	0	0	0	0	0	0	0	0	0	0	0	0	0.375	1	0	0.25	0	0	1	0.667	1	0	0	0.799
0.991	0	0	21.683	2.805	1.836	0	2.015	24.429	6.26	2.679	0	2.015	13.567	6.26	0.333	0	0	0.308	0.267	0	0	0	0.3	0.2	0.333	0	0	0.141	0.2	0	0	0	0.111	0	0	0	0	0	0	0.558	0.718
0	0	1.903	0.941	0	0	0	1.903	0.941	0	0	0	1.056	0.941	0	0	0	1	0	0	0	0	1	0	0	0	0	0	0	0	1	0	0	0.6	0	1	0	0	0.8	0	0	0.972
0	0	0	18.526	0	0	0	0	10.477	0	0	0	0	14.036	0	0	0	0	0.608	0	0	0	0	0.527	0	0	0	0	0.5	0	0.75	0	0.75	0	0.875	1	0	0	0	0.375	0	0.969
7.914	7.424	6.021	0	8.026	7.679	13.728	3.945	0	12.897	10.22	8.393	9.213	0.979	7.541	0.679	0.802	0.833	0	0.505	0.821	0.626	0.833	0	0.363	0.444	0.5	0.556	0	0.214	0	0.4	0.222	0.2	0	0	0	0.222	0	0	0	0.572
1.104	1.904	0	0	0	1.104	1.904	0	0	0	1.104	1.904	0	0	0	0	0	0	0	0	0	0	0	0	0	0	0	0	0	0	0	0	0	0.8	0.4	0	0	0.333	0	0	0.294	0.595
0	0	0	0	0	0	0	0	0	0	0	0	0	0	0	0	0	0	0	0	0	0	0	0	0	0	0	0	0	0	0	0	0	0.5	0.25	0	0	0	0.25	0.25	0.556	0.299
14.847	0	6.439	0	1.159	12.079	0	9.635	0	2.021	14.009	0	7.911	0	2.021	0.647	0	0.639	0	0	0.673	0	0.472	0	0	0.53	0	0.619	0	0	0	0.5	0	0	0.667	0	0	0	0	0.111	0.294	0.507
1.935	0	1.884	1.788	0	1.976	0	5.839	1.788	1.164	3.901	0	5.839	1.788	1.164	0.333	0	0.333	1	0	0	0	0.333	1	0	0.333	0	0.267	1	0	0.2	0.8	0	0	0	0	1	0	0	0	0	0.539
0	2.484	0	0	0	0	2.484	0	0	0	0	1.502	0	0	0	0	1	0	0	0	0	1	0	0	0	0	0	0	0	0	0.667	0	0.25	0	0	0.667	0	0	0	0	0	0.953
0	0	0	0	0	0	0	0	0	0	0	0	0	0	0	0	0	0	0	0	0	0	0	0	0	0	0	0	0	0	0	0.875	1	0.75	0.667	0	0.375	0.8	0	0.333	0.294	0.975
1.839	1.956	1.826	1.958	23.123	2.956	4.032	3.654	3.756	25.118	2.956	3.082	3.654	1.798	12.96	0.667	0.667	0.667	0.667	0.344	0.667	0.667	0.667	0.667	0.36	0.667	0.667	0.167	0	0.152	0	0	0	0	0.2	0	0	0	0	0	0.717	0.218
0	0	1.699	0	8.361	1.959	0	2.688	1.164	11.514	1.959	0	1.842	1.164	5.216	1	0	0.333	0	0.379	1	0	0.333	0	0.379	1	0	1	0	0.1	0	1	0	0	0	0	1	0	0	0	0	0.718
0.885	0	0.841	0	0	0.885	0	0.841	0	0	0.885	0	0.841	0	0	0	0	0	0	0	0	0	0	0	0	0	0	0	0	0	0	0.333	0.2	0.5	0	0	0.333	0.2	1	0	0.298	0.377
13.274	0.98	2.837	16.11	0	19.674	4.666	7.34	20.441	0	8.797	4.666	5.586	7.783	0	0.287	0.3	0.619	0.347	0	0.287	0.3	0.619	0.342	0	0.333	0.3	0.6	0.533	0	0	0	0	0	0	0	0	0	0	0	0.897	0.127
0	0	0	0	0	0	0	0	0	0	0	0	0	0	0	0	0	0	0	0	0	0	0	0	0	0	0	0	0	0	0	0	0	0	0.333	0	0	0	0	0.333	0.557	0.370
0	2.825	0	0	4.464	0	3.785	0	0	4.212	0	2.912	0	0	4.533	0	0.667	0	0	0.3	0	0.667	0	0	0.5	0	0.333	0	0	0.167	0	0	0	0	0	0	0	0	0	0	0.417	0.263
0	2.729	0	1.911	0.96	0	1.697	0	0.945	0.96	0	1.032	0	1.911	0.96	0	0.333	0	0	0	0	0	0	0	0	0	0	0	0	0	0	0	0	0.333	0	0	0	0.2	0	0	0	0.801
0	0	0	0	0	0	0	0	0	0	0	0	0	0	0	0	0	0	0	0	0	0	0	0	0	0	0	0	0	0	1	0	0	1	0	1	0.333	0.6	1	0.2	0	0.993
5.497	0.837	0	0.887	19.055	10.483	3.504	1.703	3.623	23.3	8.678	3.504	1.703	3.623	14.364	0.509	0.5	1	1	0.263	0.491	0.333	1	1	0.281	0.361	0.5	1	0.833	0.282	0	0	0	0	0	0	0	0	0	0	0.296	0.322
0	6.164	0	0	0	0.934	7.222	0	0	0	0.934	3.682	0	0	0	0	0.821	0	0	0	0	0.821	0	0	0	0	0.667	0	0	0	0	0	0	0	0.75	0	0	0	0	0	0.557	0.291
14.544	3.454	0	7.524	10.456	23.301	4.448	0	13.505	17.24	9.778	2.658	0	5.317	5.026	0.61	0.571	0	0.819	0.706	0.584	0.5	0	0.802	0.667	0.389	0	0	0.5	0.7	0	0.6	0.875	0	0	0	1	0.875	0	0	0.414	0.147
4.737	0	10.006	3.644	12.454	5.846	0	10.921	2.729	14.468	4.063	0	6.928	5.464	7.277	0.733	0	0.4	0.667	0.371	0.667	0	0.364	0.667	0.343	0.5	0	0.286	0.4	0.286	0	0	0	0	0.333	0	0	0	0	0	0.717	0.544
2.062	0	1.921	0	0	1.746	0	0	0	0	3.012	0	2.813	1.855	0	0.333	0	0.333	1	0	1	0	0	0	0	0.333	0	0.333	1	0	0	0	0.333	0.25	1	0	0	0.333	0	0.25	0	0.486
0	0	11.792	2.837	3.024	0	0	15.402	7.34	5.063	0	0	7.447	5.586	4.005	0	0	0.429	0.619	0.8	0	0	0.429	0.619	0.8	0	0	0.467	0.6	0.333	0	0	0	0	0	0	0	0	0	0	0.718	0.444
0	9.499	0	0	0	0	11.349	0	0	0	0	10.368	0	0	0	0	0.244	0	0	0	0	0.244	0	0	0	0	0.194	0	0	0	0.333	0	0.8	0.667	0.667	0.333	0	0.4	0.333	0.667	0	0.907
0	0	0	0	1.958	0	0	0	0	3.756	0	0	0	0	1.798	0	0	0	0	0.667	0	0	0	0	0.667	0	0	0	0	0	0	0	0	0	0	0	0	0	0	0	0.198	0.802
0	0	0.941	0	0	0	0	0.941	0	0	0	0	0.941	0	0	0	0	0	0	0	0	0	0	0	0	0	0	0	0	0	0.2	0.25	0.6	0.2	0	0.2	0	0.8	0	0	0	0.713
0	0	0	0	16.11	3.679	0	1.868	0	20.441	3.679	0	1.868	0	7.783	0.333	0	0	0	0.347	0.333	0	0	0	0.342	0.167	0	0	0	0.533	0	0.2	0	0.25	0	0	0	0	0	0	0.556	0.299
0	0	0	0	0	0	0	0	0	0	0	0	0	0	0	0	0	0	0	0	0	0	0	0	0	0	0	0	0	0	0	0	0	0	0	0	0	0	0	0	0.896	0.857
0	1.159	0	0	0	0	1.159	0	0	0	0	2.05	0	0	0	0	0	0	0	0	0	0	0	0	0	0	0	0	0	0	1	0.5	0.25	1	0.5	1	0.5	0	0.25	0	0	0.964
0.922	0	0	0	0	0.922	0	0	0	0	0.922	0	0	0	0	0	0	0	0	0	0	0	0	0	0	0	0	0	0	0	0	0	0.333	0	0	0	0	0.333	0	0.2	0.419	0.385
0	0.926	0.841	0	1.502	0	2.732	0.841	0	2.39	0	1.805	0.841	0	2.39	0	1	0	0	1	0	1	0	0	1	0	1	0	0	0	0	0	0	0	0.2	0.5	0	1	0	0	0.057	0.690
3.024	11.792	0	0	0	5.063	15.402	0	0	0	4.005	7.447	0	0	0	0.8	0.429	0	0	0	0.8	0.429	0	0	0	0.333	0.467	0	0	0	0	0	0.2	0	0.25	0	0	0	0	0	0.298	0.335
0	0.841	0	0.885	0	0	0.841	0	0.885	0	0	0.841	0	0.885	0	0	0	0	0	0	0	0	0	0	0	0	0	0	0	0	0	0.2	0.2	0	0	0	0.2	0.4	0	0	0	0.811
0	0	3.644	19.303	0	0	0	2.729	12.74	0	0	0	5.464	15.846	0	0	0	0.667	0.621	0	0	0	0.667	0.564	0	0	0	0.4	0.552	0	0.333	0.2	0	0.556	0	0.333	0.4	0	0.333	0	0	0.729
1.929	1.689	0.865	0	1.722	2.817	4.538	1.778	0	3.706	4.692	4.538	0.913	0	3.706	0.7	0.6	1	0	0.667	1	0.5	1	0	0.667	0.6	0.6	0	0	0.667	0	0	0	0	0	0	0	0	0	0.2	0	0.511
0	0	0	0	2.83	0	0	0	0	3.796	0	0	0	0	2.006	0	0	0	0	0.333	0	0	0	0	0.333	0	0	0	0	0	0	0.75	0	0	0	0	1	0	0.333	0	0	0.735
1.779	12.426	1.689	0.95	0	3.024	16.101	2.581	2.195	0	3.024	9.573	0.892	2.195	0	0.333	0.368	1	1	0	0.333	0.36	1	1	0	0.333	0.2	0	1	0	0	0	0	0	0	0	0	0	0	0.333	0.12	0.589
0	-1	0	-1	0	0	-1	0	-1	0	0	-1	0	-1	0	0	-1	0	-1	0	0	-1	0	-1	0	0	-1	0	-1	0	0	-1	0	-1	0	0	-1	0	-1	0	0.899	0.999
0	5.284	0	0	0	0	8.087	0	0	0	0	2.803	0	0	0	0	0.333	0	0	0	0	0.333	0	0	0	0	0	0	0	0	0	0	0	0	0	0	0	0	0	0	0.898	0.977
0	0	0	0	2.825	0	0	0	0	3.785	0	0	0	0	2.912	0	0	0	0	0.667	0	0	0	0	0.667	0	0	0	0	0.333	0	0	0	0	0	0	0	0	0	0	0.417	0.680
0	0	0	0	-1	0	0	0	0	-1	0	0	0	0	-1	0	0	0	0	-1	0	0	0	0	-1	0	0	0	0	-1	0	0	0	0.25	-1	0	0	0	0	-1	0.195	0.922
0.841	0	1.502	0.926	0	0.841	0	2.39	2.732	0	0.841	0	2.39	1.805	0	0	0	1	1	0	0	0	1	1	0	0	0	0	1	0	0	0	0.2	0	0.667	1	0.5	0	0	0.333	0.196	0.832
2.976	0	1.788	0	0	5.11	0	1.788	0	0	4.247	1.031	1.788	0	0	0.4	0	1	0	0	0.3	0	1	0	0	0.5	0	1	0	0	0	0	0	0.6	0.8	0	0	0	0.4	1	0.419	0.413
0	0	0	0	0	0	0	0	0	0	0	0	0	0	0	0	0	0	0	0	0	0	0	0	0	0	0	0	0	0	0.875	1	0.8	1	1	1	1	1	1	1	0	0.992
0	13.127	6.557	2.653	0	0	16.433	11.136	4.435	0.848	0	8.22	9.406	3.59	0.848	0	0.382	0.5	0.9	0	0	0.375	0.455	0.9	0	0	0.25	0.378	0.833	0	0.25	0	0	0	0	0	0	0	0	0	0	0.730
10.006	4.737	12.454	0	0	10.921	5.846	14.468	0	0	6.928	4.063	7.277	0	0	0.4	0.733	0.371	0	0	0.364	0.667	0.343	0	0	0.286	0.5	0.286	0	0	0	0	0.333	0	0	0	0	0	0	0	0.12	0.321
0	0	18.526	1.154	0	0	0	10.477	0	0	0	0	14.036	1.154	0	0	0	0.608	0	0	0	0	0.527	0	0	0	0	0.5	0	0	0.4	0	0	0	0	0	0	0	0	0	0	0.722
0	1.884	0	1.935	0	1.164	5.839	0	1.976	1.959	1.164	5.839	0	3.901	1.959	0	0.333	0	0.333	1	0	0.333	0	0	1	0	0.267	0	0.333	1	0	0	1	0.2	0	0	0	1	0	0	0.117	0.555
0	0	8.776	0	0.875	0	0	13.553	0	0.875	0	0	6.053	0	0.875	0	0	0.218	0	0	0	0	0.205	0	0	0	0	0.4	0	0	0.667	1	0	0	0	0.333	0.8	0	0	0	0	0.835
1.958	0	1.956	0	1.839	3.756	0	4.032	0	2.956	1.798	0	3.082	0	2.956	0.667	0	0.667	0	0.667	0.667	0	0.667	0	0.667	0	0	0.667	0	0.667	0	0	0	0	0	0	0	0	0	0	0.899	0.186
0	0	7.424	14.932	7.914	0	0	13.728	22.73	7.679	0.979	0	8.393	14.048	10.22	0	0	0.802	0.494	0.679	0	0	0.626	0.407	0.821	0	0	0.5	0.462	0.444	0.2	0.6	0.4	0.286	0	0	0.6	0	0.286	0	0	0.667
0	0	0	0.922	1.032	0	0	0	0.922	0	0	0	0	0.922	1.032	0	0	0	0	0	0	0	0	0	0	0	0	0	0	0	0	0.333	0.625	0	0	0.2	0.333	0.5	0	0	0.2	0.412
1.104	0	0	0	0	1.104	0	0	0	0	1.104	0	0	0	0	0	0	0	0	0	0	0	0	0	0	0	0	0	0	0	0.667	0	0.8	1	0	0.333	0	0	1	0	0	0.749
0	0	0	0	0	0	0	0	0	0	0	0	0	0	0	0	0	0	0	0	0	0	0	0	0	0	0	0	0	0	0.4	0.667	1	0.8	0	0.6	0.667	1	0.4	0	0	0.955
0	0	0	1.032	0	0	0	0	0	0	0	0	0	1.032	0	0	0	0	0	0	0	0	0	0	0	0	0	0	0	0	0	0.625	0.2	0	0.6	0	0.5	0	0	0.2	0	0.957
0	0	0	0	0	0	0	0	0	0	0	0	0	0	0	0	0	0	0	0	0	0	0	0	0	0	0	0	0	0	1	1	0.875	0.25	0.8	1	1	1	0	1	0	0.992
7.524	8.511	3.454	29.027	14.544	13.505	11.477	4.448	35.84	23.301	5.317	7.762	2.658	20.869	9.778	0.819	0.835	0.571	0.385	0.61	0.802	0.788	0.5	0.343	0.584	0.5	0.381	0	0.368	0.389	0	0	0.6	0	0	0	0	1	0.2	0	0.415	0.354
0	0	0	0.966	0	0	0	0	0	0	0	0	0	0.966	0	0	0	0	0	0	0	0	0	0	0	0	0	0	0	0	0.714	0	0.5	0	0	0.143	0	0.25	0	0	0.057	0.947
0	0	0	0	0	0	0	0	0	0	0	0	0	0	0	0	0	0	0	0	0	0	0	0	0	0	0	0	0	0	0	0	0	0	0	0	0	0	0	0	0.717	0.896
2.805	0	0	0.991	0	6.26	2.015	0	1.836	0.891	6.26	2.015	0	2.679	0.891	0.267	0	0	0.333	0	0.2	0	0	0	0	0.2	0	0	0.333	0	0	0	0	0	0.4	0	0	0	0	0.2	0.198	0.433
29.027	35.143	8.511	20.857	7.524	35.84	35.138	11.477	20.702	13.505	20.869	19.958	7.762	17.607	5.317	0.385	0.262	0.835	0.392	0.819	0.343	0.241	0.788	0.429	0.802	0.368	0.287	0.381	0.308	0.5	0	0	0	0	0	0.2	0	0	0	0	0.42	0.382
0	0	3.68	0	10.17	0	0	5.861	0	12.208	0	0	5.861	0	7.707	0	0	0.733	0	0.894	0	0	0.733	0	0.818	0	0	0.733	0	0.667	0	0	0	0	0	0	0	0	0	0	0.296	0.499
0	0	0.966	1.104	0	0	0	0	1.104	0	0	0	0.966	1.104	0	0	0	0	0	0	0	0	0	0	0	0	0	0	0	0	0.4	0	0	0	0	0	0.333	0	0	0	0	0.682
0	0	0	0	0	0	0	0	0	0	0	0	0	0	0	0	0	0	0	0	0	0	0	0	0	0	0	0	0	0	0.25	0.6	1	0.2	1	0	0.4	1	0.4	1	0	0.452
0	5.212	0.843	0	0	0	6.12	1.769	0	0.969	0	3.457	1.769	0	0.969	0	0.6	1	0	0	0	0.6	1	0	0	0	0.333	0	0	0	0	0	0	0.25	0	0	0	0	0.25	0	0.715	0.307
0	0	2.484	0	0	0	0	2.484	0	0	0	0	1.502	0	0	0	0	1	0	0	0	0	1	0	0	0	0	0	0	0	0	0.2	0	0	0.667	0	0.4	0	0	0.667	0.42	0.336
0	0.843	0	0	5.284	0.969	1.769	0	0	8.087	0.969	1.769	0	0	2.803	0	1	0	0	0.333	0	1	0	0	0.333	0	0	0	0	0	0	0	0	0	0	0	0	0	0	0	0.015	0.688
23.123	1.826	0	1.839	0	25.118	3.654	0	2.956	0	12.96	3.654	0	2.956	1.855	0.344	0.667	0	0.667	1	0.36	0.667	0	0.667	0	0.152	0.167	0	0.667	1	0.2	0	0	0	0.25	0	0	0	0	0	0	0.439
18.526	0	0	0	0	10.477	0	0	0	0	14.036	0	0	0	0	0.608	0	0	0	0	0.527	0	0	0	0	0.5	0	0	0	0	0	0.4	0	0	0.75	0	0	0	0	1	0	0.377
0.837	0.887	5.497	1.823	0	3.504	3.623	10.483	5.35	1.703	3.504	3.623	8.678	7.439	1.703	0.5	1	0.509	0.464	1	0.333	1	0.491	0.4	1	0.5	0.833	0.361	0.429	1	0	0	0	0	0	0	0	0	0	0	0.896	0.252
0	2.493	0	1.402	0.926	0	4.361	0	3.513	2.732	0	3.275	0	2.246	1.805	0	1	0	1	1	0	1	0	1	1	0	1	0	1	1	0	0	0	0	0	0	0	0	0	0	0.897	0.759
0	0	0	0	0	0	0	0	0	0	0	0	0	0	0	0	0	0	0	0	0	0	0	0	0	0	0	0	0	0	0	0.333	0	0	0.2	0	0.333	0	0	0.2	0.292	0.396
1.225	0	0	0	0	1.225	0	0	0	0	1.225	0	0	0	0	0	0	0	0	0	0	0	0	0	0	0	0	0	0	0	0.111	0.2	0	0.4	0.5	0.111	0	0	0	0	0.299	0.546
0	0	0	0	0	0	0.849	0	0	0	0	0.849	0	0	1.031	0	0	0	0	0	0	0	0	0	0	0	0	0	0	0	0.25	0.125	0.6	0.2	0	0	0.375	0.4	0	0	0	0.731
0	0	0	0	0	0.849	0	0	0.883	0	0.849	0	0	0.883	0	0	0	0	0	0	0	0	0	0	0	0	0	0	0	0	0	0	0.2	0.375	0.2	0	0.667	0.8	0	0	0	0.646
0	3.024	0	11.792	0	0	5.063	0	15.402	0	0	4.005	0	7.447	0	0	0.8	0	0.429	0	0	0.8	0	0.429	0	0	0.333	0	0.467	0	0.2	0	0.25	0	0.2	0	0	0	0	0.2	0	0.504
0	0	0.885	0	0	1.867	0	0.885	0	0.858	1.867	0	0.885	0	0.858	0	0	0	0	0	0	0	0	0	0	0	0	0	0	0	0	0	0	0	0	0	0	0	0	0	0.557	0.617
0	0	1.911	0	2.729	0	0	0.945	0	1.697	0	0	1.911	0	1.032	0	0	0	0	0.333	0	0	0	0	0	0	0	0	0	0	0	0	0.333	0	0	0	0.2	0	0.6	0	0	0.530
0.885	0	0	0	0	0.885	1.867	0.858	0	0.94	0.885	1.867	0.858	0	0.94	0	0	0	0	0	0	0	0	0	0	0	0	0	0	0	0	0	0	0	0	0	0	0	0	0	0.42	0.300
1.689	1.779	0	12.426	0	2.581	3.024	0	16.101	0	0.892	3.024	0	9.573	0	1	0.333	0	0.368	0	1	0.333	0	0.36	0	0	0.333	0	0.2	0	0	0	0	0	0.8	0	0	0.333	0	0.8	0.418	0.390
21.719	0	20.857	2.771	35.143	31.771	0	20.702	8.357	35.138	16.966	0	17.607	3.686	19.958	0.411	0	0.392	0.889	0.262	0.379	0	0.429	0.833	0.241	0.333	0	0.308	0.667	0.287	0	1	0	0	0	0	0.333	0	0	0	0.419	0.199
1.699	0	8.361	0	0	2.688	1.959	11.514	0	0	1.842	1.959	5.216	0	0	0.333	1	0.379	0	0	0.333	1	0.379	0	0	1	1	0.1	0	0	0	0	0	1	0.25	0	0	0	1	0	0.556	0.259
1.032	0	0	0	0	0	0	0	0	0	1.032	0	0	0	0	0	0	0	0	0	0	0	0	0	0	0	0	0	0	0	0	0.625	0.625	0	0	0	0.5	0.5	0.2	0	0	0.635
0	21.683	0.991	8.026	0	0	24.429	1.836	12.897	2.015	0	13.567	2.679	7.541	2.015	0	0.308	0.333	0.505	0	0	0.3	0	0.363	0	0	0.141	0.333	0.214	0	0	0.111	0	0	0	0	0	0	0	0	0	0.853
0.887	1.823	0.837	0	5.497	3.623	5.35	3.504	1.02	10.483	3.623	7.439	3.504	1.02	8.678	1	0.464	0.5	0	0.509	1	0.4	0.333	0	0.491	0.833	0.429	0.5	0	0.361	0	0	0	0.2	0	0	0	0	0	0	0.556	0.249
0	0.96	0	0	0	0	0.96	0	0	0	0	0.96	0	0	0	0	0	0	0	0	0	0	0	0	0	0	0	0	0	0	0	0	0	0	0	0	0	0	0.2	0	0.297	0.950
0	0	0	9.499	0	0	0	0	11.349	0	0	0	0	10.368	0	0	0	0	0.244	0	0	0	0	0.244	0	0	0	0	0.194	0	0.8	0.333	0.667	0	0.4	0.4	0.333	0.667	0	0.6	0	0.975
0	1.225	0	0	0.93	0	1.225	0	0	0.93	0	1.225	0	0	0.93	0	0	0	0	0	0	0	0	0	0	0	0	0	0	0	0	0.111	0.5	0.2	0	0	0.111	0	0	0	0.118	0.953
0	0	0	0	0	0	0	0	0	0	0	0	0	0	0	0	0	0	0	0	0	0	0	0	0	0	0	0	0	0	0.75	0.75	0.875	0	0	0	1	0.375	0	0	0	0.962
0	0	0	0.93	0	0	0	0	0.93	0	0	0	0	0.93	0	0	0	0	0	0	0	0	0	0	0	0	0	0	0	0	0	0.4	0.5	0	0.333	0	0	1	0	0.333	0.419	0.693
0	0	0	4.464	0	0	0	0	4.212	0	0	0	0	4.533	0	0	0	0	0.3	0	0	0	0	0.5	0	0	0	0	0.167	0	0.6	0.2	0.25	0	1	0.4	0.4	0	0	1	0	0.880
1.022	0.875	0.86	8.776	1.343	4.342	0.875	1.707	13.553	4.686	4.342	0.875	1.707	6.053	4.686	1	0	1	0.218	1	1	0	1	0.205	1	0.833	0	1	0.4	0.833	0	0	0.2	0	0	0	0	0	0	0	0.12	0.630
0	0	0	0	1.911	0	0	0	0	0.945	0	0	0	0	1.911	0	0	0	0	0	0	0	0	0	0	0	0	0	0	0	0	0	0	1	0.333	0.2	0.6	0	1	0	0	0.904
0.865	1.929	1.722	1.689	0.95	1.778	2.817	3.706	4.538	2.195	0.913	4.692	3.706	4.538	2.195	1	0.7	0.667	0.6	1	1	1	0.667	0.5	1	0	0.6	0.667	0.6	1	0	0	0	0	0	0	0	0.2	0	0	0.418	0.316
0	0	0	0	0	0	0.883	0.883	0	0	0	0.883	0.883	0	0	0	0	0	0	0	0	0	0	0	0	0	0	0	0	0	1	0.25	0.375	0.8	0	1	1	0	0.8	0.667	0	0.964
1.911	0	2.729	0	0	0.945	0	1.697	0	0	1.911	0	1.032	0	0	0	0	0.333	0	0	0	0	0	0	0	0	0	0	0	0	0.333	0	0	0	0	0	0	0	0.2	0	0	0.462
0	0	0	0	0	0	0	0	0	0	0	0	0	0	0	0	0	0	0	0	0	0	0	0	0	0	0	0	0	0	0.75	0	0	0	0	1	0.333	0	0	0	0.417	0.973
11.821	23.272	15.585	10.17	5.437	16.943	26.592	16.512	12.208	10.34	8.542	13.633	11.935	7.707	3.887	0.699	0.526	0.586	0.894	0.873	0.669	0.455	0.566	0.818	0.818	0.536	0.545	0.618	0.667	0.667	0	0	0	0	0	0	0	0	0	0	0.415	0.409
0	1.903	0	0	1.7	0	1.903	0	0	1.7	0	1.056	0	0	0.839	0	1	0	0	1	0	1	0	0	1	0	0	0	0	0	0	0	1	1	0	0	0	1	1	0	0.415	0.432
1.956	1.958	1.839	0	1.826	4.032	3.756	2.956	0	3.654	3.082	1.798	2.956	0	3.654	0.667	0.667	0.667	0	0.667	0.667	0.667	0.667	0	0.667	0.667	0	0.667	0	0.167	0	0	0	0	0	0	0	0	0	0	0.898	0.194
0	0	0	0.96	0	0	0	0	0.96	0	0	0	0	0.96	0	0	0	0	0	0	0	0	0	0	0	0	0	0	0	0	0	0	0	0	0	0	0	0	0	0	0.715	0.928
0.941	0	0	0	0	0.941	0	0	0	0	0.941	0	0	0	0	0	0	0	0	0	0	0	0	0	0	0	0	0	0	0	0.6	0.2	0	0.25	1	0.8	0.2	0	0	1	0	0.856
0	0	2.062	0	1.921	0	0	1.746	0	0	0	1.855	3.012	0	2.813	0	1	0.333	0	0.333	0	0	1	0	0	0	1	0.333	0	0.333	0	0.25	0	0	0.333	0	0	0	0	0.333	0	0.717
0	0	0	0	5.212	0	0	0	0	6.12	0	0	0	0	3.457	0	0	0	0	0.6	0	0	0	0	0.6	0	0	0	0	0.333	0	0	0.25	0	0	0	0	0.25	0	0	0.197	0.578
0	0	0	0	0	0	0	0	0	0	0	0	0	0	0	0	0	0	0	0	0	0	0	0	0	0	0	0	0	0	0.2	0	0.333	0	0.333	0.2	0	0.333	0	0	0	0.668
0	0.93	0	0	0	0	0.93	0	0	0	0	0.93	0	0	0	0	0	0	0	0	0	0	0	0	0	0	0	0	0	0	0.4	0	0	0.5	0.5	0	0	0	0	1	0.056	0.580
0	0	0	0	0	0	0	0	0	0	0	0	0	0	0	0	0	0	0	0	0	0	0	0	0	0	0	0	0	0	0.2	0	0.6	0.625	0	0	0	0.2	0.5	0	0	0.919
0	19.303	0	0	3.644	0	12.74	0	0	2.729	0	15.846	0	0	5.464	0	0.621	0	0	0.667	0	0.564	0	0	0.667	0	0.552	0	0	0.4	0.2	0.556	0.333	0.2	0	0.4	0.333	0.333	0	0	0	0.605
1.343	0.86	1.402	1.022	2.493	4.686	1.707	3.513	4.342	4.361	4.686	1.707	2.246	4.342	3.275	1	1	1	1	1	1	1	1	1	1	0.833	1	1	0.833	1	0	0.2	0	0	0	0	0	0	0	0	0.898	0.591
1.903	0	0	0	0	1.903	0	0	0	0	1.056	0	0	0	0	1	0	0	0	0	1	0	0	0	0	0	0	0	0	0	0	1	0	0	1	0	1	0	0	1	0.417	0.307
0	0	0.96	2.729	0	0	0	0.96	1.697	0	0	0	0.96	1.032	0	0	0	0	0.333	0	0	0	0	0	0	0	0	0	0	0	0	0	0	0	0	0.2	0	0	0	0	0.42	0.594
6.439	14.847	1.159	0	7.255	9.635	12.079	2.021	0	5.554	7.911	14.009	2.021	0	9.416	0.639	0.647	0	0	0.655	0.472	0.673	0	0	0.6	0.619	0.53	0	0	0.556	0	0	0.667	0.5	0.4	0	0	0.111	0	0	0.718	0.535
0.841	0.885	0	0	0	0.841	0.885	0	0	0	0.841	0.885	0	0	0	0	0	0	0	0	0	0	0	0	0	0	0	0	0	0	0.2	0	0	0.333	0.2	0.2	0	0	0.333	0.4	0.42	0.801
0	0	0.922	0	0	0	0	0.922	0	0	0	0	0.922	0	0	0	0	0	0	0	0	0	0	0	0	0	0	0	0	0	0	0	0	0	0.333	0	0	0	0	0.333	0.898	0.402
0	0	0	0.841	2.484	0	0	0	0.841	2.484	0	0	0	0.841	1.502	0	0	0	0	1	0	0	0	0	1	0	0	0	0	0	0.2	0	0	0.2	0	0.4	0	0	0.2	0	0	0.780
7.424	0	7.914	0	6.021	13.728	0	7.679	0	3.945	8.393	0.979	10.22	0	9.213	0.802	0	0.679	0	0.833	0.626	0	0.821	0	0.833	0.5	0	0.444	0	0.556	0.4	0.2	0	0.6	0.222	0	0	0	0.6	0.222	0	0.631
0	0	2.825	0	0	0	0	3.785	0	0	0	0	2.912	0	0	0	0	0.667	0	0	0	0	0.667	0	0	0	0	0.333	0	0	0	0	0	0	0	0	0	0	0	0	0.117	0.780
1.904	0	1.104	0	0	1.904	0	1.104	0	0	1.904	0	1.104	0	0	0	0	0	0	0	0	0	0	0	0	0	0	0	0	0	0	0.8	0	0.333	0	0	0	0	0	0.333	0	0.487
0	0	0	0	0	0	0	0	0	0	0	0	0	0	0	0	0	0	0	0	0	0	0	0	0	0	0	0	0	0	0	0	0	0	0	0	0	0	0	0	0.116	0.773
35.143	20.857	29.027	21.719	8.511	35.138	20.702	35.84	31.771	11.477	19.958	17.607	20.869	16.966	7.762	0.262	0.392	0.385	0.411	0.835	0.241	0.429	0.343	0.379	0.788	0.287	0.308	0.368	0.333	0.381	0	0	0	0	0	0	0	0.2	0	0	0.296	0.226
1.159	0	0	1.921	0	1.159	0	0	0	0	2.05	0	0	2.813	0	0	0	0	0.333	0	0	0	0	0	0	0	0	0	0.333	0	0.5	1	1	0.333	0.25	0.5	0.25	1	0.333	0	0	0.786
0	0	0	0	0	0	0	0	0	0	0	0	0	0	0	0	0	0	0	0	0	0	0	0	0	0	0	0	0	0	0	0	0	0.8	0	0	0	0	0	0	0.419	0.464
0	0	-1	0	-1	0	0	-1	0	-1	0	0	-1	0	-1	0	0	-1	0	-1	0	0	-1	0	-1	0	0	-1	0	-1	0	0	-1	0	-1	0	0	-1	0	-1	0.899	0.999
8.511	29.027	7.524	35.143	3.454	11.477	35.84	13.505	35.138	4.448	7.762	20.869	5.317	19.958	2.658	0.835	0.385	0.819	0.262	0.571	0.788	0.343	0.802	0.241	0.5	0.381	0.368	0.5	0.287	0	0	0	0	0	0.6	0	0.2	0	0	1	0.116	0.616
0	1.921	1.159	2.062	0	0	0	1.159	1.746	0	0	2.813	2.05	3.012	0	0	0.333	0	0.333	0	0	0	0	1	0	0	0.333	0	0.333	0	1	0.333	0.5	0	1	0.25	0.333	0.5	0	1	0	0.967
1.154	0	0	0	0	0	0.891	0	0	0	1.154	0.891	0	0	0	0	0	0	0	0	0	0	0	0	0	0	0	0	0	0	0	0.4	0	0	0.4	0	0.2	0	0	0	0	0.583
0	0	0	0	0	0	0	0	0	0	0	0	0	0	0	0	0	0	0	0	0	0	0	0	0	0	0	0	0	0	0.5	0.714	0	0	0	0.25	0.143	0	0	0	0	0.970
0	0.941	0	0	1.903	0	0.941	0	0	1.903	0	0.941	0	0	1.056	0	0	0	0	1	0	0	0	0	1	0	0	0	0	0	0	0.6	1	0.2	0	0	0.8	1	0.2	0	0	0.740
0	0	0	0	0	0	0	0	0	0	0	0	0	0	0	0	0	0	0	0	0	0	0	0	0	0	0	0	0	0	0	1	0	0	0	0.6	1	0.2	0.333	0	0	0.981
1.689	0	1.929	0	0.865	4.538	0	2.817	0	1.778	4.538	0	4.692	0	0.913	0.6	0	0.7	0	1	0.5	0	1	0	1	0.6	0	0.6	0	0	0	0	0	0	0	0	0	0	0	0	0.419	0.359
0	0	0	0	0.885	0	0	1.867	0	0.885	0	0	1.867	0	0.885	0	0	0	0	0	0	0	0	0	0	0	0	0	0	0	0	0	0	0.25	0	0	0	0	0	0	0.897	0.280
0	0	2.976	0	1.788	0	0	5.11	0	1.788	1.031	0	4.247	0	1.788	0	0	0.4	0	1	0	0	0.3	0	1	0	0	0.5	0	1	0	0.6	0	0.25	0	0	0.4	0	0	0	0	0.527
3.644	0	0	0	4.737	2.729	0	0	0	5.846	5.464	0	0	0	4.063	0.667	0	0	0	0.733	0.667	0	0	0	0.667	0.4	0	0	0	0.5	0	0.333	0	0.2	0	0	0.333	0	0.4	0	0	0.585
0	1.502	9.499	0.841	0	0	2.39	11.349	0.841	0	0	2.39	10.368	0.841	0	0	1	0.244	0	0	0	1	0.244	0	0	0	0	0.194	0	0	0.667	0.2	0	0	0.333	0.333	0	0	1	0.333	0	0.960
0	0	0	0	0	0.883	0	0	0	0.883	0.883	0	0	0	0.883	0	0	0	0	0	0	0	0	0	0	0	0	0	0	0	0.25	0.8	1	0	0.375	1	0.8	1	0.333	0	0.294	0.914
0	0	0	0	1.104	0	0	0	0	1.104	0	0	0	0	1.104	0	0	0	0	0	0	0	0	0	0	0	0	0	0	0	1	0.4	0	0.667	0.667	1	0.6	0	0.667	0.333	0	0.980
23.272	10.17	11.821	3.68	15.585	26.592	12.208	16.943	5.861	16.512	13.633	7.707	8.542	5.861	11.935	0.526	0.894	0.699	0.733	0.586	0.455	0.818	0.669	0.733	0.566	0.545	0.667	0.536	0.733	0.618	0	0	0	0	0	0	0	0	0	0	0.117	0.334
0	0	1.041	0	0	0.927	0.94	1.899	0.858	0	0.927	0.94	1.899	0.858	0	0	0	0	0	0	0	0	0	0	0	0	0	0	0	0	0	0	0	0	0	0	0	0	0	0	0	0.856
0	0	0	1.159	0	0	0	0	1.159	0	0	0	0	2.05	0	0	0	0	0	0	0	0	0	0	0	0	0	0	0	0	0.25	1	0.5	0.5	0	0	1	0	0.5	0	0	0.951
0	0	0	0	0	0	0	0.849	0.849	0	0	0	0.849	0.849	0	0	0	0	0	0	0	0	0	0	0	0	0	0	0	0	0.2	0.2	0.125	0	0.25	0	0.8	0.375	0	0	0	0.775
0	2.805	0	0	1.154	0	6.26	0.891	2.015	0	0	6.26	0.891	2.015	1.154	0	0.267	0	0	0	0	0.2	0	0	0	0	0.2	0	0	0	0	0	0.4	0	0	0	0	0.2	0	0	0	0.825
0	0	1.154	2.805	0	0.891	0	0	6.26	0	0.891	0	1.154	6.26	0	0	0	0	0.267	0	0	0	0	0.2	0	0	0	0	0.2	0	0.4	0	0	0	0	0.2	0	0	0	0	0	0.555
0	8.361	0	1.699	0	0	11.514	0	2.688	0	0	5.216	0	1.842	0	0	0.379	0	0.333	0	0	0.379	0	0.333	0	0	0.1	0	1	0	0.25	0	0	0	0	0	0	0	0	0	0	0.879
12.426	0.95	1.779	1.722	1.689	16.101	2.195	3.024	3.706	2.581	9.573	2.195	3.024	3.706	0.892	0.368	1	0.333	0.667	1	0.36	1	0.333	0.667	1	0.2	1	0.333	0.667	0	0	0	0	0	0	0	0	0	0.2	0	0.42	0.311
8.361	1.699	0	0	0	11.514	2.688	0	1.959	0	5.216	1.842	0	1.959	0	0.379	0.333	0	1	0	0.379	0.333	0	1	0	0.1	1	0	1	0	0	0	0.25	0	0	0	0	0	0	0	0.299	0.253
0	0	0	6.164	6.225	0	0.934	0	7.222	11.489	0	0.934	0	3.682	7.028	0	0	0	0.821	0.485	0	0	0	0.821	0.485	0	0	0	0.667	0.333	0	0	0.75	0	0	0	0	0	0	0	0.12	0.706
10.456	0	9.43	14.544	7.581	17.24	0	14.338	23.301	10.536	5.026	0	3.996	9.778	4.444	0.706	0	0.819	0.61	0.894	0.667	0	0.771	0.584	0.818	0.7	0	0.667	0.389	0.833	0	0.875	0	0	0.25	0	0.875	0	0	0	0.554	0.192
12.362	10.599	0.856	7.513	18.472	17.362	11.557	0	11.592	20.434	8.532	6.198	0.856	4.079	9.422	0.772	0.703	0	0.909	0.581	0.735	0.682	0	0.864	0.5	0.393	0.267	0	0.833	0.528	0	0	0.6	0	0	0	0	0.8	0	0	0.415	0.295
0	0	0	0	0	0	0	0	0	0	0	0	0	0	0	0	0	0	0	0	0	0	0	0	0	0	0	0	0	0	0	0	0.2	0.333	0.333	0	0	0.2	0.333	0.333	0.556	0.258
0	0	0	3.024	0.941	0	0	0	5.063	0.941	0	0	0	4.005	0.941	0	0	0	0.8	0	0	0	0	0.8	0	0	0	0	0.333	0	0.25	0.2	0.2	0	0.6	0	0	0.2	0	0.8	0	0.839
8.026	6.021	21.683	7.914	0	12.897	3.945	24.429	7.679	0	7.541	9.213	13.567	10.22	0	0.505	0.833	0.308	0.679	0	0.363	0.833	0.3	0.821	0	0.214	0.556	0.141	0.444	0	0	0.222	0.111	0	0	0	0.222	0	0	0	0.299	0.456
0	0	0	2.83	0	0	0	3.679	3.796	1.868	0	0	3.679	2.006	1.868	0	0	0.333	0.333	0	0	0	0.333	0.333	0	0	0	0.167	0	0	0.2	0.25	0	0	0	0	0	0	0	0	0	0.498
0	0	0	0	0	0	0.883	0.849	0	0	0	0.883	0.849	0	0	0	0	0	0	0	0	0	0	0	0	0	0	0	0	0	0	0.375	0	1	0.2	0.667	0	0	1	0.8	0	0.938
6.557	0	0	13.127	0	11.136	0	0.848	16.433	1.02	9.406	0	0.848	8.22	1.02	0.5	0	0	0.382	0	0.455	0	0	0.375	0	0.378	0	0	0.25	0	0	0.25	0	0	0.2	0	0	0	0	0	0.299	0.296
5.212	0	0	0	0.843	6.12	0	0	0	1.769	3.457	0	0	0	1.769	0.6	0	0	0	1	0.6	0	0	0	1	0.333	0	0	0	0	0	0.25	0	0	0	0	0.25	0	0	0	0.417	0.237
0	0	0	0	0	0	0	0	0	0	0	0	0	0	0	0	0	0	0	0	0	0	0	0	0	0	0	0	0	0	0	0	0	0	0	0	0	0	0	0	0.899	0.929
0	0	0	0	0	0	0	0	0	0	0	0	0	0	0	0	0	0	0	0	0	0	0	0	0	0	0	0	0	0	0.875	0.75	0	0.75	1	0.375	0	0	1	0.8	0	0.963
14.932	14.159	0	7.255	0	22.73	9.454	0	5.554	0	14.048	14.591	0	9.416	0.979	0.494	0.601	0	0.655	0	0.407	0.622	0	0.6	0	0.462	0.516	0	0.556	0	0.286	0.75	0.6	0.4	0.2	0.286	0.125	0.6	0	0	0.418	0.323
2.484	0	0	0	0	2.484	0	0	0	0	1.502	0	0	0	0	1	0	0	0	0	1	0	0	0	0	0	0	0	0	0	0	0	0.667	0.2	0.25	0	0	0.667	0.4	0	0.298	0.418
0	18.526	0	0	0	0	10.477	0	0	0	0	14.036	0	0	0	0	0.608	0	0	0	0	0.527	0	0	0	0	0.5	0	0	0	0	0	0.75	0.4	0.75	0	0	1	0	0	0	0.905
9.43	10.456	7.581	0	7.513	14.338	17.24	10.536	0	11.592	3.996	5.026	4.444	0	4.079	0.819	0.706	0.894	0	0.909	0.771	0.667	0.818	0	0.864	0.667	0.7	0.833	0	0.833	0	0	0.25	0.875	0	0	0	0	0.875	0	0.715	0.362
0.96	0	0	0	0	0.96	0	0	0	0	0.96	0	0	0	0	0	0	0	0	0	0	0	0	0	0	0	0	0	0	0	0	0	0	0	0	0	0.2	0	0	0	0.714	0.549
19.055	0	0	5.497	0	23.3	1.703	0	10.483	0	14.364	1.703	0	8.678	0	0.263	1	0	0.509	0	0.281	1	0	0.491	0	0.282	1	0	0.361	0	0	0	0	0	0	0	0	0	0	0	0.198	0.260
0	0	0	0	0	0	0	0	0	0	0	0	0	0	0	0	0	0	0	0	0	0	0	0	0	0	0	0	0	0	0.667	0.8	0.4	0.333	1	0.667	0.4	0.6	0.333	1	0	0.921
0	0	0	0	0	0	0	0	0	0	0	0	0	0	0	0	0	0	0	0	0	0	0	0	0	0	0	0	0	0	1	1	0	0.8	1	1	1	0.333	1	1	0	0.995
7.581	9.43	7.513	10.456	10.599	10.536	14.338	11.592	17.24	11.557	4.444	3.996	4.079	5.026	6.198	0.894	0.819	0.909	0.706	0.703	0.818	0.771	0.864	0.667	0.682	0.833	0.667	0.833	0.7	0.267	0.25	0	0	0	0	0	0	0	0	0	0.415	0.510
21.683	8.026	0	6.021	0.991	24.429	12.897	0	3.945	1.836	13.567	7.541	0	9.213	2.679	0.308	0.505	0	0.833	0.333	0.3	0.363	0	0.833	0	0.141	0.214	0	0.556	0.333	0.111	0	0	0.222	0	0	0	0	0.222	0	0.197	0.158
0	0	0	0	0.885	0	0	0	0	0.885	0	0	0	0	0.885	0	0	0	0	0	0	0	0	0	0	0	0	0	0	0	0.5	0	0.333	0.4	0	1	0	0.333	0	0	0.119	0.946
0	0	0	1.104	0	0	0	0	1.104	0	0	0	0	1.104	0	0	0	0	0	0	0	0	0	0	0	0	0	0	0	0	0	0.8	0	0.667	0	0	0	0	0.333	0	0	0.800
0	0	0	0	0	0.849	0	0	0	0	0.849	0	0	0	0	0	0	0	0	0	0	0	0	0	0	0	0	0	0	0	0.125	0.2	0.25	0.2	0.6	0.375	0	0	0.8	0.4	0	0.596
0.966	0	0	0	0	0	0	0	0	0	0.966	0	0	0	0	0	0	0	0	0	0	0	0	0	0	0	0	0	0	0	0	0.4	0	0	0.714	0	0	0	0.333	0.143	0.196	0.382
0	0	1.904	0	1.104	0	0	1.904	0	1.104	0	0	1.904	0	1.104	0	0	0	0	0	0	0	0	0	0	0	0	0	0	0	0.8	0.333	0	0.333	0	0	0	0	0.333	0	0	0.984
0	2.771	21.719	5.437	20.857	0	8.357	31.771	10.34	20.702	0	3.686	16.966	3.887	17.607	0	0.889	0.411	0.873	0.392	0	0.833	0.379	0.818	0.429	0	0.667	0.333	0.667	0.308	1	0	0	0	0	0.333	0	0	0	0	0	0.938
0.86	1.022	1.343	0.875	1.402	1.707	4.342	4.686	0.875	3.513	1.707	4.342	4.686	0.875	2.246	1	1	1	0	1	1	1	1	0	1	1	0.833	0.833	0	1	0.2	0	0	0	0	0	0	0	0	0	0.292	0.529
0	0	0	23.123	2.062	0	0	0	25.118	1.746	1.855	0	0	12.96	3.012	1	0	0	0.344	0.333	0	0	0	0.36	1	1	0	0	0.152	0.333	0.25	0	0	0.2	0	0	0	0	0	0	0	0.630
14.159	7.255	14.932	1.159	0	9.454	5.554	22.73	2.021	0	14.591	9.416	14.048	2.021	0	0.601	0.655	0.494	0	0	0.622	0.6	0.407	0	0	0.516	0.556	0.462	0	0	0.75	0.4	0.286	0.667	0.6	0.125	0	0.286	0.111	0.6	0.415	0.386
0	2.837	0	13.274	11.792	0	7.34	0	19.674	15.402	0	5.586	0	8.797	7.447	0	0.619	0	0.287	0.429	0	0.619	0	0.287	0.429	0	0.6	0	0.333	0.467	0	0	0	0	0	0	0	0	0	0	0.893	0.664
16.11	0	0.98	0	13.274	20.441	1.868	4.666	3.679	19.674	7.783	1.868	4.666	3.679	8.797	0.347	0	0.3	0.333	0.287	0.342	0	0.3	0.333	0.287	0.533	0	0.3	0.167	0.333	0	0	0	0	0	0	0	0	0	0	0	0.195
0	4.464	0	0	0	0	4.212	0	0	0	0	4.533	0	0	0	0	0.3	0	0	0	0	0.5	0	0	0	0	0.167	0	0	0	0.2	0	0.6	0	0.25	0.4	0	0.4	0	0	0	0.633
0	0	1.225	0	0	0	0	1.225	0	0	0	0	1.225	0	0	0	0	0	0	0	0	0	0	0	0	0	0	0	0	0	0.2	0.4	0.111	0	0	0	0	0.111	0	0	0	0.469
1.823	0	0.887	0	0.837	5.35	1.02	3.623	0.848	3.504	7.439	1.02	3.623	0.848	3.504	0.464	0	1	0	0.5	0.4	0	1	0	0.333	0.429	0	0.833	0	0.5	0	0.2	0	0	0	0	0	0	0	0	0	0.534
0.843	0	0	5.212	0	1.769	0	0.969	6.12	0	1.769	0	0.969	3.457	0	1	0	0	0.6	0	1	0	0	0.6	0	0	0	0	0.333	0	0	0	0	0	0	0	0	0	0	0	0.196	0.278
