0	0	0	0	0	0	0	0	0	0	0	0	0	0	0	0	0	0	0	0	0	0	0	0	0	0	0	0	0	0	0	0.8	0.8	0.875	0.4	0	1	0.8	0.875	0.8	0	0.660
0.771	0	0	0	0	0.771	2.657	0	0	1.032	0	1.871	0	0	1.032	0	0.333	0	0	0	0	0.333	0	0	0	0	0	0	0	0	0.2	0.143	0.889	0.4	0	0	0	0	0	0	0	0.546
3.691	0	3.611	0	0	5.365	0	2.019	0	0	4.499	0	3.611	0	0	0.267	0	0.667	0	0	0.267	0	1	0	0	0.1	0	0.667	0	0	0	0.5	0	0.25	0	0	0	0	0	0.333	0.299	0.420
0	0	0	0	0	0	0	0	0	0	0	0	0	0	0	0	0	0	0	0	0	0	0	0	0	0	0	0	0	0	0	0.8	0.4	0.75	1	0	1	0.2	0.75	0.889	0.294	0.897
0	3.519	1.621	0.965	0	0.804	3.519	2.44	1.763	0	0.804	1.871	2.44	0.965	0	0	0.833	0.667	0	0	0	0.833	0.667	0	0	0	1	0.667	0	0	0	0	0	0	0.2	0	0	0	0	0	0	0.347
0	-1	0	-1	0	0	-1	0	-1	0	0	-1	0	-1	0	0	-1	0	-1	0	0	-1	0	-1	0	0	-1	0	-1	0	0	-1	0	-1	0	0	-1	0	-1	0	0.899	0.999
27.531	3.234	0	7.966	7.949	37.077	3.842	0	12.84	17.75	18.782	6.261	0	10.945	12.671	0.242	0.524	0	0.803	0.525	0.226	0.667	0	0.742	0.425	0.462	0.524	0	0.667	0.644	0	0	0.667	0	0	0	0.2	1	0	0	0.198	0.275
0	0	0	0	0	0	0	0	0	0	0	0	0	0	0	0	0	0	0	0	0	0	0	0	0	0	0	0	0	0	0.2	1	0.667	0.4	0.875	0.4	0.889	1	0.2	0.875	0	0.841
0	0	0	0	0	0	0	0	0	0	0	0	0	0	0	0	0	0	0	0	0	0	0	0	0	0	0	0	0	0	0	0	0	0	0	0	0	0	0	0	0.716	0.581
0	0	0	0	0	0	0	0	0	0	0	0	0	0	0	0	0	0	0	0	0	0	0	0	0	0	0	0	0	0	0	0.8	0	0	0	0	1	0	0.5	0	0.557	0.307
0.975	0	0	15.178	0	0.975	0	0	10.316	0	0.975	0	0	8.693	0	0	0	0	0.667	0	0	0	0	0.636	0	0	0	0	0.786	0	0	1	0.4	0	0.25	0	0	0.8	0	0	0.298	0.359
0	0	0	0	0	0	0	0	0	0	0	0	0	0	0	0	0	0	0	0	0	0	0	0	0	0	0	0	0	0	0	0	0	0	0	0	0	0	0	0	0.117	0.732
5.926	7.753	0	14.321	0	10.83	9.535	0	21.564	0	7.938	10.8	0	12.522	0	0.822	0.697	0	0.426	0	0.778	0.667	0	0.4	0	0.714	0.6	0	0.578	0	0	0	0	0	0	0	0	0	0	0	0.718	0.438
0	0	0	0	0	0	0	0	0	0	0	0	0	0	0	0	0	0	0	0	0	0	0	0	0	0	0	0	0	0	0	0	0	0	0	0	0	0	0	0	0	0.614
3.941	0	0	0	0	8.428	1.74	0	2.579	2.657	3.553	1.74	0	2.579	1.871	0.422	0	0	0.667	0.333	0.422	0	0	0.667	0.333	0.167	0	0	0.333	0	0	0	0.4	0	0.143	0	0	0	0	0	0.418	0.272
0	0	0	5.926	0	0	0	0	10.83	0	0	0	0	7.938	0	0	0	0	0.822	0	0	0	0	0.778	0	0	0	0	0.714	0	0	0	0	0	0	0	0	0	0	0	0.556	0.416
0	0	6.085	3.611	1.69	0	0	8.307	2.019	4.226	0	0	3.991	3.611	3.461	0	0	0.806	0.667	0.6	0	0	0.778	1	0.6	0	0	1	0.667	0.333	1	0	0	0	0	0.333	0.333	0	0	0.6	0.417	0.973
0	0	0.965	0	3.519	0	0	1.763	1.032	3.519	0	0	0.965	1.032	1.871	0	0	0	0	0.833	0	0	0	0	0.833	0	0	0	0	1	0	0	0	0	0	0.2	0	0	0	0	0.419	0.548
0	0	0	0	0	0	0	0	0	0	0	0	0	0	0	0	0	0	0	0	0	0	0	0	0	0	0	0	0	0	0	0	0	0	0	0	0	0	0	0	0.556	0.548
0	0	0	0	0.965	0	1.032	0	0	1.763	0	1.032	0	0	0.965	0	0	0	0	0	0	0	0	0	0	0	0	0	0	0	0	0	0	0.889	0	0	0	0.2	0	0	0.893	0.673
0	0	5.325	0	2.688	0	0	6.481	0	2.688	0	0	1.156	0	1.773	0	0	0.857	0	1	0	0	0.81	0	1	0	0	0	0	1	0.667	0	0.286	0.571	0	0	0	0	0.857	0	0.893	0.954
0	0	0	0.971	0	0	0	0	0.971	0	0	0	0	0.971	0	0	0	0	0	0	0	0	0	0	0	0	0	0	0	0	0	0.4	0.8	0	0	0.5	0.4	1	0	0	0.417	0.772
0	0	0	0	0	0	0	0	0	0	0	0	0	0	0	0	0	0	0	0	0	0	0	0	0	0	0	0	0	0	0.6	0.8	0.571	0	0	1	1	0.857	0	0	0	0.949
0	0	-1	0	-1	0	0	-1	0	-1	0	0	-1	0	-1	0	0	-1	0	-1	0	0	-1	0	-1	0	0	-1	0	-1	0	0	-1	0	-1	0	0	-1	0	-1	0.897	0.999
0	17.045	0	0	0	0	13.268	0	0	0	0	13.92	0	0	0	0	0.415	0	0	0	0	0.44	0	0	0	0	0.436	0	0	0	0.429	0	0	0.4	0.778	0.714	0	0.4	0.8	0.889	0	0.839
0	1.621	6.847	0	0	0	2.44	10.956	0.804	0	0	2.44	5.173	0.804	0	0	0.667	0.295	0	0	0	0.667	0.295	0	0	0	0.667	0.2	0	0	0.2	0	0	0	0.6	0	0	0	0	0.4	0	0.628
0	0	0	0	0	0	0	0	0	0	0	0	0	0	0	0	0	0	0	0	0	0	0	0	0	0	0	0	0	0	0.6	0.222	0	0.25	0.75	0.8	0	0	0	0.375	0	0.821
8.249	7.4	6.505	7.227	9.844	14.171	16.077	10.929	15.068	19.581	15.849	8.283	15.43	8.015	15.215	0.562	0.562	0.667	0.571	0.551	0.561	0.495	0.75	0.476	0.507	0.487	0.667	0.436	0.619	0.561	0	0	0	0	0	0	0	0	0	0	0.116	0.288
3.387	3.669	0	0	0.971	4.212	4.615	0	0	0.971	1.761	2.95	0	0	0.971	0.8	1	0	0	0	0.8	0.7	0	0	0	0	1	0	0	0	0	0	0.25	0.778	0	0	0	0	0.889	0	0.557	0.502
0	1.582	4.244	0	2.409	3.041	8.678	9.477	0	7.021	3.041	6.239	5.278	0	4.612	0.667	0.464	0.489	0	0.25	0.667	0.464	0.489	0	0.25	0	0.2	0.2	0	0.1	0.333	0.143	0	1	0	0.333	0.429	0	0	0	0.117	0.427
0	5.207	0	3.693	1.582	0.987	9.011	0	5.127	8.678	0.987	3.803	0	2.413	6.239	0	0.5	0	0.7	0.464	0	0.5	0	0.7	0.464	0	0.333	0	1	0.2	0	0	1	0	0.143	0	0	0	0	0.429	0.419	0.821
0	2.529	5.937	4.255	0	0	3.347	7.531	5.411	0	0	2.538	3.419	1.156	0	0	0.667	0.417	1	0	0	0.667	0.417	0.933	0	0	0.667	0.333	0	0	0	0	0	0	0.25	0.2	0	0	0	0	0	0.890
0	8.992	4.428	0	0	0	10.787	6.186	0	0	0	2.644	3.666	0	0	0	0.41	0.524	0	0	0	0.41	0.524	0	0	0	0.667	0.167	0	0	0.778	0	0	0.6	0.333	0.778	0	0	0.4	0.333	0.299	0.913
0	0	0	0	0	0	0	0	0	0	0	0	0	0	0	0	0	0	0	0	0	0	0	0	0	0	0	0	0	0	0.333	0.75	0.5	0	0	0.667	0.375	0	0	0.2	0.298	0.929
6.085	0	1.69	0	7.966	8.307	0	4.226	0	12.84	3.991	0	3.461	0	10.945	0.806	0	0.6	0	0.803	0.778	0	0.6	0	0.742	1	0	0.333	0	0.667	0	1	0	0	0	0	0.333	0.6	0.333	0	0.554	0.219
2.688	5.325	4.255	0	2.529	2.688	6.481	5.411	0	3.347	1.773	1.156	1.156	0	2.538	1	0.857	1	0	0.667	1	0.81	0.933	0	0.667	1	0	0	0	0.667	0	0.286	0	0.667	0	0	0	0	0	0	0.716	0.271
0	0	3.691	5.937	3.611	0	0	5.365	7.531	2.019	0	0	4.499	3.419	3.611	0	0	0.267	0.417	0.667	0	0	0.267	0.417	1	0	0	0.1	0.333	0.667	0.5	0.25	0	0	0	0	0	0	0	0	0	0.731
0	0	0	0	0	0	0	0	0	0	0	0	0	0	0	0	0	0	0	0	0	0	0	0	0	0	0	0	0	0	0.8	0	0.6	0	0.571	1	0	1	0.2	0.857	0.298	0.978
3.519	0.965	0	0	1.621	3.519	1.763	0.804	0	2.44	1.871	0.965	0.804	0	2.44	0.833	0	0	0	0.667	0.833	0	0	0	0.667	1	0	0	0	0.667	0	0	0	0	0	0	0	0	0.2	0	0.42	0.361
0	15.178	0.975	0	0	0	10.316	0.975	0	0	0	8.693	0.975	0	0	0	0.667	0	0	0	0	0.636	0	0	0	0	0.786	0	0	0	1	0	0	0	0.4	0	0	0	0	0.8	0.714	0.971
0	3.941	0	0	0.771	0	8.428	2.657	1.74	0.771	0	3.553	1.871	1.74	0	0	0.422	0.333	0	0	0	0.422	0.333	0	0	0	0.167	0	0	0	0.4	0	0.143	0	0.2	0	0	0	0	0	0	0.635
4.244	0	2.409	1.582	2.483	9.477	3.041	7.021	8.678	8.007	5.278	3.041	4.612	6.239	3.881	0.489	0.667	0.25	0.464	0.333	0.489	0.667	0.25	0.464	0.333	0.2	0	0.1	0.2	0	0	0.333	0	0.143	0	0	0.333	0	0.429	0	0.298	0.290
0	0	0	0	0	0	0	0	0	0	0	0	0	0	0	0	0	0	0	0	0	0	0	0	0	0	0	0	0	0	0	0	0	0	0	0	0	0	0	0	0.898	0.605
0	0	0	0	17.045	0	0	0	0	13.268	0	0	0	0	13.92	0	0	0	0	0.415	0	0	0	0	0.44	0	0	0	0	0.436	0.8	0	0.4	0.8	0	0.8	0	0.8	1	0	0	0.946
0	0	0	0	0	0	0	0	0	0	0	0	0	0	0	0	0	0	0	0	0	0	0	0	0	0	0	0	0	0	0	0.6	0.75	0.222	0.333	0	0.8	0.375	0	0.667	0.294	0.691
0	0	0	0	0	0	0	0	0	0	0	0	0	0	0	0	0	0	0	0	0	0	0	0	0	0	0	0	0	0	0	0	0	0	0	0	0	0	0	0	0.42	0.544
0	0	0	0	3.693	0	0	0	0	5.127	0	0	0	0	2.413	0	0	0	0	0.7	0	0	0	0	0.7	0	0	0	0	1	0	0	0	0	0	0	0	0	0	0	0.72	0.831
0	0	0	0	0	0	0	0	0	0	0	0	0	0	0	0	0	0	0	0	0	0	0	0	0	0	0	0	0	0	0	0	0	0	0	0	0	0	0	0	0.298	0.592
0	0	0	0	0	0	0	0	0	0	0	0	0	0	0	0	0	0	0	0	0	0	0	0	0	0	0	0	0	0	0	0	0	0	0	0	0	0	0	0	0	0.599
0	3.387	0.971	3.669	0	0	4.212	0.971	4.615	0	0	1.761	0.971	2.95	0	0	0.8	0	1	0	0	0.8	0	0.7	0	0	0	0	1	0	0.25	0	0	0	0.4	0	0	0	0	0.4	0.055	0.959
0	0	0	0.771	0	1.032	0	0	0.771	0	1.032	0	0	0	0	0	0	0	0	0	0	0	0	0	0	0	0	0	0	0	0	0.889	0	0.2	0	0	0	0	0	0.2	0.717	0.328
0	0	0	0	0	0	0	0	0	0	0	0	0	0	0	0	0	0	0	0	0	0	0	0	0	0	0	0	0	0	0.667	0.2	0.875	1	0.8	1	0.4	0.875	0.889	1	0	0.908
0	0	0	0	0	0	0	0	0	0	0	0	0	0	0	0	0	0	0	0	0	0	0	0	0	0	0	0	0	0	0.8	0	0	0.4	0	1	0.5	0	0.4	0	0.117	0.980
0	0	0	-1	0	0	0	0	-1	0	0	0	0	-1	0	0	0	0	-1	0	0	0	0	-1	0	0	0	0	-1	0	0	0	0	-1	0	0	0	0	-1	0	0.9	0.999
6.847	0	0	1.621	8.992	10.956	0	0	2.44	10.787	5.173	0	0	2.44	2.644	0.295	0	0	0.667	0.41	0.295	0	0	0.667	0.41	0.2	0	0	0.667	0.667	0	0.2	0.6	0	0	0	0	0.4	0	0	0.298	0.200
4.255	2.688	2.529	5.325	0	5.411	2.688	3.347	6.481	0	1.156	1.773	2.538	1.156	0	1	1	0.667	0.857	0	0.933	1	0.667	0.81	0	0	1	0.667	0	0	0	0	0	0.286	0	0	0	0	0	0.2	0.197	0.522
0	0	0	0	0	0	0	0	0	0	0	0	0	0	0	0	0	0	0	0	0	0	0	0	0	0	0	0	0	0	0.222	0.25	0.6	0.4	0	0	0	0.8	0.8	0	0.414	0.659
14.321	0.917	7.753	9.844	5.926	21.564	6.769	9.535	19.581	10.83	12.522	5.956	10.8	15.215	7.938	0.426	0.81	0.697	0.551	0.822	0.4	0.762	0.667	0.507	0.778	0.578	0.6	0.6	0.561	0.714	0	0	0	0	0	0	0	0	0	0	0.715	0.179
0	0	0	0	15.178	0	0	0	0	10.316	0	0	0	0	8.693	0	0	0	0	0.667	0	0	0	0	0.636	0	0	0	0	0.786	0	0	0	0.8	0	0	0	0	1	0	0.557	0.402
4.428	0	0	8.992	0	6.186	0	0	10.787	0	3.666	0	0	2.644	0	0.524	0	0	0.41	0	0.524	0	0	0.41	0	0.167	0	0	0.667	0	0	0.778	0.333	0	0.75	0	0.778	0.333	0	0.75	0.296	0.412
0	0	0	0.975	0	0	0	0	0.975	0	0	0	0	0.975	0	0	0	0	0	0	0	0	0	0	0	0	0	0	0	0	0.25	0.4	0.222	0	0.6	0	0.8	0	0	0.8	0	0.961
0	5.937	0	0	3.691	0	7.531	0	0	5.365	0	3.419	0	0	4.499	0	0.417	0	0	0.267	0	0.417	0	0	0.267	0	0.333	0	0	0.1	0.25	0	0.5	0	0	0	0	0	0.2	0	0	0.910
7.949	0	7.227	27.531	7.4	17.75	0	15.068	37.077	16.077	12.671	0	8.015	18.782	8.283	0.525	0	0.571	0.242	0.562	0.425	0	0.476	0.226	0.495	0.644	0	0.619	0.462	0.667	0	0.667	0	0	0	0	1	0	0	0	0	0.563
5.325	0	2.688	0	4.255	6.481	0	2.688	0	5.411	1.156	0	1.773	0	1.156	0.857	0	1	0	1	0.81	0	1	0	0.933	0	0	1	0	0	0.286	0.667	0	0	0	0	0	0	0	0	0.716	0.414
0	0	0	0	0	0	0	0	0	0	0	0	0	0	0	0	0	0	0	0	0	0	0	0	0	0	0	0	0	0	0	0	0	0	0	0	0	0	0	0	0.415	0.551
0	0	0	0	0	0	0	0	0	0	0	0	0	0	0	0	0	0	0	0	0	0	0	0	0	0	0	0	0	0	0.5	0.333	0	0.75	0	0	0.667	0.2	0.375	0	0.296	0.759
0	0	0	0	0	0	0	0	0	0	0	0	0	0	0	0	0	0	0	0	0	0	0	0	0	0	0	0	0	0	0	0	0	0	0	0	0	0	0	0	0	0.643
2.409	4.244	2.483	0	0	7.021	9.477	8.007	3.041	2.579	4.612	5.278	3.881	3.041	2.579	0.25	0.489	0.333	0.667	0.667	0.25	0.489	0.333	0.667	0.667	0.1	0.2	0	0	0.333	0	0	0	0.333	0	0	0	0	0.333	0	0.197	0.255
0	0	17.045	0	0	0	0	13.268	0	0	0	0	13.92	0	0	0	0	0.415	0	0	0	0	0.44	0	0	0	0	0.436	0	0	0.4	0.8	0	0	0.429	0.8	0.8	0	0	0.714	0	0.911
0	0	0	0	0	0	0	0	0	0	0	0	0	0	0	0	0	0	0	0	0	0	0	0	0	0	0	0	0	0	0	0	0	0	0	0	0	0	0	0	0.557	0.473
2.483	2.409	0	4.244	0	8.007	7.021	2.579	9.477	1.74	3.881	4.612	2.579	5.278	1.74	0.333	0.25	0.667	0.489	0	0.333	0.25	0.667	0.489	0	0	0.1	0.333	0.2	0	0	0	0	0	0	0	0	0	0	0	0.717	0.251
0.971	0	0	3.387	0	0.971	0	0	4.212	0	0.971	0	0	1.761	0	0	0	0	0.8	0	0	0	0	0.8	0	0	0	0	0	0	0	0.25	0.4	0	0	0	0	0.4	0	0.5	0.415	0.213
0	0	0	0	0	0	0	0	0	0	0	0	0	0	0	0	0	0	0	0	0	0	0	0	0	0	0	0	0	0	0	0	0	0	0	0	0	0	0	0	0.893	0.877
0	0	0	0	0	0	0	0	0	0	0	0	0	0	0	0	0	0	0	0	0	0	0	0	0	0	0	0	0	0	0	0	0.8	0.5	0.6	0	0.2	1	0	1	0	0.696
0	0	0.771	3.941	0	2.657	0	0.771	8.428	0	1.871	0	0	3.553	0	0.333	0	0	0.422	0	0.333	0	0	0.422	0	0	0	0	0.167	0	0.143	0.4	0.2	0	0.889	0	0	0	0	0	0.418	0.324
9.844	6.505	0.917	8.249	14.321	19.581	10.929	6.769	14.171	21.564	15.215	15.43	5.956	15.849	12.522	0.551	0.667	0.81	0.562	0.426	0.507	0.75	0.762	0.561	0.4	0.561	0.436	0.6	0.487	0.578	0	0	0	0	0	0	0	0	0	0	0.898	0.276
15.178	0	0	0	0.975	10.316	0	0	0	0.975	8.693	0	0	0	0.975	0.667	0	0	0	0	0.636	0	0	0	0	0.786	0	0	0	0	0	0	1	0	0	0	0	0	0	0	0.296	0.357
0	0.971	0	0	0	0	0.971	0	0	0	0	0.971	0	0	0	0	0	0	0	0	0	0	0	0	0	0	0	0	0	0	0.4	0	0	0.25	0.8	0.4	0	0.5	0	1	0	0.950
0	5.926	0	7.753	0	0	10.83	0	9.535	0	0	7.938	0	10.8	0	0	0.822	0	0.697	0	0	0.778	0	0.667	0	0	0.714	0	0.6	0	0	0	0	0	0	0	0	0	0	0	0.414	0.333
0.965	0	3.519	0	0	1.763	0	3.519	0	0.804	0.965	0	1.871	0	0.804	0	0	0.833	0	0	0	0	0.833	0	0	0	0	1	0	0	0	0	0	0	0	0	0.2	0	0	0	0.557	0.294
1.69	6.085	7.966	0	3.234	4.226	8.307	12.84	0	3.842	3.461	3.991	10.945	0	6.261	0.6	0.806	0.803	0	0.524	0.6	0.778	0.742	0	0.667	0.333	1	0.667	0	0.524	0	0	0	1	0	0.6	0	0	0.333	0.2	0.298	0.691
0	4.428	0	0	0	0	6.186	0	0	0	0	3.666	0	0	0	0	0.524	0	0	0	0	0.524	0	0	0	0	0.167	0	0	0	0.333	0	0.75	0.778	0.8	0.333	0	0.75	0.778	1	0.893	0.807
0	0	0	0	0	0	0	0	0	0	0	0	0	0	0	0	0	0	0	0	0	0	0	0	0	0	0	0	0	0	0	0	0	0	0	0	0	0	0	0	0.72	0.995
0	0	0	4.428	0	0	0	0	6.186	0	0	0	0	3.666	0	0	0	0	0.524	0	0	0	0	0.524	0	0	0	0	0.167	0	0.75	0.333	0.8	0	0	0.75	0.333	1	0	0	0.718	0.886
0	0	0	0	0	0	0	0	0	0	0	0	0	0	0	0	0	0	0	0	0	0	0	0	0	0	0	0	0	0	0.4	0	1	0.8	0.2	0.2	0	0.889	1	0.4	0	0.756
0	0	0	0	0	0	0	0	0	0	0	0	0	0	0	0	0	0	0	0	0	0	0	0	0	0	0	0	0	0	0	0.5	0	0.333	0.8	0.2	0	0	0.667	1	0	0.770
0	0	1.582	5.207	0	0	0.987	8.678	9.011	3.041	0	0.987	6.239	3.803	3.041	0	0	0.464	0.5	0.667	0	0	0.464	0.5	0.667	0	0	0.2	0.333	0	1	0	0.143	0	0.333	0	0	0.429	0	0.333	0	0.908
0	0	0	0	5.325	0	0	0	0	6.481	0	0	0	0	1.156	0	0	0	0	0.857	0	0	0	0	0.81	0	0	0	0	0	0	0.571	0.667	0.6	0.286	0	0.857	0	1	0	0.897	0.959
0	0	0	0	0	0	0	0	0	0	0	0	0	0	0	0	0	0	0	0	0	0	0	0	0	0	0	0	0	0	0.875	0.667	0.8	0.2	0	0.875	1	1	0.4	0	0	0.989
2.529	4.255	0	2.688	5.937	3.347	5.411	0	2.688	7.531	2.538	1.156	0	1.773	3.419	0.667	1	0	1	0.417	0.667	0.933	0	1	0.417	0.667	0	0	1	0.333	0	0	0	0	0	0	0	0.2	0	0	0.418	0.404
0.917	9.844	14.321	6.505	7.753	6.769	19.581	21.564	10.929	9.535	5.956	15.215	12.522	15.43	10.8	0.81	0.551	0.426	0.667	0.697	0.762	0.507	0.4	0.75	0.667	0.6	0.561	0.578	0.436	0.6	0	0	0	0	0	0	0	0	0	0	0.714	0.850
0	0	3.693	0	5.207	0	0	5.127	0	9.011	0	0	2.413	0	3.803	0	0	0.7	0	0.5	0	0	0.7	0	0.5	0	0	1	0	0.333	0	0	0	0	0	0	0	0	0	0	0.419	0.689
17.045	0	0	0	0	13.268	0	0	0	0	13.92	0	0	0	0	0.415	0	0	0	0	0.44	0	0	0	0	0.436	0	0	0	0	0	0.4	0.429	0.8	0	0	0.8	0.714	0.8	0.4	0	0.412
0	0	0	0	0	0	0	0	0	0	0	0	0	0	0	0	0	0	0	0	0	0	0	0	0	0	0	0	0	0	0.8	0.875	0	0.667	0.8	1	0.875	0	1	0.8	0	0.983
6.505	8.249	9.844	7.4	0.917	10.929	14.171	19.581	16.077	6.769	15.43	15.849	15.215	8.283	5.956	0.667	0.562	0.551	0.562	0.81	0.75	0.561	0.507	0.495	0.762	0.436	0.487	0.561	0.667	0.6	0	0	0	0	0	0	0	0	0	0	0.296	0.424
0	0.975	0	0	0	0	0.975	0	0	0	0	0.975	0	0	0	0	0	0	0	0	0	0	0	0	0	0	0	0	0	0	0.4	0	0.25	1	0.222	0.8	0	0	0	0	0.419	0.889
0	0.771	0	0	0	0	0.771	1.032	2.657	0	0	0	1.032	1.871	0	0	0	0	0.333	0	0	0	0	0.333	0	0	0	0	0	0	0.889	0.2	0	0.143	0	0	0	0	0	0	0.414	0.796
3.693	0	5.207	0	0	5.127	0	9.011	0	0.987	2.413	0	3.803	0	0.987	0.7	0	0.5	0	0	0.7	0	0.5	0	0	1	0	0.333	0	0	0	0	0	0	0	0	0	0	0	0	0.018	0.465
7.966	1.69	3.234	6.085	27.531	12.84	4.226	3.842	8.307	37.077	10.945	3.461	6.261	3.991	18.782	0.803	0.6	0.524	0.806	0.242	0.742	0.6	0.667	0.778	0.226	0.667	0.333	0.524	1	0.462	0	0	0	0	0	0	0.6	0.2	0	0	0.299	0.254
0	0	0	17.045	3.669	0	0	0	13.268	4.615	0	0	0	13.92	2.95	0	0	0	0.415	1	0	0	0	0.44	0.7	0	0	0	0.436	1	0	0.429	0.778	0	0	0.4	0.714	0.889	0	0	0	0.588
0	0	0	0	0	0	0	0	0	0	0	0	0	0	0	0	0	0	0	0	0	0	0	0	0	0	0	0	0	0	0.8	0.75	0	0.333	0.4	1	0.75	0	0.333	0.2	0.298	0.926
0	0	0	0	0	0	0	0	0	0	0	0	0	0	0	0	0	0	0	0	0	0	0	0	0	0	0	0	0	0	0.571	0.6	0	0.8	0.667	0.857	1	0	1	0	0.299	0.895
0	0	0	0	0	0	0	0	0	0	0	0	0	0	0	0	0	0	0	0	0	0	0	0	0	0	0	0	0	0	0	0	0	0	0	0	0	0	0	0	0.714	0.733
0	0	0	0	0	0	0	0	0	0	0	0	0	0	0	0	0	0	0	0	0	0	0	0	0	0	0	0	0	0	1	0.4	0.2	0	0.667	0.889	0.2	0.4	0	1	0.197	0.898
0	3.611	0	3.691	6.085	0	2.019	0	5.365	8.307	0	3.611	0	4.499	3.991	0	0.667	0	0.267	0.806	0	1	0	0.267	0.778	0	0.667	0	0.1	1	0	0	1	0	0	0.333	0	0.333	0	0	0.714	0.510
0	0	15.178	0	0	0	0	10.316	0	0	0	0	8.693	0	0	0	0	0.667	0	0	0	0	0.636	0	0	0	0	0.786	0	0	0	0	0	0	1	0	0	0	0	0	0	0.783
0	6.847	8.992	0	0	0	10.956	10.787	0	0	0	5.173	2.644	0	0	0	0.295	0.41	0	0	0	0.295	0.41	0	0	0	0.2	0.667	0	0	0.6	0	0	0.2	0.778	0.4	0	0	0	0.778	0	0.897
0	0	0	0	0	0	0	0	0	0	0	0	0	0	0	0	0	0	0	0	0	0	0	0	0	0	0	0	0	0	0	0	0	0	0	0	0	0	0	0	0.415	0.519
0	0	3.941	2.483	0	1.74	2.579	8.428	8.007	0	1.74	2.579	3.553	3.881	0	0	0.667	0.422	0.333	0	0	0.667	0.422	0.333	0	0	0.333	0.167	0	0	0	0	0	0	0.4	0	0	0	0	0	0.417	0.528
7.753	14.321	5.926	0.917	0	9.535	21.564	10.83	6.769	0	10.8	12.522	7.938	5.956	0	0.697	0.426	0.822	0.81	0	0.667	0.4	0.778	0.762	0	0.6	0.578	0.714	0.6	0	0	0	0	0	0	0	0	0	0	0	0.197	0.505
8.992	0	0	6.847	4.428	10.787	0	0	10.956	6.186	2.644	0	0	5.173	3.666	0.41	0	0	0.295	0.524	0.41	0	0	0.295	0.524	0.667	0	0	0.2	0.167	0	0.6	0.778	0	0	0	0.4	0.778	0	0	0.3	0.286
1.582	0	0	0	4.244	8.678	0	3.041	0.987	9.477	6.239	0	3.041	0.987	5.278	0.464	0	0.667	0	0.489	0.464	0	0.667	0	0.489	0.2	0	0	0	0.2	0.143	1	0.333	0	0	0.429	0	0.333	0	0	0.418	0.617
1.621	0	0	3.519	6.847	2.44	0.804	0	3.519	10.956	2.44	0.804	0	1.871	5.173	0.667	0	0	0.833	0.295	0.667	0	0	0.833	0.295	0.667	0	0	1	0.2	0	0	0.2	0	0	0	0	0	0	0	0.296	0.300
3.669	0	3.387	0	0	4.615	0	4.212	0	0	2.95	0	1.761	0	0	1	0	0.8	0	0	0.7	0	0.8	0	0	1	0	0	0	0	0	0.778	0	0	0.25	0	0.889	0	0.4	0	0.556	0.344
3.611	3.691	0	0	0	2.019	5.365	0	0	0	3.611	4.499	0	0	0	0.667	0.267	0	0	0	1	0.267	0	0	0	0.667	0.1	0	0	0	0	0	0	0.5	1	0	0	0.333	0	0.333	0	0.486
7.227	7.949	7.4	0	8.249	15.068	17.75	16.077	0	14.171	8.015	12.671	8.283	0	15.849	0.571	0.525	0.562	0	0.562	0.476	0.425	0.495	0	0.561	0.619	0.644	0.667	0	0.487	0	0	0	0.667	0	0	0	0	1	0	0.3	0.461
0	0	0	0	0	0	0	0	0	0	0	0	0	0	0	0	0	0	0	0	0	0	0	0	0	0	0	0	0	0	0	0	0	0	0	0	0	0	0	0	0.554	0.933
0	0	0	0	-1	0	0	0	0	-1	0	0	0	0	-1	0	0	0	0	-1	0	0	0	0	-1	0	0	0	0	-1	0	0	0	0	-1	0	0	0	0	-1	0.894	0.997
0	0	3.669	0	3.387	0	0	4.615	0	4.212	0	0	2.95	0	1.761	0	0	1	0	0.8	0	0	0.7	0	0.8	0	0	1	0	0	0.778	0	0	0.429	0	0.889	0.4	0	0.714	0	0	0.992
3.234	7.966	27.531	1.69	0	3.842	12.84	37.077	4.226	0	6.261	10.945	18.782	3.461	0	0.524	0.803	0.242	0.6	0	0.667	0.742	0.226	0.6	0	0.524	0.667	0.462	0.333	0	0	0	0	0	0.667	0.2	0	0	0.6	1	0	0.618
0	27.531	7.949	3.234	7.227	0	37.077	17.75	3.842	15.068	0	18.782	12.671	6.261	8.015	0	0.242	0.525	0.524	0.571	0	0.226	0.425	0.667	0.476	0	0.462	0.644	0.524	0.619	0.667	0	0	0	0	1	0	0	0.2	0	0	0.963
5.207	3.693	0	0	0	9.011	5.127	0.987	0	0	3.803	2.413	0.987	0	0	0.5	0.7	0	0	0	0.5	0.7	0	0	0	0.333	1	0	0	0	0	0	0	0	1	0	0	0	0	0	0.014	0.392
0	2.483	0	2.409	3.941	2.579	8.007	1.74	7.021	8.428	2.579	3.881	1.74	4.612	3.553	0.667	0.333	0	0.25	0.422	0.667	0.333	0	0.25	0.422	0.333	0	0	0.1	0.167	0	0	0	0	0	0	0	0	0	0	0.716	0.285
0	0	0	0	0	0	0	0	0	0	0	0	0	0	0	0	0	0	0	0	0	0	0	0	0	0	0	0	0	0	0.75	0	0.333	0.6	0.5	0.375	0	0.667	0.8	0	0	0.812
5.937	0	0	2.529	0	7.531	0	0	3.347	0	3.419	0	0	2.538	0	0.417	0	0	0.667	0	0.417	0	0	0.667	0	0.333	0	0	0.667	0	0	0	0.25	0	0.5	0	0.2	0	0	0	0.299	0.264
7.4	7.227	8.249	7.949	6.505	16.077	15.068	14.171	17.75	10.929	8.283	8.015	15.849	12.671	15.43	0.562	0.571	0.562	0.525	0.667	0.495	0.476	0.561	0.425	0.75	0.667	0.619	0.487	0.644	0.436	0	0	0	0	0	0	0	0	0	0	0.417	0.377
