0	2.54	3.62	0	0	0	4.501	3.62	1.651	1.081	0	3.697	0.849	1.651	1.081	0	0.3	0.833	0	0	0	0.3	0.833	0	0	0	0.167	0	0	0	0.4	0.143	0	0	0	0	0	0	0	0	0	0.641
0	0.796	5.37	4.848	15.985	4.117	7.158	13.305	12.709	25.209	4.117	6.213	7.493	8.872	15.416	0.667	0.524	0.424	0.364	0.17	0.667	0.524	0.424	0.364	0.17	0.333	0.133	0.333	0.143	0.128	0.2	0	0	0	0.25	0.2	0	0	0	0	0	0.628
0.906	0	3.417	0	2.913	0.906	0	3.417	0	1.687	0.906	0	3.417	0	2.913	0	0	0.333	0	0.333	0	0	0.333	0	0	0	0	0.333	0	0.333	0	1	0.25	0	0.2	0	1	0	0	0.8	0.72	0.272
0	3.634	3.065	4.324	1.963	0	3.634	5.831	7.196	1.963	0	3.634	5.032	5.564	1.963	0	0.5	0.733	0.571	1	0	0.5	0.667	0.571	1	0	0.5	0.6	0.4	1	0	0	0	0	0	0.333	0	0	0	0	0.714	0.810
0.779	2.391	1.779	0.948	0.812	0.779	1.781	1.779	0.948	0	0.779	3.257	1.779	0.948	0.812	0	0.333	0	0	0	0	1	0	0	0	0	0.333	0	0	0	0	0.2	0	0.8	0.2	0	0	0	0	0.2	0.556	0.283
3.778	1.994	0	3.493	0	3.692	1.994	0	4.632	0	4.917	1.994	0	4.632	0	0.5	0	0	0.2	0	0.667	0	0	0.2	0	0.5	0	0	0.2	0	0.75	0	0	0.8	0.2	0.75	0	0	0.8	0.2	0.715	0.479
1.963	3.065	0	0	2.666	1.963	5.831	0	0	2.666	1.963	5.032	0	0	2.666	1	0.733	0	0	0.333	1	0.667	0	0	0.333	1	0.6	0	0	0.333	0	0	0.2	0	0	0	0	0.2	0.333	0	0.557	0.244
0	0	0.948	2.913	2.391	0	0	0.948	1.687	1.781	0	0	0.948	2.913	3.257	0	0	0	0.333	0.333	0	0	0	0	1	0	0	0	0.333	0.333	0	0	0.8	0.2	0.2	0	0	0	0.8	0	0.419	0.330
0	0	-1	0	-1	0	0	-1	0	-1	0	0	-1	0	-1	0	0	-1	0	-1	0	0	-1	0	-1	0	0	-1	0	-1	0	0	-1	0	-1	0	0	-1	0	-1	0.893	1.000
6.348	6.05	1.692	0.789	0.786	9.477	7.681	0.88	0.789	0.786	4.058	2.424	1.692	0.789	0.786	0.472	0.528	0	0	0	0.472	0.528	0	0	0	0.167	0	0	0	0	0	0.125	0	0	0	0	0.25	0	0.4	0	0.415	0.239
19.147	4.273	0	15.985	1.671	27.405	8.405	0.829	25.209	4.233	14.672	4.958	0.829	15.416	4.233	0.194	0.361	0	0.17	0.7	0.191	0.361	0	0.17	0.7	0.192	0.3	0	0.128	0.3	0	0	1	0.25	0	0	0	1	0	0	0.718	0.147
0	0	0	0	0	0	0	0	0	0	0	0	0	0	0	0	0	0	0	0	0	0	0	0	0	0	0	0	0	0	0	0	0	0	0	0	0	0	0	0	0.296	0.996
0	0	0	3.09	2.656	1.379	0	0	7.435	4.034	1.379	0	0	6.601	4.034	0	0	0	0.286	0.333	0	0	0	0.286	0.167	0	0	0	0.267	0.333	0.556	0.333	0.25	0	0.4	0	0	0	0	0.4	0.414	0.477
1.475	1.901	0	0	0	0	1.901	0	0	0	1.475	1.901	0	0	0	0	1	0	0	0	0	1	0	0	0	0	1	0	0	0	0	0	0	0.2	1	0.2	0	0	0.2	1	0	0.520
0	0.871	0	1.06	0	0	2.606	0	1.06	0	0	2.606	0	1.06	0	0	0.667	0	0	0	0	0.667	0	0	0	0	0.667	0	0	0	0	0.2	0	0.2	0	0	0	0	0.2	0	0.718	0.962
1.994	3.493	3.778	0	0	1.994	4.632	3.692	1.081	0	1.994	4.632	4.917	1.081	0	0	0.2	0.5	0	0	0	0.2	0.667	0	0	0	0.2	0.5	0	0	0	0.8	0.75	0	0	0	0.8	0.75	0	0	0.554	0.211
0	0	0.834	4.744	3.09	2.751	1.784	4.087	7.306	7.435	2.751	1.784	3.252	6.392	6.601	0.667	0	0.167	0.357	0.286	0.667	0	0.167	0.381	0.286	0.667	0	0	0.2	0.267	0	0	0.2	0	0	0.571	0	0	0	0	0.716	0.415
0	0	2.14	3.778	0	0	0	2.935	3.692	0	0	0	2.125	4.917	0	0	0	0.667	0.5	0	0	0	0.667	0.667	0	0	0	1	0.5	0	0.2	0	0	0.75	0.2	0.2	0	0	0.75	0.2	0	0.629
2.753	1.736	0	0.786	0	4.448	3.644	0	1.625	0.961	1.695	2.757	0	1.625	0.961	0.5	0.5	0	0	0	0.5	0.5	0	0	0	0	0	0	0	0	0.222	0.4	0.2	0.4	0.6	0	0.4	0.4	0.2	0.4	0	0.398
1.733	0	9.762	0	2.826	3.794	0	13.793	0	7.04	2.966	0	6.776	0	4.304	0.5	0	0.256	0	0.381	0.5	0	0.256	0	0.381	0.333	0	0.133	0	0.333	0	0	0.2	0	0	0	0	0	0	0	0.556	0.335
0	3.62	3.493	0	1.994	1.081	3.62	4.632	0	1.994	1.081	0.849	4.632	0	1.994	0	0.833	0.2	0	0	0	0.833	0.2	0	0	0	0	0.2	0	0	0	0	0.8	0.4	0	0	0	0.8	0	0	0.717	0.244
0	1.671	0	0	0	4.617	4.233	2.546	0.829	0.952	4.617	4.233	2.546	0.829	0.952	0.3	0.7	0.667	0	0	0.3	0.7	0.667	0	0	0.3	0.3	0.667	0	0	0.4	0	1	1	1	1	0	0.4	1	1	0.418	0.835
2.656	0	1.791	0	0.786	4.034	0	1.791	1.379	1.625	4.034	0	0	1.379	1.625	0.333	0	1	0	0	0.167	0	1	0	0	0.333	0	0	0	0	0.4	0.25	0.25	0.556	0.4	0.4	0	1	0	0.2	0.556	0.500
0	2.913	0	3.417	0.948	0	1.687	0	3.417	0.948	0	2.913	0	3.417	0.948	0	0.333	0	0.333	0	0	0	0	0.333	0	0	0.333	0	0.333	0	0	0.2	0	0.25	0.8	0	0.8	0	0	0	0.558	0.276
3.417	0.906	2.913	0	0	3.417	0.906	1.687	0	0	3.417	0.906	2.913	0	0	0.333	0	0.333	0	0	0.333	0	0	0	0	0.333	0	0.333	0	0	0.25	0	0.2	1	0	0	0	0.8	1	0	0.417	0.575
9.762	1.733	2.826	0	4.848	13.793	3.794	7.04	0	12.709	6.776	2.966	4.304	0	8.872	0.256	0.5	0.381	0	0.364	0.256	0.5	0.381	0	0.364	0.133	0.333	0.333	0	0.143	0.2	0	0	0	0	0	0	0	0	0	0.198	0.288
6.05	0.789	6.348	7.129	1.692	7.681	0.789	9.477	11.109	0.88	2.424	0.789	4.058	8.842	1.692	0.528	0	0.472	0.489	0	0.528	0	0.472	0.489	0	0	0	0.167	0.214	0	0.125	0	0	0	0	0.25	0.4	0	0	0	0.415	0.483
0	0	0	0.871	0	0	0	0	2.606	0	0	0	0	2.606	0	0	0	0	0.667	0	0	0	0	0.667	0	0	0	0	0.667	0	0	0	0	0.2	0	0	0	0	0	0	0.415	0.969
0	0	7.129	0	0.789	0.952	2.546	11.109	4.617	0.789	0.952	2.546	8.842	4.617	0.789	0	0.667	0.489	0.3	0	0	0.667	0.489	0.3	0	0	0.667	0.214	0.3	0	1	1	0	0.4	0	1	0.4	0	1	0.4	0.298	0.907
0.786	1.791	1.736	2.656	2.753	1.625	1.791	3.644	4.034	4.448	1.625	0	2.757	4.034	1.695	0	1	0.5	0.333	0.5	0	1	0.5	0.167	0.5	0	0	0	0.333	0	0.4	0.25	0.4	0.4	0.222	0.2	1	0.4	0.4	0	0	0.546
0	3.778	0	1.994	2.14	0	3.692	0	1.994	2.935	0	4.917	0	1.994	2.125	0	0.5	0	0	0.667	0	0.667	0	0	0.667	0	0.5	0	0	1	0	0.75	0.2	0	0	0	0.75	0.2	0	0	0.414	0.249
0	2.666	1.901	0	1.475	0	2.666	1.901	0	0	0	2.666	1.901	0	1.475	0	0.333	1	0	0	0	0.333	1	0	0	0	0.333	1	0	0	0.2	0	0	0.2	0	0.2	0	0	0.2	0.2	0	0.558
0	0	10.057	2.753	0	0.961	0	14.888	4.448	0	0.961	0	4.832	1.695	0	0	0	0.343	0.5	0	0	0	0.343	0.5	0	0	0	0.1	0	0	0.6	0.2	0	0.222	0.2	0.4	0.4	0	0	0	0	0.608
0	1.475	0	1.901	0.906	0	0	0	1.901	0.906	0	1.475	0	1.901	0.906	0	0	0	1	0	0	0	0	1	0	0	0	0	1	0	0	0	1	0	0	0	0.2	1	0	0	0.558	0.342
1.781	2.861	4.324	0	3.634	2.993	5.571	7.196	0	3.634	3.777	3.749	5.564	0	3.634	0.833	0.8	0.571	0	0.5	1	0.8	0.571	0	0.5	0.333	0.667	0.4	0	0.5	0.2	0	0	0.2	0	0.2	0	0	0	0	0.059	0.474
7.129	0	0.789	0	6.05	11.109	0.952	0.789	2.546	7.681	8.842	0.952	0.789	2.546	2.424	0.489	0	0	0.667	0.528	0.489	0	0	0.667	0.528	0.214	0	0	0.667	0	0	1	0	1	0.125	0	1	0.4	0.4	0.25	0.294	0.714
10.057	0	0	0	2.861	14.888	0.961	0	0	5.571	4.832	0.961	0	0	3.749	0.343	0	0	0	0.8	0.343	0	0	0	0.8	0.1	0	0	0	0.667	0	0.6	0.2	0.2	0	0	0.4	0	0.4	0	0	0.364
0	3.09	0	0.834	0	0	7.435	1.379	4.087	0	0	6.601	1.379	3.252	0	0	0.286	0	0.167	0	0	0.286	0	0.167	0	0	0.267	0	0	0	0.333	0	0.556	0.2	0.25	0	0	0	0	0	0.714	0.576
3.09	0.834	0	0	0	7.435	4.087	0	2.751	1.379	6.601	3.252	0	2.751	1.379	0.286	0.167	0	0.667	0	0.286	0.167	0	0.667	0	0.267	0	0	0.667	0	0	0.2	0.333	0	0.556	0	0	0	0.571	0	0.717	0.165
1.856	0	4.744	2.14	0	6.159	0	7.306	2.935	1.784	6.159	0	6.392	2.125	1.784	0.2	0	0.357	0.667	0	0.2	0	0.381	0.667	0	0.2	0	0.2	1	0	0.2	0.2	0	0	0	0	0.2	0	0	0	0.296	0.180
3.634	4.324	0	1.781	3.065	3.634	7.196	0	2.993	5.831	3.634	5.564	0	3.777	5.032	0.5	0.571	0	0.833	0.733	0.5	0.571	0	1	0.667	0.5	0.4	0	0.333	0.6	0	0	0	0.2	0	0	0	0.333	0.2	0	0.894	0.179
1.779	0.779	0.812	2.391	2.507	1.779	0.779	0	1.781	5.109	1.779	0.779	0.812	3.257	5.109	0	0	0	0.333	0.3	0	0	0	1	0.3	0	0	0	0.333	0.3	0	0	0.2	0.2	0	0	0	0.2	0	0	0.292	0.377
0.796	4.848	0	2.826	5.37	7.158	12.709	4.117	7.04	13.305	6.213	8.872	4.117	4.304	7.493	0.524	0.364	0.667	0.381	0.424	0.524	0.364	0.667	0.381	0.424	0.133	0.143	0.333	0.333	0.333	0	0	0.2	0	0	0	0	0.2	0	0	0.296	0.279
4.273	15.985	19.147	5.37	0	8.405	25.209	27.405	13.305	0.829	4.958	15.416	14.672	7.493	0.829	0.361	0.17	0.194	0.424	0	0.361	0.17	0.191	0.424	0	0.3	0.128	0.192	0.333	0	0	0.25	0	0	1	0	0	0	0	1	0.717	0.276
0	0.786	2.54	1.692	0	1.651	0.786	4.501	0.88	0	1.651	0.786	3.697	1.692	0	0	0	0.3	0	0	0	0	0.3	0	0	0	0	0.167	0	0	0	0	0.143	0	0.4	0	0	0	0	0	0.556	0.320
2.507	0.812	0	1.779	4.919	5.109	0	0	1.779	6.615	5.109	0.812	0	1.779	4.772	0.3	0	0	0	0.476	0.3	0	0	0	0.476	0.3	0	0	0	0.3	0	0.2	0	0	0	0	0.2	0	0	0	0.298	0.203
2.913	3.417	0	0.906	0	1.687	3.417	0	0.906	0	2.913	3.417	0	0.906	0	0.333	0.333	0	0	0	0	0.333	0	0	0	0.333	0.333	0	0	0	0.2	0.25	0	0	0	0.8	0	0	0	0	0.292	0.632
3.493	0	1.994	3.62	3.778	4.632	1.081	1.994	3.62	3.692	4.632	1.081	1.994	0.849	4.917	0.2	0	0	0.833	0.5	0.2	0	0	0.833	0.667	0.2	0	0	0	0.5	0.8	0	0	0	0.75	0.8	0	0	0	0.75	0.117	0.524
1.671	0	0	19.147	0	4.233	0.829	4.617	27.405	2.546	4.233	0.829	4.617	14.672	2.546	0.7	0	0.3	0.194	0.667	0.7	0	0.3	0.191	0.667	0.3	0	0.3	0.192	0.667	0	1	0.4	0	1	0	1	1	0	0.4	0.299	0.712
2.666	0	0	1.963	1.901	2.666	0	0	1.963	1.901	2.666	0	0	1.963	1.901	0.333	0	0	1	1	0.333	0	0	1	1	0.333	0	0	1	1	0	0.2	0.2	0	0	0	0.2	0.2	0	0	0.296	0.267
0	0	0.906	1.475	3.417	0	0	0.906	0	3.417	0	0	0.906	1.475	3.417	0	0	0	0	0.333	0	0	0	0	0.333	0	0	0	0	0.333	1	0	0	0	0.25	1	0	0	0.2	0	0.893	0.846
0	0	0	0	0	0	0	0	0	0	0	0	0	0	0	0	0	0	0	0	0	0	0	0	0	0	0	0	0	0	0	0	0	0	0	0	0	0	0	0	0.557	0.981
2.826	9.762	4.848	1.733	0.796	7.04	13.793	12.709	3.794	7.158	4.304	6.776	8.872	2.966	6.213	0.381	0.256	0.364	0.5	0.524	0.381	0.256	0.364	0.5	0.524	0.333	0.133	0.143	0.333	0.133	0	0.2	0	0	0	0	0	0	0	0	0.415	0.242
0.948	0	2.391	0	0.779	0.948	0	1.781	0	0.779	0.948	0	3.257	0	0.779	0	0	0.333	0	0	0	0	1	0	0	0	0	0.333	0	0	0.8	0	0.2	0	0	0	0	0	0	0	0	0.724
0	2.14	1.856	0	4.744	0	2.935	6.159	0	7.306	0	2.125	6.159	0	6.392	0	0.667	0.2	0	0.357	0	0.667	0.2	0	0.381	0	1	0.2	0	0.2	0.2	0	0.2	0.2	0	0.2	0	0	0.2	0	0	0.540
0	10.057	2.861	0	1.781	0	14.888	5.571	0.961	2.993	0	4.832	3.749	0.961	3.777	0	0.343	0.8	0	0.833	0	0.343	0.8	0	1	0	0.1	0.667	0	0.333	0.2	0	0	0.6	0.2	0	0	0	0.4	0.2	0	0.785
0.834	0	3.09	0	0	4.087	2.751	7.435	1.784	0	3.252	2.751	6.601	1.784	0	0.167	0.667	0.286	0	0	0.167	0.667	0.286	0	0	0	0.667	0.267	0	0	0.2	0	0	0	0.333	0	0.571	0	0	0	0.717	0.227
15.985	5.37	4.273	0	19.147	25.209	13.305	8.405	4.117	27.405	15.416	7.493	4.958	4.117	14.672	0.17	0.424	0.361	0.667	0.194	0.17	0.424	0.361	0.667	0.191	0.128	0.333	0.3	0.333	0.192	0.25	0	0	0.2	0	0	0	0	0.2	0	0.417	0.420
4.919	0	1.06	2.507	0.871	6.615	0	1.06	5.109	2.606	4.772	0	1.06	5.109	2.606	0.476	0	0	0.3	0.667	0.476	0	0	0.3	0.667	0.3	0	0	0.3	0.667	0	0	0.2	0	0.2	0	0	0.2	0	0	0.296	0.438
3.62	0	0	2.54	3.493	3.62	0	1.081	4.501	4.632	0.849	0	1.081	3.697	4.632	0.833	0	0	0.3	0.2	0.833	0	0	0.3	0.2	0	0	0	0.167	0.2	0	0.4	0	0.143	0.8	0	0	0	0	0.8	0.715	0.243
4.744	1.856	0	0	0	7.306	6.159	1.784	0	2.751	6.392	6.159	1.784	0	2.751	0.357	0.2	0	0	0.667	0.381	0.2	0	0	0.667	0.2	0.2	0	0	0.667	0	0.2	0	0.2	0	0	0	0	0.2	0.571	0.292	0.214
4.848	2.826	0.796	9.762	0	12.709	7.04	7.158	13.793	4.117	8.872	4.304	6.213	6.776	4.117	0.364	0.381	0.524	0.256	0.667	0.364	0.381	0.524	0.256	0.667	0.143	0.333	0.133	0.133	0.333	0	0	0	0.2	0.2	0	0	0	0	0.2	0.198	0.375
4.324	1.781	3.634	2.861	0	7.196	2.993	3.634	5.571	0	5.564	3.777	3.634	3.749	0	0.571	0.833	0.5	0.8	0	0.571	1	0.5	0.8	0	0.4	0.333	0.5	0.667	0	0	0.2	0	0	0	0	0.2	0	0	0.333	0.898	0.205
0.812	1.779	2.507	0.779	0	0	1.779	5.109	0.779	0	0.812	1.779	5.109	0.779	0	0	0	0.3	0	0	0	0	0.3	0	0	0	0	0.3	0	0	0.2	0	0	0	0	0.2	0	0	0	0	0	0.603
0	0	2.656	0	1.791	0	1.379	4.034	0	1.791	0	1.379	4.034	0	0	0	0	0.333	0	1	0	0	0.167	0	1	0	0	0.333	0	0	0.25	0.556	0.4	0.333	0.25	0	0	0.4	0	1	0	0.604
0	-1	0	-1	1.733	0	-1	0	-1	3.794	0	-1	0	-1	2.966	0	-1	0	-1	0.5	0	-1	0	-1	0.5	0	-1	0	-1	0.333	0	-1	0	-1	0	0	-1	0	-1	0	0.899	0.774
0.786	1.692	0	6.348	2.54	0.786	0.88	1.651	9.477	4.501	0.786	1.692	1.651	4.058	3.697	0	0	0	0.472	0.3	0	0	0	0.472	0.3	0	0	0	0.167	0.167	0	0	0	0	0.143	0	0	0	0	0	0	0.573
0	2.507	4.919	0.812	1.06	0	5.109	6.615	0	1.06	0	5.109	4.772	0.812	1.06	0	0.3	0.476	0	0	0	0.3	0.476	0	0	0	0.3	0.3	0	0	0	0	0	0.2	0.2	0	0	0	0.2	0.2	0.556	0.267
3.065	0	1.963	3.634	0	5.831	0	1.963	3.634	0	5.032	0	1.963	3.634	0	0.733	0	1	0.5	0	0.667	0	1	0.5	0	0.6	0	1	0.5	0	0	0	0	0	0.2	0	0.333	0	0	0.2	0.296	0.299
0	1.963	2.666	3.065	0	0	1.963	2.666	5.831	0	0	1.963	2.666	5.032	0	0	1	0.333	0.733	0	0	1	0.333	0.667	0	0	1	0.333	0.6	0	0.2	0	0	0	0.2	0.2	0	0	0	0.2	0	0.590
2.861	0	1.781	10.057	4.324	5.571	0	2.993	14.888	7.196	3.749	0	3.777	4.832	5.564	0.8	0	0.833	0.343	0.571	0.8	0	1	0.343	0.571	0.667	0	0.333	0.1	0.4	0	0.2	0.2	0	0	0	0	0.2	0	0	0	0.523
2.54	0	0	0.786	3.62	4.501	1.651	0	0.786	3.62	3.697	1.651	0	0.786	0.849	0.3	0	0	0	0.833	0.3	0	0	0	0.833	0.167	0	0	0	0	0.143	0	0.4	0	0	0	0	0	0	0	0.418	0.274
1.901	0	1.475	2.666	0	1.901	0	0	2.666	0	1.901	0	1.475	2.666	0	1	0	0	0.333	0	1	0	0	0.333	0	1	0	0	0.333	0	0	0.2	0	0	0	0	0.2	0.2	0	0	0.419	0.206
0	0	0	0	0	0	0	0	0	0	0	0	0	0	0	0	0	0	0	0	0	0	0	0	0	0	0	0	0	0	0	0	0	0	0	0	0	0	0	0	0.116	0.989
0	0	0	0	-1	0	0	0	0	-1	0	0	0	0	-1	0	0	0	0	-1	0	0	0	0	-1	0	0	0	0	-1	0	0	0	0	-1	0	0	0	0	-1	0.899	0.999
0	0	1.733	-1	9.762	0	0	3.794	-1	13.793	0	0	2.966	-1	6.776	0	0	0.5	-1	0.256	0	0	0.5	-1	0.256	0	0	0.333	-1	0.133	0	0	0	-1	0.2	0	0	0	-1	0	0.717	0.337
1.736	0.786	2.753	1.791	0	3.644	1.625	4.448	1.791	0	2.757	1.625	1.695	0	0	0.5	0	0.5	1	0	0.5	0	0.5	1	0	0	0	0	0	0	0.4	0.4	0.222	0.25	0.2	0.4	0.2	0	1	0.4	0	0.514
0	0	0	1.671	7.129	2.546	4.617	0.952	4.233	11.109	2.546	4.617	0.952	4.233	8.842	0.667	0.3	0	0.7	0.489	0.667	0.3	0	0.7	0.489	0.667	0.3	0	0.3	0.214	1	0.4	1	0	0	0.4	1	1	0	0	0	0.767
1.791	2.656	0.786	0	1.736	1.791	4.034	1.625	0	3.644	0	4.034	1.625	0	2.757	1	0.333	0	0	0.5	1	0.167	0	0	0.5	0	0.333	0	0	0	0.25	0.4	0.4	0.25	0.4	1	0.4	0.2	0	0.4	0.2	0.831
1.06	4.919	0.871	0	0	1.06	6.615	2.606	0	0	1.06	4.772	2.606	0	0	0	0.476	0.667	0	0	0	0.476	0.667	0	0	0	0.3	0.667	0	0	0.2	0	0.2	0	0	0.2	0	0	0	0	0	0.436
1.692	6.348	0.786	6.05	0	0.88	9.477	0.786	7.681	1.651	1.692	4.058	0.786	2.424	1.651	0	0.472	0	0.528	0	0	0.472	0	0.528	0	0	0.167	0	0	0	0	0	0	0.125	0	0	0	0	0.25	0	0	0.598
0.871	1.06	0	4.919	0	2.606	1.06	0	6.615	0	2.606	1.06	0	4.772	0	0.667	0	0	0.476	0	0.667	0	0	0.476	0	0.667	0	0	0.3	0	0.2	0.2	0	0	0	0	0.2	0	0	0	0.414	0.277
0	4.744	0	1.856	0.834	1.784	7.306	2.751	6.159	4.087	1.784	6.392	2.751	6.159	3.252	0	0.357	0.667	0.2	0.167	0	0.381	0.667	0.2	0.167	0	0.2	0.667	0.2	0	0	0	0	0.2	0.2	0	0	0.571	0	0	0.554	0.299
0.789	7.129	6.05	0	6.348	0.789	11.109	7.681	0.952	9.477	0.789	8.842	2.424	0.952	4.058	0	0.489	0.528	0	0.472	0	0.489	0.528	0	0.472	0	0.214	0	0	0.167	0	0	0.125	1	0	0.4	0	0.25	1	0	0	0.707
0	2.753	0	1.736	10.057	0	4.448	0.961	3.644	14.888	0	1.695	0.961	2.757	4.832	0	0.5	0	0.5	0.343	0	0.5	0	0.5	0.343	0	0	0	0	0.1	0.2	0.222	0.6	0.4	0	0.4	0	0.4	0.4	0	0	0.602
2.391	0.948	0.779	0	1.779	1.781	0.948	0.779	0	1.779	3.257	0.948	0.779	0	1.779	0.333	0	0	0	0	1	0	0	0	0	0.333	0	0	0	0	0.2	0.8	0	0	0	0	0	0	0	0	0	0.431
5.37	0	15.985	0.796	4.273	13.305	4.117	25.209	7.158	8.405	7.493	4.117	15.416	6.213	4.958	0.424	0.667	0.17	0.524	0.361	0.424	0.667	0.17	0.524	0.361	0.333	0.333	0.128	0.133	0.3	0	0.2	0.25	0	0	0	0.2	0	0	0	0.415	0.145
0	19.147	1.671	4.273	0	0.829	27.405	4.233	8.405	4.617	0.829	14.672	4.233	4.958	4.617	0	0.194	0.7	0.361	0.3	0	0.191	0.7	0.361	0.3	0	0.192	0.3	0.3	0.3	1	0	0	0	0.4	1	0	0	0	1	0.417	0.931
2.14	0	0	0	1.856	2.935	0	0	0	6.159	2.125	0	0	0	6.159	0.667	0	0	0	0.2	0.667	0	0	0	0.2	1	0	0	0	0.2	0	0.2	0.2	0	0.2	0	0.2	0.2	0	0	0.415	0.188
