0	0.949	0	0	3.02	0	1.888	0	0	5.02	0	1.848	0	0	2.899	0	1	0	0	0.733	0	1	0	0	0.9	0	0	0	0	0	0	0.25	0	0.6	0	0	0	0	0	0	0	0.747
15.059	0	0	0	2.804	19.468	0	0	0	5.608	11.658	0	0	0	5.608	0.503	0	0	0	0.933	0.497	0	0	0	0.933	0.364	0	0	0	0.667	0.111	0	0	1	0	0	0	0	0	0	0.298	0.288
7.755	0.926	4.871	0.91	0	12.625	6.899	6.99	2.728	0	9.558	6.899	8.891	2.728	0	0.485	0.714	0.583	1	0	0.485	0.619	0.571	1	0	0.472	0.619	0.444	0.667	0	0	0	0	0	0.6	0	0	0	0	1	0.556	0.435
11.605	4.527	7.407	0	0.93	12.614	6.388	9.377	0	0.93	3.213	3.623	4.669	0	0.93	0.758	0.952	0.8	0	0	0.742	0.905	0.778	0	0	1	1	0.8	0	0	0.111	0	0	0	0.4	0	0	0	0	0.2	0.72	0.350
0	0.857	0	0	0	0	0.857	0	0	0	0	0	0	0	0	0	0	0	0	0	0	0	0	0	0	0	0	0	0	0	0	0.25	0	0	0	0	0	0	0	0	0.117	0.726
10.546	0	0	0.871	1.824	10.546	0	0	0.871	1.824	1.054	0	0	0	0	0.745	0	0	0	1	0.727	0	0	0	1	0	0	0	0	0	0	0.286	1	0	0	0	0.857	1	0	0	0.718	0.441
0	0.86	0	0	0	0	0.86	0	0	0	0	0	0	0	0	0	0	0	0	0	0	0	0	0	0	0	0	0	0	0	0.25	0	0.333	0	0	0	0	0.667	0	0	0.896	0.737
0	0	0	11.451	12.001	1.828	0.868	0	14.419	13.138	1.828	0.868	0	9.754	9.023	0	0	0	0.456	0.593	0	0	0	0.486	0.577	0	0	0	0.311	0.361	0	0	0	0	0	0	0	0.667	0	0	0.716	0.262
0	0.99	0	1.824	0	0	0.99	0	1.824	0	0	0.99	0	0	0	0	0	0	1	0	0	0	0	1	0	0	0	0	0	0	0	0	0	0	0	0.2	0	0	0	0	0	0.579
7.269	0	0	0	0	7.269	0	0	0	0	1.947	0	0	0	0	0.952	0	0	0	0	0.952	0	0	0	0	1	0	0	0	0	0.2	0.2	0	0.571	0.333	0.2	0	0	1	0.333	0.419	0.372
0	0	0.947	0	0	0	0	0.947	0	0	0	0	0	0	0	0	0	0	0	0	0	0	0	0	0	0	0	0	0	0	0	0.2	0	0	0.2	0	0.2	0	0	0	0	0.464
0.86	0	0	0	0	0.86	0	0	0	0	0	0	0	0	0	0	0	0	0	0	0	0	0	0	0	0	0	0	0	0	0	0	0.25	0	0.333	0	0	0	0	0.667	0.195	0.335
0	0.885	0	4.553	9.542	0	0.885	0	4.553	9.542	0	0	0	0	0.924	0	0	0	1	0.8	0	0	0	1	0.756	0	0	0	0	0	0.125	0	0	0	0	0.5	0	0	0	0.2	0.3	0.633
0	30.708	4.577	0	10.092	0	38.682	5.725	0	11.71	0	19.366	3.883	0	5.739	0	0.237	0.8	0	0.673	0	0.226	0.8	0	0.655	0	0.25	1	0	0.8	0	0	0.4	1	0	0	0	0	0.667	0	0	0.823
0	0	0	0.99	10.248	0	0	0	0.99	13.173	0	0	0	0.99	9.345	0	0	0	0	0.731	0	0	0	0	0.718	0	0	0	0	0.5	0	0	0	0	0	0	0.2	0	0	0	0.298	0.288
0.949	0	0	0	0	1.888	0	0	0	0	1.848	0	0	0	0	1	0	0	0	0	1	0	0	0	0	0	0	0	0	0	0.25	0.6	0	0	0	0	0	0	0	0	0	0.407
0	0	0	2.722	0.947	0	0	0	1.789	0.947	0	0	0	1.852	0	0	0	0	0.833	0	0	0	0	1	0	0	0	0	0	0	0.2	0	0	0.2	0	0.2	0	0	0	0	0	0.622
0	0	9.542	0.885	0	0	0	9.542	0.885	0	0	0	0.924	0	0	0	0	0.8	0	0	0	0	0.756	0	0	0	0	0	0	0	0	0.125	0	0	0	0	0.5	0.2	0	0.2	0.557	0.403
0	15.059	2.804	0	0	0	19.468	5.608	0	0	0	11.658	5.608	0	0	0	0.503	0.933	0	0	0	0.497	0.933	0	0	0	0.364	0.667	0	0	0	0.111	0	0	0	0	0	0	0	0	0	0.548
30.708	0	0	0	4.577	38.682	0	0	0	5.725	19.366	0	0	0	3.883	0.237	0	0	0	0.8	0.226	0	0	0	0.8	0.25	0	0	0	1	0	1	0	0.6	0.4	0	0.667	0	1	0	0.419	0.328
0	0	0.86	0	0	0	0	0.86	0	0	0	0	0	0	0	0	0	0	0	0	0	0	0	0	0	0	0	0	0	0	0	0	0	0	0.25	0	0	0	0	0	0.417	0.684
11.451	29.253	0	0	0	14.419	32.608	0.868	0	1.828	9.754	17.469	0.868	0	1.828	0.456	0.189	0	0	0	0.486	0.198	0	0	0	0.311	0.225	0	0	0	0	0	0	0	0	0	0	0	0	0	0.113	0.273
0	2.722	0	12.001	0	0	1.789	0	13.138	0	0	1.852	0	9.023	0	0	0.833	0	0.593	0	0	1	0	0.577	0	0	0	0	0.361	0	0	0.2	0.2	0	0	0	0	0.2	0	0	0	0.507
3.781	0	0	4.71	0	3.781	0	0	5.826	0	0.999	0	0	3.974	0	0.833	0	0	0.733	0	0.833	0	0	0.667	0	0	0	0	0.833	0	0	0.25	0.571	0	0.2	0	0	1	0	0	0.299	0.473
2.804	0	0	15.059	29.253	5.608	0	0	19.468	32.608	5.608	0	0	11.658	17.469	0.933	0	0	0.503	0.189	0.933	0	0	0.497	0.198	0.667	0	0	0.364	0.225	0	0	0	0.111	0	0	0	0	0	0	0.292	0.150
9.542	0	0	0	0	9.542	0	0	0	0	0.924	0	0	0	0	0.8	0	0	0	0	0.756	0	0	0	0	0	0	0	0	0	0	0	0	0.125	0.8	0.2	0	0.2	0.5	1	0.556	0.564
0	0.871	10.546	2.644	0	0	0.871	10.546	2.644	0	0	0	1.054	0	0	0	0	0.745	1	0	0	0	0.727	1	0	0	0	0	0	0	0.286	0	0	0	1	0.857	0	0	0	1	0.716	0.725
0.857	0	0	0	0	0.857	0	0	0	0	0	0	0	0	0	0	0	0	0	0	0	0	0	0	0	0	0	0	0	0	0.25	0	0	0.25	0	0	0	0	0	0	0.415	0.262
7.407	11.605	0.93	4.527	0	9.377	12.614	0.93	6.388	0	4.669	3.213	0.93	3.623	0	0.8	0.758	0	0.952	0	0.778	0.742	0	0.905	0	0.8	1	0	1	0	0	0.111	0.4	0	0	0	0	0.2	0	0	0.419	0.330
0	0	0	7.269	0	0	0	0	7.269	0	0	0	0	1.947	0	0	0	0	0.952	0	0	0	0	0.952	0	0	0	0	1	0	0.333	0	0.4	0.2	0.667	0.333	0	0.2	0.2	0.667	0.298	0.813
3.02	0	4.957	0	15.391	5.02	0	6.917	0	21.582	2.899	0	7.876	0	11.147	0.733	0	0.571	0	0.381	0.9	0	0.619	0	0.367	0	0	0.536	0	0.236	0	0	0.25	0	0.286	0	0	0	0	0	0	0.517
0	0	14.411	0	0	0	0	14.411	0	0	0	0	2.044	0	0	0	0	0.495	0	0	0	0	0.486	0	0	0	0	0	0	0	0	0.333	0	0.25	0.25	0	0.667	0	0	0	0	0.541
2.722	12.001	0	0	0	1.789	13.138	0	0	0	1.852	9.023	0	0	0	0.833	0.593	0	0	0	1	0.577	0	0	0	0	0.361	0	0	0	0.2	0	0	0	0.2	0	0	0	0.667	0.2	0	0.614
0	2.804	29.253	0	11.451	0	5.608	32.608	0	14.419	0	5.608	17.469	0	9.754	0	0.933	0.189	0	0.456	0	0.933	0.198	0	0.486	0	0.667	0.225	0	0.311	0	0	0	0	0	0	0	0	0	0	0.714	0.306
1.84	0	2.644	0.947	0.871	1.84	0	2.644	0.947	0.871	0	0	0	0	0	1	0	1	0	0	1	0	1	0	0	0	0	0	0	0	0	0.2	0	0	0	0	0	0	0	0	0.296	0.392
0	4.871	0	7.755	30.708	0	6.99	0	12.625	38.682	0	8.891	0	9.558	19.366	0	0.583	0	0.485	0.237	0	0.571	0	0.485	0.226	0	0.444	0	0.472	0.25	0.6	0	1	0	0	1	0	0.667	0	0	0.298	0.853
0	0	3.02	0.949	4.957	0	0	5.02	1.888	6.917	0	0	2.899	1.848	7.876	0	0	0.733	1	0.571	0	0	0.9	1	0.619	0	0	0	0	0.536	0	0	0	0.25	0.25	0	0	0	0	0	0	0.555
0	3.781	0	0	7.269	0	3.781	0	0	7.269	0	0.999	0	0	1.947	0	0.833	0	0	0.952	0	0.833	0	0	0.952	0	0	0	0	1	0.571	0	0.2	0.25	0.2	1	0	0	0	0.2	0.418	0.940
0	0	0	0.86	14.411	0	0	0	0.86	14.411	0	0	0	0	2.044	0	0	0	0	0.495	0	0	0	0	0.486	0	0	0	0	0	0.333	0.25	0	0	0	0.667	0	0	0	0	0	0.972
4.957	3.02	15.391	0	3.379	6.917	5.02	21.582	0	8.379	7.876	2.899	11.147	0	5.935	0.571	0.733	0.381	0	0.679	0.619	0.9	0.367	0	0.607	0.536	0	0.236	0	0.467	0.25	0	0.286	0	0	0	0	0	0	0	0	0.481
0.871	2.644	0	1.84	10.546	0.871	2.644	0	1.84	10.546	0	0	0	0	1.054	0	1	0	1	0.745	0	1	0	1	0.727	0	0	0	0	0	0	0	0.286	0	0	0	0	0.857	0	0	0.894	0.475
4.527	0	11.605	10.248	7.407	6.388	0	12.614	13.173	9.377	3.623	0	3.213	9.345	4.669	0.952	0	0.758	0.731	0.8	0.905	0	0.742	0.718	0.778	1	0	1	0.5	0.8	0	0	0.111	0	0	0	0	0	0	0	0.896	0.187
15.391	4.957	3.379	3.02	1.153	21.582	6.917	8.379	5.02	5.313	11.147	7.876	5.935	2.899	5.313	0.381	0.571	0.679	0.733	0.8	0.367	0.619	0.607	0.9	0.8	0.236	0.536	0.467	0	0.6	0.286	0.25	0	0	0	0	0	0	0	0	0.557	0.386
0	-1	0	-1	0	0	-1	0	-1	0	0	-1	0	-1	0	0	-1	0	-1	0	0	-1	0	-1	0	0	-1	0	-1	0	0	-1	0	-1	0.6	0	-1	0	-1	0	0.718	0.814
4.71	10.092	0	4.577	3.781	5.826	11.71	0	5.725	3.781	3.974	5.739	0	3.883	0.999	0.733	0.673	0	0.8	0.833	0.667	0.655	0	0.8	0.833	0.833	0.8	0	1	0	0	0	0.25	0.4	0	0	0	0	0	0	0	0.742
0	0	12.001	0	2.722	0	1.828	13.138	0.868	1.789	0	1.828	9.023	0.868	1.852	0	0	0.593	0	0.833	0	0	0.577	0	1	0	0	0.361	0	0	0	0	0	0	0.2	0.667	0	0	0	0	0	0.851
0	0	0	0.93	0	0	0	0	0.93	0	0	0	0	0.93	0	0	0	0	0	0	0	0	0	0	0	0	0	0	0	0	0	0	0	0.4	0	0	0	0	0.2	0	0.294	0.560
2.644	1.84	0.871	0	0	2.644	1.84	0.871	0	0	0	0	0	0	0	1	1	0	0	0	1	1	0	0	0	0	0	0	0	0	0	0	0	0.2	0.286	0	0	0	0	0.857	0.898	0.303
3.379	15.391	1.153	4.957	0.91	8.379	21.582	5.313	6.917	2.728	5.935	11.147	5.313	7.876	2.728	0.679	0.381	0.8	0.571	1	0.607	0.367	0.8	0.619	1	0.467	0.236	0.6	0.536	0.667	0	0.286	0	0.25	0	0	0	0	0	0	0.898	0.417
0	0	0	0.857	0	0	0	0	0.857	0	0	0	0	0	0	0	0	0	0	0	0	0	0	0	0	0	0	0	0	0	0	0	0	0.25	0	0	0	0	0	0	0.195	0.427
0	0	7.694	0	0	0	0	8.834	0	0	0	0	3.457	0	0	0	0	0.806	0	0	0	0	0.806	0	0	0	0	1	0	0	0	0.8	0	0	0.4	0.286	1	0	0.2	0	0.418	0.564
0	9.542	0	0	0	0	9.542	0	0	0	0	0.924	0	0	0	0	0.8	0	0	0	0	0.756	0	0	0	0	0	0	0	0	0	0	0.8	0	0	0.2	0.2	1	0	0.286	0	0.673
10.248	0	0	0	4.527	13.173	0	0	0	6.388	9.345	0	0	0	3.623	0.731	0	0	0	0.952	0.718	0	0	0	0.905	0.5	0	0	0	1	0	0	0	0	0	0	0	0	0	0	0.299	0.259
29.253	0	11.451	2.804	0	32.608	0	14.419	5.608	0.868	17.469	0	9.754	5.608	0.868	0.189	0	0.456	0.933	0	0.198	0	0.486	0.933	0	0.225	0	0.311	0.667	0	0	0	0	0	0	0	0	0	0	0	0.415	0.148
0	0	0	0	4.553	0	0	0	0	4.553	0	0	0	0	0	0	0	0	0	1	0	0	0	0	1	0	0	0	0	0	0.2	0.667	0	0.4	0	0.8	0.667	0.333	0.2	0	0	0.722
0.99	1.824	0	0	0	0.99	1.824	0	0	0	0.99	0	0	0	0	0	1	0	0	0	0	1	0	0	0	0	0	0	0	0	0	0	0	1	0	0	0	0.2	1	0	0.418	0.286
0.926	0.91	7.755	1.153	4.871	6.899	2.728	12.625	5.313	6.99	6.899	2.728	9.558	5.313	8.891	0.714	1	0.485	0.8	0.583	0.619	1	0.485	0.8	0.571	0.619	0.667	0.472	0.6	0.444	0	0	0	0	0	0	0	0	0	0	0.897	0.311
0	0	0	0	0	0	0	0	0	0	0	0	0	0	0	0	0	0	0	0	0	0	0	0	0	0	0	0	0	0	0.4	0.333	0.667	0	0.2	0.2	0.333	0.667	0	0.8	0	0.821
0.947	0	0	0	1.84	0.947	0	0	0	1.84	0	0	0	0	0	0	0	0	0	1	0	0	0	0	1	0	0	0	0	0	0	0	0.2	0.2	0	0	0	0	0.2	0	0	0.492
0	0	30.708	4.871	0	0	0	38.682	6.99	0	0	0	19.366	8.891	0	0	0	0.237	0.583	0	0	0	0.226	0.571	0	0	0	0.25	0.444	0	1	0.6	0	0	0	0.667	1	0	0	0	0.417	0.933
0	4.71	3.781	10.092	0	0	5.826	3.781	11.71	0	0	3.974	0.999	5.739	0	0	0.733	0.833	0.673	0	0	0.667	0.833	0.655	0	0	0.833	0	0.8	0	0.25	0	0	0	0.571	0	0	0	0	1	0	0.593
0	0	0	0	-1	0	0	0	0	-1	0	0	0	0	-1	0	0	0	0	-1	0	0	0	0	-1	0	0	0	0	-1	0	0	0	0	-1	0	0	0	0	-1	0.713	0.787
0	0	0	0	0	0	0	0	0	0	0	0	0	0	0	0	0	0	0	0	0	0	0	0	0	0	0	0	0	0	0.667	0.4	0.2	0.333	0	0.667	0.2	0.8	0.333	0.333	0	0.766
0.93	7.407	0	11.605	0	0.93	9.377	0	12.614	0	0.93	4.669	0	3.213	0	0	0.8	0	0.758	0	0	0.778	0	0.742	0	0	0.8	0	1	0	0.4	0	0	0.111	0	0.2	0	0	0	0	0.556	0.559
14.411	0	0	0	0	14.411	0	0	0	0	2.044	0	0	0	0	0.495	0	0	0	0	0.486	0	0	0	0	0	0	0	0	0	0	0	0.25	0.333	0	0	0	0	0.667	0	0.419	0.231
0	0	0	9.542	7.694	0	0	0	9.542	8.834	0	0	0	0.924	3.457	0	0	0	0.8	0.806	0	0	0	0.756	0.806	0	0	0	0	1	0.8	0	0	0	0	1	0.2	0.286	0.2	0	0	0.879
0	0	4.553	0	0.885	0	0	4.553	0	0.885	0	0	0	0	0	0	0	1	0	0	0	0	1	0	0	0	0	0	0	0	0	0.2	0	0.667	0	0.333	0.8	0	0.667	0	0	0.798
1.153	3.379	0.91	15.391	0.926	5.313	8.379	2.728	21.582	6.899	5.313	5.935	2.728	11.147	6.899	0.8	0.679	1	0.381	0.714	0.8	0.607	1	0.367	0.619	0.6	0.467	0.667	0.236	0.619	0	0	0	0.286	0	0	0	0	0	0	0.12	0.465
1.824	0	0.99	10.546	0	1.824	0	0.99	10.546	0	0	0	0.99	1.054	0	1	0	0	0.745	0	1	0	0	0.727	0	0	0	0	0	0	0	1	0	0	0	0	1	0	0	0.2	0.056	0.505
0	10.248	4.527	0	11.605	0	13.173	6.388	0	12.614	0	9.345	3.623	0	3.213	0	0.731	0.952	0	0.758	0	0.718	0.905	0	0.742	0	0.5	1	0	1	0	0	0	0	0.111	0	0	0	0	0	0.714	0.591
0	14.411	0	0	0.857	0	14.411	0	0	0.857	0	2.044	0	0	0	0	0.495	0	0	0	0	0.486	0	0	0	0	0	0	0	0	0.25	0	0	0	0.25	0	0	0	0	0	0	0.885
4.553	0	0.885	0	0	4.553	0	0.885	0	0	0	0	0	0	0	1	0	0	0	0	1	0	0	0	0	0	0	0	0	0	0	0	0	0.2	0.125	0	0.333	0	0.8	0.5	0.417	0.290
0	0	0.949	0	0	0	0	1.888	0	0	0	0	1.848	0	0	0	0	1	0	0	0	0	1	0	0	0	0	0	0	0	0.6	0	0.25	0	0	0	0	0	0	0	0	0.707
0	0	-1	0	-1	0	0	-1	0	-1	0	0	-1	0	-1	0	0	-1	0	-1	0	0	-1	0	-1	0	0	-1	0	-1	0	0	-1	0	-1	0	0	-1	0	-1	0.894	0.997
0	7.269	0	0	0	0	7.269	0	0	0	0	1.947	0	0	0	0	0.952	0	0	0	0	0.952	0	0	0	0	1	0	0	0	0	0.2	0.333	0.2	0.4	0	0.2	0.333	0	0.2	0.717	0.581
7.694	0	0	0	0	8.834	0	0	0	0	3.457	0	0	0	0	0.806	0	0	0	0	0.806	0	0	0	0	1	0	0	0	0	0	0	0.4	0.8	1	0	0.286	0	1	0	0.298	0.223
4.577	0	10.092	30.708	4.71	5.725	0	11.71	38.682	5.826	3.883	0	5.739	19.366	3.974	0.8	0	0.673	0.237	0.733	0.8	0	0.655	0.226	0.667	1	0	0.8	0.25	0.833	0.4	0	0	0	0	0	0	0	0	0	0	0.533
4.871	7.755	0	0.926	0	6.99	12.625	0	6.899	0	8.891	9.558	0	6.899	0	0.583	0.485	0	0.714	0	0.571	0.485	0	0.619	0	0.444	0.472	0	0.619	0	0	0	0.6	0	1	0	0	1	0	0.667	0	0.684
0	0	0	7.694	15.059	0	0	0	8.834	19.468	0	0	0	3.457	11.658	0	0	0	0.806	0.503	0	0	0	0.806	0.497	0	0	0	1	0.364	1	0.4	0	0	0.111	0	0	0	0	0	0	0.886
0	11.451	0	29.253	0	0.868	14.419	1.828	32.608	0	0.868	9.754	1.828	17.469	0	0	0.456	0	0.189	0	0	0.486	0	0.198	0	0	0.311	0	0.225	0	0	0	0	0	0	0	0	0	0	0.667	0.897	0.368
0	0.93	0	7.407	0	0	0.93	0	9.377	0	0	0.93	0	4.669	0	0	0	0	0.8	0	0	0	0	0.778	0	0	0	0	0.8	0	0	0.4	0	0	0	0	0.2	0	0	0	0.296	0.178
0	0	0	0	0.86	0	0	0	0	0.86	0	0	0	0	0	0	0	0	0	0	0	0	0	0	0	0	0	0	0	0	0	0	0	0	0	0	0	0	0	0	0.12	0.467
0.885	4.553	0	0	0	0.885	4.553	0	0	0	0	0	0	0	0	0	1	0	0	0	0	1	0	0	0	0	0	0	0	0	0	0	0.125	0	0	0	0	0.5	0.333	0	0.12	0.360
0	0	0.857	14.411	0	0	0	0.857	14.411	0	0	0	0	2.044	0	0	0	0	0.495	0	0	0	0	0.486	0	0	0	0	0	0	0	0.25	0.25	0	0	0	0	0	0	0	0	0.499
0	10.546	1.824	0	0.99	0	10.546	1.824	0	0.99	0	1.054	0	0	0.99	0	0.745	1	0	0	0	0.727	1	0	0	0	0	0	0	0	1	0	0	0.286	0	1	0	0	0.857	0	0.417	0.834
0	0	0	-1	0.949	0	0	0	-1	1.888	0	0	0	-1	1.848	0	0	0	-1	1	0	0	0	-1	1	0	0	0	-1	0	0	0	0.6	-1	0.25	0	0	0	-1	0	0.3	0.671
12.001	0	2.722	0	0	13.138	0	1.789	1.828	0	9.023	0	1.852	1.828	0	0.593	0	0.833	0	0	0.577	0	1	0	0	0.361	0	0	0	0	0	0	0.2	0	0	0	0.667	0	0	0	0.414	0.325
0	0	10.248	0	0	0	0	13.173	0	0	0	0	9.345	0	0	0	0	0.731	0	0	0	0	0.718	0	0	0	0	0.5	0	0	0	0	0	0	0	0	0	0	0.2	0	0.415	0.612
10.092	4.577	4.71	0	0	11.71	5.725	5.826	0	0	5.739	3.883	3.974	0	0	0.673	0.8	0.733	0	0	0.655	0.8	0.667	0	0	0.8	1	0.833	0	0	0	0.4	0	0	0.25	0	0	0	0	0	0.414	0.417
0	0	15.059	0	0	0	0	19.468	0	0	0	0	11.658	0	0	0	0	0.503	0	0	0	0	0.497	0	0	0	0	0.364	0	0	0	1	0.111	0.4	0	0	0	0	0	0	0.557	0.250
0	0	7.269	3.781	0	0	0	7.269	3.781	0	0	0	1.947	0.999	0	0	0	0.952	0.833	0	0	0	0.952	0.833	0	0	0	1	0	0	0.2	0.571	0.2	0	0	0	1	0.2	0	0	0	0.582
0.91	1.153	0.926	3.379	7.755	2.728	5.313	6.899	8.379	12.625	2.728	5.313	6.899	5.935	9.558	1	0.8	0.714	0.679	0.485	1	0.8	0.619	0.607	0.485	0.667	0.6	0.619	0.467	0.472	0	0	0	0	0	0	0	0	0	0	0.419	0.741
0	0.947	1.84	0	2.644	0	0.947	1.84	0	2.644	0	0	0	0	0	0	0	1	0	1	0	0	1	0	1	0	0	0	0	0	0.2	0	0	0	0	0	0	0	0	0	0.198	0.296
0	7.694	0	0	0	0	8.834	0	0	0	0	3.457	0	0	0	0	0.806	0	0	0	0	0.806	0	0	0	0	1	0	0	0	0.4	0	1	0	0	0	0	0	0.286	0	0	0.631
