1.026	0	8.559	0.885	10.091	2.053	0	10.844	1.758	15.688	1.027	0	6.225	1.788	6.591	1	0	0.538	1	0.617	1	0	0.545	1	0.6	0	0	0.467	1	0.4	0	0	0	0	0	0	0	0	0	0	0.556	0.096
0	0	0	0.901	0	0	0	0	0.901	0	0	0	0	0.901	0	0	0	0	0	0	0	0	0	0	0	0	0	0	0	0	0.222	0.6	0.2	0.2	0.2	0	0.8	0.2	0	0	0.556	0.379
0	1.938	0	0	0	0	0.885	0	0	0	1.043	1.938	0	0	1.043	0	1	0	0	0	0	0	0	0	0	0	1	0	0	0	0	0	0	0.889	0.2	1	0	0	1	0	0	0.607
0	15.022	0	6.019	0	0	15.022	0	6.019	0	0	1.967	0	4.18	0	0	0.838	0	0.933	0	0	0.781	0	0.8	0	0	0	0	0.5	0	0.2	0.2	0	0.333	0	0	0	0	1	0	0.299	0.268
0	3.536	0	0	20.497	0	3.536	0	0	20.497	0	3.693	0	0	8.397	0	0.524	0	0	0.624	0	0.333	0	0	0.632	0	0.333	0	0	0.143	0.25	0.2	0	0.25	0.4	0	0	0	0.25	0	0	0.446
28.524	0	1.31	44.425	16.602	34.387	0	1.31	43.142	16.158	16.396	0	3.532	20.756	10.414	0.348	0	1	0.213	0.684	0.328	0	0	0.217	0.608	0.217	0	0.667	0.164	0.472	0	0	0	0.5	1	0	0	0	1	1	0.42	0.131
0	24.507	0.919	19.85	0	0	30.315	1.85	24.08	0	0	7.67	2.029	6.277	0	0	0.299	0.667	0.525	0	0	0.303	1	0.493	0	0	0.19	0	0.267	0	1	0.375	0	0.8	0.2	1	0	0.2	0.4	0	0.298	0.898
0	0	0	0	0	0	0	0.864	0.864	0	0	0	0.864	0.864	0	0	0	0	0	0	0	0	0	0	0	0	0	0	0	0	0	0.2	0	0	0	0	0	0.2	0.6	0	0.554	0.136
0	0	0	0	7.319	0	0	0	0	6.438	0	0	0	0	2.827	0	0	0	0	0.821	0	0	0	0	0.81	0	0	0	0	1	0	0.2	0	0	0	0	0	0	0	0	0	0.555
0	0	0	0	1.821	0	0	0	0	1.821	0	0	0	0	0.928	0	0	0	0	0	0	0	0	0	0	0	0	0	0	0	0	0.125	0	0.4	0	0	0	0	0.2	0	0.556	0.228
0.885	1.916	0	20.509	3.536	0	1.916	0	18.181	3.536	0.885	1.081	0	7.818	3.693	0	0.667	0	0.58	0.524	0	1	0	0.621	0.333	0	0	0	0.286	0.333	0.2	0.556	0.25	0.333	0.2	0.2	0.667	0.25	1	0	0	0.452
0	0	0	0.919	0	1.877	0	0	1.85	0	1.877	0	0	2.029	0	0	0	0	0.667	0	0	0	0	1	0	0	0	0	0	0	0.2	0.2	0	0	0	0	0	0	0.2	0	0.299	0.160
5.855	5.741	11.195	0	6.435	9.144	11.564	14.8	0	9.932	4.219	5.823	5.42	0	5.423	0.556	0.655	0.581	0	0.756	0.472	0.636	0.562	0	0.733	0.5	0.4	0.4	0	0.6	0	0	0.2	0	0	0.2	0	0.4	0	0	0.898	0.385
19.85	0	24.507	13.509	0	24.08	3.014	30.315	18.618	0	6.277	3.014	7.67	5.11	0	0.525	1	0.299	0.503	0	0.493	1	0.303	0.491	0	0.267	0.667	0.19	0.333	0	0.8	0	0.375	0	1	0.4	0	0	0	1	0.898	0.465
0	0	0	0	0	0	0	0	0	0	0	0	0	0	0	0	0	0	0	0	0	0	0	0	0	0	0	0	0	0	0.4	0.75	0.875	0.5	0.875	0.8	0.75	1	0	0.75	0	0.846
3.656	0	9.721	0	16.801	4.633	0	10.642	0	17.66	2.798	0	4.903	0	9.405	0.9	0	0.673	0	0.582	0.9	0	0.655	0	0.542	0.333	0	0.4	0	0.444	0	0	0	0	0	0	0	0.333	0	0	0.714	0.301
0	0	0	0	0	0	0	0	0	0	0	0	0	0	0	0	0	0	0	0	0	0	0	0	0	0	0	0	0	0	0.4	0	0.2	0	0	0	0	0	0	0	0	0.421
2.023	0	0	0.972	44.425	4.171	0	1.084	2.731	43.142	4.171	0.929	1.084	2.731	20.756	1	0	0	0.667	0.213	0.833	0	0	0.667	0.217	1	0	0	0.667	0.164	0	0	0	0	0.5	0	0	0	0	1	0.556	0.187
1.07	0	0	0	0	1.07	0	0	0	0	1.07	0	0	0	0	0	0	0	0	0	0	0	0	0	0	0	0	0	0	0	0	0.2	0	0.2	0	0	0	0	0.2	0	0.196	0.243
0	0	0	0	0	0	0	0	0	0	0	0	0	0	0	0	0	0	0	0	0	0	0	0	0	0	0	0	0	0	0	0	0	0	0	0	0	0	0	0	0.897	0.522
0	2.642	0	0	0	0.864	2.642	0	0	0	0.864	1.769	0	0	0	0	0.667	0	0	0	0	0.667	0	0	0	0	0	0	0	0	0	0.2	0.2	0.2	0	0.6	0	0	0	0	0.198	0.141
0	0	0	0	0.866	0	0	0	0	1.8	0	0	0	0	0.934	0	0	0	0	0	0	0	0	0	0	0	0	0	0	0	0	0	0	0	0	0	0	0	0	0	0.415	0.794
0	44.425	28.524	0	1.31	0	43.142	34.387	1.084	1.31	0	20.756	16.396	1.084	3.532	0	0.213	0.348	0	1	0	0.217	0.328	0	0	0	0.164	0.217	0	0.667	0	0.5	0	0	0	0	1	0	0	0	0.197	0.412
24.507	19.85	0	0	0.919	30.315	24.08	0	3.014	1.85	7.67	6.277	0	3.014	2.029	0.299	0.525	0	1	0.667	0.303	0.493	0	1	1	0.19	0.267	0	0.667	0	0.375	0.8	1	0	0	0	0.4	1	0	0.2	0.9	0.210
0	0.885	1.026	1.802	8.559	0	1.758	2.053	1.802	10.844	0	1.788	1.027	2.745	6.225	0	1	1	1	0.538	0	1	1	1	0.545	0	1	0	0.667	0.467	0	0	0	0	0	0	0	0	0	0	0.415	0.218
0	0	0	9.089	0	0	0	0	9.981	0	0	0	0	1.813	0	0	0	0	0.764	0	0	0	0	0.673	0	0	0	0	0	0	0.75	0.5	0.4	0.4	0.875	0.75	0	0.8	0.2	1	0	0.675
0	0	21.566	0	2.674	0	0	26.03	0	5.08	0	0	7.664	0	1.223	0	0	0.418	0	1	0	0	0.406	0	1	0	0	0.381	0	0	0	0	0.556	0	0.2	0	0	0	0	0	0.117	0.332
15.022	6.019	0	0	0	15.022	6.019	0	0	0	1.967	4.18	0	0	0	0.838	0.933	0	0	0	0.781	0.8	0	0	0	0	0.5	0	0	0	0.2	0.333	0.2	1	0	0	1	0	1	0	0.196	0.421
0	0	0	0	0	0	0	0	0	0	1.043	0	0	1.043	0	0	0	0	0	0	0	0	0	0	0	0	0	0	0	0	0.2	0	0	0	0.2	0	0	0	1	0.4	0	0.568
0	0	0	0.901	0	0	0	0.879	0.901	0	0	0	0.879	0.901	0	0	0	0	0	0	0	0	0	0	0	0	0	0	0	0	0	0.4	0	0	0	0	0	0	0	0	0.557	0.328
3.785	3.772	9.089	0	0	2.912	4.664	9.981	0	0	1.837	1.843	1.813	0	0	0.5	0.4	0.764	0	0	1	0.4	0.673	0	0	0	0	0	0	0	0	0.4	0.4	0	0.5	0	0	0.2	0	0	0	0.439
0	0	0	0	21.566	0	0	0	0	26.03	0	0	0	0	7.664	0	0	0	0	0.418	0	0	0	0	0.406	0	0	0	0	0.381	0	0	0	0	0.556	0	0	0	0	0	0.417	0.687
1.938	0	0	0	0	0.885	0	0	0	0	1.938	0	1.043	0	0	1	0	0	0	0	0	0	0	0	0	1	0	0	0	0	0	0.889	0	0.75	0	0	1	1	0.125	0	0	0.584
0	2.023	44.425	0	0	1.084	4.171	43.142	0	0	1.084	4.171	20.756	0.929	0	0	1	0.213	0	0	0	0.833	0.217	0	0	0	1	0.164	0	0	0	0	0.5	0	0	0	0	1	0	0	0.415	0.211
0.869	0	0	0.871	0	1.748	0	0	0.871	0	1.748	0	0	0.871	0	1	0	0	0	0	1	0	0	0	0	1	0	0	0	0	0	0	0	0.111	0	0	0	0	0	0	0.718	0.079
0	12.296	0	0	0.963	0	12.296	0	0	0.963	0	4.219	0	0	0	0	0.872	0	0	0	0	0.742	0	0	0	0	0.333	0	0	0	0.25	0.4	0.625	0.111	0.5	0.75	0.2	0.625	0	0.5	0.117	0.726
0	0	0	0	0	0	0	1.957	0.868	0	0	0	1.957	0.868	0	0	0	0	0	0	0	0	0	0	0	0	0	0	0	0	0.667	0	0.5	0.8	0	0.667	0	0	0.8	0	0.198	0.686
9.089	3.785	0	3.772	0	9.981	2.912	0	4.664	0	1.813	1.837	0	1.843	0	0.764	0.5	0	0.4	0	0.673	1	0	0.4	0	0	0	0	0	0	0.4	0	0.5	0.4	0.75	0.2	0	0	0	0.75	0.298	0.305
0	21.387	13.319	0	0	0	25.719	17.253	0	0.903	0	7.643	7.581	0	0.903	0	0.342	0.536	0	0	0	0.326	0.497	0	0	0	0.143	0.25	0	0	1	0	0.333	0	0.5	1	0	0	0	0.25	0.298	0.964
0	7.682	0	0	0	0	8.594	0	1.046	0	0	3.106	0	1.046	0	0	0.528	0	0	0	0	0.5	0	0	0	0	0.333	0	0	0	0	0	0.4	0	0.125	0	0	0.2	0	0	0.717	0.329
21.547	5.66	0	0	0	24.392	5.441	0	0	0	4.983	3.046	0	0	0	0.523	0.857	0	0	0	0.497	0.8	0	0	0	0.7	1	0	0	0	0	0.667	0	0	0	0	0	0	0	0	0.415	0.141
0	0	0	-1	0	0	0	0	-1	0	0	0	0	-1	0	0	0	0	-1	0	0	0	0	-1	0	0	0	0	-1	0	0	0	0	-1	0	0	0.2	0	-1	0	0.718	0.926
0	0.885	3.536	1.916	0	0	0	3.536	1.916	0	0	0.885	3.693	1.081	0	0	0	0.524	0.667	0	0	0	0.333	1	0	0	0	0.333	0	0	0.25	0.2	0.2	0.556	0.25	0.25	0.2	0	0.667	0	0	0.620
0	0	1.07	0	0	0	0	1.07	0	0	0	0	1.07	0	0	0	0	0	0	0	0	0	0	0	0	0	0	0	0	0	0.2	0.4	0	0	0.4	0.2	0	0	0	0	0	0.462
0	0	0	0	0	0	0.868	0	1.002	1.957	0	0.868	0	1.002	1.957	0	0	0	0	0	0	0	0	0	0	0	0	0	0	0	0	0.8	0.667	0	0.5	0	0.8	0.667	0	0	0.717	0.215
0	0	9.667	19.699	20.509	0	0	8.599	17.708	18.181	0	0	6.439	14.004	7.818	0	0	0.848	0.545	0.58	0	0	0.944	0.567	0.621	0	0	0.4	0.348	0.286	0.6	0	0.25	0.333	0.333	0	0.25	0	1	1	0	0.514
0	3.872	12.296	0	0	0	3.872	12.296	0	0	0	2.985	4.219	0	0	0	0.167	0.872	0	0	0	0.167	0.742	0	0	0	0	0.333	0	0	0.111	0	0.4	0.2	0.25	0	0	0.2	0	0.75	0.299	0.661
12.591	16.801	0.909	9.721	3.718	12.695	17.66	0.909	10.642	2.608	6.122	9.405	0.909	4.903	3.709	0.571	0.582	0	0.673	0.8	0.615	0.542	0	0.655	1	0.333	0.444	0	0.4	0.5	0	0	0	0	0	0	0	0	0.333	0	0	0.367
0	1.105	0	0	0	0	1.105	0	0	0	0	1.105	0.964	0	0	0	0	0	0	0	0	0	0	0	0	0	0	0	0	0	0	0.2	0	0	0	0	0	0	0	0	0	0.573
0	0	1.938	2.761	0	0	0	0.885	2.761	0	0	0	1.938	0	1.043	0	0	1	0.333	0	0	0	0	0.333	0	0	0	1	0	0	0.889	0.75	0	0.667	0	1	0.125	0	1	1	0.116	0.831
0	1.07	0	0	0	0	1.07	0	0	0	0	1.07	0	0	0	0	0	0	0	0	0	0	0	0	0	0	0	0	0	0	0	0	0	0.2	0	0	0	0	0	0	0.558	0.307
0	0	0	0	0	0	0	0	0	0	0	0	0	0	0	0	0	0	0	0	0	0	0	0	0	0	0	0	0	0	0.143	0.2	0.25	0.2	0	0	0.2	0	0.4	0	0.196	0.256
0	0	0	0	0	0	0.915	0	0	0	0	0.915	0	0	0	0	0	0	0	0	0	0	0	0	0	0	0	0	0	0	0	0	0.25	0	0	0	0	0	0	0	0.716	0.272
0	0	0	0	0	0	0	0	0	0	0	0	0	0	0	0	0	0	0	0	0	0	0	0	0	0	0	0	0	0	0	0	0	0	0	0	0	0	0	0	0.716	0.330
0	21.931	0	0	0	0	21.931	0	0	0	0	5.433	0	0	0	0	0.576	0	0	0	0	0.524	0	0	0	0	0.5	0	0	0	1	0.857	0.2	0.2	0	1	1	0.2	0.6	0	0	0.940
0	0	0.876	0	0.871	0	0	0.876	0	0.871	0	0	0.876	0	0.871	0	0	0	0	0	0	0	0	0	0	0	0	0	0	0	0	0	0	0.8	0.111	0.286	0	0	0.6	0	0.418	0.131
1.07	0	0	0	0	1.07	0	0	0	0	1.07	0	0	0	0	0	0	0	0	0	0	0	0	0	0	0	0	0	0	0	0	0.2	0.4	0.4	0	0	0.2	0	0	0	0.298	0.171
44.425	0	0	2.023	28.524	43.142	1.084	0	4.171	34.387	20.756	1.084	0	4.171	16.396	0.213	0	0	1	0.348	0.217	0	0	0.833	0.328	0.164	0	0	1	0.217	0.5	0	0	0	0	1	0	0	0	0	0	0.360
20.497	0	0	0	3.872	20.497	0	0	0	3.872	8.397	0	0	0	2.985	0.624	0	0	0	0.167	0.632	0	0	0	0.167	0.143	0	0	0	0	0.4	0	0.2	0.25	0	0	0	0	0	0	0	0.432
0.866	0	0	0	0	1.8	0	0	0	0.934	0.934	0	0	0	0.934	0	0	0	0	0	0	0	0	0	0	0	0	0	0	0	0	0	0.2	0	0.333	0	0	0.4	0	0	0.556	0.317
0	0	0	0	0	0.879	0	0	0	0	0.879	0	0	0	0	0	0	0	0	0	0	0	0	0	0	0	0	0	0	0	0	0	0	0.4	0	0	0	0	0	0	0.294	0.473
0	28.851	0.901	0	0	0	30.645	0.901	0	0	0	7.445	0.901	0	0	0	0.441	0	0	0	0	0.416	0	0	0	0	0.19	0	0	0	0	0	0	0	0.4	0	0	0	0	0	0.557	0.370
0	3.718	0	0.909	0	0	2.608	0	0.909	0	0	3.709	0	0.909	0	0	0.8	0	0	0	0	1	0	0	0	0	0.5	0	0	0	0	0	0.25	0	0	0	0	0.25	0	0.2	0	0.432
0	0	0	7.682	0	0	0	0	8.594	0	0	0	0	3.106	0	0	0	0	0.528	0	0	0	0	0.5	0	0	0	0	0.333	0	0.4	0	0.125	0	0	0.2	0	0	0	0	0.056	0.608
0	0	1.07	0	0	0	0	1.07	0	0	0	0	1.07	0	0	0	0	0	0	0	0	0	0	0	0	0	0	0	0	0	0.2	0.2	0	0.222	0	0	0.2	0	0	0	0	0.640
16.801	9.721	12.591	3.656	0.909	17.66	10.642	12.695	4.633	0.909	9.405	4.903	6.122	2.798	0.909	0.582	0.673	0.571	0.9	0	0.542	0.655	0.615	0.9	0	0.444	0.4	0.333	0.333	0	0	0	0	0	0	0	0.333	0	0	0	0.418	0.134
0	0	0	0	0	0	0.864	0	0	0	0	0.864	0	0	0	0	0	0	0	0	0	0	0	0	0	0	0	0	0	0	0	0	0.8	0	0	0	0.2	0.6	0	0	0.42	0.097
0	0	0	19.801	0	0	0	0	19.801	0	0	0	0	2.852	0	0	0	0	0.702	0	0	0	0	0.655	0	0	0	0	0.667	0	0.2	0	0	0.2	0	0	0	0	0.2	0	0	0.551
0	0	0	0	0	0	0	0	0	0	0	0	0	0	0	0	0	0	0	0	0	0	0	0	0	0	0	0	0	0	0	0	0	0	0	0	0	0	0	0	0.117	0.501
21.931	0	0	0	0	21.931	0	0	0	0	5.433	0	0	0	0	0.576	0	0	0	0	0.524	0	0	0	0	0.5	0	0	0	0	0.857	0.2	1	0.25	0.2	1	0.6	1	0.75	0.2	0.418	0.507
3.772	0	3.785	0	9.089	4.664	0	2.912	0	9.981	1.843	0	1.837	0.964	1.813	0.4	0	0.5	0	0.764	0.4	0	1	0	0.673	0	0	0	0	0	0.4	0	0	0	0.4	0	0	0	0	0.2	0	0.302
2.751	23.733	0	0	5.66	2.751	25.592	0	0	5.441	2.751	9.619	0	0	3.046	1	0.427	0	0	0.857	1	0.402	0	0	0.8	1	0.356	0	0	1	0	0	0	0.222	0.667	0	0	0	0	0	0.299	0.221
21.387	0	0	1.8	13.319	25.719	0	0	3.87	17.253	7.643	0	0	2.962	7.581	0.342	0	0	0.667	0.536	0.326	0	0	0.667	0.497	0.143	0	0	0.667	0.25	0	0	1	0	0.333	0	0	1	0	0	0.554	0.179
0	0	0	0	0	0	0	0	0	0	0	0	0	0	0	0	0	0	0	0	0	0	0	0	0	0	0	0	0	0	0.25	0.143	0	0.2	0	0	0	0	0.2	0.2	0.3	0.448
1.105	0	0	0	0	1.105	0	0	0	0	1.105	0	0	0	0.964	0	0	0	0	0	0	0	0	0	0	0	0	0	0	0	0.2	0	0	0	0	0	0	0	0	0	0.296	0.184
0	13.319	0	0	0	0.903	17.253	1.002	0	0.868	0.903	7.581	1.002	0	0.868	0	0.536	0	0	0	0	0.497	0	0	0	0	0.25	0	0	0	0.5	0.333	0	1	0.8	0.25	0	0	1	0.8	0	0.646
0	11.109	0	2.838	1.802	0	10.143	0	3.752	1.802	0	8.457	0	3.752	2.745	0	0.571	0	0.833	1	0	0.709	0	0.833	1	0	0.25	0	0.833	0.667	0	0.667	0	0	0	0	0.667	0	0	0	0.417	0.207
0	0	0	21.931	0	0	0	0	21.931	0.915	0	0	0	5.433	0.915	0	0	0	0.576	0	0	0	0	0.524	0	0	0	0	0.5	0	0.2	1	0	0.857	0	0.2	1	0	1	0	0.118	0.671
0	0	0	0	0	0	0	0	1.877	0.908	0	0	0	1.877	0.908	0	0	0	0	0	0	0	0	0	0	0	0	0	0	0	0	0	0.2	0.2	0.2	0	0	0	0	0.2	0.417	0.343
0	0.869	0	0	0	0	1.748	0	0	0	0	1.748	0	0	0	0	1	0	0	0	0	1	0	0	0	0	1	0	0	0	0	0	0	0	0	0	0	0	0	0	0.716	0.235
0	0	0	0	0	0	0	0	0.934	0	0	0	0	0.934	0	0	0	0	0	0	0	0	0	0	0	0	0	0	0	0	0	0.111	0.4	0.333	0.2	0	0	0	0	0.2	0.897	0.163
0	0	0	0	0	0	0	0	0	0	0	0	0	0	0	0	0	0	0	0	0	0	0	0	0	0	0	0	0	0	0	0	0	0	0	0	0	0	0	0	0.419	0.096
2.674	21.566	6.541	0	13.509	5.08	26.03	10.973	0	18.618	1.223	7.664	3.29	0	5.11	1	0.418	0.636	0	0.503	1	0.406	0.618	0	0.491	0	0.381	0.667	0	0.333	0.2	0.556	0	0	0	0	0	0	0	0	0.717	0.183
0	19.699	0	0	9.667	0	17.708	0	0	8.599	0	14.004	0	0	6.439	0	0.545	0	0	0.848	0	0.567	0	0	0.944	0	0.348	0	0	0.4	0	0.333	0.6	0	0.25	0.25	1	0	0.2	0	0	0.672
0	1.821	0	0	1.105	0	1.821	0	0	1.105	0	0.928	0	0	1.105	0	0	0	0	0	0	0	0	0	0	0	0	0	0	0	0	0	0	0	0.2	0	0	0	0	0	0	0.420
0	0	0	0	1.8	0	0	1.063	0	3.87	0	0	1.063	0	2.962	0	0	0	0	0.667	0	0	0	0	0.667	0	0	0	0	0.667	0	0.2	0.25	0.4	0	0	0	0	0	0	0.56	0.340
0	0	0	0.869	0.972	0	0	0	1.748	2.731	0	0	0	1.748	2.731	0	0	0	1	0.667	0	0	0	1	0.667	0	0	0	1	0.667	0	0	0	0	0	0	0	0	0	0	0.898	0.182
0	0	0	0	0	0	0	0.908	0	0	0	0	0.908	0	0	0	0	0	0	0	0	0	0	0	0	0	0	0	0	0	0.2	0	0.2	0	0	0	0	0.2	0	0	0	0.410
0.919	0	0	24.507	0	1.85	0	0	30.315	1.877	2.029	0	0	7.67	1.877	0.667	0	0	0.299	0	1	0	0	0.303	0	0	0	0	0.19	0	0	1	0.2	0.375	0.2	0.2	1	0	0	0	0.42	0.309
0	0.866	0	0	0	0	1.8	0.934	0	0	0	0.934	0.934	0	0	0	0	0	0	0	0	0	0	0	0	0	0	0	0	0	0.2	0	0.333	0	0.111	0.4	0	0	0	0	0.117	0.321
0	2.761	0	10.375	1.938	0	2.761	0	10.375	0.885	0	0	0	4.749	1.938	0	0.333	0	0.509	1	0	0.333	0	0.491	0	0	0	0	0.5	1	0.75	0.667	0.889	0.2	0	0.125	1	1	0.2	0	0.3	0.479
0	0	0	0	0	0	0	0	0	0	0	0	0	0	0	0	0	0	0	0	0	0	0	0	0	0	0	0	0	0	0.2	0.2	0.143	0	0.25	0.2	0.4	0	0	0	0	0.587
0	0	0	0	0	0	1.877	0	0	0	0	1.877	0	0	0	0	0	0	0	0	0	0	0	0	0	0	0	0	0	0	0	0.2	0	0.2	0.2	0	0	0	0	0	0.716	0.370
0	19.801	0	0	0	0	19.801	0	0	0	0	2.852	0	0	0	0	0.702	0	0	0	0	0.655	0	0	0	0	0.667	0	0	0	0	0.2	0.2	0.75	0	0	0.2	0	0.375	0	0	0.422
0	0	0	0	0	0	0	0	0.864	0	0	0	0	0.864	0	0	0	0	0	0	0	0	0	0	0	0	0	0	0	0	0.8	0	0	0	0	0.6	0	0	0.2	0.286	0	0.172
28.851	0	0	0	0.901	30.645	0	0	0	0.901	7.445	0	0	0	0.901	0.441	0	0	0	0	0.416	0	0	0	0	0.19	0	0	0	0	0	0	0	0.25	0	0	0	0	0	0	0.3	0.244
0	0	0	15.022	0	0	0	0	15.022	0	0	0	0	1.967	0	0	0	0	0.838	0	0	0	0	0.781	0	0	0	0	0	0	0	0.2	0	0.2	0	0	0	0	0	0	0.713	0.433
0	0	21.931	0.963	0	0	0	21.931	0.963	0	0	0	5.433	0	0	0	0	0.576	0	0	0	0	0.524	0	0	0	0	0.5	0	0	0.2	0.25	0.857	0.5	1	0.6	0.75	1	0.5	1	0	0.657
0	0	0	3.718	0.885	0	0	0	2.608	0	0	0	0	3.709	0.885	0	0	0	0.8	0	0	0	0	1	0	0	0	0	0.5	0	0.25	0	0	0	0.2	0.25	0	0.2	0	0.2	0	0.489
5.66	0	21.547	2.751	0	5.441	0	24.392	2.751	0	3.046	0	4.983	2.751	0	0.857	0	0.523	1	0	0.8	0	0.497	1	0	1	0	0.7	1	0	0.667	0	0	0	0	0	0	0	0	0	0.198	0.157
3.536	0	0	0.885	0	3.536	0	0	0	0	3.693	0	0	0.885	0	0.524	0	0	0	0	0.333	0	0	0	0	0.333	0	0	0	0	0.2	0.25	0.25	0.2	0	0	0.25	0	0.2	0	0	0.383
0	0	0	0	1.07	0	0	0	0	1.07	0	0	0	0	1.07	0	0	0	0	0	0	0	0	0	0	0	0	0	0	0	0.4	0	0.2	0.111	0	0	0	0.2	0	0	0.299	0.474
0	6.435	0	11.195	0	0	9.932	0	14.8	0	0	5.423	0	5.42	0	0	0.756	0	0.581	0	0	0.733	0	0.562	0	0	0.6	0	0.4	0	0	0	0	0.2	0	0	0	0	0.4	0	0.415	0.259
8.559	1.026	10.091	0	0	10.844	2.053	15.688	0	0	6.225	1.027	6.591	0	0	0.538	1	0.617	0	0	0.545	1	0.6	0	0	0.467	0	0.4	0	0	0	0	0	0	0	0	0	0	0	0	0.292	0.133
0	0	3.772	0	3.785	0	0	4.664	0	2.912	0	0.964	1.843	0	1.837	0	0	0.4	0	0.5	0	0	0.4	0	1	0	0	0	0	0	0	0	0.4	0	0	0	0	0	0	0	0.418	0.434
0	0	0	0	0	0	0	0	0	0	0	0	0	0	0	0	0	0	0	0	0	0	0	0	0	0	0	0	0	0	0	0	0	0	0.4	0	0	0	0.2	0	0.299	0.707
0	0	0	0	1.07	0	0	0	0	1.07	0	0	0	0	1.07	0	0	0	0	0	0	0	0	0	0	0	0	0	0	0	0.2	0.222	0.2	0.6	0	0.2	0	0	0.8	0	0.298	0.389
3.718	0.909	0	12.591	0	2.608	0.909	0	12.695	0	3.709	0.909	0	6.122	0	0.8	0	0	0.571	0	1	0	0	0.615	0	0.5	0	0	0.333	0	0	0	0	0	0.25	0	0	0	0	0.25	0	0.384
0	2.751	5.66	23.733	21.547	0	2.751	5.441	25.592	24.392	0	2.751	3.046	9.619	4.983	0	1	0.857	0.427	0.523	0	1	0.8	0.402	0.497	0	1	1	0.356	0.7	0	0	0.667	0	0	0	0	0	0	0	0.9	0.218
23.733	0	2.751	7.319	0	25.592	0	2.751	6.438	0	9.619	0	2.751	2.827	0	0.427	0	1	0.821	0	0.402	0	1	0.81	0	0.356	0	1	1	0	0	0.222	0	0	0	0	0	0	0	0	0.298	0.291
0	0	28.851	0	0	0	0	30.645	0	0	0	0	7.445	0	0	0	0	0.441	0	0	0	0	0.416	0	0	0	0	0.19	0	0	0	0.25	0	0	0	0	0	0	0	0	0	0.436
0.901	0	0	28.851	0	0.901	0	0	30.645	0	0.901	0	0	7.445	0	0	0	0	0.441	0	0	0	0	0.416	0	0	0	0	0.19	0	0	0	0.4	0	0	0	0	0	0	0	0.195	0.335
0	0	1.802	11.109	0.885	0	0	1.802	10.143	1.758	0	0	2.745	8.457	1.788	0	0	1	0.571	1	0	0	1	0.709	1	0	0	0.667	0.25	1	0	0	0	0.667	0	0	0	0	0.667	0	0.415	0.156
21.566	0	2.674	0	6.541	26.03	0	5.08	0	10.973	7.664	0	1.223	0	3.29	0.418	0	1	0	0.636	0.406	0	1	0	0.618	0.381	0	0	0	0.667	0.556	0	0.2	0	0	0	0	0	0	0	0.414	0.135
0	0	3.656	0	9.721	0	0	4.633	0	10.642	0	0	2.798	0	4.903	0	0	0.9	0	0.673	0	0	0.9	0	0.655	0	0	0.333	0	0.4	0	0	0	0	0	0	0	0	0	0.333	0.898	0.197
2.761	10.375	0	0	0	2.761	10.375	0	0	0	0	4.749	0	0	0	0.333	0.509	0	0	0	0.333	0.491	0	0	0	0	0.5	0	0	0	0.667	0.2	0.75	0.875	0.889	1	0.2	0.125	0.75	1	0.72	0.746
19.699	0	0	16.602	0	17.708	0	0	16.158	0	14.004	0	0	10.414	0	0.545	0	0	0.684	0	0.567	0	0	0.608	0	0.348	0	0	0.472	0	0.333	0	0	1	0.6	1	0.2	0.25	1	0	0	0.482
0	0.901	0	0	0	0	0.901	0	0	0.879	0	0.901	0	0	0.879	0	0	0	0	0	0	0	0	0	0	0	0	0	0	0	0.4	0	0	0	0	0	0	0	0	0	0	0.674
0	0	0	0	0.901	0	0	0	0	0.901	0	0	0	0	0.901	0	0	0	0	0	0	0	0	0	0	0	0	0	0	0	0	0.25	0	0.143	0.2	0	0	0.2	0	0	0.718	0.295
13.319	0	0	21.387	0	17.253	0	0.903	25.719	1.002	7.581	0	0.903	7.643	1.002	0.536	0	0	0.342	0	0.497	0	0	0.326	0	0.25	0	0	0.143	0	0.333	1	0.5	0	0	0	1	0.25	0	0	0.117	0.442
0.871	0.876	0	0	0.869	0.871	0.876	0	0	1.748	0.871	0.876	0	0	1.748	0	0	0	0	1	0	0	0	0	1	0	0	0	0	1	0.111	0	0	0	0	0	0	0	0.286	0	0.299	0.121
0	0	0	0	7.682	0	1.957	1.046	0	8.594	0	1.957	1.046	0	3.106	0	0	0	0	0.528	0	0	0	0	0.5	0	0	0	0	0.333	0	0.5	0	0.667	0	0	0	0	0.667	0	0.713	0.324
0	0	0	0	0	0	0	0	0	1.063	0	0	0	0	1.063	0	0	0	0	0	0	0	0	0	0	0	0	0	0	0	0.2	0.4	0	0	0.25	0	0	0	0	0	0	0.218
0	0	1.105	1.821	0	0	0	1.105	1.821	0	0	0	1.105	0.928	0	0	0	0	0	0	0	0	0	0	0	0	0	0	0	0	0	0	0.2	0	0	0	0	0	0	0	0.415	0.221
19.801	0	0	0	0	19.801	0	0	0	0	2.852	0	0	0	0	0.702	0	0	0	0	0.655	0	0	0	0	0.667	0	0	0	0	0.2	0.75	0	0	0.2	0.2	0.375	0	0	0	0	0.432
2.838	0	11.109	0	0	3.752	0	10.143	0	0	3.752	0	8.457	0	0	0.833	0	0.571	0	0	0.833	0	0.709	0	0	0.833	0	0.25	0	0	0	0	0.667	0	0	0	0	0.667	0	0	0.294	0.155
2.642	0	0	0	0	2.642	0	0.864	0	0	1.769	0	0.864	0	0	0.667	0	0	0	0	0.667	0	0	0	0	0	0	0	0	0	0.2	0.2	0	0	0.2	0	0	0.6	0	0	0.717	0.171
0	0	0.972	0	0	0	0	2.731	0	0	0	0	2.731	0	0.929	0	0	0.667	0	0	0	0	0.667	0	0	0	0	0.667	0	0	0	0	0	0	0	0	0	0	0	0	0.714	0.221
0.901	0	0	0	0	0.901	0	0	0	0	0.901	0	0	0	0	0	0	0	0	0	0	0	0	0	0	0	0	0	0	0	0.2	0	0.6	0	0.222	0	0.2	0.8	0	0	0	0.266
0	20.497	3.872	0	0	0	20.497	3.872	0	0	0	8.397	2.985	0	0	0	0.624	0.167	0	0	0	0.632	0.167	0	0	0	0.143	0	0	0	0.2	0.4	0	0	0.111	0	0	0	0	0	0.419	0.224
0	0	0	6.435	0	0	0	0	9.932	0	0	0	0	5.423	0	0	0	0	0.756	0	0	0	0	0.733	0	0	0	0	0.6	0	0	0	0	0	0	0	0	0	0	0	0.557	0.157
0	0	-1	0	-1	0	0	-1	0	-1	0	0	-1	0	-1	0	0	-1	0	-1	0	0	-1	0	-1	0	0	-1	0	-1	0	0	-1	0	-1	0	0	-1	0	-1	0.896	0.999
0	0	0.885	0	0	0	0	0	0	0	0	0	0.885	0	0	0	0	0	0	0	0	0	0	0	0	0	0	0	0	0	0	0.25	0.2	0	1	0.2	0.25	0.2	0	1	0	0.470
0	0	0	2.642	0	0	0.864	0	2.642	0.864	0	0.864	0	1.769	0.864	0	0	0	0.667	0	0	0	0	0.667	0	0	0	0	0	0	0.2	0	0	0.2	0	0	0.6	0	0	0.2	0.557	0.189
0	-1	0	-1	0	0	-1	0	-1	0	0	-1	0	-1	0	0	-1	0	-1	0	0	-1	0	-1	0	0	-1	0	-1	0	0	-1	0	-1	0	0.2	-1	0	-1	0	0.899	0.999
0	0	0	0	0	0.908	0	0	0	0	0.908	0	0	0	0	0	0	0	0	0	0	0	0	0	0	0	0	0	0	0	0.2	0.2	0	0	0	0.2	0	0	0	0	0.118	0.362
0	7.319	23.733	0	2.751	0	6.438	25.592	0	2.751	0	2.827	9.619	0	2.751	0	0.821	0.427	0	1	0	0.81	0.402	0	1	0	1	0.356	0	1	0.222	0	0	0	0	0	0	0	0	0	0.197	0.417
10.091	8.559	0	1.026	5.741	15.688	10.844	0	2.053	11.564	6.591	6.225	0	1.027	5.823	0.617	0.538	0	1	0.655	0.6	0.545	0	1	0.636	0.4	0.467	0	0	0.4	0	0	0	0	0	0	0	0	0	0	0.197	0.096
0	16.602	19.699	1.31	0	0	16.158	17.708	1.31	0	0	10.414	14.004	3.532	0	0	0.684	0.545	1	0	0	0.608	0.567	0	0	0	0.472	0.348	0.667	0	0	1	0.333	0	0	0.2	1	1	0	0.25	0	0.437
0	0	0	0	0	0	0	0	0	0	0	0	0	0	0	0	0	0	0	0	0	0	0	0	0	0	0	0	0	0	0	0	0	0	0	0	0	0	0	0	0.717	0.525
0	0	0	0	28.851	0	0	0	0.915	30.645	0	0	0	0.915	7.445	0	0	0	0	0.441	0	0	0	0	0.416	0	0	0	0	0.19	0.25	0	0	0	0	0	0	0	0	0	0.299	0.275
6.541	2.674	13.509	21.566	0	10.973	5.08	18.618	26.03	3.014	3.29	1.223	5.11	7.664	3.014	0.636	1	0.503	0.418	1	0.618	1	0.491	0.406	1	0.667	0	0.333	0.381	0.667	0	0.2	0	0.556	0	0	0	0	0	0	0.715	0.111
0.963	0	0	0	0	0.963	0	0	0	0	0	0	0	0	0	0	0	0	0	0	0	0	0	0	0	0	0	0	0	0	0.5	0.625	0.25	0.25	0.2	0.5	0.625	0.75	0.75	0.6	0	0.499
9.721	3.656	16.801	0	12.591	10.642	4.633	17.66	0	12.695	4.903	2.798	9.405	0	6.122	0.673	0.9	0.582	0	0.571	0.655	0.9	0.542	0	0.615	0.4	0.333	0.444	0	0.333	0	0	0	0	0	0.333	0	0	0	0	0.059	0.337
0	0	0.901	0	0	0	0	0.901	0	0	0	0	0.901	0	0	0	0	0	0	0	0	0	0	0	0	0	0	0	0	0	0	0	0.2	0.25	0.6	0.2	0	0	0	0.8	0.557	0.445
0	0	20.497	3.536	0	0	0	20.497	3.536	0	0	0	8.397	3.693	0	0	0	0.624	0.524	0	0	0	0.632	0.333	0	0	0	0.143	0.333	0	0	0.25	0.4	0.2	0.2	0	0	0	0	0	0	0.700
0	0	2.642	0	0	0	0	2.642	0	0.864	0	0	1.769	0	0.864	0	0	0.667	0	0	0	0	0.667	0	0	0	0	0	0	0	0.2	0	0.2	0	0	0	0	0	0	0.6	0.717	0.103
0	0	0	0	0.876	0	0	0	0	0.876	0	0	0	0	0.876	0	0	0	0	0	0	0	0	0	0	0	0	0	0	0	0	0.8	0	0	0	0	0.6	0.286	0	0	0	0.221
0	0	0	0	0	0	0.908	0	0	0	0	0.908	0	0	0	0	0	0	0	0	0	0	0	0	0	0	0	0	0	0	0	0.2	0	0.2	0	0	0.2	0	0	0	0.718	0.590
10.375	0	2.761	0	0	10.375	0	2.761	0	0	4.749	0	0	0	0	0.509	0	0.333	0	0	0.491	0	0.333	0	0	0.5	0	0	0	0	0.2	0.875	0.667	0.875	0.75	0.2	0.75	1	1	0.125	0.195	0.267
1.8	0	0	0	21.387	3.87	1.063	0	0	25.719	2.962	1.063	0	0	7.643	0.667	0	0	0	0.342	0.667	0	0	0	0.326	0.667	0	0	0	0.143	0	0.25	0	0	0	0	0	0	0	0	0	0.364
3.872	0	0	20.497	12.296	3.872	0	0	20.497	12.296	2.985	0	0	8.397	4.219	0.167	0	0	0.624	0.872	0.167	0	0	0.632	0.742	0	0	0	0.143	0.333	0	0.2	0.111	0.4	0.4	0	0	0	0	0.2	0.116	0.272
1.916	20.509	0.885	9.667	0	1.916	18.181	0	8.599	0	1.081	7.818	0.885	6.439	0	0.667	0.58	0	0.848	0	1	0.621	0	0.944	0	0	0.286	0	0.4	0	0.556	0.333	0.2	0.25	0.25	0.667	1	0.2	0	0.25	0.197	0.324
0	0	1.821	0	0	0	0	1.821	0	0	0	0	0.928	0	0	0	0	0	0	0	0	0	0	0	0	0	0	0	0	0	0	0	0	0.125	0	0	0	0	0	0	0.557	0.429
11.109	2.838	0	0	0	10.143	3.752	0	0	0	8.457	3.752	0	0	0	0.571	0.833	0	0	0	0.709	0.833	0	0	0	0.25	0.833	0	0	0	0.667	0	0	0	0	0.667	0	0	0	0	0	0.220
0	0	0	1.07	0	0	0	0	1.07	0	0	0	0	1.07	0	0	0	0	0	0	0	0	0	0	0	0	0	0	0	0	0	0	0	0	0	0	0	0	0	0	0.415	0.256
0	0	0	0.866	0	0.934	0	0	1.8	0	0.934	0	0	0.934	0	0	0	0	0	0	0	0	0	0	0	0	0	0	0	0	0.333	0.2	0.111	0	0	0	0.4	0	0	0	0.554	0.462
16.602	1.31	0	28.524	19.699	16.158	1.31	0	34.387	17.708	10.414	3.532	0	16.396	14.004	0.684	1	0	0.348	0.545	0.608	0	0	0.328	0.567	0.472	0.667	0	0.217	0.348	1	0	0	0	0.333	1	0	0.2	0	1	0	0.571
0.885	0	0	0	6.019	0	0	0	0	6.019	0.885	0	0	0	4.18	0	0	0	0	0.933	0	0	0	0	0.8	0	0	0	0	0.5	0.2	0	1	0.25	0.333	0.2	0.2	1	0.25	1	0	0.444
0	0	0	0	0	0	0	0	0	0	0	0	0	0	0	0	0	0	0	0	0	0	0	0	0	0	0	0	0	0	0	0	0	0	0	0	0	0	0	0	0.898	0.661
0	0	0	0	0	0	0	0	0	0	0	1.043	0	0	0	0	0	0	0	0	0	0	0	0	0	0	0	0	0	0	0	0.2	0.2	0	0.2	0	0	0.4	0	0.2	0	0.405
0	0	0	0	0	0.868	1.002	0	0.903	0	0.868	1.002	0	0.903	0	0	0	0	0	0	0	0	0	0	0	0	0	0	0	0	0.8	0	0	0.5	0.667	0.8	0	0	0.25	0.667	0.717	0.637
0	0	0	0	0	0	0.934	0	0	0	0	0.934	0	0	0	0	0	0	0	0	0	0	0	0	0	0	0	0	0	0	0.111	0.333	0	0.2	0.4	0	0	0	0.4	0	0.298	0.541
0	0.963	0	0	21.931	0	0.963	0	0	21.931	0	0	0	0	5.433	0	0	0	0	0.576	0	0	0	0	0.524	0	0	0	0	0.5	0.25	0.5	0.2	0.625	0.857	0.75	0.5	0.6	0.625	1	0	0.754
0	0	0.866	0	0	0	0	1.8	0	0	0	0	0.934	0	0	0	0	0	0	0	0	0	0	0	0	0	0	0	0	0	0	0	0	0	0.2	0	0	0	0	0.4	0.12	0.752
0	0	19.801	0	0	0	0	19.801	0	0	0	0	2.852	0	0	0	0	0.702	0	0	0	0	0.655	0	0	0	0	0.667	0	0	0.75	0	0.2	0.4	0	0.375	0	0.2	0	0	0	0.657
0	0	10.375	0	2.761	0	0	10.375	0	2.761	0	0	4.749	0	0	0	0	0.509	0	0.333	0	0	0.491	0	0.333	0	0	0.5	0	0	0.875	0.875	0.2	0.4	0.667	0.75	1	0.2	0.8	1	0	0.744
0	0	7.682	0	0	1.046	0	8.594	1.957	0	1.046	0	3.106	1.957	0	0	0	0.528	0	0	0	0	0.5	0	0	0	0	0.333	0	0	0	0	0	0.5	0	0	0	0	0	0	0.9	0.295
7.319	0	0	0	23.733	6.438	0	0	0	25.592	2.827	0	0	0	9.619	0.821	0	0	0	0.427	0.81	0	0	0	0.402	1	0	0	0	0.356	0	0	0.222	0	0	0	0	0	0	0	0	0.366
0	10.091	5.741	8.559	5.855	0	15.688	11.564	10.844	9.144	0	6.591	5.823	6.225	4.219	0	0.617	0.655	0.538	0.556	0	0.6	0.636	0.545	0.472	0	0.4	0.4	0.467	0.5	0	0	0	0	0	0	0	0	0	0.2	0.717	0.204
0	0	0	1.938	0	0	0	0	0.885	0	0	1.043	1.043	1.938	0	0	0	0	1	0	0	0	0	0	0	0	0	0	1	0	0	0	0.2	0	0	0	1	0	0	0	0.2	0.415
0	0	0	1.105	3.772	0	0	0	1.105	4.664	0.964	0	0	1.105	1.843	0	0	0	0	0.4	0	0	0	0	0.4	0	0	0	0	0	0	0	0	0.2	0.4	0	0	0	0	0	0.195	0.481
6.019	0	15.022	0.885	0	6.019	0	15.022	0	0	4.18	0	1.967	0.885	0	0.933	0	0.838	0	0	0.8	0	0.781	0	0	0.5	0	0	0	0	0.333	1	0.2	0.2	0.2	1	1	0	0.2	0	0	0.526
6.435	11.195	0	5.855	0	9.932	14.8	0	9.144	0	5.423	5.42	0	4.219	0	0.756	0.581	0	0.556	0	0.733	0.562	0	0.472	0	0.6	0.4	0	0.5	0	0	0.2	0	0	0	0	0.4	0	0.2	0	0.118	0.190
0	0	0	0	0	0.915	0	0	0	0	0.915	0	0	0	0	0	0	0	0	0	0	0	0	0	0	0	0	0	0	0	0	0	0	0.2	0.25	0	0	0	0.2	0	0.419	0.165
0	0	0	1.07	19.801	0	0	0	1.07	19.801	0	0	0	1.07	2.852	0	0	0	0	0.702	0	0	0	0	0.655	0	0	0	0	0.667	0	0.4	0.75	0	0.2	0	0	0.375	0	0.2	0	0.679
20.509	9.667	1.916	0	0.885	18.181	8.599	1.916	0	0	7.818	6.439	1.081	0	0.885	0.58	0.848	0.667	0	0	0.621	0.944	1	0	0	0.286	0.4	0	0	0	0.333	0.25	0.556	0.6	0.2	1	0	0.667	0	0.2	0	0.484
0	0	0	0	0	1.957	0	0	0	1.046	1.957	0	0	0	1.046	0	0	0	0	0	0	0	0	0	0	0	0	0	0	0	0.5	0.667	0	0	0	0	0.667	0	0	0	0.417	0.542
0	21.547	0	5.66	2.838	0	24.392	0	5.441	3.752	0	4.983	0	3.046	3.752	0	0.523	0	0.857	0.833	0	0.497	0	0.8	0.833	0	0.7	0	1	0.833	0	0	0	0.667	0	0	0	0	0	0	0.419	0.275
0	0	1.8	0	0	1.063	0	3.87	0	0	1.063	0	2.962	0	0	0	0	0.667	0	0	0	0	0.667	0	0	0	0	0.667	0	0	0.25	0	0	0.2	0	0	0	0	0	0	0.417	0.264
0.885	1.802	0	0	1.026	1.758	1.802	0	0	2.053	1.788	2.745	0	0	1.027	1	1	0	0	1	1	1	0	0	1	1	0.667	0	0	0	0	0	0	0	0	0	0	0	0	0	0	0.274
0	0.885	6.019	0	15.022	0	0	6.019	0	15.022	0	0.885	4.18	0	1.967	0	0	0.933	0	0.838	0	0	0.8	0	0.781	0	0	0.5	0	0	1	0.2	0.333	0	0.2	1	0.2	1	0.2	0	0	0.988
0	0	0	0	3.656	0	0	0	0.879	4.633	0	0	0	0.879	2.798	0	0	0	0	0.9	0	0	0	0	0.9	0	0	0	0	0.333	0	0	0	0	0	0	0	0	0	0	0.896	0.319
1.802	0	0.885	0	0	1.802	0	1.758	0	0	2.745	0	1.788	0	0	1	0	1	0	0	1	0	1	0	0	0.667	0	1	0	0	0	0	0	0	0	0	0	0	0	0	0	0.277
0.972	0	0	0	2.023	2.731	0	0	0	4.171	2.731	0	0.929	0	4.171	0.667	0	0	0	1	0.667	0	0	0	0.833	0.667	0	0	0	1	0	0	0	0	0	0	0	0	0	0	0.418	0.141
7.682	0	0	0	0	8.594	1.046	0	0	0	3.106	1.046	0	0	0	0.528	0	0	0	0	0.5	0	0	0	0	0.333	0	0	0	0	0	0	0	0	0.4	0	0	0	0	0.2	0.898	0.265
0	0	0	0	2.642	0	0	0	0	2.642	0	0	0	0	1.769	0	0	0	0	0.667	0	0	0	0	0.667	0	0	0	0	0	0	0	0.2	0	0.2	0	0	0	0	0	0.557	0.198
0	0	0	0	0	0	0.879	0	0	0	0	0.879	0	0	0	0	0	0	0	0	0	0	0	0	0	0	0	0	0	0	0	0	0	0	0	0	0	0	0	0	0.716	0.254
0	0.871	0.869	0.876	0	0	0.871	1.748	0.876	0	0	0.871	1.748	0.876	0	0	0	1	0	0	0	0	1	0	0	0	0	1	0	0	0	0.111	0	0	0	0	0	0	0	0	0.296	0.087
0	0	0	0	0	0.864	0	0	0	0	0.864	0	0	0	0	0	0	0	0	0	0	0	0	0	0	0	0	0	0	0	0	0	0	0.2	0.8	0.2	0	0	0	0.6	0.056	0.264
13.509	6.541	0	2.674	19.85	18.618	10.973	3.014	5.08	24.08	5.11	3.29	3.014	1.223	6.277	0.503	0.636	1	1	0.525	0.491	0.618	1	1	0.493	0.333	0.667	0.667	0	0.267	0	0	0	0.2	0.8	0	0	0	0	0.4	0.116	0.138
0	1.07	0	0	0	0	1.07	0	0	0	0	1.07	0	0	0	0	0	0	0	0	0	0	0	0	0	0	0	0	0	0	0.4	0	0	0.2	0.75	0	0	0	0.2	0.375	0.415	0.404
5.741	0	5.855	10.091	11.195	11.564	0	9.144	15.688	14.8	5.823	0	4.219	6.591	5.42	0.655	0	0.556	0.617	0.581	0.636	0	0.472	0.6	0.562	0.4	0	0.5	0.4	0.4	0	0	0	0	0.2	0	0	0.2	0	0.4	0.718	0.120
0	0	0	0	10.375	0	0	0	0	10.375	0	0	0	0	4.749	0	0	0	0	0.509	0	0	0	0	0.491	0	0	0	0	0.5	0.875	0.4	0.875	0.75	0.2	1	0.8	0.75	0.75	0.2	0	0.759
11.195	5.855	6.435	5.741	0	14.8	9.144	9.932	11.564	0	5.42	4.219	5.423	5.823	0	0.581	0.556	0.756	0.655	0	0.562	0.472	0.733	0.636	0	0.4	0.5	0.6	0.4	0	0.2	0	0	0	0	0.4	0.2	0	0	0	0.556	0.101
0	0	0	0	0	0	0	0.915	0	0	0	0	0.915	0	0	0	0	0	0	0	0	0	0	0	0	0	0	0	0	0	0	0.2	0	1	0	0	0.2	0	1	0	0.417	0.499
12.296	0	0	3.872	0	12.296	0	0	3.872	0	4.219	0	0	2.985	0	0.872	0	0	0.167	0	0.742	0	0	0.167	0	0.333	0	0	0	0	0.4	0.111	0.25	0	0.625	0.2	0	0.75	0	0.625	0	0.488
9.667	0	20.509	0	1.916	8.599	0	18.181	0	1.916	6.439	0	7.818	0	1.081	0.848	0	0.58	0	0.667	0.944	0	0.621	0	1	0.4	0	0.286	0	0	0.25	0.6	0.333	0	0.556	0	0	1	0.25	0.667	0	0.446
0.909	12.591	3.718	16.801	0	0.909	12.695	2.608	17.66	0	0.909	6.122	3.709	9.405	0	0	0.571	0.8	0.582	0	0	0.615	1	0.542	0	0	0.333	0.5	0.444	0	0	0	0	0	0	0	0	0	0	0	0	0.331
0	0	7.319	0	0	0	0	6.438	0	0	0	0	2.827	0	0	0	0	0.821	0	0	0	0	0.81	0	0	0	0	1	0	0	0	0	0	0.2	0.222	0	0	0	0	0	0	0.475
1.821	0	0	0	0	1.821	0	0	0	0	0.928	0	0	0	0	0	0	0	0	0	0	0	0	0	0	0	0	0	0	0	0	0	0	0	0	0	0	0	0	0	0.294	0.324
1.31	28.524	16.602	0	0	1.31	34.387	16.158	0	0	3.532	16.396	10.414	0	0	1	0.348	0.684	0	0	0	0.328	0.608	0	0	0.667	0.217	0.472	0	0	0	0	1	0	0	0	0	1	0	0.2	0.199	0.362
0	0.972	2.023	0	0	0	2.731	4.171	0	1.084	0.929	2.731	4.171	0	1.084	0	0.667	1	0	0	0	0.667	0.833	0	0	0	0.667	1	0	0	0	0	0	0	0	0	0	0	0	0	0.299	0.181
0	0	0	0	0	0	0	0	0	0	0	0	0	1.043	0	0	0	0	0	0	0	0	0	0	0	0	0	0	0	0	0.2	0	0.2	0.2	0.143	0.4	0	0.2	0	0	0	0.538
0	0	0	0	0	0	0	0	0	0	0	0	0	0	0	0	0	0	0	0	0	0	0	0	0	0	0	0	0	0	0	0	0	0	0.2	0	0	0	0	0	0.556	0.189
0	0	0	13.319	0	1.002	0.903	0.868	17.253	0	1.002	0.903	0.868	7.581	0	0	0	0	0.536	0	0	0	0	0.497	0	0	0	0	0.25	0	0	0.5	0.8	0.333	0	0	0.25	0.8	0	0	0.415	0.468
0	13.509	19.85	6.541	24.507	3.014	18.618	24.08	10.973	30.315	3.014	5.11	6.277	3.29	7.67	1	0.503	0.525	0.636	0.299	1	0.491	0.493	0.618	0.303	0.667	0.333	0.267	0.667	0.19	0	0	0.8	0	0.375	0	0	0.4	0	0	0.419	0.296
0.876	0	0.871	0	0	0.876	0	0.871	0	0	0.876	0	0.871	0	0	0	0	0	0	0	0	0	0	0	0	0	0	0	0	0	0	0	0.111	0	0	0	0.286	0	0	0	0.116	0.299
0	0.901	0	0	0	0	0.901	0	0	0	0	0.901	0	0	0	0	0	0	0	0	0	0	0	0	0	0	0	0	0	0	0.6	0.2	0.222	0	0.2	0.8	0	0	0.2	0.2	0.298	0.633
0	0	0.963	12.296	0	0	0	0.963	12.296	0	0	0	0	4.219	0	0	0	0	0.872	0	0	0	0	0.742	0	0	0	0	0.333	0	0.625	0.25	0.5	0.4	0.25	0.625	0.75	0.5	0.2	0.75	0	0.614
0	0	0	0	0	0	0	0	0	0	0	0	0	0	0	0	0	0	0	0	0	0	0	0	0	0	0	0	0	0	0	0	0.4	0	0.2	0	0	0	0	0	0.559	0.428
0	1.8	21.387	0	0	0	3.87	25.719	1.063	0	0	2.962	7.643	1.063	0	0	0.667	0.342	0	0	0	0.667	0.326	0	0	0	0.667	0.143	0	0	0	0	0	0.25	1	0	0	0	0	1	0.418	0.203
0	0	0	0	-1	0	0	0	0.908	-1	0	0	0	0.908	-1	0	0	0	0	-1	0	0	0	0	-1	0	0	0	0	-1	0	0	0	0.2	-1	0	0	0	0.2	-1	0.296	0.999
0	0	0	0	0	0	0	0	0	0	0	0	0	0	0	0	0	0	0	0	0	0	0	0	0	0	0	0	0	0	0.125	0.4	0	0	0	0	0.2	0	0	0	0.415	0.460
0	0	0	0	0	0	0	0	0	0	0	0	0	0	0	0	0	0	0	0	0	0	0	0	0	0	0	0	0	0	0	0	0	0.2	0	0	0	0	0	0	0.9	0.560
0	0	2.838	21.547	11.109	0	0	3.752	24.392	10.143	0	0	3.752	4.983	8.457	0	0	0.833	0.523	0.571	0	0	0.833	0.497	0.709	0	0	0.833	0.7	0.25	0	0	0	0	0.667	0	0	0	0	0.667	0.558	0.218
0	9.089	0	3.785	0	0	9.981	0	2.912	0	0	1.813	0	1.837	0	0	0.764	0	0.5	0	0	0.673	0	1	0	0	0	0	0	0	0.5	0.4	0.75	0	0.4	0	0.2	0.75	0	0.8	0.116	0.476
0	0.919	0	0	0	0	1.85	1.877	0	0	0	2.029	1.877	0	0	0	0.667	0	0	0	0	1	0	0	0	0	0	0	0	0	0.2	0	0.2	1	0	0	0.2	0	1	0	0.415	0.419
