0	0	0	0	-1	0	0	0	0	-1	0	0	0	0	-1	0	0	0	0	-1	0	0	0	0	-1	0	0	0	0	-1	0	0	0	0	-1	0	0	0	0	-1	0.893	0.999
0	0	0.977	0	0	0	0	3.807	0	0	0	0	3.807	0	0	0	0	0	0	0	0	0	0	0	0	0	0	0	0	0	0.2	0.4	0	0.6	0	0.8	0.6	0.2	0.6	0	0.015	0.784
0	0	0	-1	0	0	0	0	-1	0	0	0	0	-1	0	0	0	0	-1	0	0	0	0	-1	0	0	0	0	-1	0	0	0	0	-1	0	0	0.4	0	-1	0	0.9	0.999
0	0	0	0.977	1.032	2.237	0	1.464	3.807	1.032	2.237	0	1.464	3.807	1.032	0	0	0	0	0	0	0	0	0	0	0	0	0	0	0	0.111	0	0.2	0	0.25	0	0	0.4	0.2	0	0.556	0.326
0	0	3.646	0	0	2.201	0	4.609	2.201	0	3.868	1.79	3.35	2.201	0	0	0	0.476	0	0	0	0	0.6	0	0	0	0	0.667	0	0	0	0.2	0.2	0	1	0	0.4	0.8	0.333	1	0	0.570
0	0	0	0	0	0	0	0	0	0	0	0	0	0	0	0	0	0	0	0	0	0	0	0	0	0	0	0	0	0	0	0	0	0	0	0	0	0	0	0	0.72	0.876
18.537	0	1.991	12.905	5.719	14.136	0.897	0	9.016	5.405	9.853	0.897	3.897	14.727	11.017	0.242	0	0.833	0.294	0.418	0.229	0	0	0.194	0.133	0.464	0	0.833	0.297	0.364	0.4	0	0	0.222	0	0	0	0	0	0	0	0.254
5.719	1.991	0	18.537	9.857	5.405	0	0	14.136	8.346	11.017	3.897	0.956	9.853	16.309	0.418	0.833	0	0.242	0.279	0.133	0	0	0.229	0.179	0.364	0.833	0	0.464	0.276	0	0	0.2	0.4	0	0	0	0	0	0	0.416	0.140
0	0	0	0	8.569	0	0	0	0	8.569	0	0	0	0	5.909	0	0	0	0	0.556	0	0	0	0	0.472	0	0	0	0	0.4	1	0	0.2	1	0	0.25	0	0.8	0.75	0	0	0.998
4.949	4.494	2.676	4.803	3.627	13.273	11.4	8.655	6.661	11.052	13.273	9.668	7.801	9.494	11.052	0.449	0.5	0.694	0.306	0.564	0.41	0.485	0.667	0.333	0.509	0.449	0.444	0.607	0.306	0.527	0	0	0	0.4	0	0	0	0	0.2	0	0.419	0.172
0.907	8.569	0	0	0	0.907	8.569	0	0	0	0.907	5.909	0	0	0	0	0.556	0	0	0	0	0.472	0	0	0	0	0.4	0	0	0	0	0	0.333	0.2	0.8	0	0	0.667	0.8	1	0.299	0.247
0	0	8.569	0	0.907	0	0	8.569	0	0.907	0	0	5.909	0	0.907	0	0	0.556	0	0	0	0	0.472	0	0	0	0	0.4	0	0	0.2	1	0	0	0	0.8	0.25	0	0	0	0.298	0.786
0	0	0	0	0	0	0	0	0	0	0	0	0	0	0	0	0	0	0	0	0	0	0	0	0	0	0	0	0	0	0	1	1	0	0.2	0	0.75	0.25	1	0.8	0	0.848
0	0	0	0	0	0	0	0	1.089	0	0	0	0	1.089	0	0	0	0	0	0	0	0	0	0	0	0	0	0	0	0	0.75	0	0.222	0	0.25	0	0	0	0	0	0.055	0.977
0	0.865	0	6.478	3.596	2.233	2.707	0	9.281	6.499	2.233	1.842	0	2.803	2.903	0	0.333	0	0.694	0.667	0	0.333	0	0.639	0.6	0	0	0	0	0	0.667	0	0.6	0.2	0	0.222	0	0	0	0	0	0.807
0	0	0	0	0	0	0	0	0	0	0	0	0	0	0	0	0	0	0	0	0	0	0	0	0	0	0	0	0	0	0	1	0	0.2	0.6	0	1	0	0	0.6	0.556	0.213
1.824	0	3.674	3.73	3.898	2.712	0	5.394	5.469	5.673	2.712	0	5.394	5.469	3.908	0	0	0.4	0.5	0.533	0	0	0.333	0.5	0.333	0	0	0.4	0.5	0.667	1	0	0	0	0	0.2	0	0	0	0	0.419	0.588
3.646	0	0	0	0.926	4.609	2.201	0	0	0.926	3.35	3.868	0	1.79	2.327	0.476	0	0	0	1	0.6	0	0	0	0	0.667	0	0	0	1	0.2	0	1	0.2	0.4	0.8	0	1	0.4	0.8	0	0.734
1.804	0	0	9.857	0	6.229	0	2.125	8.346	3.164	6.229	0	2.125	16.309	3.164	0.533	0	1	0.279	0.667	0.133	0	1	0.179	0.667	0.533	0	1	0.276	0.667	0	0	0	0	0	0	0	0	0	0.111	0.718	0.212
0.86	3.972	5.206	2.748	0	4.553	11.253	10.442	9.594	2.941	6.446	11.253	8.718	8.733	2.941	0.476	0.6	0.727	0.578	0.333	0.4	0.6	0.727	0.556	0.333	0.476	0.564	0.722	0.528	0.333	0.25	0	0	0.2	0	0	0	0	0	0	0	0.417
0	1.054	0	0	0	0	1.054	0	0	0	0	1.054	0	0	0	0	0	0	0	0	0	0	0	0	0	0	0	0	0	0	0	0.4	1	0.2	0	1	0.4	0.75	0.2	0	0	0.897
3.764	1.897	0	0	2.671	9.975	7.134	4.633	3.702	6.577	6.211	6.252	3.779	4.556	4.707	0.578	0.81	0.6	0.4	0.762	0.556	0.762	0.5	0.5	0.714	0.6	0.667	0.5	0.4	0.8	0	0	0	0	0	0	0	0	0	0	0.419	0.288
0	0	4.34	0	3.467	2.772	3.164	5.242	2.125	0	2.772	3.164	4.373	2.125	3.467	0.667	0.667	0.5	1	1	0.667	0.667	0.3	1	0	0.667	0.667	0.5	1	1	0	0	0	0	0.625	0	0.111	0	0	0	0.717	0.168
1.991	18.537	5.719	0	0	0	14.136	5.405	0.897	0	3.897	9.853	11.017	0.897	0.956	0.833	0.242	0.418	0	0	0	0.229	0.133	0	0	0.833	0.464	0.364	0	0	0	0.4	0	0	0.2	0	0	0	0	0	0	0.435
2.676	4.949	3.627	4.494	0.874	8.655	13.273	11.052	11.4	7.47	7.801	13.273	11.052	9.668	7.47	0.694	0.449	0.564	0.5	0.821	0.667	0.41	0.509	0.485	0.821	0.607	0.449	0.527	0.444	0.714	0	0	0	0	0	0	0	0	0	0	0.419	0.349
7.61	0	0	0	0	2.818	0	2.201	0	0	10.212	0	2.201	0	1.79	0.378	0	0	0	0	0.333	0	0	0	0	0.389	0	0	0	0	0	0	0	0	0.2	0	0	0.333	0	0.4	0	0.260
2.567	0	1.93	6.73	0	3.951	0	4.166	8.114	0	3.951	0	4.166	7.144	0	1	0	0.333	0.5	0	1	0	0	0.476	0	1	0	0.333	0.467	0	0	0	0.333	0	0	0	0.25	0	0	0	0.42	0.210
0	0	0	0	0	0	0	0	0	0	0	0	0	0	0	0	0	0	0	0	0	0	0	0	0	0	0	0	0	0	0	0	0	0	0	0	0	0	0	0	0.56	0.742
0	1.901	0	19.747	2.583	0	1.901	0	19.018	3.43	0.861	1.901	0	15.193	2.727	0	0	0	0.215	0.9	0	0	0	0.193	0.833	0	0	0	0.282	0.333	0.333	0.75	0.5	0	0.6	0	0.75	0.25	0	0	0.19	0.749
0	0	1.032	0	2.933	1.464	2.237	1.032	0	5.12	1.464	2.237	1.032	0	4.251	0	0	0	0	0	0	0	0	0	0	0	0	0	0	0	0.2	0.111	0.25	0	0	0.4	0	0	0	0	0	0.793
0	0	0	1.054	0	0	0	0	1.054	0	0	0	0	1.054	0	0	0	0	0	0	0	0	0	0	0	0	0	0	0	0	1	0	0	0.4	1	0.75	1	0	0.4	0.25	0	0.990
0	3.764	2.671	1.897	12.748	4.633	9.975	6.577	7.134	18.228	3.779	6.211	4.707	6.252	11.076	0.6	0.578	0.762	0.81	0.268	0.5	0.556	0.714	0.762	0.19	0.5	0.6	0.8	0.667	0.267	0	0	0	0	0	0	0	0	0	0	0	0.601
0	0	0	0	0	0	0	0	0.979	0	0	0	0	0.979	0	0	0	0	0	0	0	0	0	0	0	0	0	0	0	0	1	0.2	0	0	0	1	0	0	0	0	0.117	0.979
1.876	0	6.384	1.698	11.457	2.744	1.819	12.262	4.802	18.783	3.598	1.819	10.491	3.104	13.088	0.333	0	0.333	0.6	0.211	0.333	0	0.308	0.6	0.181	0.333	0	0.218	0	0.192	0.2	0	0	0.2	0	0.4	0	0	0	0	0	0.712
0	0	1.115	0	0	0	0	1.115	0	0	0	0	1.115	0	0	0	0	0	0	0	0	0	0	0	0	0	0	0	0	0	0	0.25	0	0.222	1	0	0	1	0	1	0.896	0.393
0	3.646	0.926	0	0.863	0	4.609	0.926	2.201	2.713	0	3.35	2.327	3.868	1.85	0	0.476	1	0	1	0	0.6	0	0	0.667	0	0.667	1	0	1	1	0.2	0.4	0	0.75	1	0.8	0.8	0	0.875	0	0.942
0	0	3.596	0.865	1.115	0	2.233	6.499	2.707	2	0	2.233	2.903	1.842	2	0	0	0.667	0.333	0	0	0	0.6	0.333	0	0	0	0	0	0	0.6	0.667	0	0	0.2	0	0.222	0	0	0.2	0	0.562
6.989	3.898	3.779	3.674	0	2.629	5.673	5.534	5.394	0	6.143	3.908	3.821	5.394	0.917	0.429	0.533	0.733	0.4	0	0.333	0.333	0.333	0.333	0	0.533	0.667	0.833	0.4	0	0.111	0	0	0	0	0	0	0	0	0	0.554	0.151
0	4.956	3.99	9.598	2.087	1.988	7.949	8.753	11.736	5.026	1.988	6.98	6.91	7.065	4.08	0	0.619	0.611	0.382	0.5	0	0.619	0.583	0.364	0.5	0	0.533	0.524	0.333	0.333	0	0	0	0	0	0	0	0	0	0	0.893	0.206
0	0	0	0	0	0	0	0	0	0	0	0	0	0	0	0	0	0	0	0	0	0	0	0	0	0	0	0	0	0	0.222	0.75	0.25	0	0	0	0	0	0	0	0.414	0.504
0	0	0	2.96	2.424	0	0	0	4.068	4.591	0	0	0	3.163	4.591	0	0	0	0.167	0.667	0	0	0	0.167	0.667	0	0	0	0.333	0.667	1	0	0.5	0	0	1	0	0	0	0	0	0.988
0	1.115	0	3.596	0	0	2	0	6.499	1.089	0	2	0	2.903	1.089	0	0	0	0.667	0	0	0	0	0.6	0	0	0	0	0	0	0.6	0.2	0	0	0	0	0.2	0	0	0	0	0.956
0	0	1.698	0	0	0.86	0	4.802	0	1.819	0.86	0	3.104	0	1.819	0	0	0.6	0	0	0	0	0.6	0	0	0	0	0	0	0	0.875	1	0.2	1	0	0.875	1	0	1	0	0	0.736
0	4.46	0	0	0	0	7.628	0	2.941	0	0	7.628	0	2.941	0	0	0.393	0	0.333	0	0	0.321	0	0.333	0	0	0.393	0	0.333	0	0.2	0	0	0	0	0	0	0	0	0	0	0.579
4.854	0.928	1.287	0	1.774	10.367	1.801	2.607	0	4.877	10.367	1.801	4.754	0	4.877	0.291	0	0.4	0	0.6	0.291	0	0	0	0.6	0.255	0	0.4	0	0.6	0	0	0	0	0	0	0	0.2	0	0.5	0	0.220
12.748	2.671	6.469	0	1.878	18.228	6.577	9.236	4.633	2.766	11.076	4.707	8.588	3.779	2.766	0.268	0.762	0.439	0.6	0.667	0.19	0.714	0.4	0.5	0.667	0.267	0.8	0.361	0.5	0.667	0	0	0	0	0	0	0	0	0	0.4	0.198	0.253
5.206	0.86	0	3.972	4.46	10.442	4.553	2.941	11.253	7.628	8.718	6.446	2.941	11.253	7.628	0.727	0.476	0.333	0.6	0.393	0.727	0.4	0.333	0.6	0.321	0.722	0.476	0.333	0.564	0.393	0	0.25	0	0	0	0	0	0	0	0	0	0.252
1.206	0	0	0	0	1.206	0	1.317	0	0	1.206	0	1.317	0	0	0	0	0	0	0	0	0	0	0	0	0	0	0	0	0	0.2	1	0	0.25	0	0	1	0	0	0	0	0.625
2.128	0	2.73	0	0	2.495	0.947	4.741	0	0	3.417	0.947	2.988	0	0	0.333	0	0.1	0	0	0	0	0	0	0	0.333	0	0	0	0	0.4	0	0	0	0	0.2	0	0	0	0	0	0.602
0	11.457	0	6.384	1.897	0	18.783	3.702	12.262	7.134	0	13.088	4.556	10.491	6.252	0	0.211	0.4	0.333	0.81	0	0.181	0.5	0.308	0.762	0	0.192	0.4	0.218	0.667	0	0	0	0	0	0	0	0	0	0	0	0.695
0.928	0	4.854	9.269	1.287	1.801	0	10.367	11.921	2.607	1.801	0	10.367	7.933	4.754	0	0	0.291	0.394	0.4	0	0	0.291	0.333	0	0	0	0.255	0.321	0.4	0	0	0	0	0	0	0	0	0	0.2	0	0.348
0	0	0	4.46	0	0	0	0	7.628	0	0	0	0	7.628	0	0	0	0	0.393	0	0	0	0	0.321	0	0	0	0	0.393	0	0	0.2	0	0	0	0	0	0	0	0	0.556	0.819
0	0	2.583	1.901	2.979	0	0	3.43	1.901	5.232	0	0.861	2.727	1.901	4.333	0	0	0.9	0	0.3	0	0	0.833	0	0.2	0	0	0.333	0	0.167	0.5	0.333	0.6	0.75	0	0.25	0	0	0.75	0	0.896	0.954
0	0	0	0	1.115	0	0	0	0	1.115	0	0	0	0	1.115	0	0	0	0	0	0	0	0	0	0	0	0	0	0	0	0.25	0.222	0	0.75	0	0	0	0	0	1	0.718	0.941
0	0	0	1.115	0	0	0	1.089	2	0	0	0	1.089	2	0	0	0	0	0	0	0	0	0	0	0	0	0	0	0	0	0	0.6	0	0.2	0	0	0	0	0.2	0	0.292	0.431
0	2.424	1.096	0	12.905	0	4.591	1.096	0	9.016	0	4.591	1.096	0	14.727	0	0.667	0	0	0.294	0	0.667	0	0	0.194	0	0.667	0	0	0.297	0.2	0	0	0.5	0.222	0	0	0	0	0	0.292	0.295
0.863	0.926	0	0	0.849	2.713	0.926	0	0	2.7	1.85	2.327	0	0	3.716	1	1	0	0	0.6	0.667	0	0	0	0.667	1	1	0	0	0.333	0.75	0.4	0.333	1	0.75	0.875	0.8	0.333	1	0.25	0	0.654
1.115	0	0	0	2.96	1.115	0	0	0	4.068	1.115	0	0	0	3.163	0	0	0	0	0.167	0	0	0	0	0.167	0	0	0	0	0.333	0	0	1	0.25	0	1	0	1	0	0	0.718	0.881
0	3.779	0.849	6.989	5.654	0	5.534	0	2.629	5.654	0.917	3.821	0.849	6.143	4.689	0	0.733	0	0.429	0.381	0	0.333	0	0.333	0.333	0	0.833	0	0.533	0.1	0	0	0	0.111	0	0	0	0	0	0	0.554	0.194
0	0	1.897	11.457	3.764	3.702	0	7.134	18.783	9.975	4.556	0	6.252	13.088	6.211	0.4	0	0.81	0.211	0.578	0.5	0	0.762	0.181	0.556	0.4	0	0.667	0.192	0.6	0	0	0	0	0	0	0	0	0	0	0	0.679
0	0	0	1.206	0	0	1.317	0	1.206	0	0	1.317	0	1.206	0	0	0	0	0	0	0	0	0	0	0	0	0	0	0	0	0	0	0.5	0.2	0	0	0	0	0	0	0.556	0.545
0	0	0	0	0	0	0	0	0	0	0	0	0	0	0	0	0	0	0	0	0	0	0	0	0	0	0	0	0	0	0	0	0	0	0	0	0	0	0	0	0.718	0.966
3.627	2.676	0.874	4.949	1.738	11.052	8.655	7.47	13.273	10.053	11.052	7.801	7.47	13.273	10.053	0.564	0.694	0.821	0.449	0.622	0.509	0.667	0.821	0.41	0.6	0.527	0.607	0.714	0.449	0.556	0	0	0	0	0	0	0	0	0	0	0.116	0.361
0	0	0	7.61	3.646	0	2.201	2.201	2.818	4.609	1.79	2.201	3.868	10.212	3.35	0	0	0	0.378	0.476	0	0	0	0.333	0.6	0	0	0	0.389	0.667	0.2	0	0	0	0.2	0.4	0.333	0	0	0.8	0	0.562
2.671	0	12.748	3.764	6.469	6.577	4.633	18.228	9.975	9.236	4.707	3.779	11.076	6.211	8.588	0.762	0.6	0.268	0.578	0.439	0.714	0.5	0.19	0.556	0.4	0.8	0.5	0.267	0.6	0.361	0	0	0	0	0	0	0	0	0	0	0.56	0.445
1.698	0	0	0	1.876	4.802	0.86	1.819	0	2.744	3.104	0.86	1.819	0	3.598	0.6	0	0	0	0.333	0.6	0	0	0	0.333	0	0	0	0	0.333	0.2	0.875	0	1	0.2	0	0.875	0	1	0.4	0.292	0.602
0	5.206	4.46	0.86	0	2.941	10.442	7.628	4.553	0	2.941	8.718	7.628	6.446	0	0.333	0.727	0.393	0.476	0	0.333	0.727	0.321	0.4	0	0.333	0.722	0.393	0.476	0	0	0	0	0.25	0.2	0	0	0	0	0	0.557	0.213
0	0	0	0	0	1.089	0	0	0	1.089	1.089	0	0	0	1.089	0	0	0	0	0	0	0	0	0	0	0	0	0	0	0	0	0	0	0.6	0	0	0	0	0	0	0.9	0.383
1.287	4.854	1.774	0.928	4.803	2.607	10.367	4.877	1.801	6.661	4.754	10.367	4.877	1.801	9.494	0.4	0.291	0.6	0	0.306	0	0.291	0.6	0	0.333	0.4	0.255	0.6	0	0.306	0	0	0	0	0.4	0.2	0	0.5	0	0.2	0	0.546
0	0	2.128	2.063	2.73	0.947	0	2.495	3.095	4.741	0.947	0	3.417	3.095	2.988	0	0	0.333	0	0.1	0	0	0	0	0	0	0	0.333	0	0	0	0	0.4	0.2	0	0	0	0.2	0	0	0.197	0.427
0	0	0	0	0	0	0	0	0	0	0	0	0	0	0	0	0	0	0	0	0	0	0	0	0	0	0	0	0	0	0	0	0	0.2	0	0	0	0	0	0	0.898	0.999
1.897	0	3.764	0	0	7.134	3.702	9.975	0	4.633	6.252	4.556	6.211	0	3.779	0.81	0.4	0.578	0	0.6	0.762	0.5	0.556	0	0.5	0.667	0.4	0.6	0	0.5	0	0	0	0	0	0	0	0	0	0	0.717	0.211
3.596	0	1.115	0	0	6.499	0	2	2.233	0	2.903	0	2	2.233	0	0.667	0	0	0	0	0.6	0	0	0	0	0	0	0	0	0	0	0.6	0.2	0.667	0.6	0	0	0.2	0.222	0	0.557	0.376
0	9.857	1.804	0	0	0	8.346	6.229	0	2.125	0	16.309	6.229	0.956	2.125	0	0.279	0.533	0	1	0	0.179	0.133	0	1	0	0.276	0.533	0	1	0	0	0	0.2	0	0	0	0	0	0	0.717	0.210
0	0	0	0	9.598	0	0	0	1.317	11.736	0	0	0	1.317	7.065	0	0	0	0	0.382	0	0	0	0	0.364	0	0	0	0	0.333	0.5	0	0	0	0	0	0	0	0	0	0.055	0.895
1.002	2.087	6.678	3.99	9.269	2.732	5.026	10.444	8.753	11.921	2.732	4.08	5.735	6.91	7.933	1	0.5	0.4	0.611	0.394	1	0.5	0.345	0.583	0.333	1	0.333	0.4	0.524	0.321	0.857	0	0	0	0	0.286	0	0	0	0	0.716	0.837
0.849	0	5.654	3.779	0.894	0	0	5.654	5.534	0.894	0.849	0.917	4.689	3.821	0.894	0	0	0.381	0.733	0	0	0	0.333	0.333	0	0	0	0.1	0.833	0	0	0	0	0	0	0	0	0	0	0.4	0	0.452
0	0	0	0	0	0	0	0	0	0	0	0	0	0	0	0	0	0	0	0	0	0	0	0	0	0	0	0	0	0	0	0	0.6	1	0.4	0	0	0.6	1	0.6	0.714	0.594
0.874	3.627	1.738	2.676	5.103	7.47	11.052	10.053	8.655	10.05	7.47	11.052	10.053	7.801	13.356	0.821	0.564	0.622	0.694	0.474	0.821	0.509	0.6	0.667	0.622	0.714	0.527	0.556	0.607	0.436	0	0	0	0	0.2	0	0	0	0	0	0.557	0.339
0	1.115	2.96	0	0	0	1.115	4.068	0	0	0	1.115	3.163	0	0	0	0	0.167	0	0	0	0	0.167	0	0	0	0	0.333	0	0	1	0	0	0	0	1	1	0	0	0	0.298	0.981
2.424	0	0	0	1.096	4.591	0	0	0	1.096	4.591	0	0	0	1.096	0.667	0	0	0	0	0.667	0	0	0	0	0.667	0	0	0	0	0	0.5	0.2	1	0	0	0	0	1	0	0.556	0.228
1.115	3.596	0	0	0	2	6.499	0	0	0	2	2.903	0	0	0	0	0.667	0	0	0	0	0.6	0	0	0	0	0	0	0	0	0.2	0	0.6	0.6	0	0.2	0	0	0	0	0.42	0.812
1.878	6.469	19.747	12.748	1.901	2.766	9.236	19.018	18.228	1.901	2.766	8.588	15.193	11.076	1.901	0.667	0.439	0.215	0.268	0	0.667	0.4	0.193	0.19	0	0.667	0.361	0.282	0.267	0	0	0	0	0	0.75	0.4	0	0	0	0.75	0	0.592
3.99	0	2.087	4.956	1.002	8.753	1.988	5.026	7.949	2.732	6.91	1.988	4.08	6.98	2.732	0.611	0	0.5	0.619	1	0.583	0	0.5	0.619	1	0.524	0	0.333	0.533	1	0	0	0	0	0.857	0	0	0	0	0.286	0.896	0.240
0	0	9.598	0	4.956	0	0	11.736	0	7.949	0	0	7.065	0	6.98	0	0	0.382	0	0.619	0	0	0.364	0	0.619	0	0	0.333	0	0.533	0	0.5	0	0	0	0	0	0	0	0	0.717	0.843
0	2.933	0	1.032	1.206	0	5.12	0	1.032	1.206	0	4.251	0	1.032	1.206	0	0	0	0	0	0	0	0	0	0	0	0	0	0	0	0.25	0	1	0.25	0.2	0	0	1	0	0	0.415	0.881
0	2.73	0	2.128	1.032	0	4.741	0	2.495	1.032	0	2.988	0	3.417	1.032	0	0.1	0	0.333	0	0	0	0	0	0	0	0	0	0.333	0	0	0	0.6	0.4	0.25	0	0	1	0.2	0	0.554	0.260
0.849	0	0	0.863	0	2.7	0	0	2.713	0	3.716	0	0	1.85	0	0.6	0	0	1	0	0.667	0	0	0.667	0	0.333	0	0	1	0	0.75	0.333	1	0.75	1	0.25	0.333	1	0.875	1	0.3	0.519
6.384	1.876	11.457	0	0	12.262	2.744	18.783	1.819	0	10.491	3.598	13.088	1.819	0	0.333	0.333	0.211	0	0	0.308	0.333	0.181	0	0	0.218	0.333	0.192	0	0	0	0.2	0	0	0	0	0.4	0	0	0	0.415	0.199
0	0.977	0	0	0	0	3.807	2.237	0	1.464	0	3.807	2.237	0	1.464	0	0	0	0	0	0	0	0	0	0	0	0	0	0	0	0	0	0.111	0.2	0.2	0	0.2	0	0.8	0.4	0.415	0.346
1.738	0.874	5.103	3.627	4.663	10.053	7.47	10.05	11.052	10.805	10.053	7.47	13.356	11.052	11.731	0.622	0.821	0.474	0.564	0.5	0.6	0.821	0.622	0.509	0.545	0.556	0.714	0.436	0.527	0.47	0	0	0.2	0	0	0	0	0	0	0	0.417	0.265
5.654	0.849	0.894	0	0	5.654	0	0.894	0	0	4.689	0.849	0.894	0.917	0	0.381	0	0	0	0	0.333	0	0	0	0	0.1	0	0	0	0	0	0	0	0	0.2	0	0	0.4	0	0.2	0.2	0.132
3.467	4.34	0	0	0	0	5.242	0	2.772	0	3.467	4.373	0	2.772	0	1	0.5	0	0.667	0	0	0.3	0	0.667	0	1	0.5	0	0.667	0	0.625	0	0	0	0.2	0	0	0	0	0.2	0	0.310
1.774	1.287	4.803	4.854	4.494	4.877	2.607	6.661	10.367	11.4	4.877	4.754	9.494	10.367	9.668	0.6	0.4	0.306	0.291	0.5	0.6	0	0.333	0.291	0.485	0.6	0.4	0.306	0.255	0.444	0	0	0.4	0	0	0.5	0.2	0.2	0	0	0.294	0.511
3.898	3.674	6.989	1.824	3.779	5.673	5.394	2.629	2.712	5.534	3.908	5.394	6.143	2.712	3.821	0.533	0.4	0.429	0	0.733	0.333	0.333	0.333	0	0.333	0.667	0.4	0.533	0	0.833	0	0	0.111	1	0	0	0	0	0.2	0	0.56	0.262
0	2.063	0	0	2.128	0	3.095	0.947	0	2.495	0	3.095	0.947	0	3.417	0	0	0	0	0.333	0	0	0	0	0	0	0	0	0	0.333	0	0.2	0	0	0.4	0	0	0	0	0.2	0.558	0.429
2.979	2.583	0	0	0	5.232	3.43	0	0	3.099	4.333	2.727	0	0	3.099	0.3	0.9	0	0	0	0.2	0.833	0	0	0	0.167	0.333	0	0	0	0	0.6	0.8	0.5	0	0	0	0.6	0.25	0	0.116	0.573
0	0	0	0.849	1.698	0	0	0.86	2.7	4.802	0	0	0.86	3.716	3.104	0	0	0	0.6	0.6	0	0	0	0.667	0.6	0	0	0	0.333	0	1	1	0.875	0.75	0.2	1	1	0.875	0.25	0	0.298	0.935
0	0	1.032	2.73	0	0	0	1.032	4.741	0.979	0	0	1.032	2.988	0.979	0	0	0	0.1	0	0	0	0	0	0	0	0	0	0	0	0.6	0	0.25	0	0	1	0	0	0	0	0.117	0.967
5.103	1.738	4.663	0.874	2.748	10.05	10.053	10.805	7.47	9.594	13.356	10.053	11.731	7.47	8.733	0.474	0.622	0.5	0.821	0.578	0.622	0.6	0.545	0.821	0.556	0.436	0.556	0.47	0.714	0.528	0.2	0	0	0	0.2	0	0	0	0	0	0	0.469
2.73	2.128	0	0	0	4.741	2.495	0	0.947	0	2.988	3.417	0	0.947	0	0.1	0.333	0	0	0	0	0	0	0	0	0	0.333	0	0	0	0	0.4	0	0	0.6	0	0.2	0	0	1	0.299	0.206
6.469	12.748	1.878	2.671	19.747	9.236	18.228	2.766	6.577	19.018	8.588	11.076	2.766	4.707	15.193	0.439	0.268	0.667	0.762	0.215	0.4	0.19	0.667	0.714	0.193	0.361	0.267	0.667	0.8	0.282	0	0	0	0	0	0	0	0.4	0	0	0.557	0.288
4.46	0	0	5.206	0	7.628	2.941	0	10.442	0	7.628	2.941	0	8.718	0	0.393	0.333	0	0.727	0	0.321	0.333	0	0.727	0	0.393	0.333	0	0.722	0	0	0	0.2	0	0	0	0	0	0	0	0.296	0.169
1.096	0	12.905	2.424	0	1.096	0	9.016	4.591	0.897	1.096	0	14.727	4.591	0.897	0	0	0.294	0.667	0	0	0	0.194	0.667	0	0	0	0.297	0.667	0	0	0.2	0.222	0	0	0	0	0	0	0	0	0.598
0.977	0	0	0	0	3.807	0	0	0	2.237	3.807	0	0	0	2.237	0	0	0	0	0	0	0	0	0	0	0	0	0	0	0	0	0.2	0	0.4	0.111	0.2	0.8	0	0.6	0	0.298	0.575
0	2.96	0	0	0	0	4.068	0	0	0	0	3.163	0	0	0	0	0.167	0	0	0	0	0.167	0	0	0	0	0.333	0	0	0	0	0	1	1	0.5	0	0	1	1	0	0.559	0.690
0	0	6.478	2.979	0.865	3.099	0	9.281	5.232	2.707	3.099	0	2.803	4.333	1.842	0	0	0.694	0.3	0.333	0	0	0.639	0.2	0.333	0	0	0	0.167	0	0	0.8	0.2	0	0	0	0.6	0	0	0	0	0.680
0	2.979	0	2.583	6.478	0	5.232	3.099	3.43	9.281	0	4.333	3.099	2.727	2.803	0	0.3	0	0.9	0.694	0	0.2	0	0.833	0.639	0	0.167	0	0.333	0	0.8	0	0	0.6	0.2	0.6	0	0	0	0	0.12	0.951
6.678	1.002	9.269	2.087	0	10.444	2.732	11.921	5.026	0	5.735	2.732	7.933	4.08	0	0.4	1	0.394	0.5	0	0.345	1	0.333	0.5	0	0.4	1	0.321	0.333	0	0	0.857	0	0	0	0	0.286	0	0	0	0.894	0.190
2.063	0	0	1.93	0	3.095	0	0	4.166	0.947	3.095	0	0	4.166	0.947	0	0	0	0.333	0	0	0	0	0	0	0	0	0	0.333	0	0.2	0	0	0.333	0	0	0	0	0	0	0.299	0.245
0	0	0	0	0	0	0	0	0	0	0	0	0	0	0	0	0	0	0	0	0	0	0	0	0	0	0	0	0	0	0.6	0	0.4	0	0.2	0.6	0	0.6	0	0.8	0.12	0.915
0	3.467	0	4.34	1.054	0	0	0	5.242	1.054	0	3.467	0	4.373	1.054	0	1	0	0.5	0	0	0	0	0.3	0	0	1	0	0.5	0	0	0.625	0.2	0	0.4	0	0	0.2	0	0.4	0	0.720
0	0	0	0	0	1.089	0	0	1.089	0	1.089	0	0	1.089	0	0	0	0	0	0	0	0	0	0	0	0	0	0	0	0	0	0	0	0	0.75	0	0	0	0	0	0.299	0.341
2.583	0	2.979	0	0	3.43	0	5.232	0	0	2.727	0	4.333	0.861	0	0.9	0	0.3	0	0	0.833	0	0.2	0	0	0.333	0	0.167	0	0	0.6	0.5	0	0.333	0.8	0	0.25	0	0	0.6	0.716	0.434
0	0	3.73	0	0	0.888	0	5.469	0	0	0.888	0	5.469	0	0	0	0	0.5	0	0	0	0	0.5	0	0	0	0	0.5	0	0	0	0.8	0	0.333	0	0.25	1	0	0.667	0	0.558	0.625
3.73	0	0	0	1.824	5.469	0.888	0	0	2.712	5.469	0.888	0	0	2.712	0.5	0	0	0	0	0.5	0	0	0	0	0.5	0	0	0	0	0	0	0	0.8	1	0	0.25	0	1	0.2	0.195	0.288
0	1.206	0	0	0	1.317	1.206	0	0	0	1.317	1.206	0	0	0	0	0	0	0	0	0	0	0	0	0	0	0	0	0	0	0	0.2	0	1	0.5	0	0	0	1	0	0.557	0.467
0	1.804	0	0	0	2.125	6.229	3.164	0	2.772	2.125	6.229	3.164	0	2.772	1	0.533	0.667	0	0.667	1	0.133	0.667	0	0.667	1	0.533	0.667	0	0.667	0	0	0	0	0	0	0	0.111	0	0	0.718	0.173
1.032	0	0	0	0	1.032	0	0.979	0	0	1.032	0	0.979	0	0	0	0	0	0	0	0	0	0	0	0	0	0	0	0	0	0.25	0.6	0	0	0.2	0	1	0	0	0	0	0.493
0	0	0	0.907	3.73	0	0	0.888	0.907	5.469	0	0	0.888	0.907	5.469	0	0	0	0	0.5	0	0	0	0	0.5	0	0	0	0	0.5	0.8	0.333	0	0	0	1	0.667	0.25	0	0	0.198	0.989
0.894	5.654	0	0.849	6.73	0.894	5.654	0	0	8.114	0.894	4.689	0	0.849	7.144	0	0.381	0	0	0.5	0	0.333	0	0	0.476	0	0.1	0	0	0.467	0	0	0.2	0	0	0.4	0	0.2	0	0	0	0.750
4.803	1.774	4.494	1.287	4.949	6.661	4.877	11.4	2.607	13.273	9.494	4.877	9.668	4.754	13.273	0.306	0.6	0.5	0.4	0.449	0.333	0.6	0.485	0	0.41	0.306	0.6	0.444	0.4	0.449	0.4	0	0	0	0	0.2	0.5	0	0.2	0	0	0.438
12.905	1.096	0	0	18.537	9.016	1.096	0.897	0	14.136	14.727	1.096	0.897	0	9.853	0.294	0	0	0	0.242	0.194	0	0	0	0.229	0.297	0	0	0	0.464	0.222	0	0	0.2	0.4	0	0	0	0	0	0.299	0.373
0	6.73	2.567	0	1.93	0	8.114	3.951	0	4.166	0	7.144	3.951	0	4.166	0	0.5	1	0	0.333	0	0.476	1	0	0	0	0.467	1	0	0.333	0	0	0	0.2	0.333	0.25	0	0	0.2	0	0	0.863
0.926	0	0.863	3.646	0	0.926	0	2.713	4.609	0	2.327	0	1.85	3.35	0	1	0	1	0.476	0	0	0	0.667	0.6	0	1	0	1	0.667	0	0.4	1	0.75	0.2	0.333	0.8	1	0.875	0.8	0.333	0	0.778
0	0	0	1.804	4.34	3.164	2.125	2.772	6.229	5.242	3.164	2.125	2.772	6.229	4.373	0.667	1	0.667	0.533	0.5	0.667	1	0.667	0.133	0.3	0.667	1	0.667	0.533	0.5	0	0	0	0	0	0.111	0	0	0	0	0.898	0.308
0	0	0	0	0	0	1.089	1.089	0	0	0	1.089	1.089	0	0	0	0	0	0	0	0	0	0	0	0	0	0	0	0	0	0	0	0	0	0	0	0	0	0	0	0.893	0.923
0	0	0	0	0	0	0	0	0	0	0	0	0	0	0	0	0	0	0	0	0	0	0	0	0	0	0	0	0	0	0	0	0	0	0	0	0	0	0.4	0	0.894	0.992
9.598	0	4.956	0	0	11.736	0	7.949	0	1.988	7.065	0	6.98	0	1.988	0.382	0	0.619	0	0	0.364	0	0.619	0	0	0.333	0	0.533	0	0	0	0	0	0.5	0	0	0	0	0	0	0.557	0.340
1.032	0	2.933	0	0	1.032	1.464	5.12	2.237	0	1.032	1.464	4.251	2.237	0	0	0	0	0	0	0	0	0	0	0	0	0	0	0	0	0.25	0.2	0	0.111	0.25	0	0.4	0	0	0	0	0.766
0	0	1.054	3.467	0	0	0	1.054	0	0	0	0	1.054	3.467	0	0	0	0	1	0	0	0	0	0	0	0	0	0	1	0	0.2	0	0.4	0.625	0	0.2	0	0.4	0	1	0	0.502
6.73	0	0	0.894	2.567	8.114	0	0	0.894	3.951	7.144	0	0	0.894	3.951	0.5	0	0	0	1	0.476	0	0	0	1	0.467	0	0	0	1	0	0.2	0	0	0	0	0.2	0.25	0.4	0	0	0.465
0	1.93	2.063	2.567	0	0	4.166	3.095	3.951	0	0	4.166	3.095	3.951	0	0	0.333	0	1	0	0	0	0	1	0	0	0.333	0	1	0	0	0.333	0.2	0	0	0	0	0	0	0	0.417	0.404
1.901	19.747	0	1.878	0	1.901	19.018	0	2.766	0	1.901	15.193	0.861	2.766	0	0	0.215	0	0.667	0	0	0.193	0	0.667	0	0	0.282	0	0.667	0	0.75	0	0.333	0	0.5	0.75	0	0	0.4	0.25	0.558	0.737
0	0	-1	0	-1	0	0	-1	0	-1	0	0	-1	0	-1	0	0	-1	0	-1	0	0	-1	0	-1	0	0	-1	0	-1	0	0	-1	0	-1	0	0	-1	0	-1	0.898	0.999
9.857	0	0	5.719	1.804	8.346	0	0	5.405	6.229	16.309	0.956	0	11.017	6.229	0.279	0	0	0.418	0.533	0.179	0	0	0.133	0.133	0.276	0	0	0.364	0.533	0	0.2	0	0	0	0	0	0	0	0	0.197	0.123
6.478	0	0.865	0	0	9.281	3.099	2.707	0	2.233	2.803	3.099	1.842	0	2.233	0.694	0	0.333	0	0	0.639	0	0.333	0	0	0	0	0	0	0	0.2	0	0	0.8	0.667	0	0	0	0.6	0.222	0.718	0.299
8.569	0	0.907	0	0	8.569	0	0.907	0	0	5.909	0	0.907	0	0	0.556	0	0	0	0	0.472	0	0	0	0	0.4	0	0	0	0	0	0.2	0	1	0.333	0	0.8	0	0.25	0.667	0.556	0.515
0	3.73	1.824	0	3.674	0	5.469	2.712	0.888	5.394	0	5.469	2.712	0.888	5.394	0	0.5	0	0	0.4	0	0.5	0	0	0.333	0	0.5	0	0	0.4	0	0	1	0	0	0	0	0.2	0.25	0	0	0.791
4.663	5.103	2.748	1.738	3.972	10.805	10.05	9.594	10.053	11.253	11.731	13.356	8.733	10.053	11.253	0.5	0.474	0.578	0.622	0.6	0.545	0.622	0.556	0.6	0.6	0.47	0.436	0.528	0.556	0.564	0	0.2	0.2	0	0	0	0	0	0	0	0	0.390
0	9.269	0.928	6.678	4.854	0	11.921	1.801	10.444	10.367	0	7.933	1.801	5.735	10.367	0	0.394	0	0.4	0.291	0	0.333	0	0.345	0.291	0	0.321	0	0.4	0.255	0	0	0	0	0	0	0	0	0	0	0	0.465
0	12.905	18.537	1.096	1.991	0.897	9.016	14.136	1.096	0	0.897	14.727	9.853	1.096	3.897	0	0.294	0.242	0	0.833	0	0.194	0.229	0	0	0	0.297	0.464	0	0.833	0	0.222	0.4	0	0	0	0	0	0	0	0.558	0.268
3.779	6.989	0	3.898	0.849	5.534	2.629	0	5.673	0	3.821	6.143	0.917	3.908	0.849	0.733	0.429	0	0.533	0	0.333	0.333	0	0.333	0	0.833	0.533	0	0.667	0	0	0.111	0	0	0	0	0	0	0	0	0.713	0.248
0	0	0	1.032	0	0	0.979	0	1.032	0	0	0.979	0	1.032	0	0	0	0	0	0	0	0	0	0	0	0	0	0	0	0	0.2	0	1	0.25	0	0	0	1	0	0	0.415	0.245
2.933	1.032	0	0	0	5.12	1.032	0	1.464	0	4.251	1.032	0	1.464	0	0	0	0	0	0	0	0	0	0	0	0	0	0	0	0	0	0.25	0.25	0.2	1	0	0	0	0.4	1	0.415	0.307
0	0	0	0	0	0	0	0	0	0	0	0	0	0	0	0	0	0	0	0	0	0	0	0	0	0	0	0	0	0	0	0	0	0	0	0	0	0	0	0	0.718	0.579
4.956	9.598	0	0	3.99	7.949	11.736	1.988	0	8.753	6.98	7.065	1.988	0	6.91	0.619	0.382	0	0	0.611	0.619	0.364	0	0	0.583	0.533	0.333	0	0	0.524	0	0	0	0	0	0	0	0	0	0	0.419	0.698
0	-1	0	-1	0	0	-1	0	-1	0	0	-1	0	-1	0	0	-1	0	-1	0	0	-1	0	-1	0	0	-1	0	-1	0	0	-1	0	-1	0	0.4	-1	0	-1	0	0.899	0.999
0	7.61	0	0	0	2.201	2.818	0	0	2.201	2.201	10.212	1.79	0	3.868	0	0.378	0	0	0	0	0.333	0	0	0	0	0.389	0	0	0	0	0	0.2	0	0	0.333	0	0.4	0	0	0	0.395
0.865	6.478	0	0	0	2.707	9.281	2.233	3.099	0	1.842	2.803	2.233	3.099	0	0.333	0.694	0	0	0	0.333	0.639	0	0	0	0	0	0	0	0	0	0.2	0.667	0	0.6	0	0	0.222	0	0	0.556	0.466
0	0	0	0	0.977	0	0	0	0	3.807	0	0	0	0	3.807	0	0	0	0	0	0	0	0	0	0	0	0	0	0	0	0.4	0.6	0.2	0	0	0.6	0.6	0.8	0	0.2	0	0.775
11.457	6.384	0	1.876	0	18.783	12.262	0	2.744	3.702	13.088	10.491	0	3.598	4.556	0.211	0.333	0	0.333	0.4	0.181	0.308	0	0.333	0.5	0.192	0.218	0	0.333	0.4	0	0	0	0.2	0	0	0	0	0.4	0	0.418	0.248
0	1.032	0	0	0	0.979	1.032	0	0	0	0.979	1.032	0	0	0	0	0	0	0	0	0	0	0	0	0	0	0	0	0	0	0	0.25	0.2	0.6	1	0	0	0	1	1	0.556	0.236
0	0	7.61	0	0	0	0	2.818	0	2.201	0	0	10.212	0	2.201	0	0	0.378	0	0	0	0	0.333	0	0	0	0	0.389	0	0	0	0	0	0	0	0	0	0	0	0.333	0.196	0.269
4.494	4.803	4.949	1.774	2.676	11.4	6.661	13.273	4.877	8.655	9.668	9.494	13.273	4.877	7.801	0.5	0.306	0.449	0.6	0.694	0.485	0.333	0.41	0.6	0.667	0.444	0.306	0.449	0.6	0.607	0	0.4	0	0	0	0	0.2	0	0.5	0	0.718	0.250
1.054	0	0	0	0	1.054	0	0	0	0	1.054	0	0	0	0	0	0	0	0	0	0	0	0	0	0	0	0	0	0	0	0.4	0.2	0	0	1	0.4	0.2	1	0	0.75	0	0.522
0	0	2.424	0	0	0	0	4.591	0	0	0	0	4.591	0	0	0	0	0.667	0	0	0	0	0.667	0	0	0	0	0.667	0	0	0.5	1	0	0	0.2	0	1	0	0	0	0	0.946
0	0.907	0	8.569	0	0	0.907	0	8.569	0.888	0	0.907	0	5.909	0.888	0	0	0	0.556	0	0	0	0	0.472	0	0	0	0	0.4	0	0.333	0	0.8	0	0	0.667	0	1	0	0.25	0	0.929
0	0.863	0.849	0.926	0	0	2.713	2.7	0.926	0	0	1.85	3.716	2.327	0	0	1	0.6	1	0	0	0.667	0.667	0	0	0	1	0.333	1	0	0.333	0.75	0.75	0.4	1	0.333	0.875	0.25	0.8	1	0.298	0.854
1.93	2.567	0	0	2.063	4.166	3.951	0	0	3.095	4.166	3.951	0	0	3.095	0.333	1	0	0	0	0	1	0	0	0	0.333	1	0	0	0	0.333	0	0	0	0.2	0	0	0	0.25	0	0.298	0.586
19.747	1.878	1.901	6.469	0	19.018	2.766	1.901	9.236	0	15.193	2.766	1.901	8.588	0.861	0.215	0.667	0	0.439	0	0.193	0.667	0	0.4	0	0.282	0.667	0	0.361	0	0	0	0.75	0	0.333	0	0.4	0.75	0	0	0.055	0.290
0	5.719	9.857	1.991	0	0	5.405	8.346	0	0	0.956	11.017	16.309	3.897	0	0	0.418	0.279	0.833	0	0	0.133	0.179	0	0	0	0.364	0.276	0.833	0	0.2	0	0	0	0	0	0	0	0	0	0.415	0.237
3.674	1.824	3.898	0	6.989	5.394	2.712	5.673	0	2.629	5.394	2.712	3.908	0	6.143	0.4	0	0.533	0	0.429	0.333	0	0.333	0	0.333	0.4	0	0.667	0	0.533	0	1	0	0	0.111	0	0.2	0	0	0	0.716	0.189
0	1.698	1.876	0	6.384	1.819	4.802	2.744	0.86	12.262	1.819	3.104	3.598	0.86	10.491	0	0.6	0.333	0	0.333	0	0.6	0.333	0	0.308	0	0	0.333	0	0.218	0	0.2	0.2	0.875	0	0	0	0.4	0.875	0	0	0.575
2.748	4.663	3.972	5.103	0.86	9.594	10.805	11.253	10.05	4.553	8.733	11.731	11.253	13.356	6.446	0.578	0.5	0.6	0.474	0.476	0.556	0.545	0.6	0.622	0.4	0.528	0.47	0.564	0.436	0.476	0.2	0	0	0.2	0.25	0	0	0	0	0	0.415	0.249
0	0	0	0	0	0	1.089	0	0	0	0	1.089	0	0	0	0	0	0	0	0	0	0	0	0	0	0	0	0	0	0	0	0	0.75	0	0.222	0	0	0	0	0	0.713	0.813
0	0	0	0	7.61	0	0	0	0	2.818	0	0	0	0	10.212	0	0	0	0	0.378	0	0	0	0	0.333	0	0	0	0	0.389	0	0	0	0	0	0	0	0	0	0	0.196	0.473
2.96	0	0	1.115	0	4.068	0	0	1.115	0	3.163	0	0	1.115	0	0.167	0	0	0	0	0.167	0	0	0	0	0.333	0	0	0	0	0	1	0	0	1	0	1	0	1	1	0.42	0.243
0	0.894	6.73	5.654	0	0	0.894	8.114	5.654	0	0	0.894	7.144	4.689	0	0	0	0.5	0.381	0	0	0	0.476	0.333	0	0	0	0.467	0.1	0	0.2	0	0	0	0	0.2	0.4	0	0	0.25	0	0.601
9.269	6.678	0	1.002	0.928	11.921	10.444	0	2.732	1.801	7.933	5.735	0	2.732	1.801	0.394	0.4	0	1	0	0.333	0.345	0	1	0	0.321	0.4	0	1	0	0	0	0	0.857	0	0	0	0	0.286	0	0.417	0.392
0	0	1.206	2.933	0	0	0	1.206	5.12	1.317	0	0	1.206	4.251	1.317	0	0	0	0	0	0	0	0	0	0	0	0	0	0	0	1	0.25	0.2	0	0	1	0	0	0	0	0	0.982
0	0.849	0	0	0	0	2.7	0	0	0.86	0	3.716	0	0	0.86	0	0.6	0	0	0	0	0.667	0	0	0	0	0.333	0	0	0	1	0.75	1	0.333	0.875	1	0.25	1	0.333	0.875	0.298	0.938
4.34	0	3.467	0	0	5.242	2.772	0	3.164	0	4.373	2.772	3.467	3.164	0	0.5	0.667	1	0.667	0	0.3	0.667	0	0.667	0	0.5	0.667	1	0.667	0	0	0	0.625	0	0	0	0	0	0.111	0	0.197	0.273
2.087	3.99	1.002	0	6.678	5.026	8.753	2.732	1.988	10.444	4.08	6.91	2.732	1.988	5.735	0.5	0.611	1	0	0.4	0.5	0.583	1	0	0.345	0.333	0.524	1	0	0.4	0	0	0.857	0	0	0	0	0.286	0	0	0.896	0.498
3.972	2.748	0.86	4.663	5.206	11.253	9.594	4.553	10.805	10.442	11.253	8.733	6.446	11.731	8.718	0.6	0.578	0.476	0.5	0.727	0.6	0.556	0.4	0.545	0.727	0.564	0.528	0.476	0.47	0.722	0	0.2	0.25	0	0	0	0	0	0	0	0.415	0.189
