1.597	0	0	0	0	2.351	0	0	0	0	0.754	0	0	0	0	0.667	0	0	0	0	0.667	0	0	0	0	0	0	0	0	0	0.2	0.6	0	0.25	0.8	0	0.6	0.333	0.75	1	0.557	0.253
0	0	0	0	3.518	0	0	0	0	9.626	0	0	0	0	5.012	0	0	0	0	0.75	0	0	0	0	0.75	0	0	0	0	0.333	0	0	0	0	0	0	0.6	0.2	0	0	0.557	0.578
1.562	0	0	0	0	1.562	0	0	0.794	0	0	0	0	0.794	0	1	0	0	0	0	1	0	0	0	0	0	0	0	0	0	0.625	0	0	0	0	0	0	0	0	0	0	0.456
0	0	0	0	0	0	0	0	0	0	0	0	0	0	0	0	0	0	0	0	0	0	0	0	0	0	0	0	0	0	0	0.2	0	0.5	0	0	0	0	0	0	0	0.394
0	0	0	0	-1	0	0	0	0	-1	0	0	0	0	-1	0	0	0	0	-1	0	0	0	0	-1	0	0	0	0	-1	0	0	0	0	-1	0	0	0.125	0	-1	0.898	0.870
0	0	0	0	0	0	0	0	0	0	0	0	0	0	0	0	0	0	0	0	0	0	0	0	0	0	0	0	0	0	0.2	0.5	0	0	0	0	0	0	0	0	0	0.466
0	0	0	0	0	0	0	0	0	0	0	0	0	0	0	0	0	0	0	0	0	0	0	0	0	0	0	0	0	0	0	0	0	0	0	0	0	0.6	0	0	0.418	0.567
0	0	0	0	0	0	0	0	0	0	0	0	0	0	0	0	0	0	0	0	0	0	0	0	0	0	0	0	0	0	0.5	0	0.2	0	0	0	0	0	0	0	0	0.397
3.518	0	5.077	0	9.017	9.626	0	11.521	0	16.735	5.012	0	7.323	0	9.831	0.75	0	0.578	0	0.333	0.75	0	0.578	0	0.333	0.333	0	0.6	0	0.429	0	0	0	0	0	0	0.2	0	0	0.8	0.415	0.372
0	0	0	0	0	0	0	0	0	0	0	0	0	0	0	0	0	0	0	0	0	0	0	0	0	0	0	0	0	0	0	0	0	0.2	0	0	0	0	0	0	0	0.429
0	0	0	0	0	0	0	0	0	0	0	0	0	0	0	0	0	0	0	0	0	0	0	0	0	0	0	0	0	0	0	0	0	0	0	0.6	0	0	0	0.2	0.56	0.447
0	0	0	0	0	0	0	0	0	0	0	0	0	0	0	0	0	0	0	0	0	0	0	0	0	0	0	0	0	0	0	0	0	0	0	0	0	0	0.2	0.6	0.554	0.614
0	0	1.597	4.098	0	0	0	2.351	5.745	0	0	0	0.754	1.647	0	0	0	0.667	0.667	0	0	0	0.667	0.667	0	0	0	0	0	0	0.6	0.25	0.2	0	0	0.6	0.75	0	0	0.333	0	0.741
5.034	0	0	6.461	0	5.785	0	0	7.212	0	0.751	0	0	0.751	0	0.667	0	0	0.679	0	0.667	0	0	0.679	0	0	0	0	0	0	0.2	0	0	0	0	0	0	0	0	0	0	0.528
0	0	1.562	0	0	0	0.794	1.562	0.931	0	0	0.794	0	0.931	0	0	0	1	0	0	0	0	1	0	0	0	0	0	0	0	0	0	0.625	0.25	0	0	0	0	0.25	0	0.415	0.517
0.769	5.427	3.332	5.169	4.196	2.454	7.895	4.374	12.731	5.806	1.685	1.702	1.94	8.776	2.394	1	0.667	0.8	0.487	0.619	1	0.667	0.8	0.487	0.619	1	0	1	0.25	0.333	0	0	0.556	0.2	0	0	0	0	0	0	0.418	0.418
0	4.098	0	4.196	1.597	0	5.745	0	5.806	2.351	0	1.647	0	2.394	0.754	0	0.667	0	0.619	0.667	0	0.667	0	0.619	0.667	0	0	0	0.333	0	0.25	0	0.6	0	0.2	0.75	0	0.6	0	0	0.415	0.845
7.345	9.017	9.109	5.077	0.871	14.733	16.735	18.182	11.521	9.113	7.387	9.831	9.073	7.323	6.38	0.372	0.333	0.294	0.578	0.643	0.372	0.333	0.294	0.578	0.643	0.4	0.429	0.533	0.6	0.6	0.2	0	0	0	0.333	0	0.8	0.2	0	1	0.898	0.306
0	0	6.461	0	0	0	0	7.212	0	0	0	0	0.751	0	0	0	0	0.679	0	0	0	0	0.679	0	0	0	0	0	0	0	0	0	0	0	0	0	0	0	0	0	0	0.463
9.109	7.345	0.871	9.017	1.047	18.182	14.733	9.113	16.735	8.436	9.073	7.387	6.38	9.831	7.389	0.294	0.372	0.643	0.333	0.762	0.294	0.372	0.643	0.333	0.762	0.533	0.4	0.6	0.429	0.333	0	0.2	0.333	0	0	0.2	0	1	0.8	0	0.717	0.276
5.077	3.518	9.017	0	7.345	11.521	9.626	16.735	0	14.733	7.323	5.012	9.831	0	7.387	0.578	0.75	0.333	0	0.372	0.578	0.75	0.333	0	0.372	0.6	0.333	0.429	0	0.4	0	0	0	0	0.2	0	0	0.8	0.2	0	0.718	0.323
0.871	9.109	1.047	7.345	0.879	9.113	18.182	8.436	14.733	5.386	6.38	9.073	7.389	7.387	5.386	0.643	0.294	0.762	0.372	0.733	0.643	0.294	0.762	0.372	0.733	0.6	0.533	0.333	0.4	0.6	0.333	0	0	0.2	0.6	1	0.2	0	0	0.8	0.19	0.552
5.427	5.169	0.769	0	3.332	7.895	12.731	2.454	0	4.374	1.702	8.776	1.685	0	1.94	0.667	0.487	1	0	0.8	0.667	0.487	1	0	0.8	0	0.25	1	0	1	0	0.2	0	0.25	0.556	0	0	0	0	0	0.556	0.243
6.461	0	0	0	5.034	7.212	0	0	0	5.785	0.751	0	0	0	0.751	0.679	0	0	0	0.667	0.679	0	0	0	0.667	0	0	0	0	0	0	0	0	0	0.2	0	0	0	0	0	0	0.374
5.169	0	5.427	0.879	0.769	12.731	0	7.895	5.386	2.454	8.776	0	1.702	5.386	1.685	0.487	0	0.667	0.733	1	0.487	0	0.667	0.733	1	0.25	0	0	0.6	1	0.2	0.25	0	0.6	0	0	0	0	0.8	0	0.018	0.447
0	0	3.518	0	5.077	0	0	9.626	0	11.521	0	0	5.012	0	7.323	0	0	0.75	0	0.578	0	0	0.75	0	0.578	0	0	0.333	0	0.6	0	0	0	0	0	0.2	0	0	0.6	0	0.118	0.352
9.017	5.077	7.345	3.518	9.109	16.735	11.521	14.733	9.626	18.182	9.831	7.323	7.387	5.012	9.073	0.333	0.578	0.372	0.75	0.294	0.333	0.578	0.372	0.75	0.294	0.429	0.6	0.4	0.333	0.533	0	0	0.2	0	0	0.8	0	0	0	0.2	0.196	0.313
4.049	0	0.81	0	0.79	6.528	0	0.81	0	0.79	3.262	0	0	0	0	0.357	0	0	0	0	0.357	0	0	0	0	0	0	0	0	0	0	0.2	0	0.8	0	0.6	0.2	0	1	0	0.42	0.235
4.098	4.196	0	3.332	0	5.745	5.806	0	4.374	0	1.647	2.394	0	1.94	0	0.667	0.619	0	0.8	0	0.667	0.619	0	0.8	0	0	0.333	0	1	0	0	0	0.25	0.556	0.6	0	0	0.75	0	0.6	0.557	0.355
0	1.562	0	0	0	0	1.562	0	0	0	0	0	0	0	0	0	1	0	0	0	0	1	0	0	0	0	0	0	0	0	0	0.625	0	0	0.5	0	0	0	0	0	0	0.407
0	0	4.049	0	0.81	0	0	6.528	0	0.81	0	0	3.262	0	0	0	0	0.357	0	0	0	0	0.357	0	0	0	0	0	0	0	0.2	0.8	0	0	0	0.2	1	0.6	0.333	0	0	0.454
0	6.461	5.034	0	0	0	7.212	5.785	0	0	0	0.751	0.751	0	0	0	0.679	0.667	0	0	0	0.679	0.667	0	0	0	0	0	0	0	0	0	0.2	0	0	0	0	0	0	0	0	0.548
0	0.879	5.169	1.047	5.427	0	5.386	12.731	8.436	7.895	0	5.386	8.776	7.389	1.702	0	0.733	0.487	0.762	0.667	0	0.733	0.487	0.762	0.667	0	0.6	0.25	0.333	0	0.25	0.6	0.2	0	0	0	0.8	0	0	0	0.417	0.748
3.332	0.769	4.196	5.427	4.098	4.374	2.454	5.806	7.895	5.745	1.94	1.685	2.394	1.702	1.647	0.8	1	0.619	0.667	0.667	0.8	1	0.619	0.667	0.667	1	1	0.333	0	0	0.556	0	0	0	0	0	0	0	0	0	0.298	0.668
0	0	0	0	6.461	0	0	0	0	7.212	0	0	0	0	0.751	0	0	0	0	0.679	0	0	0	0	0.679	0	0	0	0	0	0	0	0	0	0	0	0	0	0	0	0	0.539
0.879	1.047	0	0.871	5.169	5.386	8.436	0	9.113	12.731	5.386	7.389	0	6.38	8.776	0.733	0.762	0	0.643	0.487	0.733	0.762	0	0.643	0.487	0.6	0.333	0	0.6	0.25	0.6	0	0.25	0.333	0.2	0.8	0	0	1	0	0.059	0.630
0	0	0	-1	0	0	0	0	-1	0	0	0	0	-1	0	0	0	0	-1	0	0	0	0	-1	0	0	0	0	-1	0	0	0	0	-1	0	0	0.2	0	-1	0	0.896	0.702
0	0	0	1.562	0	0	0	0	1.562	0	0	0	0	0	0	0	0	0	1	0	0	0	0	1	0	0	0	0	0	0	0	0	0.5	0.625	0.2	0	0	0	0	0	0	0.354
0	0	0	1.597	4.049	0	0	0	2.351	6.528	0	0	0	0.754	3.262	0	0	0	0.667	0.357	0	0	0	0.667	0.357	0	0	0	0	0	0.8	0	0.2	0.2	0	1	0.333	0.2	0	0.6	0	0.942
0	5.034	0	0	0	0	5.785	0	0	0	0	0.751	0	0	0	0	0.667	0	0	0	0	0.667	0	0	0	0	0	0	0	0	0	0.2	0	0	0	0	0	0	0	0	0	0.412
0	0	0	5.034	0	0	0	0	5.785	0	0	0	0	0.751	0	0	0	0	0.667	0	0	0	0	0.667	0	0	0	0	0	0	0	0	0	0.2	0	0	0	0	0	0.125	0.292	0.657
0	0	0	0.79	1.562	0.794	0.931	0	0.79	1.562	0.794	0.931	0	0	0	0	0	0	0	1	0	0	0	0	1	0	0	0	0	0	0	0.25	0	0	0.625	0	0.25	0	0	0	0.198	0.444
4.196	3.332	4.098	0.769	0	5.806	4.374	5.745	2.454	0	2.394	1.94	1.647	1.685	0	0.619	0.8	0.667	1	0	0.619	0.8	0.667	1	0	0.333	1	0	1	0	0	0.556	0	0	0.25	0	0	0	0	0.75	0.419	0.476
0.81	4.049	0.79	0	0	0.81	6.528	0.79	0	0.931	0	3.262	0	0	0.931	0	0.357	0	0	0	0	0.357	0	0	0	0	0	0	0	0	0	0	0	0.2	0.25	0	0.6	0	0.2	0.25	0.19	0.372
0	1.597	0	0	0	0	2.351	0	0	0	0	0.754	0	0	0	0	0.667	0	0	0	0	0.667	0	0	0	0	0	0	0	0	0	0.2	0.8	0.6	0.2	0.333	0	1	0.6	0.2	0.417	0.496
1.047	0.871	0.879	9.109	0	8.436	9.113	5.386	18.182	0	7.389	6.38	5.386	9.073	0	0.762	0.643	0.733	0.294	0	0.762	0.643	0.733	0.294	0	0.333	0.6	0.6	0.533	0	0	0.333	0.6	0	0.25	0	1	0.8	0.2	0	0.557	0.245
0	0.79	0	0.81	0	0.931	0.79	0.794	0.81	0	0.931	0	0.794	0	0	0	0	0	0	0	0	0	0	0	0	0	0	0	0	0	0.25	0	0	0	0	0.25	0	0	0	0	0.415	0.526
0	0	-1	0	-1	0	0	-1	0	-1	0	0	-1	0	-1	0	0	-1	0	-1	0	0	-1	0	-1	0	0	-1	0	-1	0	0	-1	0	-1	0.125	0	-1	0	-1	0.9	0.952
0	-1	0	-1	0	0	-1	0	-1	0	0	-1	0	-1	0	0	-1	0	-1	0	0	-1	0	-1	0	0	-1	0	-1	0	0	-1	0	-1	0	0.2	-1	0	-1	0	0.899	0.777
0.79	0.81	0	4.049	0	0.79	0.81	0.931	6.528	0.794	0	0	0.931	3.262	0.794	0	0	0	0.357	0	0	0	0	0.357	0	0	0	0	0	0	0	0	0.25	0	0	0	0	0.25	0.6	0	0.198	0.373
