4.46	6.582	3.674	5.427	2.576	10.903	11.853	10.945	10.477	10.955	7.418	5.181	8.221	5.05	10.119	0.778	0.764	0.8	0.8	0.756	0.778	0.764	0.8	0.8	0.756	0.533	0.667	0.381	0.5	0.417	0	0	0	0	0	0	0	0	0	0	0	0.329
0	4.668	0	3.543	0	0	4.743	0	5.684	2.056	0	5.676	0	3.981	2.056	0	0.533	0	0.133	0	0	0.5	0	0.133	0	0	0.533	0	0	0	0.4	0	0	0	0.5	0.6	0	0.286	0	0	0	0.725
0	0	0	0	0	0	0	0	0	0	0	0	0	0	0	0	0	0	0	0	0	0	0	0	0	0	0	0	0	0	0.556	0	0.571	0	0.2	0	0	0.143	0	0	0.298	0.852
0	0	0	0	5.427	0	0	0	0	10.477	0	0	0	0	5.05	0	0	0	0	0.8	0	0	0	0	0.8	0	0	0	0	0.5	0	0	0	0	0	0.4	0	0	0	0	0.419	0.432
0.983	0	0.874	7.332	0	2.723	0	2.614	11.179	0	2.723	0	1.74	5.768	0	0.333	0	1	0.424	0	0.333	0	1	0.394	0	0.333	0	1	0.4	0	0	0.2	0	0.2	0.2	0.2	1	0.2	0.2	1	0	0.701
0	0	3.552	0	0	0	0	4.432	0.879	0	0	0	0.879	0.879	0	0	0	0	0	0	0	0	0	0	0	0	0	0	0	0	0	0	0	0	0	0	0	0	0	0	0.056	0.360
0	1.889	7.332	1.69	0	0.846	1.765	11.179	1.69	0	1.882	3.712	5.768	0.847	0	0	0.833	0.424	1	0	0	1	0.394	1	0	0	0.667	0.4	0	0	0.2	0	0.2	0	0.2	0.8	0	0.2	0	1	0	0.639
4.437	1.681	0	0	4.351	10.575	6.405	6.122	4.809	12.48	7.055	4.712	5.195	4.809	8.98	0.382	0.571	0.19	0.6	0.295	0.382	0.571	0.19	0.6	0.295	0.286	0.2	0.133	0.2	0.361	0	0	0	0	0	0.2	0	0.2	0.2	0	0.299	0.358
0	0	0	0	0	0	0	0	0	0	0	0	0	0	0	0	0	0	0	0	0	0	0	0	0	0	0	0	0	0	0	0	0.286	0	0.2	0.4	0	0.857	0	0.2	0.419	0.709
0	0	0	0	0	0	0	0	0	0	0	0	0	0	0	0	0	0	0	0	0	0	0	0	0	0	0	0	0	0	0	0	0	0	0	0.2	0	0	0.4	0	0.42	0.677
0	0	4.803	2.784	0	4.815	0	12.582	7.993	1.719	5.709	0	10.671	7.993	1.719	0.733	0	0.509	0.643	1	0.7	0	0.491	0.607	1	0.667	0	0.528	0.464	1	0.2	0.5	0	0	0	0.2	0.75	0	0	0	0	0.476
4.668	3.543	0	0	0	4.743	5.684	0	0	0	5.676	3.981	0	0	0	0.533	0.133	0	0	0	0.5	0.133	0	0	0	0.533	0	0	0	0	0	0	0.4	0.2	0	0	0	0.6	0.2	0.286	0	0.616
1.681	0	4.437	1.685	0	6.405	4.809	10.575	8.361	6.122	4.712	4.809	7.055	6.687	5.195	0.571	0.6	0.382	0.444	0.19	0.571	0.6	0.382	0.444	0.19	0.2	0.2	0.286	0.238	0.133	0	0	0	0	0	0	0.2	0.2	0	0.2	0.713	0.342
0.826	2.712	0.856	0	0	4.722	7.447	3.771	5.962	0	4.722	6.586	3.771	5.962	0	0.5	0.393	0.667	0.333	0	0.5	0.393	0.667	0.333	0	0.5	0.333	0.667	0.333	0	0	0	0.4	0	0	0	0	0	0	0	0	0.418
1.685	7.783	0	4.24	1.681	8.361	15.605	4.809	12.065	6.405	6.687	6.895	4.809	6.904	4.712	0.444	0.412	0.6	0.436	0.571	0.444	0.412	0.6	0.436	0.571	0.238	0.19	0.2	0.286	0.2	0	0	0	0	0	0	0	0.2	0	0	0.556	0.362
0	0	0	0	0	0	0	0	0	0	0	0	0	0	0	0	0	0	0	0	0	0	0	0	0	0	0	0	0	0	0	0.333	0.125	0.333	0.25	0	0.556	0	0.333	0	0.556	0.588
0	0	0.859	1.193	0	0	0	1.724	0	0	0	0	0.865	1.193	0	0	0	0	0	0	0	0	0	0	0	0	0	0	0	0	0.125	0.444	0	0	0	0.25	1	0	0.8	0.6	0	0.425
0	0	0	1.835	0	0	1.761	0	5.143	0	0	1.761	0	4.281	0	0	0	0	0.8	0	0	0	0	0.8	0	0	0	0	0.667	0	0	0	0	0.2	0	0	0.333	0	0.4	0	0.897	0.580
3.516	8.022	3.671	6.228	4.51	12.225	17.245	10.378	15.504	11.854	9.668	10.95	5.716	9.162	5.558	0.652	0.515	0.644	0.581	0.561	0.652	0.515	0.644	0.581	0.561	0.306	0.289	0.4	0.357	0.5	0	0	0	0.2	0	0	0	0	0	0	0.896	0.204
0	3.552	0	0	0	0	4.432	0	0	0	0	0.879	0	0	0	0	0	0	0	0	0	0	0	0	0	0	0	0	0	0	0	0	0	0	0	0	0	0	0	0	0.894	0.225
0	0	0	0	0	0	0	0	0	0	0	0	0	0	0	0	0	0	0	0	0	0	0	0	0	0	0	0	0	0	0	0.2	0.4	0	0	0.2	0.2	0.4	0	0	0.419	0.461
3.594	5.508	6.228	5.727	8.022	12.75	14.487	15.504	15.15	17.245	8.065	8.964	9.162	10.523	10.95	0.652	0.637	0.581	0.615	0.515	0.652	0.637	0.581	0.615	0.515	0.476	0.429	0.357	0.361	0.289	0	0	0.2	0	0	0	0	0	0	0	0.9	0.277
0	0	5.427	0	6.582	0	0	10.477	0	11.853	0	0	5.05	0	5.181	0	0	0.8	0	0.764	0	0	0.8	0	0.764	0	0	0.5	0	0.667	0	0	0	0	0	0	0.4	0	0	0	0.556	0.389
0.859	0	0	0	0	1.724	0	0	0	0	0.865	0	0	0	0	0	0	0	0	0	0	0	0	0	0	0	0	0	0	0	0	0.125	0	0.444	0	0	0.25	0.6	1	0.2	0.415	0.233
0	2.784	0	6.878	4.803	0	7.993	4.815	9.259	12.582	0	7.993	5.709	7.454	10.671	0	0.643	0.733	0.556	0.509	0	0.607	0.7	0.5	0.491	0	0.464	0.667	0.524	0.528	0.5	0	0.2	0	0	0.75	0	0.2	0	0	0.294	0.818
5.727	5.519	5.508	4.392	3.594	15.15	15.205	14.487	13.847	12.75	10.523	9.456	8.964	7.364	8.065	0.615	0.626	0.637	0.705	0.652	0.615	0.626	0.637	0.705	0.652	0.361	0.5	0.429	0.533	0.476	0	0.2	0	0.2	0	0	0	0	0	0	0.556	0.267
0	0	0	0	-1	0	0	0	1.761	-1	0	0	0	1.761	-1	0	0	0	0	-1	0	0	0	0	-1	0	0	0	0	-1	0	0	0	0	-1	0	0	0	0.333	-1	0.899	0.764
0.874	0.983	0	0	0	2.614	2.723	0	0	0.85	1.74	2.723	0	0	0.85	1	0.333	0	0	0	1	0.333	0	0	0	1	0.333	0	0	0	0	0	0.2	0.2	0.2	0.2	0.2	1	1	0.4	0.556	0.609
1.889	1.69	0	4.763	7.332	1.765	1.69	0.846	4.986	11.179	3.712	0.847	1.882	7.852	5.768	0.833	1	0	0.286	0.424	1	1	0	0.6	0.394	0.667	0	0	0.179	0.4	0	0	0.2	0.333	0.2	0	0	0.8	0.111	0.2	0	0.596
0	1.193	0	0	0	0.879	0	0	0	0	0.879	1.193	0	0	0	0	0	0	0	0	0	0	0	0	0	0	0	0	0	0	0	0	0	0.2	0	0	0	0	0.2	0	0.556	0.293
0	0	0	0	0	0	0	0	0	0	0	0	0	0	0	0	0	0	0	0	0	0	0	0	0	0	0	0	0	0	0	0	0	0	0	0	0.4	0.2	0	0	0.415	0.628
3.543	0	4.668	0	0	5.684	0	4.743	0	0	3.981	0	5.676	0	0	0.133	0	0.533	0	0	0.133	0	0.5	0	0	0	0	0.533	0	0	0	0.2	0	0	0.4	0	0.2	0	0	0.6	0	0.306
0	1.685	1.681	7.783	4.437	4.809	8.361	6.405	15.605	10.575	4.809	6.687	4.712	6.895	7.055	0.6	0.444	0.571	0.412	0.382	0.6	0.444	0.571	0.412	0.382	0.2	0.238	0.2	0.19	0.286	0	0	0	0	0	0.2	0	0	0	0.2	0.298	0.419
0	0	0	0	0	0	0	0	0	0	0	0	0	0	0	0	0	0	0	0	0	0	0	0	0	0	0	0	0	0	0	0	0	0	0	0.125	0.4	0	0.4	0	0.415	0.458
2.712	0	0.826	0	0.856	7.447	5.962	4.722	4.785	3.771	6.586	5.962	4.722	4.785	3.771	0.393	0.333	0.5	0.5	0.667	0.393	0.333	0.5	0.5	0.667	0.333	0.333	0.5	0.5	0.667	0	0	0	0	0.4	0	0	0	0	0	0.197	0.463
0	0	0	0	0	0	0	0	0	0	0	0	0	0	0	0	0	0	0	0	0	0	0	0	0	0	0	0	0	0	0	0.4	0	0	0.2	0	0.4	0	0.2	0.6	0.055	0.548
0	0	0	0.863	0	0	0	0	0.863	0	0	0	0	0	0	0	0	0	0	0	0	0	0	0	0	0	0	0	0	0	0.333	0.333	0	0	0.125	0.556	0.333	0	0	0	0.298	0.805
1.835	0	0	4.726	0	5.143	0.84	1.761	10.057	0	4.281	0.84	1.761	7.317	0	0.8	0	0	0.467	0	0.8	0	0	0.444	0	0.667	0	0	0.476	0	0.2	0.2	0	0.2	0	0.4	0.2	0.333	0.4	0	0.419	0.564
5.427	0	6.582	0	4.46	10.477	0	11.853	0	10.903	5.05	0	5.181	0	7.418	0.8	0	0.764	0	0.778	0.8	0	0.764	0	0.778	0.5	0	0.667	0	0.533	0	0	0	0	0	0	0	0	0.4	0	0.419	0.304
0	0	0	0	0	0	0	0	0	0	0	0	0	0	0	0	0	0	0	0	0	0	0	0	0	0	0	0	0	0	0.2	0	0	0.25	0.4	0.2	0	0.2	0	0.4	0	0.683
0	0	0	3.552	0	0	0	0	4.432	0	0	0	0	0.879	0	0	0	0	0	0	0	0	0	0	0	0	0	0	0	0	0	0	0	0	0.2	0	0	0	0	0.4	0.417	0.411
0	4.803	4.876	0	6.907	1.719	12.582	7.433	4.815	13.053	1.719	10.671	9.417	5.709	11.266	1	0.509	0.556	0.733	0.256	1	0.491	0.762	0.7	0.256	1	0.528	0.472	0.667	0.218	0	0	0.2	0.2	0	0	0	0	0.2	0.2	0	0.777
0	0	0	0	0	0	0	0	0	0	0	0	0	0	0	0	0	0	0	0	0	0	0	0	0	0	0	0	0	0	0	0	0	0	0	0.4	0.4	0.125	0	0	0.556	0.511
0	0	0	0	0	0	0	0	0	0	0	0	0	0	0	0	0	0	0	0	0	0	0	0	0	0	0	0	0	0	0.125	0	0.25	0.333	0	0	0	0	0.556	0	0	0.587
0	0	0	0	0	0	0	0	0	0	0	0	0	0	0	0	0	0	0	0	0	0	0	0	0	0	0	0	0	0	0.571	0.556	0.2	0	0.125	0.143	0	0	0	0.625	0.418	0.741
1.193	0	0	0	0	0	0	0	0	0	1.193	0	0	0	0	0	0	0	0	0	0	0	0	0	0	0	0	0	0	0	0	0.2	0.444	0	0.125	0.8	0.4	1	0	0.25	0	0.556
0	0	0	0	0	0	0	0	0	0	0	0	0	0	0	0	0	0	0	0	0	0	0	0	0	0	0	0	0	0	0.25	0	0	0.25	0.2	0	0	0	0	0.2	0.116	0.707
4.803	0	0	0	4.876	12.582	4.815	1.719	0	7.433	10.671	5.709	1.719	0	9.417	0.509	0.733	1	0	0.556	0.491	0.7	1	0	0.762	0.528	0.667	1	0	0.472	0	0.2	0	0.5	0.2	0	0.2	0	0.75	0	0.419	0.426
0	0.874	0	0.983	0	0	2.614	0.85	2.723	0	0	1.74	0.85	2.723	0	0	1	0	0.333	0	0	1	0	0.333	0	0	1	0	0.333	0	0.2	0	0.2	0	0.25	1	0.2	0.4	0.2	1	0.419	0.795
0	0.842	0	0	0	0	2.645	0	0	0	0	2.645	0	0	0	0	0.667	0	0	0	0	0.667	0	0	0	0	0.667	0	0	0	0.286	0.4	0.2	0	0.2	0	0.4	0	0	0.4	0.299	0.772
4.51	3.671	4.24	3.516	7.783	11.854	10.378	12.065	12.225	15.605	5.558	5.716	6.904	9.668	6.895	0.561	0.644	0.436	0.652	0.412	0.561	0.644	0.436	0.652	0.412	0.5	0.4	0.286	0.306	0.19	0	0	0	0	0	0	0	0	0	0	0.893	0.275
0	0	0	0.874	0.915	0.85	0	0	2.614	0	0.85	0	0	1.74	0.915	0	0	0	1	0	0	0	0	1	0	0	0	0	1	0	0.2	0.2	0.25	0	0.6	0.4	1	1	0.2	0.4	0	0.717
2.576	3.674	4.392	4.46	5.519	10.955	10.945	13.847	10.903	15.205	10.119	8.221	7.364	7.418	9.456	0.756	0.8	0.705	0.778	0.626	0.756	0.8	0.705	0.778	0.626	0.417	0.381	0.533	0.533	0.5	0	0	0.2	0	0.2	0	0	0	0	0	0.556	0.370
0	0	-1	0	-1	0	0	-1	0	-1	0	0	-1	0	-1	0	0	-1	0	-1	0	0	-1	0	-1	0	0	-1	0	-1	0	0	-1	0	-1	0	0	-1	0	-1	0.896	0.866
0	0	0	0	0	0	0	0	0	0	0	0	0	0	0	0	0	0	0	0	0	0	0	0	0	0	0	0	0	0	0	0	0	0	0	0.4	0	0	0.8	0.2	0.419	0.657
0	0	0	0	1.193	0	0	0	0	0	0	0	0	0	1.193	0	0	0	0	0	0	0	0	0	0	0	0	0	0	0	0.286	0	0.2	0	0	0.857	0.4	0.2	0	0	0.418	0.748
0	0	0	0	0	0	0.865	0	0	0	0	0.865	0	0	0	0	0	0	0	0	0	0	0	0	0	0	0	0	0	0	0	0	0	0	0.556	0	0	0	0.2	0	0	0.744
0	0	2.712	0	0.826	5.962	4.785	7.447	1.795	4.722	5.962	4.785	6.586	1.795	4.722	0.333	0.5	0.393	1	0.5	0.333	0.5	0.393	1	0.5	0.333	0.5	0.333	1	0.5	0	0	0	0.2	0	0	0	0	0.2	0	0	0.623
3.552	0	0	0	0	4.432	0	0	0	0	0.879	0	0	0	0	0	0	0	0	0	0	0	0	0	0	0	0	0	0	0	0	0	0	0	0	0	0	0	0	0	0.42	0.255
0	0	0	0	0	0	0	0	0	0	0	0	0	0	0	0	0	0	0	0	0	0	0	0	0	0	0	0	0	0	0	0.25	0.2	0	0	0	0	0.2	0	0.2	0	0.799
0	0	0	0	0	0	0	0	0	0	0	0	0	0	0	0	0	0	0	0	0	0	0	0	0	0	0	0	0	0	0.2	0.571	0.125	0.556	0.571	0	0.143	0.625	0	1	0	0.752
0	0	0.915	0	8.889	0	0.85	0	0	13.952	0	0.85	0.915	0	12.883	0	0	0	0	0.319	0	0	0	0	0.275	0	0	0	0	0.244	0.25	0.2	0.6	0.2	0	1	0.4	0.4	1	0	0.296	0.810
8.022	6.228	3.516	3.594	3.671	17.245	15.504	12.225	12.75	10.378	10.95	9.162	9.668	8.065	5.716	0.515	0.581	0.652	0.652	0.644	0.515	0.581	0.652	0.652	0.644	0.289	0.357	0.306	0.476	0.4	0	0.2	0	0	0	0	0	0	0	0	0.897	0.269
0	0	0	4.668	0	0	0	2.056	4.743	0	0	0	2.056	5.676	0	0	0	0	0.533	0	0	0	0	0.5	0	0	0	0	0.533	0	0	0.4	0.5	0	0.25	0.286	0.6	0	0	0	0.418	0.652
0	0	0	0	0	0	0	0	0	0	0	0	0	0	0	0	0	0	0	0	0	0	0	0	0	0	0	0	0	0	0	0	0	0	0	0	0	0.4	0.2	0	0.419	0.403
1.69	4.763	1.889	0	0	1.69	4.986	1.765	0	0.846	0.847	7.852	3.712	0	1.882	1	0.286	0.833	0	0	1	0.6	1	0	0	0	0.179	0.667	0	0	0	0.333	0	0.25	0.2	0	0.111	0	0	0.8	0.116	0.667
0.915	0	8.889	0	6.878	0	0	13.952	0.85	9.259	0.915	0	12.883	0.85	7.454	0	0	0.319	0	0.556	0	0	0.275	0	0.5	0	0	0.244	0	0.524	0.6	0.25	0	0.2	0	0.4	1	0	0.4	0	0	0.599
6.582	5.427	4.46	0	3.674	11.853	10.477	10.903	0	10.945	5.181	5.05	7.418	0	8.221	0.764	0.8	0.778	0	0.8	0.764	0.8	0.778	0	0.8	0.667	0.5	0.533	0	0.381	0	0	0	0	0	0	0	0	0	0	0	0.302
0.842	0	0	0.856	0	2.645	0	0	3.771	0	2.645	0	0	3.771	0	0.667	0	0	0.667	0	0.667	0	0	0.667	0	0.667	0	0	0.667	0	0.4	0	0.286	0.4	0.2	0.4	0	0	0	0	0.298	0.504
0	1.193	0	0	0.859	0	0	0	0	1.724	0	1.193	0	0	0.865	0	0	0	0	0	0	0	0	0	0	0	0	0	0	0	0.444	0	0.125	0.2	0	1	0.8	0.25	0.4	0	0	0.668
6.907	4.876	4.726	0	0	13.053	7.433	10.057	1.719	0.84	11.266	9.417	7.317	1.719	0.84	0.256	0.556	0.467	1	0	0.256	0.762	0.444	1	0	0.218	0.472	0.476	1	0	0	0.2	0.2	0	0.2	0.2	0	0.4	0	0.2	0.419	0.507
4.876	0	6.907	4.803	4.726	7.433	1.719	13.053	12.582	10.057	9.417	1.719	11.266	10.671	7.317	0.556	1	0.256	0.509	0.467	0.762	1	0.256	0.491	0.444	0.472	1	0.218	0.528	0.476	0.2	0	0	0	0.2	0	0	0.2	0	0.4	0	0.592
0	0.856	0.842	0.826	0	0	3.771	2.645	4.722	0	0	3.771	2.645	4.722	0	0	0.667	0.667	0.5	0	0	0.667	0.667	0.5	0	0	0.667	0.667	0.5	0	0	0.4	0.4	0	0.286	0	0	0.4	0	0	0	0.726
0	0	0	0	0	0	0	0	0	0	0	0	0	0	0	0	0	0	0	0	0	0	0	0	0	0	0	0	0	0	0	0	0	0	0	0.2	0	0	0	0	0.898	0.401
0	0	0	0	0	0	0	0	0	0	0	0	0	0	0	0	0	0	0	0	0	0	0	0	0	0	0	0	0	0	0	0	0	0	0	0.4	0	0.4	0	0.125	0.419	0.471
0	0	0	0	0	0.865	0	0	0	0	0.865	0	0	0	0	0	0	0	0	0	0	0	0	0	0	0	0	0	0	0	0	0	0	0	0	0	0.2	0	0.6	0	0.415	0.238
7.783	4.24	1.685	4.51	0	15.605	12.065	8.361	11.854	4.809	6.895	6.904	6.687	5.558	4.809	0.412	0.436	0.444	0.561	0.6	0.412	0.436	0.444	0.561	0.6	0.19	0.286	0.238	0.5	0.2	0	0	0	0	0	0	0	0	0	0.2	0.12	0.200
0	0	0	0.859	0	0	0	0.865	1.724	0	0	0	0.865	0.865	0	0	0	0	0	0	0	0	0	0	0	0	0	0	0	0	0	0	0	0	0	0.2	0.6	0	0	0	0	0.520
4.763	0	1.69	0	1.889	4.986	0	1.69	2.056	1.765	7.852	0	0.847	2.056	3.712	0.286	0	1	0	0.833	0.6	0	1	0	1	0.179	0	0	0	0.667	0.333	0.25	0	0.5	0	0.111	0	0	0	0	0.554	0.514
0	4.351	0	0	0	1.795	12.48	4.785	6.122	5.962	1.795	8.98	4.785	5.195	5.962	1	0.295	0.5	0.19	0.333	1	0.295	0.5	0.19	0.333	1	0.361	0.5	0.133	0.333	0.2	0	0	0	0	0.2	0	0	0.2	0	0.298	0.544
0	0	1.788	0	0	0	0	1.788	0	0	0	0	0	0	0	0	0	0	0	0	0	0	0	0	0	0	0	0	0	0	0.2	0	0.222	0	0.2	0.6	0	0	0	0.8	0	0.903
0	4.726	1.835	6.907	0	0.84	10.057	5.143	13.053	1.761	0.84	7.317	4.281	11.266	1.761	0	0.467	0.8	0.256	0	0	0.444	0.8	0.256	0	0	0.476	0.667	0.218	0	0.2	0.2	0.2	0	0	0.2	0.4	0.4	0.2	0.333	0	0.618
0	0	1.193	0	0	0	0	0	0	0.879	0	0	1.193	0	0.879	0	0	0	0	0	0	0	0	0	0	0	0	0	0	0	0.2	0.286	0	0	0	0.2	0.857	0	0.4	0	0	0.698
0	0	0	4.351	2.712	4.785	1.795	5.962	12.48	7.447	4.785	1.795	5.962	8.98	6.586	0.5	1	0.333	0.295	0.393	0.5	1	0.333	0.295	0.393	0.5	1	0.333	0.361	0.333	0	0.2	0	0	0	0	0.2	0	0	0	0.897	0.602
0	0	0	0	0	0	0	0	0	0	0	0	0	0	0	0	0	0	0	0	0	0	0	0	0	0	0	0	0	0	0	0	0	0.2	0.286	0	0	0.4	0.8	0.857	0	0.777
1.788	0	0	0	0	1.788	0	0	0	0	0	0	0	0	0	0	0	0	0	0	0	0	0	0	0	0	0	0	0	0	0.222	0.2	0.2	0	0	0	0.6	0.8	0	0	0.419	0.432
4.392	2.576	5.519	3.674	5.727	13.847	10.955	15.205	10.945	15.15	7.364	10.119	9.456	8.221	10.523	0.705	0.756	0.626	0.8	0.615	0.705	0.756	0.626	0.8	0.615	0.533	0.417	0.5	0.381	0.361	0.2	0	0.2	0	0	0	0	0	0	0	0.415	0.292
0	0	0	0	0	0	0	0	0	0	0	0	0	0	0	0	0	0	0	0	0	0	0	0	0	0	0	0	0	0	0	0.25	0.25	0.125	0	0	0	0	0	0	0.418	0.407
0	0	4.763	0	1.69	0	2.056	4.986	0	1.69	0	2.056	7.852	0	0.847	0	0	0.286	0	1	0	0	0.6	0	1	0	0	0.179	0	0	0.25	0.5	0.333	0	0	0	0	0.111	0.286	0	0.296	0.499
0	0	0	0	0	0	0	0	0	0	0	0	0	0	0	0	0	0	0	0	0	0	0	0	0	0	0	0	0	0	0	0	0	0	0	0	0	0.2	0	0	0.893	0.396
0	0	0	0	0.856	0	0	0	0	1.949	0	0	0	0	1.093	0	0	0	0	0	0	0	0	0	0	0	0	0	0	0	0.125	0.2	0.571	0.571	0	0.625	0	1	0.143	0	0	0.471
0	0	0.863	0	0	0	0	0.863	0	0	0	0	0	0	0	0	0	0	0	0	0	0	0	0	0	0	0	0	0	0	0.2	0.2	0	0.286	0.333	0.4	0	0	0	0.333	0.298	0.685
0	-1	0	-1	0	0	-1	0	-1	0	0	-1	0	-1	0	0	-1	0	-1	0	0	-1	0	-1	0	0	-1	0	-1	0	0	-1	0	-1	0	0.8	-1	0	-1	0.4	0.899	0.784
0	0	0	0	0	0	0	0	0	0	0	0	0	0	0	0	0	0	0	0	0	0	0	0	0	0	0	0	0	0	0	0	0	0	0	0	0.2	0	0	0.4	0.415	0.349
0	0	0	0	0	0	0	0	0	0	0	0	0	0	0	0	0	0	0	0	0	0	0	0	0	0	0	0	0	0	0	0	0	0	0	0	0	0.4	0	0.4	0	0.577
3.671	3.516	4.51	8.022	4.24	10.378	12.225	11.854	17.245	12.065	5.716	9.668	5.558	10.95	6.904	0.644	0.652	0.561	0.515	0.436	0.644	0.652	0.561	0.515	0.436	0.4	0.306	0.5	0.289	0.286	0	0	0	0	0	0	0	0	0	0	0.894	0.224
4.351	0	0	4.437	0	12.48	6.122	1.795	10.575	4.785	8.98	5.195	1.795	7.055	4.785	0.295	0.19	1	0.382	0.5	0.295	0.19	1	0.382	0.5	0.361	0.133	1	0.286	0.5	0	0	0.2	0	0	0	0.2	0.2	0.2	0	0.117	0.351
8.889	0.915	6.878	0	2.784	13.952	0	9.259	0	7.993	12.883	0.915	7.454	0	7.993	0.319	0	0.556	0	0.643	0.275	0	0.5	0	0.607	0.244	0	0.524	0	0.464	0	0.6	0	0.25	0	0	0.4	0	1	0	0	0.483
0	0	0	0.842	0.863	0	0	0	2.645	0.863	0	0	0	2.645	0	0	0	0	0.667	0	0	0	0	0.667	0	0	0	0	0.667	0	0.2	0.286	0.2	0.4	0	0	0	0.4	0.4	0	0	0.805
6.878	8.889	2.784	0.915	0	9.259	13.952	7.993	0	0	7.454	12.883	7.993	0.915	0	0.556	0.319	0.643	0	0	0.5	0.275	0.607	0	0	0.524	0.244	0.464	0	0	0	0	0	0.6	0.5	0	0	0	0.4	0.75	0.294	0.377
0	0	0	1.788	0	0	0	0	1.788	0	0	0	0	0	0	0	0	0	0	0	0	0	0	0	0	0	0	0	0	0	0	0.2	0	0.222	0	0	0.8	0	0	0.4	0	0.678
5.519	4.392	5.727	2.576	5.508	15.205	13.847	15.15	10.955	14.487	9.456	7.364	10.523	10.119	8.964	0.626	0.705	0.615	0.756	0.637	0.626	0.705	0.615	0.756	0.637	0.5	0.533	0.361	0.417	0.429	0.2	0.2	0	0	0	0	0	0	0	0	0	0.305
3.674	4.46	2.576	6.582	4.392	10.945	10.903	10.955	11.853	13.847	8.221	7.418	10.119	5.181	7.364	0.8	0.778	0.756	0.764	0.705	0.8	0.778	0.756	0.764	0.705	0.381	0.533	0.417	0.667	0.533	0	0	0	0	0.2	0	0	0	0	0	0.415	0.281
0.856	0	0	0	0	1.949	0	0	0	0	1.093	0	0	0	0	0	0	0	0	0	0	0	0	0	0	0	0	0	0	0	0	0.571	0	0.125	0	0	1	0.333	0.625	0	0.415	0.510
0	0	0.856	0	0	0	0	1.949	0	0	0	0	1.093	0	0	0	0	0	0	0	0	0	0	0	0	0	0	0	0	0	0.571	0.125	0	0.2	0	1	0.625	0	0	0.333	0.418	0.872
0	0	0	0	4.763	2.056	0	0	0	4.986	2.056	0	0	0	7.852	0	0	0	0	0.286	0	0	0	0	0.6	0	0	0	0	0.179	0.5	0	0.25	0.4	0.333	0	0.286	0	0.6	0.111	0.417	0.654
0	0	0	-1	0	0	0	0	-1	0	0	0	0	-1	0	0	0	0	-1	0	0	0	0	-1	0	0	0	0	-1	0	0	0	0	-1	0	0	0.8	0.4	-1	0	0.896	0.698
1.193	0	0	0	0	0	0	0.879	0	0	1.193	0	0.879	0	0	0	0	0	0	0	0	0	0	0	0	0	0	0	0	0	0	0.2	0	0.286	0	0	0.2	0	0.857	0	0	0.442
0	0	0	0	0	0	0	0	0	0	0	0	0	0	0	0	0	0	0	0	0	0	0	0	0	0	0	0	0	0	0.4	0	0	0.2	0	0.4	0.2	0	0.2	0	0.556	0.646
0	0.856	0	0	0	0	1.949	0	0	0	0	1.093	0	0	0	0	0	0	0	0	0	0	0	0	0	0	0	0	0	0	0	0	0	0.571	0.2	0.333	0	0	1	0.2	0	0.577
0	1.835	0	0	0	1.761	5.143	0	0.84	0	1.761	4.281	0	0.84	0	0	0.8	0	0	0	0	0.8	0	0	0	0	0.667	0	0	0	0	0.2	0	0.2	0	0.333	0.4	0	0.2	0	0.893	0.635
5.508	5.727	3.594	5.519	6.228	14.487	15.15	12.75	15.205	15.504	8.964	10.523	8.065	9.456	9.162	0.637	0.615	0.652	0.626	0.581	0.637	0.615	0.652	0.626	0.581	0.429	0.361	0.476	0.5	0.357	0	0	0	0.2	0.2	0	0	0	0	0	0.717	0.320
0	0	3.543	0	4.668	0	0	5.684	0	4.743	0	0	3.981	0	5.676	0	0	0.133	0	0.533	0	0	0.133	0	0.5	0	0	0	0	0.533	0.2	0	0	0	0	0.2	0	0	0.333	0	0	0.668
0	0	0	0	1.788	0	0	0	0	1.788	0	0	0	0	0	0	0	0	0	0	0	0	0	0	0	0	0	0	0	0	0	0	0.2	0.4	0.222	0	0	0.6	0.4	0	0.419	0.763
0	0	0	0	1.193	0	0	0	0	0	0	0	0	0	1.193	0	0	0	0	0	0	0	0	0	0	0	0	0	0	0	0	0	0.2	0	0	0	0	0.4	0	0.8	0	0.463
0	0.863	0	0	0	0	0.863	0	0	0	0	0	0	0	0	0	0	0	0	0	0	0	0	0	0	0	0	0	0	0	0.333	0	0.333	0.2	0	0.333	0	0.556	0.4	0	0.117	0.621
0	0	0	0	0	0	0	0	0	0	0	0	0	0	0	0	0	0	0	0	0	0	0	0	0	0	0	0	0	0	0	0	0	0	0	0	0.125	0	0.4	0	0.894	0.422
2.784	6.878	0	8.889	0	7.993	9.259	0	13.952	4.815	7.993	7.454	0	12.883	5.709	0.643	0.556	0	0.319	0.733	0.607	0.5	0	0.275	0.7	0.464	0.524	0	0.244	0.667	0	0	0.5	0	0.2	0	0	0.75	0	0.2	0.556	0.574
0	0	0	0	0	0	0	0	0	0	0	0	0	0	0	0	0	0	0	0	0	0	0	0	0	0	0	0	0	0	0	0	0	0	0	0	0	0	0.2	0.4	0.296	0.517
0	1.788	0	0	0	0	1.788	0	0	0	0	0	0	0	0	0	0	0	0	0	0	0	0	0	0	0	0	0	0	0	0.2	0.222	0	0.2	0	0.8	0	0	0.6	0	0.419	0.785
0	0	0	0	0	0	0	0	0	0	0	0	0	0	0	0	0	0	0	0	0	0	0	0	0	0	0	0	0	0	0.25	0.125	0	0	0.25	0	0	0	0	0	0	0.641
0	0	0	0	0	0	0	0	0.865	0	0	0	0	0.865	0	0	0	0	0	0	0	0	0	0	0	0	0	0	0	0	0	0	0.556	0	0.571	0	0	0	0	0.143	0	0.766
7.332	0	0	1.889	0.983	11.179	0.846	0	1.765	2.723	5.768	1.882	0	3.712	2.723	0.424	0	0	0.833	0.333	0.394	0	0	1	0.333	0.4	0	0	0.667	0.333	0.2	0.2	0.2	0	0	0.2	0.8	1	0	0.2	0	0.526
0	0	0	0	0	0	0	0	0	0	0	0	0	0	0	0	0	0	0	0	0	0	0	0	0	0	0	0	0	0	0	0	0	0	0	0	0	0	0.125	0.2	0.893	0.393
4.726	6.907	0	4.876	1.835	10.057	13.053	0.84	7.433	5.143	7.317	11.266	0.84	9.417	4.281	0.467	0.256	0	0.556	0.8	0.444	0.256	0	0.762	0.8	0.476	0.218	0	0.472	0.667	0.2	0	0.2	0.2	0.2	0.4	0.2	0.2	0	0.4	0.419	0.574
0.863	0	0	0	0	0.863	0	0	0	0	0	0	0	0	0	0	0	0	0	0	0	0	0	0	0	0	0	0	0	0	0	0.2	0.333	0.2	0.333	0	0.4	0.333	0	0.556	0.556	0.406
6.228	3.594	8.022	5.508	3.516	15.504	12.75	17.245	14.487	12.225	9.162	8.065	10.95	8.964	9.668	0.581	0.652	0.515	0.637	0.652	0.581	0.652	0.515	0.637	0.652	0.357	0.476	0.289	0.429	0.306	0.2	0	0	0	0	0	0	0	0	0	0.717	0.248
0	0	0	0.856	3.543	0	0	0	1.949	5.684	0	0	0	1.093	3.981	0	0	0	0	0.133	0	0	0	0	0.133	0	0	0	0	0	0	0	0.2	0	0	0	0.333	0.2	0	0	0	0.683
0	0.859	0	0	0	0	1.724	0	0	0.865	0	0.865	0	0	0.865	0	0	0	0	0	0	0	0	0	0	0	0	0	0	0	0	0	0	0.125	0	0.6	0	0.2	0.25	0	0	0.833
0	4.437	4.351	1.681	0	6.122	10.575	12.48	6.405	1.795	5.195	7.055	8.98	4.712	1.795	0.19	0.382	0.295	0.571	1	0.19	0.382	0.295	0.571	1	0.133	0.286	0.361	0.2	1	0	0	0	0	0.2	0.2	0.2	0	0	0.2	0.556	0.575
0	0	0	1.193	3.552	0	0.879	0	0	4.432	0	0.879	0	1.193	0.879	0	0	0	0	0	0	0	0	0	0	0	0	0	0	0	0	0	0	0	0	0	0	0	0	0	0.558	0.301
4.24	4.51	7.783	3.671	1.685	12.065	11.854	15.605	10.378	8.361	6.904	5.558	6.895	5.716	6.687	0.436	0.561	0.412	0.644	0.444	0.436	0.561	0.412	0.644	0.444	0.286	0.5	0.19	0.4	0.238	0	0	0	0	0	0	0	0	0	0	0.893	0.246
0	0	0	0	0	0	0	0	0	0	0	0	0	0	0	0	0	0	0	0	0	0	0	0	0	0	0	0	0	0	0	0	0	0	0	0	0.2	0	0	0	0.556	0.513
0.856	0.826	0	2.712	0.842	3.771	4.722	0	7.447	2.645	3.771	4.722	0	6.586	2.645	0.667	0.5	0	0.393	0.667	0.667	0.5	0	0.393	0.667	0.667	0.5	0	0.333	0.667	0.4	0	0	0	0.4	0	0	0	0	0.4	0	0.661
0	7.332	0.983	0	0.874	0	11.179	2.723	0.846	2.614	0	5.768	2.723	1.882	1.74	0	0.424	0.333	0	1	0	0.394	0.333	0	1	0	0.4	0.333	0	1	0.2	0.2	0	0.2	0	1	0.2	0.2	0.8	0.2	0	0.823
0	0	1.193	0	0	0	0	0	0	0	0	0	1.193	0	0	0	0	0	0	0	0	0	0	0	0	0	0	0	0	0	0.2	0	0	0	0.444	0.4	0	0.8	0	1	0.298	0.676
