0	0	0	0	0	0	0	0	0	0	0	0	0	0	0	0	0	0	0	0	0	0	0	0	0	0	0	0	0	0	0.125	0.2	0	0	0	0	0.8	0	0	0	0	0.476
6.755	6.324	1.755	0.897	3.495	9.549	1.704	1.755	0	3.495	6.953	7.21	0.824	0.897	3.495	0.867	1	0	0	1	0.778	1	0	0	0.5	0.619	0.952	0	0	1	0	0.2	0	0	0	0	0	0	0	0	0	0.141
0	3.584	0.802	3.485	0	6.654	9.294	8.154	6.217	2.178	6.654	8.874	8.154	8.913	5.419	0.467	0.356	0.476	0.389	0.6	0.267	0.429	0.333	0.5	1	0.467	0.381	0.429	0.357	0.6	0	0.25	0	0.2	0	0	0	0	0.2	0	0.715	0.182
0	0.824	0	0	0	0.804	0.824	0	0	0.804	0.804	0.824	0	0	0.804	0	0	0	0	0	0	0	0	0	0	0	0	0	0	0	0	0	0	0	0.2	0	0	0	0	0	0.298	0.151
0	0	0	5.213	0	0	0	0	1.828	0	0	0	0	5.408	0	0	0	0	0.667	0	0	0	0	1	0	0	0	0	0.6	0	0	0	0	0.4	0	0	0	0	0	0	0	0.492
15.59	0.86	1.105	8.503	0	16.591	0.86	1.105	8.503	2.397	10.974	0.86	1.105	5.878	2.397	0.657	0	0	0.861	1	0.41	0	0	0.778	1	0.806	0	0	0.8	1	0.667	0	0	0	0.333	1	0	0	0.2	0.222	0	0.602
0	16.129	3.485	0	3.584	4.923	21.344	6.217	0	9.294	4.923	8.156	8.913	0	8.874	0.5	0.448	0.389	0	0.356	0.333	0.343	0.5	0	0.429	0.5	0.429	0.357	0	0.381	0	0	0.2	0	0.25	0	0	0.2	0	0	0.559	0.284
0	0.803	0	0	0	1.652	1.626	0	0	0	1.652	1.626	0	0	0	1	0	0	0	0	1	0	0	0	0	1	0	0	0	0	0.4	0	0	0	0.4	0.6	0	0.333	0	0.4	0.718	0.177
1.072	0.956	0	0.904	2.437	0	0.956	0	0	2.45	1.072	0.956	0	0.904	2.573	0	0	0	0	0.3	0	0	0	0	0.333	0	0	0	0	0	0	0	0	0	0	0	0	0	0	0	0	0.414
0	0.825	0	0	0	0	0	0	1.787	0	0	0.825	0	1.787	0	0	0	0	1	0	0	0	0	1	0	0	0	0	1	0	0.6	0	1	0	1	1	0	1	0	1	0	0.766
0	9.991	0	3.495	0	0	13.097	0	3.495	0	0	6.659	0	3.495	0	0	0.538	0	1	0	0	0.396	0	0.5	0	0	0.429	0	1	0	0	0	0	0	0	0	0	0	0	0	0.299	0.682
2.049	0	4.903	0	0.802	0	0	4.067	0	0	2.049	0	5.809	0	0.802	0	0	0.952	0	0	0	0	1	0	0	0	0	0.733	0	0	0.2	0	1	0	0.125	0	0.2	0.857	0	0.5	0	0.517
8.363	0	0	3.027	0	10.015	1.803	0	1.724	0	4.652	1.803	0	4.747	0	0.745	1	0	1	0	0.491	1	0	1	0	0.4	1	0	0.7	0	0.6	0.25	0	0.75	0.2	0.8	0	0	0.5	0.8	0	0.531
0	0	0	0.803	0	0	1.652	0	1.626	0	0	1.652	0	1.626	0	0	1	0	0	0	0	1	0	0	0	0	1	0	0	0	0	0.4	0.4	0	0	0.333	0.6	0.4	0	0.6	0.893	0.679
0.904	0.802	16.258	4.903	16.68	0	0	7.634	4.067	18.541	0.904	0.802	14.625	5.809	11.836	0	0	0.64	0.952	0.538	0	0	0.571	1	0.45	0	0	0.526	0.733	0.439	0	0.125	0.4	1	0.875	0	0.5	0	0.857	0.5	0	0.471
0	0	0.825	1.836	0	1.787	0	0	3.835	0	1.787	0	0.825	1.998	0	1	0	0	0.667	0	1	0	0	0.667	0	1	0	0	1	0	0	1	0	0	0.6	0	1	0	0	1	0	0.214
7.863	0	0	0.823	20.411	4.01	2.746	1.092	0.816	12.184	8.535	1.894	1.092	0.823	20.13	0.756	0.333	0	1	0.413	0.667	0	0	0	0.346	0.607	0	0	0	0.346	1	0	0	0.8	0.4	0.667	0.4	0.333	0.6	0.4	0	0.389
1.892	0	0	0	0	3.654	3.914	0.842	2.178	0.845	6.592	3.914	0.842	5.419	0.845	0.476	0.5	0	0.6	0	0.333	0.5	0	1	0	0.476	0.5	0	0.6	0	0	0.333	0	0	0	0	0	0	0	0	0	0.301
0.802	4.903	0.904	2.049	16.258	0	4.067	0	0	7.634	0.802	5.809	0.904	2.049	14.625	0	0.952	0	0	0.64	0	1	0	0	0.571	0	0.733	0	0	0.526	0.125	1	0	0.2	0.4	0.5	0.857	0	0	0	0	0.311
0	18.673	0.803	0	0	0	19.518	1.626	0	1.652	0	10.015	1.626	0	1.652	0	0.538	0	0	1	0	0.38	0	0	1	0	0.639	0	0	1	0	0	0	0	0.4	0	0	0	0.143	0.6	0	0.325
0	0	0	2.437	8.503	0	1.419	1.419	2.45	7.698	0	2.435	1.419	2.573	3.534	0	0	0	0.3	0.47	0	0	0	0.333	0.444	0	0	0	0	0.167	0	0	0	0	0.75	0	0	0	0	0	0.713	0.272
16.258	0.904	16.68	0.802	0	7.634	0	18.541	0	0	14.625	0.904	11.836	0.802	0	0.64	0	0.538	0	0	0.571	0	0.45	0	0	0.526	0	0.439	0	0	0.4	0	0.875	0.125	0	0	0	0.5	0.5	0	0	0.325
0	0	0	0	0	0	0	0	0	0	0	0	0	0	0	0	0	0	0	0	0	0	0	0	0	0	0	0	0	0	0	0	0	0	0	0	0	0	0	0	0.897	0.812
0	0	0	0.824	0.904	0	0.804	0.804	0.824	0	0	0.804	0.804	0.824	0.904	0	0	0	0	0	0	0	0	0	0	0	0	0	0	0	0	0	0.2	0	0	0	0	0	0	0	0	0.403
0.802	0	0	3.584	0	8.154	6.654	2.178	9.294	3.914	8.154	6.654	5.419	8.874	3.914	0.476	0.467	0.6	0.356	0.5	0.333	0.267	1	0.429	0.5	0.429	0.467	0.6	0.381	0.5	0	0	0	0.25	0.333	0	0	0	0	0	0.557	0.147
0	0	0	0	0	0	0	0	0	0	0	0	0	0	0	0	0	0	0	0	0	0	0	0	0	0	0	0	0	0	0	0	0	0	0	0	0	0	0	0	0.713	0.616
0	0	0	0	0	0	0	0	0	0	0	0	0	0	0	0	0	0	0	0	0	0	0	0	0	0	0	0	0	0	0	0	0	0	0	0	0	0	0	0	0.896	0.999
1.105	0	15.379	0	0.819	1.928	0	11.278	0	0.819	1.928	0	13.578	0	0.819	0	0	0.551	0	0	0	0	0.379	0	0	0	0	0.576	0	0	0.667	0	0.778	0.4	0.25	0.111	0.6	0	0.4	0	0.298	0.326
8.503	0	0	0	14.248	7.698	1.419	0.838	0	16.401	3.534	1.419	0.838	0	3.922	0.47	0	0	0	0.544	0.444	0	0	0	0.412	0.167	0	0	0	0.333	0.75	0	0	0	1	0	0	0	0	0.778	0.415	0.275
0	0	8.503	0.793	0.86	0	0	8.503	0.793	0.86	0	0	5.878	0	0.86	0	0	0.861	0	0	0	0	0.778	0	0	0	0	0.8	0	0	0	0	0	0	0	0	0	0.2	0	0	0.115	0.083
0.825	0	0	0	0	0	1.787	0	0	0	0.825	1.787	0	0	0	0	1	0	0	0	0	1	0	0	0	0	1	0	0	0	0	0	0.6	1	1	0	0	1	1	1	0	0.429
0	0.793	0	0	8.503	0	0.793	0	1.088	8.503	0	0	0	1.088	5.878	0	0	0	0	0.861	0	0	0	0	0.778	0	0	0	0	0.8	0	0	0	0	0	0	0	0	0	0.2	0.19	0.093
0	8.363	0	0	0	0	10.015	0	1.803	0	0	4.652	0	1.803	0	0	0.745	0	1	0	0	0.491	0	1	0	0	0.4	0	1	0	0	0.6	0.2	0.25	0.125	0	0.8	0.8	0	0	0	0.449
0.956	0.904	1.072	0	0	0.956	0	0	0.804	0	0.956	0.904	1.072	0.804	0	0	0	0	0	0	0	0	0	0	0	0	0	0	0	0	0	0	0	0.2	0	0	0	0	0	0	0.298	0.257
0	0	0	0	1.105	0	0	0	1.652	1.928	0	0	0	1.652	1.928	0	0	0	1	0	0	0	0	1	0	0	0	0	1	0	0.4	0	0	0.4	0.667	0.4	0.333	0.6	0.6	0.111	0.556	0.467
14.698	7.254	0	2.731	0	8.687	5.524	0	0.821	0	7.84	4.522	0	1.909	0	0.714	0.722	0	0.333	0	0.75	0.867	0	0	0	0.571	0.2	0	0	0	0	0.333	0	0.2	0	0	0.333	0	0	0.2	0	0.332
0	3.027	8.363	0	0	1.803	1.724	10.015	2.569	0	1.803	4.747	4.652	2.569	0	1	1	0.745	1	0	1	1	0.491	1	0	1	0.7	0.4	1	0	0.25	0.75	0.6	0	0	0	0.5	0.8	0	0	0.417	0.375
0	0	1.892	0.802	0	3.914	2.178	3.654	8.154	0.842	3.914	5.419	6.592	8.154	0.842	0.5	0.6	0.476	0.476	0	0.5	1	0.333	0.333	0	0.5	0.6	0.476	0.429	0	0.333	0	0	0	0	0	0	0	0	0	0.298	0.581
0	0	0	0	0	0	0	0	0	0	0	0	0	0	0	0	0	0	0	0	0	0	0	0	0	0	0	0	0	0	0	0.125	0	0.2	0	0	0	0	0.8	0	0	0.403
0	0	0.823	0	0	0	0	0.816	0	2.746	0	0	0.823	0	1.894	0	0	1	0	0.333	0	0	0	0	0	0	0	0	0	0	0	0	0.8	0	0	0	0	0.6	0	0.4	0	0.426
4.903	2.049	0.802	0	0.904	4.067	0	0	0	0	5.809	2.049	0.802	0	0.904	0.952	0	0	0	0	1	0	0	0	0	0.733	0	0	0	0	1	0.2	0.125	0	0	0.857	0	0.5	0.2	0	0	0.809
12.192	14.248	1.836	0	0	12.192	16.401	3.835	0.838	0	0	3.922	1.998	0.838	0	0.744	0.544	0.667	0	0	0.564	0.412	0.667	0	0	0	0.333	1	0	0	0	1	0	0	1	0	0.778	0	0	1	0.018	0.297
0	1.105	13.263	15.59	0	2.397	1.105	8.144	16.591	2.569	2.397	1.105	11.433	10.974	2.569	1	0	0.708	0.657	1	1	0	0.667	0.41	1	1	0	0.6	0.806	1	0.333	0	1	0.667	0	0.222	0	0.556	1	0	0.197	0.413
0	0	0	0	16.129	0	0	0	0	21.344	0	0	0	0	8.156	0	0	0	0	0.448	0	0	0	0	0.343	0	0	0	0	0.429	0	0	0	0	0	0	0	0	0	0	0.197	0.369
0.793	0	0	0	0	0.793	1.088	0	1.101	0	0	1.088	0	0	0	0	0	0	0	0	0	0	0	0	0	0	0	0	0	0	0	0	0	0	0	0	0	0	0	0	0.893	0.213
3.485	0	3.584	16.129	0	6.217	4.923	9.294	21.344	6.654	8.913	4.923	8.874	8.156	6.654	0.389	0.5	0.356	0.448	0.467	0.5	0.333	0.429	0.343	0.267	0.357	0.5	0.381	0.429	0.467	0.2	0	0.25	0	0	0.2	0	0	0	0	0.015	0.303
0	0	0	1.892	0	0.845	0.842	0.842	3.654	0	0.845	0.842	0.842	6.592	0	0	0	0	0.476	0	0	0	0	0.333	0	0	0	0	0.476	0	0	0	0	0	0	0	0	0	0	0	0	0.317
0	0	8.503	0	0	1.419	0	7.698	1.419	0.838	1.419	0	3.534	2.435	0.838	0	0	0.47	0	0	0	0	0.444	0	0	0	0	0.167	0	0	0	0	0.75	0	0	0	0	0	0	0	0.898	0.185
0	0	0	0	0	0.842	0.845	0	0.842	0	0.842	0.845	0	0.842	0	0	0	0	0	0	0	0	0	0	0	0	0	0	0	0	0	0	0	0	0	0	0	0	0	0	0.296	0.227
2.437	0	0	1.072	0	2.45	0	1.419	0	0	2.573	0	2.435	1.072	0	0.3	0	0	0	0	0.333	0	0	0	0	0	0	0	0	0	0	0	0	0	0	0	0	0	0	0	0	0.339
0	16.68	0.897	16.258	6.324	0	18.541	0	7.634	1.704	0	11.836	0.897	14.625	7.21	0	0.538	0	0.64	1	0	0.45	0	0.571	1	0	0.439	0	0.526	0.952	0	0.875	0	0.4	0.2	0	0.5	0	0	0	0	0.184
0	0	0	0	0	0	0	0	0	0	0	0	0	0	0	0	0	0	0	0	0	0	0	0	0	0	0	0	0	0	0	0	0	0	0	0	0	0	0	0	0.298	0.287
9.991	3.495	0	1.755	0	13.097	3.495	0	1.755	0	6.659	3.495	0	0.824	0	0.538	1	0	0	0	0.396	0.5	0	0	0	0.429	1	0	0	0	0	0	0	0	0	0	0	0	0	0	0	0.199
0	14.698	0	7.254	2.049	0	8.687	0	5.524	0	0	7.84	0	4.522	2.049	0	0.714	0	0.722	0	0	0.75	0	0.867	0	0	0.571	0	0.2	0	0	0	0	0.333	0.2	0	0	0.2	0.333	0	0	0.419
1.836	12.192	0	14.248	0	3.835	12.192	0	16.401	1.787	1.998	0	0	3.922	1.787	0.667	0.744	0	0.544	1	0.667	0.564	0	0.412	1	1	0	0	0.333	1	0	0	1	1	0	0	0	1	0.778	0	0.296	0.127
0.823	0	0	0	7.863	0.816	0	2.746	0	4.01	0.823	0	1.894	0	8.535	1	0	0.333	0	0.756	0	0	0	0	0.667	0	0	0	0	0.607	0.8	0	0	0	1	0.6	0	0.4	0	0.667	0	0.664
31.502	0	1	20.411	0	25.793	0	1.918	12.184	0	22.834	0	1.918	20.13	0	0.256	0	1	0.413	0	0.167	0	1	0.346	0	0.304	0	0	0.346	0	0	1	0.444	0.4	0	0	1	0	0.4	0.444	0	0.175
0	0	0	0	0	0	0	0	0	0	0	0	0	0	0	0	0	0	0	0	0	0	0	0	0	0	0	0	0	0	0	0	0	0	0	0	0	0	0	0	0.72	0.453
0	0	0	8.363	0	0	0	0	10.015	0	0	0	0	4.652	0	0	0	0	0.745	0	0	0	0	0.491	0	0	0	0	0.4	0	0.2	0	0.125	0.6	0	0.8	0	0	0.8	0	0.298	0.447
0	0	0	0	0	0	0	0	0	0	0	0	0	0	0	0	0	0	0	0	0	0	0	0	0	0	0	0	0	0	0	0	0	0	0	0	0	0	0	0	0.195	0.518
0	0	0.824	0	0	0	0	0.824	0	0.804	0	0	0.824	0	0.804	0	0	0	0	0	0	0	0	0	0	0	0	0	0	0	0	0	0	0	0	0	0	0	0	0	0.897	0.263
0	7.863	20.411	0	0	1.092	4.01	12.184	2.746	0	1.092	8.535	20.13	1.894	0	0	0.756	0.413	0.333	0	0	0.667	0.346	0	0	0	0.607	0.346	0	0	0	1	0.4	0	1	0.333	0.667	0.4	0.4	1	0.298	0.343
1.105	15.59	0	0.86	13.263	1.105	16.591	2.397	0.86	8.144	1.105	10.974	2.397	0.86	11.433	0	0.657	1	0	0.708	0	0.41	1	0	0.667	0	0.806	1	0	0.6	0	0.667	0.333	0	1	0	1	0.222	0	0.556	0	0.369
0	0	0	0	0	0	0	0	0	0	0	0	0	0	0	0	0	0	0	0	0	0	0	0	0	0	0	0	0	0	0	0	0	0	0	0	0	0	0	0	0.296	0.201
0	1.892	0	0	0	0.842	3.654	0.845	3.914	0.842	0.842	6.592	0.845	3.914	0.842	0	0.476	0	0.5	0	0	0.333	0	0.5	0	0	0.476	0	0.5	0	0	0	0	0.333	0	0	0	0	0	0	0.419	0.255
0	5.213	0	0	0	0	1.828	0	0	0	0	5.408	0	0	0	0	0.667	0	0	0	0	1	0	0	0	0	0.6	0	0	0	0	0.4	0	0.75	0	0	0	0	0	0	0.296	0.244
0	1.072	2.437	0.956	0	0	0	2.45	0.956	1.419	0	1.072	2.573	0.956	2.435	0	0	0.3	0	0	0	0	0.333	0	0	0	0	0	0	0	0	0	0	0	0	0	0	0	0	0	0.417	0.294
16.68	16.258	0	0.904	0.897	18.541	7.634	0	0	0	11.836	14.625	0	0.904	0.897	0.538	0.64	0	0	0	0.45	0.571	0	0	0	0.439	0.526	0	0	0	0.875	0.4	0	0	0	0.5	0	0	0	0	0	0.468
0.956	0	0	0	0	0.956	0	0	0	0	0.956	0	0	0	0	0	0	0	0	0	0	0	0	0	0	0	0	0	0	0	0	1	0	0	0	0	0	0	0	0	0.298	0.125
0	0	0	0	0	0	0	0	0	0	0	0	0	0	0	0	0	0	0	0	0	0	0	0	0	0	0	0	0	0	0	0	0	0	0	0	0	0	0	0	0.415	0.690
0	0	0	0.825	2.731	0	0	0	0	0.821	0	0	0	0.825	1.909	0	0	0	0	0.333	0	0	0	0	0	0	0	0	0	0	1	0.6	1	0	0.2	1	1	1	0	0	0	0.906
0.824	0	0	0	0	0.824	0	0.804	0	0	0.824	0	0.804	0	0	0	0	0	0	0	0	0	0	0	0	0	0	0	0	0	0	0	0	0	0	0	0	0	0	0	0.718	0.500
0	-1	0	-1	0	0	-1	0	-1	0	0	-1	0	-1	0	0	-1	0	-1	0	0	-1	0	-1	0	0	-1	0	-1	0	0	-1	0	-1	0	0	-1	0	-1	0	0.899	1.000
14.248	0	12.192	8.503	1.836	16.401	0.838	12.192	7.698	3.835	3.922	0.838	0	3.534	1.998	0.544	0	0.744	0.47	0.667	0.412	0	0.564	0.444	0.667	0.333	0	0	0.167	1	1	0	0	0.75	0	0.778	0	0	0	0	0.298	0.547
20.411	0	0	7.863	31.502	12.184	1.092	0	4.01	25.793	20.13	1.092	0	8.535	22.834	0.413	0	0	0.756	0.256	0.346	0	0	0.667	0.167	0.346	0	0	0.607	0.304	0.4	0	1	1	0	0.4	0.333	1	0.667	0	0	0.271
0	13.263	3.027	0	0	2.569	8.144	1.724	2.397	1.803	2.569	11.433	4.747	2.397	1.803	1	0.708	1	1	1	1	0.667	1	1	1	1	0.6	0.7	1	1	0	1	0.75	0.333	0.25	0	0.556	0.5	0.222	0	0.299	0.340
0.904	0	0.956	0	1.072	0	0.804	0.956	0	0	0.904	0.804	0.956	0	1.072	0	0	0	0	0	0	0	0	0	0	0	0	0	0	0	0	0.2	0	0	0	0	0	0	0	0	0	0.296
0	1	0	31.502	0	0	1.918	0	25.793	0	0	1.918	0	22.834	0	0	1	0	0.256	0	0	1	0	0.167	0	0	0	0	0.304	0	0	0.444	0	0	0	0.444	0	0	0	0	0.414	0.431
16.129	0	0	0	3.485	21.344	0	4.923	0	6.217	8.156	0	4.923	0	8.913	0.448	0	0.5	0	0.389	0.343	0	0.333	0	0.5	0.429	0	0.5	0	0.357	0	0	0	0	0.2	0	0	0	0	0.2	0.296	0.229
7.254	2.731	14.698	0	0	5.524	0.821	8.687	0	0	4.522	1.909	7.84	0	0	0.722	0.333	0.714	0	0	0.867	0	0.75	0	0	0.2	0	0.571	0	0	0.333	0.2	0	1	0	0.333	0	0	1	0	0	0.282
25.717	0.819	0	15.379	5.213	16.01	0.819	0	11.278	1.828	21.536	0.819	0	13.578	5.408	0.443	0	0	0.551	0.667	0.429	0	0	0.379	1	0.379	0	0	0.576	0.6	1	0.25	0.75	0.778	0.4	0	0	0	0	0	0	0.248
0	0	0	0	0	0	0	0	0	0	0	0	0	0	0	0	0	0	0	0	0	0	0	0	0	0	0	0	0	0	0.333	0	0	0	0	0.333	0	0	0	0	0	0.553
0	0	0	0	0	0	0	0	0.842	0	0	0	0	0.842	0	0	0	0	0	0	0	0	0	0	0	0	0	0	0	0	0	0	0	0	0	0	0	0	0	0	0	0.260
0	0	0	0	0	0	0	0	0	0	0	0	0	0	0	0	0	0	0	0	0	0	0	0	0	0	0	0	0	0	0	0	0	0	0	0	0	0	0	0	0.294	0.370
3.495	1.755	9.991	6.755	0	3.495	1.755	13.097	9.549	0	3.495	0.824	6.659	6.953	0	1	0	0.538	0.867	0	0.5	0	0.396	0.778	0	1	0	0.429	0.619	0	0	0	0	0	0	0	0	0	0	0	0	0.106
0	0	0	0	0	0	0	0	0	0	0	0	0	0	0	0	0	0	0	0	0	0	0	0	0	0	0	0	0	0	0	0	0	0	0	0	0	0	0	0	0.894	0.195
0	0	0	0	0	0	0	0	0	0	0	0	0	0	0	0	0	0	0	0	0	0	0	0	0	0	0	0	0	0	0	0	0	0	0	0	0	0	0	0	0.713	0.992
0	0	0	0	0	0	0	0	0	0	0	0	0	0	0	0	0	0	0	0	0	0	0	0	0	0	0	0	0	0	0	0	0	0	0	0	0	0	0.444	0	0.557	0.993
0	0	0	-1	0	0	0	0	-1	0	0	0	0	-1	0	0	0	0	-1	0	0	0	0	-1	0	0	0	0	-1	0	0	0	0	-1	0	0	0	0	-1	0	0.717	1.000
0	0	0	0	0	0	0.842	0	0.845	0	0	0.842	0	0.845	0	0	0	0	0	0	0	0	0	0	0	0	0	0	0	0	0	0	0	0	0	0	0	0	0	0	0.418	0.241
0	8.503	14.248	0	12.192	0.838	7.698	16.401	1.419	12.192	0.838	3.534	3.922	1.419	0	0	0.47	0.544	0	0.744	0	0.444	0.412	0	0.564	0	0.167	0.333	0	0	0	0.75	1	0	0	0	0	0.778	0	0	0.299	0.189
0	0	0.793	0	0	1.088	1.101	0.793	0	0	1.088	0	0	0	0	0	0	0	0	0	0	0	0	0	0	0	0	0	0	0	0	0	0	0	0	0	0	0	0	0	0.897	0.195
0	0	0	0	0.793	1.101	0	1.088	0	0.793	0	0	1.088	0	0	0	0	0	0	0	0	0	0	0	0	0	0	0	0	0	0	0	0	0	0	0	0	0	0	0	0.893	0.286
0	0	0.956	0	0	0	0	0.956	0	0	0	0	0.956	0	0	0	0	0	0	0	0	0	0	0	0	0	0	0	0	0	1	0	0	0	0	0	0	0	0	0	0	0.594
13.263	0	0	1.105	3.027	8.144	2.397	2.569	1.105	1.724	11.433	2.397	2.569	1.105	4.747	0.708	1	1	0	1	0.667	1	1	0	1	0.6	1	1	0	0.7	1	0.333	0	0	0.75	0.556	0.222	0	0	0.5	0.299	0.330
2.731	0	7.254	0	14.698	0.821	0	5.524	0	8.687	1.909	0	4.522	0	7.84	0.333	0	0.722	0	0.714	0	0	0.867	0	0.75	0	0	0.2	0	0.571	0.2	1	0.333	1	0	0	1	0.333	1	0	0	0.343
0	0	16.129	0	0	0	0	21.344	0	4.923	0	0	8.156	0	4.923	0	0	0.448	0	0.5	0	0	0.343	0	0.333	0	0	0.429	0	0.5	0	0	0	0	0	0	0	0	0	0	0.718	0.297
0	0	0	0	0.823	0	0	0	0	0.816	0	0	0	0	0.823	0	0	0	0	1	0	0	0	0	0	0	0	0	0	0	0	0	0	0	0.8	0	0	0	0	0.6	0	0.394
6.324	0.897	6.755	0	1.755	1.704	0	9.549	0	1.755	7.21	0.897	6.953	0	0.824	1	0	0.867	0	0	1	0	0.778	0	0	0.952	0	0.619	0	0	0.2	0	0	0	0	0	0	0	0	0	0	0.348
0	25.717	5.213	0.819	0	0	16.01	1.828	0.819	0	0	21.536	5.408	0.819	0	0	0.443	0.667	0	0	0	0.429	1	0	0	0	0.379	0.6	0	0	0.75	1	0.4	0.25	0	0	0	0	0	0	0.195	0.345
0	0	0	0	18.673	0	0	0	0	19.518	0	0	0	0	10.015	0	0	0	0	0.538	0	0	0	0	0.38	0	0	0	0	0.639	0	0	0	0.333	0	0	0	0.143	0.333	0	0	0.627
0	20.411	31.502	0	1	0	12.184	25.793	1.092	1.918	0	20.13	22.834	1.092	1.918	0	0.413	0.256	0	1	0	0.346	0.167	0	1	0	0.346	0.304	0	0	1	0.4	0	0	0.444	1	0.4	0	0.333	0	0.298	0.519
5.213	0	0	25.717	0	1.828	0	0	16.01	0	5.408	0	0	21.536	0	0.667	0	0	0.443	0	1	0	0	0.429	0	0.6	0	0	0.379	0	0.4	0.75	0	1	0	0	0	0	0	0	0	0.400
0	0	0	0	0	0	0	0	0	0	0	0	0	0	0	0	0	0	0	0	0	0	0	0	0	0	0	0	0	0	0	0.333	0	0	0	0	0.333	0	0	0.143	0.296	0.285
0	0	-1	0	-1	0	0	-1	0	-1	0	0	-1	0	-1	0	0	-1	0	-1	0	0	-1	0	-1	0	0	-1	0	-1	0	0	-1	0	-1	0	0	-1	0	-1	0.897	1.000
0	0	0	0.956	0	0	0	0	0.956	0	0	0	0	0.956	0	0	0	0	0	0	0	0	0	0	0	0	0	0	0	0	0	0	0.333	0	0	0	0	0.333	0	0	0.198	0.261
0	0	0	0	0	0	0	0	0	0	0	0	0	0	0	0	0	0	0	0	0	0	0	0	0	0	0	0	0	0	0	0	0	0	0	0	0	0	0	0	0.897	0.999
0	0	2.731	0	7.254	0	0	0.821	0	5.524	0	0	1.909	0	4.522	0	0	0.333	0	0.722	0	0	0	0	0.867	0	0	0	0	0.2	1	1	0.2	0.6	0.333	1	1	0	1	0.333	0	0.846
0	0	0	0	0	0	0	1.101	0	1.088	0	0	0	0	1.088	0	0	0	0	0	0	0	0	0	0	0	0	0	0	0	0	0	0	0	0	0	0	0	0	0	0.897	0.842
0	0.823	7.863	0	0	2.746	0.816	4.01	0	1.092	1.894	0.823	8.535	0	1.092	0.333	1	0.756	0	0	0	0	0.667	0	0	0	0	0.607	0	0	0	0.8	1	0	0	0.4	0.6	0.667	0	0.333	0.298	0.179
0	0	0	0	-1	0	0	0	0	-1	0	0	0	0	-1	0	0	0	0	-1	0	0	0	0	-1	0	0	0	0	-1	0	0	0	0	-1	0	0	0	0	-1	0.419	1.000
0	0.802	0	0	1.892	2.178	8.154	3.914	6.654	3.654	5.419	8.154	3.914	6.654	6.592	0.6	0.476	0.5	0.467	0.476	1	0.333	0.5	0.267	0.333	0.6	0.429	0.5	0.467	0.476	0	0	0.333	0	0	0	0	0	0	0	0	0.495
0	0	0.904	0	0.956	0.804	0	0	0.804	0.956	0.804	0	0.904	0.804	0.956	0	0	0	0	0	0	0	0	0	0	0	0	0	0	0	0.2	0	0	0	0	0	0	0	0	0	0.298	0.278
15.379	1.105	0.819	0	25.717	11.278	1.928	0.819	0	16.01	13.578	1.928	0.819	0	21.536	0.551	0	0	0	0.443	0.379	0	0	0	0.429	0.576	0	0	0	0.379	0.778	0.667	0.25	0	1	0	0.111	0	0.6	0	0.197	0.255
8.503	0	0.86	0	15.59	8.503	0	0.86	0	16.591	5.878	0	0.86	0	10.974	0.861	0	0	0	0.657	0.778	0	0	0	0.41	0.8	0	0	0	0.806	0	0	0	0	0.667	0.2	0	0	0	1	0	0.236
0.897	0	6.324	16.68	6.755	0	0	1.704	18.541	9.549	0.897	0	7.21	11.836	6.953	0	0	1	0.538	0.867	0	0	1	0.45	0.778	0	0	0.952	0.439	0.619	0	0	0.2	0.875	0	0	0	0	0.5	0	0	0.600
0	0	18.673	0	0	0	0	19.518	0	0	0	0	10.015	0	0	0	0	0.538	0	0	0	0	0.38	0	0	0	0	0.639	0	0	0	0	0	0	0	0.143	0	0	0	0	0.299	0.273
0	0	0	0	0	0	0	0	0	0	0	0	0	0	0	0	0	0	0	0	0	0	0	0	0	0	0	0	0	0	0	0	0	0	0	0	0	0	0	0	0.715	0.900
3.027	0	0	13.263	8.363	1.724	2.569	1.803	8.144	10.015	4.747	2.569	1.803	11.433	4.652	1	1	1	0.708	0.745	1	1	1	0.667	0.491	0.7	1	1	0.6	0.4	0.75	0	0.25	1	0.6	0.5	0	0	0.556	0.8	0.296	0.410
3.584	3.485	0	0	0.802	9.294	6.217	6.654	4.923	8.154	8.874	8.913	6.654	4.923	8.154	0.356	0.389	0.467	0.5	0.476	0.429	0.5	0.267	0.333	0.333	0.381	0.357	0.467	0.5	0.429	0.25	0.2	0	0	0	0	0.2	0	0	0	0.417	0.149
0	0.956	0	0	0	0	0.956	0	0	0	0	0.956	0	0	0	0	0	0	0	0	0	0	0	0	0	0	0	0	0	0	0	0	0	1	0.333	0	0	0	0	0.333	0	0.553
0	0	0	0	0	0	0	0	0	0	0	0	0	0	0	0	0	0	0	0	0	0	0	0	0	0	0	0	0	0	0	0	0	0.125	1	0	0	0	0	0	0.554	0.175
0	0	0	0	0.956	0	0	0	0	0.956	0	0	0	0	0.956	0	0	0	0	0	0	0	0	0	0	0	0	0	0	0	0	0	1	0	0	0	0	0	0	0	0.9	0.170
1.755	6.755	3.495	6.324	9.991	1.755	9.549	3.495	1.704	13.097	0.824	6.953	3.495	7.21	6.659	0	0.867	1	1	0.538	0	0.778	0.5	1	0.396	0	0.619	1	0.952	0.429	0	0	0	0.2	0	0	0	0	0	0	0	0.234
0	1.836	0	12.192	0.825	0	3.835	1.787	12.192	0	0	1.998	1.787	0	0.825	0	0.667	1	0.744	0	0	0.667	1	0.564	0	0	1	1	0	0	1	0	0	0	0	1	0	0	0	0	0	0.682
0.819	15.379	25.717	1.105	0	0.819	11.278	16.01	1.928	0	0.819	13.578	21.536	1.928	0	0	0.551	0.443	0	0	0	0.379	0.429	0	0	0	0.576	0.379	0	0	0.25	0.778	1	0.667	0.75	0	0	0	0.111	0	0	0.368
0	0	0	0	0	0	0	0	0	0	0	0	0	0	0	0	0	0	0	0	0	0	0	0	0	0	0	0	0	0	0	0	0	0	0	0	0	0	0	0	0.896	0.959
0	0	0	0	0	0	0	0	0	0	0	0	0	0	0	0	0	0	0	0	0	0	0	0	0	0	0	0	0	0	0	0	0	0	0	0	0	0	0	0	0.718	0.290
0	0	0	0	0.824	0	0	0	0	0.824	0	0	0	0	0.824	0	0	0	0	0	0	0	0	0	0	0	0	0	0	0	0	0	0	0	0	0	0	0	0	0	0.417	0.281
1	31.502	0	0	0	1.918	25.793	0	0	0	1.918	22.834	0	0	0	1	0.256	0	0	0	1	0.167	0	0	0	0	0.304	0	0	0	0.444	0	0	1	0	0	0	0.444	1	0	0.419	0.229
0.86	8.503	15.59	0	1.105	0.86	8.503	16.591	0	1.105	0.86	5.878	10.974	0	1.105	0	0.861	0.657	0	0	0	0.778	0.41	0	0	0	0.8	0.806	0	0	0	0	0.667	0	0	0	0.2	1	0	0	0	0.436
0.803	0	0	18.673	0	1.626	0	1.652	19.518	0	1.626	0	1.652	10.015	0	0	0	1	0.538	0	0	0	1	0.38	0	0	0	1	0.639	0	0	0	0.4	0	0	0	0	0.6	0	0.333	0.299	0.371
0	0	2.049	14.698	4.903	0	0	0	8.687	4.067	0	0	2.049	7.84	5.809	0	0	0	0.714	0.952	0	0	0	0.75	1	0	0	0	0.571	0.733	0	0	0.2	0	1	0.2	0	0	0	0.857	0	0.609
0	0	0	0	0	0	0	0	0	0	0	0	0	0	0	0	0	0	0	0	0	0	0	0	0	0	0	0	0	0	0	0	0	0	0	0	0	0	0	0	0.718	0.480
0	0	0	1	0	0	0	0	1.918	0	0	0	0	1.918	0	0	0	0	1	0	0	0	0	1	0	0	0	0	0	0	0	0	0	0.444	0	0	0.444	0	0	0	0	0.584
0	0	0	0	0	0	0	0	0	0	0	0	0	0	0	0	0	0	0	0	0	0	0	0	0	0	0	0	0	0	0	0	0	0	0	0	0	0	0	0	0.415	0.997
0	2.437	0	0	0	1.419	2.45	0	0	1.419	2.435	2.573	0	0	1.419	0	0.3	0	0	0	0	0.333	0	0	0	0	0	0	0	0	0	0	0	0	0	0	0	0	0	0	0.419	0.207
0	0	1.105	0	15.379	0	0	1.928	0	11.278	0	0	1.928	0	13.578	0	0	0	0	0.551	0	0	0	0	0.379	0	0	0	0	0.576	0	0.4	0.667	0	0.778	0.6	0.4	0.111	0.333	0	0.419	0.394
18.673	0	0	0	0.803	19.518	0	0	0	1.626	10.015	0	0	0	1.626	0.538	0	0	0	0	0.38	0	0	0	0	0.639	0	0	0	0	0	0	0	0	0	0	0.143	0	0	0	0.294	0.309
0	0	0	9.991	0	0	0	0	13.097	1.101	0	0	0	6.659	0	0	0	0	0.538	0	0	0	0	0.396	0	0	0	0	0.429	0	0	0	0	0	0	0	0	0	0	0	0.9	0.840
