2.763	0	9.856	0	0	3.647	0	11.782	0	0	0.884	0	2.837	0	0	1	0	0.591	0	0	1	0	0.591	0	0	0	0	0.333	0	0	0	1	0	0.25	1	0	0.333	0	0	0.333	0.713	0.367
0	0	0	0.943	2.763	0	0	0	0.943	3.647	0	0	0	0	0.884	0	0	0	0	1	0	0	0	0	1	0	0	0	0	0	0.25	0	1	0	0	0	0	0.333	0	0	0.116	0.912
0	0	0	0	0	0	0	0	0	0	0	0	0	0	0	0	0	0	0	0	0	0	0	0	0	0	0	0	0	0	0.5	0	0	0	0	0	0.2	0.333	0.667	0	0.896	0.593
1.989	0	0	0	0.911	7.801	2.216	5.064	2.013	8.631	0	0	0	0	0	0.571	0	0.3	1	0.393	0.571	0	0.3	1	0.393	0	0	0	0	0	0	0	0	0	0	0	0	0	0	0	0.718	0.352
0	0	1.857	0	0	0	0	2.76	0	0	0	0	0.903	0	0	0	0	1	0	0	0	0	1	0	0	0	0	0	0	0	0	0.667	0	0	0.2	0.333	0	0	0	1	0.714	0.881
0	0	2.031	0.927	3.981	0	0	2.953	0.927	4.924	0	0	0.923	0	0.944	0	0	1	0	0.8	0	0	1	0	0.8	0	0	0	0	0	0.5	0.2	0	0	0	0.625	0	0	0	0	0	0.880
22.882	0	0.927	2.746	0	25.632	0	0.927	3.629	0	5.712	0	0	1.767	0	0.243	0	0	1	0	0.243	0	0	1	0	0	0	0	0	0	0	1	0	0	0.2	0	1	0	0	0	0.292	0.363
0	0	0	0	0	0	0	0	0	0	0	0	0	0	0	0	0	0	0	0	0	0	0	0	0	0	0	0	0	0	0	0	0	0	0	0	0	0	0	0	0.294	0.950
8.467	0	0.902	0	0	10.465	0	0.902	0	0	3.997	0	0	0	0	0.491	0	0	0	0	0.491	0	0	0	0	0.167	0	0	0	0	0.2	0.857	0	0	0.4	0	1	0	1	0	0.298	0.494
0.883	0.915	1.907	0.911	10.596	7.408	7.54	9.338	8.631	19.253	0	0	0	0	0	0.476	0.524	0.389	0.393	0.322	0.476	0.524	0.389	0.393	0.322	0	0	0	0	0	0	0	0	0	0	0	0	0	0	0	0.899	0.280
4.037	0	0	0	2.842	4.037	0	0	0	2.842	0	0	0	0	1.951	1	0	0	0	0.667	1	0	0	0	0.667	0	0	0	0	0	0.2	0.5	0	0.25	0.333	0	0	0	0	0.333	0.298	0.549
0	0	0	0	0	0	0	0	0	0	0	0	0	0	0	0	0	0	0	0	0	0	0	0	0	0	0	0	0	0	0	0	0	0	0	0	0	0	0	0	0.897	0.770
7.666	2.01	2.853	0	0	8.609	2.01	2.853	0	0	2.755	1.027	0	0	0	0.444	1	0.667	0	0	0.444	1	0.667	0	0	0	0	0	0	0	0	0.667	0.2	0.4	0.2	0	0.667	0	0.4	1	0.556	0.347
0	5.869	0	2.756	0	0	6.885	0	3.652	0	0	1.901	0	0.895	0	0	0.524	0	0.5	0	0	0.524	0	0.5	0	0	0	0	0	0	0.4	0.143	0.5	0.2	0.4	0.4	0	0	0	0	0	0.878
0	4.037	2.842	0	0	0	4.037	2.842	0	0	0	0	1.951	0	0	0	1	0.667	0	0	0	1	0.667	0	0	0	0	0	0	0	0	0.2	0.333	0.5	0.6	0	0	0.333	0	1	0	0.728
0	1.989	0.911	0	0.915	5.064	7.801	8.631	2.216	7.54	0	0	0	0	0	0.3	0.571	0.393	0	0.524	0.3	0.571	0.393	0	0.524	0	0	0	0	0	0	0	0	0	0	0	0	0	0	0	0.72	0.246
0	0	0	2.91	8.467	0	0	0	2.91	10.465	0	0	0	0	3.997	0	0	0	0.333	0.491	0	0	0	0.333	0.491	0	0	0	0	0.167	0	0	0.857	0.2	0.2	1	0	1	0.2	0	0.298	0.925
0.922	0	4.87	0	0	0.922	0	5.757	0	0	0.922	0	2.931	0	0	0	0	0.933	0	0	0	0	0.933	0	0	0	0	0.333	0	0	0	0.6	0	0	0.25	0	0	0	0	0	0	0.583
0.902	8.467	0	0	0	0.902	10.465	0	0	0	0	3.997	0	0	0	0	0.491	0	0	0	0	0.491	0	0	0	0	0.167	0	0	0	0	0.2	0.4	0.857	0.4	0	0	0	1	0	0.42	0.456
0	0	0	0	0	0	0	0	0	0	0	0	0	0	0	0	0	0	0	0	0	0	0	0	0	0	0	0	0	0	0	0	0	0	0	0	0	0	0	0.25	0.198	0.647
7.429	0	0	18.683	26.427	12.498	4.622	4.869	26.646	31.865	4.987	2.724	3.876	5.453	6.366	0.487	0.6	0.4	0.255	0.198	0.487	0.6	0.4	0.255	0.198	0.5	0.667	0.167	0.5	0.467	0	0	0	0	0	0	0.2	0	0	0	0.417	0.283
0	0	0	0	0	0	0	0	0	0	0	0	0	0	0	0	0	0	0	0	0	0	0	0	0	0	0	0	0	0	0	0	0	0	0	0	0	0	0.25	0	0.896	0.400
6.809	3.727	0	0	0	9.008	6.572	0	0	0	3.243	2.846	0	0	0	0.694	0.571	0	0	0	0.694	0.571	0	0	0	1	0.333	0	0	0	0.143	0	0.6	0.6	0.25	0	0	0.4	1	0	0.299	0.617
0	0	0	2.842	0	0	0	0	2.842	0	0	0	0	1.951	0	0	0	0	0.667	0	0	0	0	0.667	0	0	0	0	0	0	0	0.6	0	0.333	0.5	0.667	1	0.2	0.333	0	0.714	0.869
18.683	1.876	0	10.596	7.429	26.646	9.858	4.622	19.253	12.498	5.453	3.743	2.724	0	4.987	0.255	0.267	0.6	0.322	0.487	0.255	0.267	0.6	0.322	0.487	0.5	0.5	0.667	0	0.5	0	0	0	0	0	0	0	0.2	0	0	0.418	0.282
1.907	0.883	10.596	0.915	1.876	9.338	7.408	19.253	7.54	9.858	0	0	0	0	3.743	0.389	0.476	0.322	0.524	0.267	0.389	0.476	0.322	0.524	0.267	0	0	0	0	0.5	0	0	0	0	0	0	0	0	0	0	0.713	0.366
10.019	3.7	2.91	0	0	11.874	3.7	2.91	0	0	1.855	0.906	0	0	0	0.545	0.667	0.333	0	0	0.545	0.667	0.333	0	0	0	0	0	0	0	0.4	0.25	0.2	0.2	0	0	0	0.2	1	0	0.296	0.478
0	-1	0	-1	0	0	-1	0	-1	0	0	-1	0	-1	0	0	-1	0	-1	0	0	-1	0	-1	0	0	-1	0	-1	0	0	-1	0	-1	0	1	-1	0	-1	0	0.899	0.995
0	0	0	0	0	0	0	0	0	0	0	0	0	0	0	0	0	0	0	0	0	0	0	0	0	0	0	0	0	0	0	0	0	0	0	0	0	0	0	0	0.897	0.952
0	0	0	0	0	0	0	0	0	0	0	0	0	0	0	0	0	0	0	0	0	0	0	0	0	0	0	0	0	0	0	0	0	0	0	0.25	0	0	0	0	0.72	0.491
2.031	0	3.981	0	0	2.953	0	4.924	0	0	0.923	0	0.944	0	0	1	0	0.8	0	0	1	0	0.8	0	0	0	0	0	0	0	0	0.5	0	0.2	0.4	0	0.625	0	0	0.4	0.556	0.417
0	18.683	7.429	1.876	0	4.622	26.646	12.498	9.858	4.869	2.724	5.453	4.987	3.743	3.876	0.6	0.255	0.487	0.267	0.4	0.6	0.255	0.487	0.267	0.4	0.667	0.5	0.5	0.5	0.167	0	0	0	0	0	0.2	0	0	0	0	0	0.788
1.857	0	0	0	3.7	2.76	0	0	0	3.7	0.903	0	0	0	0.906	1	0	0	0	0.667	1	0	0	0	0.667	0	0	0	0	0	0	0	0.2	0.667	0.25	0	0.333	1	0	0	0.556	0.550
0.911	0	0.915	1.989	0.883	8.631	5.064	7.54	7.801	7.408	0	0	0	0	0	0.393	0.3	0.524	0.571	0.476	0.393	0.3	0.524	0.571	0.476	0	0	0	0	0	0	0	0	0	0	0	0	0	0	0	0.897	0.264
0.991	0	2.746	0	0	1.936	0	3.629	0	0	0.945	0	1.767	0	0	1	0	1	0	0	1	0	1	0	0	0	0	0	0	0	0	0.2	0	0	1	0	0.2	0	0	1	0.556	0.500
0.943	0	0	0	0	0.943	0	0	0	0	0	0	0	0	0	0	0	0	0	0	0	0	0	0	0	0	0	0	0	0	0	0.333	0	0.2	0.25	0	0.333	0	0.4	0	0.554	0.565
0	0	0	0	0	0	0	0	0	0	0	0	0	0	0	0	0	0	0	0	0	0	0	0	0	0	0	0	0	0	0	0	0	0	0	0	0	0	0	0	0.72	0.711
9.856	2.763	0	0	9.86	11.782	3.647	0	0	10.88	2.837	0.884	0	0	3.036	0.591	1	0	0	0.527	0.591	1	0	0	0.527	0.333	0	0	0	0.333	0	0	1	1	0	0	0	0.333	0.333	0	0.718	0.505
3.783	0	0	2.853	0	3.783	0	0	2.853	0	0	0	0	0	0	1	0	0	0.667	0	1	0	0	0.667	0	0	0	0	0	0	0.2	0.2	0.2	0.2	0	0	1	0	0	0	0.298	0.512
0	0	0.922	7.935	4.87	0	0	0.922	10.612	5.757	0	0	0.922	3.607	2.931	0	0	0	0.455	0.933	0	0	0	0.455	0.933	0	0	0	0.167	0.333	0.6	0	0	0	0	0	0	0	0	0	0	0.910
0	0	0	0	0	0	0	0	0	0	0	0	0	0	0	0	0	0	0	0	0	0	0	0	0	0	0	0	0	0	0	0	0	0	0	0	0.25	0	0	0	0.415	0.394
0	0.902	0	8.467	3.834	0	0.902	0	10.465	4.88	0	0	0	3.997	2.916	0	0	0	0.491	0.5	0	0	0	0.491	0.5	0	0	0	0.167	0.333	0.4	0	0.4	0.2	0	0	0	0	0	0	0	0.751
0	1.857	3.7	0	10.019	0	2.76	3.7	0	11.874	0	0.903	0.906	0	1.855	0	1	0.667	0	0.545	0	1	0.667	0	0.545	0	0	0	0	0	0.2	0	0.25	0	0.4	1	0	0	0.333	0	0.419	0.838
0	26.427	3.727	0	6.809	0	31.865	6.572	4.869	9.008	0	6.366	2.846	3.876	3.243	0	0.198	0.571	0.4	0.694	0	0.198	0.571	0.4	0.694	0	0.467	0.333	0.167	1	0.6	0	0	0	0.143	1	0	0	0	0	0.198	0.900
3.727	0	6.809	26.427	0	6.572	0	9.008	31.865	0	2.846	0	3.243	6.366	0	0.571	0	0.694	0.198	0	0.571	0	0.694	0.198	0	0.333	0	1	0.467	0	0	0.6	0.143	0	0.6	0	1	0	0	0.4	0.557	0.295
0	0	0	0	0	0	0	0	0	0	0	0	0	0	0	0	0	0	0	0	0	0	0	0	0	0	0	0	0	0	0	0	0.5	0.6	0	0.2	0.667	0	1	0.333	0.419	0.569
0	0	0	0	0	0	0	0	0	0	0	0	0	0	0	0	0	0	0	0	0	0	0	0	0	0	0	0	0	0	0.4	0.5	0	0.4	0.2	0	0	0	0.4	0.2	0.557	0.452
0	0	0	0	0	0	0	0	0	0	0	0	0	0	0	0	0	0	0	0	0	0	0	0	0	0	0	0	0	0	0	0	0	0	0	0	0	0.25	0	0	0.716	0.564
3.834	0	0	0	0	4.88	0	0	0	0	2.916	0	0	0	0	0.5	0	0	0	0	0.5	0	0	0	0	0.333	0	0	0	0	0	0.4	0.2	0.4	0.333	0	0	0.4	0	0.333	0.557	0.314
5.686	0	0	0	0	9.586	0	0	0	0	6.648	0	0	0	0	0.556	0	0	0	0	0.556	0	0	0	0	0.286	0	0	0	0	0	0.25	0.25	0.6	0.75	0	0	0	0.4	0.25	0.556	0.349
0	0	0	0	0.991	0	0	0	0	1.936	0	0	0	0	0.945	0	0	0	0	1	0	0	0	0	1	0	0	0	0	0	0	0.4	0.2	0.5	0	0	0	0.2	0	0	0	0.716
3.7	0	10.019	1.857	2.91	3.7	0	11.874	2.76	2.91	0.906	0	1.855	0.903	0	0.667	0	0.545	1	0.333	0.667	0	0.545	1	0.333	0	0	0	0	0	0.25	0.2	0.4	0	0.2	0	1	0	0	0.2	0.299	0.558
0	7.935	0	9.86	0.922	0	10.612	0	10.88	0.922	0	3.607	0	3.036	0.922	0	0.455	0	0.527	0	0	0.455	0	0.527	0	0	0.167	0	0.333	0	0	0	0.6	0	0	0	0	0	0	0	0	0.794
3.981	2.031	0	0	2.01	4.924	2.953	0	0	2.01	0.944	0.923	0	0	1.027	0.8	1	0	0	1	0.8	1	0	0	1	0	0	0	0	0	0	0	0.4	0.5	0.667	0	0	0.4	0.625	0.667	0.292	0.260
2.842	0	0	4.037	0	2.842	0	0	4.037	0	1.951	0	0	0	0	0.667	0	0	1	0	0.667	0	0	1	0	0	0	0	0	0	0.333	0	0.6	0.2	0	0.333	0	1	0	0.667	0	0.644
0	0	0	0	1.989	2.013	0	2.216	0	7.801	0	0	0	0	0	1	0	0	0	0.571	1	0	0	0	0.571	0	0	0	0	0	0	0	0	0	0	0	0	0	0	0	0.195	0.434
2.91	10.019	0	3.7	0	2.91	11.874	0	3.7	0	0	1.855	0	0.906	0	0.333	0.545	0	0.667	0	0.333	0.545	0	0.667	0	0	0	0	0	0	0.2	0.4	0	0.25	0	0.2	0	0	0	1	0.299	0.609
0	2.853	3.783	7.666	0	0	2.853	3.783	8.609	0	0	0	0	2.755	0	0	0.667	1	0.444	0	0	0.667	1	0.444	0	0	0	0	0	0	0.2	0.2	0.2	0	0.2	1	0	0	0	0	0.298	0.958
0	0	0	0	1.857	0	0	0	0	2.76	0	0	0	0	0.903	0	0	0	0	1	0	0	0	0	1	0	0	0	0	0	0.667	0	0	0.2	0	0	0	0.333	0	0	0.893	0.951
2.01	0	7.666	3.981	2.853	2.01	0	8.609	4.924	2.853	1.027	0	2.755	0.944	0	1	0	0.444	0.8	0.667	1	0	0.444	0.8	0.667	0	0	0	0	0	0.667	0.4	0	0	0.2	0.667	0.4	0	0	0	0.417	0.704
0	0	8.467	0	0.902	0	0	10.465	0	0.902	0	0	3.997	0	0	0	0	0.491	0	0	0	0	0.491	0	0	0	0	0.167	0	0	0.857	0	0.2	0	0	1	1	0	0	0	0.299	0.988
0	4.87	0	0.922	4.037	0	5.757	0	0.922	4.037	0	2.931	0	0.922	0	0	0.933	0	0	1	0	0.933	0	0	1	0	0.333	0	0	0	0.25	0	0.5	0	0.2	0	0	0	0	0	0	0.823
0.927	22.882	0	0	0	0.927	25.632	0	0	0	0	5.712	0	0	0	0	0.243	0	0	0	0	0.243	0	0	0	0	0	0	0	0	0	0	0.2	1	0.5	0	0	0	1	0.625	0.418	0.541
0	0	0	0	0	0	0	2.013	0	2.216	0	0	0	0	0	0	0	1	0	0	0	0	1	0	0	0	0	0	0	0	0	0	0	0	0	0	0	0	0	0	0.72	0.245
0	9.856	9.86	2.763	7.935	0	11.782	10.88	3.647	10.612	0	2.837	3.036	0.884	3.607	0	0.591	0.527	1	0.455	0	0.591	0.527	1	0.455	0	0.333	0.333	0	0.167	1	0	0	0	0	0.333	0	0	0	0	0	0.995
2.853	7.666	0	2.01	3.783	2.853	8.609	0	2.01	3.783	0	2.755	0	1.027	0	0.667	0.444	0	1	1	0.667	0.444	0	1	1	0	0	0	0	0	0.2	0	0.2	0.667	0.2	0	0	1	0.667	0	0.198	0.475
0	0.943	0	0	0	0	0.943	0	0	0	0	0	0	0	0	0	0	0	0	0	0	0	0	0	0	0	0	0	0	0	0	0	0.25	0.333	1	0	0	0	0.333	0.333	0.716	0.452
5.869	2.756	0	0	0	6.885	3.652	0	0	0	1.901	0.895	0	0	0	0.524	0.5	0	0	0	0.524	0.5	0	0	0	0	0	0	0	0	0.143	0.2	0.4	0.75	0.5	0	0	0.4	0.25	0	0.418	0.390
0	0	5.686	6.809	0	0	0	9.586	9.008	0	0	0	6.648	3.243	0	0	0	0.556	0.694	0	0	0	0.556	0.694	0	0	0	0.286	1	0	0.25	0.6	0	0.143	0.25	0	0.4	0	0	0	0.417	0.821
0	0	0	0	0	0	0	0	0	0	0	0	0	0	0	0	0	0	0	0	0	0	0	0	0	0	0	0	0	0	0	0	0	0	0	0	0	0	1	0	0.897	0.987
0	0	-1	0	-1	0	0	-1	0	-1	0	0	-1	0	-1	0	0	-1	0	-1	0	0	-1	0	-1	0	0	-1	0	-1	0	0	-1	0.5	-1	0	0.333	-1	0	-1	0.897	0.868
26.427	0	0	7.429	3.727	31.865	4.869	0	12.498	6.572	6.366	3.876	0	4.987	2.846	0.198	0.4	0	0.487	0.571	0.198	0.4	0	0.487	0.571	0.467	0.167	0	0.5	0.333	0	0	0.6	0	0	0	0	1	0	0	0	0.417
10.596	1.907	1.876	0.883	18.683	19.253	9.338	9.858	7.408	26.646	0	0	3.743	0	5.453	0.322	0.389	0.267	0.476	0.255	0.322	0.389	0.267	0.476	0.255	0	0	0.5	0	0.5	0	0	0	0	0	0	0	0	0	0	0.296	0.324
0	0	0	0	0	0	0	0	0	0	0	0	0	0	0	0	0	0	0	0	0	0	0	0	0	0	0	0	0	0	0	0	0	0	0	0	0	0	0	0	0.897	0.837
0	0	0.991	0	2.746	0	0	1.936	0	3.629	0	0	0.945	0	1.767	0	0	1	0	1	0	0	1	0	1	0	0	0	0	0	0.2	0	0	0.4	0	0.2	0	0	0	0	0	0.637
0	0	0.943	3.834	0	0	0	0.943	4.88	0	0	0	0	2.916	0	0	0	0	0.5	0	0	0	0	0.5	0	0	0	0	0.333	0	0.333	0.2	0	0	0	0.333	0.4	0	0	0	0	0.741
2.756	0	5.869	0	0	3.652	0	6.885	0	0	0.895	0	1.901	0	0	0.5	0	0.524	0	0	0.5	0	0.524	0	0	0	0	0	0	0	0.2	0.75	0.143	0.25	0.4	0	0.25	0	0	0.4	0.557	0.396
0	0	2.756	5.686	5.869	0	0	3.652	9.586	6.885	0	0	0.895	6.648	1.901	0	0	0.5	0.556	0.524	0	0	0.5	0.556	0.524	0	0	0	0.286	0	0.75	0.25	0.2	0	0.143	0.25	0	0	0	0	0.294	0.977
0	0	2.763	0	9.856	0	0	3.647	0	11.782	0	0	0.884	0	2.837	0	0	1	0	0.591	0	0	1	0	0.591	0	0	0	0	0.333	1	0.25	0	0	0	0.333	0	0	0	0	0.417	0.987
0	5.686	0	0	2.756	0	9.586	0	0	3.652	0	6.648	0	0	0.895	0	0.556	0	0	0.5	0	0.556	0	0	0.5	0	0.286	0	0	0	0.25	0	0.75	0.25	0.2	0	0	0.25	0	0	0	0.775
0	0	3.834	0.902	0	0	0	4.88	0.902	0	0	0	2.916	0	0	0	0	0.5	0	0	0	0	0.5	0	0	0	0	0.333	0	0	0.4	0.4	0	0	0.2	0	0	0	0	0.4	0	0.711
0	2.842	0	0	0	0	2.842	0	0	0	0	1.951	0	0	0	0	0.667	0	0	0	0	0.667	0	0	0	0	0	0	0	0	0.6	0.333	0	0	0	1	0.333	0.667	0	0.2	0.419	0.966
0	0	4.037	4.87	0	0	0	4.037	5.757	0	0	0	0	2.931	0	0	0	1	0.933	0	0	0	1	0.933	0	0	0	0	0.333	0	0.5	0.25	0.2	0	0	0	0	0	0	0	0	0.968
7.935	9.86	0	0	0	10.612	10.88	0	0	0	3.607	3.036	0	0	0	0.455	0.527	0	0	0	0.455	0.527	0	0	0	0.167	0.333	0	0	0	0	0	0	1	0.6	0	0	0	0.333	0	0.417	0.321
2.746	0.991	0	0	22.882	3.629	1.936	0	0	25.632	1.767	0.945	0	0	5.712	1	1	0	0	0.243	1	1	0	0	0.243	0	0	0	0	0	0	0	1	0.2	0	0	0	1	0.2	0	0.298	0.629
0	0	0	5.869	0	0	0	0	6.885	0	0	0	0	1.901	0	0	0	0	0.524	0	0	0	0	0.524	0	0	0	0	0	0	0.5	0.4	0.4	0.143	0	0	0.4	0	0	0	0	0.683
0	2.91	0	10.019	0	0	2.91	0	11.874	0	0	0	0	1.855	0	0	0.333	0	0.545	0	0	0.333	0	0.545	0	0	0	0	0	0	0	0.2	0	0.4	0.857	0	0.2	1	0	1	0.554	0.544
0	0	0	0	0	0	0	0	0	2.013	0	0	0	0	0	0	0	0	0	1	0	0	0	0	1	0	0	0	0	0	0	0	0	0	0	0	0	0	0	0	0.197	0.311
0	3.834	0	0	0.943	0	4.88	0	0	0.943	0	2.916	0	0	0	0	0.5	0	0	0	0	0.5	0	0	0	0	0.333	0	0	0	0.2	0	0.333	0.4	0	0.4	0	0.333	0	0	0.298	0.588
0	0	1.989	0	0	2.216	2.013	7.801	0	5.064	0	0	0	0	0	0	1	0.571	0	0.3	0	1	0.571	0	0.3	0	0	0	0	0	0	0	0	0	0	0	0	0	0	0	0.897	0.403
0	3.783	0	0	0	0	3.783	0	0	0	0	0	0	0	0	0	1	0	0	0	0	1	0	0	0	0	0	0	0	0	0.2	0.2	0	0.2	0.667	0	0	0	1	0	0.896	0.537
0	0.927	0	22.882	2.031	0	0.927	0	25.632	2.953	0	0	0	5.712	0.923	0	0	0	0.243	1	0	0	0	0.243	1	0	0	0	0	0	0.2	0	0.5	0	0	0	0	0.625	0	0	0	0.675
0.915	0.911	0.883	0	1.907	7.54	8.631	7.408	5.064	9.338	0	0	0	0	0	0.524	0.393	0.476	0.3	0.389	0.524	0.393	0.476	0.3	0.389	0	0	0	0	0	0	0	0	0	0	0	0	0	0	0	0.9	0.299
1.876	10.596	18.683	1.907	0	9.858	19.253	26.646	9.338	4.622	3.743	0	5.453	0	2.724	0.267	0.322	0.255	0.389	0.6	0.267	0.322	0.255	0.389	0.6	0.5	0	0.5	0	0.667	0	0	0	0	0	0	0	0	0	0.2	0.559	0.271
4.87	0.922	0	0	0	5.757	0.922	0	0	0	2.931	0.922	0	0	0	0.933	0	0	0	0	0.933	0	0	0	0	0.333	0	0	0	0	0	0	0.25	0.6	0.5	0	0	0	0	0	0	0.472
9.86	0	7.935	9.856	0	10.88	0	10.612	11.782	0	3.036	0	3.607	2.837	0	0.527	0	0.455	0.591	0	0.527	0	0.455	0.591	0	0.333	0	0.167	0.333	0	0	1	0	0	0	0	0.333	0	0	0	0.42	0.418
0	6.809	0	3.727	5.686	0	9.008	0	6.572	9.586	0	3.243	0	2.846	6.648	0	0.694	0	0.571	0.556	0	0.694	0	0.571	0.556	0	1	0	0.333	0.286	0.6	0.143	0.25	0	0	0.4	0	0	0	0	0	0.938
0	0	0	-1	0	0	0	0	-1	0	0	0	0	-1	0	0	0	0	-1	0	0	0	0	-1	0	0	0	0	-1	0	0	0	0	-1	0	0	1	0	-1	0	0.419	0.991
0	0	0	0	0	0	0	0	0	0	0	0	0	0	0	0	0	0	0	0	0	0	0	0	0	0	0	0	0	0	0	0	0	0	0	0	0	0	0	0	0.897	0.906
0	0	0	3.783	0	0	0	0	3.783	0	0	0	0	0	0	0	0	0	1	0	0	0	0	1	0	0	0	0	0	0	0	0.2	0.667	0.2	0	0	0	0	0	0.333	0.9	0.619
0	0	0	0	0	0	0	0	0	0	0	0	0	0	0	0	0	0	0	0	0	0	0	0	0	0	0	0	0	0	0	0	0	0	0	0	0	0	0	0	0.716	0.967
0	2.746	22.882	0.991	0.927	0	3.629	25.632	1.936	0.927	0	1.767	5.712	0.945	0	0	1	0.243	1	0	0	1	0.243	1	0	0	0	0	0	0	1	0	0	0	0	1	0	0	0	0	0	1.000
0	0	0	0	-1	0	0	0	0	-1	0	0	0	0	-1	0	0	0	0	-1	0	0	0	0	-1	0	0	0	0	-1	0	0.5	0	0	-1	0.333	0	0	0.2	-1	0.893	0.778
0	3.981	2.01	2.031	7.666	0	4.924	2.01	2.953	8.609	0	0.944	1.027	0.923	2.755	0	0.8	1	1	0.444	0	0.8	1	1	0.444	0	0	0	0	0	0.4	0	0.667	0	0	0.4	0	0.667	0	0	0	0.743
0	7.429	26.427	0	0	4.869	12.498	31.865	4.622	0	3.876	4.987	6.366	2.724	0	0.4	0.487	0.198	0.6	0	0.4	0.487	0.198	0.6	0	0.167	0.5	0.467	0.667	0	0	0	0	0	0.6	0	0	0	0.2	1	0.556	0.300
