6.034	0	7.949	0	2.019	11.133	1.79	12.925	0	8.152	3.258	1.79	6.073	0	5.119	0.527	0	0.449	0	0.5	0.473	0	0.41	0	0.5	0.333	0	0.2	0	0.2	0	0	0.2	0	0	0	0	0.6	0	0	0.197	0.211
3.015	0	0	0	0	3.015	1.096	0	0	0	2.116	1.096	0	0	0	1	0	0	0	0	1	0	0	0	0	0	0	0	0	0	0.2	0	0.2	0.2	1	0	0	0	0	0.2	0.557	0.298
5.509	0	0	0	21.034	8.531	0.92	0	0	26.297	5.858	0.92	0	0	17.315	0.694	0	0	0	0.323	0.611	0	0	0	0.287	0.733	0	0	0	0.225	0	0.667	0	0	0	0	0.333	0	0	0.4	0.897	0.229
20.464	0	0	0	0	21.56	0	0	0	0	5.065	0	0	0	0	0.312	0	0	0	0	0.268	0	0	0	0	0.1	0	0	0	0	0	0	0	0.2	0	0	0	0	0	0.333	0.415	0.276
0	0	1.814	0	0	1.889	1.792	2.807	3.807	0	0	0.902	0	1.987	0	0	0	0.667	0.5	0	0	0	0.667	0.5	0	0	0	0	0	0	0.2	0	0	0.429	0	0.8	0.8	0	0	0	0	0.439
0	0.877	0	0	0	0	1.747	0	0	0	0	1.747	0	0	0	0	1	0	0	0	0	1	0	0	0	0	0	0	0	0	0	0.125	1	0	0.6	0	0	1	0	0.6	0.897	0.534
0	20.464	0	0	0	0	21.56	0	0	0	0	5.065	0	0	0	0	0.312	0	0	0	0	0.268	0	0	0	0	0.1	0	0	0	0	0	0	0	0	0	0	0.333	0	0	0.898	0.254
1.784	1.782	0	0	0	1.784	1.782	0	0	0	0	0.892	0	0	0	1	0	0	0	0	1	0	0	0	0	0	0	0	0	0	0.2	0.8	0	0.8	0.4	0	0.6	0	0.2	1	0.415	0.290
4.942	21.034	14.741	0	0.892	3.185	26.297	13.316	0	0.892	4.942	17.315	12.545	0	0.892	0.2	0.323	0.421	0	0	0.333	0.287	0.352	0	0	0.1	0.225	0.439	0	0	0.333	0	0.2	0	0	0.667	0.4	0.4	0	0.6	0	0.559
1.854	11.935	0	1.966	0	3.706	11.935	0	1.966	0.92	1.851	5.217	0	1.966	0.92	0.833	0.485	0	1	0	0.833	0.424	0	1	0	1	0.5	0	1	0	0	0	0	0.2	0.667	0	0	0	0.4	0.333	0.197	0.193
3.66	0	0	8.606	0	6.64	0	0	12.321	0	3.939	0	0	8.686	0	0.762	0	0	0.667	0	0.714	0	0	0.538	0	0.5	0	0	0.444	0	0	0	0	0	0	0	0.8	0	0	0	0.559	0.280
0	5.456	0	0.857	0	0	7.261	0	0.857	0	0	2.672	0	0	0	0	0.536	0	0	0	0	0.429	0	0	0	0	0	0	0	0	0	0.2	0	0	0	0	0	0	0	0	0.056	0.599
2.62	0	0	0	0	3.475	0	0	0	0	0	0	0	0	0	1	0	0	0	0	0.833	0	0	0	0	0	0	0	0	0	0	0	0	0	0	0	0	0	0	0	0.897	0.242
11.16	0	0	5.216	8.606	9.847	0	0	2.81	12.321	9.51	0	0	6.277	8.686	0.626	0	0	1	0.667	0.578	0	0	1	0.538	0.611	0	0	0.867	0.444	0.6	0.667	0.4	0.2	0	0	0.222	0.2	0.2	0	0.415	0.371
6.676	4.582	0	0	0	6.676	7.574	0	0	1.035	2.93	2.993	0	0	1.035	0.905	0.536	0	0	0	0.762	0.536	0	0	0	1	0.333	0	0	0	0.333	0	0	0	0	0	0	0	0	0	0.417	0.352
0	-1	0	-1	0	0	-1	0	-1	0	0	-1	0	-1	0	0	-1	0	-1	0	0	-1	0	-1	0	0	-1	0	-1	0	0	-1	0	-1	0.2	1	-1	0	-1	0	0.899	0.808
0	6.14	0	0	0	0	8.06	0	0	0	0	5.29	0	0	0	0	0.821	0	0	0	0	0.571	0	0	0	0	0.7	0	0	0	0.5	0	0	0.25	0	1	0.2	0	0.25	0.5	0	0.960
0	0	0	0	0	0	0	0	0	0	0	0	0	0	0	0	0	0	0	0	0	0	0	0	0	0	0	0	0	0	0	0	0	0	0	0	0	0	0	0	0.714	0.967
3.671	0	0	2.019	1.751	11.756	6.225	8.767	8.152	9.226	6.845	4.084	6.815	5.119	5.732	0.6	0.733	0.5	0.5	0.389	0.564	0.733	0.464	0.5	0.361	0.267	0.167	0.133	0.2	0.1	0.2	0.333	0	0	0	0	0	0	0	0	0.198	0.316
0.892	14.741	14.604	4.942	0	0.892	13.316	11.8	3.185	0	0.892	12.545	10.267	4.942	0	0	0.421	0.49	0.2	0	0	0.352	0.515	0.333	0	0	0.439	0.444	0.1	0	0	0.2	0	0.333	0.25	0.6	0.4	0	0.667	0.25	0	0.608
1.782	0	1.784	0	0	1.782	0	1.784	0	0	0.892	0	0	0	0	0	0	1	0	0	0	0	1	0	0	0	0	0	0	0	0.8	0.8	0.2	0	0	0.6	0.2	0	0	0	0	0.736
1.814	0	0	0	0	2.807	1.889	0	1.792	0	0	0	0	0.902	0	0.667	0	0	0	0	0.667	0	0	0	0	0	0	0	0	0	0	0.2	0	0	0	0	0.8	0	0.8	0	0	0.288
0	0	0	0	0	0	0	0	0	0	0	0	0	0	0	0	0	0	0	0	0	0	0	0	0	0	0	0	0	0	0.2	0	0	0.143	0.2	0	0	0	0	0	0	0.744
0	11.852	0	22.486	0	2.907	19.874	3.807	24.159	1.792	3.338	9.586	1.987	15.216	0.902	0.5	0.305	0.5	0.206	0	0.333	0.304	0.5	0.188	0	0.333	0.167	0	0.242	0	0.8	0.143	0.429	0.5	0	0.8	0.429	0	0	0.8	0	0.591
0	0	0	0	0	0	0	0	0	0	0	0	0	0	0	0	0	0	0	0	0	0	0	0	0	0	0	0	0	0	0	0	0	0	0	0	0	0	0	0	0.898	0.998
0.857	2.703	5.456	0	0	0.857	3.639	7.261	0	0	0	0.935	2.672	0	0	0	0.833	0.536	0	0	0	0.833	0.429	0	0	0	0	0	0	0	0	0.2	0.2	0.4	0	0	0	0	1	0	0.56	0.369
0	0	1.966	12.52	11.935	0	0	1.966	13.702	11.935	0	0.876	1.966	6.242	5.217	0	0	1	0.626	0.485	0	0	1	0.505	0.424	0	0	1	0.667	0.5	0.75	0	0.2	0.111	0	0	0.25	0.4	0	0	0	0.768
0	0	0	0	0	0	0	0	0	0	0	0	0	0	0	0	0	0	0	0	0	0	0	0	0	0	0	0	0	0	0	0	0.143	0	0	0	0.5	0	0	0	0.417	0.424
0	1.854	0	11.935	5.509	0	3.706	0.92	11.935	8.531	0	1.851	0.92	5.217	5.858	0	0.833	0	0.485	0.694	0	0.833	0	0.424	0.611	0	1	0	0.5	0.733	0	0	0.667	0	0	0	0	0.333	0	0	0.898	0.285
0	0	2.62	0	0	0	0	3.475	0	0	0	0	0	0	0	0	0	1	0	0	0	0	0.833	0	0	0	0	0	0	0	0	0	0	1	0	0	0	0	0.2	0	0.893	0.251
2.703	0	0.857	0	5.456	3.639	0	0.857	0	7.261	0.935	0	0	0	2.672	0.833	0	0	0	0.536	0.833	0	0	0	0.429	0	0	0	0	0	0.2	0.4	0	0	0.2	0	1	0	0	0	0.717	0.267
0	0	0	0	-1	0	0	0	0	-1	0	0	0	0	-1	0	0	0	0	-1	0	0	0	0	-1	0	0	0	0	-1	0	0	0	0	-1	0	0	0	0	-1	0.894	0.998
0	0	0	20.464	0	0	0	0	21.56	0	0	0	0	5.065	0	0	0	0	0.312	0	0	0	0	0.268	0	0	0	0	0.1	0	0	0	0	0	0.2	0.333	0	0	0	0	0.417	0.734
0	0	0	-1	0	0	0	0	-1	0	0	0	0	-1	0	0	0	0	-1	0	0	0	0	-1	0	0	0	0	-1	0	0	0	0.2	-1	0	0	1	0	-1	0	0.419	0.687
0.877	0	0	0	0	1.747	0	0	0	0	1.747	0	0	0	0	1	0	0	0	0	1	0	0	0	0	0	0	0	0	0	0.125	0	0	0	1	0	0	0	0	1	0.3	0.251
0	0	5.161	0	0.88	0	0	5.355	0	0	0	0	3.46	0	1.756	0	0	0.733	0	0	0	0	0.7	0	0	0	0	1	0	0	0.25	0.6	0	1	0.4	0	0.6	0	1	0.2	0.299	0.335
0	0	3.015	0	0	1.096	0	3.015	0	0	1.096	0	2.116	0	0	0	0	1	0	0	0	0	1	0	0	0	0	0	0	0	0	0.2	0.2	0	0.2	0	0	0	0	0	0.195	0.493
0	0	0	0	0	0	0	0	0	1.096	0	0	0	0	1.096	0	0	0	0	0	0	0	0	0	0	0	0	0	0	0	0	0	0.2	0	0	0	0.333	0	0	0	0.713	0.345
0	0	0	0	0	0	0	0	0	0	0	0	0	0	0	0	0	0	0	0	0	0	0	0	0	0	0	0	0	0	0	0.2	0.2	0	0	0	0	0	0	0	0.556	0.265
7.949	6.034	2.019	0	0	12.925	11.133	8.152	1.79	6.225	6.073	3.258	5.119	1.79	4.084	0.449	0.527	0.5	0	0.733	0.41	0.473	0.5	0	0.733	0.2	0.333	0.2	0	0.167	0.2	0	0	0	0.333	0.6	0	0	0	0	0.896	0.224
4.482	0	5.216	0	0	1.741	0	2.81	0	0	4.482	0	6.277	0	0	0.6	0	1	0	0	0	0	1	0	0	0.4	0	0.867	0	0	0.4	0	0.2	0.2	0.667	0	0	0.2	0	0.222	0.42	0.463
0	0	4.482	0	5.216	0	0	1.741	0	2.81	0	0	4.482	0	6.277	0	0	0.6	0	1	0	0	0	0	1	0	0	0.4	0	0.867	0	0.2	0.4	0	0.2	0	0	0	0	0.2	0	0.527
0	0	0.877	0	0	0	0	1.747	0	0	0	0	1.747	0	0	0	0	1	0	0	0	0	1	0	0	0	0	0	0	0	0	0	0.125	0	0	0	0	0	0	0	0.898	0.251
0	0	0	0	0	0	0	0	0	0	0	0	0	0	0	0	0	0	0	0	0	0	0	0	0	0	0	0	0	0	0	0	0	0	0	0	0	0	0	0	0.56	0.976
0	0	0	0	5.161	0	0	0	0	5.355	0	0	0	0	3.46	0	0	0	0	0.733	0	0	0	0	0.7	0	0	0	0	1	0.6	1	0.25	0	0	0.6	1	0	0	0	0	0.884
0	0	0	2.62	0	0	0	0	3.475	1.79	0	0	0	0	1.79	0	0	0	1	0	0	0	0	0.833	0	0	0	0	0	0	0	0	0	0	0	0	0	0	0	0	0.896	0.168
6.14	0	0	14.604	0	8.06	0	0	11.8	0	5.29	0	0	10.267	0	0.821	0	0	0.49	0	0.571	0	0	0.515	0	0.7	0	0	0.444	0	0	0.25	0.5	0	0	0.2	0.25	1	0	0	0.299	0.210
0	3.671	1.751	0	22.486	8.767	11.756	9.226	6.225	24.159	6.815	6.845	5.732	4.084	15.216	0.5	0.6	0.389	0.733	0.206	0.464	0.564	0.361	0.733	0.188	0.133	0.267	0.1	0.167	0.242	0	0.2	0	0.333	0.5	0	0	0	0	0	0.415	0.196
0	5.509	21.034	0	4.942	0	8.531	26.297	0.92	3.185	0	5.858	17.315	0.92	4.942	0	0.694	0.323	0	0.2	0	0.611	0.287	0	0.333	0	0.733	0.225	0	0.1	0	0	0	0.667	0.333	0	0	0.4	0.333	0.667	0.557	0.412
0	0	0	0	0	0	0	0	0	0	0	0	0	0	0	0	0	0	0	0	0	0	0	0	0	0	0	0	0	0	0.143	0	0	0	0.2	0	0	0	0.5	0	0.557	0.482
0	0	1.782	2.306	1.784	0	0	1.782	2.306	1.784	0	0	0.892	2.306	0	0	0	0	1	1	0	0	0	1	1	0	0	0	1	0	0.8	0	0.8	0.571	0.2	0.2	0	0.6	0.286	0	0.298	0.514
0	0	0	11.852	0	3.807	2.907	1.792	19.874	1.889	1.987	3.338	0.902	9.586	0	0.5	0.5	0	0.305	0	0.5	0.333	0	0.304	0	0	0.333	0	0.167	0	0.429	0.8	0	0.143	0.2	0	0.8	0.8	0.429	0.8	0.196	0.437
0	0	0	1.814	0	0	0	0	2.807	0	0	0	0	0	0	0	0	0	0.667	0	0	0	0	0.667	0	0	0	0	0	0	0	0	0	0	0	0	0	0	0	0	0.296	0.704
14.741	4.942	0.892	21.034	14.604	13.316	3.185	0.892	26.297	11.8	12.545	4.942	0.892	17.315	10.267	0.421	0.2	0	0.323	0.49	0.352	0.333	0	0.287	0.515	0.439	0.1	0	0.225	0.444	0.2	0.333	0	0	0	0.4	0.667	0.6	0.4	0	0	0.259
0	0	-1	0	-1	0	0	-1	0	-1	0	0	-1	0	-1	0	0	-1	0	-1	0	0	-1	0	-1	0	0	-1	0	-1	0	0	-1	0	-1	0	0	-1	0	-1	0.896	0.998
0	0	0	0	6.034	0	0	1.79	0	11.133	0	0	1.79	0	3.258	0	0	0	0	0.527	0	0	0	0	0.473	0	0	0	0	0.333	0	0	0	0	0	0	0	0	0	0	0.72	0.287
1.966	0	11.935	0	1.854	1.966	0	11.935	0	3.706	1.966	0	5.217	0.876	1.851	1	0	0.485	0	0.833	1	0	0.424	0	0.833	1	0	0.5	0	1	0.2	0.75	0	0	0	0.4	0	0	0.25	0	0.198	0.511
0	0	0	3.015	0	0	0	0	3.015	0	0	0	0	2.116	0	0	0	0	1	0	0	0	0	1	0	0	0	0	0	0	1	0.2	0	0.2	0	0.2	0	0	0	0	0.196	0.930
2.306	1.803	0	0	0	2.306	0.924	0	1.035	0	2.306	1.803	0	1.035	0	1	0	0	0	0	1	0	0	0	0	1	0	0	0	0	0.571	0	0	0	0.8	0.286	0	0	0	0.2	0.299	0.579
8.606	0	0	11.16	3.66	12.321	0	0	9.847	6.64	8.686	0	0	9.51	3.939	0.667	0	0	0.626	0.762	0.538	0	0	0.578	0.714	0.444	0	0	0.611	0.5	0	0.4	0	0.6	0	0	0.2	0.8	0	0	0.557	0.210
0	0	2.703	1.784	0.857	0	0	3.639	1.784	0.857	0	0	0.935	0	0	0	0	0.833	1	0	0	0	0.833	1	0	0	0	0	0	0	0.4	0	0.2	0.2	0	1	0	0	0	0	0.198	0.708
0	0	0	0	2.62	0	0	0	0	3.475	0	0	0	0	0	0	0	0	0	1	0	0	0	0	0.833	0	0	0	0	0	0	1	0	0.2	0	0	0.2	0	0	0	0.896	0.316
5.216	4.482	0	0	11.16	2.81	1.741	0	0	9.847	6.277	4.482	0	0	9.51	1	0.6	0	0	0.626	1	0	0	0	0.578	0.867	0.4	0	0	0.611	0.2	0.4	0.667	0	0.6	0.2	0	0.222	0	0	0	0.375
2.019	7.949	0	6.034	3.671	8.152	12.925	6.225	11.133	11.756	5.119	6.073	4.084	3.258	6.845	0.5	0.449	0.733	0.527	0.6	0.5	0.41	0.733	0.473	0.564	0.2	0.2	0.167	0.333	0.267	0	0.2	0.333	0	0.2	0	0.6	0	0	0	0.894	0.198
0	0	0	0	4.482	0	0	0	0	1.741	0	0	0	0	4.482	0	0	0	0	0.6	0	0	0	0	0	0	0	0	0	0.4	0.2	0	0	0	0.4	0	0	0	1	0	0	0.450
22.486	1.751	11.852	0	0	24.159	9.226	19.874	8.767	2.907	15.216	5.732	9.586	6.815	3.338	0.206	0.389	0.305	0.5	0.5	0.188	0.361	0.304	0.464	0.333	0.242	0.1	0.167	0.133	0.333	0.5	0	0.143	0	0.8	0	0	0.429	0	0.8	0	0.245
0	0	0	0	20.464	0	0	0	0	21.56	0	0	0	0	5.065	0	0	0	0	0.312	0	0	0	0	0.268	0	0	0	0	0.1	0.2	0	0	0.2	0	0	0	0	0	0	0.557	0.441
1.803	0	2.306	0	0	0.924	1.035	2.306	0	0	1.803	1.035	2.306	0	0	0	0	1	0	0	0	0	1	0	0	0	0	1	0	0	0	0	0.571	0	0	0	0	0.286	0	0	0	0.560
4.582	0	6.676	0	0	7.574	0	6.676	0	0	2.993	0	2.93	0	0	0.536	0	0.905	0	0	0.536	0	0.762	0	0	0.333	0	1	0	0	0	0	0.333	0	0	0	0	0	0	0	0.717	0.146
0	11.16	8.606	0	0	0	9.847	12.321	0	0	0	9.51	8.686	0	0	0	0.626	0.667	0	0	0	0.578	0.538	0	0	0	0.611	0.444	0	0	0.4	0.6	0	0.667	0	0.2	0	0	0.222	0.8	0	0.532
0	8.606	3.66	0	0	0	12.321	6.64	0	0	0	8.686	3.939	0	0	0	0.667	0.762	0	0	0	0.538	0.714	0	0	0	0.444	0.5	0	0	0	0	0	0.4	0	0.8	0	0	0.2	0	0	0.741
0	0	5.509	1.854	0	0.92	0	8.531	3.706	0	0.92	0	5.858	1.851	0	0	0	0.694	0.833	0	0	0	0.611	0.833	0	0	0	0.733	1	0	0.667	0	0	0	0	0.333	0	0	0	0	0.893	0.336
0	0	4.582	3.66	6.676	0	0	7.574	6.64	6.676	0	0	2.993	3.939	2.93	0	0	0.536	0.762	0.905	0	0	0.536	0.714	0.762	0	0	0.333	0.5	1	0	0	0	0	0.333	0	0	0	0	0	0.893	0.589
0	0	0	0.877	0	0	0	0	1.747	0	0	0	0	1.747	0	0	0	0	1	0	0	0	0	1	0	0	0	0	0	0	1	0	0.6	0.125	0.25	1	0	0.6	0	0	0.298	0.992
11.852	22.486	0	1.751	0	19.874	24.159	2.907	9.226	3.807	9.586	15.216	3.338	5.732	1.987	0.305	0.206	0.5	0.389	0.5	0.304	0.188	0.333	0.361	0.5	0.167	0.242	0.333	0.1	0	0.143	0.5	0.8	0	0.429	0.429	0	0.8	0	0	0.418	0.188
1.751	0	22.486	3.671	11.852	9.226	8.767	24.159	11.756	19.874	5.732	6.815	15.216	6.845	9.586	0.389	0.5	0.206	0.6	0.305	0.361	0.464	0.188	0.564	0.304	0.1	0.133	0.242	0.267	0.167	0	0	0.5	0.2	0.143	0	0	0	0	0.429	0	0.405
0	0	0	0	0	0	0	0	0	0	0	0	0	0	0	0	0	0	0	0	0	0	0	0	0	0	0	0	0	0	0	0	0	0	0	0	0	0	0	0	0.718	0.988
0	0	0	0	1.814	1.792	3.807	1.889	2.907	2.807	0.902	1.987	0	3.338	0	0	0.5	0	0.5	0.667	0	0.5	0	0.333	0.667	0	0	0	0.333	0	0	0.429	0.2	0.8	0	0.8	0	0.8	0.8	0	0	0.555
0.88	5.161	12.52	0	0	0	5.355	13.702	0	0	1.756	3.46	6.242	0	0.876	0	0.733	0.626	0	0	0	0.7	0.505	0	0	0	1	0.667	0	0	0.4	0	0.111	0.25	0	0.2	0	0	0	0.25	0	0.529
12.52	0.88	0	5.161	0	13.702	0	0	5.355	0	6.242	1.756	0.876	3.46	0	0.626	0	0	0.733	0	0.505	0	0	0.7	0	0.667	0	0	1	0	0.111	0.4	0	0	0.75	0	0.2	0.25	0	0	0.298	0.329
0	0	6.034	0	7.949	1.79	0	11.133	0	12.925	1.79	0	3.258	0	6.073	0	0	0.527	0	0.449	0	0	0.473	0	0.41	0	0	0.333	0	0.2	0	0	0	0	0.2	0	0	0	0	0.6	0.713	0.314
0	0	0	5.456	0.877	0	0	0	7.261	1.747	0	0	0	2.672	1.747	0	0	0	0.536	1	0	0	0	0.429	1	0	0	0	0	0	0	0	0	0.2	0.125	0	0	0	0	0	0.716	0.389
0	2.306	0	1.803	1.782	0	2.306	0	0.924	1.782	0	2.306	0	1.803	0.892	0	1	0	0	0	0	1	0	0	0	0	1	0	0	0	0	0.571	0.8	0	0.8	0	0.286	0.2	0	0.6	0.556	0.246
0	0	0	0	0	0	0	0	0	0	0	0	0	0	0	0	0	0	0	0	0	0	0	0	0	0	0	0	0	0	0	0.143	0.2	0	0	0	0	0	0	0	0.292	0.473
0	0	1.803	6.676	2.306	1.035	0	0.924	6.676	2.306	1.035	0	1.803	2.93	2.306	0	0	0	0.905	1	0	0	0	0.762	1	0	0	0	1	1	0	0	0	0.333	0.571	0	0	0	0	0.286	0.418	0.270
11.935	1.966	1.854	0	0	11.935	1.966	3.706	0	0	5.217	1.966	1.851	0	0	0.485	1	0.833	0	0	0.424	1	0.833	0	0	0.5	1	1	0	0	0	0.2	0	0.75	0	0	0.4	0	0	0	0.294	0.486
0	3.015	0	0	0	0	3.015	0	1.096	0	0	2.116	0	1.096	0	0	1	0	0	0	0	1	0	0	0	0	0	0	0	0	0.2	0.2	1	0	0	0	0	0.2	0	0	0.557	0.564
0	0	0	0	0	0	0	0	0	0	0	0	0	0	0	0	0	0	0	0	0	0	0	0	0	0	0	0	0	0	0	0	0	0.5	0.143	0.5	0	0	1	0	0.415	0.562
0	3.66	0	0	4.582	0	6.64	0	0	7.574	0	3.939	0	0	2.993	0	0.762	0	0	0.536	0	0.714	0	0	0.536	0	0.5	0	0	0.333	0	0	0	0	0	0	0	0	0.8	0	0.896	0.293
0	0	0	0	3.015	0	0	1.096	0	3.015	0	0	1.096	0	2.116	0	0	0	0	1	0	0	0	0	1	0	0	0	0	0	0.2	0	0	0	0.2	0	0	0	0.333	0	0.557	0.349
5.456	0.857	0	2.703	0	7.261	0.857	0	3.639	0	2.672	0	0	0.935	0	0.536	0	0	0.833	0	0.429	0	0	0.833	0	0	0	0	0	0	0.2	0	0	0.2	0	0	0	0	0	0	0.557	0.134
0	14.604	6.14	0.892	0	0	11.8	8.06	0.892	0	0	10.267	5.29	0.892	0	0	0.49	0.821	0	0	0	0.515	0.571	0	0	0	0.444	0.7	0	0	0.25	0	0	0	0.5	0.25	0	0.2	0.6	1	0	0.678
0	6.676	0	4.582	1.803	0	6.676	1.035	7.574	0.924	0	2.93	1.035	2.993	1.803	0	0.905	0	0.536	0	0	0.762	0	0.536	0	0	1	0	0.333	0	0	0.333	0	0	0	0	0	0	0	0	0.559	0.348
0	1.814	0	0	0	0	2.807	0	1.889	0	0	0	0	0	0	0	0.667	0	0	0	0	0.667	0	0	0	0	0	0	0	0	0	0	0	0.2	0	0	0	0	0.8	0	0.294	0.445
0	0	0	0	0	0	0	0	0	0	0	0	0	0	0	0	0	0	0	0	0	0	0	0	0	0	0	0	0	0	0	0	0	0	0	0	0	0	0	0	0.714	0.995
0	1.784	0	1.782	2.703	0	1.784	0	1.782	3.639	0	0	0	0.892	0.935	0	1	0	0	0.833	0	1	0	0	0.833	0	0	0	0	0	0	0.2	0.4	0.8	0.2	0	0	1	0.6	0	0.56	0.267
0	5.216	11.16	4.482	0	0	2.81	9.847	1.741	0	0	6.277	9.51	4.482	0	0	1	0.626	0.6	0	0	1	0.578	0	0	0	0.867	0.611	0.4	0	0.667	0.2	0.6	0.4	0.4	0.222	0.2	0	0	0.2	0.414	0.767
5.161	0	0.88	0	12.52	5.355	0	0	0	13.702	3.46	0	1.756	0	6.242	0.733	0	0	0	0.626	0.7	0	0	0	0.505	1	0	0	0	0.667	0	0.25	0.4	0.6	0.111	0	0	0.2	0.6	0	0	0.277
21.034	0	4.942	5.509	14.741	26.297	0	3.185	8.531	13.316	17.315	0	4.942	5.858	12.545	0.323	0	0.2	0.694	0.421	0.287	0	0.333	0.611	0.352	0.225	0	0.1	0.733	0.439	0	0	0.333	0	0.2	0.4	0	0.667	0	0.4	0.298	0.252
0	2.62	0	0	0	0	3.475	0	0	0	0	0	0	0	0	0	1	0	0	0	0	0.833	0	0	0	0	0	0	0	0	0	0	0	0	0	0	0	0	0	0	0.899	0.182
0	0	20.464	0	0	0	0	21.56	0	0	0	0	5.065	0	0	0	0	0.312	0	0	0	0	0.268	0	0	0	0	0.1	0	0	0	0.2	0	0	0	0	0	0	0	0	0.057	0.968
0	0	0	6.14	0	0	0	0	8.06	0	0	0	0	5.29	0	0	0	0	0.821	0	0	0	0	0.571	0	0	0	0	0.7	0	0	0.5	0	0	0	0	1	0.5	0.2	0	0.418	0.395
0	12.52	0	0.88	1.966	0	13.702	0	0	1.966	0.876	6.242	0	1.756	1.966	0	0.626	0	0	1	0	0.505	0	0	1	0	0.667	0	0	1	0	0.111	0.75	0.4	0.2	0.25	0	0	0.2	0.4	0	0.618
14.604	0.892	0	14.741	6.14	11.8	0.892	0	13.316	8.06	10.267	0.892	0	12.545	5.29	0.49	0	0	0.421	0.821	0.515	0	0	0.352	0.571	0.444	0	0	0.439	0.7	0	0	0.25	0.2	0	0	0.6	0.25	0.4	0.2	0	0.258
0	2.019	3.671	7.949	0	6.225	8.152	11.756	12.925	8.767	4.084	5.119	6.845	6.073	6.815	0.733	0.5	0.6	0.449	0.5	0.733	0.5	0.564	0.41	0.464	0.167	0.2	0.267	0.2	0.133	0.333	0	0.2	0.2	0	0	0	0	0.6	0	0.893	0.364
