0	0	0	0	7.345	0	0	0	0	7.345	0	0	0	0	0	0	0	0	0	0.786	0	0	0	0	0.786	0	0	0	0	0	0.4	0.6	0	0.2	0	0	0	0	0.6	0	0.197	0.438
0	0	0	0	0	0	0	0	0	0	0	0	0	0	0	0	0	0	0	0	0	0	0	0	0	0	0	0	0	0	0	0	0	0	0	1	0	1	0	0	0	0.905
0.873	0	0	0	7.261	0.873	0	0	0	7.261	0	0	0	0	0	0	0	0	0	0.929	0	0	0	0	0.929	0	0	0	0	0	0	0.2	0	0.333	0.25	0	0.2	0	0	0	0	0.458
0.854	0	0	0	0	0.854	0	0	0	0	0	0	0	0	0	0	0	0	0	0	0	0	0	0	0	0	0	0	0	0	0	0	0	0	0	0	0	0	0	0.143	0	0.247
0	2.812	0	0	0	0	2.812	0	0	0	0	0	0	0	0	0	1	0	0	0	0	1	0	0	0	0	0	0	0	0	0	0	0.4	0.8	0	0.333	0.2	0.6	0.4	0	0	0.526
0	0	0	0	0	0	0	0	0	0	0	0	0	0	0	0	0	0	0	0	0	0	0	0	0	0	0	0	0	0	0	0	0	0	0	0	0	0	0	0	0.893	0.847
0	0.978	0	0	2.989	0	2.805	1.799	3.014	5.114	0	0	0	0	0	0	0.667	0	0.333	0.4	0	0.667	0	0.333	0.4	0	0	0	0	0	0	0	0.556	0	0.889	0.4	0.8	0.556	0	0.222	0	0.576
0	0	0	0	0	0	0	0	0	0	0	0	0	0	0	0	0	0	0	0	0	0	0	0	0	0	0	0	0	0	0	0.2	0.333	0	0	0	0.2	0	0	0	0.419	0.181
6.473	3.636	0	12.685	0.875	12.091	10.699	2.723	18.387	6.203	0	0	0	0	0	0.576	0.309	0.667	0.491	0.8	0.576	0.309	0.667	0.491	0.8	0	0	0	0	0	0	0	0	0	0.714	0	0.2	0	0.25	0.714	0.299	0.151
0.897	0	0	0	6.865	0.897	0	0	0	9.859	0	0	0	0	0	0	0	0	0	0.867	0	0	0	0	0.867	0	0	0	0	0	0	0	0.2	1	0.25	0	0.2	0.6	1	0.75	0.415	0.122
0	0	-1	0	-1	0	0	-1	0	-1	0	0	-1	0	-1	0	0	-1	0	-1	0	0	-1	0	-1	0	0	-1	0	-1	0	0	-1	0	-1	0	0	-1	0	-1	0.896	0.999
1.712	7.556	0	17.513	17.461	6.474	12.011	2.754	24.924	23.96	0	0	0	0	0	0.952	0.879	0.667	0.487	0.561	0.952	0.879	0.667	0.487	0.561	0	0	0	0	0	0	0.2	0.25	0	0.5	0	0.2	0	0	0	0.292	0.225
0	0	0	0	0	0	0	0	0	0.964	0	0	0	0	0	0	0	0	0	0	0	0	0	0	0	0	0	0	0	0	0	0.222	0.6	0	0	0	0	0.2	0	0	0	0.411
0	1.782	0	0	0	0	1.782	0	0	0	0	0	0	0	0	0	1	0	0	0	0	1	0	0	0	0	0	0	0	0	0	0	0	0	0.2	0	0	0	0	0	0.415	0.438
0	7.068	0	0	0	0	7.068	0	0.964	0	0	0	0	0	0	0	0.905	0	0	0	0	0.905	0	0	0	0	0	0	0	0	0	0.222	0	0	0.857	0	0.111	0	0	0.714	0	0.558
0	0	13.136	4.62	26.841	0	0	18.044	7.299	30.247	0	0	0	0	0	0	0	0.608	0.893	0.359	0	0	0.608	0.893	0.359	0	0	0	0	0	0.5	0	0	0	0	1	0	0	0	0	0.417	0.846
0	0	4.43	0	12.685	0.848	0	8.322	3.721	18.387	0	0	0	0	0	0	0	0.611	0.667	0.491	0	0	0.611	0.667	0.491	0	0	0	0	0	0	0	0	0.2	0	0	0	0.333	0.2	0.25	0.415	0.205
0	0	0	0	0	0	0	0	0	0	0	0	0	0	0	0	0	0	0	0	0	0	0	0	0	0	0	0	0	0	0	0	0	0	0	0	0	0	0	0	0.897	0.830
0	0	0.854	0	0	0	0	0.854	0	0	0	0	0	0	0	0	0	0	0	0	0	0	0	0	0	0	0	0	0	0	0	0	0	0.6	0	0	0	0	0.8	0	0.419	0.413
0	6.865	1.423	0	4.621	0	9.859	1.423	0	6.371	0	0	0	0	0	0	0.867	0	0	0.952	0	0.867	0	0	0.952	0	0	0	0	0	0	0.25	0.111	0.2	0	0	0.75	0	0.6	0	0.558	0.275
0	7.439	0	1.792	0	0	7.439	0	1.792	0	0	0	0	0	0	0	0.857	0	1	0	0	0.857	0	1	0	0	0	0	0	0	0	0	0.5	0	0	0.25	0	0	0	0	0.558	0.414
33.685	0.939	22.625	0.881	1.779	39.249	2.748	25.867	1.765	4.809	0	0	0	0	0	0.287	1	0.47	1	0.7	0.287	1	0.47	1	0.7	0	0	0	0	0	0.286	0	0	0	0.2	0.286	0	0	0	0	0.557	0.471
0	8.074	0	20.739	12.19	0	13.556	0	25.638	15.737	0	0	0	0	0	0	0.747	0	0.443	0.79	0	0.747	0	0.443	0.79	0	0	0	0	0	0	0.333	0.2	0.429	0	0.4	0	0.2	0.286	0	0	0.683
17.513	1.779	7.556	22.625	1.712	24.924	4.809	12.011	25.867	6.474	0	0	0	0	0	0.487	0.7	0.879	0.47	0.952	0.487	0.7	0.879	0.47	0.952	0	0	0	0	0	0	0.2	0.2	0	0	0	0	0.2	0	0	0.415	0.222
0	0	0.897	26.687	0	0	0	0.897	27.672	0	0	0	0	0	0	0	0	0	0.45	0	0	0	0	0.45	0	0	0	0	0	0	0	1	0	0.111	0.2	0.2	1	0	0	0.6	0.419	0.397
0	-1	0	-1	0	0	-1	0	-1	0	0	-1	0	-1	0	0	-1	0	-1	0	0	-1	0	-1	0	0	-1	0	-1	0	0	-1	0	-1	0	0.2	-1	0	-1	0	0.899	0.999
0	0	0	1.782	0	0	0	0	1.782	0	0	0	0	0	0	0	0	0	1	0	0	0	0	1	0	0	0	0	0	0	0	0	0.2	0	0	0	0	0	0	0	0.299	0.162
2.989	0	0	0	0	5.114	1.799	0	0	0	0	0	0	0	0	0.4	0	0	0	0	0.4	0	0	0	0	0	0	0	0	0	0.889	0.556	0.667	0	0	0.222	0.556	1	0.4	0	0.197	0.299
0	0	10.419	18.005	0	0	0	14.567	23.089	3.721	0	0	0	0	0	0	0	0.676	0.446	0.667	0	0	0.676	0.446	0.667	0	0	0	0	0	0	0.2	0.6	0	0.2	0	0.2	0.8	0	0.2	0.558	0.269
0	0	0	0.854	1.782	0	0	0	0.854	1.782	0	0	0	0	0	0	0	0	0	1	0	0	0	0	1	0	0	0	0	0	0	0	0	0	0	0.143	0	0	0	0	0.418	0.349
18.005	8.615	0	0	0	23.089	12.751	0	0	0	0	0	0	0	0	0.446	0.821	0	0	0	0.446	0.821	0	0	0	0	0	0	0	0	0	0	0.2	0	0	0	0	0.2	0	0	0	0.277
0	0	0	0	5.476	0	1.837	0.854	0	6.459	0	0	0	0	0	0	0	0	0	0.429	0	0	0	0	0.429	0	0	0	0	0	0	0	0	0	0.6	0	0	0	0	0	0.556	0.213
0	0	0	0	0	0	0	0	0	0	0	0	0	0	0	0	0	0	0	0	0	0	0	0	0	0	0	0	0	0	0	0.25	0	0.2	0	0.2	0	0	0	0	0	0.544
0	0	0	0	0	0	0	0	0	0	0	0	0	0	0	0	0	0	0	0	0	0	0	0	0	0	0	0	0	0	0	0	0	0	0	0	0	0	0	0	0.9	0.848
0	0	0.848	0	0	0	0	0.848	0	0	0	0	0	0	0	0	0	0	0	0	0	0	0	0	0	0	0	0	0	0	0	0.6	0.8	0.429	0.2	0	0.4	1	0.571	0.6	0.299	0.286
0	26.687	0	0	0.897	0	27.672	0	0	0.897	0	0	0	0	0	0	0.45	0	0	0	0	0.45	0	0	0	0	0	0	0	0	1	0.111	0	0	0	1	0	0.2	0	0	0.299	0.922
0	5.476	0	0	0	0	6.459	0	0.854	0	0	0	0	0	0	0	0.429	0	0	0	0	0.429	0	0	0	0	0	0	0	0	0	0.6	0.2	0	0.25	0	0	0	0	0	0.299	0.294
0	0	0	0	0	0	0	0	0	0	0	0	0	0	0	0	0	0	0	0	0	0	0	0	0	0	0	0	0	0	0	0	0	0	0	0	0	0	0	0	0.419	0.902
0	0.848	0	0	0	0	0.848	0	0	0	0	0	0	0	0	0	0	0	0	0	0	0	0	0	0	0	0	0	0	0	0.2	0.8	0.6	0	0.4	0.6	1	0	0	0	0	0.681
0	0	0	7.439	0	0	0	0	7.439	0	0	0	0	0	0	0	0	0	0.857	0	0	0	0	0.857	0	0	0	0	0	0	0.5	0	0	0	0.222	0	0.25	0	0	0	0	0.611
0	0	0	0	0	0	0	0	0	0	0	0	0	0	0	0	0	0	0	0	0	0	0	0	0	0	0	0	0	0	0.2	0	0	0	0.222	0	0	0	0	0	0.12	0.666
0	0.914	0	3.788	0.881	0.852	0.914	0	4.67	1.765	0	0	0	0	0	0	0	0	0.8	1	0	0	0	0.8	1	0	0	0	0	0	0.714	0	1	0.25	0	0.714	0	1	0	0	0.418	0.767
0	0	0	0	0	0	0	0	0	0	0	0	0	0	0	0	0	0	0	0	0	0	0	0	0	0	0	0	0	0	1	0	0.2	0	0	0.778	0	0.4	0	0	0.197	0.722
0	0.872	0	15.497	5.987	0	0.872	0	18.463	7.867	0	0	0	0	0	0	0	0	0.725	0.964	0	0	0	0.725	0.964	0	0	0	0	0	0	0	0	0	0.4	0	0	0	0	0	0.197	0.322
0	0	0	0	2.812	0	0	0	0	2.812	0	0	0	0	0	0	0	0	0	1	0	0	0	0	1	0	0	0	0	0	0	0.6	0.8	0	0	0	0.2	0.4	0	0.2	0	0.561
0	0	0	0	0	0	0	0	0	0	0	0	0	0	0	0	0	0	0	0	0	0	0	0	0	0	0	0	0	0	0	0	0	0	0	1	1	0	0	0	0.893	0.907
0	0	7.345	0	0	0	0	7.345	0	0	0	0	0	0	0	0	0	0.786	0	0	0	0	0.786	0	0	0	0	0	0	0	0	0.4	0	0.6	0.333	0	0	0	0	0	0	0.561
0	0	12.19	8.074	27.137	0	0	15.737	13.556	30.215	0	0	0	0	0	0	0	0.79	0.747	0.429	0	0	0.79	0.747	0.429	0	0	0	0	0	0.2	0	0	0.333	1	0.2	0.4	0	0	0	0	0.640
0	18.005	0	8.615	10.419	0	23.089	0	12.751	14.567	0	0	0	0	0	0	0.446	0	0.821	0.676	0	0.446	0	0.821	0.676	0	0	0	0	0	0.2	0	0	0	0.6	0.2	0	0	0	0.8	0	0.496
27.137	12.19	0	0	3.788	30.215	15.737	0	0	4.67	0	0	0	0	0	0.429	0.79	0	0	0.8	0.429	0.79	0	0	0.8	0	0	0	0	0	1	0	0.8	0.2	0.25	0	0	0.2	0.2	0	0.057	0.427
0	7.261	0	0	0	0	7.261	0	0	0	0	0	0	0	0	0	0.929	0	0	0	0	0.929	0	0	0	0	0	0	0	0	0.4	0.25	0	0	0	0.4	0	0	0	0	0.419	0.518
7.068	0	0	0	0	7.068	0.964	0	0	0	0	0	0	0	0	0.905	0	0	0	0	0.905	0	0	0	0	0	0	0	0	0	0.222	0	0	0.667	0	0.111	0	0	0	0	0.197	0.454
0	5.987	4.62	0	0	0	7.867	7.299	0	0	0	0	0	0	0	0	0.964	0.893	0	0	0	0.964	0.893	0	0	0	0	0	0	0	0	0.4	0	0	0	0	0	0	0	0	0.718	0.270
10.419	0	0	0	0	14.567	0	3.721	0	0	0	0	0	0	0	0.676	0	0.667	0	0	0.676	0	0.667	0	0	0	0	0	0	0	0.6	0	0.2	0.2	0	0.8	0	0.2	0.2	0	0.419	0.368
0	4.62	0	0	13.136	0	7.299	0	0	18.044	0	0	0	0	0	0	0.893	0	0	0.608	0	0.893	0	0	0.608	0	0	0	0	0	0	0	0.5	0	0	0	0	1	0	0	0.714	0.278
7.345	0	0	0	0	7.345	0	0	0	0	0	0	0	0	0	0.786	0	0	0	0	0.786	0	0	0	0	0	0	0	0	0	0	0	0.333	0.4	0.2	0	0	0	0	0.2	0	0.315
0	1.712	17.461	7.556	0	2.754	6.474	23.96	12.011	0	0	0	0	0	0	0.667	0.952	0.561	0.879	0	0.667	0.952	0.561	0.879	0	0	0	0	0	0	0.25	0	0.5	0.2	0	0	0	0	0.2	0	0.296	0.264
0	0.854	0	0	0	0	0.854	0	0	0	0	0	0	0	0	0	0	0	0	0	0	0	0	0	0	0	0	0	0	0	0	0	0	0	0	0	0	0.143	0	0	0.298	0.314
6.865	0	0	0.897	1.423	9.859	0	0	0.897	1.423	0	0	0	0	0	0.867	0	0	0	0	0.867	0	0	0	0	0	0	0	0	0	0.25	0.2	0	0	0.111	0.75	0.6	0	0	0	0.197	0.594
0	0	0	0	0	0	0	0	0	0	0	0	0	0	0	0	0	0	0	0	0	0	0	0	0	0	0	0	0	0	0.222	0	0	0.5	0.6	0	0	0	0	0.2	0.419	0.621
17.461	0	0	1.712	8.615	23.96	2.754	0	6.474	12.751	0	0	0	0	0	0.561	0.667	0	0.952	0.821	0.561	0.667	0	0.952	0.821	0	0	0	0	0	0.5	0.25	0	0	0	0	0	0	0	0	0	0.319
0	0	4.218	0	0	0	0	6.053	0	0	0	0	0	0	0	0	0	0.133	0	0	0	0	0.133	0	0	0	0	0	0	0	0	0.2	0	1	0.714	0	0.4	0	0.778	1	0.418	0.430
0	10.419	0	0	0	3.721	14.567	0	0	0.848	0	0	0	0	0	0.667	0.676	0	0	0	0.667	0.676	0	0	0	0	0	0	0	0	0.2	0.6	0	0	0	0.2	0.8	0	0	0	0.292	0.309
0.848	0	0	0	0	0.848	0	0	0	0	0	0	0	0	0	0	0	0	0	0	0	0	0	0	0	0	0	0	0	0	0.8	0	0.2	0.6	0.6	1	0	0.6	0.4	0	0	0.783
0.872	15.497	0	0	0	0.872	18.463	0	0	0	0	0	0	0	0	0	0.725	0	0	0	0	0.725	0	0	0	0	0	0	0	0	0	0	0	0.25	0	0	0	0	0	0	0.415	0.215
0	0	0	2.812	1.792	0	0	0	2.812	1.792	0	0	0	0	0	0	0	0	1	1	0	0	0	1	1	0	0	0	0	0	0.4	0	0	0	0	0.6	0.333	0	0.2	0	0	0.521
0	0	0	0	0	0	0	0	0	0	0	0	0	0	0	0	0	0	0	0	0	0	0	0	0	0	0	0	0	0	0	0	0	0	0.2	0	0	0	0	0.2	0	0.473
0	2.989	0	0	0	0	5.114	0	1.799	0	0	0	0	0	0	0	0.4	0	0	0	0	0.4	0	0	0	0	0	0	0	0	0.667	0.889	0	0.556	0.6	1	0.222	0	0.556	0.2	0	0.884
10.471	0	0	2.909	0	13.479	0	0.987	9.412	0	0	0	0	0	0	0.538	0	0	0.472	0	0.538	0	0	0.472	0	0	0	0	0	0	0.2	0	0.2	0.6	0	0	0	0.4	0.2	0.857	0	0.270
16.29	26.841	20.739	13.136	8.074	20.081	30.247	25.638	18.044	13.556	0	0	0	0	0	0.558	0.359	0.443	0.608	0.747	0.558	0.359	0.443	0.608	0.747	0	0	0	0	0	0.333	0	0.429	0	0.333	0.333	0	0.286	0	0	0	0.421
0	0	0	0	0	0	0	0	0	1.837	0	0	0	0	0	0	0	0	0	0	0	0	0	0	0	0	0	0	0	0	0	0	0	0	0	0	0	0	0	0	0.417	0.632
0	0	0	0	0	0	0	0	0	0	0	0	0	0	0	0	0	0	0	0	0	0	0	0	0	0	0	0	0	0	0	0	0	0	0	0	0	0	0	0	0.113	0.882
0	0	0	0	0	0	0.964	0	0	0	0	0	0	0	0	0	0	0	0	0	0	0	0	0	0	0	0	0	0	0	0.4	0	0.4	0.6	0.667	0.2	0	0.2	0.2	0	0.196	0.517
0	0	0	0	0	0	0	0	0	0	0	0	0	0	0	0	0	0	0	0	0	0	0	0	0	0	0	0	0	0	0	0.2	0.222	0	0	0	0	0	0	0	0.419	0.185
0	0	0	7.261	0	0	0	0	7.261	0	0	0	0	0	0	0	0	0	0.929	0	0	0	0	0.929	0	0	0	0	0	0	0	0.4	0	0.25	0	0	0.4	0	0	0	0.718	0.682
0.939	0.881	33.685	0	22.625	2.748	1.765	39.249	0	25.867	0	0	0	0	0	1	1	0.287	0	0.47	1	1	0.287	0	0.47	0	0	0	0	0	0	0	0.286	1	0	0	0	0.286	1	0	0.557	0.597
0	0	0	10.419	4.43	0	3.721	0.848	14.567	8.322	0	0	0	0	0	0	0.667	0	0.676	0.611	0	0.667	0	0.676	0.611	0	0	0	0	0	0	0.2	0	0.6	0	0	0.2	0	0.8	0.333	0.893	0.423
0	0	0	0	0	0	0	0	0	0	0	0	0	0	0	0	0	0	0	0	0	0	0	0	0	0	0	0	0	0	0.333	0	0	0.2	0	0	0	0	0.2	0	0.714	0.277
0	0	0	0	0	0	0	0	0	0	0	0	0	0	0	0	0	0	0	0	0	0	0	0	0	0	0	0	0	0	0	0.222	0.6	0	0	0	0	0.8	0	0	0.556	0.343
0	0	0	-1	0	0	0	0	-1	0	0	0	0	-1	0	0	0	0	-1	0	0	0	0	-1	0	0	0	0	-1	0	0	0	0	-1	0	0	0.2	0	-1	0	0.718	0.999
0	0	0	0	0	0	0	0	0	0	0	0	0	0	0	0	0	0	0	0	0	0	0	0	0	0	0	0	0	0	0.2	0	0	0	0	0	0	0	0	0	0	0.537
5.476	0	0	0	0	6.459	0.854	0	0	0	0	0	0	0	0	0.429	0	0	0	0	0.429	0	0	0	0	0	0	0	0	0	0.6	0	0	0	0.2	0	0	0	0	0	0	0.285
0	0	15.497	18.457	0.872	0	0	18.463	20.762	0.872	0	0	0	0	0	0	0	0.725	0.658	0	0	0	0.725	0.658	0	0	0	0	0	0	0.25	0	0	0	0	0	0	0	0	0	0	0.706
0	0	0	0	0	0	0	0	0	0	0	0	0	0	0	0	0	0	0	0	0	0	0	0	0	0	0	0	0	0	0	0	0	0	0	0	0	0	0.857	0	0.718	0.797
0	0	0	0	0	0	0	0	0	0	0	0	0	0	0	0	0	0	0	0	0	0	0	0	0	0	0	0	0	0	0	0.5	0.222	0	0	0	0	0	0.25	0	0.559	0.276
0	0	0	0	0	0	0	0	0	0	0	0	0	0	0	0	0	0	0	0	0	0	0	0	0	0	0	0	0	0	0	0	0	0.4	0	0	0	0	0.4	0	0.055	0.439
0	0	5.476	0	0	0.854	0	6.459	1.837	0	0	0	0	0	0	0	0	0.429	0	0	0	0	0.429	0	0	0	0	0	0	0	0	0	0.6	0	0	0	0	0	0	0	0.42	0.287
0	0.875	2.909	0	0	4.191	6.203	9.412	2.723	0	0	0	0	0	0	0.667	0.8	0.472	0.667	0	0.667	0.8	0.472	0.667	0	0	0	0	0	0	0	0.714	0.6	0	0	0	0.714	0.2	0	0	0.414	0.268
0	0	0.978	0	0	3.014	0.918	2.805	0	0	0	0	0	0	0	0.333	0	0.667	0	0	0.333	0	0.667	0	0	0	0	0	0	0	0	0.2	0	0.714	0	0	0.2	0.8	1	0.4	0.415	0.206
12.19	0	27.137	0	0	15.737	0	30.215	0	0	0	0	0	0	0	0.79	0	0.429	0	0	0.79	0	0.429	0	0	0	0	0	0	0	0	0.2	1	0	0.8	0	0.2	0	0.4	0.2	0.298	0.347
0.875	0	0	6.473	2.909	6.203	2.723	4.191	12.091	9.412	0	0	0	0	0	0.8	0.667	0.667	0.576	0.472	0.8	0.667	0.667	0.576	0.472	0	0	0	0	0	0.714	0	0	0	0.6	0.714	0	0	0	0.2	0.299	0.594
0	0	2.812	0	0	0	0	2.812	0	0	0	0	0	0	0	0	0	1	0	0	0	0	1	0	0	0	0	0	0	0	0.8	0	0	0.6	0	0.4	0	0.2	0.2	0.333	0	0.522
0	0	0	0	7.068	0	0	0.964	0	7.068	0	0	0	0	0	0	0	0	0	0.905	0	0	0	0	0.905	0	0	0	0	0	0.667	0.4	0	0.4	0.222	0	0.2	0	0.2	0.111	0.198	0.238
0	0	0	10.471	0	0	0.987	0	13.479	0	0	0	0	0	0	0	0	0	0.538	0	0	0	0	0.538	0	0	0	0	0	0	0	0.2	0	0.2	0	0.857	0.4	0	0	0	0.418	0.476
0	0	0	0	0	0	0	0	0	0	0	0	0	0	0	0	0	0	0	0	0	0	0	0	0	0	0	0	0	0	0	0	0	0	0	0	0	0	0	0	0.896	0.857
0	0	0	0	0	0	0	0	0	0	0	0	0	0	0	0	0	0	0	0	0	0	0	0	0	0	0	0	0	0	0.429	0.857	0.6	0	0	0.571	0.714	0.4	0	0	0.196	0.810
0	0	1.782	0	0	0	0	1.782	0	0	0	0	0	0	0	0	0	1	0	0	0	0	1	0	0	0	0	0	0	0	0	0	0	0	0	0	0.143	0	0	0	0	0.464
0	0	0	0	0	0	0	0	0	0	0	0	0	0	0	0	0	0	0	0	0	0	0	0	0	0	0	0	0	0	0	0	0	0	0	0	0	0	0	0	0.896	0.820
0	0	0	0	0	0	0	0	0	0	0	0	0	0	0	0	0	0	0	0	0	0	0	0	0	0	0	0	0	0	0.6	0	0	0.667	0.8	0.2	0	0	1	0.4	0	0.512
4.218	0	0	0	0	6.053	0	0	0	0.918	0	0	0	0	0	0.133	0	0	0	0	0.133	0	0	0	0	0	0	0	0	0	0	0	0.714	0.2	0.2	0	0	1	0.4	0.2	0.554	0.169
0	0	0	0	0	0	0	0	0	0	0	0	0	0	0	0	0	0	0	0	0	0	0	0	0	0	0	0	0	0	0.857	0	0.429	0	0.6	0.714	0	0.571	0	0.4	0.418	0.819
0.914	3.788	0	0	0	0.914	4.67	0.852	0	0	0	0	0	0	0	0	0.8	0	0	0	0	0.8	0	0	0	0	0	0	0	0	0	0.25	0.714	0.8	1	0	0	0.714	0.2	1	0.419	0.217
0	2.909	10.471	0	0	0	9.412	13.479	4.191	0.987	0	0	0	0	0	0	0.472	0.538	0.667	0	0	0.472	0.538	0.667	0	0	0	0	0	0	0	0.6	0.2	0	0.2	0	0.2	0	0	0.4	0	0.562
15.497	0	0.872	0	0	18.463	0	0.872	0	0	0	0	0	0	0	0.725	0	0	0	0	0.725	0	0	0	0	0	0	0	0	0	0	0.25	0	0	0	0	0	0	0	0	0	0.312
3.788	0	0.914	27.137	0	4.67	0	0.914	30.215	0.852	0	0	0	0	0	0.8	0	0	0.429	0	0.8	0	0	0.429	0	0	0	0	0	0	0.25	0.8	0	1	0.714	0	0.2	0	0	0.714	0	0.589
7.439	1.792	0	0	0	7.439	1.792	0	0	0	0	0	0	0	0	0.857	1	0	0	0	0.857	1	0	0	0	0	0	0	0	0	0	0	0	0	0.5	0	0	0.25	0	0	0.897	0.210
0	0	0	0	4.218	0	0	0	0	6.053	0	0	0	0	0	0	0	0	0	0.133	0	0	0	0	0.133	0	0	0	0	0	0.2	1	0	0	0	0.4	0.778	0	0	0	0	0.561
2.909	0	0	0.875	10.471	9.412	4.191	0	6.203	13.479	0	0	0	0	0	0.472	0.667	0	0.8	0.538	0.472	0.667	0	0.8	0.538	0	0	0	0	0	0.6	0	0	0.714	0.2	0.2	0	0	0.714	0	0.117	0.282
0	0	0	0	0	0	0	0	0	0	0	0	0	0	0	0	0	0	0	0	0	0	0	0	0	0	0	0	0	0	0	0	0	0	0	0	0	1	0	1	0.292	0.862
4.43	0	12.685	0	3.636	8.322	0.848	18.387	0	10.699	0	0	0	0	0	0.611	0	0.491	0	0.309	0.611	0	0.491	0	0.309	0	0	0	0	0	0	0	0	0	0	0.333	0	0.25	0	0.2	0.414	0.241
7.261	0	0	0.873	0	7.261	0	0	0.873	0	0	0	0	0	0	0.929	0	0	0	0	0.929	0	0	0	0	0	0	0	0	0	0.25	0	0.4	0	0	0	0	0.4	0	0	0.558	0.274
0	0	0	0	0	0.964	0	0	0	0	0	0	0	0	0	0	0	0	0	0	0	0	0	0	0	0	0	0	0	0	0	0.6	0.4	0	0.4	0	0.2	0.2	0	0.2	0.556	0.263
0	0	0	0	0	0	0	0	0	0	0	0	0	0	0	0	0	0	0	0	0	0	0	0	0	0	0	0	0	0	0	0	0	0	0	0	0	0	0	0	0.897	0.725
0	27.137	3.788	12.19	0.914	0	30.215	4.67	15.737	0.914	0	0	0	0	0	0	0.429	0.8	0.79	0	0	0.429	0.8	0.79	0	0	0	0	0	0	0.8	1	0.25	0	0	0.2	0	0	0	0	0	0.678
0	0	0.873	7.345	0	0	0	0.873	7.345	0	0	0	0	0	0	0	0	0	0.786	0	0	0	0	0.786	0	0	0	0	0	0	0.2	0.333	0	0	0	0.2	0	0	0	0	0.12	0.603
2.812	0	0	0	0	2.812	0	0	0	0	0	0	0	0	0	1	0	0	0	0	1	0	0	0	0	0	0	0	0	0	0	0.8	0	0	0.4	0.2	0.4	0.333	0	0.6	0	0.283
3.636	12.685	6.473	4.43	0	10.699	18.387	12.091	8.322	2.723	0	0	0	0	0	0.309	0.491	0.576	0.611	0.667	0.309	0.491	0.576	0.611	0.667	0	0	0	0	0	0	0	0	0	0	0.2	0.25	0	0.333	0	0.056	0.304
1.779	22.625	17.513	33.685	7.556	4.809	25.867	24.924	39.249	12.011	0	0	0	0	0	0.7	0.47	0.487	0.287	0.879	0.7	0.47	0.487	0.287	0.879	0	0	0	0	0	0.2	0	0	0.286	0.2	0	0	0	0.286	0.2	0	0.356
0	18.457	0	4.621	15.497	0	20.762	0	6.371	18.463	0	0	0	0	0	0	0.658	0	0.952	0.725	0	0.658	0	0.952	0.725	0	0	0	0	0	0	0	0.25	0	0	0	0	0	0	0	0.419	0.280
0	0.897	6.865	0	0	0	0.897	9.859	0	0	0	0	0	0	0	0	0	0.867	0	0	0	0	0.867	0	0	0	0	0	0	0	0.2	0	0.25	0	0	0.6	0	0.75	0.2	0	0	0.613
0	0	0	0	26.687	0	0	0	0	27.672	0	0	0	0	0	0	0	0	0	0.45	0	0	0	0	0.45	0	0	0	0	0	0	0.2	0	0	0.111	0	0	0	0	0	0	0.660
20.739	16.29	8.074	26.841	0	25.638	20.081	13.556	30.247	0	0	0	0	0	0	0.443	0.558	0.747	0.359	0	0.443	0.558	0.747	0.359	0	0	0	0	0	0	0.429	0.333	0.333	0	0	0.286	0.333	0	0	0.4	0.418	0.128
0	0	0	0	0.848	0	0	0	0	0.848	0	0	0	0	0	0	0	0	0	0	0	0	0	0	0	0	0	0	0	0	0.6	0.429	0	0.857	0.8	0.4	0.571	0	0.714	1	0.198	0.409
0	0	0	0	0	0	0	0	0	0	0	0	0	0	0	0	0	0	0	0	0	0	0	0	0	0	0	0	0	0	0.222	0	0	0.2	0.6	0	0	0	0	0.8	0.72	0.158
0	0	0	0	0	0	0	0	0	0	0	0	0	0	0	0	0	0	0	0	0	0	0	0	0	0	0	0	0	0	0	0	0	0	0	0	0	0	0.2	0	0.716	0.985
0	0	1.792	0	7.439	0	0	1.792	0	7.439	0	0	0	0	0	0	0	1	0	0.857	0	0	1	0	0.857	0	0	0	0	0	0	0.4	0	0	0	0	0.6	0	0.333	0	0.417	0.356
0	0	0	0	0	0	0	0	0	0	0	0	0	0	0	0	0	0	0	0	0	0	0	0	0	0	0	0	0	0	0	0	0.2	0	0	0	0	0.2	0	0	0.418	0.164
5.987	0	0	0	4.62	7.867	0	0	0	7.299	0	0	0	0	0	0.964	0	0	0	0.893	0.964	0	0	0	0.893	0	0	0	0	0	0.4	0	0	0	0	0	0	0	0	0	0.419	0.118
0	0	7.068	0	0	0.964	0	7.068	0	0	0	0	0	0	0	0	0	0.905	0	0	0	0	0.905	0	0	0	0	0	0	0	0	0.667	0.222	0.4	0	0	0	0.111	0.2	0	0.415	0.180
0	0	0	0	0	0	0	0	0	0	0	0	0	0	0	0	0	0	0	0	0	0	0	0	0	0	0	0	0	0	0.6	0	0	0.222	0	0.8	0	0	0	0	0.056	0.502
0	17.461	8.615	0	18.005	0	23.96	12.751	2.754	23.089	0	0	0	0	0	0	0.561	0.821	0.667	0.446	0	0.561	0.821	0.667	0.446	0	0	0	0	0	0	0.5	0	0.25	0	0	0	0	0	0	0	0.504
0	0	0	0	0	0	0	0	0	0	0	0	0	0	0	0	0	0	0	0	0	0	0	0	0	0	0	0	0	0	0	0	1	0	0.2	0	0	0.778	0.2	0.4	0.557	0.235
0.978	0	0	0	0	2.805	3.014	0	0.918	1.799	0	0	0	0	0	0.667	0.333	0	0	0	0.667	0.333	0	0	0	0	0	0	0	0	0	0	0	0.2	0.556	0.8	0	0.4	0.2	0.556	0	0.601
0	0	0	0	0	0	0	0	0.987	0	0	0	0	0	0	0	0	0	0	0	0	0	0	0	0	0	0	0	0	0	0	0	0	0.2	0	0	0.857	0	0.4	0	0.12	0.686
8.615	0	18.005	17.461	0	12.751	0	23.089	23.96	0	0	0	0	0	0	0.821	0	0.446	0.561	0	0.821	0	0.446	0.561	0	0	0	0	0	0	0	0	0	0.5	0.2	0	0	0	0	0.2	0.419	0.272
0	6.473	0.875	3.636	0	2.723	12.091	6.203	10.699	4.191	0	0	0	0	0	0.667	0.576	0.8	0.309	0.667	0.667	0.576	0.8	0.309	0.667	0	0	0	0	0	0	0	0.714	0	0	0	0	0.714	0.2	0	0	0.431
0	0	0	4.218	0.978	0.918	0	3.014	6.053	2.805	0	0	0	0	0	0	0	0.333	0.133	0.667	0	0	0.333	0.133	0.667	0	0	0	0	0	0.2	0.714	0	0	0	0.2	1	0	0	0.8	0	0.402
0	0	0	0	0	0	0	0	0.964	0.964	0	0	0	0	0	0	0	0	0	0	0	0	0	0	0	0	0	0	0	0	0.4	0.4	0.667	0	0	0.2	0.2	0	0	0	0	0.609
13.136	0	26.841	0	16.29	18.044	0	30.247	0	20.081	0	0	0	0	0	0.608	0	0.359	0	0.558	0.608	0	0.359	0	0.558	0	0	0	0	0	0	0.5	0	0	0.333	0	1	0	0	0.333	0.198	0.281
0	0	0	0	-1	0	0	0	0	-1	0	0	0	0	-1	0	0	0	0	-1	0	0	0	0	-1	0	0	0	0	-1	0	0	0	0	-1	0	0	0	1	-1	0.899	0.943
22.625	33.685	1.779	0.939	17.513	25.867	39.249	4.809	2.748	24.924	0	0	0	0	0	0.47	0.287	0.7	1	0.487	0.47	0.287	0.7	1	0.487	0	0	0	0	0	0	0.286	0.2	0	0	0	0.286	0	0	0	0	0.544
0	10.471	0	0	0	0.987	13.479	0	0	0	0	0	0	0	0	0	0.538	0	0	0	0	0.538	0	0	0	0	0	0	0	0	0.2	0.2	0	0	0	0.4	0	0.857	0	0	0.419	0.244
0	0	0	0	0	0	0	0	0	0	0	0	0	0	0	0	0	0	0	0	0	0	0	0	0	0	0	0	0	0	0	0	0	0	0	0	0	0	0	0	0.556	0.236
0	0	0	0.848	0	0	0	0	0.848	0	0	0	0	0	0	0	0	0	0	0	0	0	0	0	0	0	0	0	0	0	0.6	0.2	0.4	0.8	0	0	0.6	0	1	0	0	0.282
18.457	4.621	0	1.423	0	20.762	6.371	0	1.423	0	0	0	0	0	0	0.658	0.952	0	0	0	0.658	0.952	0	0	0	0	0	0	0	0	0	0	0	0.111	0.25	0	0	0	0	0	0.417	0.302
0	0	0	0	0	0	0	0	0	0	0	0	0	0	0	0	0	0	0	0	0	0	0	0	0	0	0	0	0	0	0	0	0.2	0	0	0	0	0	0	0	0.415	0.292
0	0	0	0	0	0	0	0	0	0	0	0	0	0	0	0	0	0	0	0	0	0	0	0	0	0	0	0	0	0	0	0	0	0	0	0	0	0	0	0	0.896	0.822
0	0	0	0	0	0	0	0	0	0	0	0	0	0	0	0	0	0	0	0	0	0	0	0	0	0	0	0	0	0	0	0.333	0	0	0	0	0	0	0	0	0.12	0.568
0	4.218	0	0	0	0	6.053	0.918	0	3.014	0	0	0	0	0	0	0.133	0	0	0.333	0	0.133	0	0	0.333	0	0	0	0	0	0.714	0	0.2	0	0	1	0	0.2	0	0	0.196	0.781
0	0	0	0	0	0	0	0	0	0	0	0	0	0	0	0	0	0	0	0	0	0	0	0	0	0	0	0	0	0	0	0	0	0	0	0	0	0	0	0	0.894	0.818
26.841	13.136	16.29	0	20.739	30.247	18.044	20.081	0	25.638	0	0	0	0	0	0.359	0.608	0.558	0	0.443	0.359	0.608	0.558	0	0.443	0	0	0	0	0	0	0	0.333	0.5	0.429	0	0	0.333	1	0.286	0.415	0.256
0	0	0	7.068	0	0	0	0	7.068	0	0	0	0	0	0	0	0	0	0.905	0	0	0	0	0.905	0	0	0	0	0	0	0	0	0.857	0.222	0.429	0	0	0.714	0.111	0.571	0.415	0.199
0.881	0	0.939	0	33.685	1.765	0	2.748	0.852	39.249	0	0	0	0	0	1	0	1	0	0.287	1	0	1	0	0.287	0	0	0	0	0	0	1	0	0.714	0.286	0	1	0	0.714	0.286	0	0.475
0	0	0	0	0	0	0	0	0	0	0	0	0	0	0	0	0	0	0	0	0	0	0	0	0	0	0	0	0	0	0	0	0	0.25	1	0	0.2	0	0	0.778	0.419	0.637
4.621	1.423	18.457	0	0	6.371	1.423	20.762	0	0	0	0	0	0	0	0.952	0	0.658	0	0	0.952	0	0.658	0	0	0	0	0	0	0	0	0.111	0	0	0	0	0	0	0	0	0	0.648
0	0	0	2.989	0	0	0	0	5.114	0	0	0	0	0	0	0	0	0	0.4	0	0	0	0	0.4	0	0	0	0	0	0	0	0.667	0.6	0.889	0	0	1	0.2	0.222	0	0	0.505
0	0	0	0	0	0	0	0	0	0	0	0	0	0	0	0	0	0	0	0	0	0	0	0	0	0	0	0	0	0	0.2	0	0	0	0.333	0.2	0	0	0	0	0	0.511
1.782	0	0	0	0	1.782	0	0	0	0	0	0	0	0	0	1	0	0	0	0	1	0	0	0	0	0	0	0	0	0	0	0	0	0	0	0	0	0	0.143	0	0	0.479
0	0	0	0	0	0	0	0	0	0	0	0	0	0	0	0	0	0	0	0	0	0	0	0	0	0	0	0	0	0	0.25	0.2	0	0	0	0	0	0.2	0	0	0.195	0.378
12.685	4.43	3.636	0	6.473	18.387	8.322	10.699	0.848	12.091	0	0	0	0	0	0.491	0.611	0.309	0	0.576	0.491	0.611	0.309	0	0.576	0	0	0	0	0	0	0	0	0	0	0.25	0.333	0.2	0	0	0	0.327
0	0	2.989	0.978	0	1.799	0	5.114	2.805	0	0	0	0	0	0	0	0	0.4	0.667	0	0	0	0.4	0.667	0	0	0	0	0	0	0.556	0	0.889	0	0.667	0.556	0.4	0.222	0.8	1	0.298	0.406
1.792	0	7.439	0	0	1.792	0	7.439	0	0	0	0	0	0	0	1	0	0.857	0	0	1	0	0.857	0	0	0	0	0	0	0	0	0	0	0.4	0	0	0	0	0.6	0.25	0.9	0.220
26.687	0	0	0	0	27.672	0	0	0	0	0	0	0	0	0	0.45	0	0	0	0	0.45	0	0	0	0	0	0	0	0	0	0.111	0	1	0	0	0	0	1	0	0.2	0.298	0.494
0	0	0	0	0.854	0	0	0	0	0.854	0	0	0	0	0	0	0	0	0	0	0	0	0	0	0	0	0	0	0	0	0	0.6	0	0	0	0	0.8	0	0	0	0.718	0.228
0	0	0	0	0	1.837	0	0	0	0.854	0	0	0	0	0	0	0	0	0	0	0	0	0	0	0	0	0	0	0	0	0	0	0	0	0	0	0	0	0	0	0.556	0.317
0	0	0	0	0	0	0	1.837	0	0	0	0	0	0	0	0	0	0	0	0	0	0	0	0	0	0	0	0	0	0	0	0	0	0	0	0	0	0	0	0	0.419	0.494
0	0	0	5.476	0	0	0	0	6.459	0	0	0	0	0	0	0	0	0	0.429	0	0	0	0	0.429	0	0	0	0	0	0	0.2	0	0.25	0.6	0	0	0	0	0	0.2	0.557	0.276
7.556	17.513	1.712	1.779	0	12.011	24.924	6.474	4.809	2.754	0	0	0	0	0	0.879	0.487	0.952	0.7	0.667	0.879	0.487	0.952	0.7	0.667	0	0	0	0	0	0.2	0	0	0.2	0.25	0.2	0	0	0	0	0	0.336
0	0.873	7.261	0	0	0	0.873	7.261	0	0	0	0	0	0	0	0	0	0.929	0	0	0	0	0.929	0	0	0	0	0	0	0	0	0	0.25	0.2	0.4	0	0	0	0.2	0.4	0	0.379
0	0	26.687	0	0	0	0	27.672	0	0	0	0	0	0	0	0	0	0.45	0	0	0	0	0.45	0	0	0	0	0	0	0	0	0	0.111	0.2	1	0	0	0	0	1	0.558	0.247
0	0	0.881	0.914	0.939	0	0.852	1.765	0.914	2.748	0	0	0	0	0	0	0	1	0	1	0	0	1	0	1	0	0	0	0	0	1	0.714	0	0	0	1	0.714	0	0	0	0.197	0.833
4.62	0	0	5.987	0	7.299	0	0	7.867	0	0	0	0	0	0	0.893	0	0	0.964	0	0.893	0	0	0.964	0	0	0	0	0	0	0	0	0	0.4	0.5	0	0	0	0	1	0.418	0.228
0	0	0	0	0	0	0	0	0	0	0	0	0	0	0	0	0	0	0	0	0	0	0	0	0	0	0	0	0	0	0	0	0	0	0	0	0	0	0	1	0.897	0.847
1.423	0	4.621	6.865	18.457	1.423	0	6.371	9.859	20.762	0	0	0	0	0	0	0	0.952	0.867	0.658	0	0	0.952	0.867	0.658	0	0	0	0	0	0.111	0	0	0.25	0	0	0	0	0.75	0	0.197	0.290
0	0	0	0	0	0	0	0	0	0	0	0	0	0	0	0	0	0	0	0	0	0	0	0	0	0	0	0	0	0	0	0	0	0.333	0.2	0	0	0	0	0	0.718	0.195
0	0	0	0	0	0	0	0	0	0	0	0	0	0	0	0	0	0	0	0	0	0	0	0	0	0	0	0	0	0	0	0	0	0	0	0	0	0	0	0	0.716	0.767
0	0	5.987	0.872	0	0	0	7.867	0.872	0	0	0	0	0	0	0	0	0.964	0	0	0	0	0.964	0	0	0	0	0	0	0	0	0	0.4	0	0	0	0	0	0	0	0	0.680
0	7.345	0	0	0.873	0	7.345	0	0	0.873	0	0	0	0	0	0	0.786	0	0	0	0	0.786	0	0	0	0	0	0	0	0	0.333	0	0.2	0	0	0	0	0.2	0	0	0	0.267
0	0	0	0	0	0	0	0.964	0	0	0	0	0	0	0	0	0	0	0	0	0	0	0	0	0	0	0	0	0	0	0.6	0	0	0.222	0.4	0.2	0	0	0	0.2	0	0.539
0	0	0	0	0	0	0	0	0	0	0	0	0	0	0	0	0	0	0	0	0	0	0	0	0	0	0	0	0	0	0	0	0	0	0	0	1	0	1	0	0.893	0.910
8.074	20.739	0	16.29	0	13.556	25.638	0	20.081	0	0	0	0	0	0	0.747	0.443	0	0.558	0	0.747	0.443	0	0.558	0	0	0	0	0	0	0.333	0.429	0	0.333	0.2	0	0.286	0.4	0.333	0.2	0.298	0.307
