7.696	0	15.637	0.955	16.44	11.669	0	16.546	1.889	16.44	0	0	0	0	0	0.485	0	0.625	0	0.6	0.485	0	0.625	0	0.6	0	0	0	0	0	0.2	1	0.667	0	0	0.2	1	0.444	1	1	0.016	0.234
0.902	0	3.812	0	0	1.783	0	3.812	0	0	0	0	0	0	0	0	0	1	0	0	0	0	1	0	0	0	0	0	0	0	0	0	0.2	0	0	0	0.4	0	0	0	0.419	0.269
0	0	0	0	3.66	0	0	2.23	0	4.535	0	0	0	0	0	0	0	1	0	0.9	0	0	1	0	0.9	0	0	0	0	0	0.6	0.4	0	0	0.2	0.2	0.8	0	0	0	0	0.729
0	4.041	0	0	0	0	4.041	0	0	0	0	0	0	0	0	0	0.833	0	0	0	0	0.833	0	0	0	0	0	0	0	0	0	0.6	0	0.2	0.125	0	1	0	0.2	0	0	0.399
0	0	0	0	2.772	0.982	1.097	2.029	0	6.521	0	0	0	0	0	0	0	0	0	0.619	0	0	0	0	0.619	0	0	0	0	0	0	0	0	0	0	0	0	0	0	0	0.716	0.285
0	0.955	23.219	0	0	0	0.955	25.347	0	0	0	0	0	0	0	0	0	0.45	0	0	0	0	0.45	0	0	0	0	0	0	0	0.333	0.8	0	0.2	0	1	1	0.2	0.6	0.2	0	0.902
0	0	1.96	0	3.532	0	0	5.102	0	5.932	0	0	0	0	0	0	0	0.5	0	0.2	0	0	0.5	0	0.2	0	0	0	0	0	0	0	0.143	0	0	0	0.25	0.857	0	0	0	0.334
0	3.66	0.955	0	0	0	4.535	1.889	2.23	0	0	0	0	0	0	0	0.9	0	1	0	0	0.9	0	1	0	0	0	0	0	0	0.25	0.2	0	0	1	0.75	0	1	0	1	0.296	0.700
0	0	0.902	0	3.812	0	0	1.783	0	3.812	0	0	0	0	0	0	0	0	0	1	0	0	0	0	1	0	0	0	0	0	0	0	0	0	0.2	0.4	0	0	0	0	0.014	0.778
0	0	0	0	0	0	0	0	0	0	0	0	0	0	0	0	0	0	0	0	0	0	0	0	0	0	0	0	0	0	0.2	0.6	0	0.4	0	1	1	0	0	0	0	0.816
6.739	0	0	0	10.532	10.119	0	0	0	12.511	0	0	0	0	0	0.756	0	0	0	0.59	0.756	0	0	0	0.59	0	0	0	0	0	0.778	0.25	0	0.2	0	0	0	0	0.2	0	0.419	0.488
11.389	9.944	0	0	0	16.288	11.76	0	0.883	0	0	0	0	0	0	0.544	0.758	0	0	0	0.544	0.758	0	0	0	0	0	0	0	0	0	0	0	0	0	0	0	0	0	0	0	0.304
2.715	0.91	8.264	31.108	12.108	6.435	0.91	11.453	37.718	15.902	0	0	0	0	0	0.933	0	0.745	0.254	0.657	0.933	0	0.745	0.254	0.657	0	0	0	0	0	0.333	1	0	1	0.667	0	1	0	1	0	0.714	0.633
0.924	0	23.12	0	4.528	0.924	0	25.237	0	4.528	0	0	0	0	0	0	0	0.393	0	0.5	0	0	0.393	0	0.5	0	0	0	0	0	0	0.25	0	0	0	0	0	0	0	0	0	0.360
0	0	0	0	0	0	0	0	0	0	0	0	0	0	0	0	0	0	0	0	0	0	0	0	0	0	0	0	0	0	0	0	0	0	0	0	0	0	0.2	0	0.556	0.777
10.532	0	0	6.739	7.783	12.511	0	0	10.119	11.091	0	0	0	0	0	0.59	0	0	0.756	0.691	0.59	0	0	0.756	0.691	0	0	0	0	0	0	0	0.6	0.778	0.444	0	0	0	0	0	0.299	0.479
1.785	6.587	0	0	0	1.785	7.464	0	0	0	0	0	0	0	0	0	0.357	0	0	0	0	0.357	0	0	0	0	0	0	0	0	0	0	0	0	0	0	0	0	0	0	0.298	0.215
0	0	0	0	0	0	2.322	0	1.111	0	0	0	0	0	0	0	0	0	0	0	0	0	0	0	0	0	0	0	0	0	0	0	0	0	0	0	0	0.714	0	0.125	0	0.430
0	0	0	0	0	0	0	0	0	0	0	0	0	0	0	0	0	0	0	0	0	0	0	0	0	0	0	0	0	0	0	0.125	0	0	0	0	0	0	0	0	0.415	0.380
0	0.902	6.587	0	1.785	0	2.721	7.464	0	1.785	0	0	0	0	0	0	0.333	0.357	0	0	0	0.333	0.357	0	0	0	0	0	0	0	0	0	0	0	0	0	0	0	0	0	0.556	0.339
0	0	0	0	0	0	0	0	0	0	0	0	0	0	0	0	0	0	0	0	0	0	0	0	0	0	0	0	0	0	0	0	0	0	0	0	0	0	0	0	0.12	0.555
7.505	16.44	0	15.637	0	9.363	16.44	0	16.546	0	0	0	0	0	0	0.756	0.6	0	0.625	0	0.756	0.6	0	0.625	0	0	0	0	0	0	0.2	0	1	0.667	0.4	0.2	1	1	0.444	0	0	0.468
2.665	6.816	4.556	0	0	3.528	10.978	7.384	0	0.883	0	0	0	0	0	1	0.782	0.929	0	0	1	0.782	0.929	0	0	0	0	0	0	0	0	0	0	0	0	0	0	0	0	0	0.298	0.187
0	0.866	0	6.496	0	1.111	2.892	2.322	10.798	0	0	0	0	0	0	0	0	0	0.291	0	0	0	0	0.291	0	0	0	0	0	0	0	0	0	0	0	0	0	0	0	0	0	0.354
0	0	2.772	0	0	2.029	0.982	6.521	1.097	0	0	0	0	0	0	0	0	0.619	0	0	0	0	0.619	0	0	0	0	0	0	0	0	0	0	0	0	0	0	0	0	0	0.898	0.233
1.96	0	3.532	0	3.637	5.102	0	5.932	0	7.08	0	0	0	0	0	0.5	0	0.2	0	0.381	0.5	0	0.2	0	0.381	0	0	0	0	0	0.143	0	0	0	0	0.857	0	0	0.25	0	0.299	0.272
0	0	0	1.785	0	0	0	0	1.785	0	0	0	0	0	0	0	0	0	0	0	0	0	0	0	0	0	0	0	0	0	0	0	0	0	0	0	0	0	0	0	0.296	0.250
0	0	6.739	0	0	0	0	10.119	0	0	0	0	0	0	0	0	0	0.756	0	0	0	0	0.756	0	0	0	0	0	0	0	0.25	0.2	0.778	0	0	0	0.2	0	0	0	0.296	0.565
0	0	0	0	0	0	0	0	0	0	0	0	0	0	0	0	0	0	0	0	0	0	0	0	0	0	0	0	0	0	0	0	0	0	0	0.125	0.714	0	0	0	0.2	0.291
6.496	0	0.866	0	0	10.798	0.921	2.892	0	1.111	0	0	0	0	0	0.291	0	0	0	0	0.291	0	0	0	0	0	0	0	0	0	0	0.2	0	0	0	0	0.8	0	0	0	0.294	0.407
0	0	0	0	18.036	0	0	0	0	23.012	0	0	0	0	0	0	0	0	0	0.49	0	0	0	0	0.49	0	0	0	0	0	0	0	0	0	0	0	0	0	0	0	0.014	0.332
0.955	0	0	0	23.219	0.955	0	0	0	25.347	0	0	0	0	0	0	0	0	0	0.45	0	0	0	0	0.45	0	0	0	0	0	0.8	0.2	0.333	0.4	0	1	0.6	1	0.8	0.2	0	0.740
1.802	0	0	2.772	14.238	5.601	0	0	6.521	17.333	0	0	0	0	0	0.6	0	0	0.619	0.418	0.6	0	0	0.619	0.418	0	0	0	0	0	0	0	0.5	0	0	0	0	0.125	0	0	0.419	0.182
0	2.772	1.802	0	0	0	6.521	5.601	2.029	0	0	0	0	0	0	0	0.619	0.6	0	0	0	0.619	0.6	0	0	0	0	0	0	0	0	0	0	0	0.5	0	0	0	0	0.125	0.56	0.423
0	0	0	0	0	0	0	0	0	0	0	0	0	0	0	0	0	0	0	0	0	0	0	0	0	0	0	0	0	0	0	0	0	0	0	0	0	0	0	0	0.557	0.545
23.12	0.924	4.528	0	0	25.237	0.924	4.528	0	0	0	0	0	0	0	0.393	0	0.5	0	0	0.393	0	0.5	0	0	0	0	0	0	0	0	0	0	0.25	0	0	0	0	0	0	0.419	0.328
14.191	0.902	0	0	0	15.222	0.902	0	0	0	0	0	0	0	0	0.629	0	0	0	0	0.629	0	0	0	0	0	0	0	0	0	0.75	0	0.4	0	0.2	0.25	0	0.8	0	0.6	0	0.460
8.264	2.715	12.108	0.91	0	11.453	6.435	15.902	0.91	0	0	0	0	0	0	0.745	0.933	0.657	0	0	0.745	0.933	0.657	0	0	0	0	0	0	0	0	0.333	0.667	1	0.2	0	0	0	1	0.4	0.299	0.200
0	0	0.955	14.191	0	0	0	0.955	15.222	0	0	0	0	0	0	0	0	0	0.629	0	0	0	0	0.629	0	0	0	0	0	0	0.2	0.4	0.8	0.75	0.333	0.6	0.8	1	0.25	1	0	0.744
0	0	0	0	0	0	0	0	0	0	0	0	0	0	0	0	0	0	0	0	0	0	0	0	0	0	0	0	0	0	0	0	0	0	0	0	0	0	0	0	0.117	0.740
4.556	2.665	0	6.816	9.944	7.384	3.528	0.883	10.978	11.76	0	0	0	0	0	0.929	1	0	0.782	0.758	0.929	1	0	0.782	0.758	0	0	0	0	0	0	0	0	0	0	0	0	0	0	0	0	0.101
0	0	14.219	0	0	0	0	14.219	0	0	0	0	0	0	0	0	0	0.648	0	0	0	0	0.648	0	0	0	0	0	0	0	0.143	0	0.4	0.5	0	0	0	0.8	1	0	0.716	0.465
0	0	0	0	0	0	0	0	0	0	0	0	0	0	0	0	0	0	0	0	0	0	0	0	0	0	0	0	0	0	0.6	0.4	0.2	0.2	0	1	0	1	0.4	0	0.298	0.565
0	0	0	4.041	0	0	0	0	4.041	0	0	0	0	0	0	0	0	0	0.833	0	0	0	0	0.833	0	0	0	0	0	0	0	0	0.125	0.6	0	0	0	0	1	0	0.415	0.259
0	0	0.902	0	14.191	0	0	0.902	0	15.222	0	0	0	0	0	0	0	0	0	0.629	0	0	0	0	0.629	0	0	0	0	0	0	0.2	0	0	0.75	0	0.6	0	0	0.25	0.417	0.600
0	0	3.66	0	0	2.23	0	4.535	0	0	0	0	0	0	0	1	0	0.9	0	0	1	0	0.9	0	0	0	0	0	0	0	0	0.6	0.2	0.4	0.25	0	0.2	0	0.8	0.75	0.558	0.235
0	0	0	0	1.96	0	0	0	0	5.102	0	0	0	0	0	0	0	0	0	0.5	0	0	0	0	0.5	0	0	0	0	0	0	0	0	0	0.143	0.25	0	0	0	0.857	0.197	0.253
0	0	0	0	0	0	0	0	0	0	0	0	0	0	0	0	0	0	0	0	0	0	0	0	0	0	0	0	0	0	0	0	0	0	0	0	0	0.25	0	0	0	0.169
0	0	0	0	0	0	0	0	0	0	0	0	0	0	0	0	0	0	0	0	0	0	0	0	0	0	0	0	0	0	0	0	0	0	0	0	0.125	0	0.714	0.4	0	0.509
0	0	0	0	0	0	0	0	0	0	0	0	0	0	0	0	0	0	0	0	0	0	0	0	0	0	0	0	0	0	0.125	0	0	0	0	0	0	0	0	0	0.2	0.266
0	4.528	0	23.12	6.816	0	4.528	0	25.237	10.978	0	0	0	0	0	0	0.5	0	0.393	0.782	0	0.5	0	0.393	0.782	0	0	0	0	0	0	0	0	0	0	0	0	0	0	0	0	0.472
0	0	0	0.866	0	2.322	1.111	0	2.892	0	0	0	0	0	0	0	0	0	0	0	0	0	0	0	0	0	0	0	0	0	0	0	0	0	0	0	0	0	0	0.714	0	0.342
0	4.556	9.944	2.665	11.389	0.883	7.384	11.76	3.528	16.288	0	0	0	0	0	0	0.929	0.758	1	0.544	0	0.929	0.758	1	0.544	0	0	0	0	0	0	0	0	0	0	0	0	0	0	0	0.059	0.199
0	0	0	0	0	0	0	0	0	0	0	0	0	0	0	0	0	0	0	0	0	0	0	0	0	0	0	0	0	0	0	0	0	0	0	0	0	0	0	0	0.292	0.465
0	3.812	6.494	0.902	2.13	0	3.812	7.375	1.783	2.13	0	0	0	0	0	0	1	0.536	0	1	0	1	0.536	0	1	0	0	0	0	0	0	0.2	0	0	0	0	0	0	0	0.4	0	0.819
0.865	18.036	10.73	0	31.108	2.72	23.012	13.932	0	37.718	0	0	0	0	0	1	0.49	0.67	0	0.254	1	0.49	0.67	0	0.254	0	0	0	0	0	0	0	0.2	0	1	0	0	0.4	0	1	0	0.304
0.91	31.108	2.715	10.73	8.264	0.91	37.718	6.435	13.932	11.453	0	0	0	0	0	0	0.254	0.933	0.67	0.745	0	0.254	0.933	0.67	0.745	0	0	0	0	0	1	1	0.333	0.2	0	1	1	0	0.4	0	0.198	0.593
2.772	0	0	0	1.802	6.521	2.029	0	0.982	5.601	0	0	0	0	0	0.619	0	0	0	0.6	0.619	0	0	0	0.6	0	0	0	0	0	0	0	0	0	0	0	0	0	0	0	0.12	0.353
0	23.219	0	0	6.739	0	25.347	0	0	8.759	0	0	0	0	0	0	0.45	0	0	0.833	0	0.45	0	0	0.833	0	0	0	0	0	0	0	0.25	0.333	0	0.2	0.2	0	1	0	0	0.611
1.781	0	0	0	0	2.723	0	0	0	0	0	0	0	0	0	0	0	0	0	0	0	0	0	0	0	0	0	0	0	0	0	0	0	0	0	0	0	0	0	0	0.195	0.169
0	1.781	0	0	0.902	0	2.723	0	0	2.721	0	0	0	0	0	0	0	0	0	0.333	0	0	0	0	0.333	0	0	0	0	0	0	0	0	0	0	0	0	0	0	0	0.893	0.221
0	14.219	0	0	0	0	14.219	0	0	0	0	0	0	0	0	0	0.648	0	0	0	0	0.648	0	0	0	0	0	0	0	0	0	0.4	0.2	0.143	0	0	0.8	0	0	0	0	0.803
14.219	0	0	0	0	14.219	0	0	0	0	0	0	0	0	0	0.648	0	0	0	0	0.648	0	0	0	0	0	0	0	0	0	0.4	0.143	0	0	0.2	0.8	0	0	0	0	0.298	0.378
0	0	0	0	0	0	0	0	0	0	0	0	0	0	0	0	0	0	0	0	0	0	0	0	0	0	0	0	0	0	0	0	0	0	0	0	0	0	0	0	0.557	0.643
0	0	0	0	0	0	0	0	0	0	0	0	0	0	0	0	0	0	0	0	0	0	0	0	0	0	0	0	0	0	0	0	0	0	0	0	0	0	0	0	0.417	0.577
4.041	0	0	2.13	0	4.041	0	0	2.13	0	0	0	0	0	0	0.833	0	0	1	0	0.833	0	0	1	0	0	0	0	0	0	0.6	0.2	0	0	0	1	0.2	0	0.4	0	0.298	0.424
15.637	7.696	16.44	0	7.505	16.546	11.669	16.44	0	9.363	0	0	0	0	0	0.625	0.485	0.6	0	0.756	0.625	0.485	0.6	0	0.756	0	0	0	0	0	0.667	0.2	0	1	0.2	0.444	0.2	1	1	0.2	0	0.531
23.219	0	0	0.955	0	25.347	0	0	0.955	0	0	0	0	0	0	0.45	0	0	0	0	0.45	0	0	0	0	0	0	0	0	0	0	0.333	0	0.8	0.25	0.2	1	0.2	1	0	0	0.319
0	0	0	0	0	0	0	0	0	0	0	0	0	0	0	0	0	0	0	0	0	0	0	0	0	0	0	0	0	0	0	0	0	0	0	0	0	0	0	0	0.557	0.511
0	0	0	0	0	0	0	0	0	0	0	0	0	0	0	0	0	0	0	0	0	0	0	0	0	0	0	0	0	0	0	0	0	0	0	0	0	0	0	0	0	0.601
0.902	0	14.191	0	0	0.902	0	15.222	0	0	0	0	0	0	0	0	0	0.629	0	0	0	0	0.629	0	0	0	0	0	0	0	0	0	0.75	0.2	0.4	0	0	0.25	0.6	0.8	0	0.332
3.812	0.902	0	0	6.494	3.812	1.783	0	0	7.375	0	0	0	0	0	1	0	0	0	0.536	1	0	0	0	0.536	0	0	0	0	0	0.2	0	0	0	0	0	0	0	0.4	0	0	0.336
0	0	0	3.637	0	3.215	3.233	0	7.08	0.921	0	0	0	0	0	0.333	0.667	0	0.381	0	0.333	0.667	0	0.381	0	0	0	0	0	0	0	0	0	0	0.2	0	0	0	0	0.8	0.9	0.253
31.108	10.73	0.91	0.865	2.715	37.718	13.932	0.91	2.72	6.435	0	0	0	0	0	0.254	0.67	0	1	0.933	0.254	0.67	0	1	0.933	0	0	0	0	0	1	0.2	1	0	0.333	1	0.4	1	0	0	0	0.507
0	0	0	0	0	0	0	0	0	0	0	0	0	0	0	0	0	0	0	0	0	0	0	0	0	0	0	0	0	0	0	0	0	0	0	0	0	0	0	0	0.415	0.649
0	0	-1	0	-1	0	0	-1	0	-1	0	0	-1	0	-1	0	0	-1	0	-1	0	0	-1	0	-1	0	0	-1	0	-1	0	0	-1	0	-1	0	0	-1	0	-1	0.896	0.999
0	1.802	14.238	0	21.858	0	5.601	17.333	0	24.913	0	0	0	0	0	0	0.6	0.418	0	0.333	0	0.6	0.418	0	0.333	0	0	0	0	0	0.5	0	0	0	0.5	0.125	0	0	0	0	0.715	0.417
0	0	0	0	0	0	0	0	0	0	0	0	0	0	0	0	0	0	0	0	0	0	0	0	0	0	0	0	0	0	0	0	0	0.125	0	0	0	0	0	0	0	0.525
0	11.389	0	9.944	0	0	16.288	0	11.76	0	0	0	0	0	0	0	0.544	0	0.758	0	0	0.544	0	0.758	0	0	0	0	0	0	0	0	0	0	0	0	0	0	0	0	0.556	0.208
0	0	0	0	0	0	0	0	0	0	0	0	0	0	0	0	0	0	0	0	0	0	0	0	0	0	0	0	0	0	0	0	0	0	0	0	0	0.4	0.125	0	0.197	0.387
12.108	8.264	0	2.715	0	15.902	11.453	0	6.435	0	0	0	0	0	0	0.657	0.745	0	0.933	0	0.657	0.745	0	0.933	0	0	0	0	0	0	0.667	0	0.2	0.333	0.4	0	0	0.4	0	0	0.554	0.406
0	2.13	4.041	6.494	0	0	2.13	4.041	7.375	0	0	0	0	0	0	0	1	0.833	0.536	0	0	1	0.833	0.536	0	0	0	0	0	0	0.2	0	0.6	0	0	0.2	0.4	1	0	0	0	0.601
0.902	0	0	0	6.587	2.721	0	0	0	7.464	0	0	0	0	0	0.333	0	0	0	0.357	0.333	0	0	0	0.357	0	0	0	0	0	0	0	0	0	0	0	0	0	0	0	0.893	0.252
9.944	0	11.389	4.556	0	11.76	0.883	16.288	7.384	0	0	0	0	0	0	0.758	0	0.544	0.929	0	0.758	0	0.544	0.929	0	0	0	0	0	0	0	0	0	0	0	0	0	0	0	0	0.415	0.202
0	7.783	0	0	0	0	11.091	0	0	0	0	0	0	0	0	0	0.691	0	0	0	0	0.691	0	0	0	0	0	0	0	0	0	0.444	0.4	0.6	0.6	0	0	0.8	0	0.2	0.415	0.213
0	0	18.036	0	0.865	0	0	23.012	0	2.72	0	0	0	0	0	0	0	0.49	0	1	0	0	0.49	0	1	0	0	0	0	0	0	0	0	0	0	0	0	0	0	0	0.298	0.355
0	12.108	0	8.264	0	0	15.902	0	11.453	0	0	0	0	0	0	0	0.657	0	0.745	0	0	0.657	0	0.745	0	0	0	0	0	0	0.2	0.667	0.4	0	0.6	0.4	0	0	0	1	0.42	0.300
0	0	0	0	14.219	0	0	0	0	14.219	0	0	0	0	0	0	0	0	0	0.648	0	0	0	0	0.648	0	0	0	0	0	0	0.5	0.143	0.4	0.4	0	1	0	0	0.8	0.294	0.329
0	3.637	0	3.532	0	3.233	7.08	3.215	5.932	0	0	0	0	0	0	0.667	0.381	0.333	0.2	0	0.667	0.381	0.333	0.2	0	0	0	0	0	0	0	0	0	0	0	0	0	0	0	0	0.893	0.328
6.739	0	0	0	0	8.759	0	0	0	0	0	0	0	0	0	0.833	0	0	0	0	0.833	0	0	0	0	0	0	0	0	0	0	0.25	0	0	0.25	0	0	0	0.2	0	0	0.450
0	14.191	0	0.902	0.955	0	15.222	0	0.902	0.955	0	0	0	0	0	0	0.629	0	0	0	0	0.629	0	0	0	0	0	0	0	0	0.4	0.75	0.2	0	0.8	0.8	0.25	0.6	0	1	0	0.703
2.13	6.494	0	0	4.041	2.13	7.375	0	0	4.041	0	0	0	0	0	1	0.536	0	0	0.833	1	0.536	0	0	0.833	0	0	0	0	0	0	0	0.2	0	0.6	0.4	0	0.2	0	1	0.298	0.427
6.816	0	2.665	0	4.556	10.978	0	3.528	0	7.384	0	0	0	0	0	0.782	0	1	0	0.929	0.782	0	1	0	0.929	0	0	0	0	0	0	0	0	0	0	0	0	0	0	0	0.717	0.191
0	0	0	0	0.902	0	0	0	0	1.783	0	0	0	0	0	0	0	0	0	0	0	0	0	0	0	0	0	0	0	0	0	0	0	0	0	0	0	0.4	0	0	0.713	0.901
0	0	0	0	0	0	0	0	0	0	0	0	0	0	0	0	0	0	0	0	0	0	0	0	0	0	0	0	0	0	0	0	0	0	0	0	0	0	0	0	0	0.191
0	0	0	0	0	0	0	0	0	0	0	0	0	0	0	0	0	0	0	0	0	0	0	0	0	0	0	0	0	0	0	0	0	0	0	0.4	0	0	0	0	0.556	0.544
21.858	14.238	2.048	0	0	24.913	17.333	3.188	0	0	0	0	0	0	0	0.333	0.418	0.333	0	0	0.333	0.418	0.333	0	0	0	0	0	0	0	0.5	0	0	0.5	0	0	0	0	0.125	0	0.018	0.279
0	0.955	7.696	0	15.637	0	1.889	11.669	0	16.546	0	0	0	0	0	0	0	0.485	0	0.625	0	0	0.485	0	0.625	0	0	0	0	0	1	0	0.2	0.25	0.667	1	1	0.2	0.75	0.444	0.417	0.867
0	0	0	7.783	0	0	0	0	11.091	2.23	0	0	0	0	0	0	0	0	0.691	1	0	0	0	0.691	1	0	0	0	0	0	0.4	0	0.6	0.444	0	0.8	0	0.2	0	0	0	0.873
0	0	0	0	1.781	0	0	0	0	2.723	0	0	0	0	0	0	0	0	0	0	0	0	0	0	0	0	0	0	0	0	0	0	0	0	0	0	0	0	0	0	0.418	0.221
0	0	0	0	0	0	0	0	0	1.097	0	0	0	0	0	0	0	0	0	0	0	0	0	0	0	0	0	0	0	0	0	0	0	0	0	0	0	0	0	0	0.415	0.364
0	0	0	0	0	0	0	0	0	0	0	0	0	0	0	0	0	0	0	0	0	0	0	0	0	0	0	0	0	0	0.5	0.4	0	1	0.143	1	0	0	1	0	0	0.829
0	0	0	0	0	0	0	1.097	0	0.982	0	0	0	0	0	0	0	0	0	0	0	0	0	0	0	0	0	0	0	0	0	0	0	0	0	0	0	0	0	0	0.198	0.446
10.73	0.865	31.108	18.036	0.91	13.932	2.72	37.718	23.012	0.91	0	0	0	0	0	0.67	1	0.254	0.49	0	0.67	1	0.254	0.49	0	0	0	0	0	0	0.2	0	1	0	1	0.4	0	1	0	1	0	0.339
4.528	23.12	0	0.924	0	4.528	25.237	0	0.924	0	0	0	0	0	0	0.5	0.393	0	0	0	0.5	0.393	0	0	0	0	0	0	0	0	0	0	0	0	0	0	0	0	0	0	0.298	0.275
0	0	0	12.108	0	0	0	0	15.902	0	0	0	0	0	0	0	0	0	0.657	0	0	0	0	0.657	0	0	0	0	0	0	0.4	0.2	0.6	0.667	0.2	0	0.4	1	0	1	0	0.502
0.955	0	0	3.66	7.696	1.889	0	0	4.535	11.669	0	0	0	0	0	0	0	0	0.9	0.485	0	0	0	0.9	0.485	0	0	0	0	0	0	0.25	1	0.2	0.2	1	0.75	1	0	0.2	0.417	0.473
0	0	6.496	0	0.866	0.921	0	10.798	3.215	2.892	0	0	0	0	0	0	0	0.291	0.333	0	0	0	0.291	0.333	0	0	0	0	0	0	0.2	0	0	0	0	0.8	0	0	0	0	0.42	0.381
0	0	0	0	0	0	0	0	0	0	0	0	0	0	0	0	0	0	0	0	0	0	0	0	0	0	0	0	0	0	0	0.2	0.333	0	0	0	0	0	0	0	0.896	0.226
3.532	1.96	3.637	0	0	5.932	5.102	7.08	0	3.233	0	0	0	0	0	0.2	0.5	0.381	0	0.667	0.2	0.5	0.381	0	0.667	0	0	0	0	0	0	0.143	0	0	0	0	0.857	0	0	0	0.197	0.346
0	0	0	0	0	0	0	0	0	0	0	0	0	0	0	0	0	0	0	0	0	0	0	0	0	0	0	0	0	0	0	0	0	0	0	0	0.4	0	0	0	0.297	0.878
0	0	1.781	0	0	0	0	2.723	0	0	0	0	0	0	0	0	0	0	0	0	0	0	0	0	0	0	0	0	0	0	0	0	0	0	0	0	0	0	0	0	0.417	0.244
0	0	0	14.219	0	0	0	0	14.219	0	0	0	0	0	0	0	0	0	0.648	0	0	0	0	0.648	0	0	0	0	0	0	0.2	0	0	0.4	0.333	0	0	0	0.8	0	0.896	0.424
6.494	0	2.13	3.812	0	7.375	0	2.13	3.812	0	0	0	0	0	0	0.536	0	1	1	0	0.536	0	1	1	0	0	0	0	0	0	0	0	0	0.2	0.2	0	0	0.4	0	0.2	0	0.539
0	0	6.739	23.219	0	0	0	8.759	25.347	0	0	0	0	0	0	0	0	0.833	0.45	0	0	0	0.833	0.45	0	0	0	0	0	0	0.25	0	0	0	0	0	0.2	0	0.2	0	0	0.518
6.587	0	1.785	0.902	0	7.464	0	1.785	2.721	0	0	0	0	0	0	0.357	0	0	0.333	0	0.357	0	0	0.333	0	0	0	0	0	0	0	0	0	0	0	0	0	0	0	0	0	0.238
0	0	0	0	0	0	0	0	0	0	0	0	0	0	0	0	0	0	0	0	0	0	0	0	0	0	0	0	0	0	0	0	0	0.2	0	0	0	0	1	0.4	0.198	0.295
14.238	0	21.858	1.802	2.048	17.333	0	24.913	5.601	3.188	0	0	0	0	0	0.418	0	0.333	0.6	0.333	0.418	0	0.333	0.6	0.333	0	0	0	0	0	0	0.5	0.5	0	0	0	0.125	0	0	0	0.558	0.116
0	0	0	2.048	6.739	0	0	0	3.188	10.119	0	0	0	0	0	0	0	0	0.333	0.756	0	0	0	0.333	0.756	0	0	0	0	0	0.2	0	0.25	0	0.778	0.2	0	0	0	0	0	0.608
16.44	15.637	7.505	7.696	0	16.44	16.546	9.363	11.669	0	0	0	0	0	0	0.6	0.625	0.756	0.485	0	0.6	0.625	0.756	0.485	0	0	0	0	0	0	0	0.667	0.2	0.2	1	1	0.444	0.2	0.2	1	0	0.452
0	0	0	0	0	0	0	0	0	0	0	0	0	0	0	0	0	0	0	0	0	0	0	0	0	0	0	0	0	0	0	0	0	0	0	0	0	0	0	0	0.296	0.234
0	0	0	0	0	0	0	0	0	0	0	0	0	0	0	0	0	0	0	0	0	0	0	0	0	0	0	0	0	0	0.333	0	0	0.2	0.2	0	0	0	0	0.6	0.19	0.437
0	7.505	0	16.44	0	0	9.363	0	16.44	0	0	0	0	0	0	0	0.756	0	0.6	0	0	0.756	0	0.6	0	0	0	0	0	0	1	0.2	0.4	0	0.5	1	0.2	0	1	1	0	0.978
0	10.532	7.783	0	0	0	12.511	11.091	0	0	0	0	0	0	0	0	0.59	0.691	0	0	0	0.59	0.691	0	0	0	0	0	0	0	0.6	0	0.444	0	0	0	0	0	0	0	0	0.618
0	1.785	0	6.587	0	0	1.785	0	7.464	0	0	0	0	0	0	0	0	0	0.357	0	0	0	0	0.357	0	0	0	0	0	0	0	0	0	0	0	0	0	0	0	0	0	0.328
0	-1	0	-1	0	0	-1	0	-1	0	0	-1	0	-1	0	0	-1	0	-1	0	0	-1	0	-1	0	0	-1	0	-1	0	0	-1	0	-1	0	0.2	-1	0	-1	0	0.899	0.910
3.637	3.532	0	1.96	0	7.08	5.932	3.233	5.102	3.215	0	0	0	0	0	0.381	0.2	0.667	0.5	0.333	0.381	0.2	0.667	0.5	0.333	0	0	0	0	0	0	0	0	0.143	0	0	0	0	0.857	0	0.418	0.359
0	0	0	0	0	0	0	0	0	0	0	0	0	0	0	0	0	0	0	0	0	0	0	0	0	0	0	0	0	0	0	0.2	0	0.6	0	0	1	0	1	0	0.419	0.277
0	0	0	0	6.496	0	3.215	0.921	3.233	10.798	0	0	0	0	0	0	0.333	0	0.667	0.291	0	0.333	0	0.667	0.291	0	0	0	0	0	0	0	0.2	0	0	0	0	0.8	0	0	0.896	0.307
0	2.048	0	21.858	0	0	3.188	0	24.913	0	0	0	0	0	0	0	0.333	0	0.333	0	0	0.333	0	0.333	0	0	0	0	0	0	0	0	0.2	0.5	0.25	0	0	0.2	0	0	0.415	0.427
0	0	0	0	0.902	0	0	0	0	0.902	0	0	0	0	0	0	0	0	0	0	0	0	0	0	0	0	0	0	0	0	0.2	0	0	0.333	0	0.6	0	0	0	0	0.117	0.768
18.036	0	0.865	0	10.73	23.012	0	2.72	0	13.932	0	0	0	0	0	0.49	0	1	0	0.67	0.49	0	1	0	0.67	0	0	0	0	0	0	0	0	0	0.2	0	0	0	0	0.4	0	0.305
0	0	0	0	-1	0	0	0	0	-1	0	0	0	0	-1	0	0	0	0	-1	0	0	0	0	-1	0	0	0	0	-1	0	0	0	0	-1	0	0	0	0.4	-1	0.12	0.999
7.783	0	0	10.532	0	11.091	0	0	12.511	0	0	0	0	0	0	0.691	0	0	0.59	0	0.691	0	0	0.59	0	0	0	0	0	0	0.444	0.6	0	0	0.4	0	0	0	0	0.8	0.414	0.229
0	0	0	0	0	1.097	0	0.982	0	2.029	0	0	0	0	0	0	0	0	0	0	0	0	0	0	0	0	0	0	0	0	0	0	0	0	0	0	0	0	0	0	0	0.722
0	0	6.816	4.528	2.665	0	0	10.978	4.528	3.528	0	0	0	0	0	0	0	0.782	0.5	1	0	0	0.782	0.5	1	0	0	0	0	0	0	0	0	0	0	0	0	0	0	0	0.298	0.210
0	6.739	0	0	0.924	0	8.759	0	0	0.924	0	0	0	0	0	0	0.833	0	0	0	0	0.833	0	0	0	0	0	0	0	0	0	0	0.25	0.25	0	0	0	0	0	0	0	0.673
0	0	0	0	0	0	0	0	0	0	0	0	0	0	0	0	0	0	0	0	0	0	0	0	0	0	0	0	0	0	0	0	0	0	0	0	0	0	0	0	0.417	0.328
0	0	0	-1	0	0	0	0	-1	0	0	0	0	-1	0	0	0	0	-1	0	0	0	0	-1	0	0	0	0	-1	0	0	0	0	-1	0	0	0.2	0	-1	0	0.556	0.849
0	0	0.902	1.781	0	0	0	2.721	2.723	0	0	0	0	0	0	0	0	0.333	0	0	0	0	0.333	0	0	0	0	0	0	0	0	0	0	0	0	0	0	0	0	0	0.898	0.212
0	0	0	7.505	0	0	0	0	9.363	0	0	0	0	0	0	0	0	0	0.756	0	0	0	0	0.756	0	0	0	0	0	0	0.4	1	0.5	0.2	0	0	1	1	0.2	0	0	0.431
3.66	0	0	0	0.955	4.535	2.23	0	0	1.889	0	0	0	0	0	0.9	1	0	0	0	0.9	1	0	0	0	0	0	0	0	0	0.2	0	0.25	0.6	0	0	0	0.75	0.2	1	0	0.335
0	0	0	11.389	0	0	0	0	16.288	0	0	0	0	0	0	0	0	0	0.544	0	0	0	0	0.544	0	0	0	0	0	0	0	0	0	0	0	0	0	0	0	0	0.417	0.499
0	0	0.924	6.739	23.12	0	0	0.924	8.759	25.237	0	0	0	0	0	0	0	0	0.833	0.393	0	0	0	0.833	0.393	0	0	0	0	0	0.25	0	0	0	0	0	0	0	0	0	0	0.518
0.866	6.496	0	0	0	2.892	10.798	1.111	0.921	2.322	0	0	0	0	0	0	0.291	0	0	0	0	0.291	0	0	0	0	0	0	0	0	0	0	0	0.2	0	0	0	0	0.8	0	0.292	0.532
0	0	0	0	0	0	0	0	0	0	0	0	0	0	0	0	0	0	0	0	0	0	0	0	0	0	0	0	0	0	0	0	0	0	0	0	0	0	0	0	0	0.335
0	0	0	0	0	0	0	0	0	0	0	0	0	0	0	0	0	0	0	0	0	0	0	0	0	0	0	0	0	0	0	0	0	0	0	0	0	0	0	0.25	0.3	0.182
0	6.739	10.532	0	0	0	10.119	12.511	0	0	0	0	0	0	0	0	0.756	0.59	0	0	0	0.756	0.59	0	0	0	0	0	0	0	0	0.778	0	0.25	0.6	0	0	0	0	0	0.557	0.293
2.048	21.858	0	14.238	0	3.188	24.913	0	17.333	0	0	0	0	0	0	0.333	0.333	0	0.418	0	0.333	0.333	0	0.418	0	0	0	0	0	0	0	0.5	0	0	0.2	0	0	0	0	0.2	0.12	0.336
0	0	0	0	0	0	0	0	0	0	0	0	0	0	0	0	0	0	0	0	0	0	0	0	0	0	0	0	0	0	0	0.333	0.2	0	0	0	0	0.6	0	0	0.713	0.341
0	0	0	0	0	0	0	0	2.322	0	0	0	0	0	0	0	0	0	0	0	0	0	0	0	0	0	0	0	0	0	0	0	0	0	0	0.714	0	0.125	0	0	0.557	0.444
