1.74	0	5.201	0	1.904	2.603	0	7.003	0	1.904	0	0	2.225	0	0	1	0	0.714	0	1	0.667	0	0.714	0	0	0	0	0	0	0	0.667	0	0.8	0.286	0	0	0	0	0.143	0	0.417	0.382
0	0	1.194	0	0.915	0	0	1.194	0	0.915	0	0	1.194	0	0.915	0	0	0	0	0	0	0	0	0	0	0	0	0	0	0	0	0	0	0	0	0	0	0	0	0	0.715	0.244
11.946	5.38	0	21.928	3.898	14.309	5.38	0	19.873	1.827	4.228	2.763	0.841	8.605	4.874	0.667	0.8	0	0.347	0.933	0.552	0.733	0	0.339	1	0.833	0.667	0	0.286	0.9	0	0	0	0.375	0	0.444	0	0	0.5	0	0.299	0.420
0	0	0	0	0	0	0	0	0	0	0	0	0	0	0	0	0	0	0	0	0	0	0	0	0	0	0	0	0	0	0	0	0	0	0	0	0	0	0	0	0.718	0.658
0	4.592	1.783	2.598	12.786	0.879	5.639	2.681	4.473	11.986	0.879	2.096	0.898	2.742	9.781	0	0.933	0.667	0.6	0.542	0	0.867	0.667	0.5	0.439	0	1	0	0.333	0.306	0	0	0	0	0.333	0	0	0	0	0	0.894	0.183
0.88	0	0.989	7.421	0.844	0.88	0	0.989	7.421	0.844	0	0	0.989	1.839	0	0	0	0	0.536	0	0	0	0	0.429	0	0	0	0	0	0	0	1	0	0	0	0	1	0	0	0	0	0.293
0	0.843	0	0	0	0	1.765	0	0	0	0	0.922	0	0	0	0	1	0	0	0	0	1	0	0	0	0	0	0	0	0	0.4	0	0	0	0	0	0	0	0	0	0	0.526
0	0	0	0	0	0	0	0	0	0	0	0	0	0	0	0	0	0	0	0	0	0	0	0	0	0	0	0	0	0	0.75	0.4	0.5	0.778	1	0.75	0.2	0	1	0.5	0	0.889
0.882	0	4.802	0	0	0.882	0.853	5.655	0	0	0	0.853	0.853	0	0	0	0	0.667	0	0	0	0	0.467	0	0	0	0	0	0	0	0.2	0.6	0	0	1	0	0.6	0	0	1	0.557	0.142
24.327	0	9.943	0	0	29.045	0	7.861	0	0	14.745	0	7.082	0.84	0	0.389	0	0.727	0	0	0.349	0	0.643	0	0	0.319	0	0.571	0	0	0.375	0.2	0	0	0.2	0.25	0.2	0	0	0.2	0	0.322
0	-1	0	-1	0	0	-1	0	-1	0	0	-1	0	-1	0	0	-1	0	-1	0	0	-1	0	-1	0	0	-1	0	-1	0	0	-1	0	-1	0	0	-1	0	-1	0	0.899	0.999
0	0	0	0	0	0	0	0	0	0.883	0	0	0	0	0	0	0	0	0	0	0	0	0	0	0	0	0	0	0	0	0.4	0	0.8	0.333	0.667	0.4	0.75	0.2	1	1	0	0.684
11.025	0.852	4.042	0	2.649	12.113	0.852	5.973	0	2.649	2.853	0	2.855	0	0	0.872	0	0.867	0	1	0.756	0	0.667	0	1	0.667	0	0.667	0	0	0	0.75	0	0.2	0	0	1	0	0.2	0	0.419	0.194
5.693	0	0	4.964	0	5.693	0	0	4.964	0	0	0	0	0.985	0	1	0	0	0.8	0	0.8	0	0	0.6	0	0	0	0	0	0	0	0.889	0	0.625	0.75	0	0.444	0.429	0	0	0.554	0.322
0	4.964	5.693	3.672	0	0	4.964	5.693	3.672	0	0	0.985	0	0.921	0	0	0.8	1	1	0	0	0.6	0.8	0.833	0	0	0	0	0	0	0.889	0.625	0	0	0	0.444	0	0	0.4	0.429	0	0.967
0	0	0	0	0	0	0	0	0	0	0	0	0	0	0	0	0	0	0	0	0	0	0	0	0	0	0	0	0	0	0.778	0	0.4	0	0.75	1	0.75	0.2	0.6	0.75	0	0.958
2.649	4.042	5.348	11.025	0	2.649	5.973	7.07	12.113	0	0	2.855	4.43	2.853	0	1	0.867	0.607	0.872	0	1	0.667	0.5	0.756	0	0	0.667	0.1	0.667	0	0	0	0	0	0	0	0	0	0	0	0.557	0.151
0	0	0.885	0	19.055	0	0	0.885	0	14.18	0	1.329	2.215	0	7.654	0	0	0	0	0.626	0	0	0	0	0.562	0	0	0	0	0.571	0.2	0	0	0.4	0	0	0	0	0	0	0	0.519
0	0	2.703	0	0	0.883	0	2.703	0	0	0	0	0.883	0	0	0	0	1	0	0	0	0	1	0	0	0	0	0	0	0	0.667	0.8	1	0.4	0.5	1	0.2	1	0.4	1	0.298	0.880
1.904	5.201	0	1.74	0	1.904	7.003	0	2.603	0	0	2.225	0	0	0	1	0.714	0	1	0	0	0.714	0	0.667	0	0	0	0	0	0	0	0.8	0.8	0.667	0.25	0	0	0.8	0	0	0.12	0.424
1.021	19.055	2.598	0.885	4.592	1.021	14.18	4.473	0.885	5.639	0	7.654	2.742	2.215	2.096	0	0.626	0.6	0	0.933	0	0.562	0.5	0	0.867	0	0.571	0.333	0	1	0	0	0	0	0	0.6	0	0	0	0	0.298	0.417
0	0	0	0	0	0	0	0	0	0	0	0	0	0	0	0	0	0	0	0	0	0	0	0	0	0	0	0	0	0	0	0	0	0	0	0	0	0	0	0	0.415	0.665
0	0	0	0	0	0	0	0	0	0	0	0	0	0	0	0	0	0	0	0	0	0	0	0	0	0	0	0	0	0	0	0	0	0	0	0	0	0	0	0	0.714	0.844
0.983	0	0	0	0	0.983	0	0	0	0	0.983	0	0	0	0	0	0	0	0	0	0	0	0	0	0	0	0	0	0	0	0	0.2	0	0	0	0	0	1	0	0	0.418	0.223
5.205	3.692	0	2.645	1.78	8.722	7.746	0	5.955	2.656	7.422	6.77	0	3.309	0.875	0.582	0.714	0	0.867	1	0.528	0.607	0	0.8	1	0.357	0.524	0	0.667	0	0	0	0	0	0	0	0.4	0	0	0.2	0	0.412
0	4.802	0	0.882	0	0	5.655	0.853	0.882	0.853	0	0.853	0.853	0	0.853	0	0.667	0	0	0	0	0.467	0	0	0	0	0	0	0	0	1	0	0.111	0.2	0.2	1	0	0	0	0	0.198	0.836
0	1.194	0	0	0	0	1.194	0	0	0	0	1.194	0	0	0	0	0	0	0	0	0	0	0	0	0	0	0	0	0	0	0.25	0	0	0	0.2	0	0	0	0	0	0	0.955
0	0	0	0	-1	0	0	0	0	-1	0	0	0	0	-1	0	0	0	0	-1	0	0	0	0	-1	0	0	0	0	-1	0	0	0	0	-1	0	0	0	0	-1	0.116	0.999
0	1.702	0	40.5	1.708	0	0.843	0	34.763	1.708	0	1.702	0	13.14	0.859	0	1	0	0.252	1	0	0	0	0.184	1	0	1	0	0.6	0	0	0	0	0	0	0	0	0	0	0	0.014	0.381
0	0	40.5	6.5	1.702	0	0	34.763	5.593	0.843	0	0	13.14	5.848	1.702	0	0	0.252	0.893	1	0	0	0.184	0.933	0	0	0	0.6	0.8	1	0.143	0	0	0	0	0	0	0	0	0	0.418	0.365
0	0	0	0	1.194	0	0	0	0	1.194	0	0	0	0	1.194	0	0	0	0	0	0	0	0	0	0	0	0	0	0	0	0	0	0	0.2	0	0	0	0	0	0	0.715	0.194
0	0	0	0	0	0	0	0	0	0	0	0	0	0	0	0	0	0	0	0	0	0	0	0	0	0	0	0	0	0	0	0	0	0	0	0	0	0	0	0	0.896	0.894
0	0	0.882	0	4.802	0.853	0	0.882	0	5.655	0.853	0	0	0	0.853	0	0	0	0	0.667	0	0	0	0	0.467	0	0	0	0	0	0.6	0	0.2	0	0	0.6	0	0	0	0	0.419	0.654
0	0	1.74	15.106	5.201	0	0	2.603	16.063	7.003	0	0	0	0.957	2.225	0	0	1	0.629	0.714	0	0	0.667	0.59	0.714	0	0	0	0	0	0	0.286	0.667	0	0.8	0	0.143	0	0	0	0	0.686
0	0.915	3.672	1.194	4.964	0	0.915	3.672	1.194	4.964	0	0.915	0.921	1.194	0.985	0	0	1	0	0.8	0	0	0.833	0	0.6	0	0	0	0	0	0.4	0	0	0	0.625	0	0	0.4	0	0	0.056	0.616
0	0	0	0	19.266	0.924	0	0	0	20.189	0.924	0	0	0	4.167	0	0	0	0	0.532	0	0	0	0	0.479	0	0	0	0	0	0	0	0	0	0	0	0.667	0	0	0	0.714	0.200
0	0	0	0	0	0	0	0	0	0	0	0	0	0	0	0	0	0	0	0	0	0	0	0	0	0	0	0	0	0	0	0	0	0	0	0	0	0	0	0	0.893	0.151
0	0	0	0	0	0	0	0	0	0	0	0	0	0	0	0	0	0	0	0	0	0	0	0	0	0	0	0	0	0	0	0	0.778	0	0.4	0.75	0.6	1	0	0.2	0	0.787
34.793	0	0.951	0	0	37.624	0	1.928	0	0	8.564	0	0.978	0	0	0.263	0	1	0	0	0.232	0	1	0	0	0.619	0	0	0	0	0	0.25	0	0	0.667	0	1	0	0.6	1	0.199	0.236
0.852	3.898	0	0	0	0.852	1.827	0	0	0	0.876	4.874	0	0.841	0	0	0.933	0	0	0	0	1	0	0	0	0	0.9	0	0	0	0.2	0	0	0	0	0.4	0	0.25	0	0.6	0	0.654
0	0	0	0	0	0	0	0	0	0	0	0	0	0	0	0	0	0	0	0	0	0	0	0	0	0	0	0	0	0	0	0	0	0	0	0	0	0	0	0	0.717	0.995
0	12.786	0	1.783	0	0	11.986	0	2.681	0	0	9.781	0	0.898	0	0	0.542	0	0.667	0	0	0.439	0	0.667	0	0	0.306	0	0	0	0.2	0.333	0	0	0	0	0	0	0	0	0.557	0.171
0.885	0	19.055	0	1.021	0.885	0	14.18	0	1.021	2.215	0	7.654	1.329	0	0	0	0.626	0	0	0	0	0.562	0	0	0	0	0.571	0	0	0	0.2	0	0	0	0	0	0	0	0.6	0	0.494
0.857	7.401	2.645	2.667	3.692	4.159	10.75	5.955	7.001	7.746	4.159	5.132	3.309	5.238	6.77	0.833	0.764	0.867	0.714	0.714	0.833	0.655	0.8	0.619	0.607	0.833	0.6	0.667	0.6	0.524	0	0	0	0	0	0	0	0	0	0.4	0.415	0.119
0	3.246	0	0	0	0	4.129	0	0	0	0	0	0	0	0	0	0.5	0	0	0	0	0.5	0	0	0	0	0	0	0	0	0.333	0	0	0	0.4	1	0.2	0.75	0.2	0.4	0	0.851
0	43.522	9.611	0	19.501	0	43.208	14.405	0	18.018	0	16.041	7.884	0	10.594	0	0.187	0.692	0	0.528	0	0.144	0.604	0	0.399	0	0.333	0.619	0	0.528	0.4	0.2	0	0.667	0.333	0.8	0.2	0.6	1	0.667	0	0.838
0	0	0	0	0	0	0	0	0	0	0	0	0	0	0	0	0	0	0	0	0	0	0	0	0	0	0	0	0	0	0.4	0.778	0.75	0	0.5	0.2	1	0.75	0.75	0	0	0.795
0	15.106	0	1.884	1.74	0	16.063	0	1.884	2.603	0	0.957	0	2.253	0	0	0.629	0	1	1	0	0.59	0	1	0.667	0	0	0	0	0	0.286	0	0	0.25	0.667	0.143	0	0	0	0	0.716	0.568
3.692	2.645	5.205	0.857	0	7.746	5.955	8.722	4.159	0	6.77	3.309	7.422	4.159	0	0.714	0.867	0.582	0.833	0	0.607	0.8	0.528	0.833	0	0.524	0.667	0.357	0.833	0	0	0	0	0	0	0.4	0	0	0	0	0.198	0.339
40.5	0	1.702	0	0	34.763	0	0.843	0	0	13.14	0	1.702	0	0	0.252	0	1	0	0	0.184	0	0	0	0	0.6	0	1	0	0	0	0.143	0	0	0	0	0	0	0	0	0.055	0.244
0	0	0	0	0	0	0	0	0	0	0	0	0	0	0	0	0	0	0	0	0	0	0	0	0	0	0	0	0	0	0	0	0	0.4	0	0	0	0	0	0	0.898	0.992
15.509	0	0	0	0.843	13.507	0	0	0	1.765	7.854	0	0	0	0.922	0.595	0	0	0	1	0.56	0	0	0	1	0.429	0	0	0	0	0	0	0	0	0	0	0	0	0	0	0	0.143
0	0	2.667	0	7.401	0	0	7.001	0	10.75	0	0	5.238	0	5.132	0	0	0.714	0	0.764	0	0	0.619	0	0.655	0	0	0.6	0	0.6	0	0	0	0	0	0	0	0	0	0	0.9	0.397
3.898	0	0.852	11.946	0	1.827	0	0.852	14.309	0	4.874	0.841	0.876	4.228	0	0.933	0	0	0.667	0	1	0	0	0.552	0	0.9	0	0	0.833	0	0	0	0.2	0	0	0	0	0.4	0.444	0.25	0	0.444
0	1.904	0	5.201	10.047	0	1.904	0	7.003	11.754	0	0	0	2.225	1.326	0	1	0	0.714	0.727	0	0	0	0.714	0.673	0	0	0	0	0	0.8	0	0.25	0.8	0.6	0.8	0	0	0	0.4	0.42	0.864
12.786	1.783	0	0	0	11.986	2.681	0	0.879	0	9.781	0.898	0	0.879	0	0.542	0.667	0	0	0	0.439	0.667	0	0	0	0.306	0	0	0	0	0.333	0	0.2	0	0	0	0	0	0	0	0.298	0.360
4.042	11.025	2.649	0.852	5.348	5.973	12.113	2.649	0.852	7.07	2.855	2.853	0	0	4.43	0.867	0.872	1	0	0.607	0.667	0.756	1	0	0.5	0.667	0.667	0	0	0.1	0	0	0	0.75	0	0	0	0	1	0	0.717	0.224
0	0	0	0	0	0	0	0	0	0	0	0	0	0	0	0	0	0	0	0	0	0	0	0	0	0	0	0	0	0	0.5	0.75	1	0.4	0.8	0	0.75	0.5	0.2	0.4	0	0.635
0	0	0	0	0	0	0	0	0	0	0	0	0	0	0	0	0	0	0	0	0	0	0	0	0	0	0	0	0	0	0	0	0	0	0	0	0	0	0	0	0.415	0.136
0	1.919	0	10.047	0	0	1.919	0	11.754	0	0	1.919	0	1.326	0	0	0	0	0.727	0	0	0	0	0.673	0	0	0	0	0	0	0.2	0	0	0.6	0	0	0	0	0.4	0.667	0.717	0.160
1.194	0	0	3.778	0	1.194	0	0	3.778	0	1.194	0	0	0	0	0	0	0	0.833	0	0	0	0	0.833	0	0	0	0	0	0	0	0	0.25	0	0	0	0	0	0	0	0.195	0.254
0	0	0	0	0	0	0	0	0	0	0	0	0	0	0	0	0	0	0	0	0	0	0	0	0	0	0	0	0	0	0	0	0	0	0	0	0	0	0	0	0.718	0.999
0	0	0	0	0.882	0	0	0.853	0	0.882	0	0	0.853	0	0	0	0	0	0	0	0	0	0	0	0	0	0	0	0	0	0	0	0.6	0	0.2	0	0	0.6	0	0	0.299	0.375
0	2.703	0	0	0	0	2.703	0	0.883	0	0	0.883	0	0	0	0	1	0	0	0	0	1	0	0	0	0	0	0	0	0	0.5	1	0	0.667	0.4	1	1	0.75	1	0	0	0.837
0	0	0	0.852	34.793	0	0	0	0.852	37.624	0	0	0	0.876	8.564	0	0	0	0	0.263	0	0	0	0	0.232	0	0	0	0	0.619	0	0	0.25	0.2	0	0.6	0.25	1	0.4	0	0.198	0.537
0	0	0	0	2.667	0	0	0	0	7.001	0	0	0	0	5.238	0	0	0	0	0.714	0	0	0	0	0.619	0	0	0	0	0.6	0	0	0	0	0	0	0	0	0	0	0.296	0.501
43.522	0	0	0.951	9.611	43.208	0	0	1.928	14.405	16.041	0	0	0.978	7.884	0.187	0	0	1	0.692	0.144	0	0	1	0.604	0.333	0	0	0	0.619	0.2	0.667	0.4	0	0	0.2	1	0.8	0	0.6	0	0.290
4.964	3.672	0	0	5.693	4.964	3.672	0	0	5.693	0.985	0.921	0	0	0	0.8	1	0	0	1	0.6	0.833	0	0	0.8	0	0	0	0	0	0.625	0	0.889	0.4	0	0	0.4	0.444	0	0	0	0.598
0.843	0	0	15.509	0	1.765	0	0	13.507	0	0.922	0	0	7.854	0	1	0	0	0.595	0	1	0	0	0.56	0	0	0	0	0.429	0	0	0	0.4	0	0	0	0	0	0	0	0.197	0.167
3.69	0	0	1.825	0	3.69	0	0	1.825	0	0.989	0	0	0.983	0	0.5	0	0	0	0	0.333	0	0	0	0	0	0	0	0	0	0	0.2	0	0.2	0.2	0	0.4	0	0.2	0	0.12	0.309
0	0	10.047	1.904	1.919	0	0	11.754	1.904	1.919	0	0	1.326	0	1.919	0	0	0.727	1	0	0	0	0.673	0	0	0	0	0	0	0	0.25	0.8	0.6	0	0	0	0.8	0.4	0	0	0	0.396
2.703	0	0	0	0	2.703	0.883	0	0	0	0.883	0	0	0	0	1	0	0	0	0	1	0	0	0	0	0	0	0	0	0	1	0.667	0.5	0.8	0	1	1	1	0.2	0.75	0.294	0.710
1.78	0	12.666	5.205	6.5	2.656	0	10.183	8.722	5.593	0.875	0	10.217	7.422	5.848	1	0	0.667	0.582	0.893	1	0	0.582	0.528	0.933	0	0	0.556	0.357	0.8	0	0	0	0	0	0.2	0	0	0	0	0.419	0.335
0	15.509	0.843	0	0	0	13.507	1.765	0	0	0	7.854	0.922	0	0	0	0.595	1	0	0	0	0.56	1	0	0	0	0.429	0	0	0	0	0	0	0	0.4	0	0	0	0	0	0.56	0.224
15.106	1.884	0	0	0	16.063	1.884	0	0	0	0.957	2.253	0	0	0	0.629	1	0	0	0	0.59	1	0	0	0	0	0	0	0	0	0	0.25	0.286	1	0	0	0	0.143	0.75	0	0.716	0.361
7.421	19.266	0	0	0.88	7.421	20.189	0	0	0.88	1.839	4.167	0	0	0	0.536	0.532	0	0	0	0.429	0.479	0	0	0	0	0	0	0	0	0	0	1	0	0	0	0	1	0	0	0	0.332
6.5	12.666	0	1.78	0	5.593	10.183	0	2.656	0	5.848	10.217	0	0.875	0	0.893	0.667	0	1	0	0.933	0.582	0	1	0	0.8	0.556	0	0	0	0	0	0	0	0.143	0	0	0	0.2	0	0	0.376
0	0	0	0	0	0	0	0	0	0	0	0	0	0	0	0	0	0	0	0	0	0	0	0	0	0	0	0	0	0	1	0.5	0.8	0.75	1	0.5	0	0.4	0.75	0.75	0	0.986
0	3.778	1.194	0	0	0	3.778	1.194	0	0	0	0	1.194	0	0	0	0.833	0	0	0	0	0.833	0	0	0	0	0	0	0	0	0	0	0	0.75	0.25	0	0	0	0	0	0.557	0.250
0	5.693	0	0	3.778	0	5.693	0	0	3.778	0	0	0	0	0	0	1	0	0	0.833	0	0.8	0	0	0.833	0	0	0	0	0	0	0	0.75	0.889	0	0.429	0	0	0.444	0	0.299	0.596
0	7.421	0.88	19.266	0.989	0	7.421	0.88	20.189	0.989	0	1.839	0	4.167	0.989	0	0.536	0	0.532	0	0	0.429	0	0.479	0	0	0	0	0	0	1	0	0	0	0	1	0	0	0	0	0	0.965
0	0	0	0	2.703	0	0	0.883	0	2.703	0	0	0	0	0.883	0	0	0	0	1	0	0	0	0	1	0	0	0	0	0	0.8	0.4	0.667	0	1	0.2	0.4	1	0.75	1	0	0.717
19.266	0	7.421	0	0	20.189	0	7.421	0.924	0	4.167	0	1.839	0.924	0	0.532	0	0.536	0	0	0.479	0	0.429	0	0	0	0	0	0	0	0	0	0	0	1	0	0	0	0	1	0.19	0.260
0	0	0	0	0	0	0	0	0	0.853	0	0	0	0	0.853	0	0	0	0	0	0	0	0	0	0	0	0	0	0	0	0	0	0	0	0.6	0	0	0	0	0.6	0.717	0.473
19.501	9.611	0	0	0	18.018	14.405	0	0	0	10.594	7.884	0.84	0	0	0.528	0.692	0	0	0	0.399	0.604	0	0	0	0.528	0.619	0	0	0	0.333	0	0	0.4	0.2	0.667	0.6	0	0.8	0.2	0	0.308
0	0	0	1.194	0.983	0	0	0	1.194	0.983	0	0	0	1.194	0.983	0	0	0	0	0	0	0	0	0	0	0	0	0	0	0	0	0.25	0.2	0	0	0	0	0	0	0	0.557	0.256
0	0	0	0	0.885	0	0	0	0	0.885	1.329	0	0	0	2.215	0	0	0	0	0	0	0	0	0	0	0	0	0	0	0	0	0.4	0.2	0	0	0	0	0	0.75	0	0	0.544
21.928	10.139	5.38	1.021	11.946	19.873	11.929	5.38	1.021	14.309	8.605	4.959	2.763	0	4.228	0.347	0.758	0.8	0	0.667	0.339	0.621	0.733	0	0.552	0.286	0.8	0.667	0	0.833	0.375	0	0	0	0	0.5	0	0	0	0.444	0.415	0.377
0	3.69	0	0	0	0	3.69	0	0	0	0	0.989	0	0	0	0	0.5	0	0	0	0	0.333	0	0	0	0	0	0	0	0	0	0	0.2	0.2	0	0	0	0	0.4	0	0.557	0.326
0.989	0.88	0.844	0	0	0.989	0.88	0.844	0	0	0.989	0	0	0	0	0	0	0	0	0	0	0	0	0	0	0	0	0	0	0	0	0	0	1	0	0	0	0	1	0	0	0.432
0	0	0	12.786	15.509	0	0	0	11.986	13.507	0	0	0	9.781	7.854	0	0	0	0.542	0.595	0	0	0	0.439	0.56	0	0	0	0.306	0.429	0	0.2	0	0.333	0	0	0	0	0	0	0.419	0.164
0	0.852	0	3.898	0	0	0.852	0	1.827	0	0	0.876	0	4.874	0	0	0	0	0.933	0	0	0	0	1	0	0	0	0	0.9	0	0	0.2	0	0	0.25	0.25	0.4	0.6	0	1	0	0.572
0	0	0	0	0	0	0	0	0	0	0	0	1.329	0	0	0	0	0	0	0	0	0	0	0	0	0	0	0	0	0	0.4	0	0	0.5	0.2	0	0.75	0	1	0	0	0.602
0	0	0	0	0	0	0	0.924	0	0	0	0	0.924	0	0	0	0	0	0	0	0	0	0	0	0	0	0	0	0	0	0	0	0	0.2	0	0.667	0	0	0	0	0.893	0.674
1.021	1.708	10.139	0	21.928	1.021	1.708	11.929	0	19.873	0	0.859	4.959	0	8.605	0	1	0.758	0	0.347	0	1	0.621	0	0.339	0	0	0.8	0	0.286	0	0	0	0	0.375	0	0	0	0	0.5	0.558	0.379
10.047	0	1.919	0	0	11.754	0	1.919	0	0	1.326	0	1.919	0	0	0.727	0	0	0	0	0.673	0	0	0	0	0	0	0	0	0	0.6	0.25	0	0.8	0.2	0.4	0	0	0.8	0	0.298	0.371
3.246	0	0	0	0	4.129	0	0	0.861	0	0	0	0	0.861	0	0.5	0	0	0	0	0.5	0	0	0	0	0	0	0	0	0	0	0	0.333	0	0	0.2	0.2	1	0	0.75	0	0.462
1.884	0	15.106	0	0	1.884	0	16.063	0	0	2.253	0	0.957	0	0	1	0	0.629	0	0	1	0	0.59	0	0	0	0	0	0	0	0.25	1	0	0.8	0.286	0	0.75	0	0.4	0.143	0	0.692
1.194	0	0.915	0	0	1.194	0	0.915	0	0	1.194	0	0.915	0	0	0	0	0	0	0	0	0	0	0	0	0	0	0	0	0	0	0	0	0	0.4	0	0	0	0	0	0.415	0.224
0	0.983	0	0	0	0	0.983	0	0	0	0	0.983	0	0	0	0	0	0	0	0	0	0	0	0	0	0	0	0	0	0	0	0	0	0.2	0	1	0	0	0	0	0.893	0.865
0	0	0	0	0	0	0	0	0	0	0	0	0	0	0	0	0	0	0	0	0	0	0	0	0	0	0	0	0	0	0	0	0	0	0	0	0	0	0	0	0.896	0.991
0.852	0	11.025	9.943	4.042	0.852	0	12.113	7.861	5.973	0	0	2.853	7.082	2.855	0	0	0.872	0.727	0.867	0	0	0.756	0.643	0.667	0	0	0.667	0.571	0.667	0.75	0.2	0	0	0	1	0.2	0	0	0	0.294	0.846
0	0	3.778	5.693	0	0	0	3.778	5.693	0	0	0	0	0	0	0	0	0.833	1	0	0	0	0.833	0.8	0	0	0	0	0	0	0.75	0	0	0	0	0	0.429	0	0	0	0	0.785
7.401	2.667	0.857	0	2.645	10.75	7.001	4.159	0	5.955	5.132	5.238	4.159	0	3.309	0.764	0.714	0.833	0	0.867	0.655	0.619	0.833	0	0.8	0.6	0.6	0.833	0	0.667	0	0	0	0	0	0	0	0	0	0	0.417	0.141
0.915	1.194	0	0	3.672	0.915	1.194	0	0	3.672	0.915	1.194	0	0	0.921	0	0	0	0	1	0	0	0	0	0.833	0	0	0	0	0	0	0	0.4	0	0	0	0	0	0	0.4	0.556	0.183
0	0	0	0.843	0	0	0	0	1.765	0	0	0	0	0.922	0	0	0	0	1	0	0	0	0	1	0	0	0	0	0	0	0	0.4	0	0	0	0	0	0	0	0	0.557	0.287
0	6.5	0	12.666	40.5	0	5.593	0	10.183	34.763	0	5.848	0	10.217	13.14	0	0.893	0	0.667	0.252	0	0.933	0	0.582	0.184	0	0.8	0	0.556	0.6	0	0	0.143	0	0	0	0	0	0	0	0.417	0.157
0	0	3.246	0	0	0	0.861	4.129	0	0	0	0.861	0	0	0	0	0	0.5	0	0	0	0	0.5	0	0	0	0	0	0	0	0	0	0	0	0.333	0.2	0	0.2	0	1	0	0.631
0	0.844	0	0.989	0	0	0.844	0	0.989	0	0	0	0	0.989	0	0	0	0	0	0	0	0	0	0	0	0	0	0	0	0	0	0	0	0	0	0	0	0	0	0	0.716	0.168
0	1.825	3.69	0	0	0	1.825	3.69	0.853	0	0	0.983	0.989	0.853	0	0	0	0.5	0	0	0	0	0.333	0	0	0	0	0	0	0	0.2	0.2	0	0.2	0	0.4	0.2	0	0	0	0	0.751
0	5.205	1.78	3.692	12.666	0	8.722	2.656	7.746	10.183	0	7.422	0.875	6.77	10.217	0	0.582	1	0.714	0.667	0	0.528	1	0.607	0.582	0	0.357	0	0.524	0.556	0	0	0	0	0	0	0	0.2	0.4	0	0.292	0.131
9.611	0	19.501	43.522	0	14.405	0	18.018	43.208	0	7.884	0	10.594	16.041	0.84	0.692	0	0.528	0.187	0	0.604	0	0.399	0.144	0	0.619	0	0.528	0.333	0	0	0.4	0.333	0.2	0	0.6	0.8	0.667	0.2	0	0.299	0.318
0.844	0.989	0	0.88	0	0.844	0.989	0	0.88	0	0	0.989	0	0	0	0	0	0	0	0	0	0	0	0	0	0	0	0	0	0	0	0	0	0	0	0	0	0	0	0	0.199	0.403
0	9.943	0.852	24.327	11.025	0	7.861	0.852	29.045	12.113	0	7.082	0	14.745	2.853	0	0.727	0	0.389	0.872	0	0.643	0	0.349	0.756	0	0.571	0	0.319	0.667	0.2	0	0.75	0.375	0	0.2	0	1	0.25	0	0	0.640
0	0	1.708	1.702	1.021	0	0	1.708	0.843	1.021	0	0	0.859	1.702	0	0	0	1	1	0	0	0	1	0	0	0	0	0	1	0	0	0	0	0	0	0	0	0	0	0	0.3	0.373
0	0	0	3.69	0	0	0	0	3.69	0	0	0	0	0.989	0	0	0	0	0.5	0	0	0	0	0.333	0	0	0	0	0	0	0.2	0	0	0	0	0	0	0	0	0	0	0.639
0	0	0	0	0	0	0	0	0	0	0	0	0	0	0	0	0	0	0	0	0	0	0	0	0	0	0	0	0	0	0	0	0	0	0	0	0	0	0	0	0.718	0.602
2.598	1.021	4.592	19.055	0	4.473	1.021	5.639	14.18	0.879	2.742	0	2.096	7.654	0.879	0.6	0	0.933	0.626	0	0.5	0	0.867	0.562	0	0.333	0	1	0.571	0	0	0	0	0	0	0	0.6	0	0	0	0.299	0.318
0	0	0	2.703	0	0	0	0	2.703	0	0	0	0	0.883	1.329	0	0	0	1	0	0	0	0	1	0	0	0	0	0	0	0	0.5	0.4	1	0	0.75	1	0	1	0	0	0.815
0	0	24.327	19.501	9.943	0	0	29.045	18.018	7.861	0	0.84	14.745	10.594	7.082	0	0	0.389	0.528	0.727	0	0	0.349	0.399	0.643	0	0	0.319	0.528	0.571	0.2	0	0.375	0.333	0	0.2	0	0.25	0.667	0	0	0.687
0	0	0	5.348	3.246	0.861	0	0	7.07	4.129	0.861	0	0	4.43	0	0	0	0	0.607	0.5	0	0	0	0.5	0.5	0	0	0	0.1	0	0	0	0	0	0	0	0	0.2	0	0.2	0.556	0.372
0	0	0	0.844	0	0	0	0	0.844	0	0	0	0	0	0	0	0	0	0	0	0	0	0	0	0	0	0	0	0	0	0	0	0	0	0	0	0	0	0	0	0.896	0.239
0	0	0	0	1.884	0	0	0	0	1.884	0	0	0	0	2.253	0	0	0	0	1	0	0	0	0	1	0	0	0	0	0	0.8	1	1	0.5	0.25	0.4	0.5	0.75	0	0	0.298	0.975
1.919	10.047	0	0	0	1.919	11.754	0	0	0	1.919	1.326	0	0	0	0	0.727	0	0	0	0	0.673	0	0	0	0	0	0	0	0	0	0.6	0.2	0.25	0	0	0.4	0	0	0	0.298	0.195
0	0	0	0	0	0	0	0	0	0	0	0	0	0	0	0	0	0	0	0	0	0	0	0	0	0	0	0	0	0	0	0	0	0	0	0	0	0	0	0	0.717	0.995
4.802	0.882	0	0	0	5.655	0.882	0	0.853	0.853	0.853	0	0	0.853	0.853	0.667	0	0	0	0	0.467	0	0	0	0	0	0	0	0	0	0	0.2	1	0.6	0.111	0	0	1	0.6	0	0.417	0.195
2.667	0	7.401	0	0.857	7.001	0	10.75	0	4.159	5.238	0	5.132	0	4.159	0.714	0	0.764	0	0.833	0.619	0	0.655	0	0.833	0.6	0	0.6	0	0.833	0	0	0	0	0	0	0	0	0	0	0.417	0.149
1.825	0	0	0	3.69	1.825	0.853	0	0.853	3.69	0.983	0.853	0	0.853	0.989	0	0	0	0	0.5	0	0	0	0	0.333	0	0	0	0	0	0.2	0.2	0.2	0.111	0	0.2	0	0.4	0	0	0.298	0.326
1.708	0	1.021	0	10.139	1.708	0	1.021	0	11.929	0.859	0	0	0	4.959	1	0	0	0	0.758	1	0	0	0	0.621	0	0	0	0	0.8	0	0	0	0	0	0	0	0	0	0	0	0.390
0	0	34.793	0	0.951	0	0	37.624	0	1.928	0	0	8.564	0	0.978	0	0	0.263	0	1	0	0	0.232	0	1	0	0	0.619	0	0	0.25	0	0	0	0	1	0.6	0	0.25	0	0	0.780
12.666	1.78	6.5	0	0	10.183	2.656	5.593	0	0	10.217	0.875	5.848	0	0	0.667	1	0.893	0	0	0.582	1	0.933	0	0	0.556	0	0.8	0	0	0	0	0	0	0	0	0.2	0	0	0	0	0.212
0	0	0.983	0	0	0	0	0.983	0	0	0	0	0.983	0	0	0	0	0	0	0	0	0	0	0	0	0	0	0	0	0	0.2	0	0	0.25	0	0	0	0	0	1	0.896	0.271
0	5.348	0	2.649	0	0	7.07	0.861	2.649	0	0	4.43	0.861	0	0	0	0.607	0	1	0	0	0.5	0	1	0	0	0.1	0	0	0	0	0	0	0	0	0	0	0	0	0.2	0.559	0.287
9.943	24.327	0	0	0.852	7.861	29.045	0	0	0.852	7.082	14.745	0	0	0	0.727	0.389	0	0	0	0.643	0.349	0	0	0	0.571	0.319	0	0	0	0	0.375	0.2	0.2	0.75	0	0.25	0.2	0.2	1	0	0.368
0	0	0	0	0	0	0	0	0	0	0	0	0	0	0	0	0	0	0	0	0	0	0	0	0	0	0	0	0	0	0	0	0	0	0	0	0	0	0	0	0.713	0.780
0	0.951	43.522	34.793	0	0	1.928	43.208	37.624	0	0	0.978	16.041	8.564	0	0	1	0.187	0.263	0	0	1	0.144	0.232	0	0	0	0.333	0.619	0	0.667	0	0.2	0	0.4	1	0	0.2	0	0.8	0.298	0.854
0	0	0	0	0	0	0	0	0	0	0	0	0	0	0	0	0	0	0	0	0	0	0	0	0	0	0	0	0	0	0	0	0	0	0	0	0	0	0	0	0.893	0.556
0	19.501	0	9.611	24.327	0	18.018	0	14.405	29.045	0.84	10.594	0	7.884	14.745	0	0.528	0	0.692	0.389	0	0.399	0	0.604	0.349	0	0.528	0	0.619	0.319	0	0.333	0.2	0	0.375	0	0.667	0.2	0.6	0.25	0	0.491
0	0	0	0	0	0	0	0	0	0	0	0	0	0	0	0	0	0	0	0	0	0	0	0	0	0	0	0	0	0	0	0.2	0	0	0	0	0	0	0	0	0	0.668
0	0	0	0	0	0	0	0	0	0	0	0	0	0	0	0	0	0	0	0	0	0	0	0	0	0	0	0	0	0	0	0	0	0	0	0	0	0	0	0	0.12	0.646
5.38	21.928	11.946	10.139	0	5.38	19.873	14.309	11.929	0	2.763	8.605	4.228	4.959	0.841	0.8	0.347	0.667	0.758	0	0.733	0.339	0.552	0.621	0	0.667	0.286	0.833	0.8	0	0	0.375	0	0	0	0	0.5	0.444	0	0	0.56	0.294
0	0	19.266	0	7.421	0	0.924	20.189	0	7.421	0	0.924	4.167	0	1.839	0	0	0.532	0	0.536	0	0	0.479	0	0.429	0	0	0	0	0	0	0	0	0	0	0	0	0	0.667	0	0.296	0.840
3.672	0	4.964	0.915	0	3.672	0	4.964	0.915	0	0.921	0	0.985	0.915	0	1	0	0.8	0	0	0.833	0	0.6	0	0	0	0	0	0	0	0	0.4	0.625	0	0.889	0.4	0	0	0	0.444	0.556	0.281
0	0	0	3.246	0	0	0	0	4.129	0	0	0	0	0	0	0	0	0	0.5	0	0	0	0	0.5	0	0	0	0	0	0	0	0.333	0.4	0	0.8	0.75	1	0.4	0.2	0.2	0	0.674
0	0	0	1.919	0	0	0	0	1.919	0.924	0	0	0	1.919	0.924	0	0	0	0	0	0	0	0	0	0	0	0	0	0	0	0	0.2	0	0	0	0	0	0.667	0	0	0.896	0.259
0	0	0	0	0	0	0	0	0	0	0	0	0	0	0	0	0	0	0	0	0	0	0	0	0	0	0	0	0	0	0	0	0	0	0	0	0	0	0	0	0.713	0.955
0	0	0	0	0	0	0	0	0	0	0	0	0	0	0	0	0	0	0	0	0	0	0	0	0	0	0	0	0	0	0	0	0	0	0.778	0.6	0	0.75	0	1	0	0.573
0	0	1.825	0	0	0.853	0.853	1.825	0	0	0.853	0.853	0.983	0	0	0	0	0	0	0	0	0	0	0	0	0	0	0	0	0	0.2	0.111	0.2	1	0.2	0	0	0.2	1	0.4	0.557	0.190
0	0	15.509	0	0	0	0	13.507	0	0	0	0	7.854	0	0	0	0	0.595	0	0	0	0	0.56	0	0	0	0	0.429	0	0	0	0	0	0.2	0	0	0	0	0	0	0	0.442
0	0	-1	0	-1	0	0	-1	0	-1	0	0	-1	0	-1	0	0	-1	0	-1	0	0	-1	0	-1	0	0	-1	0	-1	0	0	-1	0	-1	0	0	-1	0	-1	0.899	0.999
0	0	1.884	0	15.106	0	0	1.884	0	16.063	0	0	2.253	0	0.957	0	0	1	0	0.629	0	0	1	0	0.59	0	0	0	0	0	1	0.8	0.25	1	0	0.75	0.4	0	0.5	0	0.294	0.839
5.201	1.74	1.904	0	0	7.003	2.603	1.904	0	0	2.225	0	0	0	0	0.714	1	1	0	0	0.714	0.667	0	0	0	0	0	0	0	0	0.8	0.667	0	0	0.8	0	0	0	0	0.8	0	0.590
0	0	0	-1	0	0	0	0	-1	0	0	0	0	-1	0	0	0	0	-1	0	0	0	0	-1	0	0	0	0	-1	0	0	0	0	-1	0	0	0	0	-1	0	0.715	0.999
0.951	34.793	0	0	43.522	1.928	37.624	0	0	43.208	0.978	8.564	0	0	16.041	1	0.263	0	0	0.187	1	0.232	0	0	0.144	0	0.619	0	0	0.333	0	0	0.667	0.25	0.2	0	0	1	1	0.2	0.419	0.632
2.645	0.857	3.692	7.401	5.205	5.955	4.159	7.746	10.75	8.722	3.309	4.159	6.77	5.132	7.422	0.867	0.833	0.714	0.764	0.582	0.8	0.833	0.607	0.655	0.528	0.667	0.833	0.524	0.6	0.357	0	0	0	0	0	0	0	0.4	0	0	0.558	0.153
0	0	0	0	0	0	0	0	0	0	0	0	0	0	0	0	0	0	0	0	0	0	0	0	0	0	0	0	0	0	0	0	0	0	0	0	0	0.6	1	0.75	0.557	0.192
4.592	2.598	0	1.021	1.783	5.639	4.473	0.879	1.021	2.681	2.096	2.742	0.879	0	0.898	0.933	0.6	0	0	0.667	0.867	0.5	0	0	0.667	1	0.333	0	0	0	0	0	0	0	0	0	0	0	0.6	0	0.713	0.198
0	11.946	3.898	5.38	0.852	0	14.309	1.827	5.38	0.852	0.841	4.228	4.874	2.763	0.876	0	0.667	0.933	0.8	0	0	0.552	1	0.733	0	0	0.833	0.9	0.667	0	0	0	0	0	0.2	0	0.444	0	0	0.4	0	0.424
1.702	40.5	0	0	0	0.843	34.763	0	0	0	1.702	13.14	0	0	0	1	0.252	0	0	0	0	0.184	0	0	0	1	0.6	0	0	0	0	0	0	0.143	0	0	0	0	0	0	0	0.414
10.139	1.021	21.928	1.708	5.38	11.929	1.021	19.873	1.708	5.38	4.959	0	8.605	0.859	2.763	0.758	0	0.347	1	0.8	0.621	0	0.339	1	0.733	0.8	0	0.286	0	0.667	0	0	0.375	0	0	0	0	0.5	0	0	0.417	0.114
0	0	0	0	0	0	0	0	0	0	0	0	0	0	0	0	0	0	0	0	0	0	0	0	0	0	0	0	0	0	0	0	0	0	0	0	0	0	0	0	0.197	0.930
3.778	0	0	0	1.194	3.778	0	0	0	1.194	0	0	0	0	1.194	0.833	0	0	0	0	0.833	0	0	0	0	0	0	0	0	0	0	0.75	0	0	0	0	0	0	0.429	0	0	0.374
0	0	0	0	0	0	0	0	0	0	0	0	0	0	0	0	0	0	0	0	0	0	0	0	0	0	0	0	0	0	0	0	0	0	0	0	0	0	0	0	0.713	0.087
0	0	0	0	0	0	0	0	0	0	0	0	0	0	0	0	0	0	0	0	0	0	0	0	0	0	0	0	0	0	0	0	0	0	0	0	0	0	0	0	0.897	0.710
1.783	0	12.786	4.592	0	2.681	0.879	11.986	5.639	0	0.898	0.879	9.781	2.096	0	0.667	0	0.542	0.933	0	0.667	0	0.439	0.867	0	0	0	0.306	1	0	0	0	0.333	0	0.2	0	0	0	0	0	0.415	0.165
0	0	0	0.983	0	0	0	0	0.983	0	0	0	0	0.983	0	0	0	0	0	0	0	0	0	0	0	0	0	0	0	0	0	0	0	0	0	0	1	0	0	0.6	0.059	0.440
0	0	0	4.802	1.825	0.853	0	0.853	5.655	1.825	0.853	0	0.853	0.853	0.983	0	0	0	0.667	0	0	0	0	0.467	0	0	0	0	0	0	0.111	1	0.2	0	0.2	0	1	0	0	0.2	0.298	0.473
0	0	0	0	0	0	0	0	0	0	0	0	0	0	0	0	0	0	0	0	0	0	0	0	0	0	0	0	0	0	0	0	0	0	0	0	0	0	0	0	0.292	0.983
19.055	0.885	1.021	0	2.598	14.18	0.885	1.021	0	4.473	7.654	2.215	0	0	2.742	0.626	0	0	0	0.6	0.562	0	0	0	0.5	0.571	0	0	0	0.333	0	0	0	0.2	0	0	0	0.6	0	0	0	0.287
5.348	2.649	0	4.042	0	7.07	2.649	0	5.973	0.861	4.43	0	0	2.855	0.861	0.607	1	0	0.867	0	0.5	1	0	0.667	0	0.1	0	0	0.667	0	0	0	0	0	0	0	0	0	0	0	0.055	0.208
