0	0	0	1.782	0	0	0	0.877	1.782	0	0	0	0.877	0	0	0	0	0	1	0	0	0	0	1	0	0	0	0	0	0	0	0	0	0	0	0	0	0	0	0	0.059	0.308
0	0	0	0	0	0	0	0	0	0	0	0	0	0	0	0	0	0	0	0	0	0	0	0	0	0	0	0	0	0	0	0	0	0	0	0.4	0	0	0	0	0	0.581
15.332	8.721	5.573	3.663	12.71	24.895	17.46	14.077	10.128	19.862	12.649	7.849	8.236	6.654	13.067	0.533	0.699	0.681	0.727	0.562	0.525	0.691	0.67	0.711	0.626	0.291	0.238	0.357	0.333	0.379	0	0	0	0.2	0.6	0	0	0.75	0	0.2	0.119	0.292
14.532	8.356	0	4.605	0	17.538	10.289	0	8.548	0	9.192	6.649	0	6.745	0	0.641	0.909	0	0.889	0	0.641	0.909	0	0.889	0	0.778	0.762	0	0.857	0	0	0	0.2	0.333	0	0	0	0.4	0	0	0.294	0.297
9.97	0	0.873	0	18.966	13.386	0	0.907	0	23.403	7.716	0	1.781	0	7.543	0.667	0	1	0	0.504	0.641	0	0	0	0.504	0.81	0	1	0	0.857	0.4	0.667	0.25	1	0	0	0.333	0	0.8	0	0	0.384
0	0	0	0	0	0	0	0	0	0	0	0	0	0	0	0	0	0	0	0	0	0	0	0	0	0	0	0	0	0	0	0	0	0	0	0	0	0	0	0	0.554	0.344
0	14.38	0.884	0	9.475	0	17.653	1.906	0	12.326	0	10.122	1.023	0	6.837	0	0.551	1	0	0.59	0	0.544	1	0	0.59	0	0.583	0	0	0.714	1	0.125	0.25	0.75	0.8	1	0	0.375	0.375	1	0	0.996
0	0	3.76	0	0	0	0	5.097	0	0	0	0	2.311	0	0	0	0	0.5	0	0	0	0	0.5	0	0	0	0	0	0	0	1	0	0	0	0.4	0.75	0.6	0	0	0.2	0.196	0.864
6.622	0	4.629	0	12.389	9.961	0	8.812	0	17.3	5.399	0	4.2	0	6.124	0.867	0	0.806	0	0.706	0.867	0	0.806	0	0.743	0.7	0	0.667	0	0.6	0	0	0	0	0	0	0	0	0	0	0.557	0.298
18.294	0	17.512	18.966	15.605	23.124	0	19.695	23.403	18.214	9.477	0	6.282	7.543	9.08	0.377	0	0.392	0.504	0.536	0.355	0	0.374	0.504	0.529	0.643	0	0.733	0.857	0.679	0.571	0	0	0	0	0.857	0	0	0	0	0.716	0.301
0	0	0	0	0	0.877	0	0	0	0	0.877	0	0	0	0	0	0	0	0	0	0	0	0	0	0	0	0	0	0	0	0	0	0	0	0	0	0	0	0	0	0.415	0.315
8.741	0	0	0	0	10.833	0	0	0	0	4.087	0	0	0	0	0.618	0	0	0	0	0.582	0	0	0	0	0.5	0	0	0	0	0	0	0	1	0.2	0	0	0	1	0	0.42	0.204
0	0	0	0	0	0	0	0	0	0	0	0	0	0	0	0	0	0	0	0	0	0	0	0	0	0	0	0	0	0	0	0	0	0	0	0	0	0	1	0	0.056	0.664
0	0.91	0	0	0	0	0.91	0	0	0	0	0.91	0	0	0	0	0	0	0	0	0	0	0	0	0	0	0	0	0	0	0.667	0.25	0.4	0	0	1	0	1	0	0	0	0.908
0	0	0	0	0	0	0	0	0	0	0	0	0	0	0	0	0	0	0	0	0	0	0	0	0	0	0	0	0	0	0	0	0.75	0.5	0.333	0	0	1	0	0.333	0	0.442
0	0	0	0	0	0	0	0	0	0	0	0	0	0	0	0	0	0	0	0	0	0	0	0	0	0	0	0	0	0	0	0	0.8	0.25	0.667	0	0	0.8	0	1	0.419	0.555
0	0	0	0.917	0	0	0	0	0.917	0	0	0	0	0	0	0	0	0	0	0	0	0	0	0	0	0	0	0	0	0	0.2	0	0.4	0	0.2	0	0	0	0	0	0.298	0.138
0.903	4.618	3.779	0	0	2.967	4.611	4.882	0	0	2.967	2.853	1.103	0	0	1	0.933	0.9	0	0	1	0.9	0.9	0	0	0.333	0.333	0	0	0	0	0.4	0	0.2	0.4	0	0.6	0	0	0.2	0.414	0.212
0	8.1	0	0	0	0	6.893	0	0	0	0	5.2	0	0	0	0	0.893	0	0	0	0	0.857	0	0	0	0	0.8	0	0	0	0	0	0	0.333	0	0	0	0	0	0	0.297	0.237
18.966	0.873	0	9.97	18.294	23.403	0.907	0	13.386	23.124	7.543	1.781	0	7.716	9.477	0.504	1	0	0.667	0.377	0.504	0	0	0.641	0.355	0.857	1	0	0.81	0.643	0	0.25	0	0.4	0.571	0	0	0	0	0.857	0.556	0.214
0	0	0	0	8.741	0	0	0	0	10.833	0	0	0	0	4.087	0	0	0	0	0.618	0	0	0	0	0.582	0	0	0	0	0.5	1	0.667	0	0.333	0	1	1	0	0.333	0	0.198	0.994
0	0	0	0	0	0	0	0	0	0	0	0	0	0	0	0	0	0	0	0	0	0	0	0	0	0	0	0	0	0	0	0	0	0	0	0.4	0.333	0	0	0	0	0.444
0	8.975	7.033	7.379	0	0	10.872	8.023	8.209	0	0	4.02	5.079	4.403	0	0	0.727	0.833	0.756	0	0	0.709	0.821	0.679	0	0	0.833	0.8	0.833	0	0	0	0.2	0.333	0	0	0	0	0	0	0.898	0.258
0	0	0	3.76	0	1.337	0	0	5.097	0	1.337	0	0	2.311	0	0	0	0	0.5	0	0	0	0	0.5	0	0	0	0	0	0	0.25	0.4	0	0	0	0	0.2	0	0	0	0.294	0.359
9.619	12.96	1.891	12.216	5.671	17.189	21.436	4.853	20.632	11.581	10.578	11.544	5.816	12.322	7.968	0.721	0.557	0.8	0.533	0.894	0.721	0.543	0.8	0.519	0.894	0.667	0.509	0.733	0.455	0.821	0	0.5	1	0.75	0.6	0	0	1	0	1	0.558	0.418
7.379	0.952	8.975	0	0	8.209	0.952	10.872	0	0	4.403	0	4.02	0	0	0.756	0	0.727	0	0	0.679	0	0.709	0	0	0.833	0	0.833	0	0	0.333	0	0	0	0	0	0	0	0	0	0.117	0.371
0	0	0	0	0	0	0	0	0	0	0	0	0	0	0	0	0	0	0	0	0	0	0	0	0	0	0	0	0	0	0.5	0.5	0	1	0	0.5	0	0	1	0	0	0.752
0	0	0	0	0	0	0	0	0	0	0	0	0	0	0	0	0	0	0	0	0	0	0	0	0	0	0	0	0	0	0	0	0	0	0	0	0	0	0	0	0.894	0.473
0	0	0	0	0	0	0	0	0	0	0	0	0	0	0	0	0	0	0	0	0	0	0	0	0	0	0	0	0	0	0	0.5	0	0	0.75	0	0	0	0	1	0	0.554
18.946	0	2.756	5.127	0.976	19.868	0	2.756	6.216	0.976	10.731	0	0	2.265	0	0.395	0	1	1	0	0.398	0	1	0.867	0	0.178	0	0	0	0	1	0	0	0	0	0	0	0	0.2	0	0	0.235
5.573	15.332	12.71	8.721	15.629	14.077	24.895	19.862	17.46	24.934	8.236	12.649	13.067	7.849	14.147	0.681	0.533	0.562	0.699	0.533	0.67	0.525	0.626	0.691	0.529	0.357	0.291	0.379	0.238	0.5	0	0	0.6	0	0.8	0.75	0	0.2	0	0.8	0.294	0.564
0	0	0	0	0	0	0	0	0	0	0	0	0	0	0	0	0	0	0	0	0	0	0	0	0	0	0	0	0	0	0	0.5	0	0.5	0	0	0.5	0	0	0	0	0.721
0	0	0	0.91	2.105	0	0	0	0.91	2.105	0	0	0	0.91	2.105	0	0	0	0	1	0	0	0	0	0	0	0	0	0	1	0.4	0.667	0	0.25	0	1	1	0	0	0	0.056	0.800
0	0	0	0	0	0	0	0	0	0	0	0	0	0	0	0	0	0	0	0	0	0	0	0	0	0	0	0	0	0	0	0	0	0	0	0.333	0	1	0	0	0.198	0.495
0.873	9.97	18.966	0	0	0.907	13.386	23.403	0	0	1.781	7.716	7.543	0	0	1	0.667	0.504	0	0	0	0.641	0.504	0	0	1	0.81	0.857	0	0	0.25	0.4	0	0.667	0	0	0	0	0.333	0	0	0.382
0	0	0	0	0	0	0	0	0	0	0	0	0	0	0	0	0	0	0	0	0	0	0	0	0	0	0	0	0	0	0.5	0	0	0	0	0	0	0	0	0	0.195	0.415
0	0	0	0	0	0	0.877	0	0	0.877	0	0.877	0	0	0.877	0	0	0	0	0	0	0	0	0	0	0	0	0	0	0	0	0	0	0	0.286	0	0	0	0	0.429	0.556	0.190
3.779	0.903	0	4.618	5.127	4.882	2.967	0	4.611	6.216	1.103	2.967	0	2.853	2.265	0.9	1	0	0.933	1	0.9	1	0	0.9	0.867	0	0.333	0	0.333	0	0	0	0.4	0.4	0	0	0	0.2	0.6	0.2	0.296	0.149
8.356	4.605	14.532	12.229	0	10.289	8.548	17.538	18.516	0	6.649	6.745	9.192	8.411	0	0.909	0.889	0.641	0.655	0	0.909	0.889	0.641	0.649	0	0.762	0.857	0.778	0.75	0	0	0.333	0	0.25	0.2	0	0	0	0	0.4	0.42	0.240
8.721	3.663	15.332	10.408	5.573	17.46	10.128	24.895	18.479	14.077	7.849	6.654	12.649	5.858	8.236	0.699	0.727	0.533	0.712	0.681	0.691	0.711	0.525	0.706	0.67	0.238	0.333	0.291	0.6	0.357	0	0.2	0	0	0	0	0	0	0	0.75	0.419	0.230
0	18.966	18.294	0.873	17.512	0	23.403	23.124	0.907	19.695	0	7.543	9.477	1.781	6.282	0	0.504	0.377	1	0.392	0	0.504	0.355	0	0.374	0	0.857	0.643	1	0.733	0	0	0.571	0.25	0	0	0	0.857	0	0	0.896	0.337
0.952	0	7.379	0	8.975	0.952	0	8.209	0	10.872	0	0	4.403	0	4.02	0	0	0.756	0	0.727	0	0	0.679	0	0.709	0	0	0.833	0	0.833	0	0	0.333	0	0	0	0	0	0	0	0.117	0.375
0	0	8.741	0	0	0	0	10.833	0	0	0	0	4.087	0	0	0	0	0.618	0	0	0	0	0.582	0	0	0	0	0.5	0	0	0	1	0	0.667	0	0	1	0	1	0	0	0.901
0	0	0	0	0	0	0	0	0	0	0	0	0	0	0	0	0	0	0	0	0	0	0	0	0	0	0	0	0	0	0	0	0	0	0	0	0	0	0	0	0.718	0.177
0	0	0	0	0	0	0	0	0	0	0	0	0	0	0	0	0	0	0	0	0	0	0	0	0	0	0	0	0	0	0.75	0	0.333	0	0.667	1	0	0.333	0	1	0.117	0.867
0	0	0	0	0	0	0	0	0	0	0	0	0	0	0	0	0	0	0	0	0	0	0	0	0	0	0	0	0	0	0	0	0	0	0	0	0	0	0	0	0.897	0.674
0.91	0	0	0	0	0.91	0	0	0	0	0.91	0	0	0	0	0	0	0	0	0	0	0	0	0	0	0	0	0	0	0	0	0	0.8	0	0	0	0	0	0	0	0.299	0.150
12.71	5.573	15.629	15.332	1.762	19.862	14.077	24.934	24.895	6.256	13.067	8.236	14.147	12.649	4.621	0.562	0.681	0.533	0.533	0.786	0.626	0.67	0.529	0.525	0.762	0.379	0.357	0.5	0.291	0.6	0.6	0	0.8	0	1	0.2	0.75	0.8	0	1	0	0.448
0	0	0	0	0	0	0	0	0	0	0	0	0	0	0	0	0	0	0	0	0	0	0	0	0	0	0	0	0	0	0	0	0	0	0	0	0	0	0.6	0	0.418	0.303
0	0	1.925	0	0	0	0	0.883	0	0	0	0	1.925	0	0	0	0	1	0	0	0	0	0	0	0	0	0	1	0	0	0.75	0	0	0	0	0.25	0	0	0	0	0	0.946
3.76	0	0	0	0	5.097	0	0	0	1.337	2.311	0	0	0	1.337	0.5	0	0	0	0	0.5	0	0	0	0	0	0	0	0	0	0	1	0.4	0	0.25	0	0.75	0.2	0.6	0	0	0.251
0	0	0	0	9.797	0	0	0	0	10.834	0	0	0	0	4.117	0	0	0	0	0.6	0	0	0	0	0.564	0	0	0	0	0.833	0	0	0	0	0	0	0	0	0	0	0.72	0.284
8.975	7.379	0	0.952	7.033	10.872	8.209	0	0.952	8.023	4.02	4.403	0	0	5.079	0.727	0.756	0	0	0.833	0.709	0.679	0	0	0.821	0.833	0.833	0	0	0.8	0	0.333	0	0	0.2	0	0	0	0	0	0.294	0.446
0	3.779	5.127	0.903	0	0	4.882	6.216	2.967	0	0	1.103	2.265	2.967	0	0	0.9	1	1	0	0	0.9	0.867	1	0	0	0	0	0.333	0	0.4	0	0	0	0	0.2	0	0.2	0	0	0	0.527
1.891	9.619	5.671	12.96	12.229	4.853	17.189	11.581	21.436	18.516	5.816	10.578	7.968	11.544	8.411	0.8	0.721	0.894	0.557	0.655	0.8	0.721	0.894	0.543	0.649	0.733	0.667	0.821	0.509	0.75	1	0	0.6	0.5	0.25	1	0	1	0	0	0.414	0.775
0	5.127	18.946	0	2.756	0	6.216	19.868	0	2.756	0	2.265	10.731	0	0	0	1	0.395	0	1	0	0.867	0.398	0	1	0	0	0.178	0	0	0	0	1	0.4	0	0	0.2	0	0.2	0	0.419	0.310
2.105	0	0	0	0	2.105	0	0	0	0	2.105	0	0	0	0	1	0	0	0	0	0	0	0	0	0	1	0	0	0	0	0	0	0.667	0.4	0	0	0	0.667	1	0	0.557	0.307
0	15.605	0	17.512	0	0	18.214	0	19.695	0	0	9.08	0	6.282	0	0	0.536	0	0.392	0	0	0.529	0	0.374	0	0	0.679	0	0.733	0	0	0	0	0	0	0	0	0	0	0	0.713	0.471
9.475	0.884	0	0	13.501	12.326	1.906	0	0	13.487	6.837	1.023	0	0	9.791	0.59	1	0	0	0.581	0.59	1	0	0	0.667	0.714	0	0	0	0.639	0.8	0.25	0.667	1	0.5	1	0.375	1	1	0.25	0.198	0.489
0	0	0	0	0	0	0	0	0	0	0	0	0	0	0	0	0	0	0	0	0	0	0	0	0	0	0	0	0	0	0.2	0	0	0	0	0	0	0	0	0	0	0.717
12.216	13.791	12.96	1.762	9.619	20.632	22.43	21.436	6.256	17.189	12.322	12.679	11.544	4.621	10.578	0.533	0.58	0.557	0.786	0.721	0.519	0.571	0.543	0.762	0.721	0.455	0.545	0.509	0.6	0.667	0.75	0	0.5	1	0	0	0	0	1	0	0.415	0.511
0	2.105	0	0	0	0	2.105	0	0	0	0	2.105	0	0	0	0	1	0	0	0	0	0	0	0	0	0	1	0	0	0	0.667	0	0	0	0	0.667	0	0	0	0	0.117	0.504
0	0	0	0	27.748	0	0	0	0	30.99	0	0	0	0	8.429	0	0	0	0	0.308	0	0	0	0	0.299	0	0	0	0	0.214	0	0	0	0	0	0	0.4	0	0.333	0.2	0	0.369
0	0	0	0	0	0	0	0	0	0	0	0	0	0	0	0	0	0	0	0	0	0	0	0	0	0	0	0	0	0	0	0	0.2	0.25	0	0	0	0	0	0	0.42	0.270
0	0	0	0	0	0	0	0	0	0	0	0	0	0	0	0	0	0	0	0	0	0	0	0	0	0	0	0	0	0	0	0	1	0.667	1	0	0	1	0.667	1	0.72	0.185
0	0	0	0	1.925	0	0	0	0	0.883	0	0	0	0	1.925	0	0	0	0	1	0	0	0	0	0	0	0	0	0	1	0	0	0.75	1	0	0	0	0.25	1	0	0.198	0.416
0	0	0.91	0	0	0	0	0.91	0	0	0	0	0.91	0	0	0	0	0	0	0	0	0	0	0	0	0	0	0	0	0	0	0	0.25	0.8	0.667	0	0	0	0.2	1	0.72	0.235
0	0	0	0	0	0	0	0	0	0	0	0	0	0	0	0	0	0	0	0	0	0	0	0	0	0	0	0	0	0	1	0.2	0.5	0.2	0.5	1	0.2	0	0.4	0.5	0	0.995
0	0	0	0	6.622	0	0	0	0	9.961	0	0	0	0	5.399	0	0	0	0	0.867	0	0	0	0	0.867	0	0	0	0	0.7	0	0	0	0	0	0	0	0	0	0	0	0.524
0	0	0	0	0	0	0	0	0	0	0	0	0	0	0	0	0	0	0	0	0	0	0	0	0	0	0	0	0	0	0	0.5	0	0.667	1	0	0	0.6	1	0.75	0.298	0.296
0	0.976	0	2.756	0	0	0.976	0	2.756	0	0	0	0	0	0	0	0	0	1	0	0	0	0	1	0	0	0	0	0	0	0	0	0	0	0	0	0	0	0	0	0.419	0.314
0	0	0	0	0	0	0	0	0	0	0	0	0	0	0	0	0	0	0	0	0	0	0	0	0	0	0	0	0	0	0	0	0	0	0	0	0	0	0	0	0	0.480
0	0	0	0	0	0	0	0	0	0	0	0	0	0	0	0	0	0	0	0	0	0	0	0	0	0	0	0	0	0	0.5	0.667	0	0.8	0	0	1	0	0.8	0.6	0.3	0.633
0	0	0	0	0	0	0	0	0	0	0	0	0	0	0	0	0	0	0	0	0	0	0	0	0	0	0	0	0	0	0	0	0.333	0	0	0	0	0	0	0	0.419	0.182
0.884	0	9.475	14.38	0	1.906	0	12.326	17.653	0	1.023	0	6.837	10.122	0	1	0	0.59	0.551	0	1	0	0.59	0.544	0	0	0	0.714	0.583	0	0.25	1	0.8	0.125	0.667	0.375	1	1	0	1	0	0.491
2.756	18.946	0.976	0	0	2.756	19.868	0.976	0	0	0	10.731	0	0	0	1	0.395	0	0	0	1	0.398	0	0	0	0	0.178	0	0	0	0	1	0	0	0	0	0	0	0	0	0	0.278
0	0	2.105	0	0	0	0	2.105	0	0	0	0	2.105	0	0	0	0	1	0	0	0	0	0	0	0	0	0	1	0	0	0	0.4	0	0.667	0.667	0	1	0	1	0.667	0.716	0.208
0	0	0	0	0	0	0	0	0	0	0	0	0	0	0	0	0	0	0	0	0	0	0	0	0	0	0	0	0	0	0	0	0	0	0	0	0	0.333	0	0.4	0	0.401
17.512	18.294	15.605	0	0	19.695	23.124	18.214	0	0	6.282	9.477	9.08	0	0	0.392	0.377	0.536	0	0	0.374	0.355	0.529	0	0	0.733	0.643	0.679	0	0	0	0.571	0	0	0	0	0.857	0	0	0	0.559	0.252
4.629	6.622	12.389	0	6.697	8.812	9.961	17.3	0	13.417	4.2	5.399	6.124	0	5.665	0.806	0.867	0.706	0	0.744	0.806	0.867	0.743	0	0.744	0.667	0.7	0.6	0	0.5	0	0	0	0	0	0	0	0	0	0.2	0.118	0.319
0	0	0	0	0	0	0	0	0	0	0	0	0	0	0	0	0	0	0	0	0	0	0	0	0	0	0	0	0	0	1	0.556	0	0	0	1	0.222	0	0	0	0.117	0.876
12.96	12.216	9.619	13.791	1.891	21.436	20.632	17.189	22.43	4.853	11.544	12.322	10.578	12.679	5.816	0.557	0.533	0.721	0.58	0.8	0.543	0.519	0.721	0.571	0.8	0.509	0.455	0.667	0.545	0.733	0.5	0.75	0	0	1	0	0	0	0	1	0.3	0.245
0	-1	0	-1	0	0	-1	0	-1	0	0	-1	0	-1	0	0	-1	0	-1	0	0	-1	0	-1	0	0	-1	0	-1	0	0	-1	0	-1	0	0	-1	0	-1	0	0.899	0.999
0	0	0	2.105	0	0	0	0	2.105	0	0	0	0	2.105	0	0	0	0	1	0	0	0	0	0	0	0	0	0	1	0	0	0.667	0	0	1	0	0.667	0	0	1	0.415	0.290
0	0	0	0	0	0	0	0	0	0	0	0	0	0	0	0	0	0	0	0	0	0	0	0	0	0	0	0	0	0	0	0	0	0	0	0	1	0	0.333	0	0.558	0.627
0	0	0	0	0	0	0	0	0	0	0	0	0	0	0	0	0	0	0	0	0	0	0	0	0	0	0	0	0	0	1	0	1	0	1	1	0	1	0	1	0.557	0.979
0	0	0	0	0	0	0	0	0	0	0	0	0	0	0	0	0	0	0	0	0	0	0	0	0	0	0	0	0	0	0	0	0	0.2	0	0	0	0.667	0.4	0	0	0.583
0	0	0	0	0	0	0	0	0	0	0	0	0	0	0	0	0	0	0	0	0	0	0	0	0	0	0	0	0	0	0	0	0.25	0	0	0	0	0	0	0	0.418	0.170
0.91	0	0	0	0	0.91	0	0	0	0	0.91	0	0	0	0	0	0	0	0	0	0	0	0	0	0	0	0	0	0	0	0.25	0	0.667	0	0.4	0	0	1	0	1	0.3	0.291
6.743	9.797	0	0	0	8.675	10.834	0	0	0	3.952	4.117	0	0	0	0.806	0.6	0	0	0	0.75	0.564	0	0	0	0.833	0.833	0	0	0	0.6	0	0	0	0	0	0	0	0	0	0.298	0.328
0	0	0	0	0	0	0	0	0	0	0	0	0	0	0	0	0	0	0	0	0	0	0	0	0	0	0	0	0	0	0	1	0	0.556	0.75	0	1	0	0.222	0.25	0.419	0.204
0	0	0	0	0	0	0	0.877	0.877	0	0	0	0.877	0.877	0	0	0	0	0	0	0	0	0	0	0	0	0	0	0	0	0	0	0.286	0	0	0	0	0.429	0	0	0.554	0.224
0	0	0	0	0.91	0	0	0	0	0.91	0	0	0	0	0.91	0	0	0	0	0	0	0	0	0	0	0	0	0	0	0	0	0.2	0	0	0	0	0	0	0	0	0.298	0.399
0	0	0	7.033	0	0	0	0	8.023	0	0	0	0	5.079	0	0	0	0	0.833	0	0	0	0	0.821	0	0	0	0	0.8	0	0	0	0	0.2	0	0.6	0	0	0	0	0.298	0.451
0	0	0	0	0	0	0	0	0	0	0	0	0	0	0	0	0	0	0	0	0	0	0	0	0	0	0	0	0	0	0.667	0.8	0.5	0	0	1	0.8	0	0	0	0	0.819
0	0	0	0	0	0	0	0	0	0	0	0	0	0	0	0	0	0	0	0	0	0	0	0	0	0	0	0	0	0	0.5	1	0.5	0.2	0	0	1	0.5	0.2	0	0	0.690
0	0	9.797	0	6.743	0	0	10.834	0	8.675	0	0	4.117	0	3.952	0	0	0.6	0	0.806	0	0	0.564	0	0.75	0	0	0.833	0	0.833	0	0	0	0	0.6	0	0	0	0	0	0.555	0.260
0	0	0	0	0	0	0	0	0	0	0	0	0	0	0	0	0	0	0	0	0	0	0	0	0	0	0	0	0	0	0	0	0	0	0	0	0	0	0.4	0	0.198	0.298
0	0	0	0	3.76	0	0	0	0	5.097	0	0	0	0	2.311	0	0	0	0	0.5	0	0	0	0	0.5	0	0	0	0	0	0	0	1	0.5	0	0.6	0	0.75	0	0	0.056	0.530
0	0	0	0	0	0	0	0	0	0	0	0	0	0	0	0	0	0	0	0	0	0	0	0	0	0	0	0	0	0	0.4	0.2	0.2	0	0.333	0	0	0	0	0	0	0.463
0	0	0	0	0	0	0	0	0	0	0	0	0	0	0	0	0	0	0	0	0	0	0	0	0	0	0	0	0	0	0.667	0.333	1	0.75	0	1	0.333	1	1	0	0.117	0.702
27.748	0	0	0	14.38	30.99	0	0	0	17.653	8.429	0	0	0	10.122	0.308	0	0	0	0.551	0.299	0	0	0	0.544	0.214	0	0	0	0.583	0	0	0.75	0	0.125	0.2	0	0.375	0	0	0.298	0.253
0	0	0	0	0	0	0	0	0	0	0	0	0	0	0	0	0	0	0	0	0	0	0	0	0	0	0	0	0	0	0.556	0	1	0	0	0.222	0	1	0	0	0	0.640
0	0	0	0	0	0	0	0	0	0	0	0	0	0	0	0	0	0	0	0	0	0	0	0	0	0	0	0	0	0	1	1	1	0	1	1	1	1	0	0.8	0	0.949
0	0	0	0	0	0	0	0	0	0	0	0	0	0	0	0	0	0	0	0	0	0	0	0	0	0	0	0	0	0	0	0	0	0	0.25	0	0	0	0	0	0.714	0.568
0	0	0	0	0	0	0	0	0	0	0	0	0	0	0	0	0	0	0	0	0	0	0	0	0	0	0	0	0	0	0.8	0.4	0	0	0	0.2	0	0	0	0	0	0.824
0	0	0	0	0	0	0	0	0	0	0	0	0	0	0	0	0	0	0	0	0	0	0	0	0	0	0	0	0	0	0	0.333	0	0	0	0	0	0	0	0	0.059	0.415
0	0	0	0.976	0	0	0	0	0.976	0	0	0	0	0	0	0	0	0	0	0	0	0	0	0	0	0	0	0	0	0	0	0	0	0	0	0	0	0	0	0	0.419	0.378
0	0	0	1.925	0	0	0	0	0.883	0	0	0	0	1.925	0	0	0	0	1	0	0	0	0	0	0	0	0	0	1	0	0.4	0	0.8	0	0	0	0	0.2	0	0	0	0.428
0	0	0	13.501	0	0	0	0	13.487	0	0	0	0	9.791	0	0	0	0	0.581	0	0	0	0	0.667	0	0	0	0	0.639	0	0.2	0.2	1	0.5	0.5	0.2	0.4	1	0.25	0	0	0.688
2.264	0	0	0	0	1.222	0	0	0	0	2.264	0	0	0	0	1	0	0	0	0	0	0	0	0	0	1	0	0	0	0	0.4	0	0	0.875	0.2	0	0.2	0	0.75	0	0.717	0.301
9.797	0	6.743	0	0	10.834	0	8.675	0	0	4.117	0	3.952	0	0	0.6	0	0.806	0	0	0.564	0	0.75	0	0	0.833	0	0.833	0	0	0	0	0.6	0	0	0	0	0	0	0	0.296	0.207
0	0	0	0	0	0	0	0	0	0	0	0	0	0	0	0	0	0	0	0	0	0	0	0	0	0	0	0	0	0	0	0	0	0.333	0.5	0	0	0	0	0	0.417	0.300
0	0	0	0	0	0	0	0	0	0	0	0	0	0	0	0	0	0	0	0	0	0	0	0	0	0	0	0	0	0	0	0	0	0	0	0	0	0	0	0	0	0.497
6.697	12.389	10.408	4.629	3.663	13.417	17.3	18.479	8.812	10.128	5.665	6.124	5.858	4.2	6.654	0.744	0.706	0.712	0.806	0.727	0.744	0.743	0.706	0.806	0.711	0.5	0.6	0.6	0.667	0.333	0	0	0	0	0.2	0.2	0	0	0	0	0.418	0.482
0	0	0	0	0.917	0	0	0	0	0.917	0	0	0	0	0	0	0	0	0	0	0	0	0	0	0	0	0	0	0	0	0	0	0	0	0	0.667	0	0	0	0	0.117	0.727
0	0	0	0	0	0	0	0	0	0	0	0	0	0	0	0	0	0	0	0	0	0	0	0	0	0	0	0	0	0	0	0.25	0	0	0.2	0	0	0	0	0	0.555	0.206
4.618	0	0.903	0	3.779	4.611	0	2.967	0	4.882	2.853	0	2.967	0	1.103	0.933	0	1	0	0.9	0.9	0	1	0	0.9	0.333	0	0.333	0	0	0.4	0.2	0	0	0	0.6	0	0	0	0	0	0.677
0	0	0	0	0	0	0	0	0	0	0	0	0	0	0	0	0	0	0	0	0	0	0	0	0	0	0	0	0	0	0	0	0	0.8	0.333	0	0	0	0	0	0.894	0.249
0	0	0	0	0	0	0	0	0	0	0	0	0	0	0	0	0	0	0	0	0	0	0	0	0	0	0	0	0	0	0	0	0	0	0	0	0	0.333	0	1	0.415	0.480
0	0	0	0	0	0.877	0	0	0	0	0.877	0	0	0	0	0	0	0	0	0	0	0	0	0	0	0	0	0	0	0	0.286	0	0	0	0	0.429	0	0	0	0	0.299	0.403
0	0	0	0	0.91	0	0	0	0	0.91	0	0	0	0	0.91	0	0	0	0	0	0	0	0	0	0	0	0	0	0	0	0	0.8	0	0.4	0.25	0	0.2	0	0	0	0.418	0.178
0	0	0	0	0	0	0	0	0	0	0	0	0	0	0	0	0	0	0	0	0	0	0	0	0	0	0	0	0	0	0	0	0	0	0	0	0	0	0	0.333	0.556	0.333
0	0	6.622	0	4.629	0	0	9.961	0	8.812	0	0	5.399	0	4.2	0	0	0.867	0	0.806	0	0	0.867	0	0.806	0	0	0.7	0	0.667	0	0	0	0	0	0	0	0	0	0	0.417	0.268
0	0	0	0	2.264	0	0	0	0	1.222	0	0	0	0	2.264	0	0	0	0	1	0	0	0	0	0	0	0	0	0	1	0.875	0	0	0	0.4	0.75	0	0.2	0	0	0	0.704
7.033	0	0	8.975	0	8.023	0	0	10.872	0	5.079	0	0	4.02	0	0.833	0	0	0.727	0	0.821	0	0	0.709	0	0.8	0	0	0.833	0	0.2	0	0	0	0	0	0	0	0	0.6	0.118	0.375
0	0	0	0	0	0	0	0	0	0	0	0	0	0	0	0	0	0	0	0	0	0	0	0	0	0	0	0	0	0	0	0	0	0	0	0	0	0	0	0	0.298	0.365
5.671	1.891	12.229	9.619	4.605	11.581	4.853	18.516	17.189	8.548	7.968	5.816	8.411	10.578	6.745	0.894	0.8	0.655	0.721	0.889	0.894	0.8	0.649	0.721	0.889	0.821	0.733	0.75	0.667	0.857	0.6	1	0.25	0	0.333	1	1	0	0	0	0.015	0.702
0	0	0	0	8.1	0	0	0	0	6.893	0	0	0	0	5.2	0	0	0	0	0.893	0	0	0	0	0.857	0	0	0	0	0.8	0.2	0.4	0.333	0.2	0	0	0	0	0	0	0	0.308
0	0	0	0	0	0	0	0	0	0	0	0	0	0	0	0	0	0	0	0	0	0	0	0	0	0	0	0	0	0	0.333	0	0	0	0	0	0	0	0	0	0.893	0.666
0	1.925	0	0	0	0	0.883	0	0	0	0	1.925	0	0	0	0	1	0	0	0	0	0	0	0	0	0	1	0	0	0	0	0	0.4	0.75	0.8	0	0	0	0.25	0.2	0.415	0.177
0	0	0	0	-1	0	0	0	0	-1	0	0	0	0	-1	0	0	0	0	-1	0	0	0	0	-1	0	0	0	0	-1	0	0	0	0	-1	0	0	0	0	-1	0.894	0.703
0	0	27.748	0	0	0	0	30.99	0	0	0	0	8.429	0	0	0	0	0.308	0	0	0	0	0.299	0	0	0	0	0.214	0	0	0	0	0	0	0.75	0	0	0.2	0.4	0.375	0.3	0.166
0	0	2.264	0	0	0	0	1.222	0	0	0	0	2.264	0	0	0	0	1	0	0	0	0	0	0	0	0	0	1	0	0	0	0.875	0.4	0	0	0.2	0.75	0	0	0	0.299	0.311
13.791	1.762	12.216	15.629	12.96	22.43	6.256	20.632	24.934	21.436	12.679	4.621	12.322	14.147	11.544	0.58	0.786	0.533	0.533	0.557	0.571	0.762	0.519	0.529	0.543	0.545	0.6	0.455	0.5	0.509	0	1	0.75	0.8	0.5	0	1	0	0.8	0	0.198	0.501
0	0	0	0	0	0	1.337	0	0	0	0	1.337	0	0	0	0	0	0	0	0	0	0	0	0	0	0	0	0	0	0	0	0.25	0	0.4	0.875	0	0	0	0.2	0.75	0.418	0.262
0	0	0	0	0	0	0	0	0	0	0	0	0	0	0	0	0	0	0	0	0	0	0	0	0	0	0	0	0	0	0	0	0	0	0	0	0.6	0	0	0	0.556	0.280
8.1	0	0	0	0	6.893	0	0	0	0	5.2	0	0	0	0	0.893	0	0	0	0	0.857	0	0	0	0	0.8	0	0	0	0	0	0.333	0	0.2	0	0	0	0	0	0	0	0.438
15.605	17.512	0	18.294	0	18.214	19.695	0	23.124	0	9.08	6.282	0	9.477	0	0.536	0.392	0	0.377	0	0.529	0.374	0	0.355	0	0.679	0.733	0	0.643	0	0	0	0	0.571	0	0	0	0	0.857	0	0.117	0.347
0	0	0.952	6.743	7.379	0	0	0.952	8.675	8.209	0	0	0	3.952	4.403	0	0	0	0.806	0.756	0	0	0	0.75	0.679	0	0	0	0.833	0.833	0	0	0	0.6	0.333	0	0	0	0	0	0.415	0.163
0	2.264	0	0	1.782	0	1.222	0	0	1.782	0	2.264	0	0	0	0	1	0	0	1	0	0	0	0	1	0	1	0	0	0	0	0.4	0.2	0	0	0	0	0	0.2	0	0.896	0.228
0	0	0	0	0	0	0	0	0	0	0	0	0	0	0	0	0	0	0	0	0	0	0	0	0	0	0	0	0	0	1	1	1	1	0.667	1	1	0.8	1	0.333	0	0.984
0	0	1.782	2.264	0	0	0	1.782	1.222	0	0	0	0	2.264	0	0	0	1	1	0	0	0	1	0	0	0	0	0	1	0	0.2	0	0	0.4	0	0	0	0	0	0	0.292	0.251
0	14.532	0	8.356	0	0	17.538	0	10.289	0	0	9.192	0	6.649	0	0	0.641	0	0.909	0	0	0.641	0	0.909	0	0	0.778	0	0.762	0	0.2	0	0	0	0	0.4	0	0	0	0	0	0.491
0	0	0	0	0	0	0	0	0	0	0	0	0	0	0	0	0	0	0	0	0	0	0	0	0	0	0	0	0	0	0	0	0.25	0	0	0	0	0	0	0	0	0.468
0	0	0	0	0	0	0	0	0	0	0	0	0	0	0	0	0	0	0	0	0	0	0	0	0	0	0	0	0	0	0	0	0	0	0	0	0	0	0	0	0	0.499
0	0	0	-1	0	0	0	0	-1	0	0	0	0	-1	0	0	0	0	-1	0	0	0	0	-1	0	0	0	0	-1	0	0	0	0	-1	0	0	0	0	-1	0	0.716	0.999
0	9.475	13.501	0.884	0	0	12.326	13.487	1.906	0	0	6.837	9.791	1.023	0	0	0.59	0.581	1	0	0	0.59	0.667	1	0	0	0.714	0.639	0	0	0.667	0.8	0.5	0.25	0.2	1	1	0.25	0.375	0.4	0	0.971
12.389	4.629	6.697	6.622	10.408	17.3	8.812	13.417	9.961	18.479	6.124	4.2	5.665	5.399	5.858	0.706	0.806	0.744	0.867	0.712	0.743	0.806	0.744	0.867	0.706	0.6	0.667	0.5	0.7	0.6	0	0	0	0	0	0	0	0.2	0	0	0.296	0.325
0	0	0	0	0	0	0	0	0	0	0	0	0	0	0	0	0	0	0	0	0	0	0	0	0	0	0	0	0	0	0	0.25	0	0	0.8	0	0	0	0	0.8	0	0.581
0	0	0.917	0	0	0	0	0.917	0	0	0	0	0	0	0	0	0	0	0	0	0	0	0	0	0	0	0	0	0	0	0	0	0	0	0	0	0.667	0	0	0	0.557	0.165
0	0	0	0	0	0	0	0	0	0	0	0	0	0	0	0	0	0	0	0	0	0	0	0	0	0	0	0	0	0	0	0	0	0	0	0	0	0	0	0	0	0.199
13.501	0	0	9.475	0	13.487	0	0	12.326	0	9.791	0	0	6.837	0	0.581	0	0	0.59	0	0.667	0	0	0.59	0	0.639	0	0	0.714	0	0.5	0.667	0.2	0.8	0.2	0.25	1	0.4	1	0.2	0	0.346
0	0	0	0	9.97	0	0	0	0	13.386	0	0	0	0	7.716	0	0	0	0	0.667	0	0	0	0	0.641	0	0	0	0	0.81	1	1	0.667	1	0.4	0.8	1	0.333	1	0	0	0.943
0	6.743	0	9.797	0.952	0	8.675	0	10.834	0.952	0	3.952	0	4.117	0	0	0.806	0	0.6	0	0	0.75	0	0.564	0	0	0.833	0	0.833	0	0	0.6	0	0	0	0	0	0	0	0	0.557	0.234
3.663	10.408	8.721	6.697	15.332	10.128	18.479	17.46	13.417	24.895	6.654	5.858	7.849	5.665	12.649	0.727	0.712	0.699	0.744	0.533	0.711	0.706	0.691	0.744	0.525	0.333	0.6	0.238	0.5	0.291	0.2	0	0	0	0	0	0	0	0.2	0	0	0.480
0	0	0	0	0	0	0	0	1.337	0	0	0	0	1.337	0	0	0	0	0	0	0	0	0	0	0	0	0	0	0	0	0	0	0.875	0.25	0	0	0	0.75	0	0.2	0.298	0.263
1.782	0	0	0	0	1.782	0	0	0	0	0	0	0	0	0	1	0	0	0	0	1	0	0	0	0	0	0	0	0	0	0	0.2	0	0	0	0	0	0	0	0	0.898	0.175
0	0	0	0	0	0	0.877	0	0	0	0	0.877	0	0	0	0	0	0	0	0	0	0	0	0	0	0	0	0	0	0	0	0.286	0	0	0.556	0	0.429	0	0	0.222	0.292	0.277
0	0	0	0	0	0	0	0	0	0	0	0	0	0	0	0	0	0	0	0	0	0	0	0	0	0	0	0	0	0	0	0	0.5	0	0	0	0	0	0	0	0	0.753
0	0	4.618	8.741	0.903	0	0	4.611	10.833	2.967	0	0	2.853	4.087	2.967	0	0	0.933	0.618	1	0	0	0.9	0.582	1	0	0	0.333	0.5	0.333	0.2	0	0.4	0	0	0	0	0.6	0	0	0	0.531
0.976	2.756	0	18.946	0	0.976	2.756	0	19.868	0	0	0	0	10.731	0	0	1	0	0.395	0	0	1	0	0.398	0	0	0	0	0.178	0	0	0	0	1	0	0	0	0	0	0	0.717	0.191
0	0	8.1	0	0	0	0	6.893	0	0	0	0	5.2	0	0	0	0	0.893	0	0	0	0	0.857	0	0	0	0	0.8	0	0	0.333	0.2	0	0.4	0	0	0	0	0	0	0	0.572
0	0	0	0	0	0	0	0	0	0	0	0	0	0	0	0	0	0	0	0	0	0	0	0	0	0	0	0	0	0	0	0	0	0	0	0.333	0	0.4	0	0	0.018	0.478
0	0	0	0	0	0	0	0	0	0	0	0	0	0	0	0	0	0	0	0	0	0	0	0	0	0	0	0	0	0	0	0	0	0	0	1	0.333	0	0	0	0.117	0.609
0	0	0	0	0	0	0	0	0	0	0	0	0	0	0	0	0	0	0	0	0	0	0	0	0	0	0	0	0	0	0	0	0	0.5	0	0	0	0	0.5	0	0	0.307
0	0	0	0	0	0	0	0	0	0	0	0	0	0	0	0	0	0	0	0	0	0	0	0	0	0	0	0	0	0	0	0	0	0	0	0	0	0	0	0	0.72	0.368
15.629	12.71	1.762	5.573	13.791	24.934	19.862	6.256	14.077	22.43	14.147	13.067	4.621	8.236	12.679	0.533	0.562	0.786	0.681	0.58	0.529	0.626	0.762	0.67	0.571	0.5	0.379	0.6	0.357	0.545	0.8	0.6	1	0	0	0.8	0.2	1	0.75	0	0.298	0.509
0	0	-1	0	-1	0	0	-1	0	-1	0	0	-1	0	-1	0	0	-1	0	-1	0	0	-1	0	-1	0	0	-1	0	-1	0	0	-1	0	-1	0	0	-1	0	-1	0.898	0.999
14.38	0	0	27.748	0.884	17.653	0	0	30.99	1.906	10.122	0	0	8.429	1.023	0.551	0	0	0.308	1	0.544	0	0	0.299	1	0.583	0	0	0.214	0	0.125	0.75	1	0	0.25	0	0.375	1	0.2	0.375	0.3	0.300
0	0.91	0	0	0	0	0.91	0	0	0	0	0.91	0	0	0	0	0	0	0	0	0	0	0	0	0	0	0	0	0	0	0.8	0	0	0	0	0	0	0	0	0	0	0.696
5.127	0	0	3.779	18.946	6.216	0	0	4.882	19.868	2.265	0	0	1.103	10.731	1	0	0	0.9	0.395	0.867	0	0	0.9	0.398	0	0	0	0	0.178	0	0.4	0	0	1	0.2	0.2	0	0	0	0	0.371
0	0	0	0	0	0	0	0	0	0	0	0	0	0	0	0	0	0	0	0	0	0	0	0	0	0	0	0	0	0	0	0	0	0	0.25	0	0	0	0	0	0.418	0.211
0	0	0	0	0	0	0	0	0	0	0	0	0	0	0	0	0	0	0	0	0	0	0	0	0	0	0	0	0	0	0.333	0.75	0.667	0	1	0.333	1	1	0	1	0	0.588
0	0	0	14.532	0	0	0	0	17.538	0	0	0	0	9.192	0	0	0	0	0.641	0	0	0	0	0.641	0	0	0	0	0.778	0	0	0.2	0	0	0	0	0.4	0	0	0.667	0.417	0.450
4.605	12.229	8.356	5.671	14.532	8.548	18.516	10.289	11.581	17.538	6.745	8.411	6.649	7.968	9.192	0.889	0.655	0.909	0.894	0.641	0.889	0.649	0.909	0.894	0.641	0.857	0.75	0.762	0.821	0.778	0.333	0.25	0	0.6	0	0	0	0	1	0	0	0.569
0	0	0	0	0	0	0	0	0	0	0	0	0	0	0	0	0	0	0	0	0	0	0	0	0	0	0	0	0	0	0	0	0	0	0	0	0	0.4	0	0	0	0.448
0.917	0	0	0	0	0.917	0	0	0	0	0	0	0	0	0	0	0	0	0	0	0	0	0	0	0	0	0	0	0	0	0	0	0	0	0.2	0	0	0	0.667	0	0.197	0.119
0	0	0.91	0	0	0	0	0.91	0	0	0	0	0.91	0	0	0	0	0	0	0	0	0	0	0	0	0	0	0	0	0	0	0	0	0.2	0.8	0	0	0	0	0	0.557	0.199
0	0	0	0	0	0	0	0	0	0	0	0	0	0	0	0	0	0	0	0	0	0	0	0	0	0	0	0	0	0	0.25	0	0	0	0	0	0	0	0	0	0.415	0.287
0	8.741	0	0	4.618	0	10.833	0	0	4.611	0	4.087	0	0	2.853	0	0.618	0	0	0.933	0	0.582	0	0	0.9	0	0.5	0	0	0.333	0	0	0.2	0	0.4	0	0	0	0	0.6	0.298	0.286
0	3.76	0	0	0	0	5.097	1.337	0	0	0	2.311	1.337	0	0	0	0.5	0	0	0	0	0.5	0	0	0	0	0	0	0	0	0.4	0	0.25	1	0	0.2	0	0	0.75	0	0	0.461
0	0	0	0	0	0	0	0	0	0	0	0	0	0	0	0	0	0	0	0	0	0	0	0	0	0	0	0	0	0	0	0	0	0	0	0	0	0	0	0.4	0.716	0.601
0	1.782	0	0	0	0	1.782	0	0	0.877	0	0	0	0	0.877	0	1	0	0	0	0	1	0	0	0	0	0	0	0	0	0	0	0	0.2	0	0	0	0	0	0	0.714	0.183
0	0	0	0	0	0	0	0	0.877	0	0	0	0	0.877	0	0	0	0	0	0	0	0	0	0	0	0	0	0	0	0	0	0	0.556	0.286	1	0	0	0.222	0.429	1	0.419	0.279
1.925	0	0	0	0	0.883	0	0	0	0	1.925	0	0	0	0	1	0	0	0	0	0	0	0	0	0	1	0	0	0	0	0	0.75	0	0	0.4	0	0.25	0	0	0	0.298	0.199
0	7.033	0	0	0	0	8.023	0	0	0	0	5.079	0	0	0	0	0.833	0	0	0	0	0.821	0	0	0	0	0.8	0	0	0	0	0.2	0	0	0	0	0	0.6	0	0	0.417	0.146
0	0	0	0	0	0	0	0	0	0	0	0	0	0	0	0	0	0	0	0	0	0	0	0	0	0	0	0	0	0	0	0	0	0	0	0	0	0	0	0	0.897	0.279
0	0	0	0	0	0	0	0	0	0	0	0	0	0	0	0	0	0	0	0	0	0	0	0	0	0	0	0	0	0	0	0	0	0	0	0	0	0	0	0	0	0.392
0	0	0	0.91	0	0	0	0	0.91	0	0	0	0	0.91	0	0	0	0	0	0	0	0	0	0	0	0	0	0	0	0	0	0.8	0	0	0	0	0	0	0	0	0.415	0.213
0	0	0	15.605	0	0	0	0	18.214	0	0	0	0	9.08	0	0	0	0	0.536	0	0	0	0	0.529	0	0	0	0	0.679	0	0	0	0	0	0	0	0	0	0	0.333	0.72	0.414
0	0	9.97	0	0.873	0	0	13.386	0	0.907	0	0	7.716	0	1.781	0	0	0.667	0	1	0	0	0.641	0	0	0	0	0.81	0	1	0.667	1	0.4	1	0.25	0.333	0.8	0	1	0	0	0.686
0	0	0	0	0	0	0	0	0	0	0	0	0	0	0	0	0	0	0	0	0	0	0	0	0	0	0	0	0	0	0	0	0	0	0	0	0.4	0	0	0	0	0.602
0	0.917	0	0	0	0	0.917	0	0	0	0	0	0	0	0	0	0	0	0	0	0	0	0	0	0	0	0	0	0	0	0	0	0.2	0	0.4	0	0	0	0	0	0.554	0.286
0	0	0	0	0	0	0	0	0	0	0	0	0	0	0	0	0	0	0	0	0	0	0	0	0	0	0	0	0	0	0.8	0	0.667	0	0.5	0.8	0	1	0	0	0	0.827
0	0	0	0	0	0	0	0	0	0	0	0	0	0	0	0	0	0	0	0	0	0	0	0	0	0	0	0	0	0	0.25	0	0	0	0	0	0	0	0	0	0	0.925
0	0	0	8.1	0	0	0	0	6.893	0	0	0	0	5.2	0	0	0	0	0.893	0	0	0	0	0.857	0	0	0	0	0.8	0	0	0	0	0	0	0	0	0	0	0	0.418	0.230
10.408	6.697	3.663	12.389	8.721	18.479	13.417	10.128	17.3	17.46	5.858	5.665	6.654	6.124	7.849	0.712	0.744	0.727	0.706	0.699	0.706	0.744	0.711	0.743	0.691	0.6	0.5	0.333	0.6	0.238	0	0	0.2	0	0	0	0.2	0	0	0	0.56	0.318
1.762	15.629	13.791	12.71	12.216	6.256	24.934	22.43	19.862	20.632	4.621	14.147	12.679	13.067	12.322	0.786	0.533	0.58	0.562	0.533	0.762	0.529	0.571	0.626	0.519	0.6	0.5	0.545	0.379	0.455	1	0.8	0	0.6	0.75	1	0.8	0	0.2	0	0.117	0.793
0	13.501	0	0	0	0	13.487	0	0	0	0	9.791	0	0	0	0	0.581	0	0	0	0	0.667	0	0	0	0	0.639	0	0	0	0.2	0.5	0.2	0.667	1	0.4	0.25	0.2	1	1	0	0.704
12.229	5.671	4.605	1.891	8.356	18.516	11.581	8.548	4.853	10.289	8.411	7.968	6.745	5.816	6.649	0.655	0.894	0.889	0.8	0.909	0.649	0.894	0.889	0.8	0.909	0.75	0.821	0.857	0.733	0.762	0.25	0.6	0.333	1	0	0	1	0	1	0	0.415	0.407
0	27.748	14.38	0	0	0	30.99	17.653	0	0	0	8.429	10.122	0	0	0	0.308	0.551	0	0	0	0.299	0.544	0	0	0	0.214	0.583	0	0	0.75	0	0.125	0	1	0.375	0.2	0	0	1	0	0.576
