0	0	0	0	0.931	0	0	0	0	0.931	0	0	0	0	0.931	0	0	0	0	0	0	0	0	0	0	0	0	0	0	0	0.6	0.222	0.8	0.2	0.333	0	0	0	0.2	0.333	0.117	0.230
1.416	16.103	9.41	0	2.715	1.416	14.678	11.605	0	2.715	1.416	11.402	6.996	0	1.827	0	0.602	0.864	0	1	0	0.448	0.758	0	0.667	0	0.382	0.619	0	1	1	0.667	0	0.6	1	1	0.667	0	0	0.25	0	0.679
0	0	0	0.814	0	0	0	0	0.864	0	0	0	0	1.678	0	0	0	0	1	0	0	0	0	0	0	0	0	0	1	0	0.143	0	0	0.2	1	0	0	0	0	0	0.716	0.201
0	0	0	0	0	0	0	0	0	0	0	0	0	0	0	0	0	0	0	0	0	0	0	0	0	0	0	0	0	0	0	0	0	0	0	0	0	0	0	0	0.557	0.848
0	0	0	0	0	0	0	0	0	0	0	0	0	0	0	0	0	0	0	0	0	0	0	0	0	0	0	0	0	0	0	0.143	0.125	0	1	0	0	0	0	1	0.898	0.248
0	0.814	0	0	0	0	0.864	0	0	0	0	1.678	0	0	0	0	1	0	0	0	0	0	0	0	0	0	1	0	0	0	0	0.2	0.143	0	0	0	0	0	0	0	0.415	0.213
0	0	0	0	0	0	0	0	0	0	0	0	0	0	0	0	0	0	0	0	0	0	0	0	0	0	0	0	0	0	0	0.333	0.667	0	0	0	1	1	0	0	0	0.392
15.323	5.713	0	0.874	9.549	16.308	6.648	0	0.874	10.382	1.956	0	0	0	1.744	0.842	1	0	0	0.818	0.692	0.714	0	0	0.636	0	0	0	0	0	0	0.25	0	0	0	1	0.5	0	0	0.2	0.057	0.395
0	8.709	0	0	0	1.085	9.743	0	1.085	0	1.085	1.034	0	1.085	0	0	0.956	0	0	0	0	0.867	0	0	0	0	0	0	0	0	0	0	0	0	0	0.4	0.2	0	0	0.667	0	0.279
2.73	3.473	0	8.615	0	3.651	4.368	0	11.343	0	2.771	3.551	0	7.8	0.85	1	1	0	0.742	0	0.667	0.5	0	0.561	0	1	0.833	0	0.643	0	0	0	0	0	0	0	0	0	0	0	0.896	0.198
0	0	3.653	0	0	0	0	4.508	0	0	0	0	2.762	0	0	0	0	1	0	0	0	0	0.9	0	0	0	0	0.333	0	0	0.8	0.4	0.556	0.6	0.5	1	0.4	0.333	0.4	0	0	0.739
0	30.7	9.396	11.434	13.298	0	32.298	13.577	13.091	17.406	0	14.943	7.362	11.261	9.732	0	0.333	0.769	0.657	0.667	0	0.267	0.67	0.564	0.608	0	0.308	0.524	0.511	0.464	0	0.333	0.6	0.667	1	0	0	0	0.667	0	0.417	0.207
6.224	0	0.98	0	0	3.945	0	2.942	0	0	5.807	0	2.942	0	0	0.667	0	1	0	0	0.667	0	0.667	0	0	0.467	0	0.667	0	0	1	0	0	0	0	0.5	0	0	0.143	0	0	0.458
11.913	10.662	0	5.369	23.853	13.136	7.618	0	5.369	25.944	8.533	4.78	0	2.877	16.077	0.813	0.955	0	1	0.517	0.659	0.786	0	0.8	0.44	0.5	0.9	0	1	0.419	0	0.2	0.2	0	0	0.667	0.2	0.4	0	0	0.117	0.431
0	0	0	0	0	0	0	0	0	0	0	0	0	0	0	0	0	0	0	0	0	0	0	0	0	0	0	0	0	0	0	0	0	0	0	0	0.667	1	0	0	0.298	0.580
0	0	11.33	3.518	0	0	0	8.127	1.708	0	0.831	0	8.759	1.81	0	0	0	0.615	1	0	0	0	0.472	0	0	0	0	0.472	1	0	0	0	0.4	0.8	0	0.2	0	0	0	0	0.298	0.228
0	0	5.369	9.549	10.662	0	0	5.369	10.382	7.618	0	0	2.877	1.744	4.78	0	0	1	0.818	0.955	0	0	0.8	0.636	0.786	0	0	1	0	0.9	0	0	0	0	0.2	0	0	0	0.2	0.2	0.417	0.240
0	0	0	0	0	0	0	0	0	0	0	0	0	0	0	0	0	0	0	0	0	0	0	0	0	0	0	0	0	0	0	0	0.75	0.667	0.2	0	0	0.5	1	0.2	0.298	0.345
0	0	3.903	2.73	0	0	0	2.656	3.651	0	0.85	0	4.914	2.771	0	0	0	0.933	1	0	0	0	0.667	0.667	0	0	0	1	1	0	0	0	0	0	0	0	0	0	0	0	0	0.196
34.882	0	3.547	0	14.984	27.05	0	3.547	0	14.127	21.8	0	1.851	0.871	12.648	0.317	0	0.667	0	0.696	0.289	0	0.667	0	0.637	0.247	0	0	0	0.455	0.556	0	0	0.2	0	0.111	0	0	0.2	0.2	0	0.296
0	0	0	0	0	0	0	0	0	0	0	0	0	0	0	0	0	0	0	0	0	0	0	0	0	0	0	0	0	0	0.125	0	1	0.143	0.2	0	0	1	0	0	0.715	0.223
3.62	3.628	2.781	4.51	0	3.62	0.865	1.709	4.51	0	2.766	2.763	1.926	2.804	0	0.667	1	1	1	0	0.333	0	1	0.2	0	0.333	1	1	1	0	0	0	0	0	0.8	0	0	0	0	0	0.057	0.127
0	14.984	21.965	3.547	6.883	0	14.127	21.766	3.547	9.937	0	12.648	9.113	1.851	2.886	0	0.696	0.562	0.667	0.889	0	0.637	0.5	0.667	0.711	0	0.455	0.393	0	0.333	0	0	0.4	0	0	0	0.2	1	0	0.2	0	0.199
0.814	0	0	0	0	0.864	0	0	0	0	1.678	0	0	0	0	1	0	0	0	0	0	0	0	0	0	1	0	0	0	0	0.2	0	0	0.4	0.143	0	0	0	0.4	0	0.12	0.552
5.369	0	10.662	0	11.913	5.369	0	7.618	0	13.136	2.877	0	4.78	0	8.533	1	0	0.955	0	0.813	0.8	0	0.786	0	0.659	1	0	0.9	0	0.5	0	0	0.2	0	0	0	0	0.2	0	0.667	0.298	0.235
3.473	8.615	2.73	0	0	4.368	11.343	3.651	0	0	3.551	7.8	2.771	0	0	1	0.742	1	0	0	0.5	0.561	0.667	0	0	0.833	0.643	1	0	0	0	0	0	0	0	0	0	0	0	0	0.419	0.170
0	23.853	0	0	0	0	25.944	0	0	0	0	16.077	0	0	0	0	0.517	0	0	0	0	0.44	0	0	0	0	0.419	0	0	0	0.75	0	1	0.2	0.333	1	0	0	0.4	0.667	0	0.801
16.103	0	1.416	0.892	9.41	14.678	0	1.416	1.742	11.605	11.402	0	1.416	0.849	6.996	0.602	0	0	1	0.864	0.448	0	0	1	0.758	0.382	0	0	0	0.619	0.667	0.6	1	0	0	0.667	0	1	0	0	0	0.241
4.51	0	3.628	0	3.62	4.51	0.86	0.865	0	3.62	2.804	0.86	2.763	0	2.766	1	0	1	0	0.667	0.2	0	0	0	0.333	1	0	1	0	0.333	0	0	0	0	0	0	0	0	0	0	0.556	0.098
0	0	0	2.781	0	0	0	0	1.709	0	0	0	0	1.926	0	0	0	0	1	0	0	0	0	1	0	0	0	0	1	0	0.2	0.8	0.6	0	0	0	0	0	0	0	0	0.509
0	0	0	0	3.653	0	0	0	0	4.508	0	0	0	0	2.762	0	0	0	0	1	0	0	0	0	0.9	0	0	0	0	0.333	0.4	0.6	0.8	1	0.556	0.4	0.4	1	1	0.333	0.419	0.259
8.709	0	0	0	0	9.743	1.085	1.085	0	0	1.034	1.085	1.085	0	0	0.956	0	0	0	0	0.867	0	0	0	0	0	0	0	0	0	0	0	0	0	0	0.2	0	0.4	0	0	0	0.427
11.33	0	0	0	0	8.127	0	0	0	0	8.759	0.831	0	0	0	0.615	0	0	0	0	0.472	0	0	0	0	0.472	0	0	0	0	0.4	0	0	0	0.5	0	0.2	0	0	0	0	0.282
0	0	0	0	0	0	0	0	0	0	0	0	0	0	0	0	0	0	0	0	0	0	0	0	0	0	0	0	0	0	0.222	0.2	0.6	0.75	0.8	0	0.2	0	0.5	0	0.419	0.209
0.98	6.224	0	0	0	2.942	3.945	0	0	0	2.942	5.807	0	0	0	1	0.667	0	0	0	0.667	0.667	0	0	0	0.667	0.467	0	0	0	0	1	0	0	0	0	0.5	0	0	0.25	0.298	0.208
30.7	11.434	0	0	9.396	32.298	13.091	0	0	13.577	14.943	11.261	0	0	7.362	0.333	0.657	0	0	0.769	0.267	0.564	0	0	0.67	0.308	0.511	0	0	0.524	0.333	0.667	0	0	0.6	0	0.667	0	0	0	0.116	0.390
0	0	0	0	0	0	0	0	0	0	0	0	0	0	0	0	0	0	0	0	0	0	0	0	0	0	0	0	0	0	0	0	0	0	0	1	0	0	0.667	0	0.298	0.961
14.984	3.547	0	34.882	21.965	14.127	3.547	0	27.05	21.766	12.648	1.851	0	21.8	9.113	0.696	0.667	0	0.317	0.562	0.637	0.667	0	0.289	0.5	0.455	0	0	0.247	0.393	0	0	0	0.556	0.4	0.2	0	0	0.111	1	0	0.331
0	0	0	0	0	0	0	0	0	0	0	0	0	0	0	0	0	0	0	0	0	0	0	0	0	0	0	0	0	0	0	0.667	0	0	0.75	0	1	0	0	0.5	0.298	0.344
0	0	0	0	0	0	0	0	0	0	0	0	0	0	0	0	0	0	0	0	0	0	0	0	0	0	0	0	0	0	0	0	0	0	0.2	0.286	0	0	0	0	0.716	0.441
10.662	5.369	11.913	0	0	7.618	5.369	13.136	0	0	4.78	2.877	8.533	0	0	0.955	1	0.813	0	0	0.786	0.8	0.659	0	0	0.9	1	0.5	0	0	0.2	0	0	0	0.2	0.2	0	0.667	0	0.4	0	0.328
0	11.33	0	0	0	0	8.127	0	0	0	0	8.759	0	0.831	0	0	0.615	0	0	0	0	0.472	0	0	0	0	0.472	0	0	0	0	0.4	0.5	0	0	0	0	0	0.2	0	0.055	0.468
0	0	0	0	0	0	0	0	0	0	0	0	0	0	0	0	0	0	0	0	0	0	0	0	0	0	0	0	0	0	0.4	0.286	0.5	0	0	0	0	0	0	0	0	0.647
0	0	0	23.853	0	0	0	0	25.944	0	0	0	0	16.077	0	0	0	0	0.517	0	0	0	0	0.44	0	0	0	0	0.419	0	1	0.75	0.333	0	0.6	0	1	0.667	0	0.6	0	0.762
0	0	0	0	0	0	0	0	0	0	0	0	0	0	0	0	0	0	0	0	0	0	0	0	0	0	0	0	0	0	0.2	0	0	0	0.4	0.2	0	0	0	0	0	0.316
0	0	0	8.709	0	0	1.085	0	9.743	0	0	1.085	0	1.034	0	0	0	0	0.956	0	0	0	0	0.867	0	0	0	0	0	0	0	0	0	0	0	0	0.4	0.667	0.2	0	0.299	0.262
0	0	0	3.436	0	0	0	0	3.436	0	0	0	0	0.814	0	0	0	0	1	0	0	0	0	0.833	0	0	0	0	0	0	0	1	0	0.75	0	0	1	0.4	0	0.4	0.296	0.330
0	0	23.93	3.903	3.518	0	0	19.989	2.656	1.708	0	0	15.281	4.914	1.81	0	0	0.429	0.933	1	0	0	0.362	0.667	0	0	0	0.286	1	1	0	0	0	0	0.8	0	0	0	0	0	0.198	0.201
0	0.931	0	0	0	0	0.931	0	0	0	0	0.931	0	0	0	0	0	0	0	0	0	0	0	0	0	0	0	0	0	0	0	0.333	0.286	0.8	0.4	0	0.333	0	0	0	0.417	0.247
0	0	0	0	0	0	0	0	0	0	0	0	0	0	0	0	0	0	0	0	0	0	0	0	0	0	0	0	0	0	0.6	0.2	0	0.8	0	0	0	0	0	0	0	0.640
0	0	0	6.394	0	0	0	0	8.609	0	0	0	0	3.182	0	0	0	0	0.861	0	0	0	0	0.75	0	0	0	0	0.667	0	0.6	1	0.4	0	0.8	0.4	1	0.4	0	1	0.418	0.175
0	0	0	0	34.882	0	0	0	0	27.05	0.871	0	0	0	21.8	0	0	0	0	0.317	0	0	0	0	0.289	0	0	0	0	0.247	0.2	1	0	0.6	0.556	0.2	1	0	0.2	0.111	0	0.438
3.518	23.93	0	0	0	1.708	19.989	0	0	0	1.81	15.281	0	0	0.831	1	0.429	0	0	0	0	0.362	0	0	0	1	0.286	0	0	0	0.8	0	0	0	0	0	0	0	0	0.2	0	0.487
0	0	0	0	0	0	0	0	0	0	0	0	0	0	0	0	0	0	0	0	0	0	0	0	0	0	0	0	0	0	0.2	0.75	0.222	0	0.6	0.2	0.5	0	0	0	0	0.498
0	9.549	0	0	5.369	0	10.382	0	0	5.369	0	1.744	0	0	2.877	0	0.818	0	0	1	0	0.636	0	0	0.8	0	0	0	0	1	0	0	0	0	0	0	0.2	0	0	0	0.556	0.197
0	0	0	0	0	0	0	0	0	0	0	0	0	0	0	0	0	0	0	0	0	0	0	0	0	0	0	0	0	0	0	0	0.2	0	0.6	0	0.286	0	0	0.2	0.298	0.211
0	0	33.466	0.98	0	0	0	27.891	2.942	0.946	0	0	22.501	2.942	0.946	0	0	0.351	1	0	0	0	0.283	0.667	0	0	0	0.268	0.667	0	0	0	0	0	0	0.25	0	0	0	0	0	0.630
2.715	9.41	24.151	1.416	0	2.715	11.605	27.651	1.416	0	1.827	6.996	10.161	1.416	0	1	0.864	0.557	0	0	0.667	0.758	0.503	0	0	1	0.619	0.389	0	0	1	0	0	1	0	0.25	0	0	1	0	0	0.620
13.298	9.396	0	0	8.732	17.406	13.577	0.88	0	13.882	9.732	7.362	0.88	0	9.071	0.667	0.769	0	0	0.824	0.608	0.67	0	0	0.747	0.464	0.524	0	0	0.583	1	0.6	0	0	0	0	0	0	0	0	0	0.502
0	0	0	0	0	0	0	0	0	0	0	0	0	0	0	0	0	0	0	0	0	0	0	0	0	0	0	0	0	0	0.5	0.4	0	0.286	0	0	0	0	0	0	0.417	0.230
0	6.394	0	0	0	0	8.609	0	0	0	0	3.182	0	0	0	0	0.861	0	0	0	0	0.75	0	0	0	0	0.667	0	0	0	1	0	0.6	0	0.4	1	0	0.4	0	0.4	0.299	0.939
0	0	0	-1	0	0	0	0	-1	0	0	0	0	-1	0	0	0	0	-1	0	0	0	0	-1	0	0	0	0	-1	0	0	0	0	-1	0	0	0.2	0	-1	0	0.9	1.000
0	0	0	0	0	0	0	0	0	0	0	0	0	0	0	0	0	0	0	0	0	0	0	0	0	0	0	0	0	0	0	0	0	1	0	0.4	0	0.4	1	0.667	0.298	0.339
0	3.518	0	23.93	11.33	0	1.708	0	19.989	8.127	0	1.81	0.831	15.281	8.759	0	1	0	0.429	0.615	0	0	0	0.362	0.472	0	1	0	0.286	0.472	0	0.8	0	0	0.4	0	0	0.2	0	0	0.298	0.197
8.732	0	0	13.298	8.615	13.882	0.88	0	17.406	11.343	9.071	0.88	0	9.732	7.8	0.824	0	0	0.667	0.742	0.747	0	0	0.608	0.561	0.583	0	0	0.464	0.643	0	0	0	1	0	0	0	0	0	0	0.197	0.146
9.41	1.416	2.715	16.103	24.151	11.605	1.416	2.715	14.678	27.651	6.996	1.416	1.827	11.402	10.161	0.864	0	1	0.602	0.557	0.758	0	0.667	0.448	0.503	0.619	0	1	0.382	0.389	0	1	1	0.667	0	0	1	0.25	0.667	0	0	0.158
0	0	0	0	0	0	0	0	0	0	0	0	0	0	0	0	0	0	0	0	0	0	0	0	0	0	0	0	0	0	0.75	0	0.2	0	0.222	0.5	0	0.2	0	0	0	0.809
0	0	0	0	0	0	0	0	0	0	0	0	0	0	0	0	0	0	0	0	0	0	0	0	0	0	0	0	0	0	0.2	0	0.6	0	1	0	0	0.2	0.286	1	0	0.332
3.547	34.882	14.984	0	0	3.547	27.05	14.127	0	0	1.851	21.8	12.648	0	0	0.667	0.317	0.696	0	0	0.667	0.289	0.637	0	0	0	0.247	0.455	0	0	0	0.556	0	0	0	0	0.111	0.2	0	0	0	0.331
3.628	4.51	3.62	0	2.781	0.865	4.51	3.62	0.86	1.709	2.763	2.804	2.766	0.86	1.926	1	1	0.667	0	1	0	0.2	0.333	0	1	1	1	0.333	0	1	0	0	0	0	0	0	0	0	0	0	0.059	0.222
9.549	0	0	15.323	0	10.382	0	0	16.308	0	1.744	0	0	1.956	0	0.818	0	0	0.842	0	0.636	0	0	0.692	0	0	0	0	0	0	0	0	0	0	0	0.2	0	0	1	0	0.299	0.316
0	0.98	0	6.224	33.466	0	2.942	0	3.945	27.891	0	2.942	0	5.807	22.501	0	1	0	0.667	0.351	0	0.667	0	0.667	0.283	0	0.667	0	0.467	0.268	0	0	0	1	0	0	0	0.25	0.5	0	0.419	0.157
0	3.436	0	0	0	0	3.436	0	0	0	0	0.814	0	0	0	0	1	0	0	0	0	0.833	0	0	0	0	0	0	0	0	1	0.75	0	0.5	0	1	0	0	0	0.4	0	0.960
0	0	0	0	0	0	0	0	0	0	0	0	0	0	0	0	0	0	0	0	0	0	0	0	0	0	0	0	0	0	0	0.6	0	0.2	0	0	0	0	0	0	0	0.326
9.396	0	13.298	30.7	0	13.577	0	17.406	32.298	0.88	7.362	0	9.732	14.943	0.88	0.769	0	0.667	0.333	0	0.67	0	0.608	0.267	0	0.524	0	0.464	0.308	0	0.6	0	1	0.333	0	0	0	0	0	0	0	0.476
33.466	0	0	0	0	27.891	0	0.946	0	0	22.501	0	0.946	0	0	0.351	0	0	0	0	0.283	0	0	0	0	0.268	0	0	0	0	0	0	0	0	0	0	0.25	0	0	0	0	0.348
0	0	0	0	28.966	0	0	0	0	30	0	0	0	0	8.206	0	0	0	0	0.4	0	0	0	0	0.345	0	0	0	0	0.036	0	0	0	0	0	0.4	0.4	0.667	0	0	0	0.263
0	-1	0	-1	0	0	-1	0	-1	0	0	-1	0	-1	0	0	-1	0	-1	0	0	-1	0	-1	0	0	-1	0	-1	0	0	-1	0	-1	0	0.2	-1	0	-1	0	0.899	1.000
0	0	0	0	0	0	0	0	0	0	0	0	0	0	0	0	0	0	0	0	0	0	0	0	0	0	0	0	0	0	0.6	0.333	0	1	0.143	0.6	0.667	0	0	0	0	0.764
5.602	0	0	0	0	8.639	0	0	0	0	5.899	0	0	0	0	0.639	0	0	0	0	0.389	0	0	0	0	0.467	0	0	0	0	0.4	1	0	0	0	0	0	0.143	0	0	0.42	0.178
0	0	34.882	0	3.547	0	0	27.05	0	3.547	0	0.871	21.8	0	1.851	0	0	0.317	0	0.667	0	0	0.289	0	0.667	0	0	0.247	0	0	0	0.2	0.556	1	0	0	0.2	0.111	1	0	0	0.526
0	0	0	0	0	0	0	0	0	0	0	0	0	0	0	0	0	0	0	0	0	0	0	0	0	0	0	0	0	0	0	0	0	0	0	0	0	0	0	0	0.715	0.741
0	24.151	6.394	2.715	0	0	27.651	8.609	2.715	0	0	10.161	3.182	1.827	0	0	0.557	0.861	1	0	0	0.503	0.75	0.667	0	0	0.389	0.667	1	0	0	0	0	1	1	0	0	0	0.25	1	0.557	0.233
0	0	0	0	0	0	0	0	0	0	0	0	0	0	0	0	0	0	0	0	0	0	0	0	0	0	0	0	0	0	0.2	1	0	0.125	0.333	0	1	0	0	1	0	0.605
0	0	0	0	0	0	0	0	0	0	0	0	0	0	0	0	0	0	0	0	0	0	0	0	0	0	0	0	0	0	0	0	0	0	0.2	0	0	0	0	0.2	0.417	0.685
0	2.781	0	3.62	0	0	1.709	0	3.62	0	0	1.926	0	2.766	0	0	1	0	0.667	0	0	1	0	0.333	0	0	1	0	0.333	0	0.8	0	0.2	0	0.6	0	0	0	0	0	0	0.364
0	0	0	0	0	0	0	0	0	0	0	0	0	0	0	0	0	0	0	0	0	0	0	0	0	0	0	0	0	0	0	0	0	0.6	0	0	0	0	0	0	0.299	0.123
0	0	5.602	0	0	0	0	8.639	0	0	0	0	5.899	0	0	0	0	0.639	0	0	0	0	0.389	0	0	0	0	0.467	0	0	1	0	0.4	0.143	0	0	0	0	0	0.143	0.294	0.793
0	0	0	0	0	0	0	0	0	0	0	0	0	0	0	0	0	0	0	0	0	0	0	0	0	0	0	0	0	0	0	0	0.25	0	0	0	0	0	0	0	0.893	0.535
0	0	0.931	0	0	0	0	0.931	0	0	0	0	0.931	0	0	0	0	0	0	0	0	0	0	0	0	0	0	0	0	0	0.8	0.6	0.333	0.222	0	0	0	0.333	0	0	0	0.508
0.892	0	0	0	16.103	1.742	0	0	0	14.678	0.849	0	0	0	11.402	1	0	0	0	0.602	1	0	0	0	0.448	0	0	0	0	0.382	0	0	0.6	0.25	0.667	0	0	0	0	0.667	0.3	0.397
0	33.466	0	0	11.434	0.946	27.891	0	0	13.091	0.946	22.501	0	0	11.261	0	0.351	0	0	0.657	0	0.283	0	0	0.564	0	0.268	0	0	0.511	0	0	0	0	0.667	0	0	0	0.25	0.667	0.42	0.145
0	0	0	0	0	0	0	0	0	0	0	0	0	0	0	0	0	0	0	0	0	0	0	0	0	0	0	0	0	0	0.4	0	0.4	0.2	0	0	0	0.4	0.2	0	0	0.623
3.436	0	0	3.653	0	3.436	0	0	4.508	0	0.814	0	0	2.762	0	1	0	0	1	0	0.833	0	0	0.9	0	0	0	0	0.333	0	0.75	0.5	1	0.556	0	0	0	1	0.333	0	0	0.637
0	0	0	0	0	0	0	0	1.085	0	0	0	0	1.085	0	0	0	0	0	0	0	0	0	0	0	0	0	0	0	0	0	0	0	0	0	0.667	0	0	0.4	1	0	0.659
0	0	0	0	0	0	0	0	0	0	0	0	0	0	0	0	0	0	0	0	0	0	0	0	0	0	0	0	0	0	0.333	1	0.6	0.75	0	0.667	0	0.6	1	0	0	0.543
0	0	28.966	0	0	0	0	30	0	0	0	0	8.206	0	0	0	0	0.4	0	0	0	0	0.345	0	0	0	0	0.036	0	0	0	0	0	0	0	0.667	0.4	0	0.4	0.6	0	0.701
0	0	0.892	0	0	0	0	1.742	0	0	0	0	0.849	0	0	0	0	1	0	0	0	0	1	0	0	0	0	0	0	0	0	0.25	0	0	0.6	0	0	0	0	0	0.713	0.143
0	0	-1	0	-1	0	0	-1	0	-1	0	0	-1	0	-1	0	0	-1	0	-1	0	0	-1	0	-1	0	0	-1	0	-1	0	0	-1	0	-1	1	0	-1	0	-1	0.896	1.000
0	0	0	0	0	0	0	0	0	0	0	0	0	0	0	0	0	0	0	0	0	0	0	0	0	0	0	0	0	0	1	0.125	0.2	0	0	1	0	0	0	0	0.419	0.960
0	0	0	0.931	0	0	0	0	0.931	0	0	0	0	0.931	0	0	0	0	0	0	0	0	0	0	0	0	0	0	0	0	0.286	0	0.4	0.333	0.5	0	0	0	0.333	0	0.196	0.165
23.93	0	3.518	0	0	19.989	0	1.708	0	0	15.281	0	1.81	0	0	0.429	0	1	0	0	0.362	0	0	0	0	0.286	0	1	0	0	0	0	0.8	0	0	0	0	0	0	0	0	0.133
0	0	11.434	33.466	30.7	0	0.946	13.091	27.891	32.298	0	0.946	11.261	22.501	14.943	0	0	0.657	0.351	0.333	0	0	0.564	0.283	0.267	0	0	0.511	0.268	0.308	0	0	0.667	0	0.333	0	0	0.667	0	0	0.3	0.349
0	0	0	0	0	0	0	0	0	0	0	0	0	0	0	0	0	0	0	0	0	0	0	0	0	0	0	0	0	0	0.143	0	0	0.6	0.125	0	0	0	0.6	0	0.557	0.478
0	13.298	8.732	9.396	0	0.88	17.406	13.882	13.577	0	0.88	9.732	9.071	7.362	0	0	0.667	0.824	0.769	0	0	0.608	0.747	0.67	0	0	0.464	0.583	0.524	0	0	1	0	0.6	0	0	0	0	0	0	0.716	0.289
0	0	0	0	0	0	0	0	0	0	0	0	0	0	0	0	0	0	0	0	0	0	0	0	0	0	0	0	0	0	0	0	0	0	0	0	0	0	0	0	0.718	0.991
0	0	0	0	0.892	0	0	0	0	1.742	0	0	0	0	0.849	0	0	0	0	1	0	0	0	0	1	0	0	0	0	0	0.25	0	0	0	0	0	0	0	0	0	0.197	0.331
0	0	0	0	0	0	0	0	0	0	0	0	0	0	0	0	0	0	0	0	0	0	0	0	0	0	0	0	0	0	0	0	0.2	0	0	0	0	0.2	0	0	0.414	0.433
0	5.602	0	0	6.224	0	8.639	0	0	3.945	0	5.899	0	0	5.807	0	0.639	0	0	0.667	0	0.389	0	0	0.667	0	0.467	0	0	0.467	0	0.4	0	1	1	0.143	0	0	0	0.5	0.557	0.255
6.394	0	0	24.151	0	8.609	0	0	27.651	0	3.182	0	0	10.161	0	0.861	0	0	0.557	0	0.75	0	0	0.503	0	0.667	0	0	0.389	0	0	0	1	0	0.6	0	0	1	0	0.4	0.554	0.340
24.151	2.715	0	9.41	6.394	27.651	2.715	0	11.605	8.609	10.161	1.827	0	6.996	3.182	0.557	1	0	0.864	0.861	0.503	0.667	0	0.758	0.75	0.389	1	0	0.619	0.667	0	1	0	0	0	0	0.25	0	0	0	0.294	0.298
0	0	0	0	0	0	0	0	0	0	0	0	0	0	0	0	0	0	0	0	0	0	0	0	0	0	0	0	0	0	0	0.6	0.143	0.333	0	0	0.6	0	0.667	0	0.294	0.190
5.713	0.874	15.323	6.883	0	6.648	0.874	16.308	9.937	0	0	0	1.956	2.886	0	1	0	0.842	0.889	0	0.714	0	0.692	0.711	0	0	0	0	0.333	0	0.25	0	0	0	0	0.5	0	1	0.2	0	0.415	0.494
2.781	3.62	0	3.628	0	1.709	3.62	0	0.865	0	1.926	2.766	0	2.763	0	1	0.667	0	1	0	1	0.333	0	0	0	1	0.333	0	1	0	0	0	0.8	0	0.2	0	0	0	0	0	0	0.305
0	0	0	0	0	0	0	0	0	0	0	0	0	0	0	0	0	0	0	0	0	0	0	0	0	0	0	0	0	0	0.333	0	0	0.2	0.667	1	0	0	0	1	0.417	0.824
0	3.653	3.436	0	0	0	4.508	3.436	0	0	0	2.762	0.814	0	0	0	1	1	0	0	0	0.9	0.833	0	0	0	0.333	0	0	0	0.5	0.556	0.75	0.8	1	0	0.333	0	1	1	0.299	0.231
0	0	0	0	0	0	0	0	0	0	0	0	0	0	0	0	0	0	0	0	0	0	0	0	0	0	0	0	0	0	0	0.2	0.333	1	0	0	0	1	1	0	0.556	0.220
0	2.73	0	3.473	3.903	0	3.651	0	4.368	2.656	0	2.771	0.85	3.551	4.914	0	1	0	1	0.933	0	0.667	0	0.5	0.667	0	1	0	0.833	1	0	0	0	0	0	0	0	0	0	0	0.558	0.173
0	0	0.814	0	0	0	0	0.864	0	0	0	0	1.678	0	0	0	0	1	0	0	0	0	0	0	0	0	0	1	0	0	0	0.4	0.2	0.4	0	0	0.4	0	0	0	0.299	0.159
0	0	0	0	5.602	0	0	0	0	8.639	0	0	0	0	5.899	0	0	0	0	0.639	0	0	0	0	0.389	0	0	0	0	0.467	0	0.143	1	0	0.4	0	0	0	0	0	0.898	0.224
28.966	0	0	0	0	30	0	0	0	0	8.206	0	0	0	0	0.4	0	0	0	0	0.345	0	0	0	0	0.036	0	0	0	0	0	0	0	0	0	0	0.667	0.6	0.4	0	0.716	0.296
0	0.892	16.103	0	1.416	0	1.742	14.678	0	1.416	0	0.849	11.402	0	1.416	0	1	0.602	0	0	0	1	0.448	0	0	0	0	0.382	0	0	0.6	0	0.667	0	1	0	0	0.667	0	1	0	0.486
0	0	0	0	0	0	0	0	0	0	0	0	0	0	0	0	0	0	0	0	0	0	0	0	0	0	0	0	0	0	0	0	0	0	0	0	1	0	0	1	0.898	0.997
0	3.903	0	0	23.93	0	2.656	0	0	19.989	0	4.914	0	0.85	15.281	0	0.933	0	0	0.429	0	0.667	0	0	0.362	0	1	0	0	0.286	0	0	0	0	0	0	0	0	0	0	0.558	0.202
11.434	0	30.7	0	0	13.091	0	32.298	0.946	0	11.261	0	14.943	0.946	0	0.657	0	0.333	0	0	0.564	0	0.267	0	0	0.511	0	0.308	0	0	0.667	0	0.333	0	0	0.667	0	0	0	0	0	0.528
0	0	4.51	0	3.628	0.86	0	4.51	0	0.865	0.86	0	2.804	0	2.763	0	0	1	0	1	0	0	0.2	0	0	0	0	1	0	1	0	0	0	0	0	0	0	0	0	0	0.296	0.289
0	0	8.709	0	0	1.085	0	9.743	0	1.085	1.085	0	1.034	0	1.085	0	0	0.956	0	0	0	0	0.867	0	0	0	0	0	0	0	0	0	0	0	0	0	0	0.2	0.6	0.4	0.419	0.330
23.853	0	0	11.913	0	25.944	0	0	13.136	0	16.077	0	0	8.533	0	0.517	0	0	0.813	0	0.44	0	0	0.659	0	0.419	0	0	0.5	0	0	0.2	0.75	0	1	0	0.4	1	0.667	0	0	0.439
0	0	0	0	0	0	0	0	0	0	0	0	0	0	0	0	0	0	0	0	0	0	0	0	0	0	0	0	0	0	0	0	0	0	0	0	0	0	0.2	0	0.898	1.000
0	0	6.224	5.602	0.98	0	0	3.945	8.639	2.942	0	0	5.807	5.899	2.942	0	0	0.667	0.639	1	0	0	0.667	0.389	0.667	0	0	0.467	0.467	0.667	0	0	1	0.4	0	0	0.143	0.5	0	0	0.19	0.173
8.615	0	3.473	8.732	2.73	11.343	0	4.368	13.882	3.651	7.8	0	3.551	9.071	2.771	0.742	0	1	0.824	1	0.561	0	0.5	0.747	0.667	0.643	0	0.833	0.583	1	0	0	0	0	0	0	0	0	0	0	0.056	0.151
0.874	6.883	5.713	21.965	15.323	0.874	9.937	6.648	21.766	16.308	0	2.886	0	9.113	1.956	0	0.889	1	0.562	0.842	0	0.711	0.714	0.5	0.692	0	0.333	0	0.393	0	0	0	0.25	0.4	0	0	0.2	0.5	1	1	0.296	0.574
0	0	0	11.33	0	0	0	0	8.127	0	0	0	0	8.759	0	0	0	0	0.615	0	0	0	0	0.472	0	0	0	0	0.472	0	0.5	0	0	0.4	0	0	0	0	0	0	0.417	0.268
0	0	0	0	0	0	0	0	0	0	0	0	0	0	0	0	0	0	0	0	0	0	0	0	0	0	0	0	0	0	0	0	0	0	0	0	0	0.286	0	0	0.9	0.311
3.653	0	0	0	3.436	4.508	0	0	0	3.436	2.762	0	0	0	0.814	1	0	0	0	1	0.9	0	0	0	0.833	0.333	0	0	0	0	0.556	0.8	0.5	0.4	0.75	0.333	1	0	0.4	0	0.197	0.374
0	0	0	0	0	0	0	0	0	0	0	0	0	0	0	0	0	0	0	0	0	0	0	0	0	0	0	0	0	0	0	0	0	0	0	0	0	0	0	0	0.554	0.947
0	0	0	0	0.814	0	0	0	0	0.864	0	0	0	0	1.678	0	0	0	0	1	0	0	0	0	0	0	0	0	0	1	0.4	0.4	0	0	0.2	0.4	0	0	0	0	0.298	0.630
0	28.966	0	0	0	0	30	0	0	1.085	0	8.206	0	0	1.085	0	0.4	0	0	0	0	0.345	0	0	0	0	0.036	0	0	0	0	0	0	0	0	0.6	0	0	0.667	0	0.556	0.170
0	0	0	0	-1	0	0	0	0	-1	0	0	0	0	-1	0	0	0	0	-1	0	0	0	0	-1	0	0	0	0	-1	0	0	0	0	-1	0	0	1	1	-1	0.893	0.998
0	0	0	0	0	0	0	0	0	0	0	0	0	0	0	0	0	0	0	0	0	0	0	0	0	0	0	0	0	0	0.667	0	0	0.333	0	1	0	0	1	0	0	0.786
21.965	0	6.883	14.984	0.874	21.766	0	9.937	14.127	0.874	9.113	0	2.886	12.648	0	0.562	0	0.889	0.696	0	0.5	0	0.711	0.637	0	0.393	0	0.333	0.455	0	0.4	0	0	0	0	1	0	0.2	0.2	0	0	0.197
0	0	0	0	0	0	0	0	0	0	0	0	0	0	0	0	0	0	0	0	0	0	0	0	0	0	0	0	0	0	0	0	0	0.5	0.25	0	0	0	0	0	0.415	0.190
3.903	0	0	0	0	2.656	0	0	0	0	4.914	0.85	0	0	0	0.933	0	0	0	0	0.667	0	0	0	0	1	0	0	0	0	0	0	0	0	0	0	0	0	0	0	0.294	0.319
0	15.323	9.549	5.713	0	0	16.308	10.382	6.648	0	0	1.956	1.744	0	0	0	0.842	0.818	1	0	0	0.692	0.636	0.714	0	0	0	0	0	0	0	0	0	0.25	0	0	1	0.2	0.5	0	0.558	0.153
0	0	0	28.966	8.709	0	0	1.085	30	9.743	0	0	1.085	8.206	1.034	0	0	0	0.4	0.956	0	0	0	0.345	0.867	0	0	0	0.036	0	0	0	0	0	0	0	0.6	0	0	0.2	0.717	0.237
0	11.913	23.853	10.662	0	0	13.136	25.944	7.618	0	0	8.533	16.077	4.78	0	0	0.813	0.517	0.955	0	0	0.659	0.44	0.786	0	0	0.5	0.419	0.9	0	0.2	0	0	0.2	0.75	0.4	0.667	0	0.2	1	0	0.729
0	0	0	0	0	0	0	0	0	0	0	0	0	0	0.871	0	0	0	0	0	0	0	0	0	0	0	0	0	0	0	0.6	0.2	1	0	0.2	0.2	0	1	0	0.2	0	0.455
0	8.732	8.615	0	3.473	0	13.882	11.343	0.88	4.368	0	9.071	7.8	0.88	3.551	0	0.824	0.742	0	1	0	0.747	0.561	0	0.5	0	0.583	0.643	0	0.833	0	0	0	0	0	0	0	0	0	0	0.554	0.199
0	0	0	0	0	0	0	0	0	0	0	0	0	0	0	0	0	0	0	0	0	0	0	0	0	0	0	0	0	0	0	0.5	0	0.4	0	0	0	0	0	0	0.898	0.299
0	0	0	0	0	0	0	0	0	0	0	0	0	0	0	0	0	0	0	0	0	0	0	0	0	0	0	0	0	0	0	0	0	0	0	0	0	0	0	0.286	0.9	0.544
0	0	0	0	0	0	0	0	0	0	0	0	0.871	0	0	0	0	0	0	0	0	0	0	0	0	0	0	0	0	0	1	0.6	0.2	0.2	0	1	0.2	0.2	0	0	0	0.916
0	0	0	0	4.51	0	0	0.86	0	4.51	0	0	0.86	0	2.804	0	0	0	0	1	0	0	0	0	0.2	0	0	0	0	1	0	0	0	0.5	0	0	0	0	0	0	0.898	0.125
0.931	0	0	0	0	0.931	0	0	0	0	0.931	0	0	0	0	0	0	0	0	0	0	0	0	0	0	0	0	0	0	0	0.333	0.8	0	0.6	0.286	0.333	0	0	0	0	0	0.270
6.883	21.965	0.874	0	5.713	9.937	21.766	0.874	0	6.648	2.886	9.113	0	0	0	0.889	0.562	0	0	1	0.711	0.5	0	0	0.714	0.333	0.393	0	0	0	0	0.4	0	0	0.25	0.2	1	0	0	0.5	0	0.368
0	0	0	0	0	0	0	0	0	0.86	0	0	0	0	0.86	0	0	0	0	0	0	0	0	0	0	0	0	0	0	0	0	0.5	0	0	0	0	0	0	0	0	0.897	0.211
0	0	0	0	0	0	0	0	0	0	0	0	0	0	0	0	0	0	0	0	0	0	0	0	0	0	0	0	0	0	0	0.2	0.4	0	0.4	0	0.2	0	0	0.4	0.296	0.176
