0	0	0	0	0	0	0	0	0	0	0	0	0	0	0	0	0	0	0	0	0	0	0	0	0	0	0	0	0	0	0	0	0	0	0	0	0	0	0	0	0.3	0.451
0	0	0	0	0	0	0	0	0	0	0	0	0	0	0	0	0	0	0	0	0	0	0	0	0	0	0	0	0	0	0.4	0	0	1	0.25	1	0	0.5	1	0.25	0.419	0.725
9.561	0	0	11.38	2.07	13.405	0	0	15.277	2.07	7.835	0	0	8.695	2.07	0.648	0	0	0.558	1	0.648	0	0	0.558	1	0.357	0	0	0.444	1	0	0.4	1	0	0	0	0.4	0	0.125	0	0.195	0.205
1.016	3.237	1.754	5.302	1.959	9.22	11.687	11.264	12.341	11.383	0	0	0	0	0	0.786	0.667	0.711	0.618	0.667	0.786	0.667	0.711	0.618	0.667	0	0	0	0	0	0.143	0	0	0	0	0.571	0	0.6	0.8	0.6	0.557	0.261
0	-1	0	-1	0	0	-1	0	-1	0	0	-1	0	-1	0	0	-1	0	-1	0	0	-1	0	-1	0	0	-1	0	-1	0	0	-1	0	-1	0	0.2	-1	0	-1	0	0.899	0.998
0	0	0	4.651	0	0	0	0	4.651	0	0	0	0	1.745	0	0	0	0	0.8	0	0	0	0	0.8	0	0	0	0	0	0	0.8	0.75	0.111	0.2	0.556	0.8	1	0	0.8	0.111	0	0.765
0	0	0	16.11	0	0	0	0	19.005	0	0	0	0	4.703	0	0	0	0	0.363	0	0	0	0	0.363	0	0	0	0	0.1	0	0	0	0.5	0	0.125	0	0	0.25	0	0	0	0.534
0	0	0	0	0	0	0	0	0	0	0	0	0	0	0	0	0	0	0	0	0	0	0	0	0	0	0	0	0	0	0	0	0	0	0	0	0	0	0	0.25	0.893	0.386
0	0	0.928	0	0	0	0	0.928	0	0	0	0	0.928	0	0	0	0	0	0	0	0	0	0	0	0	0	0	0	0	0	0	0.2	0	0.75	0.6	0	0.6	0	0.75	0.4	0.299	0.322
14.043	1.82	3.719	9.771	0	16.265	2.743	7.41	11.901	1.793	7.093	0.923	4.607	7.171	1.793	0.529	1	0.786	0.667	1	0.529	1	0.786	0.667	1	0.476	0	0.4	0.381	1	0.4	0.2	0	0	0.25	0.4	0.2	0	0.2	0	0.298	0.230
0.863	0	0.873	5.052	0	1.72	0	1.728	7.016	0.913	0	0	0	0	0	1	0	0	0.571	0	1	0	0	0.571	0	0	0	0	0	0	0	0	0	0	0	0	0	0	0	0	0.718	0.320
1.801	7.04	3.673	4.066	0	6.104	13.598	8.001	11.213	0	0	0	0	0	0	0.733	0.561	0.786	0.667	0	0.733	0.561	0.786	0.667	0	0	0	0	0	0	0	0	0	0	0	0	0	0	0.2	0	0.714	0.388
0	0.901	2.692	2.087	1.753	0	1.78	4.909	5.564	1.753	0	0.88	3.155	4.552	0	0	1	0.9	0.9	1	0	1	0.9	0.9	1	0	0	1	0.833	0	0.25	0	0.2	0.75	0	0	0	0	0	0	0.718	0.394
0.853	0	2.835	0.982	0.879	0.853	0	2.835	0.982	0.879	0.853	0	1.815	0.982	0.879	0	0	1	0	0	0	0	1	0	0	0	0	1	0	0	0	0.2	0.778	0	0	0	0.4	0.333	0	0.143	0.299	0.308
6.382	0	0	0	1.035	8.352	0	0	0	1.035	1.753	0	0	0	1.035	0.306	0	0	0	0	0.306	0	0	0	0	0	0	0	0	0	0	0	0.25	0.556	1	0.4	1	0	0.111	0	0.556	0.383
27.627	7.101	0	3.887	2.753	32.704	7.101	0	6.161	5.599	11.37	0.873	0	2.066	2.849	0.214	0.571	0	0.867	1	0.214	0.571	0	0.867	1	0.073	0	0	1	0.333	0	0	0.6	0	0	0	0	0.6	0	0.4	0.198	0.153
0.854	0	0	0	4.452	0.854	0	0	0	4.452	0	0	0	0	1.731	0	0	0	0	0.3	0	0	0	0	0.3	0	0	0	0	0	0.2	0	0	0.2	0	0	0	0	0	0	0.42	0.265
0	0	0	0	6.382	0	0	0	0	8.352	0	0	0	0	1.753	0	0	0	0	0.306	0	0	0	0	0.306	0	0	0	0	0	0.556	0.111	0	0.8	0	0.111	0	1	0.8	0.4	0.414	0.614
0	0	0	11.171	0.979	1.726	0	0	14.667	2.921	0.862	0	0	6.373	0.962	1	0	0	0.527	1	1	0	0	0.527	1	0	0	0	0.533	0	0.333	0.5	0.25	0	0.6	0.667	1	0	0.2	0.8	0	0.737
0	0	0.854	0	0	0	0	0.854	0.994	0	0	0	0	0.994	0	0	0	0	0	0	0	0	0	0	0	0	0	0	0	0	0	0.2	0.2	0	0	0	0	0	0.143	0	0.554	0.287
0.854	0	1.795	0	7.298	1.829	0	2.711	0	8.301	0.976	0	0.915	0	1.004	1	0	1	0	0.917	1	0	1	0	0.917	0	0	0	0	0	0.143	0	0	0.25	0.2	0	0.2	0	0.25	0	0.716	0.357
0	11.38	9.561	0	0	0	15.277	13.405	0	0	0	8.695	7.835	0	0	0	0.558	0.648	0	0	0	0.558	0.648	0	0	0	0.444	0.357	0	0	0.4	0	0	0.8	1	0.4	0.125	0	1	0	0	0.553
0.986	4.668	1.718	8.766	0.982	3.016	7.725	3.572	11.658	0.982	3.016	4.075	2.71	3.974	0.982	0.667	0.643	0.833	0.621	0	0.667	0.643	0.833	0.621	0	0.667	0.5	0.667	0.5	0	0	0	0	0	0	0	0	0	0	0	0.72	0.217
3.237	5.302	1.016	3.695	1.754	11.687	12.341	9.22	8.84	11.264	0	0	0	0	0	0.667	0.618	0.786	0.639	0.711	0.667	0.618	0.786	0.639	0.711	0	0	0	0	0	0	0	0.143	0	0	0	0.8	0.571	0.2	0.6	0.3	0.237
0	0	0	12.583	0	0	0	0	12.583	0	0	0	0	3.804	0	0	0	0	0.429	0	0	0	0	0.429	0	0	0	0	0.167	0	0	1	0.4	0	0	0	1	1	0.125	0.5	0.419	0.578
0	0	0	0	0.854	0	0.994	0	0	0.854	0	0.994	0	0	0	0	0	0	0	0	0	0	0	0	0	0	0	0	0	0	0.2	0	0	0.6	0.2	0	0.143	0	0.4	0	0.717	0.378
0	16.11	0	0	0	0	19.005	0	0	0	0	4.703	0	0	0	0	0.363	0	0	0	0	0.363	0	0	0	0	0.1	0	0	0	0	0	0	0.6	0.5	0	0	0	0.2	0.25	0.414	0.321
0	0	0	0	0	0	0	0	0	0	0	0	0	0	0	0	0	0	0	0	0	0	0	0	0	0	0	0	0	0	0	0.111	0.75	0	0	0	0	0.625	0	0.2	0.718	0.264
0	0	0	0	0.854	0	0	0	0	1.829	0	0	0	0	0.976	0	0	0	0	1	0	0	0	0	1	0	0	0	0	0	0.25	0	0	0.4	0.143	0.25	0.5	0.2	1	0	0.197	0.516
0	0	0	0	0	0	0	0	0	0	0	0	0	0	0	0	0	0	0	0	0	0	0	0	0	0	0	0	0	0	0	0	0	0	0	0	0	0.25	0	0	0.896	0.306
0	0	0	0	0	0	0	0	0	0	0	0	0	0	0	0	0	0	0	0	0	0	0	0	0	0	0	0	0	0	0.111	0.8	0.556	0.75	0	0	0.8	0.111	1	1	0.554	0.554
0.928	0	0	0	0	0.928	0	0	0	0	0.928	0	0	0	0	0	0	0	0	0	0	0	0	0	0	0	0	0	0	0	0	0	0.6	0.2	0	0	0	0.4	0.6	0	0.296	0.353
0	0	0	0	0	0	0	0	0	0	0	0	0	0	0	0	0	0	0	0	0	0	0	0	0	0	0	0	0	0	0	0	0	0	0	0.429	0	0	0	0.2	0.897	0.594
0	5.052	0.863	0	0.873	0	7.016	1.72	0.863	1.728	0	0	0	0	0	0	0.571	1	0	0	0	0.571	1	0	0	0	0	0	0	0	0	0	0	0.25	0	0	0	0	0	0	0.715	0.392
0.928	0	0	5.042	1.965	0.928	0	0	5.901	1.965	0.928	0	0	2.176	1.001	0	0	0	1	1	0	0	0	1	1	0	0	0	1	0	0	0.8	0	0	0	0	0.8	0	0.6	0	0.417	0.404
1.82	9.771	14.043	0	3.719	2.743	11.901	16.265	0	7.41	0.923	7.171	7.093	0	4.607	1	0.667	0.529	0	0.786	1	0.667	0.529	0	0.786	0	0.381	0.476	0	0.4	0.2	0	0.4	0	0	0.2	0.2	0.4	0.2	0	0.717	0.268
0	1.753	0	2.692	0	0	1.753	0.994	4.909	0	0	0	0.994	3.155	0	0	1	0	0.9	0	0	1	0	0.9	0	0	0	0	1	0	0	0	0.111	0.2	0.6	0.4	0	0	0	0.4	0	0.469
3.673	1.801	0	7.04	0	8.001	6.104	0	13.598	0	0	0	0	0	0	0.786	0.733	0	0.561	0	0.786	0.733	0	0.561	0	0	0	0	0	0	0	0	0	0	0	0	0	0	0	0	0.558	0.225
0	27.627	2.753	7.101	0	0	32.704	5.599	7.101	0	0	11.37	2.849	0.873	0	0	0.214	1	0.571	0	0	0.214	1	0.571	0	0	0.073	0.333	0	0	0.6	0	0	0	0.2	0.6	0	0.4	0	0.4	0	0.610
0	5.042	0.928	0	0	0	5.901	0.928	0	0	0	2.176	0.928	0	0	0	1	0	0	0	0	1	0	0	0	0	1	0	0	0	0.8	0	0	0	0	0.8	0.6	0	0.25	0	0.298	0.985
0	0	0	0	0	0	0	0	0	0	0	0	0	0	0	0	0	0	0	0	0	0	0	0	0	0	0	0	0	0	0.75	0	0.2	0.2	0	0.75	0	0.6	0.2	0	0	0.754
11.38	0	0	0	9.561	15.277	0	0	1.793	13.405	8.695	0	0	1.793	7.835	0.558	0	0	1	0.648	0.558	0	0	1	0.648	0.444	0	0	1	0.357	0	0.8	0.4	0.25	0	0.125	1	0.4	0	0	0.3	0.231
1.959	1.754	1.904	1.016	2.983	11.383	11.264	11.637	9.22	11.376	0	0	0	0	0	0.667	0.711	0.667	0.786	0.667	0.667	0.711	0.667	0.786	0.667	0	0	0	0	0	0	0	0	0.143	0	0.6	0.6	0	0.571	0	0	0.390
0	0	0	0	0	0.994	0	0	0.994	0	0.994	0	0	0.994	0	0	0	0	0	0	0	0	0	0	0	0	0	0	0	0	0	0.6	0.2	0.111	0	0.143	0.4	0	0	0	0.418	0.348
0	0	0	0	0	0	0	0	0	0	0	0	0	0	0	0	0	0	0	0	0	0	0	0	0	0	0	0	0	0	0	0	0	0	0	0	0	0.429	0	0	0.718	0.584
0	1.965	0	0	12.583	0	1.965	0	0	12.583	0	1.001	0	0	3.804	0	1	0	0	0.429	0	1	0	0	0.429	0	0	0	0	0.167	0	0	0	0	0	0	0	0	0	0.125	0.893	0.296
4.651	0	0	0	0	4.651	0	0	0	0	1.745	0	0	0	0	0.8	0	0	0	0	0.8	0	0	0	0	0	0	0	0	0	0.2	0.125	0.75	0.5	0.8	0.8	0	1	0.25	0.8	0	0.497
4.066	2.983	7.04	1.904	1.801	11.213	11.376	13.598	11.637	6.104	0	0	0	0	0	0.667	0.667	0.561	0.667	0.733	0.667	0.667	0.561	0.667	0.733	0	0	0	0	0	0	0	0	0	0	0.2	0	0	0	0	0.117	0.415
0	0	1.834	0	5.689	0	0	1.834	0	7.66	0	0	1.834	0	3.89	0	0	0	0	0.643	0	0	0	0	0.643	0	0	0	0	0.5	0	0	0	0.2	0	0	0.125	0	0.8	0	0	0.606
0	0	0	0	26.019	0	0	0	0	28.335	0	0	0	0	10.186	0	0	0	0	0.302	0	0	0	0	0.302	0	0	0	0	0.306	0	0	1	0	0	0	0	0	0.2	0	0.713	0.543
7.04	4.066	1.801	2.983	3.673	13.598	11.213	6.104	11.376	8.001	0	0	0	0	0	0.561	0.667	0.733	0.667	0.786	0.561	0.667	0.733	0.667	0.786	0	0	0	0	0	0	0	0	0	0	0	0.2	0	0	0	0.714	0.415
9.771	0	1.82	0	14.043	11.901	0	2.743	0	16.265	7.171	0	0.923	0	7.093	0.667	0	1	0	0.529	0.667	0	1	0	0.529	0.381	0	0	0	0.476	0	0	0.2	0.75	0.4	0.2	0.2	0.2	0.625	0.4	0.299	0.145
0	0	0	0	4.651	0	0	0	0	4.651	0	0	0	0	1.745	0	0	0	0	0.8	0	0	0	0	0.8	0	0	0	0	0	0.5	0	0.125	0	0.2	0.25	0	0	0	0.8	0	0.658
0	0	0	0	0	0	0	0	0	0	0	0	0	0	0	0	0	0	0	0	0	0	0	0	0	0	0	0	0	0	0	0	0	0	0	0.2	0	0	0.429	0	0.117	0.515
1.753	2.692	0	0	0	1.753	4.909	0	0	0.994	0	3.155	0	0	0.994	1	0.9	0	0	0	1	0.9	0	0	0	0	1	0	0	0	0	0.2	0	0.25	0.111	0	0	0.4	0	0	0.554	0.296
0	0	0	-1	0	0	0	0	-1	0	0	0	0	-1	0	0	0	0	-1	0	0	0	0	-1	0	0	0	0	-1	0	0	0	0	-1	1	0	0.2	0	-1	0	0.717	0.763
0	0	0	0	0	0	0	0	0	0	0	0	0	0	0	0	0	0	0	0	0	0	0	0	0	0	0	0	0	0	0	0	0	0	0	0	0	0	0	0	0.558	0.368
3.887	0.979	7.101	0	27.627	6.161	2.921	7.101	0	32.704	2.066	0.962	0.873	0	11.37	0.867	1	0.571	0	0.214	0.867	1	0.571	0	0.214	1	0	0	0	0.073	0	0.6	0	0.25	0	0	0.8	0	0	0	0.556	0.283
1.718	0.986	0.982	4.668	0	3.572	3.016	0.982	7.725	0	2.71	3.016	0.982	4.075	0	0.833	0.667	0	0.643	0	0.833	0.667	0	0.643	0	0.667	0.667	0	0.5	0	0	0	0	0	0.2	0	0	0	0	0.4	0.299	0.217
0	0.928	1.965	0	0	0	0.928	1.965	0	0	0	0.928	1.001	0	0	0	0	1	0	0	0	0	1	0	0	0	0	0	0	0	0	0	0	0.8	0	0	0	0	0.8	0	0.897	0.448
0	0	0	0	0	0	0	0	0	0	0	0	0	0	0	0	0	0	0	0	0	0	0	0	0	0	0	0	0	0	0	0	0	0	0	0	0	0	0	0	0.12	0.310
0	26.096	2.087	0	0.901	0	31.585	5.564	0	1.78	0	16.679	4.552	0	0.88	0	0.243	0.9	0	1	0	0.243	0.9	0	1	0	0.167	0.833	0	0	0.25	0	0.75	0.2	0	0	0	0	0.2	0	0.417	0.690
7.101	3.887	27.627	0.979	0	7.101	6.161	32.704	2.921	0	0.873	2.066	11.37	0.962	0	0.571	0.867	0.214	1	0	0.571	0.867	0.214	1	0	0	1	0.073	0	0	0	0	0	0.6	0.6	0	0	0	0.8	0.6	0.558	0.399
1.035	0	0	6.382	0	1.035	0	0	8.352	0.863	1.035	0	0	1.753	0	0	0	0	0.306	0	0	0	0	0.306	0	0	0	0	0	0	1	0.25	0.143	0	0.25	0	0	0	0.4	0	0.3	0.699
0	0	0	0	0	0	0.994	0.994	0	0	0	0.994	0.994	0	0	0	0	0	0	0	0	0	0	0	0	0	0	0	0	0	0.6	0.111	0	0	0.2	0.4	0	0.143	0.4	0	0	0.491
0.982	1.718	0	0.986	0.853	0.982	3.572	0	3.016	0.853	0.982	2.71	0	3.016	0.853	0	0.833	0	0.667	0	0	0.833	0	0.667	0	0	0.667	0	0.667	0	0	0	0.2	0	0	0	0	0.4	0	0	0.556	0.167
1.754	1.016	1.959	3.237	1.904	11.264	9.22	11.383	11.687	11.637	0	0	0	0	0	0.711	0.786	0.667	0.667	0.667	0.711	0.786	0.667	0.667	0.667	0	0	0	0	0	0	0.143	0	0	0	0.6	0.571	0.6	0	0	0	0.379
0	0	0	0	0.928	0	0	0	0	0.928	0	0	0	0	0.928	0	0	0	0	0	0	0	0	0	0	0	0	0	0	0	0.2	0.75	0	0	0	0.6	0.75	0	0	0	0	0.542
0	0	0	0	0	0	0	0	0	0	0	0	0	0	0	0	0	0	0	0	0	0	0	0	0	0	0	0	0	0	0	0	0	0	0	0	0	0	0	0	0.116	0.285
0	0	0	0	0	0	0	0	0	0	0	0	0	0	0	0	0	0	0	0	0	0	0	0	0	0	0	0	0	0	0	0	0	0	0	0	0	0	0	0	0.713	0.363
0	4.651	0	0	0	0	4.651	0	0	0	0	1.745	0	0	0	0	0.8	0	0	0	0	0.8	0	0	0	0	0	0	0	0	0.75	0.2	0.8	0.125	0.111	1	0.8	0.8	0	0	0.196	0.920
0	0	9.771	0	1.82	0	0	11.901	0	2.743	0	0	7.171	0	0.923	0	0	0.667	0	1	0	0	0.667	0	1	0	0	0.381	0	0	0	0.75	0	0	0.2	0.2	0.625	0.2	0	0.2	0.717	0.363
2.13	0	0	2.753	11.086	6.363	0	0	5.599	15.537	5.329	0	0	2.849	8.953	1	0	0	1	0.457	1	0	0	1	0.457	0.6	0	0	0.333	0.464	0.286	0.2	0.6	0	0	0.143	0.4	0.4	0.4	0	0.196	0.549
1.834	0	5.689	0	2.698	1.834	0	7.66	0	4.764	1.834	0	3.89	0	2.984	0	0	0.643	0	0.7	0	0	0.643	0	0.7	0	0	0.5	0	0.667	0	0	0	0	0.333	0	0	0	0.125	0	0.299	0.206
0	0	0	0	0	0	0	0	0	0	0	0	0	0	0	0	0	0	0	0	0	0	0	0	0	0	0	0	0	0	0	0	0	0	0	0	0.429	0.2	0	0	0.717	0.501
1.795	0.854	7.298	0	0	2.711	1.829	8.301	0	0	0.915	0.976	1.004	0	0	1	1	0.917	0	0	1	1	0.917	0	0	0	0	0	0	0	0	0.143	0.2	0	0.6	0	0	0	0.2	0.2	0.718	0.312
5.689	1.834	2.698	0	8.766	7.66	1.834	4.764	0	11.658	3.89	1.834	2.984	0	3.974	0.643	0	0.7	0	0.621	0.643	0	0.7	0	0.621	0.5	0	0.667	0	0.5	0	0	0.333	0	0	0	0	0	0	0	0.714	0.400
0	0	0	1.753	0	0.994	0	0	1.753	0.994	0.994	0	0	0	0.994	0	0	0	1	0	0	0	0	1	0	0	0	0	0	0	0.111	0	0.6	0	0	0	0.4	0.4	0	0.143	0.414	0.316
7.301	0.884	3.695	0.891	5.302	11.836	4.464	8.84	2.828	12.341	0	0	0	0	0	0.47	0.4	0.639	0	0.618	0.47	0.4	0.639	0	0.618	0	0	0	0	0	0	0.4	0	0	0	0.5	0.6	0.2	0	0.8	0.558	0.204
0	0	0	0	-1	0	0	0	0	-1	0	0	0	0	-1	0	0	0	0	-1	0	0	0	0	-1	0	0	0	0	-1	0	0	0	0	-1	0	0	0.286	0	-1	0.116	0.767
0.873	0.863	0	0	0	1.728	1.72	0.913	0	2.783	0	0	0	0	0	0	1	0	0	0	0	1	0	0	0	0	0	0	0	0	0	0	0	0	0	0	0	0	0	0	0.716	0.273
2.698	5.689	8.766	1.834	4.668	4.764	7.66	11.658	1.834	7.725	2.984	3.89	3.974	1.834	4.075	0.7	0.643	0.621	0	0.643	0.7	0.643	0.621	0	0.643	0.667	0.5	0.5	0	0.5	0.333	0	0	0	0	0	0	0	0	0	0.893	0.380
0	0	0.979	0	3.887	0	1.726	2.921	0	6.161	0	0.862	0.962	0	2.066	0	1	1	0	0.867	0	1	1	0	0.867	0	0	0	0	1	0.25	0.333	0.6	0.5	0	0	0.667	0.8	1	0	0.558	0.760
0	0	0	0	0	0	0	0	0	0	0	0	0	0	0	0	0	0	0	0	0	0	0	0	0	0	0	0	0	0	0	0	0	0	0	0	0	0	0.2	0.286	0.896	0.578
1.965	0	0	0.928	0	1.965	0	0	0.928	0	1.001	0	0	0.928	0	1	0	0	0	0	1	0	0	0	0	0	0	0	0	0	0	0	0	0	0	0	0	0	0	0	0.9	0.252
0	26.019	11.171	0	0	0	28.335	14.667	0	0	0	10.186	6.373	0	0	0	0.302	0.527	0	0	0	0.302	0.527	0	0	0	0.306	0.533	0	0	0.4	0	0	1	0.5	0.2	0	0.2	0	1	0.113	0.596
0	0.879	0	2.835	0	0	0.879	0	2.835	0	0	0.879	0	1.815	0	0	0	0	1	0	0	0	0	1	0	0	0	0	1	0	0.2	0	0	0.778	0.75	0.2	0.143	0	0.333	0.75	0	0.630
0	0	0	0	0	0	0	0	0	0	0	0	0	0	0	0	0	0	0	0	0	0	0	0	0	0	0	0	0	0	0	0	0	0	0	0	0	0	0	0	0.718	0.382
11.086	0	0	2.13	26.096	15.537	0	0	6.363	31.585	8.953	0	0	5.329	16.679	0.457	0	0	1	0.243	0.457	0	0	1	0.243	0.464	0	0	0.6	0.167	0	0.6	0.2	0.286	0	0	0.4	0.2	0.143	0	0.2	0.203
0	0.982	0.853	1.718	2.835	0	0.982	0.853	3.572	2.835	0	0.982	0.853	2.71	1.815	0	0	0	0.833	1	0	0	0	0.833	1	0	0	0	0.667	1	0.2	0	0	0	0.778	0.4	0	0	0	0.333	0.12	0.691
0	2.07	5.042	0	0	0	2.07	5.901	0	0	0	2.07	2.176	0	0	0	1	1	0	0	0	1	1	0	0	0	1	1	0	0	0	0	0	1	0.8	0.25	0	0.6	0	0.8	0	0.625
0	2.13	11.086	0	0	0	6.363	15.537	0	0	0	5.329	8.953	0	0	0	1	0.457	0	0	0	1	0.457	0	0	0	0.6	0.464	0	0	0.6	0.286	0	0.2	0.2	0.4	0.143	0	0.4	0.2	0	0.594
0	0	0	3.673	0	0	0	0	8.001	0	0	0	0	0	0	0	0	0	0.786	0	0	0	0	0.786	0	0	0	0	0	0	0	0	0	0	0	0	0	0	0	0	0.718	0.381
0.884	0.891	7.301	0	3.695	4.464	2.828	11.836	0	8.84	0	0	0	0	0	0.4	0	0.47	0	0.639	0.4	0	0.47	0	0.639	0	0	0	0	0	0.4	0	0	0	0	0.6	0	0.5	0	0.2	0.117	0.195
0	0	0	0	0	0	0	0	0	0	0	0	0	0	0	0	0	0	0	0	0	0	0	0	0	0	0	0	0	0	0	0	0.111	0.6	0	0	0	0	0.4	0	0.713	0.439
7.298	1.795	0	0.854	16.11	8.301	2.711	0	1.829	19.005	1.004	0.915	0	0.976	4.703	0.917	1	0	1	0.363	0.917	1	0	1	0.363	0	0	0	0	0.1	0.2	0	0.6	0.143	0	0	0	0.2	0	0	0.896	0.191
0	0	11.38	3.719	0	0	1.793	15.277	7.41	0	0	1.793	8.695	4.607	0	0	1	0.558	0.786	0	0	1	0.558	0.786	0	0	1	0.444	0.4	0	0.8	0.25	0	0	0.4	1	0	0.125	0	0.4	0.198	0.681
0	0	0	0	0	0	0	0	0	0	0	0	0	0	0	0	0	0	0	0	0	0	0	0	0	0	0	0	0	0	0	0	0	0	0	0	0	0	0.25	0	0.718	0.411
0	0	0	0	0	0	0	0	0	0	0	0	0	0	0	0	0	0	0	0	0	0	0	0	0	0	0	0	0	0	0	0	0	0	0	0	0.2	0	0	0	0.713	0.726
2.753	0	0	27.627	2.13	5.599	0	0	32.704	6.363	2.849	0	0	11.37	5.329	1	0	0	0.214	1	1	0	0	0.214	1	0.333	0	0	0.073	0.6	0	0.6	0.2	0	0.286	0.4	0.6	0.4	0	0.143	0	0.517
1.904	1.959	2.983	1.754	4.066	11.637	11.383	11.376	11.264	11.213	0	0	0	0	0	0.667	0.667	0.667	0.711	0.667	0.667	0.667	0.667	0.711	0.667	0	0	0	0	0	0	0	0	0	0	0	0.6	0	0.6	0.2	0.554	0.221
0	0.873	0	0.863	0	0.913	1.728	2.783	1.72	0	0	0	0	0	0	0	0	0	1	0	0	0	0	1	0	0	0	0	0	0	0	0	0	0	0	0	0	0	0	0	0.896	0.186
0.901	2.087	0	0	2.692	1.78	5.564	0	0	4.909	0.88	4.552	0	0	3.155	1	0.9	0	0	0.9	1	0.9	0	0	0.9	0	0.833	0	0	1	0	0.75	0.25	0.25	0.2	0	0	0	0	0	0.898	0.338
26.019	0	0	0	11.171	28.335	0	0	0	14.667	10.186	0	0	0	6.373	0.302	0	0	0	0.527	0.302	0	0	0	0.527	0.306	0	0	0	0.533	0	1	0.4	0	0	0	0	0.2	0	0.2	0.415	0.269
0	0	0	4.452	1.834	0	0	0	4.452	1.834	0	0	0	1.731	1.834	0	0	0	0.3	0	0	0	0	0.3	0	0	0	0	0	0	0	0.2	0	0	0	0.125	0.8	0	0	0	0.415	0.355
0.979	0	3.887	0	7.101	2.921	0	6.161	1.726	7.101	0.962	0	2.066	0.862	0.873	1	0	0.867	1	0.571	1	0	0.867	1	0.571	0	0	1	0	0	0.6	0.25	0	0.333	0	0.8	0	0	0.667	0	0.298	0.742
0	12.583	0	0	0	0	12.583	0	0	0	0	3.804	0	0	0	0	0.429	0	0	0	0	0.429	0	0	0	0	0.167	0	0	0	1	0	0	0	0.4	1	0.125	0	0	1	0.057	0.994
0	0	0	0.928	0	0	0	0	0.928	0	0	0	0	0.928	0	0	0	0	0	0	0	0	0	0	0	0	0	0	0	0	0	0.6	0	0	0.111	0	0.4	0	0	0	0.417	0.387
5.042	0	0	2.07	0.928	5.901	0	0	2.07	0.928	2.176	0	0	2.07	0.928	1	0	0	1	0	1	0	0	1	0	1	0	0	1	0	0	0	0.8	0	0	0.6	0.25	0.8	0	0	0.298	0.273
0	3.719	0	14.043	11.38	1.793	7.41	0	16.265	15.277	1.793	4.607	0	7.093	8.695	1	0.786	0	0.529	0.558	1	0.786	0	0.529	0.558	1	0.4	0	0.476	0.444	0.25	0	0.8	0.4	0	0	0	1	0.4	0.125	0.896	0.264
0	0	0	0	0	0	0	0	0	0	0	0	0	0	0	0	0	0	0	0	0	0	0	0	0	0	0	0	0	0	0	0	0	0	0	0	0	0	0	0	0.197	0.374
8.766	2.698	4.668	5.689	0.986	11.658	4.764	7.725	7.66	3.016	3.974	2.984	4.075	3.89	3.016	0.621	0.7	0.643	0.643	0.667	0.621	0.7	0.643	0.643	0.667	0.5	0.667	0.5	0.5	0.667	0	0.333	0	0	0	0	0	0	0	0	0.9	0.158
0	1.035	0	0	5.052	0	1.035	0.863	0	7.016	0	1.035	0	0	0	0	0	0	0	0.571	0	0	0	0	0.571	0	0	0	0	0	0.143	1	0.25	0.25	0	0	0	0	0	0	0.897	0.688
2.983	1.904	4.066	1.959	7.04	11.376	11.637	11.213	11.383	13.598	0	0	0	0	0	0.667	0.667	0.667	0.667	0.561	0.667	0.667	0.667	0.667	0.561	0	0	0	0	0	0	0	0	0	0	0	0	0.2	0.6	0	0.554	0.271
0	0	0	0	0	0	0	0	0	0	0	0	0	0	0	0	0	0	0	0	0	0	0	0	0	0	0	0	0	0	0.111	0	0	0	0.75	0	0	0	0	0.625	0.898	0.470
0	0	26.019	0	0	0	0	28.335	0	0	0	0	10.186	0	0	0	0	0.302	0	0	0	0	0.302	0	0	0	0	0.306	0	0	1	0	0	0	0.4	0	0	0	0	0.2	0.717	0.783
0	11.086	26.096	0	0	0	15.537	31.585	0	0	0	8.953	16.679	0	0	0	0.457	0.243	0	0	0	0.457	0.243	0	0	0	0.464	0.167	0	0	0.2	0	0	0.6	0.25	0.2	0	0	0.4	0	0	0.593
26.096	0	0	11.086	2.087	31.585	0	0	15.537	5.564	16.679	0	0	8.953	4.552	0.243	0	0	0.457	0.9	0.243	0	0	0.457	0.9	0.167	0	0	0.464	0.833	0	0.2	0.25	0	0.75	0	0.2	0	0	0	0.418	0.314
0	0	0	0	0	0	0	0	0	0	0	0	0	0	0	0	0	0	0	0	0	0	0	0	0	0	0	0	0	0	0	0	0	0	0	0	0	0	0	0	0.715	0.394
5.052	0	0	0	0.863	7.016	0.863	0	0	1.72	0	0	0	0	0	0.571	0	0	0	1	0.571	0	0	0	1	0	0	0	0	0	0	0.25	0	0.143	0	0	0	0	0	0	0.896	0.412
3.719	14.043	0	1.82	0	7.41	16.265	1.793	2.743	0	4.607	7.093	1.793	0.923	0	0.786	0.529	1	1	0	0.786	0.529	1	1	0	0.4	0.476	1	0	0	0	0.4	0.25	0.2	0.8	0	0.4	0	0.2	1	0.415	0.320
16.11	0	0	7.298	0	19.005	0	0	8.301	0	4.703	0	0	1.004	0	0.363	0	0	0.917	0	0.363	0	0	0.917	0	0.1	0	0	0	0	0	0.6	0	0.2	0	0	0.2	0	0	0	0.195	0.251
0	4.452	0	0	0	0	4.452	0	0	0	0	1.731	0	0	0	0	0.3	0	0	0	0	0.3	0	0	0	0	0	0	0	0	0.2	0	0	0	0	0.8	0	0.125	0	0	0	0.798
0	0	0	0	0	0	0	0	0	0	0	0	0	0	0	0	0	0	0	0	0	0	0	0	0	0	0	0	0	0	0	0	0	0	0	0	0	0	0	0	0.717	0.375
0	0	0	0.873	0.891	2.783	0.913	0	1.728	2.828	0	0	0	0	0	0	0	0	0	0	0	0	0	0	0	0	0	0	0	0	0	0	0	0	0	0	0	0	0	0	0.197	0.154
5.302	3.695	3.237	7.301	1.016	12.341	8.84	11.687	11.836	9.22	0	0	0	0	0	0.618	0.639	0.667	0.47	0.786	0.618	0.639	0.667	0.47	0.786	0	0	0	0	0	0	0	0	0	0.143	0.8	0.2	0	0.5	0.571	0	0.363
0.879	2.835	0	0.853	0	0.879	2.835	0	0.853	0	0.879	1.815	0	0.853	0	0	1	0	0	0	0	1	0	0	0	0	1	0	0	0	0	0.778	0.2	0	0	0.143	0.333	0.2	0	0	0.299	0.294
0	0	0	0	9.771	0	0	0	0	11.901	0	0	0	0	7.171	0	0	0	0	0.667	0	0	0	0	0.667	0	0	0	0	0.381	0.75	0	0	0.111	0	0.625	0	0.2	0	0.2	0.3	0.575
0	2.753	2.13	0	0	0	5.599	6.363	0	0	0	2.849	5.329	0	0	0	1	1	0	0	0	1	1	0	0	0	0.333	0.6	0	0	0.2	0	0.286	0.6	0.6	0.4	0.4	0.143	0.6	0.4	0	0.616
2.07	0	0	9.561	5.042	2.07	0	0	13.405	5.901	2.07	0	0	7.835	2.176	1	0	0	0.648	1	1	0	0	0.648	1	1	0	0	0.357	1	0	1	0	0	0	0	0	0.25	0	0.6	0	0.265
0	0	0	0	0	0	0	0	0	0	0	0	0	0	0	0	0	0	0	0	0	0	0	0	0	0	0	0	0	0	0	0	0	0	0	0	0	0	0	0	0.417	0.527
0	0	-1	0	-1	0	0	-1	0	-1	0	0	-1	0	-1	0	0	-1	0	-1	0	0	-1	0	-1	0	0	-1	0	-1	0	0	-1	0	-1	0.286	0	-1	0	-1	0.897	0.772
0	0	0.854	0	1.795	0	0	1.829	0	2.711	0	0	0.976	0	0.915	0	0	1	0	1	0	0	1	0	1	0	0	0	0	0	0	0.25	0.143	0	0	0.2	0.25	0	0.5	0	0.717	0.550
0	0	12.583	1.965	0	0	0	12.583	1.965	0	0	0	3.804	1.001	0	0	0	0.429	1	0	0	0	0.429	1	0	0	0	0.167	0	0	0	0	0	0	1	0	0	0.125	0	1	0.717	0.418
0	0	0.891	0	0.884	0	2.783	2.828	0.913	4.464	0	0	0	0	0	0	0	0	0	0.4	0	0	0	0	0.4	0	0	0	0	0	0	0	0	0	0.4	0	0	0	0	0.6	0.715	0.185
0	0.928	0	0	0	0	0.928	0	0	0	0	0.928	0	0	0	0	0	0	0	0	0	0	0	0	0	0	0	0	0	0	0.6	0	0	0	0	0.4	0	0	0	0	0	0.733
0	0	4.651	0	0	0	0	4.651	0	0	0	0	1.745	0	0	0	0	0.8	0	0	0	0	0.8	0	0	0	0	0	0	0	0.125	0.5	0.2	0	0.75	0	0.25	0.8	0	1	0.3	0.607
0	3.673	0	1.801	0	0	8.001	0	6.104	0	0	0	0	0	0	0	0.786	0	0.733	0	0	0.786	0	0.733	0	0	0	0	0	0	0	0	0	0	0	0	0	0	0	0	0.897	0.382
0	0	0	0	0	0	0	0	0	0	0	0	0	0	0	0	0	0	0	0	0	0	0	0	0	0	0	0	0	0	0	0	0	0	0	0.25	0	0	0	0	0.718	0.387
0	11.171	0	0	0	0	14.667	1.726	0	0	0	6.373	0.862	0	0	0	0.527	1	0	0	0	0.527	1	0	0	0	0.533	0	0	0	0.5	0	0.333	0.4	0.25	1	0.2	0.667	0.2	0	0.119	0.930
4.452	0	0	0.854	0	4.452	0	0	0.854	0	1.731	0	0	0	0	0.3	0	0	0	0	0.3	0	0	0	0	0	0	0	0	0	0	0	0.2	0.2	0	0	0	0.8	0	0.125	0.296	0.189
3.695	7.301	5.302	0.884	3.237	8.84	11.836	12.341	4.464	11.687	0	0	0	0	0	0.639	0.47	0.618	0.4	0.667	0.639	0.47	0.618	0.4	0.667	0	0	0	0	0	0	0	0	0.4	0	0.2	0.5	0.8	0.6	0	0.419	0.398
0	0	0	0	0	0	0	0	0	0	0	0	0	0	0	0	0	0	0	0	0	0	0	0	0	0	0	0	0	0	0	0.4	0.25	0	0	0.5	1	0.25	0	0.2	0	0.896
0	0	0	0.879	0	0	0	0	0.879	0	0	0	0	0.879	0	0	0	0	0	0	0	0	0	0	0	0	0	0	0	0	0	0.2	0.75	0	0.2	0	0.2	0.75	0.143	0.6	0.294	0.436
0	0	5.052	1.035	0	0.863	0	7.016	1.035	0	0	0	0	1.035	0	0	0	0.571	0	0	0	0	0.571	0	0	0	0	0	0	0	0.25	0.143	0	1	0	0	0	0	0	0	0.558	0.551
2.835	0.853	0.879	0	0	2.835	0.853	0.879	0	0	1.815	0.853	0.879	0	0	1	0	0	0	0	1	0	0	0	0	1	0	0	0	0	0.778	0	0	0.2	0.2	0.333	0	0.143	0.4	0.2	0.197	0.385
0.891	0	0.884	0	7.301	2.828	0	4.464	2.783	11.836	0	0	0	0	0	0	0	0.4	0	0.47	0	0	0.4	0	0.47	0	0	0	0	0	0	0	0.4	0	0	0	0	0.6	0	0.5	0.414	0.193
0	6.382	1.035	0	0	0	8.352	1.035	0	0	0	1.753	1.035	0	0	0	0.306	0	0	0	0	0.306	0	0	0	0	0	0	0	0	0.25	0	1	0	0.143	0	0.4	0	1	0	0.417	0.772
2.087	0	0.901	26.096	0	5.564	0	1.78	31.585	0	4.552	0	0.88	16.679	0	0.9	0	1	0.243	0	0.9	0	1	0.243	0	0.833	0	0	0.167	0	0.75	0.25	0	0	0.25	0	0	0	0	0	0.415	0.357
4.668	8.766	0.986	2.698	1.718	7.725	11.658	3.016	4.764	3.572	4.075	3.974	3.016	2.984	2.71	0.643	0.621	0.667	0.7	0.833	0.643	0.621	0.667	0.7	0.833	0.5	0.5	0.667	0.667	0.667	0	0	0	0.333	0	0	0	0	0	0	0.896	0.272
0	0	6.382	0	0	0	0	8.352	0	0	0	0	1.753	0	0	0	0	0.306	0	0	0	0	0.306	0	0	0	0	0	0	0	0	0.556	0	0.111	0.25	1	0.111	0.4	0	0	0.119	0.868
0	0.854	4.452	0	0	0	0.854	4.452	0	0	0	0	1.731	0	0	0	0	0.3	0	0	0	0	0.3	0	0	0	0	0	0	0	0	0.2	0	0	0.2	0	0	0	0	0.8	0	0.528
0	0	0	0	0	0	0	0	0	0	0	0	0	0	0	0	0	0	0	0	0	0	0	0	0	0	0	0	0	0	0	0	0	0	0	0	0	0	0	0.429	0.718	0.592
2.692	0	1.753	0.901	0	4.909	0	1.753	1.78	0	3.155	0	0	0.88	0	0.9	0	1	1	0	0.9	0	1	1	0	1	0	0	0	0	0.2	0.25	0	0	0	0	0	0	0	0.4	0.197	0.294
12.583	0	0	0	0	12.583	0	0	0	0	3.804	0	0	0	0	0.429	0	0	0	0	0.429	0	0	0	0	0.167	0	0	0	0	0	0	1	0	0	0.125	0	1	0	0	0.715	0.407
0	0	0	0	0	0	0	0	0	0	0	0	0	0	0	0	0	0	0	0	0	0	0	0	0	0	0	0	0	0	0	0	0	0	0	0	0	0	0	0	0.716	0.387
11.171	0	0	26.019	0	14.667	0	0	28.335	1.726	6.373	0	0	10.186	0.862	0.527	0	0	0.302	1	0.527	0	0	0.302	1	0.533	0	0	0.306	0	0	0.4	0.5	0	0.333	0.2	0.2	1	0	0.667	0.556	0.356
0	7.298	16.11	1.795	0	0	8.301	19.005	2.711	0	0	1.004	4.703	0.915	0	0	0.917	0.363	1	0	0	0.917	0.363	1	0	0	0	0.1	0	0	0.6	0.2	0	0	0	0.2	0	0	0	0	0.556	0.777
0	9.561	2.07	0	0	0	13.405	2.07	0	0	0	7.835	2.07	0	0	0	0.648	1	0	0	0	0.648	1	0	0	0	0.357	1	0	0	1	0	0	0.4	0	0	0	0	0.4	0.25	0	0.374
0	0	0	0	0	0	0	0	0	0	0	0	0	0	0	0	0	0	0	0	0	0	0	0	0	0	0	0	0	0	0	0	0	0	0	0	0.25	0	0	0	0.718	0.398
