11.841	1.912	0	2.947	2.028	15.959	0.881	0	6.126	5.13	11.363	1.031	0	5.161	3.102	0.408	1	0	0.667	0.7	0.4	0	0	0.667	0.7	0.273	0	0	0.4	0.667	0.429	0.25	0	0	0	0.286	0	0	0	0	0.299	0.229
2.65	9.478	0.903	1.001	0.897	1.777	9.593	0.903	1.898	0.897	1.761	2.816	0	0.896	0	1	0.782	0	1	0	1	0.844	0	1	0	1	0	0	0	0	0	0	0	0	0.667	0	0	0	0	0.333	0	0.563
0	0	1.852	0	0	0	0	0.863	0	0	0	0	1.852	0	0	0	0	1	0	0	0	0	0	0	0	0	0	1	0	0	0	0.4	0	0	0	0	0.2	0.333	0	0	0.298	0.177
0	0	0	0	0	0	0	0	0	0	0	0	0	0	0	0	0	0	0	0	0	0	0	0	0	0	0	0	0	0	0.2	0	0.2	0	0	0	0	0	0	0	0.198	0.225
25.44	0	0	0.936	0	31.081	0.985	0	3.055	0	10.701	0.985	0	2.119	0	0.407	0	0	1	0	0.395	0	0	1	0	0.267	0	0	1	0	0	0.8	0	0	0	0	0.8	0	0	0.333	0.299	0.202
0	5.957	0	0	0	0	8.097	0	0	0	0	4.299	0	0	0	0	0.357	0	0	0	0	0.321	0	0	0	0	0.167	0	0	0	0	0.4	0.5	0.286	1	0	0.4	1	0	1	0	0.676
0	0	0.877	0	0	0	0	0	0	0	0	0	0.877	0	0	0	0	0	0	0	0	0	0	0	0	0	0	0	0	0	0	0	0.25	0	0	0	0	0	0	0	0.554	0.334
0	0.87	0	0	0	0	2.882	0	0	0	0	2.012	0	0	0	0	1	0	0	0	0	1	0	0	0	0	1	0	0	0	0	0	0	0.2	0	0	0	0	0	0	0.419	0.991
8.701	0.905	2.966	0.877	24.473	8.053	0	1.85	0.877	28.519	6.065	1.816	2.092	0	13.453	0.673	0	0.833	0	0.399	0.714	0	1	0	0.384	0.333	0	1	0	0.179	0.75	0.8	0.2	0.333	0	1	1	1	0.667	0	0.294	0.560
0	0	0	9.937	2.054	0	0	0	9.937	2.054	0	0	0	5.179	2.054	0	0	0	0.711	1	0	0	0	0.689	1	0	0	0	0.4	1	0	0.8	0	0.5	1	0	0	0	0	0	0.556	0.293
0	0	0	0	0	0	0	0	0	0	0	0	0	0	0	0	0	0	0	0	0	0	0	0	0	0	0	0	0	0	0	0.2	0.25	0	0	0	0	0	0	0	0.897	0.430
0	0	2.378	0	0.866	0	0	1.417	0	0	0	0	2.378	0	0.866	0	0	1	0	0	0	0	0	0	0	0	0	0	0	0	0	0.2	0.25	1	0.2	0	0.2	0.5	1	0	0	0.982
0	7.712	0	0	0	0	6.099	0	0	0	0	6.77	0	0	0	0	0.533	0	0	0	0	0.8	0	0	0	0	0.238	0	0	0	0	0.333	0	0.2	0	0	0.667	0	0	0	0.417	0.254
0	0	0	0	0	0	0	0	0	0	0	0	0	0	0	0	0	0	0	0	0	0	0	0	0	0	0	0	0	0	0.2	0	0.2	0.2	0	0	0	0	0	0	0.717	0.291
0.866	2.378	1.037	0	0	0	1.417	2.092	0	0	0.866	2.378	2.092	0	0	0	1	1	0	0	0	0	1	0	0	0	0	1	0	0	0.2	0.25	0	0	0	0	0.5	0	0	0	0	0.428
0	0	0	0	0	0	0	0	0	0	0	0	0	0	0	0	0	0	0	0	0	0	0	0	0	0	0	0	0	0	0	0	0	0	0.5	0	0	0	0	0	0.195	0.316
2.701	0	0	0.863	0	3.696	0.938	0	2.62	0	1.886	0.938	0	1.757	0	1	0	0	1	0	1	0	0	1	0	1	0	0	1	0	0	1	0	0	1	0	0.5	0	0	0.6	0	0.325
0	0	0	0	0	0	0	0	0	0	0	0	0	0	0	0	0	0	0	0	0	0	0	0	0	0	0	0	0	0	0	0.333	0	0	0	0	0	0.667	1	0	0.557	0.291
0	1.794	0	0	7.682	0	1.794	0	0	9.476	0	0.887	0	0	2.884	0	1	0	0	0.889	0	1	0	0	0.867	0	0	0	0	0.667	0	0	0.2	0	0	0	0.6	0	0	0	0.294	0.557
0	0	0	0	0	0	0	0	0	0	0	0	0	0	0	0	0	0	0	0	0	0	0	0	0	0	0	0	0	0	1	0.4	0.2	1	0	1	0.6	0.2	0.4	0	0	0.972
0	2.701	0	0	9.937	0	3.696	0	0.938	9.937	0	1.886	0	0.938	5.179	0	1	0	0	0.711	0	1	0	0	0.689	0	1	0	0	0.4	0	0	1	1	0.5	0	0	0.6	0.5	0	0.419	0.181
0	0	0	0.883	0	0	0	0.98	0.883	0	0	0	0.98	0.883	0	0	0	0	0	0	0	0	0	0	0	0	0	0	0	0	0.2	0	0	0	0.2	0	0	0	0	0	0.557	0.144
0	0	0	0	0	0	0	0	0	0	0	0	0	0	0	0	0	0	0	0	0	0	0	0	0	0	0	0	0	0	0	0.2	0	0	0	0	0	0	0	0	0	0.455
5.749	13.309	8.872	0	0.891	8.388	13.873	10.868	0	1.772	4.653	4.345	4.093	0	0.881	0.611	0.819	0.855	0	1	0.611	0.791	0.836	0	1	0.1	0.667	0.5	0	0	0	0.125	0.2	0	0	0	0	0	0	0.2	0.298	0.257
0	0	31.639	0	0	0	0	30.89	0	0	0	0	14.033	0	0	0	0	0.244	0	0	0	0	0.273	0	0	0	0	0.179	0	0	1	0.5	0.889	0	1	1	1	0.444	0	1	0	0.949
0	24.473	0.944	2.966	2.605	0	28.519	1.872	1.85	3.602	0	13.453	1.872	2.092	3.602	0	0.399	1	0.833	0.5	0	0.384	1	1	0.5	0	0.179	0	1	0.333	1	0	0	0.2	0.6	1	0	0	1	0.8	0	0.892
0	0	0.92	0	0	0	0	0.92	0	0	0	0	0.92	0	0	0	0	0	0	0	0	0	0	0	0	0	0	0	0	0	0.4	0.2	0	0	0	0.8	0	0	0	0	0	0.738
0	0.883	0	0.897	0	0	0.883	0	0.897	0.98	0	0.883	0	0	0.98	0	0	0	0	0	0	0	0	0	0	0	0	0	0	0	0	0	0.2	0.667	0	0	0	0	0.333	0	0.298	0.126
3.717	11.408	20.22	2.834	6.924	8.237	17.134	24.859	5.87	12.362	3.483	7.25	9.977	4.932	9.395	0.929	0.725	0.551	0.933	0.788	0.929	0.717	0.54	0.933	0.773	1	0.733	0.417	0.6	0.417	0	0.333	0.125	0.2	0.667	0	0.333	0	0	0	0.199	0.471
0	4.534	6.055	0	3.797	2.66	9.86	13.53	0	10.029	2.66	7.067	11.728	0.891	8.188	0.333	0.556	0.372	0	0.467	0.333	0.533	0.346	0	0.444	0.333	0.571	0.364	0	0.393	0	0	0	0.25	0	0	0	0	0	0	0.556	0.240
0.863	10.754	0	23.366	2.701	2.62	11.847	0.938	28.563	3.696	1.757	3.06	0.938	10.399	1.886	1	0.879	0	0.402	1	1	0.864	0	0.381	1	1	1	0	0.178	1	0	0	1	0.25	0	0	0	0.5	0	0	0.296	0.210
0	0	0.877	0	34.278	0	0	0	0	32.009	0	0	0.877	0	7.649	0	0	0	0	0.354	0	0	0	0	0.351	0	0	0	0	0.286	0	0.2	0	0	0	0	0.2	0	0	0	0.197	0.230
3.731	0	0	0	0	4.821	0	0	0	0	3.014	0	0	0	0	0.8	0	0	0	0	0.6	0	0	0	0	0.667	0	0	0	0	0	0	0	0.2	0.2	0	0	0	0	0	0.296	0.497
0	0	0	0	0	0	0	0	0	0	0	0	0	0	0	0	0	0	0	0	0	0	0	0	0	0	0	0	0	0	0	0	0	0	0.125	0	0	0	0	0	0.299	0.269
0	38.657	0.936	0	0	0	45.007	3.055	0	0.985	0	13.741	2.119	0	0.985	0	0.258	1	0	0	0	0.247	1	0	0	0	0.4	1	0	0	0	0	0	0	0.8	0	0	0	0	0.8	0.556	0.446
0	0	0	0	0	0	0	0	0	0	0	0	0	0	0	0	0	0	0	0	0	0	0	0	0	0	0	0	0	0	0	0	0	0	0	0	0	0	0	0	0.419	0.996
0	0	0	0	2.947	0	0	1.951	0	6.126	0	0	1.951	0	5.161	0	0	1	0	0.667	0	0	1	0	0.667	0	0	1	0	0.4	0	0.8	0	1	0	0	1	0	1	0	0	0.551
0	0	0	0	0	0	0	0	0	0	0	0	0	0	0	0	0	0	0	0	0	0	0	0	0	0	0	0	0	0	0.5	0	0	0	0.2	0.25	0	0	0	0	0.415	0.287
20.22	3.717	6.924	11.408	0	24.859	8.237	12.362	17.134	0	9.977	3.483	9.395	7.25	0	0.551	0.929	0.788	0.725	0	0.54	0.929	0.773	0.717	0	0.417	1	0.417	0.733	0	0.125	0	0.667	0.333	0	0	0	0	0.333	0	0.9	0.188
13.188	4.653	0	0	0	12.132	5.632	0	0	0	3.79	0.98	0	0	0	0.619	0.667	0	0	0	0.692	0.667	0	0	0	0	0	0	0	0	0	0	0.2	0.2	0.2	0	0	0	0	0	0	0.148
10.374	13.951	0	26.674	4.534	15.684	17.008	0	23.695	9.86	10.248	8.685	0.891	14.674	7.067	0.383	0.327	0	0.365	0.556	0.342	0.32	0	0.423	0.533	0.356	0.278	0	0.176	0.571	0.2	0	0.25	0	0	0.6	0	0	0	0	0.198	0.230
0	24.07	18.946	0.91	2.834	0	31.238	28.355	3.733	5.87	0	8.843	12.043	1.942	4.932	0	0.389	0.495	1	0.933	0	0.382	0.483	1	0.933	0	0.25	0.356	1	0.6	0.667	0	0.667	0.2	0.2	1	0	0.444	0	0	0.893	0.672
0.947	0.905	0	0	0	0.947	0	0	0	0	0.947	1.802	0	0	0	0	0	0	0	0	0	0	0	0	0	0	0	0	0	0	0	0	0	0.667	0	0	0	0	0.333	0	0.299	0.205
0	0	0	1.037	0	0	0	0	2.092	0	0	0	0	2.092	0	0	0	0	1	0	0	0	0	1	0	0	0	0	1	0	0.333	0	0.25	0	0.286	0	0	0	0	0	0.298	0.343
0	3.797	1.933	6.055	6.848	1.847	10.029	6	13.53	11.321	1.847	8.188	6	11.728	8.513	1	0.467	0.4	0.372	0.545	1	0.444	0.4	0.346	0.527	1	0.393	0.4	0.364	0.464	0	0	0	0	0	0	0	0	0	0	0.717	0.210
20.823	0	0.903	0	1.915	24.199	0	0.903	0	3.967	10.434	0	0.903	0	3.068	0.435	0	0	0	1	0.409	0	0	0	1	0.222	0	0	0	1	0	0.2	0	0.2	0.2	0.5	0.2	0	0	0	0.294	0.359
0	1.037	0	0.866	0	0	2.092	0	0	0	0	2.092	0	0.866	0	0	1	0	0	0	0	1	0	0	0	0	1	0	0	0	0	0	0.333	0.2	0.25	0	0	0	0	0	0	0.374
0	0.875	0	0	0	0	0.875	0	0	0	0	0.97	0	0	0	0	1	0	0	0	0	0	0	0	0	0	0	0	0	0	0	0	0.2	0	0.4	0	0	0	0	0.8	0.418	0.327
0	2.605	0	0.944	0	0	3.602	0	1.872	0	0	3.602	0	1.872	0	0	0.5	0	1	0	0	0.5	0	1	0	0	0.333	0	0	0	0.625	0.6	0.667	0	0.25	0.625	0.8	1	0	0	0	0.525
0	0	0	31.639	0	0	0	0	30.89	1.951	0	0	0	14.033	1.951	0	0	0	0.244	1	0	0	0	0.273	1	0	0	0	0.179	1	0.8	1	0	0.889	0	1	1	0	0.444	0	0.198	0.644
0	0	0	0	7.506	0	0	0	0	6.469	0	0	0	0	5.744	0	0	0	0	0.47	0	0	0	0	0.81	0	0	0	0	0.2	0.6	0	0.75	0	0.4	0	0	0.25	0	0	0	0.572
0	0	0	0	0	0	0	0	0	0	0	0	0	0	0	0	0	0	0	0	0	0	0	0	0	0	0	0	0	0	0	0.125	0	0	0	0	0	0	0	0	0.716	0.184
0	0	0	5.957	31.639	0	0	0	8.097	30.89	0	0	0	4.299	14.033	0	0	0	0.357	0.244	0	0	0	0.321	0.273	0	0	0	0.167	0.179	0.5	0	1	0.4	0.889	1	0	1	0.4	0.444	0	0.711
6.848	1.933	0	0	2.915	11.321	6	1.765	1.847	5.913	8.513	6	1.765	1.847	4.96	0.545	0.4	0	1	0.733	0.527	0.4	0	1	0.667	0.464	0.4	0	1	0.6	0	0	0	0	0	0	0	0	0	0	0.198	0.172
0.903	20.823	1.915	0	4.894	0.903	24.199	3.967	0	6.954	0.903	10.434	3.068	0	4.968	0	0.435	1	0	1	0	0.409	1	0	1	0	0.222	1	0	0.5	0	0	0.2	0.2	0	0	0.5	0	0.2	0	0	0.563
0	0	0	0	0	0	0	0	0	0	0	0	0	0	0	0	0	0	0	0	0	0	0	0	0	0	0	0	0	0	0	0	0	0.125	0	0	0	0	0	0	0.717	0.238
0	2.054	0	0	0	0	2.054	0	0	0	0	2.054	0	0	0	0	1	0	0	0	0	1	0	0	0	0	1	0	0	0	0	1	0.2	0	0	0	0	0	0	0	0.714	0.554
1.912	2.947	11.841	0	0	0.881	6.126	15.959	1.951	0	1.031	5.161	11.363	1.951	0	1	0.667	0.408	1	0	0	0.667	0.4	1	0	0	0.4	0.273	1	0	0.25	0	0.429	0	0	0	0	0.286	0	0	0	0.450
0	0	0	0.87	0	0	0	0	2.882	0	0	0	0	2.012	0	0	0	0	1	0	0	0	0	1	0	0	0	0	1	0	0	0	0	0	0	0	0	0	0	0	0	0.995
24.473	2.966	0	8.701	0.944	28.519	1.85	0	8.053	1.872	13.453	2.092	0	6.065	1.872	0.399	0.833	0	0.673	1	0.384	1	0	0.714	1	0.179	1	0	0.333	0	0	0.2	1	0.75	0	0	1	1	1	0	0.415	0.231
0	0	0	0	0	0	0	0	0	0	0	0	0	0	0	0	0	0	0	0	0	0	0	0	0	0	0	0	0	0	0	0.5	0	0	0	0	0	0	0	0	0.417	0.438
0.877	0	34.278	0	0	0	0	32.009	0	0	0.877	0	7.649	0	0	0	0	0.354	0	0	0	0	0.351	0	0	0	0	0.286	0	0	0	0	0	0.2	0	0	0	0	0.2	1	0	0.383
4.591	7.682	0	0	13.309	4.591	9.476	0	0	13.873	1.822	2.884	0	0	4.345	1	0.889	0	0	0.819	1	0.867	0	0	0.791	1	0.667	0	0	0.667	0	0	0	0.2	0.125	0.667	0	0	0	0	0.117	0.451
0.905	0.877	8.701	7.506	2.966	0	0.877	8.053	6.469	1.85	1.816	0	6.065	5.744	2.092	0	0	0.673	0.47	0.833	0	0	0.714	0.81	1	0	0	0.333	0.2	1	0.8	0.333	0.75	0.4	0.2	1	0.667	1	0	1	0	0.531
0	0	0	2.054	0	0	0	0	2.054	0	0	0	0	2.054	0	0	0	0	1	0	0	0	0	1	0	0	0	0	1	0	0.2	0	0	1	0	0	0	0	0	0	0.059	0.459
23.366	0	10.754	0	0.863	28.563	0	11.847	0	2.62	10.399	0	3.06	0	1.757	0.402	0	0.879	0	1	0.381	0	0.864	0	1	0.178	0	1	0	1	0.25	0	0	0	0	0	0.333	0	0	0	0	0.218
0	13.188	0	4.653	0	0	12.132	0	5.632	0	0	3.79	0	0.98	0	0	0.619	0	0.667	0	0	0.692	0	0.667	0	0	0	0	0	0	0.2	0	0.2	0	0.667	0	0	0	0	0.333	0.415	0.160
0	0	0	0.947	0	0	0	0	0.947	0	0	0	0	0.947	0	0	0	0	0	0	0	0	0	0	0	0	0	0	0	0	0	0	0.2	0	0	0	0	0.2	0	0	0	0.396
19.083	0	1.884	4.894	0.91	24.696	0	2.823	6.954	3.733	12.015	0	1.869	4.968	1.942	0.496	0	1	1	1	0.482	0	1	1	1	0.382	0	0	0.5	1	0.8	0	0	0	0.2	0.6	0	0	0	0	0	0.364
1.852	0	0	0	0	0.863	0	0	0	0	1.852	0	0	0	0	1	0	0	0	0	0	0	0	0	0	1	0	0	0	0	0	0	0	0.4	0.2	0.333	0	0	0.2	0	0	0.362
0	6.848	2.915	1.933	0	1.765	11.321	5.913	6	0	1.765	8.513	4.96	6	0	0	0.545	0.733	0.4	0	0	0.527	0.667	0.4	0	0	0.464	0.6	0.4	0	0	0	0	0	0	0	0	0	0	0	0.893	0.369
0	0	0	0.877	0	0	0	0	0	0	0	0	0	0.877	0	0	0	0	0	0	0	0	0	0	0	0	0	0	0	0	0	0	0	0.25	0	0	0	0	0	0	0.415	0.221
0.877	0	0	0	0	0	0	0	0	0	0.877	0	0	0	0	0	0	0	0	0	0	0	0	0	0	0	0	0	0	0	0.25	0	0	0	0	0	0	0	0	0	0	0.264
0	0	0	0	0	0	0	0	0	0	0	0	0	0	0	0	0	0	0	0	0	0	0	0	0	0	0	0	0	0	0	0	0	0.333	0.2	0.667	0	0	0	0	0.893	0.351
1.942	0	0	0.92	0	1.942	0	0	0.92	0	1.942	0	0	0.92	0	1	0	0	0	0	1	0	0	0	0	1	0	0	0	0	0	0	0	0	1	0.2	0	0	0	0.4	0.298	0.279
18.946	0	2.834	24.07	11.408	28.355	0	5.87	31.238	17.134	12.043	0	4.932	8.843	7.25	0.495	0	0.933	0.389	0.725	0.483	0	0.933	0.382	0.717	0.356	0	0.6	0.25	0.733	0.667	0.667	0.2	0	0.333	0.444	1	0	0	0.333	0.898	0.315
0	3.731	0	0	7.712	0	4.821	0	0	6.099	0	3.014	0	0	6.77	0	0.8	0	0	0.533	0	0.6	0	0	0.8	0	0.667	0	0	0.238	0	0	0.2	0	0.333	0	0	0	0	0.667	0.557	0.290
0	11.841	2.028	1.912	0	0	15.959	5.13	0.881	0	0	11.363	3.102	1.031	0	0	0.408	0.7	1	0	0	0.4	0.7	0	0	0	0.273	0.667	0	0	0	0.429	0	0.25	0.2	0	0.286	0	0	0	0.415	0.218
0	0	0	0	0	0	0	0	0	0	0	0	0	0	0	0	0	0	0	0	0	0	0	0	0	0	0	0	0	0	0	0	0	0	0	0	0	0	0	0	0.554	0.997
38.657	0	0	0	0.936	45.007	0	0	0	3.055	13.741	0	0	0	2.119	0.258	0	0	0	1	0.247	0	0	0	1	0.4	0	0	0	1	0	0	0	0	0	0	0	0	0	0	0.116	0.165
2.915	0	0	6.848	0	5.913	1.765	0	11.321	0	4.96	1.765	0	8.513	0	0.733	0	0	0.545	0	0.667	0	0	0.527	0	0.6	0	0	0.464	0	0	0	0	0	0.4	0	0	0	0	0.2	0.055	0.280
7.712	0	0	0	0	6.099	0	0	0	0	6.77	0	0	0	0	0.533	0	0	0	0	0.8	0	0	0	0	0.238	0	0	0	0	0.333	0.2	0	0	0	0.667	0	0	0	0	0	0.542
0.865	0	26.674	0	13.951	0	0	23.695	0	17.008	0.865	0	14.674	0	8.685	0	0	0.365	0	0.327	0	0	0.423	0	0.32	0	0	0.176	0	0.278	0	0.25	0	0.667	0	0	0	0	1	0	0	0.522
0	1.852	0	0	0	0	0.863	0	0	0	0	1.852	0	0	0	0	1	0	0	0	0	0	0	0	0	0	1	0	0	0	0	0	0.2	0	0.2	0	0.333	0	0	0.2	0.197	0.360
11.408	2.834	3.717	18.946	20.22	17.134	5.87	8.237	28.355	24.859	7.25	4.932	3.483	12.043	9.977	0.725	0.933	0.929	0.495	0.551	0.717	0.933	0.929	0.483	0.54	0.733	0.6	1	0.356	0.417	0.333	0.2	0	0.667	0.125	0.333	0	0	0.444	0	0.298	0.284
0	0	0	34.278	0	0	0	0	32.009	0	0	0	0	7.649	0	0	0	0	0.354	0	0	0	0	0.351	0	0	0	0	0.286	0	0.333	0	0	0	0	0	1	0	0	0.667	0.298	0.234
0	0	0	0	5.957	0	0	0	0	8.097	0	0	0	0	4.299	0	0	0	0	0.357	0	0	0	0	0.321	0	0	0	0	0.167	0.25	0.333	0.286	0	0.4	0	0	0	0	0.4	0.294	0.322
0.905	0	0.947	0	0	0	0	0.947	0	0	1.802	0	0.947	0	0	0	0	0	0	0	0	0	0	0	0	0	0	0	0	0	0	0.667	0	0.2	0	0	0.333	0	0	0	0	0.253
2.605	0.944	0	0	0	3.602	1.872	0	0	0	3.602	1.872	0	0	0	0.5	1	0	0	0	0.5	1	0	0	0	0.333	0	0	0	0	0.6	0	0.625	1	0.667	0.8	0	0.625	1	1	0	0.514
8.872	5.749	0.891	13.309	0	10.868	8.388	1.772	13.873	0	4.093	4.653	0.881	4.345	0	0.855	0.611	1	0.819	0	0.836	0.611	1	0.791	0	0.5	0.1	0	0.667	0	0.2	0	0	0.125	0.222	0	0	0.2	0	0.444	0.298	0.331
0	0	38.657	6.924	0	0	0	45.007	12.362	0	0	0	13.741	9.395	0	0	0	0.258	0.788	0	0	0	0.247	0.773	0	0	0	0.4	0.417	0	0	0	0	0.667	0	0	0	0	0	0	0.718	0.375
2.028	0	0	11.841	0.87	5.13	0	0	15.959	2.882	3.102	0	0	11.363	2.012	0.7	0	0	0.408	1	0.7	0	0	0.4	1	0.667	0	0	0.273	1	0	0	0.2	0.429	0	0	0	0	0.286	0	0	0.187
4.534	0	0	10.374	6.055	9.86	0	2.66	15.684	13.53	7.067	0.891	2.66	10.248	11.728	0.556	0	0.333	0.383	0.372	0.533	0	0.333	0.342	0.346	0.571	0	0.333	0.356	0.364	0	0.25	0	0.2	0	0	0	0	0.6	0	0.415	0.137
0	0	0	0	0	0	0	0	0	0	0	0	0	0	0	0	0	0	0	0	0	0	0	0	0	0	0	0	0	0	0.25	0	0	0.2	0	0	0	0	0	0	0.718	0.262
0	0	0	0	0	0	0	0	0	0	0	0	0	0	0	0	0	0	0	0	0	0	0	0	0	0	0	0	0	0	0	0	0	0	0	0	0	0	0	0	0.116	0.999
0	0.877	0	0	0	0	0	0	0	0	0	0.877	0	0	0	0	0	0	0	0	0	0	0	0	0	0	0	0	0	0	0	0.25	0	0	0	0	0	0	0	0	0	0.474
10.754	23.366	0.863	0	0	11.847	28.563	2.62	0	0.938	3.06	10.399	1.757	0	0.938	0.879	0.402	1	0	0	0.864	0.381	1	0	0	1	0.178	1	0	0	0	0.25	0	0	1	0	0	0	0.333	0.5	0.298	0.122
0	0	0	0	0	0	0	0	0	0	0	0	0	0	0	0	0	0	0	0	0	0	0	0	0	0	0	0	0	0	0	0.5	0.2	0	0	0	0.25	0	0	0	0.72	0.289
2.947	0	1.912	0	11.841	6.126	1.951	0.881	0	15.959	5.161	1.951	1.031	0	11.363	0.667	1	1	0	0.408	0.667	1	0	0	0.4	0.4	1	0	0	0.273	0	0	0.25	0	0.429	0	0	0	0	0.286	0	0.245
4.894	1.915	0	0.903	19.083	6.954	3.967	0	0.903	24.696	4.968	3.068	0	0.903	12.015	1	1	0	0	0.496	1	1	0	0	0.482	0.5	1	0	0	0.382	0	0.2	0	0	0.8	0	0	0	0	0.6	0.419	0.310
0	0.936	25.44	0	0	0.985	3.055	31.081	0	0	0.985	2.119	10.701	0	0	0	1	0.407	0	0	0	1	0.395	0	0	0	1	0.267	0	0	0.8	0	0	0	0	0.8	0	0	0	0	0.298	0.680
7.682	0	4.591	0	0	9.476	0	4.591	0	0	2.884	0	1.822	0	0	0.889	0	1	0	0	0.867	0	1	0	0	0.667	0	1	0	0	0	0.2	0	0	0	0	0	0.667	0	0	0.72	0.120
0	9.937	0	0	0	0	9.937	0	0	0	0	5.179	0	0	0	0	0.711	0	0	0	0	0.689	0	0	0	0	0.4	0	0	0	0.8	0.5	0	1	0	0	0	0	0.6	0	0	0.438
0.877	7.506	0.905	0	8.701	0.877	6.469	0	0	8.053	0	5.744	1.816	0	6.065	0	0.47	0	0	0.673	0	0.81	0	0	0.714	0	0.2	0	0	0.333	0.333	0.4	0.8	0.75	0.75	0.667	0	1	0.25	1	0	0.515
0	0.863	2.701	10.754	0	0.938	2.62	3.696	11.847	0	0.938	1.757	1.886	3.06	0	0	1	1	0.879	0	0	1	1	0.864	0	0	1	1	1	0	1	0	0	0	0	0.5	0	0	0	0	0	0.598
0	0	0	0	0	0	0	0	0	0	0	0	0	0	0	0	0	0	0	0	0	0	0	0	0	0	0	0	0	0	0.4	1	1	0	0.2	0.6	0.4	1	0	0.2	0	0.754
9.478	1.001	2.65	0	0.903	9.593	1.898	1.777	0	0.903	2.816	0.896	1.761	0	0	0.782	1	1	0	0	0.844	1	1	0	0	0	0	1	0	0	0	0	0	0.222	0	0	0	0	0.444	0	0	0.307
3.797	6.055	0	0	1.933	10.029	13.53	1.847	2.66	6	8.188	11.728	1.847	2.66	6	0.467	0.372	1	0.333	0.4	0.444	0.346	1	0.333	0.4	0.393	0.364	1	0.333	0.4	0	0	0	0	0	0	0	0	0	0	0	0.284
9.937	0	0	0	0	9.937	0	0	0	0	5.179	0	0	0	0	0.711	0	0	0	0	0.689	0	0	0	0	0.4	0	0	0	0	0.5	1	0.8	0	0	0	0.6	0	0	0	0	0.217
0.891	8.872	0	5.749	1.001	1.772	10.868	0	8.388	1.898	0.881	4.093	0	4.653	0.896	1	0.855	0	0.611	1	1	0.836	0	0.611	1	0	0.5	0	0.1	0	0	0.2	0.222	0	0	0.2	0	0.444	0	0	0	0.321
0	0	0	0	0	0	0	0	0	0	0	0	0	0	0	0	0	0	0	0	0	0	0	0	0	0	0	0	0	0	0	0.2	0	0.2	0.5	0	0	0	0	0.25	0.055	0.300
13.951	26.674	10.374	0.865	0	17.008	23.695	15.684	0	0	8.685	14.674	10.248	0.865	0.891	0.327	0.365	0.383	0	0	0.32	0.423	0.342	0	0	0.278	0.176	0.356	0	0	0	0	0.2	0	0.25	0	0	0.6	0	0	0.419	0.131
2.054	0	0	0	0	2.054	0	0	0	0	2.054	0	0	0	0	1	0	0	0	0	1	0	0	0	0	1	0	0	0	0	1	0	0	0	0.2	0	0	0	0	0	0.117	0.242
0	0	0	0	3.731	0	0	0	0	4.821	0	0	0	0	3.014	0	0	0	0	0.8	0	0	0	0	0.6	0	0	0	0	0.667	0.2	0	0	0.5	0	0	0	0	0.25	0	0.557	0.283
0.903	2.65	0.897	9.478	0.883	0.903	1.777	0.897	9.593	0.883	0	1.761	0	2.816	0.883	0	1	0	0.782	0	0	1	0	0.844	0	0	1	0	0	0	0	0	0.667	0	0	0	0	0.333	0	0	0	0.296
0.875	0	0	0	0	0.875	0	0	0	0	0.97	0	0	0	0	1	0	0	0	0	0	0	0	0	0	0	0	0	0	0	0	0	0	0	0.2	0	0	0	0	0	0	0.487
0.883	0.897	0	0.903	0	0.883	0.897	0	0.903	0	0.883	0	0	0	0	0	0	0	0	0	0	0	0	0	0	0	0	0	0	0	0	0.667	0	0	0.2	0	0.333	0	0	0	0.415	0.168
0	0	4.653	0	13.188	0	0.98	5.632	0	12.132	0	0.98	0.98	0	3.79	0	0	0.667	0	0.619	0	0	0.667	0	0.692	0	0	0	0	0	0.2	0	0	0.2	0	0	0	0	0	0	0.717	0.289
2.834	18.946	11.408	0	3.717	5.87	28.355	17.134	0	8.237	4.932	12.043	7.25	0	3.483	0.933	0.495	0.725	0	0.929	0.933	0.483	0.717	0	0.929	0.6	0.356	0.733	0	1	0.2	0.667	0.333	0.667	0	0	0.444	0.333	1	0	0.197	0.145
0	0	0.905	0	0.947	0	0	0	0	0.947	0	0	1.802	0	0.947	0	0	0	0	0	0	0	0	0	0	0	0	0	0	0	0.667	0.2	0	0.2	0	0.333	0	0	0	0	0	0.379
0	0	0	0	0	0	0	0	0	0	0	0	0	0	0	0	0	0	0	0	0	0	0	0	0	0	0	0	0	0	0	0	0.125	0	0	0	0	0	0	0	0	0.363
0	0	0	0	0	0	0	0	0	0	0	0	0	0	0	0	0	0	0	0	0	0	0	0	0	0	0	0	0	0	0	0.25	0	0	0	0	0	0	0	0	0.299	0.367
34.278	0.877	0	0	0	32.009	0	0	0	0	7.649	0.877	0	0	0	0.354	0	0	0	0	0.351	0	0	0	0	0.286	0	0	0	0	0	0	0	0	0.333	0	0	1	0	0	0	0.191
0	0	23.366	25.44	10.754	0	0	28.563	31.081	11.847	0	0	10.399	10.701	3.06	0	0	0.402	0.407	0.879	0	0	0.381	0.395	0.864	0	0	0.178	0.267	1	0	0	0.25	0	0	0.333	0	0	0	0	0	0.659
0	0	1.794	0	0	0	0	1.794	0	0	0	0	0.887	0	0	0	0	1	0	0	0	0	1	0	0	0	0	0	0	0	0	0	0	0	0	0	0	0.6	0	0	0.296	0.194
1.884	19.083	0.91	0	24.07	2.823	24.696	3.733	0	31.238	1.869	12.015	1.942	0	8.843	1	0.496	1	0	0.389	1	0.482	1	0	0.382	0	0.382	1	0	0.25	0	0.8	0.2	0	0	0	0.6	0	0	0	0.556	0.212
7.506	0	0.877	0	0.905	6.469	0	0.877	0	0	5.744	0	0	0	1.816	0.47	0	0	0	0	0.81	0	0	0	0	0.2	0	0	0	0	0.4	0.75	0.333	0.6	0.8	0	0.25	0.667	0	1	0	0.431
0	0	7.712	3.731	0	0	0	6.099	4.821	0	0	0	6.77	3.014	0	0	0	0.533	0.8	0	0	0	0.8	0.6	0	0	0	0.238	0.667	0	0.2	0	0.333	0	0	0	0	0.667	0	0	0.298	0.246
0	0	0	0	0	0	0	0	0	0	0	0	0	0	0	0	0	0	0	0	0	0	0	0	0	0	0	0	0	0	0	0	0.2	0	0	0	0.667	0	0	0	0.296	0.232
0	0	9.937	2.701	0	0	0	9.937	3.696	0	0	0	5.179	1.886	0	0	0	0.711	1	0	0	0	0.689	1	0	0	0	0.4	1	0	1	0	0.5	0	0.8	0.6	0	0	0	0	0.298	0.716
0	0	-1	0	-1	0	0	-1	0	-1	0	0	-1	0	-1	0	0	-1	0	-1	0	0	-1	0	-1	0	0	-1	0	-1	0	0	-1	0	-1	0	0	-1	0	-1	0.9	0.999
0	0	0	1.852	20.823	0	0	0	0.863	24.199	0	0	0	1.852	10.434	0	0	0	1	0.435	0	0	0	0	0.409	0	0	0	1	0.222	0.2	0	0.2	0	0	0	0	0.2	0.333	0.5	0	0.891
0	0	0.865	0	26.674	0	0	0	0	23.695	0	0	0.865	0	14.674	0	0	0	0	0.365	0	0	0	0	0.423	0	0	0	0	0.176	0.25	0.667	0	0.625	0	0	1	0	0.625	0	0	0.611
0	10.374	4.534	13.951	0	0	15.684	9.86	17.008	2.66	0.891	10.248	7.067	8.685	2.66	0	0.383	0.556	0.327	0.333	0	0.342	0.533	0.32	0.333	0	0.356	0.571	0.278	0.333	0.25	0.2	0	0	0	0	0.6	0	0	0	0	0.490
0	0	0	1.942	0	0	0	0	1.942	0	0	0	0	1.942	0	0	0	0	1	0	0	0	0	1	0	0	0	0	1	0	1	0	0.4	0	1	0.4	0	0.6	0.2	1	0	0.469
0	6.924	0	20.22	38.657	0	12.362	0	24.859	45.007	0	9.395	0	9.977	13.741	0	0.788	0	0.551	0.258	0	0.773	0	0.54	0.247	0	0.417	0	0.417	0.4	0	0.667	0	0.125	0	0	0	0	0	0	0.419	0.577
0	0	0	0	4.653	0.98	0	0	0	5.632	0.98	0	0	0	0.98	0	0	0	0	0.667	0	0	0	0	0.667	0	0	0	0	0	0	0.2	0.2	0	0	0	0	0	0	0	0.716	0.180
0.936	0	0	38.657	25.44	3.055	0	0.985	45.007	31.081	2.119	0	0.985	13.741	10.701	1	0	0	0.258	0.407	1	0	0	0.247	0.395	1	0	0	0.4	0.267	0	0	0.8	0	0	0	0	0.8	0	0	0.12	0.208
0	0	0	13.188	0.905	0	0	0	12.132	0	0	0	0	3.79	1.802	0	0	0	0.619	0	0	0	0	0.692	0	0	0	0	0	0	0.2	0.2	0.667	0	0	0	0	0.333	0	0	0.415	0.215
0	2.028	0.87	0	0	0	5.13	2.882	0	0	0	3.102	2.012	0	0	0	0.7	1	0	0	0	0.7	1	0	0	0	0.667	1	0	0	0.2	0	0	0	0	0	0	0	0	0	0	0.599
0	0	0	0	0	0	0	0	0	0	0	0	0	0	0	0	0	0	0	0	0	0	0	0	0	0	0	0	0	0	0.2	0.2	0	0	0	0	0	0	0	0	0.198	0.189
0	0	0	0	-1	0	0	0	0	-1	0	0	0	0	-1	0	0	0	0	-1	0	0	0	0	-1	0	0	0	0	-1	0	0	0	0	-1	0	0	0	0	-1	0.9	0.999
1.001	0	9.478	0.891	2.65	1.898	0	9.593	1.772	1.777	0.896	0	2.816	0.881	1.761	1	0	0.782	1	1	1	0	0.844	1	1	0	0	0	0	1	0	0.222	0	0	0	0	0.444	0	0.2	0	0	0.387
0	0	0	0	0	0	0	0	0	0	0	0	0	0	0	0	0	0	0	0	0	0	0	0	0	0	0	0	0	0	0	0	0	0	0	0	0	0	0	0	0.896	0.998
0	0	5.957	0	0	0	0	8.097	0	0	0	0	4.299	0	0	0	0	0.357	0	0	0	0	0.321	0	0	0	0	0.167	0	0	0.286	0.25	0.4	0.333	0	0	0	0.4	0	0	0.299	0.460
0	0	0	0	0	0	0	0	0	0	0	0	0	0	0	0	0	0	0	0	0	0	0	0	0	0	0	0	0	0	0	0	0	0	0	0	0	0	0	0	0.718	0.999
0	0	0	0	0	0	0	0	0	0	0	0	0	0	0	0	0	0	0	0	0	0	0	0	0	0	0	0	0	0	0.5	0	0	0	0	0	0	0	0	0	0.057	0.302
1.915	0.903	4.894	20.823	0	3.967	0.903	6.954	24.199	0	3.068	0.903	4.968	10.434	0	1	0	1	0.435	0	1	0	1	0.409	0	1	0	0.5	0.222	0	0.2	0	0	0	0	0	0	0	0.5	0	0	0.433
0	0	3.731	0	0	0	0	4.821	0	0	0	0	3.014	0	0	0	0	0.8	0	0	0	0	0.6	0	0	0	0	0.667	0	0	0	0.2	0	0	0	0	0	0	0	0	0	0.307
0	0	0	0	0	0	0	0	0	0	0	0	0	0	0	0	0	0	0	0	0	0	0	0	0	0	0	0	0	0	0	0	0	0	0	0	0	0	0	0	0	0.995
31.639	0	0	0	0	30.89	0	0	0	0	14.033	0	0	0	0	0.244	0	0	0	0	0.273	0	0	0	0	0.179	0	0	0	0	0.889	1	1	0.5	0.8	0.444	1	1	1	1	0.299	0.275
0	0.92	1.942	0	0	0	0.92	1.942	0	0	0	0.92	1.942	0	0	0	0	1	0	0	0	0	1	0	0	0	0	1	0	0	0	0	0	0.4	0	0	0	0.2	0.8	0	0.557	0.303
0	0	0	0	0	0	0	0	0	0	0	0	0	0	0	0	0	0	0	0	0	0	0	0	0	0	0	0	0	0	0.2	0.2	0	0	0.2	0	0	0	0	0	0	0.357
0	2.915	0	0	0	0	5.913	0	1.765	0	0	4.96	0	1.765	0	0	0.733	0	0	0	0	0.667	0	0	0	0	0.6	0	0	0	0	0	0.4	0	0	0	0	0.2	0	0	0.556	0.203
0	0	0	0	0	0	0	0	0	0	0	0	0	0	0	0	0	0	0	0	0	0	0	0	0	0	0	0	0	0	0	0	0.2	0	0.2	0	0	0	0	0	0.554	0.241
0	0	0	0	1.794	0	0	0	0	1.794	0	0	0	0	0.887	0	0	0	0	1	0	0	0	0	1	0	0	0	0	0	0	0	0	0.2	0	0	0	0	0	0.6	0	0.392
0	0	0	2.605	0.865	0	0	0	3.602	0	0	0	0	3.602	0.865	0	0	0	0.5	0	0	0	0	0.5	0	0	0	0	0.333	0	0.667	0.625	0.25	0.6	0	1	0.625	0	0.8	0	0	0.673
0	0	7.682	1.794	4.591	0	0	9.476	1.794	4.591	0	0	2.884	0.887	1.822	0	0	0.889	1	1	0	0	0.867	1	1	0	0	0.667	0	1	0.2	0	0	0	0	0	0	0	0.6	0.667	0.896	0.266
0.92	0	0	0	1.942	0.92	0	0	0	1.942	0.92	0	0	0	1.942	0	0	0	0	1	0	0	0	0	1	0	0	0	0	1	0	0.4	0	0.2	0	0	0.8	0	0	0.2	0	0.234
0	0	20.823	0	0.903	0	0	24.199	0	0.903	0	0	10.434	0	0.903	0	0	0.435	0	0	0	0	0.409	0	0	0	0	0.222	0	0	0.2	0.2	0	0	0	0.2	0	0.5	0	0	0	0.362
0	0	0	7.712	0.875	0	0	0	6.099	0.875	0	0	0	6.77	0.97	0	0	0	0.533	1	0	0	0	0.8	0	0	0	0	0.238	0	0	0	0	0.333	0	0	0	0	0.667	0	0.557	0.291
0	0	2.947	0	1.912	1.951	0	6.126	0	0.881	1.951	0	5.161	0	1.031	1	0	0.667	0	1	1	0	0.667	0	0	1	0	0.4	0	0	0	0	0	0.8	0.25	0	0	0	1	0	0.416	0.291
13.309	0	5.749	4.591	8.872	13.873	0	8.388	4.591	10.868	4.345	0	4.653	1.822	4.093	0.819	0	0.611	1	0.855	0.791	0	0.611	1	0.836	0.667	0	0.1	1	0.5	0.125	0	0	0	0.2	0	0	0	0.667	0	0.3	0.164
0	0	0	0	0	0	0	0	0	0	0	0	0	0	0	0	0	0	0	0	0	0	0	0	0	0	0	0	0	0	0	0.2	0.2	0.2	0.2	0	0	0	0	0	0.299	0.255
0.87	0	0	2.028	0	2.882	0	0	5.13	0	2.012	0	0	3.102	0	1	0	0	0.7	0	1	0	0	0.7	0	1	0	0	0.667	0	0	0.2	0	0	0	0	0	0	0	0	0.417	0.214
0.91	1.884	24.07	19.083	0	3.733	2.823	31.238	24.696	0	1.942	1.869	8.843	12.015	0	1	1	0.389	0.496	0	1	1	0.382	0.482	0	1	0	0.25	0.382	0	0.2	0	0	0.8	0.667	0	0	0	0.6	1	0.198	0.197
0	0	2.054	0	0	0	0	2.054	0	0	0	0	2.054	0	0	0	0	1	0	0	0	0	1	0	0	0	0	1	0	0	0	0	1	0.8	0	0	0	0	0	0	0.555	0.198
1.794	0	0	0	0	1.794	0	0	0	0	0.887	0	0	0	0	1	0	0	0	0	1	0	0	0	0	0	0	0	0	0	0	0	0	0	0.2	0.6	0	0	0	0	0	0.167
0	-1	0	-1	0	0	-1	0	-1	0	0	-1	0	-1	0	0	-1	0	-1	0	0	-1	0	-1	0	0	-1	0	-1	0	0	-1	0	-1	0.6	0	-1	0	-1	0	0.718	0.999
0	0	0	0	2.378	0	0	0	0	1.417	0	0	0	0	2.378	0	0	0	0	1	0	0	0	0	0	0	0	0	0	0	0.2	1	0	0.4	0.25	0.2	1	0	0.6	0.5	0	0.432
26.674	0.865	13.951	0	10.374	23.695	0	17.008	0	15.684	14.674	0.865	8.685	0	10.248	0.365	0	0.327	0	0.383	0.423	0	0.32	0	0.342	0.176	0	0.278	0	0.356	0	0	0	0.25	0.2	0	0	0	0	0.6	0.299	0.173
6.924	20.22	0	3.717	0	12.362	24.859	0	8.237	0	9.395	9.977	0	3.483	0	0.788	0.551	0	0.929	0	0.773	0.54	0	0.929	0	0.417	0.417	0	1	0	0.667	0.125	0	0	0	0	0	0	0	0	0.898	0.139
24.07	0.91	0	1.884	18.946	31.238	3.733	0	2.823	28.355	8.843	1.942	0	1.869	12.043	0.389	1	0	1	0.495	0.382	1	0	1	0.483	0.25	1	0	0	0.356	0	0.2	0.667	0	0.667	0	0	1	0	0.444	0	0.216
0	0	0.875	0	0	0	0	0.875	0	0	0	0	0.97	0	0	0	0	1	0	0	0	0	0	0	0	0	0	0	0	0	0	0	0	0	0	0	0	0	0	0	0.197	0.305
0	1.942	0	0	0	0	1.942	0	0	0	0	1.942	0	0	0	0	1	0	0	0	0	1	0	0	0	0	1	0	0	0	0	0	1	0	0.4	0	0.2	0.4	0	0.6	0	0.789
0	34.278	0	0.877	0	0	32.009	0	0	0	0	7.649	0	0.877	0	0	0.354	0	0	0	0	0.351	0	0	0	0	0.286	0	0	0	0	0	0.333	0	0	1	0	0	0	0	0	0.795
0	0	0	0	0	0	0	0	0	0	0	0	0	0	0	0	0	0	0	0	0	0	0	0	0	0	0	0	0	0	0	0	0	0	0	0	0	0	0	0	0.556	0.995
0.944	0	2.605	24.473	0	1.872	0	3.602	28.519	0	1.872	0	3.602	13.453	0	1	0	0.5	0.399	0	1	0	0.5	0.384	0	0	0	0.333	0.179	0	0	1	0.6	0	0.625	0	1	0.8	0	0.625	0.199	0.722
4.653	0	13.188	0	0	5.632	0	12.132	0.98	0	0.98	0	3.79	0.98	0	0.667	0	0.619	0	0	0.667	0	0.692	0	0	0	0	0	0	0	0	0.2	0	0	0.2	0	0	0	0	0	0.419	0.096
0.897	0.903	0.883	2.65	0	0.897	0.903	0.883	1.777	0	0	0	0.883	1.761	0	0	0	0	1	0	0	0	0	1	0	0	0	0	1	0	0.667	0	0	0	0	0.333	0	0	0	0	0	0.341
1.037	0.866	0	2.378	0	2.092	0	0	1.417	0	2.092	0.866	0	2.378	0	1	0	0	1	0	1	0	0	0	0	1	0	0	0	0	0	0.2	0	0.25	0.333	0	0	0	0.5	0	0	0.296
0	0	0	0	0	0	0	0	0	0	0	0	0	0	0	0	0	0	0	0	0	0	0	0	0	0	0	0	0	0	0	0	0.5	0	0	0	0	0	0	0	0.893	0.640
0	0	0	0	0	0	0	0	0	0	0	0	0	0	0	0	0	0	0	0	0	0	0	0	0	0	0	0	0	0	0	0	0.5	0.2	0	0	0	0.25	0	0	0.554	0.185
2.378	0	0.866	0	1.037	1.417	0	0	0	2.092	2.378	0	0.866	0	2.092	1	0	0	0	1	0	0	0	0	1	0	0	0	0	1	0.25	0	0.2	0.2	0	0.5	0	0	0.2	0	0	0.383
0	0	7.506	0	0.877	0	0	6.469	0	0.877	0	0	5.744	0	0	0	0	0.47	0	0	0	0	0.81	0	0	0	0	0.2	0	0	0.75	0.6	0.4	0	0.333	0.25	0	0	0	0.667	0.294	0.423
0	0	0	0	0	0	0	0	0	0	0	0	0	0	0	0	0	0	0	0	0	0	0	0	0	0	0	0	0	0	0.2	0	0	0	0.25	0	0	0	0.667	0	0.717	0.483
0	0	0	0	0.877	0	0	0	0	0	0	0	0	0	0.877	0	0	0	0	0	0	0	0	0	0	0	0	0	0	0	0	0	0	0.25	0.25	0	0	0	0	0	0.716	0.315
0	0	0	0.875	0.92	0	0	0	0.875	0.92	0	0	0	0.97	0.92	0	0	0	1	0	0	0	0	0	0	0	0	0	0	0	0.2	0	0.4	0	0	0	0	0.8	0	0	0.415	0.302
0	0	0	0	0	0	0	0	0	0	0	0	0	0	0	0	0	0	0	0	0	0	0	0	0	0	0	0	0	0	0.125	0	0	0	0	0	0	0	0	0	0	0.469
0	0	0	-1	0	0	0	0	-1	0	0	0	0	-1	0	0	0	0	-1	0	0	0	0	-1	0	0	0	0	-1	0	0	0	0.6	-1	0.75	0	0	0	-1	0.25	0.296	0.995
0	0	0	0	0.877	0	0	0	0	0	0	0	0	0	0.877	0	0	0	0	0	0	0	0	0	0	0	0	0	0	0	0.2	0	0	0	0	0.2	0	0	0	0	0	0.366
0	31.639	0	0	0	0	30.89	0	0	0	0	14.033	0	0	0	0	0.244	0	0	0	0	0.273	0	0	0	0	0.179	0	0	0	1	0.889	0.8	1	0	1	0.444	1	1	0	0.294	0.888
1.933	0	6.848	3.797	0	6	1.847	11.321	10.029	1.765	6	1.847	8.513	8.188	1.765	0.4	1	0.545	0.467	0	0.4	1	0.527	0.444	0	0.4	1	0.464	0.393	0	0	0	0	0	0	0	0	0	0	0	0.558	0.184
6.055	0	3.797	4.534	0	13.53	2.66	10.029	9.86	1.847	11.728	2.66	8.188	7.067	1.847	0.372	0.333	0.467	0.556	1	0.346	0.333	0.444	0.533	1	0.364	0.333	0.393	0.571	1	0	0	0	0	0	0	0	0	0	0	0	0.312
0	0	0	2.915	1.852	0	0	0	5.913	0.863	0	0	0	4.96	1.852	0	0	0	0.733	1	0	0	0	0.667	0	0	0	0	0.6	1	0.4	0	0	0	0	0.2	0	0	0	0.333	0	0.517
0	25.44	0	0	23.366	0	31.081	0	0.985	28.563	0	10.701	0	0.985	10.399	0	0.407	0	0	0.402	0	0.395	0	0	0.381	0	0.267	0	0	0.178	0	0	0	0.8	0.25	0	0	0.333	0.8	0	0.417	0.209
0	4.894	19.083	1.915	1.884	0	6.954	24.696	3.967	2.823	0	4.968	12.015	3.068	1.869	0	1	0.496	1	1	0	1	0.482	1	1	0	0.5	0.382	1	0	0	0	0.8	0.2	0	0	0	0.6	0	0	0	0.454
0	0.891	1.001	8.872	9.478	0	1.772	1.898	10.868	9.593	0	0.881	0.896	4.093	2.816	0	1	1	0.855	0.782	0	1	1	0.836	0.844	0	0	0	0.5	0	0.222	0	0	0.2	0	0.444	0.2	0	0	0	0	0.155
0	4.591	13.309	7.682	5.749	0	4.591	13.873	9.476	8.388	0	1.822	4.345	2.884	4.653	0	1	0.819	0.889	0.611	0	1	0.791	0.867	0.611	0	1	0.667	0.667	0.1	0	0	0.125	0	0	0	0.667	0	0	0	0.414	0.613
2.966	8.701	24.473	0.905	0	1.85	8.053	28.519	0	0	2.092	6.065	13.453	1.816	0	0.833	0.673	0.399	0	0	1	0.714	0.384	0	0	1	0.333	0.179	0	0	0.2	0.75	0	0.8	1	1	1	0	1	1	0.056	0.342
0	0.947	0	0.905	0	0	0.947	0	0	0	0	0.947	0	1.802	0	0	0	0	0	0	0	0	0	0	0	0	0	0	0	0	0	0	0	0	0.2	0	0	0	0	0.2	0	0.332
0	0	0	0	0	0	0	0	0	0	0	0	0	0	0	0	0	0	0	0	0	0	0	0	0	0	0	0	0	0	0	0	0	0.5	0.2	0	0	0	0	0	0.419	0.232
5.957	0	0	0	0	8.097	0	0	0	0	4.299	0	0	0	0	0.357	0	0	0	0	0.321	0	0	0	0	0.167	0	0	0	0	0.4	0.286	0	0.25	0.5	0.4	0	0	0	1	0	0.250
