0	10.443	2.717	18.207	43.369	0	13.39	2.717	20.813	50.955	0	6.883	1.829	11.992	25.341	0	0.714	1	0.614	0.223	0	0.714	1	0.605	0.216	0	0.476	1	0.473	0.158	0.2	0	0	0	0	0	0	0	0	0.286	0.415	0.268
9.621	7.886	3.776	0.889	2.682	8.736	10.049	4.662	0.889	2.682	7.878	4.249	2.974	0.889	1.8	0.782	1	0.933	0	1	0.806	1	0.9	0	1	0.536	0.667	1	0	0	0.778	0	0.8	0	0	0.111	0	0	0	0	0.298	0.583
2.943	0	7.468	0.896	0	2.943	0	8.37	0.896	0	0	0	2.715	0	0	1	0	0.861	0	0	1	0	0.861	0	0	0	0	0	0	0	0	0	0	0	0	0	0	0	0	0	0	0.423
1.974	0	0	1.882	0	1.974	0	0	1.882	0	1.023	0	0	0	0	1	0	0	1	0	1	0	0	1	0	0	0	0	0	0	0	0	0	0	0	0	0	0	0	0	0	0.325
0	0	0	4.56	0	0	0	0	4.56	0	0	0	0	0	0	0	0	0	1	0	0	0	0	1	0	0	0	0	0	0	0.5	0.286	0	0	0	0	0	0	0	0	0.3	0.460
0	0	0.94	0	0.892	0	0	0.94	0	0.892	0	0	0	0	0	0	0	0	0	0	0	0	0	0	0	0	0	0	0	0	0	0.556	0	0	0.25	0	0	0	0	0	0.715	0.269
0	5.611	0	4.634	0	0.919	9.566	0.91	7.526	0	0.919	6.758	0.91	5.734	0	0	0.533	0	0.393	0	0	0.533	0	0.393	0	0	0.429	0	0.267	0	0.2	0	0	0	0.667	0	0	0	0	0.333	0.896	0.295
0	0	0	0	0	0	0	0	0	0	0	0	0	0	0	0	0	0	0	0	0	0	0	0	0	0	0	0	0	0	0	0	0.2	0	0.4	0	0	0	0	0.2	0.298	0.349
1.821	19.379	0	10.803	0	2.713	21.331	0	12.582	0	0.893	8.822	0	5.901	0	1	0.584	0	0.692	0	1	0.576	0	0.679	0	0	0.306	0	0.467	0	0	0	0.333	0	0.25	0	0	0.667	0	0.25	0.418	0.144
0	0.921	0	0	0.908	0	0.921	0	0.904	0.908	0	0	0	0.904	0	0	0	0	0	0	0	0	0	0	0	0	0	0	0	0	0.4	0.2	0	0	0	0	0.2	0	0	0	0	0.636
0	0	0	0	0	0	0	0	0	0	0	0	0	0	0	0	0	0	0	0	0	0	0	0	0	0	0	0	0	0	0	0.75	1	0.75	1	0	0.375	1	0.75	1	0.415	0.749
0	0	0	0	0	0	0	0	0	0	0	0	0	0	0	0	0	0	0	0	0	0	0	0	0	0	0	0	0	0	0.4	0.2	0	0	0	0	0	0	0	0	0.12	0.544
0	0.896	0	0	0	0	0.896	0	0	0	0	0	0	0	0	0	0	0	0	0	0	0	0	0	0	0	0	0	0	0	0	0	0	0.6	0	0	0.2	0	0	0	0	0.790
0.992	16.541	3.677	0	48.662	1.913	13.773	3.677	0	54.132	1.913	13.062	2.755	0	29.574	1	0.52	1	0	0.196	1	0.626	1	0	0.192	1	0.308	0.667	0	0.194	0.2	0	0.2	0.75	0	0	0.75	0.2	0.75	0	0	0.563
0	0	4.782	0	18.316	0	0.91	5.722	0.919	21.44	0	0.91	2.929	0.919	15.546	0	0	0.933	0	0.567	0	0	0.933	0	0.543	0	0	1	0	0.343	0.667	0	0	0.2	0.2	0.333	0	0	0	0	0.56	0.544
0	0	0	0	0	0	0	0	0	0	0	0	0	0	0	0	0	0	0	0	0	0	0	0	0	0	0	0	0	0	0.6	0.2	0	0	0.25	1	0	0.333	0	0	0.298	0.765
21.961	6.525	4.013	18.316	0	26.144	6.525	6.125	21.44	0	11.763	3.705	4.138	15.546	0	0.492	0.81	1	0.567	0	0.489	0.81	0.933	0.543	0	0.473	0.667	0.833	0.343	0	0	0	0.333	0.2	0	0.2	0	0	0	0	0	0.237
0	0	0	0	0.94	0	0	0	0	0.94	0	0	0	0	0	0	0	0	0	0	0	0	0	0	0	0	0	0	0	0	0.556	0	0	0	0	0	0	0	0	0	0.298	0.645
0	0	0	0	0	0	0	0	0	0	0	0	0	0	0	0	0	0	0	0	0	0	0	0	0	0	0	0	0	0	0	0	0	0	0.6	0	0	0	0	0	0.3	0.313
0	0	0	0	0	0	0	0	0	0	0	0	0	0	0	0	0	0	0	0	0	0	0	0	0	0	0	0	0	0	0	0	0	0	0	0	0	0	0	0	0.896	0.383
3.809	22.082	0	0	9.561	5.671	24.362	0	0	13.533	2.778	14.527	0	0	7.013	0.867	0.542	0	0	0.505	0.867	0.526	0	0	0.495	0.333	0.41	0	0	0.286	0	0	0.2	0	0	0.429	0.2	0	0.5	0.4	0.716	0.256
4.013	21.961	0	6.525	1.89	6.125	26.144	0	6.525	3.769	4.138	11.763	0	3.705	2.863	1	0.492	0	0.81	0.833	0.933	0.489	0	0.81	0.833	0.833	0.473	0	0.667	0.667	0.333	0	0	0	0	0	0.2	0	0	0	0.298	0.411
0	0	0	0	0	0	0	0	0	0	0	0	0	0	0	0	0	0	0	0	0	0	0	0	0	0	0	0	0	0	0	0.6	0	0	0.2	0	0	0	0	0	0	0.302
0	0	0	-1	0	0	0	0	-1	0	0	0	0	-1	0	0	0	0	-1	0	0	0	0	-1	0	0	0	0	-1	0	0	0	0	-1	0	0	0	0	-1	0	0.415	0.693
0	0	20.779	0	0	0	0	21.967	0	0	0	0	4.951	0	0	0	0	0.619	0	0	0	0	0.615	0	0	0	0	0.6	0	0	1	0.25	0	0	0	0.8	0	0	0.333	0	0.419	0.720
0	0	0	0	0	0	0	0	0	0	0	0	0	0	0	0	0	0	0	0	0	0	0	0	0	0	0	0	0	0	0.2	0	0.4	0	0.2	0	0	0.2	0	0.2	0	0.544
15.477	6.609	0.925	0.958	7.95	14.678	8.642	1.828	2.806	10.741	6.195	3.859	0.904	1.848	4.992	0.684	0.889	1	1	0.655	0.771	0.861	1	1	0.655	0.467	0.667	0	1	0.2	0	0	0	0.2	0.333	0	0	0	0	0.333	0.292	0.266
0	0	0	0	0	0	0	0	0	0	0	0	0	0	0	0	0	0	0	0	0	0	0	0	0	0	0	0	0	0	0	0	0.556	0	0	0	0	0	0	0	0	0.689
0	0	0	0	0	0	0	0	0	0	0	0	0	0	0	0	0	0	0	0	0	0	0	0	0	0	0	0	0	0	0	0	0	0	0	0	0	0	0	0	0	0.574
0	1.821	0	19.379	0	0	2.713	0	21.331	0	0	0.893	0	8.822	0	0	1	0	0.584	0	0	1	0	0.576	0	0	0	0	0.306	0	0.333	0	0.25	0	0	0.667	0	0.25	0	0	0.059	0.850
2.812	0	0	0	0	2.812	0	0	0	0	0	0	0	0	0	1	0	0	0	0	1	0	0	0	0	0	0	0	0	0	0	0	0	0	0.2	0	0	0	0	0	0.055	0.343
5.611	4.634	0	10.507	0	9.566	7.526	0.919	12.717	0.91	6.758	5.734	0.919	8.985	0.91	0.533	0.393	0	0.641	0	0.533	0.393	0	0.641	0	0.429	0.267	0	0.389	0	0	0	0.2	0	0	0	0	0	0	0	0.294	0.218
0	7.95	0	0.925	0	0	10.741	0	1.828	0.904	0	4.992	0	0.904	0.904	0	0.655	0	1	0	0	0.655	0	1	0	0	0.2	0	0	0	0	0.333	0.2	0	0	0	0.333	0	0	0	0	0.557
16.541	0	0.992	0	3.677	13.773	0	1.913	0	3.677	13.062	0	1.913	0	2.755	0.52	0	1	0	1	0.626	0	1	0	1	0.308	0	1	0	0.667	0	0.75	0.2	0.2	0.2	0.75	0.75	0	0	0.2	0	0.324
0	0	1.805	0	10.507	1.997	0	3.761	0	12.717	1.997	0	3.761	0	8.985	0	0	0.833	0	0.641	0	0	0.833	0	0.641	0	0	0.333	0	0.389	0.333	0	0.2	0	0	0	0	0	0	0	0.417	0.555
0	-1	0	-1	0	0	-1	0	-1	0	0	-1	0	-1	0	0	-1	0	-1	0	0	-1	0	-1	0	0	-1	0	-1	0	0	-1	0	-1	0	0	-1	0	-1	0	0.899	0.839
0	0	0	0.934	0	0	0	0	0	0	0	0	0	0.934	0	0	0	0	0	0	0	0	0	0	0	0	0	0	0	0	0.75	0.75	0	0.333	1	0.375	0.75	0	0	1	0.3	0.776
0	0.896	2.943	0	7.468	0	0.896	2.943	0	8.37	0	0	0	0	2.715	0	0	1	0	0.861	0	0	1	0	0.861	0	0	0	0	0	0	0	0	0	0	0	0	0	0	0	0	0.550
0	0	0	0	0	0	0	0	0	0	0	0	0	0	0	0	0	0	0	0	0	0	0	0	0	0	0	0	0	0	0.2	0	0.2	0	0.6	0	0	0	0	0	0.557	0.396
3.776	9.621	2.682	7.886	9.604	4.662	8.736	2.682	10.049	14.435	2.974	7.878	1.8	4.249	8.678	0.933	0.782	1	1	0.714	0.9	0.806	1	1	0.705	1	0.536	0	0.667	0.389	0.8	0.778	0	0	0	0	0.111	0	0	0	0	0.362
7.064	0	0	0	22.082	10.043	0	0	0	24.362	5.051	0	0	0	14.527	0.667	0	0	0	0.542	0.667	0	0	0	0.526	0.3	0	0	0	0.41	0	1	0	0	0	0	1	0.5	0.2	0.2	0.3	0.234
0	4.013	1.89	21.961	18.207	0	6.125	3.769	26.144	20.813	0	4.138	2.863	11.763	11.992	0	1	0.833	0.492	0.614	0	0.933	0.833	0.489	0.605	0	0.833	0.667	0.473	0.473	0	0.333	0	0	0	0	0	0	0.2	0	0.559	0.260
0	0	0	0	0	0	0	0	0	0	0	0	0	0	0	0	0	0	0	0	0	0	0	0	0	0	0	0	0	0	0	0	0.2	0.6	0.4	0	0	0	0	0	0.717	0.253
0	0	0	0	0	0	0	0	0	0	0	0	0	0	0	0	0	0	0	0	0	0	0	0	0	0	0	0	0	0	0.4	0	0.2	0	0.75	0.4	0	0	0	0.75	0	0.714
0	7.064	22.082	0	3.809	0	10.043	24.362	0	5.671	0	5.051	14.527	0	2.778	0	0.667	0.542	0	0.867	0	0.667	0.526	0	0.867	0	0.3	0.41	0	0.333	0	0	0	1	0	0.5	0	0.2	1	0.429	0	0.504
0	1.974	0	0	0	0	1.974	0	0	0	0	1.023	0	0	0	0	1	0	0	0	0	1	0	0	0	0	0	0	0	0	0	0	0	0	0	0	0	0	0	0	0	0.768
0	0	0	0	0	0	0	0	0	0	0	0	0	0	0	0	0	0	0	0	0	0	0	0	0	0	0	0	0	0	0.5	0.4	0.25	0.286	0	0.75	0.2	0.75	0.857	0	0.294	0.787
2.77	3.753	1.882	0	0	0.884	3.753	1.882	0	0	2.77	2.806	0	0	0	1	1	1	0	0	0	1	1	0	0	1	0.667	0	0	0	0	0	0	0	0	0	0	0	0	0	0	0.426
0.896	0.921	27.05	0	0	1.786	1.92	29.066	0	0	0.89	0.999	10.477	0	0	1	1	0.397	0	0	1	1	0.392	0	0	0	0	0.333	0	0	0	0	0	0	0	0	0	0.2	0	0	0.717	0.244
0	0	0	0	0	0	0	0	0	1.997	0	0	0	0	1.997	0	0	0	0	0	0	0	0	0	0	0	0	0	0	0	0	0	0	0	0.333	0	0	0	0	0	0.897	0.252
0	27.05	0	0.896	0	0	29.066	0	1.786	0	0	10.477	0	0.89	0	0	0.397	0	1	0	0	0.392	0	1	0	0	0.333	0	0	0	0	0	0	0	0	0	0.2	0	0	0	0.556	0.270
0.958	0.939	6.609	43.369	15.477	2.806	0.939	8.642	50.955	14.678	1.848	0	3.859	25.341	6.195	1	0	0.889	0.223	0.684	1	0	0.861	0.216	0.771	1	0	0.667	0.158	0.467	0.2	0	0	0	0	0	0	0	0.286	0	0	0.505
0	0	0.921	0	0	0.904	0	0.921	0	0	0.904	0	0	0	0	0	0	0	0	0	0	0	0	0	0	0	0	0	0	0	0	0.2	0.2	0	0.4	0	0	0.2	0	0	0	0.495
0	0	0	0	0	0	0	0	0	0	0	0	0	0	0	0	0	0	0	0	0	0	0	0	0	0	0	0	0	0	0	0	0	0.2	0.556	0	0	0	0	0	0	0.412
19.118	14.904	0	3.883	15.659	21.425	16.074	0	4.832	16.69	8.437	3.941	0	1.895	5.317	0.667	0.618	0	1	0.684	0.657	0.61	0	1	0.684	0.536	0.833	0	1	0.7	0.2	0	0	0	0.333	0	0	0	0	0	0.415	0.243
0	0	0	0	0	0	0	0	0	0	0	0	0	0	0	0	0	0	0	0	0	0	0	0	0	0	0	0	0	0	0	0	0	0	0.2	0	0	0	0	0	0.296	0.523
0	9.561	0.921	0	0.896	0	13.533	1.92	0	1.786	0	7.013	0.999	0	0.89	0	0.505	1	0	1	0	0.495	1	0	1	0	0.286	0	0	0	0	0	0	0.2	0	0	0.4	0	0	0	0.419	0.589
0	0	0	0	0	0	0	0	0	0	0	0	0	0	0	0	0	0	0	0	0	0	0	0	0	0	0	0	0	0	0	0.571	0.2	1	0.6	0	0.857	0	1	1	0.415	0.230
0.896	0	0	0	2.943	0.896	0	0	0	2.943	0	0	0	0	0	0	0	0	0	1	0	0	0	0	1	0	0	0	0	0	0	0	0	0	0	0	0	0	0	0	0.419	0.462
0	0	0	7.95	0.921	0	0	0.904	10.741	0.921	0	0	0.904	4.992	0	0	0	0	0.655	0	0	0	0	0.655	0	0	0	0	0.2	0	0.2	0	0	0.333	0.2	0	0	0	0.333	0.2	0	0.527
0	0	16.541	0	0.992	0	0	13.773	0	1.913	0	0	13.062	0	1.913	0	0	0.52	0	1	0	0	0.626	0	1	0	0	0.308	0	1	0.75	0.2	0	0.4	0.2	0.75	0	0.75	0.4	0	0	0.892
1.833	0	10.803	0	19.379	3.751	0	12.582	0	21.331	1.917	0	5.901	0	8.822	1	0	0.692	0	0.584	1	0	0.679	0	0.576	1	0	0.467	0	0.306	0	0.4	0	0	0	0	0.8	0	0.4	0	0.557	0.167
4.56	0	0	0	0	4.56	0	0	0	0	0	0	0	0	0	1	0	0	0	0	1	0	0	0	0	0	0	0	0	0	0	0	0.286	0	0.5	0	0	0	0	0	0.717	0.191
0.889	0	7.886	33.75	9.621	0.889	0	10.049	35.137	8.736	0.889	0	4.249	14.018	7.878	0	0	1	0.336	0.782	0	0	1	0.369	0.806	0	0	0.667	0.282	0.536	0	0.4	0	0.6	0.778	0	0.4	0	0.2	0.111	0.292	0.349
0	0	0	2.812	1.821	0	0	0	2.812	1.821	0	0	0	0	0	0	0	0	1	1	0	0	0	1	1	0	0	0	0	0	0.2	0	0	0	0	0	0	0	0	0	0	0.644
4.634	10.507	5.611	1.805	0	7.526	12.717	9.566	3.761	0.919	5.734	8.985	6.758	3.761	0.919	0.393	0.641	0.533	0.833	0	0.393	0.641	0.533	0.833	0	0.267	0.389	0.429	0.333	0	0	0	0	0.2	0.2	0	0	0	0	0	0.015	0.285
7.886	0.889	9.621	0	3.776	10.049	0.889	8.736	0	4.662	4.249	0.889	7.878	0	2.974	1	0	0.782	0	0.933	1	0	0.806	0	0.9	0.667	0	0.536	0	1	0	0	0.778	0.4	0.8	0	0	0.111	0.4	0	0.556	0.202
6.609	0.958	15.477	0.939	0.925	8.642	2.806	14.678	0.939	1.828	3.859	1.848	6.195	0	0.904	0.889	1	0.684	0	1	0.861	1	0.771	0	1	0.667	1	0.467	0	0	0	0.2	0	0	0	0	0	0	0	0	0	0.400
0	1.882	1.974	2.77	0	0	1.882	1.974	0.884	0	0	0	1.023	2.77	0	0	1	1	1	0	0	1	1	0	0	0	0	0	1	0	0	0	0	0	0	0	0	0	0	0	0.554	0.254
14.904	3.883	19.118	0	0	16.074	4.832	21.425	0	0	3.941	1.895	8.437	0	0	0.618	1	0.667	0	0	0.61	1	0.657	0	0	0.833	1	0.536	0	0	0	0	0.2	0	0	0	0	0	0	0	0.717	0.231
0.908	0	0	0	17.829	0.908	0	0	0	17.829	0	0	0	0	1.999	0	0	0	0	0.588	0	0	0	0	0.582	0	0	0	0	0	0	0	0.333	0.4	0.2	0	0	1	0	0	0.292	0.405
0	0	0	0	0	0	0	0	0	0	0	0	0	0	0	0	0	0	0	0	0	0	0	0	0	0	0	0	0	0	0	0.2	0	0.4	0	0	0	0	0.2	0	0.419	0.420
0	0	0	0	0	0	0	0	0	0	0	0	0	0	0	0	0	0	0	0	0	0	0	0	0	0	0	0	0	0	0	0.5	0	0.286	0	0	0	0	0	0	0.296	0.206
1.89	0	18.207	4.013	10.443	3.769	0	20.813	6.125	13.39	2.863	0	11.992	4.138	6.883	0.833	0	0.614	1	0.714	0.833	0	0.605	0.933	0.714	0.667	0	0.473	0.833	0.476	0	0	0	0.333	0	0	0	0	0	0	0.418	0.182
7.95	0.925	0	15.477	0	10.741	1.828	0	14.678	0	4.992	0.904	0	6.195	0	0.655	1	0	0.684	0	0.655	1	0	0.771	0	0.2	0	0	0.467	0	0.333	0	0	0	0.2	0.333	0	0	0	0	0	0.408
0	0	0	0	0	0	0	0	0	0	0	0	0	0	0	0	0	0	0	0	0	0	0	0	0	0	0	0	0	0	0	0.6	0.25	0.2	1	0.333	1	0	0	0.8	0.893	0.598
0.921	0	0	0	0	0.921	0.904	0	0	0	0	0.904	0	0	0	0	0	0	0	0	0	0	0	0	0	0	0	0	0	0	0.2	0	0.4	0.2	0	0.2	0	0	0	0	0	0.404
0	2.812	0	0	0	0	2.812	0	0	0	0	0	0	0	0	0	1	0	0	0	0	1	0	0	0	0	0	0	0	0	0	0	0.2	0	0	0	0	0	0	0	0.417	0.340
0	0	0	0	16.541	0	0	0	0	13.773	0	0	0	0	13.062	0	0	0	0	0.52	0	0	0	0	0.626	0	0	0	0	0.308	0.2	0.4	0.75	0	0	0	0.4	0.75	0	0.75	0	0.554
0	0	0	0	0	0	0	0	0	0	0	0	0	0	0	0	0	0	0	0	0	0	0	0	0	0	0	0	0	0	1	0	1	0.75	0.75	1	0	1	0.375	0.875	0.298	0.963
27.05	0.896	0	0.921	0	29.066	1.786	0	1.92	0	10.477	0.89	0	0.999	0	0.397	1	0	1	0	0.392	1	0	1	0	0.333	0	0	0	0	0	0	0	0	0	0.2	0	0	0	0	0.117	0.167
0	0	0	0.896	0	0	0	0	0.896	0	0	0	0	0	0	0	0	0	0	0	0	0	0	0	0	0	0	0	0	0	0	0	0	0	0.2	0	0	0	0.2	0	0.417	0.454
0	0	33.75	20.779	0	0	0	35.137	21.967	0	0	0	14.018	4.951	0	0	0	0.336	0.619	0	0	0	0.369	0.615	0	0	0	0.282	0.6	0	0.667	0	0.6	0	0.4	0.333	0	0.2	0	0.4	0	0.689
0	20.779	0	0	33.75	0	21.967	0	0	35.137	0	4.951	0	0	14.018	0	0.619	0	0	0.336	0	0.615	0	0	0.369	0	0.6	0	0	0.282	0	0	0.667	1	0.6	0	0	0.333	0.8	0.2	0.292	0.266
0	3.809	9.561	22.082	0	0	5.671	13.533	24.362	0	0	2.778	7.013	14.527	0	0	0.867	0.505	0.542	0	0	0.867	0.495	0.526	0	0	0.333	0.286	0.41	0	0.2	0	0	0	0	0	0.429	0.4	0.2	0	0.292	0.372
0	0	7.064	0	0	0	0	10.043	0	0	0	0	5.051	0	0	0	0	0.667	0	0	0	0	0.667	0	0	0	0	0.3	0	0	1	0	0	0.333	0	1	0.2	0	0.333	0.5	0.117	0.971
0	0	0	0	0	0	0	0	0	0	0	0	0	0	0	0	0	0	0	0	0	0	0	0	0	0	0	0	0	0	0	0.2	0.556	0.4	1	0.5	0.2	0.667	0.2	1	0	0.833
6.525	18.316	21.961	4.782	4.013	6.525	21.44	26.144	5.722	6.125	3.705	15.546	11.763	2.929	4.138	0.81	0.567	0.492	0.933	1	0.81	0.543	0.489	0.933	0.933	0.667	0.343	0.473	1	0.833	0	0.2	0	0	0.333	0	0	0.2	0	0	0.554	0.185
33.75	0	0	0	0.889	35.137	0	0	0	0.889	14.018	0	0	0	0.889	0.336	0	0	0	0	0.369	0	0	0	0	0.282	0	0	0	0	0.6	0.667	0.4	0	0	0.2	0.333	0.4	0	0	0	0.364
0	0.889	0	0	0	0	0.889	0	0	0	0	0.889	0	0	0	0	0	0	0	0	0	0	0	0	0	0	0	0	0	0	0.333	0	1	0.6	0.571	0	0	1	0	0.857	0.417	0.370
0	0	0.908	0.921	0	0	0	0.908	0.921	0	0	0	0	0	0	0	0	0	0	0	0	0	0	0	0	0	0	0	0	0	0	0.4	0	0.2	0.333	0	0	0	0.2	1	0.718	0.357
20.779	0	0	0	0	21.967	0	0	0	0	4.951	0	0	0	0	0.619	0	0	0	0	0.615	0	0	0	0	0.6	0	0	0	0	0	1	0	0.25	0.667	0	0.8	0	0	0.333	0.12	0.210
0	0	0	0	0	0	0	0	0	0	0	0	0	0	0	0	0	0	0	0	0	0	0	0	0	0	0	0	0	0	0.2	0.4	0	0.333	0	0	0.2	0	0	0	0	0.588
0	0	0	0	0	0	0	0	0	0	0	0	0	0	0	0	0	0	0	0	0	0	0	0	0	0	0	0	0	0	0.75	1	0.333	1	0.4	0.875	1	0	1	0.2	0.415	0.764
0	0	0	0	0	0	0	0	0	0	0	0	0	0	0	0	0	0	0	0	0	0	0	0	0	0	0	0	0	0	0.4	0.286	0.5	0	0.25	0.2	0.857	0.75	0	0.75	0	0.629
9.604	2.682	0	3.776	0	14.435	2.682	0	4.662	0	8.678	1.8	0	2.974	0	0.714	1	0	0.933	0	0.705	1	0	0.9	0	0.389	0	0	1	0	0	0	0	0.8	0.4	0	0	0.4	0	0.8	0.296	0.145
0.934	0	0	0	0	0	0	0	0	0	0.934	0	0	0	0	0	0	0	0	0	0	0	0	0	0	0	0	0	0	0	0.333	1	0.75	0.556	0.75	0	1	0.75	0.667	0.375	0.417	0.448
0	1.821	0	0	0	0	1.821	0	0	0	0	0	0	0	0	0	1	0	0	0	0	1	0	0	0	0	0	0	0	0	0.6	0	0	0	0.6	0	0	0.333	0	0	0	0.856
0	0	0	0	0	0	0	0	0	0	0	0	0	0	0	0	0	0	0	0	0	0	0	0	0	0	0	0	0	0	0	0	0.6	0	0	0	0	0	0	0	0.292	0.192
1.821	0	0	0	0	1.821	0	0	0	0	0	0	0	0	0	1	0	0	0	0	1	0	0	0	0	0	0	0	0	0	0	0	0.6	0.2	0	0	0	0	0	0.333	0	0.451
19.379	10.803	1.821	1.833	0	21.331	12.582	2.713	3.751	0	8.822	5.901	0.893	1.917	0	0.584	0.692	1	1	0	0.576	0.679	1	1	0	0.306	0.467	0	1	0	0	0	0	0	0.333	0	0	0	0	0.667	0.197	0.272
0	0	0	0	4.56	0	0	0	0	4.56	0	0	0	0	0	0	0	0	0	1	0	0	0	0	1	0	0	0	0	0	0	0.25	0	0.5	0	0	0.75	0	0.75	0	0.894	0.409
0	15.659	3.753	0	2.77	0	16.69	3.753	0	0.884	0	5.317	2.806	0	2.77	0	0.684	1	0	1	0	0.684	1	0	0	0	0.7	0.667	0	1	0	0.333	0	0	0	0	0	0	0	0	0.557	0.213
1.882	2.77	0	3.753	1.974	1.882	0.884	0	3.753	1.974	0	2.77	0	2.806	1.023	1	1	0	1	1	1	0	0	1	1	0	1	0	0.667	0	0	0	0	0	0	0	0	0	0	0	0.298	0.302
0	33.75	0.889	0	7.886	0	35.137	0.889	0	10.049	0	14.018	0.889	0	4.249	0	0.336	0	0	1	0	0.369	0	0	1	0	0.282	0	0	0.667	0.4	0.6	0	0.667	0	0.4	0.2	0	0.333	0	0	0.731
0.939	43.369	0.958	2.717	6.609	0.939	50.955	2.806	2.717	8.642	0	25.341	1.848	1.829	3.859	0	0.223	1	1	0.889	0	0.216	1	1	0.861	0	0.158	1	1	0.667	0	0	0.2	0	0	0	0.286	0	0	0	0.417	0.228
0	0	1.821	0	0	0	0	1.821	0	0	0	0	0	0	0	0	0	1	0	0	0	0	1	0	0	0	0	0	0	0	0	0.2	0	0	0.6	0	0	0	0	0	0	0.444
1.805	0	10.507	0	4.634	3.761	1.997	12.717	0	7.526	3.761	1.997	8.985	0	5.734	0.833	0	0.641	0	0.393	0.833	0	0.641	0	0.393	0.333	0	0.389	0	0.267	0.2	0.333	0	0	0	0	0	0	0	0	0.118	0.455
0	0.892	0	0.94	0.896	0	0.892	0	0.94	0.896	0	0	0	0	0	0	0	0	0	0	0	0	0	0	0	0	0	0	0	0	0	0.25	0	0	0	0	0	0	0	0	0.897	0.397
0	0	0	0	0	0	0	0	0	0	0	0	0	0	0	0	0	0	0	0	0	0	0	0	0	0	0	0	0	0	0.2	0	0.6	0.571	0	0	0	1	0.857	0.333	0.292	0.422
10.803	1.833	19.379	0	1.821	12.582	3.751	21.331	0	2.713	5.901	1.917	8.822	0	0.893	0.692	1	0.584	0	1	0.679	1	0.576	0	1	0.467	1	0.306	0	0	0	0	0	0.4	0	0	0	0	0.8	0	0.714	0.346
18.316	4.782	6.525	0	21.961	21.44	5.722	6.525	0	26.144	15.546	2.929	3.705	0	11.763	0.567	0.933	0.81	0	0.492	0.543	0.933	0.81	0	0.489	0.343	1	0.667	0	0.473	0.2	0	0	0.667	0	0	0	0	0.333	0.2	0.12	0.300
0	0	0	0	7.064	0	0	0	0	10.043	0	0	0	0	5.051	0	0	0	0	0.667	0	0	0	0	0.667	0	0	0	0	0.3	0	0.333	1	0	0	0.2	0.333	1	0	0	0	0.415
0.896	0	0	0	0	0.896	0	0	0	0	0	0	0	0	0	0	0	0	0	0	0	0	0	0	0	0	0	0	0	0	0	0.6	0	0	0	0.2	0	0	0.333	0	0.298	0.371
3.883	0	14.904	48.662	19.118	4.832	0	16.074	54.132	21.425	1.895	0	3.941	29.574	8.437	1	0	0.618	0.196	0.667	1	0	0.61	0.192	0.657	1	0	0.833	0.194	0.536	0	0	0	0	0.2	0	0	0	0	0	0.714	0.267
0.892	0.94	0	0	0	0.892	0.94	0	0	0	0	0	0	0	0	0	0	0	0	0	0	0	0	0	0	0	0	0	0	0	0.25	0	0	0	0	0	0	0	0	0	0.055	0.451
0	0	0	0	0	0	0	0	0	0	0	0	0	0	0	0	0	0	0	0	0	0	0	0	0	0	0	0	0	0	0.286	0	0.4	0.25	0.5	0.857	0	0.2	0.25	0.75	0.299	0.548
0.889	0	0	0	0	0.889	0	0	0	0	0.889	0	0	0	0	0	0	0	0	0	0	0	0	0	0	0	0	0	0	0	0	0.6	0.333	0.2	1	0	0	0	0	1	0.418	0.348
0.921	0	0.896	9.561	27.05	1.92	0	1.786	13.533	29.066	0.999	0	0.89	7.013	10.477	1	0	1	0.505	0.397	1	0	1	0.495	0.392	0	0	0	0.286	0.333	0	0	0	0	0	0	0	0	0.4	0.2	0.896	0.226
0	0	0	7.468	0	0	0	0	8.37	0	0	0	0	2.715	0	0	0	0	0.861	0	0	0	0	0.861	0	0	0	0	0	0	0.333	0	0	0	1	0.333	0	0.2	0	1	0	0.536
0	0	0	27.05	0	0	0	0	29.066	0	0	0	0	10.477	0	0	0	0	0.397	0	0	0	0	0.392	0	0	0	0	0.333	0	0	0	0	0	0	0	0	0	0.2	0	0.9	0.335
0	9.604	0	2.682	1.833	0	14.435	0	2.682	3.751	0	8.678	0	1.8	1.917	0	0.714	0	1	1	0	0.705	0	1	1	0	0.389	0	0	1	0	0	0.4	0	0	0.4	0	0.8	0	0	0	0.662
0	4.56	0	0	0	0	4.56	0	0	0	0	0	0	0	0	0	1	0	0	0	0	1	0	0	0	0	0	0	0	0	0.286	0	0.5	0	0	0	0	0	0	0	0.418	0.365
0	0	0	0	0	0	0	0	0	0	0	0	0	0	0	0	0	0	0	0	0	0	0	0	0	0	0	0	0	0	1	1	0.75	0	0.333	1	1	0.875	0	0	0.298	0.949
0	0	0	0	20.779	0	0	0	0	21.967	0	0	0	0	4.951	0	0	0	0	0.619	0	0	0	0	0.615	0	0	0	0	0.6	0.25	0	1	0.6	0	0	0.333	0.8	1	0	0.417	0.709
43.369	2.717	0.939	0	0.958	50.955	2.717	0.939	0	2.806	25.341	1.829	0	0	1.848	0.223	1	0	0	1	0.216	1	0	0	1	0.158	1	0	0	1	0	0	0	0.2	0.2	0.286	0	0	0	0	0.299	0.171
0	0	0	5.611	4.782	0.91	0.919	0	9.566	5.722	0.91	0.919	0	6.758	2.929	0	0	0	0.533	0.933	0	0	0	0.533	0.933	0	0	0	0.429	1	0	0.2	0.667	0	0	0	0	0.333	0	0	0.896	0.369
0	0	0	0	0	0	0	0	0	0	0	0	0	0	0	0	0	0	0	0	0	0	0	0	0	0	0	0	0	0	0.571	1	0	0.333	0.2	0.857	1	0	0	0	0.418	0.763
0	19.118	15.659	14.904	0	0	21.425	16.69	16.074	0	0	8.437	5.317	3.941	0	0	0.667	0.684	0.618	0	0	0.657	0.684	0.61	0	0	0.536	0.7	0.833	0	0	0.2	0.333	0	0	0	0	0	0	0	0.292	0.395
10.443	18.207	0	1.89	2.717	13.39	20.813	0	3.769	2.717	6.883	11.992	0	2.863	1.829	0.714	0.614	0	0.833	1	0.714	0.605	0	0.833	1	0.476	0.473	0	0.667	1	0	0	0.2	0	0	0	0	0	0	0	0.419	0.209
3.677	0.992	48.662	16.541	0	3.677	1.913	54.132	13.773	0	2.755	1.913	29.574	13.062	0	1	1	0.196	0.52	0	1	1	0.192	0.626	0	0.667	1	0.194	0.308	0	0.2	0.2	0	0	0	0.2	0	0	0.75	0	0	0.424
0	0	0.896	0	0	0	0	0.896	0	0	0	0	0	0	0	0	0	0	0	0	0	0	0	0	0	0	0	0	0	0	0.6	0	0	0.6	0	0	0.333	0.2	0	0	0	0.823
0	0	0.889	0	0	0	0	0.889	0	0	0	0	0.889	0	0	0	0	0	0	0	0	0	0	0	0	0	0	0	0	0	0.6	0.2	0	0.2	0.333	0	0	0	0	0	0	0.541
48.662	3.677	0	0.992	3.883	54.132	3.677	0	1.913	4.832	29.574	2.755	0	1.913	1.895	0.196	1	0	1	1	0.192	1	0	1	1	0.194	0.667	0	1	1	0	0.2	0	0.2	0	0	0.2	0	0	0	0	0.271
0	48.662	3.883	3.677	14.904	0	54.132	4.832	3.677	16.074	0	29.574	1.895	2.755	3.941	0	0.196	1	1	0.618	0	0.192	1	1	0.61	0	0.194	1	0.667	0.833	0	0	0	0.2	0	0	0	0	0.2	0	0.56	0.325
0	0	0	0	0	0	0	0	0	0	0	0	0	0	0	0	0	0	0	0	0	0	0	0	0	0	0	0	0	0	0	0.25	0.286	0.333	0.4	0	0.25	0.857	0.667	0.2	0	0.549
0	0	0	0	0	0	0	0	0	0	0	0	0	0	0	0	0	0	0	0	0	0	0	0	0	0	0	0	0	0	0.4	0.2	0.2	0	0	0.2	0	0.2	0	0.5	0	0.745
0	0	0	0	0	0	0	0	0	0	0	0	0	0	0	0	0	0	0	0	0	0	0	0	0	0	0	0	0	0	0	0	0	0.5	0	0	0	0	0	0	0.418	0.394
0.94	0	0.892	0	0	0.94	0	0.892	0	0	0	0	0	0	0	0	0	0	0	0	0	0	0	0	0	0	0	0	0	0	0	0	0.25	0.556	0	0	0	0	0	0	0.296	0.181
2.682	3.776	9.604	9.621	0	2.682	4.662	14.435	8.736	0	1.8	2.974	8.678	7.878	0	1	0.933	0.714	0.782	0	1	0.9	0.705	0.806	0	0	1	0.389	0.536	0	0	0.8	0	0.778	0	0	0	0	0.111	0.4	0.198	0.237
0	0	0	0	0	0	0	0	0	0	0	0	0	0	0	0	0	0	0	0	0	0	0	0	0	0	0	0	0	0	0	0	0.2	0	0.2	0	0	0	0	0	0.298	0.319
17.829	0	0	0.908	0	17.829	0	0	0.908	0	1.999	0	0	0	0	0.588	0	0	0	0	0.582	0	0	0	0	0	0	0	0	0	0.2	0.333	0	0	0	0	1	0	0	0	0.198	0.345
0	0	0	0	-1	0	0	0	0	-1	0	0	0	0	-1	0	0	0	0	-1	0	0	0	0	-1	0	0	0	0	-1	0	0.4	0	0.2	-1	0	0	0	0	-1	0.296	0.996
0	0	2.812	0	0	0	0	2.812	0	0	0	0	0	0	0	0	0	1	0	0	0	0	1	0	0	0	0	0	0	0	0	0	0	0	0	0	0	0	0	0	0.718	0.462
10.507	1.805	4.634	0	5.611	12.717	3.761	7.526	1.997	9.566	8.985	3.761	5.734	1.997	6.758	0.641	0.833	0.393	0	0.533	0.641	0.833	0.393	0	0.533	0.389	0.333	0.267	0	0.429	0	0.2	0	0.333	0	0	0	0	0	0	0.418	0.237
0	0	0	17.829	0	0	0	0	17.829	0	0	0	0	1.999	0	0	0	0	0.588	0	0	0	0	0.582	0	0	0	0	0	0	0	0	0.4	0.2	0.2	0	0	0.4	0	0	0	0.651
0	0	0.896	0.892	0	0	0	0.896	0.892	0	0	0	0	0	0	0	0	0	0	0	0	0	0	0	0	0	0	0	0	0	0	0	0	0.25	0	0	0	0	0	0	0.557	0.275
0	0	1.833	9.604	10.803	0	0	3.751	14.435	12.582	0	0	1.917	8.678	5.901	0	0	1	0.714	0.692	0	0	1	0.705	0.679	0	0	1	0.389	0.467	0.4	0	0	0	0	0.8	0.4	0	0	0	0	0.736
22.082	0	3.809	7.064	0	24.362	0	5.671	10.043	0	14.527	0	2.778	5.051	0	0.542	0	0.867	0.667	0	0.526	0	0.867	0.667	0	0.41	0	0.333	0.3	0	0	0	0	0	0.2	0.2	0.5	0.429	0	0	0	0.213
0	0	0	0	0	0	0	0	0	0	0	0	0	0	0	0	0	0	0	0	0	0	0	0	0	0	0	0	0	0	0.4	0.333	0.2	0.75	0	0.2	0	0	0.875	0	0	0.677
0	7.468	0	2.943	0	0	8.37	0	2.943	0	0	2.715	0	0	0	0	0.861	0	1	0	0	0.861	0	1	0	0	0	0	0	0	0	0	0.333	0	0	0	0	0.333	0	0.2	0	0.404
0	0	0.934	0	0	0	0	0	0	0	0	0	0.934	0	0	0	0	0	0	0	0	0	0	0	0	0	0	0	0	0	1	0.556	0.333	0	0.75	1	0.667	0	0.5	0.75	0	0.961
0	0	0	0.889	0	0	0	0	0.889	0	0	0	0	0.889	0	0	0	0	0	0	0	0	0	0	0	0	0	0	0	0	1	0.333	0.571	0	0	1	0	0.857	0	0	0.198	0.982
0.925	15.477	7.95	6.609	0	1.828	14.678	10.741	8.642	0	0.904	6.195	4.992	3.859	0	1	0.684	0.655	0.889	0	1	0.771	0.655	0.861	0	0	0.467	0.2	0.667	0	0	0	0.333	0	0	0	0	0.333	0	0	0.299	0.286
0	0.934	0	0	0	0	0	0	0	0	0	0.934	0	0	0	0	0	0	0	0	0	0	0	0	0	0	0	0	0	0	0.75	0.333	0.75	1	0	0.75	0	0.375	1	0	0.3	0.709
9.561	0	0	3.809	0.921	13.533	0	0	5.671	1.92	7.013	0	0	2.778	0.999	0.505	0	0	0.867	1	0.495	0	0	0.867	1	0.286	0	0	0.333	0	0	0.2	0	0	0	0.4	0	0	0.429	0	0.059	0.326
0	0	0	1.821	0.896	0	0	0	1.821	0.896	0	0	0	0	0	0	0	0	1	0	0	0	0	1	0	0	0	0	0	0	0	0.6	0.6	0	0	0.333	0	0	0	0.2	0	0.689
0	0	0	0	0.889	0	0	0	0	0.889	0	0	0	0	0.889	0	0	0	0	0	0	0	0	0	0	0	0	0	0	0	0.2	0.2	0.6	0	0	0	0	0	0	0	0.197	0.498
0	0	0	0	0	0	0	0	0	0	0	0	0	0	0	0	0	0	0	0	0	0	0	0	0	0	0	0	0	0	0.2	0	0.4	0	0	0	0	0	0	0	0.418	0.264
18.207	1.89	10.443	0	0	20.813	3.769	13.39	0	0	11.992	2.863	6.883	0	0	0.614	0.833	0.714	0	0	0.605	0.833	0.714	0	0	0.473	0.667	0.476	0	0	0	0	0	0	0.2	0	0	0	0	0	0	0.325
0	0	0	0	0	0	0	0	0	0	0	0	0	0	0	0	0	0	0	0	0	0	0	0	0	0	0	0	0	0	0.333	0.75	0.4	1	0.2	0	0.875	0.2	1	0	0.19	0.581
0	0	0	0	1.805	0	0	1.997	0	3.761	0	0	1.997	0	3.761	0	0	0	0	0.833	0	0	0	0	0.833	0	0	0	0	0.333	0	0	0.333	0	0.2	0	0	0	0	0	0.714	0.345
0	0	0	0	0	0	0	0	0	0	0	0	0	0	0	0	0	0	0	0	0	0	0	0	0	0	0	0	0	0	0.25	0.5	0	0.4	0	0.75	0.75	0	0.2	0	0.296	0.794
0	0	0	0	0	0	0	0	0	0	0	0	0	0	0	0	0	0	0	0	0	0	0	0	0	0	0	0	0	0	0.2	0.4	0	0.2	0.556	0.2	0.2	0.5	0	0.667	0	0.478
4.782	0	18.316	0	6.525	5.722	0	21.44	0.91	6.525	2.929	0	15.546	0.91	3.705	0.933	0	0.567	0	0.81	0.933	0	0.543	0	0.81	1	0	0.343	0	0.667	0	0.667	0.2	0	0	0	0.333	0	0	0	0.56	0.242
0	0	0	1.974	2.812	0	0	0	1.974	2.812	0	0	0	1.023	0	0	0	0	1	1	0	0	0	1	1	0	0	0	0	0	0	0	0	0	0	0	0	0	0	0	0.56	0.198
15.659	0	0	19.118	3.753	16.69	0	0	21.425	3.753	5.317	0	0	8.437	2.806	0.684	0	0	0.667	1	0.684	0	0	0.657	1	0.7	0	0	0.536	0.667	0.333	0	0	0.2	0	0	0	0	0	0	0.298	0.354
0	0	0	0	0.934	0	0	0	0	0	0	0	0	0	0.934	0	0	0	0	0	0	0	0	0	0	0	0	0	0	0	0.556	0	1	0.2	0.333	0.667	0.5	1	0.2	0	0	0.814
0	0	0	0	0	0	0	0	0	0	0	0	0	0	0	0	0	0	0	0	0	0	0	0	0	0	0	0	0	0	0	0	0	0	0	0	0	0	0	0	0	0.778
0	0.908	17.829	0	0	0	0.908	17.829	0	0	0	0	1.999	0	0	0	0	0.588	0	0	0	0	0.582	0	0	0	0	0	0	0	0.333	0	0.2	0	0	1	0	0	0	0	0	0.913
0	0	0	1.821	0	0	0	0	2.713	0	0	0	0	0.893	0	0	0	0	1	0	0	0	0	1	0	0	0	0	0	0	0.25	0.333	0	0	0.286	0.25	0.667	0	0	0.857	0.294	0.878
0	17.829	0	0	0	0	17.829	0	0	0	0	1.999	0	0	0	0	0.588	0	0	0	0	0.582	0	0	0	0	0	0	0	0	0	0.2	0	0.333	0.4	0	0	0	1	0.4	0.419	0.413
7.468	2.943	0	0	0	8.37	2.943	0	0	0	2.715	0	0	0	0	0.861	1	0	0	0	0.861	1	0	0	0	0	0	0	0	0	0	0	0	0	0.333	0	0	0	0	0.333	0.113	0.337
0	0	-1	0	-1	0	0	-1	0	-1	0	0	-1	0	-1	0	0	-1	0	-1	0	0	-1	0	-1	0	0	-1	0	-1	0	0	-1	0.4	-1	0	0	-1	0	-1	0.897	0.996
0	0	0	0	0	0	0	0	0	0	0	0	0	0	0	0	0	0	0	0	0	0	0	0	0	0	0	0	0	0	0.6	0	0	0	0	0	0	0	0	0	0	0.738
2.717	0	43.369	10.443	0.939	2.717	0	50.955	13.39	0.939	1.829	0	25.341	6.883	0	1	0	0.223	0.714	0	1	0	0.216	0.714	0	1	0	0.158	0.476	0	0	0.2	0	0	0	0	0	0.286	0	0	0	0.431
3.753	0	2.77	15.659	1.882	3.753	0	0.884	16.69	1.882	2.806	0	2.77	5.317	0	1	0	1	0.684	1	1	0	0	0.684	1	0.667	0	1	0.7	0	0	0	0	0.333	0	0	0	0	0	0	0.298	0.343
0	0	4.56	0	0	0	0	4.56	0	0	0	0	0	0	0	0	0	1	0	0	0	0	1	0	0	0	0	0	0	0	0	0	0	0.25	0.286	0	0	0	0.75	0	0.717	0.159
