0.843	0	13.448	5.823	0	0.843	0	9.459	6.83	0	0.843	0	8.636	3.192	0	0	0	0.764	0.762	0	0	0	0.643	0.714	0	0	0	0.667	0.333	0	0.111	0	0.4	0	0.2	0.444	0	0.4	0	0.4	0.299	0.577
0.871	0	3.837	0	0	2.747	0	6.6	0	0	2.747	0	4.673	0	0	0.667	0	0.524	0	0	0.667	0	0.524	0	0	0.667	0	0.2	0	0	0	0.333	0	0	0	0	0.333	0	0.25	0	0.419	0.108
11.001	1.014	1.799	0	0	10.007	1.014	2.64	0	0	6.626	1.014	2.64	0	0	0.407	0	0.333	0	0	0.364	0	0	0	0	0.4	0	0.333	0	0	0.333	0	0	0.333	0	0.333	0	0	0.333	0	0	0.557
2.6	0	0	0	0	2.6	0	0.881	0	0.881	0	0	0.881	0	0.881	1	0	0	0	0	1	0	0	0	0	0	0	0	0	0	0.2	0	0	0	0	0	0	0	0	0	0.717	0.095
0.894	0	18.805	0	9.506	0.894	1.717	21.192	0.881	10.269	0	1.717	7.451	1.742	3.86	0	0	0.221	0	0.455	0	0	0.229	0	0.418	0	0	0.143	0	0.333	0	0	0	0	0	0	0	0	0	0	0.893	0.081
0	1.766	0	0.964	4.658	0	1.766	0	0.964	3.728	0	0	0.848	0	0.93	0	1	0	0	0.9	0	1	0	0	0.833	0	0	0	0	0	0.25	0.5	0	0.2	0.2	0	0	0	0	0	0	0.930
0	0	0	0	0	0	0	0	0	0	0	0	0	0	0	0	0	0	0	0	0	0	0	0	0	0	0	0	0	0	0	0	0	0	0	0	0	0	0	0	0.557	0.547
0	0	0	4.41	0	0	0	0	4.41	0	0	0	0	0	0	0	0	0	0.9	0	0	0	0	0.9	0	0	0	0	0	0	0	0	0	0	0	0	0	0	0	0.333	0	0.265
0	0	0.942	0	0	0.843	0.957	3.585	0	0	0.843	0.957	2.644	0	0	0	0	0	0	0	0	0	0	0	0	0	0	0	0	0	0	0	0	0	0	0	0	0	0	0	0.418	0.793
4.265	0	0	0	0	4.259	0	0	0	0	8.13	0	0	0	0	0.867	0	0	0	0	0.667	0	0	0	0	0.667	0	0	0	0	0.6	1	0.2	0.25	0.2	0.4	0.2	0.4	0	0	0	0.618
0	0	0	2.063	5.823	0	0	1.099	4.168	6.83	0	0	1.099	3.308	3.192	0	0	0	0.5	0.762	0	0	0	0.5	0.714	0	0	0	0.333	0.333	0	0	0	0	0	0	0	0	0	0	0	0.631
2.058	0.842	0	0	8.366	2.058	0.842	0	0.861	8.155	0	0.842	0	0.861	9.057	1	0	0	0	0.382	1	0	0	0	0.429	0	0	0	0	0.194	0	0	0.25	0.2	0.4	0	0.2	0	0.2	0	0	0.582
0	0	0	0	0	0	0	0	0	0	0	0	0	0	0	0	0	0	0	0	0	0	0	0	0	0	0	0	0	0	0	0	0	0	0	0	0	0	0.2	0	0	0.378
2.605	0	0	0	0	6.344	1.828	0	0	0	4.61	1.828	0	0	0	0.476	1	0	0	0	0.476	1	0	0	0	0.5	1	0	0	0	0.2	0	0	0	0.333	0	0	0.25	0	0.333	0.292	0.208
0	2.727	42.971	0.851	0	0	3.8	35.442	0.851	0	0	1.919	14.958	0.851	0	0	1	0.188	0	0	0	0.667	0.188	0	0	0	1	0.179	0	0	0.2	0	0.778	0.333	0.2	0	0	0.222	0.333	0	0	0.422
0	0	0	0	-1	0	0	0	0	-1	0	0	0	0	-1	0	0	0	0	-1	0	0	0	0	-1	0	0	0	0	-1	0	0	0	0	-1	0	0	0.4	0	-1	0.896	0.999
0	4.799	0	0	0	0	4.799	0	0	0	0	1.875	0	0	0	0	0.81	0	0	0	0	0.7	0	0	0	0	1	0	0	0	1	0.2	0.4	1	0.8	1	0	0.2	1	0.4	0	0.983
0	0	2.816	0	13.868	0	0	1.841	0	11.15	0	0	1.992	0	4.399	0	0	1	0	0.467	0	0	1	0	0.348	0	0	1	0	0.167	0	0.75	0.2	0	0	0	0	0	0	0	0.196	0.362
10.005	2.193	17.037	0	38.552	13.514	3.133	19.955	0	39.179	6.563	0.94	5.907	0	14.033	0.655	1	0.319	0	0.15	0.491	0.667	0.276	0	0.149	1	0	0.333	0	0.106	0	0	0	0.2	0.2	0	0	0	0	0	0	0.501
0	38.114	0.842	8.078	0.857	1.785	42.729	2.05	8.078	3.073	0.86	4.446	1.208	1.901	0	0	0.179	1	0.511	0.333	0	0.159	1	0.536	0.333	0	0.167	0	0	0	0	0	0	0.2	0	0	0.143	0	0	0	0.897	0.368
0.986	0.916	0	0	2.063	0	0	0	0	4.168	0.986	0.916	0	0	3.308	0	0	0	0	0.5	0	0	0	0	0.5	0	0	0	0	0.333	0.333	0.625	0	0	0	0.333	0.25	0	0	0	0	0.598
0	4.265	0	0	2.193	0	4.259	0	0	3.133	0	8.13	0	0	0.94	0	0.867	0	0	1	0	0.667	0	0	0.667	0	0.667	0	0	0	0.2	0.6	0.2	1	0	0.4	0.4	0	0.2	0	0	0.606
1.745	5.528	5.488	3.974	1.774	3.472	8.396	9.202	8.591	3.579	2.571	2.868	4.678	5.566	1.805	0.5	0.722	0.622	0.639	0.5	0.333	0.722	0.622	0.639	0.5	0.333	0	0.2	0.267	0	0	0	0	0	0	0	0	0	0	0	0.117	0.112
0	2.6	0	0	0	0.881	2.6	0.881	0	0.866	0.881	0	0.881	0	0.866	0	1	0	0	0	0	1	0	0	0	0	0	0	0	0	0	0.2	0	0	0	0	0	0	0	0	0.198	0.114
0	2.903	0	0	0	0	2.903	0	0	0	0	3.178	0	0	0	0	0.5	0	0	0	0	0.667	0	0	0	0	0.333	0	0	0	0	0.25	0	0.4	0	0	0	0	0.4	0	0	0.622
0	0	0	0	0	0	0	0	0	0	0	0	0	0	0	0	0	0	0	0	0	0	0	0	0	0	0	0	0	0	0	0	0	0	0	0	0	0	0	0	0.556	0.375
42.971	0	0	2.727	0	35.442	0	0	3.8	0	14.958	0	0	1.919	0	0.188	0	0	1	0	0.188	0	0	0.667	0	0.179	0	0	1	0	0.778	0.2	0.2	0	0.2	0.222	0	0	0	0.2	0	0.547
1.766	0.964	0	0	0	1.766	0.964	0	0	0	0	0	0	0	0.848	1	0	0	0	0	1	0	0	0	0	0	0	0	0	0	0.5	0.2	0.25	0.333	0	0	0	0	0	0	0	0.605
0	0	0	42.971	0	0	0	0	35.442	0	0	0	0	14.958	0	0	0	0	0.188	0	0	0	0	0.188	0	0	0	0	0.179	0	0.2	0.2	0.6	0.778	1	0.2	0	0	0.222	1	0	0.538
0	0	0	0	0.942	0.957	0	0.843	0	3.585	0.957	0	0.843	0	2.644	0	0	0	0	0	0	0	0	0	0	0	0	0	0	0	0	0	0	0	0	0	0	0	0	0	0	0.322
0.879	0	3.724	2.912	8.031	3.995	0	4.606	6.677	11.308	3.116	0	0.882	3.765	3.277	0.333	0	0.8	0.476	0.455	0.333	0	0.8	0.476	0.382	0.667	0	0	0.167	0.667	0	0	0	0	0	0	0	0	0	0	0	0.390
2.912	1.056	0	12.7	0.879	6.677	1.905	0	12.7	3.995	3.765	0.85	0	0.914	3.116	0.476	1	0	0.538	0.333	0.476	1	0	0.462	0.333	0.167	0	0	0	0.667	0	0	0	0.667	0	0	0.333	0	0.667	0	0.294	0.201
0	0	0.871	2.605	3.837	0	0	2.747	6.344	6.6	0	0	2.747	4.61	4.673	0	0	0.667	0.476	0.524	0	0	0.667	0.476	0.524	0	0	0.667	0.5	0.2	0.333	0	0	0.2	0	0.333	0.25	0	0	0	0	0.787
0	0	0	0	0	0	0	0	0	0	0	0	0	0	0	0	0	0	0	0	0	0	0	0	0	0	0	0	0	0	0	0	0	0	0	0	0	0	0	0	0	0.411
0	4.41	0	0	0	0	4.41	0	0	0	0	0	0	0	0	0	0.9	0	0	0	0	0.9	0	0	0	0	0	0	0	0	0	0	0	0	0	0	0	0	0	0	0	0.518
18.794	0	3.161	2.783	0	22.856	0	1.932	1.837	0	8.228	0	3.056	3.551	0	0.32	0	0.8	0.8	0	0.261	0	1	1	0	0.286	0	0.667	0.5	0	0	0	0	0.2	0.2	0	0	0	0	0.4	0	0.286
2.783	4.58	0	0	18.794	1.837	2.996	0	0	22.856	3.551	5.867	0	0	8.228	0.8	0.429	0	0	0.32	1	1	0	0	0.261	0.5	0.4	0	0	0.286	0.2	0.444	0	0	0	0	0.444	0	0	0	0	0.641
5.528	3.974	1.745	0	5.488	8.396	8.591	3.472	0	9.202	2.868	5.566	2.571	0.901	4.678	0.722	0.639	0.5	0	0.622	0.722	0.639	0.333	0	0.622	0	0.267	0.333	0	0.2	0	0	0	0	0	0	0	0	0	0	0.417	0.151
0	0.857	0	0.842	0	0	3.073	0	2.05	0	0	0	0	1.208	0	0	0.333	0	1	0	0	0.333	0	1	0	0	0	0	0	0	0	0	0	0	0	0	0	0	0	0	0.896	0.219
0	0.986	2.063	0.916	0	0	0	4.168	0	0	0	0.986	3.308	0.916	0	0	0	0.5	0	0	0	0	0.5	0	0	0	0	0.333	0	0	0	0.333	0	0.625	0	0	0.333	0	0.25	0	0	0.454
0.842	0	2.058	0	0	0.842	0.861	2.058	0	0	0.842	0.861	0	0	0	0	0	1	0	0	0	0	1	0	0	0	0	0	0	0	0	0.2	0	0.2	0.25	0.2	0.2	0	0.4	0	0	0.641
13.448	0.843	0	0	0	9.459	0.843	0	0	0.861	8.636	0.843	0	0	0.861	0.764	0	0	0	0	0.643	0	0	0	0	0.667	0	0	0	0	0.4	0.111	0.2	0	0.2	0.4	0.444	0.4	0	0.2	0.292	0.497
0	0	0	4.799	18.721	0	0	0	4.799	13.543	0	0	0	1.875	8.497	0	0	0	0.81	0.368	0	0	0	0.7	0.359	0	0	0	1	0.25	0.4	1	0.8	0.2	0	0.2	1	0.4	0	0	0	0.855
17.037	10.005	38.552	2.193	7.793	19.955	13.514	39.179	3.133	9.702	5.907	6.563	14.033	0.94	2.754	0.319	0.655	0.15	1	0.556	0.276	0.491	0.149	0.667	0.511	0.333	1	0.106	0	0.667	0	0	0.2	0	0.2	0	0	0	0	0	0	0.400
15.396	8.829	2.63	0.844	0	18.253	11.57	3.551	1.824	0	3.821	2.742	0.92	0.979	0	0.322	0.545	1	1	0	0.316	0.515	1	1	0	0.167	0.333	0	0	0	0	0	0	0	0	0.8	0.25	0	0.6	0	0.298	0.190
0	0	0	0	0	0	0	0	0	0	0	0	0	0	0	0	0	0	0	0	0	0	0	0	0	0	0	0	0	0	0	0	0	0	0	0	0	0	0	0	0.557	0.613
0.844	0.85	8.829	0	15.396	1.824	1.707	11.57	2.865	18.253	0.979	0.857	2.742	2.865	3.821	1	1	0.545	0.667	0.322	1	1	0.515	0.667	0.316	0	0	0.333	0.667	0.167	0	0	0	0	0	0.6	0	0.25	0	0.8	0.899	0.164
0.857	0.842	0	0	0	3.073	2.05	0	1.785	0	0	1.208	0	0.86	0	0.333	1	0	0	0	0.333	1	0	0	0	0	0	0	0	0	0	0	0	0	0	0	0	0	0	0	0.898	0.302
0	1.776	0	0	2.6	0	1.776	0	0	2.6	0	0	0	0	0	0	1	0	0	1	0	1	0	0	1	0	0	0	0	0	0	0	0	0	0.2	0	0	0	0	0	0.718	0.084
0	9.506	0	18.805	2.605	0	10.269	1.828	21.192	6.344	0	3.86	1.828	7.451	4.61	0	0.455	1	0.221	0.476	0	0.418	1	0.229	0.476	0	0.333	1	0.143	0.5	0	0	0	0	0.2	0	0	0	0	0	0.419	0.381
4.41	0	0	0	0	4.41	0	0	0	0	0	0	0	0	0	0.9	0	0	0	0	0.9	0	0	0	0	0	0	0	0	0	0	0	0	0	0	0	0	0	0	0	0	0.275
0	0	0	2.903	9.546	0	0	0	2.903	9.729	0	0	0	3.178	4.175	0	0	0	0.5	0.41	0	0	0	0.667	0.4	0	0	0	0.333	0.167	0	0	0	0.25	0	0	0	0	0	0.2	0	0.727
0	0	4.799	0	0	0	0	4.799	0	0	0	0	1.875	0	0	0	0	0.81	0	0	0	0	0.7	0	0	0	0	1	0	0	1	0.6	0.2	0.2	1	1	0	0	0.2	1	0	0.984
5.823	0	0	0	0.843	6.83	1.099	0	0	0.843	3.192	1.099	0	0	0.843	0.762	0	0	0	0	0.714	0	0	0	0	0.333	0	0	0	0	0	0	0	0	0.111	0	0	0	0	0.444	0	0.281
0	2.605	0	0	0.871	0	6.344	0	1.828	2.747	0	4.61	0	1.828	2.747	0	0.476	0	1	0.667	0	0.476	0	1	0.667	0	0.5	0	1	0.667	0	0.2	0.333	0	0	0.25	0	0.333	0	0	0	0.559
8.366	0	0	2.058	3.236	8.155	0	0	2.058	5.039	9.057	0	0	0	3.16	0.382	0	0	1	0.9	0.429	0	0	1	0.8	0.194	0	0	0	0.667	0.4	0.25	0	0	0.2	0	0	0	0	0	0	0.320
38.552	17.037	7.793	10.005	5.686	39.179	19.955	9.702	13.514	9.716	14.033	5.907	2.754	6.563	4.03	0.15	0.319	0.556	0.655	0.667	0.149	0.276	0.511	0.491	0.644	0.106	0.333	0.667	1	0.333	0.2	0	0.2	0	0	0	0	0	0	0	0.198	0.270
0	0	2.193	4.265	10.005	0	0	3.133	4.259	13.514	0	0	0.94	8.13	6.563	0	0	1	0.867	0.655	0	0	0.667	0.667	0.491	0	0	0	0.667	1	0.2	0.2	0	0.6	0	0	0.4	0	0.4	0	0	0.879
0	0.845	0.843	0	1.965	0.846	2.529	0.843	0	1.104	0.846	1.684	0.843	0	1.965	0	0	0	0	1	0	0	0	0	0	0	0	0	0	1	0	0	0	0	0.25	0	0	0	0	0	0	0.293
0	0	0	0	0	0	0	0	0	0	0	0	0	0	0	0	0	0	0	0	0	0	0	0	0	0	0	0	0	0	0	0	0	0	0	0	0	0	0	0	0	0.353
8.031	3.724	2.804	0.879	5.806	11.308	4.606	2.804	3.995	8.101	3.277	0.882	0	3.116	3.209	0.455	0.8	0.667	0.333	0.571	0.382	0.8	0.667	0.333	0.464	0.667	0	0	0.667	0.333	0	0	0	0	0	0	0	0	0	0	0	0.419
0	0.942	0	0	0.845	0	3.585	0	0.843	2.529	0	2.644	0	0.843	1.684	0	0	0	0	0	0	0	0	0	0	0	0	0	0	0	0	0	0	0	0	0	0	0	0	0	0	0.382
1.776	0	0	0.861	0	1.776	0	0	0.861	0	0	0	0	0	0	1	0	0	0	0	1	0	0	0	0	0	0	0	0	0	0	0	0	0	0	0	0	0	0	0	0.116	0.118
0	0	0	0.849	0	0	0	0	1.828	0	0	0	0	0.978	0	0	0	0	1	0	0	0	0	1	0	0	0	0	0	0	0	0	0	0.2	0	0	0.2	0	0.8	0	0	0.379
3.837	0.871	0	0	12.7	6.6	2.747	0	0	12.7	4.673	2.747	0	0	0.914	0.524	0.667	0	0	0.538	0.524	0.667	0	0	0.462	0.2	0.667	0	0	0	0	0	0	0.333	0.667	0	0	0	0.333	0.667	0.195	0.229
0	0	2.6	1.776	0	0	0	2.6	1.776	0.881	0	0	0	0	0.881	0	0	1	1	0	0	0	1	1	0	0	0	0	0	0	0	0	0.2	0	0	0	0	0	0	0	0.299	0.067
0	13.868	0.852	2.816	0.851	0	11.15	0.852	1.841	0.851	0	4.399	0	1.992	0.851	0	0.467	0	1	0	0	0.348	0	1	0	0	0.167	0	1	0	0.6	0	0	0.2	0.333	0.6	0	0	0	0.333	0	0.873
0	5.823	0.843	0	13.448	0	6.83	0.843	1.099	9.459	0	3.192	0.843	1.099	8.636	0	0.762	0	0	0.764	0	0.714	0	0	0.643	0	0.333	0	0	0.667	0	0	0.111	0	0.4	0	0	0.444	0	0.4	0.556	0.399
0	0.861	1.776	0	0	0	0.861	1.776	0	0	0	0	0	0	0	0	0	1	0	0	0	0	1	0	0	0	0	0	0	0	0	0	0	0	0	0	0	0	0	0	0.893	0.118
0	0	0.964	0	1.766	0	0	0.964	0	1.766	0	0	0	0	0	0	0	0	0	1	0	0	0	0	1	0	0	0	0	0	0.333	0	0.2	0.2	0.5	0	0	0	0	0	0	0.638
0	0	4.41	0	0	0	0	4.41	0	0	0	0	0	0	0	0	0	0.9	0	0	0	0	0.9	0	0	0	0	0	0	0	0	0	0	0	0	0	0	0	0	0	0	0.295
0	2.063	0	0	0	0	4.168	0	0	1.099	0	3.308	0	0	1.099	0	0.5	0	0	0	0	0.5	0	0	0	0	0.333	0	0	0	0	0	0	0	0	0	0	0	0	0	0	0.535
2.804	8.031	5.806	3.724	0	2.804	11.308	8.101	4.606	0	0	3.277	3.209	0.882	0	0.667	0.455	0.571	0.8	0	0.667	0.382	0.464	0.8	0	0	0.667	0.333	0	0	0	0	0	0	0.2	0	0	0	0	0	0	0.746
0	0	0.894	0.871	18.805	1.717	0.881	0.894	3.534	21.192	1.717	1.742	0	3.534	7.451	0	0	0	0.333	0.221	0	0	0	0.333	0.229	0	0	0	0.333	0.143	0	0	0	0	0	0	0	0	0	0	0.898	0.124
7.793	38.552	5.686	17.037	0	9.702	39.179	9.716	19.955	0.867	2.754	14.033	4.03	5.907	1.826	0.556	0.15	0.667	0.319	1	0.511	0.149	0.644	0.276	0	0.667	0.106	0.333	0.333	0	0.2	0.2	0	0	0	0	0	0	0	0	0.896	0.222
0.964	0	1.766	0	0	0.964	0	1.766	0	0	0	0	0	0	0	0	0	1	0	0	0	0	1	0	0	0	0	0	0	0	0.2	0.333	0.5	0	0.25	0	0	0	0	0	0	0.425
0	0	0	0	4.799	0	0	0	0	4.799	0	0	0	0	1.875	0	0	0	0	0.81	0	0	0	0	0.7	0	0	0	0	1	0.6	0.2	1	0.2	0.2	0	0.2	1	0	0	0	0.792
0	0	9.546	0	6.628	0	0	9.729	0	8.49	0	0	4.175	0	2.839	0	0	0.41	0	0.356	0	0	0.4	0	0.361	0	0	0.167	0	0	0	0	0	0	0.2	0	0	0.2	0	0	0	0.785
3.161	18.794	0	0	0	1.932	22.856	0	0	0	3.056	8.228	0	0	0	0.8	0.32	0	0	0	1	0.261	0	0	0	0.667	0.286	0	0	0	0	0	0.2	0	0.333	0	0	0.4	0	0.333	0	0.377
0.942	0	0	0	0	3.585	0.843	0	0.957	0	2.644	0.843	0	0.957	0	0	0	0	0	0	0	0	0	0	0	0	0	0	0	0	0	0	0	0	0	0	0	0	0	0	0.19	0.340
8.829	0.844	15.396	0.85	2.63	11.57	1.824	18.253	1.707	3.551	2.742	0.979	3.821	0.857	0.92	0.545	1	0.322	1	1	0.515	1	0.316	1	1	0.333	0	0.167	0	0	0	0	0	0	0	0.25	0.6	0.8	0	0	0.415	0.150
1.014	0	11.001	0	1.799	1.014	0	10.007	0	2.64	1.014	0	6.626	0	2.64	0	0	0.407	0	0.333	0	0	0.364	0	0	0	0	0.4	0	0.333	0	0.333	0.333	0.2	0	0	0.333	0.333	0.4	0	0	0.397
0	3.837	12.7	0.871	1.056	0	6.6	12.7	2.747	1.905	0	4.673	0.914	2.747	0.85	0	0.524	0.538	0.667	1	0	0.524	0.462	0.667	1	0	0.2	0	0.667	0	0	0	0.667	0	0	0	0	0.667	0	0.333	0	0.670
0	0	0	0.857	0	0	0	0	3.073	0	0	0	0	0	0	0	0	0	0.333	0	0	0	0	0.333	0	0	0	0	0	0	0	0	0	0	0	0	0	0	0	0	0.715	0.324
0	42.971	0	0	0	0	35.442	0	0	0	0	14.958	0	0	0	0	0.188	0	0	0	0	0.188	0	0	0	0	0.179	0	0	0	0.2	0.778	0.2	0.2	0.6	0	0.222	0.2	0	0	0	0.616
0.842	0	0.857	38.114	0	2.05	1.785	3.073	42.729	0	1.208	0.86	0	4.446	0	1	0	0.333	0.179	0	1	0	0.333	0.159	0	0	0	0	0.167	0	0	0	0	0	0	0	0	0	0.143	0	0.893	0.202
2.193	0	10.005	0	17.037	3.133	0	13.514	0	19.955	0.94	0	6.563	0	5.907	1	0	0.655	0	0.319	0.667	0	0.491	0	0.276	0	0	1	0	0.333	0	0.2	0	0.2	0	0	0	0	0.4	0	0	0.655
0	0	0	0	0	0	0	0	0	0	0	0	0	0	0	0	0	0	0	0	0	0	0	0	0	0	0	0	0	0	0	0	0	0	0	0	0	0	0	0.4	0.197	0.999
2.903	0	0	4.658	0	2.903	0	0	3.728	0	3.178	0	0	0.93	0	0.5	0	0	0.9	0	0.667	0	0	0.833	0	0.333	0	0	0	0	0.25	0.4	0	0.2	0	0	0.4	0	0	0	0	0.470
4.799	0	0	0	0	4.799	0	0	0	0	1.875	0	0	0	0	0.81	0	0	0	0	0.7	0	0	0	0	1	0	0	0	0	0.2	1	1	0.6	0.4	0	1	1	0	0.2	0	0.546
0	-1	0	-1	0	0	-1	0	-1	0	0	-1	0	-1	0	0	-1	0	-1	0	0	-1	0	-1	0	0	-1	0	-1	0	0	-1	0	-1	0	0	-1	0	-1	0	0.899	0.999
0	0	0	0	0	0	0	0	0	0	0	0	0	0	0	0	0	0	0	0	0	0	0	0	0	0	0	0	0	0	0	0	0	0	0	0	0	0	0	0	0	0.420
0	0	-1	0	-1	0	0	-1	0	-1	0	0	-1	0	-1	0	0	-1	0	-1	0	0	-1	0	-1	0	0	-1	0	-1	0	0	-1	0	-1	0.4	0	-1	0	-1	0.899	0.999
0	13.448	0	0.843	0.842	0	9.459	0.861	0.843	0.842	0	8.636	0.861	0.843	0.842	0	0.764	0	0	0	0	0.643	0	0	0	0	0.667	0	0	0	0.2	0.4	0.2	0.111	0	0.4	0.4	0.2	0.444	0.2	0	0.696
0	4.658	2.903	0	0	0	3.728	2.903	0	0	0	0.93	3.178	0.848	0	0	0.9	0.5	0	0	0	0.833	0.667	0	0	0	0	0.333	0	0	0.4	0.2	0.25	0	0	0.4	0	0	0	0	0	0.765
0	0	1.014	3.161	11.001	0	0	1.014	1.932	10.007	0	0	1.014	3.056	6.626	0	0	0	0.8	0.407	0	0	0	1	0.364	0	0	0	0.667	0.4	0.333	0.2	0	0	0.333	0.333	0.4	0	0	0.333	0	0.444
0.871	0	0	0	0	3.534	0.866	0.881	0.881	1.717	3.534	0.866	1.742	0.881	1.717	0.333	0	0	0	0	0.333	0	0	0	0	0.333	0	0	0	0	0	0	0	0	0	0	0	0	0	0	0.718	0.134
6.654	0	0	0	0	3.945	0	0	0	0	7.37	0	0	0	0	0.857	0	0	0	0	0.833	0	0	0	0	0.667	0	0	0	0	1	0.75	0.25	0.4	1	0	0	0	0	0.2	0	0.612
0	3.236	4.58	0	2.783	0	5.039	2.996	0	1.837	0	3.16	5.867	0	3.551	0	0.9	0.429	0	0.8	0	0.8	1	0	1	0	0.667	0.4	0	0.5	0	0.2	0.444	0	0.2	0	0	0.444	0	0	0	0.387
0.852	0	0.851	13.868	2.727	0.852	0	0.851	11.15	3.8	0	0	0.851	4.399	1.919	0	0	0	0.467	1	0	0	0	0.348	0.667	0	0	0	0.167	1	0	0.6	0.333	0	0	0	0.6	0.333	0	0	0	0.563
2.816	0	13.868	0	0	1.841	0	11.15	0	0	1.992	0	4.399	0	0	1	0	0.467	0	0	1	0	0.348	0	0	1	0	0.167	0	0	0.2	0	0	0.75	0.6	0	0	0	0	0.6	0	0.701
9.546	0	6.628	0	0	9.729	0	8.49	0	0	4.175	0	2.839	0	0	0.41	0	0.356	0	0	0.4	0	0.361	0	0	0.167	0	0	0	0	0	0	0.2	0	0	0.2	0	0	0	0	0	0.510
3.236	0	0	8.366	4.58	5.039	0	0	8.155	2.996	3.16	0	0	9.057	5.867	0.9	0	0	0.382	0.429	0.8	0	0	0.429	1	0.667	0	0	0.194	0.4	0.2	0	0	0.4	0.444	0	0	0	0	0.444	0	0.481
0	0	0	0	0	0	0	0	0	0	0	0	0	0	0	0	0	0	0	0	0	0	0	0	0	0	0	0	0	0	0	0	0	0	0	0	0	0	0	0	0.556	0.838
0	2.63	0.849	15.396	0	0	3.551	1.828	18.253	0	0	0.92	0.978	3.821	0	0	1	1	0.322	0	0	1	1	0.316	0	0	0	0	0.167	0	0	0	0.2	0	0	0	0	0.8	0.8	0.2	0	0.305
18.805	0.894	9.506	0	0	21.192	0.894	10.269	1.717	0	7.451	0	3.86	1.717	0	0.221	0	0.455	0	0	0.229	0	0.418	0	0	0.143	0	0.333	0	0	0	0	0	0	0	0	0	0	0	0	0.893	0.253
12.7	0	1.056	3.837	2.912	12.7	0	1.905	6.6	6.677	0.914	0	0.85	4.673	3.765	0.538	0	1	0.524	0.476	0.462	0	1	0.524	0.476	0	0	0	0.2	0.167	0.667	0	0	0	0	0.667	0	0.333	0	0	0	0.567
1.799	11.001	0	1.014	0	2.64	10.007	0	1.014	0	2.64	6.626	0	1.014	0	0.333	0.407	0	0	0	0	0.364	0	0	0	0.333	0.4	0	0	0	0	0.333	0	0	0.75	0	0.333	0	0	0	0	0.416
5.686	7.793	0	38.552	0	9.716	9.702	0.867	39.179	0	4.03	2.754	1.826	14.033	0.901	0.667	0.556	1	0.15	0	0.644	0.511	0	0.149	0	0.333	0.667	0	0.106	0	0	0.2	0	0.2	0	0	0	0	0	0	0.717	0.120
0	18.721	0	0	6.654	0	13.543	0	0	3.945	0	8.497	0	0	7.37	0	0.368	0	0	0.857	0	0.359	0	0	0.833	0	0.25	0	0	0.667	0.4	0	0.75	0.8	1	0	0	0	0.4	0	0	0.675
1.965	0.843	0	0	0	1.104	0.843	0	0.846	0	1.965	0.843	0	0.846	0	1	0	0	0	0	0	0	0	0	0	1	0	0	0	0	0.25	0	0.5	0	0	0	0	0	0	0	0	0.381
0.845	0	0	0	0.843	2.529	0	0.846	0	0.843	1.684	0	0.846	0	0.843	0	0	0	0	0	0	0	0	0	0	0	0	0	0	0	0	0	0	0	0	0	0	0	0	0	0	0.525
0	0	0	0	4.41	0	0	0	0	4.41	0	0	0	0	0	0	0	0	0	0.9	0	0	0	0	0.9	0	0	0	0	0	0	0	0	0	0	0	0	0	0	0	0	0.344
0	0	0	0	0	0	0	0	0	0	0	0	0	0	0	0	0	0	0	0	0	0	0	0	0	0	0	0	0	0	0	0	0	0	0	0	0	0	0	0	0.557	0.751
4.58	0	2.783	3.236	0	2.996	0	1.837	5.039	0	5.867	0	3.551	3.16	0	0.429	0	0.8	0.9	0	1	0	1	0.8	0	0.4	0	0.5	0.667	0	0.444	0	0.2	0.2	0	0.444	0	0	0	0	0	0.396
0	0	2.605	9.506	0	1.828	0	6.344	10.269	0	1.828	0	4.61	3.86	0	1	0	0.476	0.455	0	1	0	0.476	0.418	0	1	0	0.5	0.333	0	0	0	0.2	0	0	0	0	0	0	0.25	0.556	0.216
6.628	9.546	0	0	8.078	8.49	9.729	0	0	8.078	2.839	4.175	0	0	1.901	0.356	0.41	0	0	0.511	0.361	0.4	0	0	0.536	0	0.167	0	0	0	0.2	0	0	0	0.2	0	0.2	0	0	0	0	0.380
4.658	0	0	0	2.903	3.728	0	0	0	2.903	0.93	0.848	0	0	3.178	0.9	0	0	0	0.5	0.833	0	0	0	0.667	0	0	0	0	0.333	0.2	0	0.4	0.25	0.25	0	0	0.4	0	0	0	0.467
0	0	0	0	0	0	0	0	0	0	0	0	0	0	0	0	0	0	0	0	0	0	0	0	0	0	0	0	0	0	0	0	0	0	0	0	0	0	0	0	0.419	0.914
0	0	6.654	18.721	0	0	0	3.945	13.543	0	0	0	7.37	8.497	0	0	0	0.857	0.368	0	0	0	0.833	0.359	0	0	0	0.667	0.25	0	0.75	0.4	1	0	0.25	0	0	0	0	0	0	0.855
0.85	0	0.844	1.774	8.829	1.707	2.865	1.824	3.579	11.57	0.857	2.865	0.979	1.805	2.742	1	0.667	1	0.5	0.545	1	0.667	1	0.5	0.515	0	0.667	0	0	0.333	0	0	0	0	0	0	0	0.6	0	0.25	0.415	0.139
0	0.871	0	0	0.894	0.881	3.534	1.717	0.866	0.894	1.742	3.534	1.717	0.866	0	0	0.333	0	0	0	0	0.333	0	0	0	0	0.333	0	0	0	0	0	0	0	0	0	0	0	0	0	0.116	0.140
0.843	0	1.965	0.845	0	0.843	0.846	1.104	2.529	0	0.843	0.846	1.965	1.684	0	0	0	1	0	0	0	0	0	0	0	0	0	1	0	0	0	0	0.25	0	0.5	0	0	0	0	0	0	0.371
0.849	0	0	2.63	0	1.828	0	0	3.551	0	0.978	0	0	0.92	0	1	0	0	1	0	1	0	0	1	0	0	0	0	0	0	0.2	0	0	0	0	0.8	0	0.2	0	0	0	0.449
0	0	0	0	0	0	0	0	0	0	0	0	0	0	0	0	0	0	0	0	0	0	0	0	0	0	0	0	0	0	0	0	0	0	0	0	0	0	0	0	0	0.332
0	1.799	0	11.001	0	0	2.64	0	10.007	0	0	2.64	0	6.626	0	0	0.333	0	0.407	0	0	0	0	0.364	0	0	0.333	0	0.4	0	0	0	0.75	0.333	0	0	0	0	0.333	0	0	0.466
9.506	18.805	0	0.894	0	10.269	21.192	0	0.894	1.828	3.86	7.451	0	0	1.828	0.455	0.221	0	0	1	0.418	0.229	0	0	1	0.333	0.143	0	0	1	0	0	0	0	0	0	0	0	0	0	0.415	0.402
0.861	0	0	0	1.776	0.861	0	0	0	1.776	0	0	0	0	0	0	0	0	0	1	0	0	0	0	1	0	0	0	0	0	0	0	0	0	0	0	0	0	0.333	0	0.3	0.132
0	2.058	8.366	0.842	0	0	2.058	8.155	0.842	0	0	0	9.057	0.842	0	0	1	0.382	0	0	0	1	0.429	0	0	0	0	0.194	0	0	0.25	0	0.4	0	0	0	0	0	0.2	0	0	0.597
0	0	5.823	0	0	1.099	0	6.83	0	0	1.099	0	3.192	0	0	0	0	0.762	0	0	0	0	0.714	0	0	0	0	0.333	0	0	0	0	0	0	0	0	0	0	0	0	0.296	0.311
0	0	0.845	0.942	0	0	0	2.529	3.585	0.846	0	0	1.684	2.644	0.846	0	0	0	0	0	0	0	0	0	0	0	0	0	0	0	0	0	0	0	0	0	0	0	0	0	0	0.465
2.063	0	0	0.986	0	4.168	0	0	0	0	3.308	0	0	0.986	0	0.5	0	0	0	0	0.5	0	0	0	0	0.333	0	0	0	0	0	0	0	0.333	0	0	0	0	0.333	0	0	0.280
0	5.686	0	7.793	3.974	0.867	9.716	0	9.702	8.591	1.826	4.03	0.901	2.754	5.566	1	0.667	0	0.556	0.639	0	0.644	0	0.511	0.639	0	0.333	0	0.667	0.267	0	0	0	0.2	0	0	0	0	0	0	0.893	0.180
0	1.965	0	0.843	0.916	0	1.104	0	0.843	0	0	1.965	0	0.843	0.916	0	1	0	0	0	0	0	0	0	0	0	1	0	0	0	0.5	0.25	0	0	0.625	0	0	0	0	0.25	0	0.521
0	1.774	0.85	5.488	0.844	2.865	3.579	1.707	9.202	1.824	2.865	1.805	0.857	4.678	0.979	0.667	0.5	1	0.622	1	0.667	0.5	1	0.622	1	0.667	0	0	0.2	0	0	0	0	0	0	0	0	0	0	0.6	0	0.161
1.056	12.7	2.912	0	0	1.905	12.7	6.677	0	0	0.85	0.914	3.765	0	0	1	0.538	0.476	0	0	1	0.462	0.476	0	0	0	0	0.167	0	0	0	0.667	0	0	0	0.333	0.667	0	0	0	0	0.429
0	0.849	0	0	0	0	1.828	0	0	0	0	0.978	0	0	0	0	1	0	0	0	0	1	0	0	0	0	0	0	0	0	0	0.2	0	0	0	0.2	0.8	0	0	0	0	0.326
0	0	0	5.806	0.964	0	0	0	8.101	0.964	0	0	0	3.209	0	0	0	0	0.571	0	0	0	0	0.464	0	0	0	0	0.333	0	0	0.2	0.333	0	0.2	0	0	0	0	0	0	0.429
0	6.628	8.078	9.546	38.114	0	8.49	8.078	9.729	42.729	0	2.839	1.901	4.175	4.446	0	0.356	0.511	0.41	0.179	0	0.361	0.536	0.4	0.159	0	0	0	0.167	0.167	0	0.2	0.2	0	0	0	0	0	0.2	0.143	0	0.722
0	3.161	0	18.794	1.014	0	1.932	0	22.856	1.014	0	3.056	0	8.228	1.014	0	0.8	0	0.32	0	0	1	0	0.261	0	0	0.667	0	0.286	0	0.2	0	0.333	0	0	0.4	0	0.333	0	0	0	0.731
0	0	0	0	0.861	0	0	0	0	0.861	0	0	0	0	0	0	0	0	0	0	0	0	0	0	0	0	0	0	0	0	0	0	0	0	0	0.333	0	0	0	0	0.417	0.285
0	0	0	0	0	0	0	0.957	0	0.843	0	0	0.957	0	0.843	0	0	0	0	0	0	0	0	0	0	0	0	0	0	0	0	0	0	0	0	0	0	0	0	0	0.299	0.547
0	0	0.916	1.965	0.986	0	0	0	1.104	0	0	0	0.916	1.965	0.986	0	0	0	1	0	0	0	0	0	0	0	0	0	1	0	0	0.5	0.625	0.25	0.333	0	0	0.25	0	0.333	0	0.336
0	0	0	2.6	0.871	0.881	0.881	0.866	2.6	3.534	0.881	0.881	0.866	0	3.534	0	0	0	1	0.333	0	0	0	1	0.333	0	0	0	0	0.333	0	0	0	0.2	0	0	0	0	0	0	0.296	0.134
0	0	0	1.799	2.816	0	0	0	2.64	1.841	0	0	0	2.64	1.992	0	0	0	0.333	1	0	0	0	0	1	0	0	0	0.333	1	0.75	0	0	0	0.2	0	0	0	0	0	0	0.518
3.724	0.879	8.031	0	2.804	4.606	3.995	11.308	0	2.804	0.882	3.116	3.277	0	0	0.8	0.333	0.455	0	0.667	0.8	0.333	0.382	0	0.667	0	0.667	0.667	0	0	0	0	0	0	0	0	0	0	0	0	0	0.418
0	0	0	0	0	0	0	0	0	0	0	0	0	0	0	0	0	0	0	0	0	0	0	0	0	0	0	0	0	0	0	0	0	0	0	0	0	0	0	0	0.557	0.626
0	5.806	0	2.804	0	0	8.101	0	2.804	0	0	3.209	0	0	0	0	0.571	0	0.667	0	0	0.464	0	0.667	0	0	0.333	0	0	0	0.2	0	0	0	0.333	0	0	0	0	0	0	0.455
5.488	1.745	1.774	5.528	0	9.202	3.472	3.579	8.396	2.865	4.678	2.571	1.805	2.868	2.865	0.622	0.5	0.5	0.722	0.667	0.622	0.333	0.5	0.722	0.667	0.2	0.333	0	0	0.667	0	0	0	0	0	0	0	0	0	0	0.558	0.222
0	0	4.265	6.654	0	0	0	4.259	3.945	0	0	0	8.13	7.37	0	0	0	0.867	0.857	0	0	0	0.667	0.833	0	0	0	0.667	0.667	0	1	0.25	0.6	1	0.2	0.2	0	0.4	0	0.4	0	0.947
0	0	18.721	0	0	0	0	13.543	0	0	0	0	8.497	0	0	0	0	0.368	0	0	0	0	0.359	0	0	0	0	0.25	0	0	0.8	0.4	0	1	0.4	0.4	0.2	0	1	0	0	0.747
0.851	0.852	2.727	0	0	0.851	0.852	3.8	0	0	0.851	0	1.919	0	0	0	0	1	0	0	0	0	0.667	0	0	0	0	1	0	0	0.333	0	0	0.6	0.2	0.333	0	0	0.6	0	0	0.692
0	0	0	0	0	0	0	0	0	0	0	0	0	0	0	0	0	0	0	0	0	0	0	0	0	0	0	0	0	0	0	0	0	0	0	0	0	0	0	0	0.557	0.961
3.974	0	5.528	0	1.745	8.591	0	8.396	0.867	3.472	5.566	0.901	2.868	1.826	2.571	0.639	0	0.722	1	0.5	0.639	0	0.722	0	0.333	0.267	0	0	0	0.333	0	0	0	0	0	0	0	0	0	0	0.195	0.181
2.63	15.396	0	8.829	0.849	3.551	18.253	0	11.57	1.828	0.92	3.821	0	2.742	0.978	1	0.322	0	0.545	1	1	0.316	0	0.515	1	0	0.167	0	0.333	0	0	0	0	0	0.2	0	0.8	0	0.25	0.8	0.294	0.300
8.078	0	38.114	6.628	0	8.078	0	42.729	8.49	1.785	1.901	0	4.446	2.839	0.86	0.511	0	0.179	0.356	0	0.536	0	0.159	0.361	0	0	0	0.167	0	0	0.2	0	0	0.2	0	0	0	0.143	0	0	0.197	0.514
0	0	0.842	13.448	2.058	0.861	0	0.842	9.459	2.058	0.861	0	0.842	8.636	0	0	0	0	0.764	1	0	0	0	0.643	1	0	0	0	0.667	0	0.2	0.2	0	0.4	0	0.2	0.4	0.2	0.4	0	0	0.543
0.916	0	0.986	0	0	0	0	0	0	0	0.916	0	0.986	0	0	0	0	0	0	0	0	0	0	0	0	0	0	0	0	0	0.625	0	0.333	0.5	0	0.25	0	0.333	0	0	0	0.475
0	0	0	-1	0	0	0	0	-1	0.957	0	0	0	-1	0.957	0	0	0	-1	0	0	0	0	-1	0	0	0	0	-1	0	0	0	0	-1	0	0	0	0	-1	0	0.554	0.998
0	0	0.871	0	0	0.866	0.881	3.534	0.881	0.881	0.866	0.881	3.534	0.881	1.742	0	0	0.333	0	0	0	0	0.333	0	0	0	0	0.333	0	0	0	0	0	0	0	0	0	0	0	0	0.717	0.093
0	0	4.658	1.766	0	0	0	3.728	1.766	0	0.848	0	0.93	0	0	0	0	0.9	1	0	0	0	0.833	1	0	0	0	0	0	0	0	0.25	0.2	0.5	0.4	0	0	0	0	0.4	0	0.702
0	6.654	0	0	4.265	0	3.945	0	0	4.259	0	7.37	0	0	8.13	0	0.857	0	0	0.867	0	0.833	0	0	0.667	0	0.667	0	0	0.667	0.25	1	1	0.75	0.6	0	0	0.2	0	0.4	0	0.689
0	0	0	0	0	0	0	0	0	0	0	0	0	0	0	0	0	0	0	0	0	0	0	0	0	0	0	0	0	0	0	0	0	0	0	0	0	0.333	0	0	0.415	0.163
1.774	5.488	0	1.745	0.85	3.579	9.202	2.865	3.472	1.707	1.805	4.678	2.865	2.571	0.857	0.5	0.622	0.667	0.5	1	0.5	0.622	0.667	0.333	1	0	0.2	0.667	0.333	0	0	0	0	0	0	0	0	0	0	0	0.559	0.151
0	2.783	18.794	4.58	3.161	0	1.837	22.856	2.996	1.932	0	3.551	8.228	5.867	3.056	0	0.8	0.32	0.429	0.8	0	1	0.261	1	1	0	0.5	0.286	0.4	0.667	0	0.2	0	0.444	0	0	0	0	0.444	0	0	0.387
13.868	2.816	0	0	0.852	11.15	1.841	0	0	0.852	4.399	1.992	0	0	0	0.467	1	0	0	0	0.348	1	0	0	0	0.167	1	0	0	0	0	0.2	0.6	0	0	0	0	0.6	0	0	0.298	0.370
0	8.366	3.236	0	0	0	8.155	5.039	0	0	0	9.057	3.16	0	0	0	0.382	0.9	0	0	0	0.429	0.8	0	0	0	0.194	0.667	0	0	0	0.4	0.2	0.25	0	0	0	0	0	0	0	0.835
0	0	3.974	5.686	5.528	0	0.867	8.591	9.716	8.396	0.901	1.826	5.566	4.03	2.868	0	1	0.639	0.667	0.722	0	0	0.639	0.644	0.722	0	0	0.267	0.333	0	0	0	0	0	0	0	0	0	0	0	0.897	0.165
0	0	0	0	0	0	0	0	0	0	0	0	0	0	0	0	0	0	0	0	0	0	0	0	0	0	0	0	0	0	0	0	0	0	0	0	0	0	0	0	0.557	0.994
0	0	0.861	0	0	0	0	0.861	0	0	0	0	0	0	0	0	0	0	0	0	0	0	0	0	0	0	0	0	0	0	0	0	0	0	0	0	0.333	0	0	0	0	0.393
0	2.912	0.879	1.056	3.724	0	6.677	3.995	1.905	4.606	0	3.765	3.116	0.85	0.882	0	0.476	0.333	1	0.8	0	0.476	0.333	1	0.8	0	0.167	0.667	0	0	0	0	0	0	0	0	0	0	0.333	0	0	0.642
0	0	0	0	0	0	0	0	0	0	0	0	0	0	0	0	0	0	0	0	0	0	0	0	0	0	0	0	0	0	0	0	0	0	0	0	0	0	0	0	0.556	0.508
38.114	8.078	0	0	0.842	42.729	8.078	1.785	0	2.05	4.446	1.901	0.86	0	1.208	0.179	0.511	0	0	1	0.159	0.536	0	0	1	0.167	0	0	0	0	0	0.2	0	0	0	0.143	0	0	0	0	0.897	0.334
5.806	2.804	0	8.031	0	8.101	2.804	0	11.308	0	3.209	0	0	3.277	0	0.571	0.667	0	0.455	0	0.464	0.667	0	0.382	0	0.333	0	0	0.667	0	0	0	0.2	0	0	0	0	0	0	0	0	0.685
18.721	0	0	0	0	13.543	0	0	0	0	8.497	0	0	0	0	0.368	0	0	0	0	0.359	0	0	0	0	0.25	0	0	0	0	0	0.8	0.4	0.4	0.75	0	0.4	0	0.2	0	0	0.429
2.727	0.851	0	0.852	42.971	3.8	0.851	0	0.852	35.442	1.919	0.851	0	0	14.958	1	0	0	0	0.188	0.667	0	0	0	0.188	1	0	0	0	0.179	0	0.333	0.2	0	0.778	0	0.333	0	0	0.222	0	0.363
