0	0.918	0	2.926	0	0	0	0	1.79	0	0	0.918	0	1.136	0	0	0	0	1	0	0	0	0	1	0	0	0	0	0	0	1	0.4	0.333	0.4	0.25	1	0.2	1	0.6	0	0	0.998
0	0	0	0	0	0	0	0	0	2.027	0	0	0	0	2.027	0	0	0	0	0	0	0	0	0	0	0	0	0	0	0	0	0	0	0	0	0	0	0	0	0	0.556	0.438
0	0	1.86	0	0	0	0	0.865	0	2.06	0	0	1.86	0	3.973	0	0	1	0	0.5	0	0	0	0	0	0	0	1	0	0.5	0	0	0	0	0	0	0	0	0	0	0.417	0.365
0	0	0	0	0	2.757	1.973	0.978	1.889	0	2.757	1.973	0.978	1.889	0	0.333	0	0	1	0	0.333	0	0	1	0	0.333	0	0	1	0	0	0	0.25	0	0	0.2	0	0.25	0	0	0.118	0.387
0	0	0	0	0	0	0	0	0	0	0	0	0	0	0	0	0	0	0	0	0	0	0	0	0	0	0	0	0	0	0	0	0	0	0	0.333	0	0.667	0.2	0	0.898	0.398
0	0	0	7.749	0	0	0	0	7.749	0	0	0	0	5.999	0	0	0	0	0.607	0	0	0	0	0.5	0	0	0	0	0.467	0	1	0	0.6	0.857	0.333	1	0.8	0.4	1	0.333	0	0.998
0.959	0	0	0	0	0.959	0	1.93	0	0	0.959	0	1.93	0	0	0	0	0	0	0	0	0	0	0	0	0	0	0	0	0	0	0.75	0	0	0.667	0	0.75	0	0	1	0.197	0.327
2.055	0	0	1.927	0	1.921	0.864	0	0.922	0	1.856	0.864	0	1.005	0	0.667	0	0	1	0	1	0	0	0	0	1	0	0	0	0	0	0	0	0	0	0	0	0	0	0	0.718	0.216
5.42	0	1.927	0.883	0	7.145	0	0.922	0	0.864	4.447	0	1.005	0.883	0.864	0.286	0	1	0	0	0.214	0	0	0	0	0.1	0	0	0	0	0	0.2	0	0	0	0.286	0.4	0	0	0	0.418	0.627
0	0	0	0	0	0	0	0	0	0	0	0	0	0	0	0	0	0	0	0	0	0	0	0	0	0	0	0	0	0	0	0	0	0	0	0	0	0	0	0	0.717	0.926
5.58	2.721	13.577	0	3.683	10.447	5.978	19.671	0	4.982	4.839	7.119	9.063	0	6.427	0.622	0.619	0.392	0	0.679	0.556	0.667	0.363	0	0.7	0.5	0.238	0.464	0	0.467	0.667	0.2	0.143	0	0.8	0	0	0	0	0.4	0.893	0.392
0	0	0	0.918	0	0	0	0	0	0	0	0	0	0.918	0	0	0	0	0	0	0	0	0	0	0	0	0	0	0	0	0.333	1	0.25	0.4	1	1	1	0	0.2	1	0	0.760
0.866	2.768	0	3.756	0	0.866	2.768	0	4.732	0	0.866	1.899	0	4.732	0	0	1	0	0.8	0	0	1	0	0.7	0	0	1	0	0.7	0	0	0.222	0	0.286	0	0	0	0	0	0	0.417	0.249
2.742	2.671	7.527	8.879	1.032	9.454	7.959	17.408	17.42	10.396	10.594	11.998	15.582	14.728	9.351	0.578	0.509	0.417	0.35	0.5	0.607	0.714	0.392	0.308	0.444	0.583	0.455	0.385	0.359	0.571	0	0	0.25	0.143	0	0.2	0	0	0.143	0	0	0.654
0	0	2.721	0	5.58	0	0	5.978	0	10.447	0	0	7.119	0	4.839	0	0	0.619	0	0.622	0	0	0.667	0	0.556	0	0	0.238	0	0.5	0	0	0.2	0	0.667	0	0	0	0	0	0.3	0.360
4.534	0	0	0	0	3.537	0	0	0	0	2.784	0	0	0	0	0.8	0	0	0	0	0.667	0	0	0	0	1	0	0	0	0	0.5	0	0	1	0.6	0	0	0	1	0.6	0.718	0.465
0	0	0	0	0	0	0	0	0	0	0	0	0	0	0	0	0	0	0	0	0	0	0	0	0	0	0	0	0	0	0	0	0	0	0	0	0	0	0	0	0.894	0.942
0	1.746	0	0	0	0	0.873	0	0	0	0	1.836	0	0	0	0	0.667	0	0	0	0	0	0	0	0	0	0	0	0	0	0.75	0	1	1	0.4	0	0	0	1	0.6	0	0.571
0.883	0	0	0	5.42	0	0	0	0	7.145	0.883	0	0	0	4.447	0	0	0	0	0.286	0	0	0	0	0.214	0	0	0	0	0.1	0	0	0.2	0	0	0	0	0.4	0	0.286	0.558	0.295
0	0	12.862	0	5.887	0	0	10.698	0	5.887	0	0	8.284	0	4.974	0	0	0.495	0	0.867	0	0	0.582	0	0.867	0	0	0.464	0	0.7	0	0.4	0	0	0.4	0	0	0	0.667	0	0.299	0.393
0	-1	0	-1	0	0	-1	0	-1	0	0	-1	0	-1	0	0	-1	0	-1	0	0	-1	0	-1	0	0	-1	0	-1	0	0	-1	0	-1	0	0.2	-1	0	-1	0	0.899	0.999
0	0	0	0	0	0	0	0	0	0	0	0	0	0	0	0	0	0	0	0	0	0	0	0	0	0	0	0	0	0	0	0	0	0	0	0	0	0	0	0	0.718	0.399
0	0	0	0	0	0	0	0	0	0	0	0	0	0	0	0	0	0	0	0	0	0	0	0	0	0	0	0	0	0	0	0	0	0	0	0	0	0	0	0	0.197	0.662
0.88	0	1.881	0.884	0	0.88	0	2.847	1.907	0	0.88	0	1.926	1.024	0	0	0	0	0	0	0	0	0	0	0	0	0	0	0	0	0	0	0	0	0	0	0	0	0	0	0.897	0.423
0	0	0	0	0	0	0	0	0	0	0	0	0	0	0	0	0	0	0	0	0	0	0	0	0	0	0	0	0	0	0	0	0	0	0	0	0	0	0	0	0.556	0.646
0	0	0	0	0	0	0	0	0	0	0	0	0	0	0	0	0	0	0	0	0	0	0	0	0	0	0	0	0	0	0	0	0	0	0	0	0	0	0	0	0.198	0.940
0	0	0	0	0	0	0	0	0	0	0	0	0	0	0	0	0	0	0	0	0	0	0	0	0	0	0	0	0	0	0.4	0	0	0	0	0.2	0	0	0.333	0.2	0.015	0.452
7.527	2.742	1.032	2.671	6.667	17.408	9.454	10.396	7.959	16.603	15.582	10.594	9.351	11.998	11.548	0.417	0.578	0.5	0.509	0.41	0.392	0.607	0.444	0.714	0.324	0.385	0.583	0.571	0.455	0.578	0.25	0	0	0	0	0	0.2	0	0	0	0	0.388
0	0	0.865	1.881	0	0.966	0	0.865	2.847	0	0.966	0	0	1.926	0	0	0	0	0	0	0	0	0	0	0	0	0	0	0	0	0	0	0	0	0	0	0	0	0	0	0.299	0.269
0	7.749	0	0	0	0	7.749	0	0	0	0	5.999	0	0	0	0	0.607	0	0	0	0	0.5	0	0	0	0	0.467	0	0	0	0	0.857	1	0	0.6	0.8	1	1	0	0.4	0.298	0.512
0	0	0	0	0.995	0	0	0	0	0.995	0	0	0	0	0.995	0	0	0	0	0	0	0	0	0	0	0	0	0	0	0	0.25	0.333	1	1	0.857	0	1	1	1	0.857	0	0.444
13.577	5.58	3.683	2.721	10.78	19.671	10.447	4.982	5.978	17.47	9.063	4.839	6.427	7.119	11.788	0.392	0.622	0.679	0.619	0.375	0.363	0.556	0.7	0.667	0.375	0.464	0.5	0.467	0.238	0.255	0.143	0.667	0.8	0.2	0	0	0	0.4	0	0	0.418	0.286
6.879	6.667	2.781	1.032	0	15.665	16.603	9.846	10.396	4.638	14.77	11.548	9.846	9.351	5.894	0.396	0.41	0.528	0.5	0.5	0.33	0.324	0.528	0.444	0.5	0.385	0.578	0.444	0.571	0.4	0	0	0	0	0	0	0	0	0	0	0.296	0.246
0	0	24.2	0	0	0	0	18.963	0	0.958	0	0	14.483	0	0	0	0	0.219	0	0	0	0	0.316	0	0	0	0	0.181	0	0	0.333	0	0	0	0.6	0.667	0.4	0.4	0.8	0.6	0	0.852
0	0	0	8.599	0	0	0	0	6.493	0	0	0	0	2.973	0	0	0	0	0.689	0	0	0	0	0.714	0	0	0	0	0	0	0.2	0	0.8	0	0	0.8	0	0.4	0	0.667	0	0.609
0	0	1.809	0.967	8.646	0	0	0.868	1.957	7.676	0	0	0.941	1.957	0.971	0	0	1	1	0.778	0	0	0	1	0.821	0	0	0	1	0	0.667	0.4	0	0	0	0.333	0.6	0.2	0.286	0	0	0.665
0	0	0	0	0	1.973	1.889	2.757	4.77	0.978	1.973	1.889	2.757	4.77	0.978	0	1	0.333	0	0	0	1	0.333	0	0	0	1	0.333	0	0	0	0	0	0.5	0.25	0	0	0.2	0.625	0.25	0.417	0.218
0	28.48	0	16.73	0	0	31.531	0	15.637	0	0	10.943	0	10.189	0	0	0.212	0	0.374	0	0	0.186	0	0.367	0	0	0.418	0	0.378	0	0	0.2	0	0	0	0.2	0.8	0	0	0.333	0.299	0.422
0	0	0	0	0	0	0	0	0	0	0	0	0	0	0	0	0	0	0	0	0	0	0	0	0	0	0	0	0	0	0	0	0	0	0	0	0	0	0	0	0.894	0.487
0	0	0.883	5.684	0	0	0	0	4.752	0	0	0	0.883	1.926	0	0	0	0	0.533	0	0	0	0	0.5	0	0	0	0	0	0	0	0	0	0.25	0.2	0	0	0	0	0.4	0.297	0.268
0	0	0	0	0	0	0	0	0	0	0	0	0	0	0	0	0	0	0	0	0	0	0	0	0	0	0	0	0	0	0	0	0	0	0	0.2	0	0	0	0	0.556	0.425
0	24.2	6.522	0	0	0.958	18.963	6.47	0	0	0	14.483	7.83	0	0	0	0.219	0.689	0	0	0	0.316	0.571	0	0	0	0.181	0.607	0	0	0.6	0	0	0.333	0	0.6	0.4	0	0.667	0	0	0.541
0	0	0	0	0	0	0	0	0	0	0	0	0	0	0	0	0	0	0	0	0	0	0	0	0	0	0	0	0	0	0	0	0	0	0	0	0	0	0	0.4	0.893	0.999
0	0	0.959	1.777	0	0	0	0.959	2.684	1.93	0	0	0.959	0.907	1.93	0	0	0	0.333	0	0	0	0	0.333	0	0	0	0	0	0	0.75	0	0	0	0	0.75	0	0	0	0	0.415	0.947
0	0	0	1.746	11.322	0	0	0	0.873	11.322	0	0	0	1.836	1.83	0	0	0	0.667	0.56	0	0	0	0	0.576	0	0	0	0	0	1	0.75	0.4	0	0.2	0	0	0.6	0	0	0	0.995
2.781	6.879	0	6.667	0.973	9.846	15.665	4.638	16.603	6.255	9.846	14.77	5.894	11.548	3.858	0.528	0.396	0.5	0.41	0.6	0.528	0.33	0.5	0.324	0.6	0.444	0.385	0.4	0.578	0.667	0	0	0	0	0	0	0	0	0	0	0.718	0.214
0	0	0	0	0	0	0	0	0	0	0	0	0	0	0	0	0	0	0	0	0	0	0	0	0	0	0	0	0	0	0	0	0	0	0	0.333	0	0	0	0	0.117	0.714
0.995	0	0	0	2.702	0.995	0	0	0	2.702	0.995	0	0	0	0	0	0	0	0	1	0	0	0	0	1	0	0	0	0	0	0.857	1	0.286	0.25	0.6	0.857	1	0.714	0	0	0.299	0.449
0	0	8.599	0	0	0	0	6.493	0	0	0	0	2.973	0	0	0	0	0.689	0	0	0	0	0.714	0	0	0	0	0	0	0	0	1	0	0.4	0	0	1	0	0.2	0	0	0.933
0	0	0	-1	0	0	0	0	-1	0	0	0	0	-1	0	0	0	0	-1	0	0	0	0	-1	0	0	0	0	-1	0	0	0	0	-1	0	0	0.2	0	-1	0	0.415	0.999
3.844	12	1.815	10.78	1.98	7.738	15.403	5.812	17.47	2.885	5.928	15.048	3.933	11.788	3.085	0.75	0.353	0.6	0.375	0.833	0.714	0.362	0.6	0.375	1	0.667	0.242	0.5	0.255	0.667	0	0.2	0	0	0.333	0	0	0	0	0.667	0.42	0.195
1.77	0	2.826	1.86	25.917	3.792	2.06	5.19	0.865	33.414	3.904	3.973	7.501	1.86	24.9	0.8	0.5	0.607	1	0.242	0.833	0	0.7	0	0.208	0.667	0.5	0.619	1	0.217	0	0	0	0	0.8	0	0	0	0	0.4	0	0.373
2.702	0	0	0.995	0	2.702	0	0	0.995	0	0	0	0	0.995	0	1	0	0	0	0	1	0	0	0	0	0	0	0	0	0	0.6	0.286	1	0.857	0	0	0.714	1	0.857	0	0	0.537
1.809	0	8.646	0	4.67	0.868	0	7.676	0	4.67	0.941	0	0.971	0	0	1	0	0.778	0	0.8	0	0	0.821	0	0.7	0	0	0	0	0	0	0.667	0	0.4	1	0.2	0.333	0	0.6	1	0	0.399
0	1.927	2.055	5.42	0	0.864	0.922	1.921	7.145	0	0.864	1.005	1.856	4.447	0	0	1	0.667	0.286	0	0	0	1	0.214	0	0	0	1	0.1	0	0	0	0	0	0	0	0	0	0.286	0	0	0.468
6.667	1.032	6.879	7.527	2.781	16.603	10.396	15.665	17.408	9.846	11.548	9.351	14.77	15.582	9.846	0.41	0.5	0.396	0.417	0.528	0.324	0.444	0.33	0.392	0.528	0.578	0.571	0.385	0.385	0.444	0	0	0	0.25	0	0	0	0	0	0	0.558	0.184
0	1.777	0	0	0.959	0	2.684	0	0	0.959	0	0.907	0	0	0.959	0	0.333	0	0	0	0	0.333	0	0	0	0	0	0	0	0	0	0	0.75	0	0	0	0	0.75	0.2	0	0.197	0.274
0	0	0	0	0	0	0	0	0	0	0	0	0	0	0	0	0	0	0	0	0	0	0	0	0	0	0	0	0	0	0	0	0	0	0	0	0	0	0	0	0.716	0.902
0	2.781	0.973	6.879	0	4.638	9.846	6.255	15.665	3.191	5.894	9.846	3.858	14.77	3.447	0.5	0.528	0.6	0.396	0.5	0.5	0.528	0.6	0.33	0.333	0.4	0.444	0.667	0.385	0.333	0	0	0	0	0	0	0	0	0	0	0.893	0.194
0	5.684	0	7.536	0.883	0	4.752	0	4.464	0	0	1.926	0	4.007	0.883	0	0.533	0	0.75	0	0	0.5	0	0.7	0	0	0	0	0.667	0	0	0.25	0	0.2	0	0	0	0	0	0	0.298	0.486
0	0	0	0	-1	0	0	0	0	-1	0	0	0	0	-1	0	0	0	0	-1	0	0	0	0	-1	0	0	0	0	-1	0	0	0	0	-1	0	0	0.4	0	-1	0.898	0.999
0	0	0	0	0	0	0	0	0	0	0	0	0	0	0	0	0	0	0	0	0	0	0	0	0	0	0	0	0	0	0	0	0	0	0	0	0	0	0	0	0.713	0.476
0	0	0	0	0	0	0	0	0	0	0	0	0	0	0	0	0	0	0	0	0	0	0	0	0	0	0	0	0	0	0	0	0	0	0	0	0.2	0	0	0	0.557	0.344
0	0	0	0	0	0.978	2.757	0	1.973	0	0.978	2.757	0	1.973	0	0	0.333	0	0	0	0	0.333	0	0	0	0	0.333	0	0	0	0.25	0	0	0	0	0.25	0.2	0	0	0	0	0.619
0	0	0	0	0	0	0	0	0	0	0	0	0	0	0	0	0	0	0	0	0	0	0	0	0	0	0	0	0	0	0	0	0	0	0	0	0	0	0	0	0.713	0.636
0	0	-1	0	-1	0	0	-1	0	-1	0	0	-1	0	-1	0	0	-1	0	-1	0	0	-1	0	-1	0	0	-1	0	-1	0	0	-1	0	-1	0.4	0	-1	0	-1	0.899	0.999
8.879	25.917	2.671	2.826	2.742	17.42	33.414	7.959	5.19	9.454	14.728	24.9	11.998	7.501	10.594	0.35	0.242	0.509	0.607	0.578	0.308	0.208	0.714	0.7	0.607	0.359	0.217	0.455	0.619	0.583	0.143	0.8	0	0	0	0.143	0.4	0	0	0.2	0.557	0.273
0	0	0	0	0	0	0	0	0	0	0	0	0	0	0	0	0	0	0	0	0	0	0	0	0	0	0	0	0	0	0	0.6	0	0	0.333	0.8	1	0.4	0	0.667	0	0.530
0	0	0	0	12.862	0	0	0	0	10.698	0	0	0	0	8.284	0	0	0	0	0.495	0	0	0	0	0.582	0	0	0	0	0.464	0.4	0	0	0.8	0	0	0.667	0	0.4	0	0	0.562
0	0	0.995	0	0	0	0	0.995	0	0	0	0	0.995	0	0	0	0	0	0	0	0	0	0	0	0	0	0	0	0	0	1	0.25	0.857	0.333	0.286	1	0	0.857	1	0.714	0	0.996
8.599	0	0	0	0	6.493	0	0	0	0	2.973	0	0	0	0	0.689	0	0	0	0	0.714	0	0	0	0	0	0	0	0	0	0	0	0	1	0.2	0	0	0	1	0.8	0	0.447
2.721	0	5.58	0	13.577	5.978	0	10.447	0	19.671	7.119	0	4.839	0	9.063	0.619	0	0.622	0	0.392	0.667	0	0.556	0	0.363	0.238	0	0.5	0	0.464	0.2	0	0.667	0	0.143	0	0	0	0	0	0.896	0.262
16.73	0	28.48	6.522	0	15.637	0	31.531	6.47	0	10.189	0	10.943	7.83	0	0.374	0	0.212	0.689	0	0.367	0	0.186	0.571	0	0.378	0	0.418	0.607	0	0	0	0.2	0	0	0	0	0.8	0	0.2	0.296	0.203
0	0.866	0	2.768	0	0	0.866	0	2.768	0	0	0.866	0	1.899	0	0	0	0	1	0	0	0	0	1	0	0	0	0	1	0	0	0	0	0.222	0	0	0	0	0	0	0.897	0.578
0	0	0	28.48	0	0	0	0	31.531	0	0	0	0	10.943	0	0	0	0	0.212	0	0	0	0	0.186	0	0	0	0	0.418	0	0	0	0	0.2	0	0	0.2	0.333	0.8	0.667	0.897	0.485
0	0	0	0	0	0	0	0	0	0	0	0	0	0	0	0	0	0	0	0	0	0	0	0	0	0	0	0	0	0	0	0	0	0	0	0	0	0	0.2	0	0.557	0.369
0	0	0	11.322	8.599	0	0	0	11.322	6.493	0	0	0	1.83	2.973	0	0	0	0.56	0.689	0	0	0	0.576	0.714	0	0	0	0	0	1	0.4	0	0.2	0	1	0.2	0	0	0	0	1.000
0	0	0	2.055	0	0	0	0	1.921	0	0	0	0	1.856	0	0	0	0	0.667	0	0	0	0	1	0	0	0	0	1	0	0	0	0	0	0	0	0	0	0	0	0.557	0.297
8.646	1.809	4.67	0	0	7.676	0.868	4.67	0	0	0.971	0.941	0	0	0	0.778	1	0.8	0	0	0.821	0	0.7	0	0	0	0	0	0	0	0	0	1	0.667	1	0	0.2	1	0.333	1	0	0.325
0	0.884	0.88	0	1.881	0	1.907	0.88	0	2.847	0	1.024	0.88	0	1.926	0	0	0	0	0	0	0	0	0	0	0	0	0	0	0	0	0	0	0	0	0	0	0	0	0	0.896	0.496
0	0	0	0	0	0	0	0	0	0	0	0	0	0	0	0	0	0	0	0	0	0	0	0	0	0	0	0	0	0	0	0	0	0	0	0	0	0	0	0	0.717	0.385
0	0	0	0	0	0	0	0	0	0	0	0	0	0	0	0	0	0	0	0	0	0	0	0	0	0	0	0	0	0	0	0	0	0	0	0	0	0	0	0	0.298	0.810
7.749	0	0	0	0	7.749	0	0	0	0	5.999	0	0	0	0	0.607	0	0	0	0	0.5	0	0	0	0	0.467	0	0	0	0	0.857	0	0	0	1	1	0	0.8	0.667	1	0.557	0.538
1.777	0	0	0	0	2.684	0	0	0	0	0.907	0	0	0	0	0.333	0	0	0	0	0.333	0	0	0	0	0	0	0	0	0	0	0	0	0	0.75	0	0.2	0	0	0.75	0.713	0.296
1.881	0.88	0	0	0	2.847	0.88	0	0	0.966	1.926	0.88	0	0	0.966	0	0	0	0	0	0	0	0	0	0	0	0	0	0	0	0	0	0	0	0	0	0	0	0	0	0.296	0.175
0	0	0	0	1.777	0	0	0	0	2.684	0	0	0	0	0.907	0	0	0	0	0.333	0	0	0	0	0.333	0	0	0	0	0	0	0.4	0	0	0	0	0.2	0.2	0	0	0.554	0.343
0	0	0	0	0	4.77	3.93	1.889	0.981	1.973	4.77	3.93	1.889	0.981	1.973	0	0.167	1	0	0	0	0.167	1	0	0	0	0.167	1	0	0	0.5	0	0	0	0	0.625	0.111	0	0	0	0.3	0.683
28.48	16.73	0	0	0	31.531	15.637	0	0	0	10.943	10.189	0	0	0	0.212	0.374	0	0	0	0.186	0.367	0	0	0	0.418	0.378	0	0	0	0.2	0	0	0	0	0.8	0	0.2	0	0	0.198	0.363
0	0	0	0	0	0	0	0	0	0	0	0	0	0	0	0	0	0	0	0	0	0	0	0	0	0	0	0	0	0	0	0	0	0	0	0	0	0	0.333	0	0	0.731
0	0	0	0	0	0	0	0	0	0	0	0	0	0	0	0	0	0	0	0	0	0	0	0	0	0	0	0	0	0	0	0	0	0	0	0	0	0	0	0	0.898	0.582
0	0	1.777	0	0	0	0	2.684	0	0	0	0	0.907	0	0	0	0	0.333	0	0	0	0	0.333	0	0	0	0	0	0	0	0	0	0	0.4	0	0.2	0	0	0.2	0	0.556	0.358
0	0	4.534	2.702	0	0	0	3.537	2.702	0	0	0	2.784	0	0	0	0	0.8	1	0	0	0	0.667	1	0	0	0	1	0	0	0	1	0.5	0.6	0	0	1	0	0	0	0	0.939
0	0	7.749	0	0	0	0	7.749	0	0	0	0	5.999	0	0	0	0	0.607	0	0	0	0	0.5	0	0	0	0	0.467	0	0	0	0	0.857	0	0	0	0.667	1	0.333	0.8	0.299	0.365
0	0	0	0	0	0	0	0	0	0	0	0	0	0	0	0	0	0	0	0	0	0	0	0	0	0	0	0	0	0	0	0	0	0	0	0	0	0	0	0	0.117	0.911
0	2.055	0	0	0	0	1.921	0	0.864	0	0	1.856	0	0.864	0	0	0.667	0	0	0	0	1	0	0	0	0	1	0	0	0	0	0	0	0	0	0	0	0	0	0	0.198	0.260
0	0	0	0	1.86	0	0	0	0	0.865	0	0	0	0	1.86	0	0	0	0	1	0	0	0	0	0	0	0	0	0	1	0	0	0	0	0	0	0	0	0	0	0.554	0.232
4.67	8.646	0	1.809	2.926	4.67	7.676	0	0.868	1.79	0	0.971	0	0.941	1.136	0.8	0.778	0	1	1	0.7	0.821	0	0	1	0	0	0	0	0	1	0	1	0	0.4	1	0	1	0.2	0.6	0	0.448
0	0	0	0	0	0	0	0	0.978	0	0	0	0	0.978	0	0	0	0	0	0	0	0	0	0	0	0	0	0	0	0	0	0	0	0.25	0	0	0	0.333	0.25	0	0.42	0.342
0	0	0	0	0	0	0	0	0	0	0	0	0	0	0	0	0	0	0	0	0	0	0	0	0	0	0	0	0	0	0	0	0	0	0	0	0	0	0	0	0.12	0.785
0.884	0	0	0	0.88	1.907	0	0	0	0.88	1.024	0	0	0	0.88	0	0	0	0	0	0	0	0	0	0	0	0	0	0	0	0	0	0	0.667	0	0	0	0	1	0	0.718	0.388
0	0	0	0	0	0	0	0	0	0	0	0	0	0	0	0	0	0	0	0	0	0	0	0	0	0	0	0	0	0	0	0	0	0	0	0	0.333	0	0	0	0	0.708
0	0	7.536	0	5.684	0	0	4.464	0	4.752	0	0	4.007	0	1.926	0	0	0.75	0	0.533	0	0	0.7	0	0.5	0	0	0.667	0	0	0.4	0.6	0.2	0	0.25	0.4	0.6	0	0	0	0	0.725
2.768	3.756	0.866	5.887	0	2.768	4.732	0.866	5.887	0	1.899	4.732	0.866	4.974	0	1	0.8	0	0.867	0	1	0.7	0	0.867	0	1	0.7	0	0.7	0	0.222	0.286	0	0.4	0	0	0	0	0	0	0.72	0.254
0	0	0	0	0	0	0	2.027	0	0.981	0	0	2.027	0	0.981	0	0	0	0	0	0	0	0	0	0	0	0	0	0	0	0	0	0	0	0	0	0	0	0	0	0	0.419
2.826	1.77	25.917	0	8.879	5.19	3.792	33.414	2.06	17.42	7.501	3.904	24.9	3.973	14.728	0.607	0.8	0.242	0.5	0.35	0.7	0.833	0.208	0	0.308	0.619	0.667	0.217	0.5	0.359	0	0	0.8	0	0.143	0	0	0.4	0	0.143	0.298	0.273
0.865	0	0	0	0	0.865	0.966	0	0	0	0	0.966	0	0	0	0	0	0	0	0	0	0	0	0	0	0	0	0	0	0	0	0	0	0	0.6	0	0	0	0	1	0.42	0.385
0	11.322	0	0	0	0	11.322	0	0	0	0	1.83	0	0	0	0	0.56	0	0	0	0	0.576	0	0	0	0	0	0	0	0	0.4	0.2	1	0.4	0	0.2	0	1	0.6	0	0	0.487
0	0	0	0	2.721	0	0	0	0	5.978	0	0	0	0	7.119	0	0	0	0	0.619	0	0	0	0	0.667	0	0	0	0	0.238	0	0	0	0	0.2	0	0	0	0	0	0.12	0.393
12.862	0	5.887	0	3.756	10.698	0	5.887	0	4.732	8.284	0	4.974	0	4.732	0.495	0	0.867	0	0.8	0.582	0	0.867	0	0.7	0.464	0	0.7	0	0.7	0	0	0.4	0.4	0.286	0	0	0	0	0	0	0.290
0	0.973	0	0	0	3.191	6.255	0	4.638	0	3.447	3.858	0	5.894	0	0.5	0.6	0	0.5	0	0.333	0.6	0	0.5	0	0.333	0.667	0	0.4	0	0	0	0	0	0	0	0	0	0	0	0.556	0.300
11.322	0	0	0	0	11.322	0	0	0	0	1.83	0	0	0	0	0.56	0	0	0	0	0.576	0	0	0	0	0	0	0	0	0	0.2	0.4	0.4	1	1	0	0.6	0.2	0	1	0	0.277
3.756	5.887	2.768	12.862	0.866	4.732	5.887	2.768	10.698	0.866	4.732	4.974	1.899	8.284	0.866	0.8	0.867	1	0.495	0	0.7	0.867	1	0.582	0	0.7	0.7	1	0.464	0	0.286	0.4	0.222	0	0	0	0	0	0	0	0.716	0.229
0	0	0.884	0	0	0	0	1.907	1.93	0	0	0	1.024	1.93	0	0	0	0	0	0	0	0	0	0	0	0	0	0	0	0	0	0.667	0	0	0	0	1	0	0	0	0.294	0.981
0	1.86	1.77	0	2.826	2.06	0.865	3.792	0	5.19	3.973	1.86	3.904	0	7.501	0.5	1	0.8	0	0.607	0	0	0.833	0	0.7	0.5	1	0.667	0	0.619	0	0	0	0	0	0	0	0	0	0	0	0.283
12	10.78	3.844	3.683	1.815	15.403	17.47	7.738	4.982	5.812	15.048	11.788	5.928	6.427	3.933	0.353	0.375	0.75	0.679	0.6	0.362	0.375	0.714	0.7	0.6	0.242	0.255	0.667	0.467	0.5	0.2	0	0	0.8	0	0	0	0	0.4	0	0	0.298
6.522	0	0	24.2	16.73	6.47	0.958	0	18.963	15.637	7.83	0	0	14.483	10.189	0.689	0	0	0.219	0.374	0.571	0	0	0.316	0.367	0.607	0	0	0.181	0.378	0	0.6	0	0	0	0	0.6	0	0.4	0	0	0.230
0	0	0	0	0	0	0	0	0	0	0	0	0	0	0	0	0	0	0	0	0	0	0	0	0	0	0	0	0	0	0	0	0	0	0	0	0	0.333	0	0	0.417	0.705
5.684	7.536	0	0	0	4.752	4.464	0	0	0	1.926	4.007	0	0	0	0.533	0.75	0	0	0	0.5	0.7	0	0	0	0	0.667	0	0	0	0.25	0.2	0	0.4	0	0	0	0	0.4	0	0	0.411
0	0	0	0	0	0	0.978	0	2.757	0	0	0.978	0	2.757	0	0	0	0	0.333	0	0	0	0	0.333	0	0	0	0	0.333	0	0	0.25	0	0	0	0	0.25	0	0.2	0.333	0	0.385
0	0	0	0	0	0	0	0	0	0	0	0	0	0	0	0	0	0	0	0	0	0	0	0	0	0	0	0	0	0	0	0	0	0	0	0	0	0	0	0	0.055	0.884
0	0.995	2.702	0	0	0	0.995	2.702	0	0	0	0.995	0	0	0	0	0	1	0	0	0	0	1	0	0	0	0	0	0	0	0.286	0.857	0.6	1	1	0.714	0.857	0	1	1	0.716	0.709
0	4.67	2.926	8.646	0.918	0	4.67	1.79	7.676	0	0	0	1.136	0.971	0.918	0	0.8	1	0.778	0	0	0.7	1	0.821	0	0	0	0	0	0	1	1	0.4	0	0.4	1	1	0.6	0	0.2	0	0.996
7.536	0	5.684	0	0	4.464	0	4.752	0	0	4.007	0	1.926	0	0	0.75	0	0.533	0	0	0.7	0	0.5	0	0	0.667	0	0	0	0	0.2	0.4	0.25	0.6	0	0	0.4	0	0.6	0	0.296	0.271
1.032	7.527	6.667	2.742	6.879	10.396	17.408	16.603	9.454	15.665	9.351	15.582	11.548	10.594	14.77	0.5	0.417	0.41	0.578	0.396	0.444	0.392	0.324	0.607	0.33	0.571	0.385	0.578	0.583	0.385	0	0.25	0	0	0	0	0	0	0.2	0	0	0.214
2.671	8.879	2.742	25.917	7.527	7.959	17.42	9.454	33.414	17.408	11.998	14.728	10.594	24.9	15.582	0.509	0.35	0.578	0.242	0.417	0.714	0.308	0.607	0.208	0.392	0.455	0.359	0.583	0.217	0.385	0	0.143	0	0.8	0.25	0	0.143	0.2	0.4	0	0.417	0.225
0	0	0	0	0	0	0	0	0	0	0	0	0	0	0	0	0	0	0	0	0	0	0	0	0	0	0	0	0	0	0	0	0	0	0	0	0	0	0	0	0.897	0.969
0.973	0	0	2.781	0	6.255	4.638	3.191	9.846	0	3.858	5.894	3.447	9.846	0	0.6	0.5	0.5	0.528	0	0.6	0.5	0.333	0.528	0	0.667	0.4	0.333	0.444	0	0	0	0	0	0	0	0	0	0	0	0.894	0.190
0	0	0	0	0	0	0	0	0	0	0	0	0	0	0	0	0	0	0	0	0	0	0	0	0	0	0	0	0	0	0	0	0	0	0	0	0	0	0	0	0.557	0.867
0	0	0	0	0	0.981	2.027	3.93	0	4.77	0.981	2.027	3.93	0	4.77	0	0	0.167	0	0	0	0	0.167	0	0	0	0	0.167	0	0	0	0	0	0	0.5	0	0	0.111	0	0.625	0	0.315
0	0	0	4.534	7.536	0	0	0	3.537	4.464	0	0	0	2.784	4.007	0	0	0	0.8	0.75	0	0	0	0.667	0.7	0	0	0	1	0.667	0.6	0	0.4	0.5	0.2	0.6	0	0.4	0	0	0	0.762
0	0	0	0.959	0.884	0	1.93	0	0.959	1.907	0	1.93	0	0.959	1.024	0	0	0	0	0	0	0	0	0	0	0	0	0	0	0	0.667	0	0	0	0	1	0	0	0	0	0.117	0.894
0	0	0	0	0	0	0	0	0	0	0	0	0	0	0	0	0	0	0	0	0	0	0	0	0	0	0	0	0	0	0	0	0	0	0	0	0	0	0	0	0.893	0.999
0	0.883	5.42	0	1.927	0	0	7.145	0	0.922	0	0.883	4.447	0	1.005	0	0	0.286	0	1	0	0	0.214	0	0	0	0	0.1	0	0	0.2	0	0	0	0	0.4	0	0.286	0	0	0.056	0.503
0	0	11.322	0	0	0	0	11.322	0	0	0	0	1.83	0	0	0	0	0.56	0	0	0	0	0.576	0	0	0	0	0	0	0	0.4	1	0.2	0.75	0.4	0.6	0	0	0	0.2	0	0.513
0	0	0	0	1.746	0	0	0	0	0.873	0	0	0	0	1.836	0	0	0	0	0.667	0	0	0	0	0	0	0	0	0	0	0.333	0.6	1	1	0	0.333	0.4	1	1	0	0	0.586
0	0	1.746	0	0	0	0	0.873	0	0	0	0	1.836	0	0	0	0	0.667	0	0	0	0	0	0	0	0	0	0	0	0	1	0.333	0	0.6	0.75	1	0.333	0	0.4	0	0	0.997
0	1.881	0	0.88	0.865	0	2.847	0.966	0.88	0.865	0	1.926	0.966	0.88	0	0	0	0	0	0	0	0	0	0	0	0	0	0	0	0	0	0	0	0	0	0	0	0	0	0	0.896	0.315
0	6.522	16.73	0	28.48	0	6.47	15.637	0.958	31.531	0	7.83	10.189	0	10.943	0	0.689	0.374	0	0.212	0	0.571	0.367	0	0.186	0	0.607	0.378	0	0.418	0	0	0	0.6	0.2	0	0	0	0.6	0.8	0	0.639
0	0	0	0.865	0	0	0	0	0.865	0	0	0	0	0	0	0	0	0	0	0	0	0	0	0	0	0	0	0	0	0	0.6	0	0	0	0	1	0	0.8	0	0.4	0.298	0.650
0	0	0	0	0	1.889	4.77	1.973	3.93	2.757	1.889	4.77	1.973	3.93	2.757	1	0	0	0.167	0.333	1	0	0	0.167	0.333	1	0	0	0.167	0.333	0	0.5	0	0	0	0	0.625	0	0.111	0.2	0	0.491
1.815	3.844	1.98	12	0.967	5.812	7.738	2.885	15.403	1.957	3.933	5.928	3.085	15.048	1.957	0.6	0.75	0.833	0.353	1	0.6	0.714	1	0.362	1	0.5	0.667	0.667	0.242	1	0	0	0.333	0.2	0	0	0	0.667	0	0.286	0	0.230
0	0	0	0	0	0	0	0	0	0	0	0	0	0	0	0	0	0	0	0	0	0	0	0	0	0	0	0	0	0	0	0.8	0.4	0.2	0	0.667	0.4	0	0.8	0	0	0.267
5.887	12.862	3.756	0	2.768	5.887	10.698	4.732	0	2.768	4.974	8.284	4.732	0	1.899	0.867	0.495	0.8	0	1	0.867	0.582	0.7	0	1	0.7	0.464	0.7	0	1	0.4	0	0.286	0	0.222	0	0	0	0	0	0	0.265
0	8.599	0	0	0	0	6.493	0	0	0	0	2.973	0	0	0	0	0.689	0	0	0	0	0.714	0	0	0	0	0	0	0	0	0	0	0.2	0	0.8	0	0	0.8	0	0.4	0	0.252
0	2.702	0	0	4.534	0	2.702	0	0	3.537	0	0	0	0	2.784	0	1	0	0	0.8	0	1	0	0	0.667	0	0	0	0	1	1	0.6	0	0.286	0.5	1	0	0	0.714	0	0	0.992
0	0	0	0	0	0	0	0	0	0	0	0	0	0	0	0	0	0	0	0	0	0	0	0	0	0	0	0	0	0	0	0	0	0	0	0	0	0	0	0	0.72	0.515
0	0	0	0	24.2	0	0	0	0	18.963	0	0	0	0	14.483	0	0	0	0	0.219	0	0	0	0	0.316	0	0	0	0	0.181	0	0	0.333	0.6	0	0.4	0.8	0.667	1	0.4	0.299	0.805
0	0	0	0	0	0	0	0	3.191	0	0	0	0	3.447	0	0	0	0	0.5	0	0	0	0	0.333	0	0	0	0	0.333	0	0	0	0	0	0	0	0	0	0	0.2	0.899	0.314
2.926	0	0.918	4.67	0	1.79	0	0	4.67	0	1.136	0	0.918	0	0	1	0	0	0.8	0	1	0	0	0.7	0	0	0	0	0	0	0.4	1	0.4	1	1	0.6	1	0.2	1	1	0	0.641
1.86	0	0	0	1.77	0.865	0	2.06	0	3.792	1.86	0	3.973	0	3.904	1	0	0.5	0	0.8	0	0	0	0	0.833	1	0	0.5	0	0.667	0	0	0	0	0	0	0	0	0	0	0	0.534
3.683	13.577	10.78	5.58	12	4.982	19.671	17.47	10.447	15.403	6.427	9.063	11.788	4.839	15.048	0.679	0.392	0.375	0.622	0.353	0.7	0.363	0.375	0.556	0.362	0.467	0.464	0.255	0.5	0.242	0.8	0.143	0	0.667	0.2	0.4	0	0	0	0	0.298	0.475
0	0	0	0	0	0	0	0	0	0	0	0	0	0	0	0	0	0	0	0	0	0	0	0	0	0	0	0	0	0	0	0	0.4	0	0	0	0.333	0.2	0	0	0	0.382
0	0	0	0	0	0	0	0	0	0	0	0	0	0	0	0	0	0	0	0	0	0	0	0	0	0	0	0	0	0	0	0	0	0	0	0	0	0	0	0	0.893	0.591
0	0	0	0	0	0	0	0	0	0	0	0	0	0	0	0	0	0	0	0	0	0	0	0	0	0	0	0	0	0	0	0	0	0	0	0	0	0	0	0	0.713	0.839
0	0	0	0	0	0	0	0	0	0	0	0	0	0	0	0	0	0	0	0	0	0	0	0	0	0	0	0	0	0	0	0	0	0	0	0	0	0	0.2	0	0.116	0.727
0	0	0	0	0	0	0	0	0	0	0	0	0	0	0	0	0	0	0	0	0	0	0	0	0	0	0	0	0	0	0	0	0	0	0	0	0	0	0	0	0.419	0.734
0	0	0	0	0	3.93	0.981	4.77	2.027	1.889	3.93	0.981	4.77	2.027	1.889	0.167	0	0	0	1	0.167	0	0	0	1	0.167	0	0	0	1	0	0	0.5	0	0	0.111	0	0.625	0	0	0.556	0.271
1.98	1.815	0.967	3.844	0	2.885	5.812	1.957	7.738	0	3.085	3.933	1.957	5.928	0	0.833	0.6	1	0.75	0	1	0.6	1	0.714	0	0.667	0.5	1	0.667	0	0.333	0	0	0	0.4	0.667	0	0.286	0	0.6	0	0.643
0	0	0	0	0	0	0	0	0	0	0	0	0	0	0	0	0	0	0	0	0	0	0	0	0	0	0	0	0	0	0	0	0	0	0	0	0	0	0	0	0.893	0.918
0.918	2.926	0	0	0	0	1.79	0	0	0	0.918	1.136	0	0	0	0	1	0	0	0	0	1	0	0	0	0	0	0	0	0	0.4	0.4	1	1	0.333	0.2	0.6	1	1	1	0	0.543
0	0	0	0	0	0	0	0	0	0	0	0	0	0	0	0	0	0	0	0	0	0	0	0	0	0	0	0	0	0	0.8	0.2	0	0	0.4	0.4	0.8	0.667	0	0	0	0.840
0	0	0	0	0	0	0	0	0	0	0	0	0	0	0	0	0	0	0	0	0	0	0	0	0	0	0	0	0	0	0	0	0	0	0	0	0	0	0	0	0.294	0.950
0	0.967	0	1.98	1.809	0	1.957	0	2.885	0.868	0	1.957	0	3.085	0.941	0	1	0	0.833	1	0	1	0	1	0	0	1	0	0.667	0	0.4	0	0.667	0.333	0	0.6	0.286	0.333	0.667	0.2	0	0.738
24.2	0	0	0	6.522	18.963	0	0.958	0	6.47	14.483	0	0	0	7.83	0.219	0	0	0	0.689	0.316	0	0	0	0.571	0.181	0	0	0	0.607	0	0.333	0.6	0	0	0.4	0.667	0.6	0.4	0	0.117	0.293
1.927	5.42	0	0	2.055	0.922	7.145	0.864	0	1.921	1.005	4.447	0.864	0	1.856	1	0.286	0	0	0.667	0	0.214	0	0	1	0	0.1	0	0	1	0	0	0	0.2	0	0	0.286	0	0.4	0	0	0.315
25.917	2.826	8.879	1.77	2.671	33.414	5.19	17.42	3.792	7.959	24.9	7.501	14.728	3.904	11.998	0.242	0.607	0.35	0.8	0.509	0.208	0.7	0.308	0.833	0.714	0.217	0.619	0.359	0.667	0.455	0.8	0	0.143	0	0	0.4	0	0.143	0	0	0.42	0.439
0	0	0	0	0	0	0	0	0	0	0	0	0	0	0	0	0	0	0	0	0	0	0	0	0	0	0	0	0	0	0	0	0	0	0.4	0.333	0	0	0	0.2	0.198	0.273
0	0	0	0	0	0	0	0	0	0	0	0	0	0	0	0	0	0	0	0	0	0	0	0	0	0	0	0	0	0	0	0	0	0	0	0	0	0.2	0	0	0.419	0.325
0	0	0	0	0	0	0	0	0	0	0	0	0	0	0	0	0	0	0	0	0	0	0	0	0	0	0	0	0	0	0	0	0	0	0	0	0	0	0	0.333	0.197	0.669
0	0.865	0	0	0	0	0.865	0	0.966	0	0	0	0	0.966	0	0	0	0	0	0	0	0	0	0	0	0	0	0	0	0	0	0	0.6	0	0	0	0	1	0	0.8	0.897	0.441
1.746	0	0	0	0	0.873	0	0	0	0	1.836	0	0	0	0	0.667	0	0	0	0	0	0	0	0	0	0	0	0	0	0	0	1	0.75	0.333	1	0	1	0	0.333	0	0.2	0.280
10.78	3.683	12	13.577	3.844	17.47	4.982	15.403	19.671	7.738	11.788	6.427	15.048	9.063	5.928	0.375	0.679	0.353	0.392	0.75	0.375	0.7	0.362	0.363	0.714	0.255	0.467	0.242	0.464	0.667	0	0.8	0.2	0.143	0	0	0.4	0	0	0	0.018	0.287
0.967	1.98	0	1.815	0	1.957	2.885	0	5.812	0	1.957	3.085	0	3.933	0	1	0.833	0	0.6	0	1	1	0	0.6	0	1	0.667	0	0.5	0	0	0.333	0.4	0	0.667	0.286	0.667	0.6	0	0.333	0.196	0.280
0	0.959	0	0	0	1.93	0.959	0	0	0	1.93	0.959	0	0	0	0	0	0	0	0	0	0	0	0	0	0	0	0	0	0	0	0	0.667	0.75	0	0	0	1	0.75	0	0.559	0.304
0	0	0	0	0	2.027	0	0.981	0	3.93	2.027	0	0.981	0	3.93	0	0	0	0	0.167	0	0	0	0	0.167	0	0	0	0	0.167	0	0	0	0	0	0	0	0	0	0.111	0	0.405
0	0	0	0	0	0	0	0	0	0	0	0	0	0	0	0	0	0	0	0	0	0	0	0	0	0	0	0	0	0	0	0	0	0	0	0	0	0	0	0	0.117	0.576
0	0	0	0.973	0	0	3.191	0	6.255	0	0	3.447	0	3.858	0	0	0.5	0	0.6	0	0	0.333	0	0.6	0	0	0.333	0	0.667	0	0	0	0	0	0	0	0	0	0	0	0.897	0.239
0	0	0	0	0	0	0	0	0	0	0	0	0	0	0	0	0	0	0	0	0	0	0	0	0	0	0	0	0	0	0	0	0	0	0	0	0	0	0	0	0.297	0.762
0	0	0	0	0	0	0	0	0	0	0	0	0	0	0	0	0	0	0	0	0	0	0	0	0	0	0	0	0	0	0.6	1	0.333	0	1	0.4	1	0.333	0.8	1	0	0.681
0	0	0	0.866	0	0	0	0	0.866	0	0	0	0	0.866	0	0	0	0	0	0	0	0	0	0	0	0	0	0	0	0	0	0	0	0	0	0	0	0	0	0	0.897	0.579
0	4.534	0	0	0	0	3.537	0	0	0	0	2.784	0	0	0	0	0.8	0	0	0	0	0.667	0	0	0	0	1	0	0	0	0	0.5	0.6	0	0.4	0	0	0.6	0	0.4	0.417	0.361
0	0	0	0	7.749	0	0	0	0	7.749	0	0	0	0	5.999	0	0	0	0	0.607	0	0	0	0	0.5	0	0	0	0	0.467	0	0	0	0	0.857	0.667	0.333	0	0	1	0.417	0.657
