0	0	0	0	0	0	0	0	0	0	0	0	0	0	0	0	0	0	0	0	0	0	0	0	0	0	0	0	0	0	1	0.4	0.75	0	0.8	1	0.2	0	0	0.2	0	0.994
0	0	11.165	6.606	0	0	0	11.165	4.656	0	0	0	3.033	1.95	0	0	0	0.945	0.571	0	0	0	0.927	0.9	0	0	0	0.333	0	0	0.25	0	0	0	0.2	0.25	0	0.2	0.667	0	0	0.530
3.006	1.069	24.877	7.468	0.85	4.89	2.317	29.282	10.513	0.85	1.884	1.247	7.552	4.937	0	0.7	1	0.345	0.4	0	0.7	1	0.343	0.4	0	0	0	0.19	0.1	0	0	0	0	0	0	0	0	0.2	0	0	0.717	0.344
0	0	0	0	3.783	0	0	0	0	3.783	0	0	0	0	2.057	0	0	0	0	0.333	0	0	0	0	0.333	0	0	0	0	0	0	0.8	0	0	0	0	1	0	0.8	0	0	0.706
2.829	0.874	0.902	3.773	3.856	5.828	0.874	3.155	6.249	7.944	3.954	0.874	3.155	5.368	5.243	0.867	0	1	0.8	0.714	0.867	0	1	0.8	0.714	0.667	0	0.667	0.5	0.4	0	0.2	0.6	0.2	0	0	0	1	0	0	0	0.574
0	0	0	10.1	0.968	0	0	0	11.008	0.968	0	0	0	4.169	0.968	0	0	0	0.818	0	0	0	0	0.818	0	0	0	0	0.667	0	0	0.333	0	0	0	0	0	0	0	0	0	0.646
0	0	0	12.856	8.314	0	0	0	15.925	7.351	0	0	0	8.958	2.689	0	0	0	0.608	0.822	0	0	0	0.608	0.929	0	0	0	0.278	0.333	0	0	0	0.2	0	0.4	0	0	0.8	0.333	0	0.750
0	0	0	0	0	0	0	0	0	0	0	0	0	0	0	0	0	0	0	0	0	0	0	0	0	0	0	0	0	0	0.2	0	0	0	0	0	0.2	0.667	0	0.2	0	0.542
0	0	1.734	2.658	0	0	0	1.734	2.658	0	0	0	0	0	0	0	0	1	1	0	0	0	1	1	0	0	0	0	0	0	1	0	0	0	0	0	0	0	0	0	0	0.991
0	0	0	1.959	0	0	0	0	5.026	0	0	0	0	3.067	0	0	0	0	0.8	0	0	0	0	0.8	0	0	0	0	0.333	0	0	0	0.5	0	0	0	0	0	0	0.5	0.893	0.428
0	0	0	0	0	0	0	0	0	0	0	0	0	0	0	0	0	0	0	0	0	0	0	0	0	0	0	0	0	0	0.5	0	0	0	0	0	0	0.5	0	0	0.718	0.963
0	-1	0	-1	0	0	-1	0	-1	0	0	-1	0	-1	0	0	-1	0	-1	0	0	-1	0	-1	0	0	-1	0	-1	0	0	-1	0	-1	0	0	-1	0	-1	0	0.899	0.998
0	0	0	0	0	0	0	0	0	0	0	0	0	0	0	0	0	0	0	0	0	0	0	0	0	0	0	0	0	0	0	0	0	0	0	0	0.2	0	0	0	0.557	0.548
0	0	22.886	2.591	0	1.034	0	26.456	3.497	0	1.034	0	11.618	3.497	0	0	0	0.54	1	0	0	0	0.523	1	0	0	0	0.309	0.167	0	0	0.333	0.2	0.625	0	0	1	0	0.75	0	0.292	0.595
0	0	0	0	-1	0	0	0	0	-1	0	0	0	0	-1	0	0	0	0	-1	0	0	0	0	-1	0	0	0	0	-1	0	0	0	0	-1	0	0	0	0	-1	0.893	0.744
0.859	0	28.511	0	0	0.859	0	31.604	0	0	0	0	10.77	0	0	0	0	0.284	0	0	0	0	0.28	0	0	0	0	0.2	0	0	0.2	0.4	0	0	0	0	0	0	0	0	0	0.602
0	0	1.059	0	0	0	0	1.059	0	0	0	0	1.059	0	0	0	0	0	0	0	0	0	0	0	0	0	0	0	0	0	1	0.4	0.6	0.2	0	0	0.6	0	0.2	0	0	0.998
0	0	0	0	0	0	0	0	0	0	0	0	0	0	0	0	0	0	0	0	0	0	0	0	0	0	0	0	0	0	0	0	0	0	0	0	0	0	0	0	0.296	0.460
0	5.359	0	3.783	0	0	5.359	0	3.783	0	0	3.367	0	2.057	0	0	0.9	0	0.333	0	0	0.8	0	0.333	0	0	1	0	0	0	0	0	0	0	0	0	0	0	0	0	0.559	0.176
0	0	0	0	62.283	0	0	0	0	66.141	0	0	0	0	17.456	0	0	0	0	0.16	0	0	0	0	0.158	0	0	0	0	0.114	0.667	1	0.75	1	0.2	1	0.25	1	1	0	0	0.988
33.935	0.99	7.076	0	0	33.935	0.99	7.076	0	0	12.482	0.99	4.153	0	0	0.429	0	0.857	0	0	0.419	0	0.857	0	0	0.273	0	0.5	0	0	0.4	0.333	0.4	0	1	0	0.333	0	0	0	0	0.579
0	0	62.283	0	2.591	0	0	66.141	0	3.497	0	0	17.456	0	3.497	0	0	0.16	0	1	0	0	0.158	0	1	0	0	0.114	0	0.167	0.75	0.667	0.2	1	0.625	1	1	0	0.25	0.75	0.417	0.987
13.455	0	0	0	0	14.745	0	0	0	0	5.059	0	0	0	0	0.79	0	0	0	0	0.771	0	0	0	0	0.2	0	0	0	0	0	0.8	1	0.333	1	0	0.6	1	1	0.25	0	0.531
0.968	0	12.951	0	5.779	0.968	0	17.143	0	7.634	0.968	0	6.348	0	2.994	0	0	0.544	0	0.679	0	0	0.544	0	0.679	0	0	0.333	0	0.333	0	0	0	0	0	0	0	0	0	0	0.715	0.422
0	0	0	0	0.99	0	0	0	0	0.99	0	0	0	0	0.99	0	0	0	0	0	0	0	0	0	0	0	0	0	0	0	0.8	0.75	0	1	0.333	0.2	0	0	1	0.333	0	0.989
0	0	13.455	0	0	0	0	14.745	0	0	0	0	5.059	0	0	0	0	0.79	0	0	0	0	0.771	0	0	0	0	0.2	0	0	0.8	0.333	0	0.75	1	0.6	1	0	0	1	0.117	0.980
0	0	0	0	0	0	0	0	0	0	0	0	0	0	0	0	0	0	0	0	0	0	0	0	0	0	0	0	0	0	0	0	0	0	0	0	0	0	0	0	0.897	0.317
0	0	0	0	6.215	0	0	0	0	7.125	0	0	0	0	0.91	0	0	0	0	0.821	0	0	0	0	0.821	0	0	0	0	0	0	0	0	0	0	0	0	0	0	0	0	0.769
2.839	4.848	1.959	5.779	0	4.772	7.269	5.026	7.634	0	3.024	4.454	3.067	2.994	0	0.9	0.857	0.8	0.679	0	0.9	0.857	0.8	0.679	0	0.667	0.333	0.333	0.333	0	0.125	0	0	0	0	0	0	0	0	0	0.9	0.471
0	0	0	0	0	0	0	0	0	0	0	0	0	0	0	0	0	0	0	0	0	0	0	0	0	0	0	0	0	0	0	0	0	0	0	0	0	0	0	0	0	0.859
0	0	18.097	0.967	0	0	0	17.691	0.967	0	0	0	4.829	0.967	0	0	0	0.649	0	0	0	0	0.621	0	0	0	0	0.5	0	0	0	0	0	0	0.625	0	0	0	0	0.75	0	0.424
0	0	0	0	0	0	0	0	0	0	0	0	0	0	0	0	0	0	0	0	0	0	0	0	0	0	0	0	0	0	0.6	0.667	0.75	0.5	0.333	0.6	0.222	0	0	1	0.198	0.881
1.09	0.919	0	0	0	1.954	1.898	0	0	0	1.954	1.898	0	0	0	1	1	0	0	0	1	1	0	0	0	0	1	0	0	0	0	0	0	0	0	0	0	0	0	0	0.299	0.289
3.046	0.872	11.516	0	0	3.046	0.872	11.709	0	0	3.046	0.872	5.276	0	0	1	0	0.813	0	0	1	0	0.818	0	0	0.667	0	0.7	0	0	0	0	0	0	0.25	0	0.333	0	0	0	0	0.420
18.278	0	3.615	18.006	0	20.878	0	6.021	21.674	0	8.386	0	2.406	6.36	0	0.376	0	0.733	0.468	0	0.376	0	0.733	0.468	0	0.25	0	0	0.333	0	0	1	0	0	1	0	1	0	0	1	0.419	0.429
0	0	0	0	0	0	0	0	0	0	0	0	0	0	0	0	0	0	0	0	0	0	0	0	0	0	0	0	0	0	0.667	0	0	0	0	0	0	0.2	0	0	0.898	0.950
0	1.09	0	0.919	0	0	1.954	0	1.898	0	0	1.954	0	1.898	0	0	1	0	1	0	0	1	0	1	0	0	0	0	1	0	0	0	0	0	0	0	0	0	0	0	0	0.615
0	0.967	0	0	18.097	0	0.967	0	0	17.691	0	0.967	0	0	4.829	0	0	0	0	0.649	0	0	0	0	0.621	0	0	0	0	0.5	0	0	0	0	0	0	0	0	0	0	0	0.726
21.679	9.566	12.856	4.108	0	26.827	12.643	15.925	6.228	0	11.928	6.051	8.958	5.232	0	0.443	0.782	0.608	0.867	0	0.44	0.769	0.608	0.867	0	0.255	0.467	0.278	0.7	0	0.4	0	0.2	0	0	0	1	0.8	0	0	0.717	0.568
0	2.591	0	62.283	22.886	0	3.497	1.034	66.141	26.456	0	3.497	1.034	17.456	11.618	0	1	0	0.16	0.54	0	1	0	0.158	0.523	0	0.167	0	0.114	0.309	0.333	0.625	0	0.2	0.2	1	0.75	0	0	0	0	0.927
0	0	3.843	0.873	2.658	0	0	3.843	0.873	2.658	0	0	1.039	0	0	0	0	0.5	0	1	0	0	0.5	0	1	0	0	0	0	0	1	0	0	0	0	1	0	0	0	0	0.299	0.988
0	0	0	0	0	0	0	0	0	0	0	0	0	0	0	0	0	0	0	0	0	0	0	0	0	0	0	0	0	0	0.75	0.6	0.333	0.667	0.8	0	0.6	1	0.222	0.6	0	0.954
0	0	0	0	3.773	0	0	0	0	6.249	0	0	0	0	5.368	0	0	0	0	0.8	0	0	0	0	0.8	0	0	0	0	0.5	1	0	0.75	1	0.2	0.2	0	0	1	0	0.419	0.957
0	0	0	0	15.246	0	0	0	0	15.368	0	0	0	0	5.457	0	0	0	0	0.706	0	0	0	0	0.733	0	0	0	0	0.267	0	0	0	0	0	0	0	0	0	0	0.556	0.391
0	0	0	0	0	0	0	0	0	0	0	0	0	0	0	0	0	0	0	0	0	0	0	0	0	0	0	0	0	0	0	0.25	0	0.667	0.2	0	0	0	1	0	0.713	0.316
0	0	3.187	17.432	0	0	0	5.263	19.58	0	0	0	3.277	5.519	0	0	0	0.9	0.661	0	0	0	0.9	0.643	0	0	0	0.667	0.5	0	0.75	1	0	0.778	0.75	0	0.778	0	0.556	0	0.296	0.729
5.359	3.783	0	0	0	5.359	3.783	0	0	0	3.367	2.057	0	0	0	0.9	0.333	0	0	0	0.8	0.333	0	0	0	1	0	0	0	0	0	0	0	0	0	0	0	0	0	0	0.117	0.343
0	0.85	0	24.877	0	0	0.85	0	29.282	0	0	0	0	7.552	0	0	0	0	0.345	0	0	0	0	0.343	0	0	0	0	0.19	0	1	0	0	0	0.8	1	0	0.8	0.2	1	0.015	0.951
1.812	3.856	20.86	0.902	25.079	3.639	7.944	24.597	3.155	29.837	1.827	5.243	12.502	3.155	13.458	0.833	0.714	0.395	1	0.395	0.833	0.714	0.395	1	0.391	1	0.4	0.212	0.667	0.192	0	0	0	0.6	0	0	0	0	1	0	0.418	0.321
0	0	0	9.145	0	0	0	0	10.055	0	0	0	0	0.91	0	0	0	0	0.836	0	0	0	0	0.836	0	0	0	0	0	0	0	0	0	0	0	0	0	0	0	0	0.897	0.523
0	0	0	0	0	0	0	0	0	0	0	0	0	0	0	0	0	0	0	0	0	0	0	0	0	0	0	0	0	0	0	0.5	0	0	0	0.5	0	0	0	0	0.558	0.726
0	0	0	0	0	0	0	0	0	0	0	0	0	0	0	0	0	0	0	0	0	0	0	0	0	0	0	0	0	0	0	0	0	0	0	0	0	0	0	0.2	0.716	0.227
0	0	0.933	0	0.959	0	0	0.933	1.185	0.959	0	0	0.933	1.185	0.959	0	0	0	0	0	0	0	0	0	0	0	0	0	0	0	0	0	0	0	0	0	0	0	0	0	0	0.363
0.981	6.215	0	0	0	0	7.125	0	0	0	0.981	0.91	0	0	0	0	0.821	0	0	0	0	0.821	0	0	0	0	0	0	0	0	0.429	0	0	0	0	0.571	0	0	0	0	0	0.627
1.734	0	0	0	0	1.734	0	0	0	0	0	0	0	0	0	1	0	0	0	0	1	0	0	0	0	0	0	0	0	0	0	1	0	0	0	0	0	0	0	0	0.292	0.451
0.987	0.959	0	0.933	0	0.987	0.959	0	0.933	0	0	0.959	0	0.933	0	0	0	0	0	0	0	0	0	0	0	0	0	0	0	0	0	0	0	0	0	0	0	0	0	0	0.418	0.375
0	0	0	0	0	0	0	0	0	0	0	0	0	0	0	0	0	0	0	0	0	0	0	0	0	0	0	0	0	0	0	0.2	0	0	0.2	0.667	0	0.2	0.2	0	0	0.536
0	0	0	28.511	0.919	0	0	0	31.604	1.898	0	0	0	10.77	1.898	0	0	0	0.284	1	0	0	0	0.28	1	0	0	0	0.2	1	0	0	0	0	0	0	0	0	0	0	0	0.715
0	0	13.857	0	0	0	0	16.168	0	0	0	0	9.21	0	0	0	0	0.743	0	0	0	0	0.742	0	0	0	0	0.306	0	0	1	0.667	0	0.625	0.875	1	0.667	0	0.75	0.875	0.12	0.975
0	0	0	8.314	0	0	0	0	7.351	0	0	0	0	2.689	0	0	0	0	0.822	0	0	0	0	0.929	0	0	0	0	0.333	0	0.667	0	0.25	0	0	1	0	0	0.333	0	0.298	0.942
3.187	0	0	0	0	5.263	0	0	0	0	3.277	0	0	0	0	0.9	0	0	0	0	0.9	0	0	0	0	0.667	0	0	0	0	0	0.75	0.75	1	0.667	0	0	0	0.778	0	0.717	0.535
6.215	0	0.981	0	0	7.125	0	0	0	0	0.91	0	0.981	0	0	0.821	0	0	0	0	0.821	0	0	0	0	0	0	0	0	0	0	0	0.429	0	0	0	0	0.571	0	0	0.415	0.301
0.85	24.877	0	3.006	0	0.85	29.282	0	4.89	0	0	7.552	0	1.884	0	0	0.345	0	0.7	0	0	0.343	0	0.7	0	0	0.19	0	0	0	0	0	1	0	0	0	0.2	1	0	0.8	0.559	0.371
0	0	0	18.307	0.933	0	1.185	0	16.862	0.933	0	1.185	0	4.427	0.933	0	0	0	0.673	0	0	0	0	0.64	0	0	0	0	0.5	0	0	0	0	0	0	0	0	0	0	0	0	0.504
28.511	0.859	0	0	0	31.604	0.859	0	0	0	10.77	0	0	0	0	0.284	0	0	0	0	0.28	0	0	0	0	0.2	0	0	0	0	0	0.2	0	0.4	0	0	0	0	0	0	0.299	0.300
0	6.606	0	0	11.165	0	4.656	0	0	11.165	0	1.95	0	0	3.033	0	0.571	0	0	0.945	0	0.9	0	0	0.927	0	0	0	0	0.333	0	0	0.25	0	0	0	0.667	0.25	0.2	0.2	0	0.680
11.165	0	0	0	0	11.165	0	0	0	0	3.033	0	0	0	0	0.945	0	0	0	0	0.927	0	0	0	0	0.333	0	0	0	0	0	0.25	0.2	0	0.2	0.2	0.25	0	0	0.2	0	0.586
0	0	0	0	0	0	0	0	0	0	0	0	0	0	0	0	0	0	0	0	0	0	0	0	0	0	0	0	0	0	0.25	0.667	0	0	0	0	1	0	0	0	0.294	0.521
0	0	0	0	0	0	0	0	0	0	0	0	0	0	0	0	0	0	0	0	0	0	0	0	0	0	0	0	0	0	0	0	0	0.2	0.4	0	0	0	0	0.2	0	0.588
0	7.076	0	33.935	0	0	7.076	0	33.935	0	0	4.153	0	12.482	0	0	0.857	0	0.429	0	0	0.857	0	0.419	0	0	0.5	0	0.273	0	1	0.4	0.5	0.4	0.667	0	0	0	0	0.222	0.19	0.992
18.006	10.392	0	15.246	18.278	21.674	12.709	0	15.368	20.878	6.36	4.227	0	5.457	8.386	0.468	0.692	0	0.706	0.376	0.468	0.692	0	0.733	0.376	0.333	0.333	0	0.267	0.25	0	0	1	0	0	0	0	1	0	0	0.557	0.278
1.959	2.839	0	4.848	0	5.026	4.772	0	7.269	0	3.067	3.024	0	4.454	0	0.8	0.9	0	0.857	0	0.8	0.9	0	0.857	0	0.333	0.667	0	0.333	0	0	0.125	0	0	0	0	0	0	0	0	0.299	0.277
0	0	0	0	0	0	0	0	0	0	0	0	0	0	0	0	0	0	0	0	0	0	0	0	0	0	0	0	0	0	0	0	0	0	0	0	0	0	0	0	0.415	0.400
24.877	3.006	0.85	1.069	0	29.282	4.89	0.85	2.317	0	7.552	1.884	0	1.247	0	0.345	0.7	0	1	0	0.343	0.7	0	1	0	0.19	0	0	0	0	0	0	0	0	1	0.2	0	0	0	1	0.196	0.388
0	0	0	0	0	0	0	0	0	0	0	0	0	0	0	0	0	0	0	0	0	0	0	0	0	0	0	0	0	0	0.75	1	0.8	0.4	0	0	1	0.2	0.2	0	0	0.970
0	1.039	18.307	0.898	0	0	1.039	16.862	2.083	1.185	0	1.039	4.427	1.185	1.185	0	0	0.673	0	0	0	0	0.64	0	0	0	0	0.5	0	0	0.6	0	0	0	0	0.2	0	0	0	0	0	0.726
0	0	8.314	0	0	0	0	7.351	0	0	0	0	2.689	0	0	0	0	0.822	0	0	0	0	0.929	0	0	0	0	0.333	0	0	0	0	0	0	0	0	0.4	0.333	0	0	0.419	0.707
0	0	0	-1	0	0	0	0	-1	0	0	0	0	-1	0	0	0	0	-1	0	0	0	0	-1	0	0	0	0	-1	0	0	0	0	-1	0	0	0	0	-1	0	0.417	0.998
1.059	0	0	0	0	1.059	0	0	0	0	1.059	0	0	0	0	0	0	0	0	0	0	0	0	0	0	0	0	0	0	0	0.6	1	0	0.4	0	0	0	0	0.6	0	0	0.688
0	0	0	0	0.873	0	0	0	0	0.873	0	0	0	0	0	0	0	0	0	0	0	0	0	0	0	0	0	0	0	0	0	0	0	0.667	0	0	0.2	0	0	0	0.897	0.972
0.923	0.931	7.468	0	1.069	2.828	2.808	10.513	0	2.317	1.905	1.876	4.937	0	1.247	0.667	1	0.4	0	1	0.667	1	0.4	0	1	0	1	0.1	0	0	0	0	0	0	0	0	0	0	0	0	0.718	0.455
5.779	12.951	4.848	0.968	2.839	7.634	17.143	7.269	0.968	4.772	2.994	6.348	4.454	0.968	3.024	0.679	0.544	0.857	0	0.9	0.679	0.544	0.857	0	0.9	0.333	0.333	0.333	0	0.667	0	0	0	0	0.125	0	0	0	0	0	0.897	0.397
7.076	33.935	0	0.99	0	7.076	33.935	0	0.99	0	4.153	12.482	0	0.99	0	0.857	0.429	0	0	0	0.857	0.419	0	0	0	0.5	0.273	0	0	0	0.4	0.4	1	0.333	0.5	0	0	0	0.333	0	0.12	0.580
0	0	0	0	0.967	0	0	0	0	0.967	0	0	0	0	0.967	0	0	0	0	0	0	0	0	0	0	0	0	0	0	0	0	0	0	0	0	0	0	0	0	0	0.714	0.326
0	13.857	6.909	0	17.432	0	16.168	9.046	0	19.58	0	9.21	4.497	0	5.519	0	0.743	0.833	0	0.661	0	0.742	0.806	0	0.643	0	0.306	0.667	0	0.5	0.875	0	0.2	1	0.778	0.875	0	0.2	1	0.556	0	0.972
0	0	0.99	0	33.935	0	0	0.99	0	33.935	0	0	0.99	0	12.482	0	0	0	0	0.429	0	0	0	0	0.419	0	0	0	0	0.273	0	0.8	0.333	0.75	0.4	0	0.2	0.333	0	0	0	0.988
0	0	0	13.455	0	0	0	0	14.745	0	0	0	0	5.059	0	0	0	0	0.79	0	0	0	0	0.771	0	0	0	0	0.2	0	1	1	0.667	0	0.75	0.25	1	1	0	1	0	0.969
0	0	0	0	0	0	0	0	0	0	0	0	0	0	0	0	0	0	0	0	0	0	0	0	0	0	0	0	0	0	0	0	0	0	0	0	0	0	0	0	0	0.649
3.783	0	5.359	0	0	3.783	0	5.359	0	0	2.057	0	3.367	0	0	0.333	0	0.9	0	0	0.333	0	0.8	0	0	0	0	1	0	0	0	0	0	0	0	0	0	0	0	0	0.418	0.274
6.606	0	0	0	0	4.656	0	0	0	0	1.95	0	0	0	0	0.571	0	0	0	0	0.9	0	0	0	0	0	0	0	0	0	0	0	0	0	0.25	0.667	0.2	0	0	0.25	0.198	0.540
0	0	0	0	0	0	0	0	0	0	0	0	0	0	0	0	0	0	0	0	0	0	0	0	0	0	0	0	0	0	0	0	0	0	0	0	0	0	0	0	0.893	0.286
0.919	0	1.09	0	0	1.898	0	1.954	0	0	1.898	0	1.954	0	0	1	0	1	0	0	1	0	1	0	0	1	0	0	0	0	0	0	0	0	0	0	0	0	0	0	0.415	0.266
0	0	0	1.734	0	0	0	0	1.734	0	0	0	0	0	0	0	0	0	1	0	0	0	0	1	0	0	0	0	0	0	0	0	0	0	0	0	0	0	0	0	0	0.637
0	0.873	0	0	3.843	0	0.873	0	0	3.843	0	0	0	0	1.039	0	0	0	0	0.5	0	0	0	0	0.5	0	0	0	0	0	0	0	1	0	0	0	0	1	0	0	0.557	0.296
0	0	0.968	0	12.951	0	0	0.968	0	17.143	0	0	0.968	0	6.348	0	0	0	0	0.544	0	0	0	0	0.544	0	0	0	0	0.333	0	0	0	0.333	0	0	0	0	0	0	0	0.756
2.591	62.283	0	0	0	3.497	66.141	0	0	1.034	3.497	17.456	0	0	1.034	1	0.16	0	0	0	1	0.158	0	0	0	0.167	0.114	0	0	0	0.625	0.2	0.333	0.75	0	0.75	0	1	1	0	0	0.762
0	0	0	0	0	0	0	0	0	0	0	0	0	0	0	0	0	0	0	0	0	0	0	0	0	0	0	0	0	0	0.8	0	0	1	0	1	0.8	0	1	0	0.12	0.972
20.86	1.812	25.079	3.856	2.664	24.597	3.639	29.837	7.944	3.515	12.502	1.827	13.458	5.243	0.851	0.395	0.833	0.395	0.714	1	0.395	0.833	0.391	0.714	1	0.212	1	0.192	0.4	0	0	0	0	0	0	0	0	0	0	0	0	0.450
0	0	0	0	0	0	0	0	0	0	0	0	0	0	0	0	0	0	0	0	0	0	0	0	0	0	0	0	0	0	0	0	0.2	0.25	0.2	0	0	0	0	0	0.557	0.320
0	0.987	0	0.959	0.931	0	0.987	0	0.959	2.808	0	0	0	0.959	1.876	0	0	0	0	1	0	0	0	0	1	0	0	0	0	1	0	0	0	0	0	0	0	0	0	0	0.117	0.472
0	17.432	0	6.909	3.187	0	19.58	0	9.046	5.263	0	5.519	0	4.497	3.277	0	0.661	0	0.833	0.9	0	0.643	0	0.806	0.9	0	0.5	0	0.667	0.667	1	0.778	0.75	0.2	0	0.778	0.556	0	0.2	0	0.115	0.975
0	3.615	0	18.278	0	0	6.021	0	20.878	0	0	2.406	0	8.386	0	0	0.733	0	0.376	0	0	0.733	0	0.376	0	0	0	0	0.25	0	1	0	0	0	1	1	0	0	0	0.2	0	0.961
9.566	4.108	21.679	7.528	12.856	12.643	6.228	26.827	9.279	15.925	6.051	5.232	11.928	3.51	8.958	0.782	0.867	0.443	0.756	0.608	0.769	0.867	0.44	0.756	0.608	0.467	0.7	0.255	0.667	0.278	0	0	0.4	0	0.2	1	0	0	0	0.8	0.119	0.674
11.516	3.046	0	0.872	25.567	11.709	3.046	0	0.872	25.567	5.276	3.046	0	0.872	7.286	0.813	1	0	0	0.42	0.818	1	0	0	0.42	0.7	0.667	0	0	0.238	0	0	0.25	0	0	0	0	0	0.333	0	0	0.581
0	0	0	0	23.053	0	0	0	0	25.933	0	0	0	0	4.083	0	0	0	0	0.456	0	0	0	0	0.447	0	0	0	0	0.667	0	0	0	0	0	0	0	0	0.2	0	0.117	0.604
0	18.006	18.278	10.392	3.615	0	21.674	20.878	12.709	6.021	0	6.36	8.386	4.227	2.406	0	0.468	0.376	0.692	0.733	0	0.468	0.376	0.692	0.733	0	0.333	0.25	0.333	0	1	0	0	0	0	1	0	0	0	0	0	0.959
0	0	0	18.097	13.857	0	0	0	17.691	16.168	0	0	0	4.829	9.21	0	0	0	0.649	0.743	0	0	0	0.621	0.742	0	0	0	0.5	0.306	0.667	0.625	1	0	0	0.667	0.75	1	0	0	0.117	0.832
0	0	0	3.615	0	0	0	0	6.021	0	0	0	0	2.406	0	0	0	0	0.733	0	0	0	0	0.733	0	0	0	0	0	0	0	1	1	0	0.75	0	1	0.2	0	0	0.419	0.799
0	0	0	1.09	0	0	0	0	1.954	0	0	0	0	1.954	0	0	0	0	1	0	0	0	0	1	0	0	0	0	0	0	0	0	0	0	0	0	0	0	0	0	0.42	0.326
0	0	0	0	0	0	0	0	0	0	0	0	0	0	0	0	0	0	0	0	0	0	0	0	0	0	0	0	0	0	0	0	0.2	0.2	0.25	0.2	0.667	0	0	0.25	0	0.654
3.843	0	2.658	0	0	3.843	0	2.658	0	0	1.039	0	0	0	0	0.5	0	1	0	0	0.5	0	1	0	0	0	0	0	0	0	0	1	0	0	0	0	1	0	0	0	0.195	0.468
23.129	23.053	7.528	0	4.108	26.639	25.933	9.279	0	6.228	5.927	4.083	3.51	0	5.232	0.567	0.456	0.756	0	0.867	0.553	0.447	0.756	0	0.867	0.7	0.667	0.667	0	0.7	0	0	0	0	0	0	0	0	0	0	0.418	0.475
0	0.981	0	6.215	9.145	0	0	0	7.125	10.055	0	0.981	0	0.91	0.91	0	0	0	0.821	0.836	0	0	0	0.821	0.836	0	0	0	0	0	0	0.429	0	0	0	0	0.571	0	0	0	0	0.546
10.1	1.374	0	25.567	0	11.008	1.374	0	25.567	0	4.169	1.374	0	7.286	0	0.818	0	0	0.42	0	0.818	0	0	0.42	0	0.667	0	0	0.238	0	0	0	0.333	0	0	0	0	0	0	0	0.113	0.347
0	0	0	0	0	0	0	0	0	0	0	0	0	0	0	0	0	0	0	0	0	0	0	0	0	0	0	0	0	0	0	0	0	0	0.2	0	0	0.2	0	0	0.056	0.489
0	1.734	0	0	0	0	1.734	0	0	0	0	0	0	0	0	0	1	0	0	0	0	1	0	0	0	0	0	0	0	0	0	0	0	1	0	0	0	0	0	0	0.556	0.401
0	0	0	0	0	0	0	0	0	0	0	0	0	0	0	0	0	0	0	0	0	0	0	0	0	0	0	0	0	0	0	0	0	0	0	0	0	0	0.5	0	0.419	0.310
3.773	0	0.874	0	2.829	6.249	0	0.874	0	5.828	5.368	0	0.874	0	3.954	0.8	0	0	0	0.867	0.8	0	0	0	0.867	0.5	0	0	0	0.667	0.2	0.75	0.2	1	0	0	0	0	0.2	0	0	0.637
0	0	0	0	0	0	0	0	0	0	0	0	0	0	0	0	0	0	0	0	0	0	0	0	0	0	0	0	0	0	0	0	0	0.5	0	0	0.5	0	0	0	0	0.743
0	0	0	11.165	0	0	0	0	11.165	0	0	0	0	3.033	0	0	0	0	0.945	0	0	0	0	0.927	0	0	0	0	0.333	0	0.2	0.2	0.4	0	1	0.2	0	0.6	0.2	0	0	0.870
1.039	0.898	0	0	18.307	1.039	2.083	0	0	16.862	1.039	1.185	0	0	4.427	0	0	0	0	0.673	0	0	0	0	0.64	0	0	0	0	0.5	0	0	0.6	1	0	0	0	0.2	1	0	0	0.556
0	11.516	25.567	3.046	1.374	0	11.709	25.567	3.046	1.374	0	5.276	7.286	3.046	1.374	0	0.813	0.42	1	0	0	0.818	0.42	1	0	0	0.7	0.238	0.667	0	0.25	0	0	0	0	0	0	0	0	0	0	0.870
22.886	0	0	0	0.872	26.456	1.034	0	0	0.872	11.618	1.034	0	0	0.872	0.54	0	0	0	0	0.523	0	0	0	0	0.309	0	0	0	0	0.2	0	0	0.333	0	0	0	0	1	0.333	0	0.465
0	0	0.967	0	0	0	0	0.967	0	0	0	0	0.967	0	0	0	0	0	0	0	0	0	0	0	0	0	0	0	0	0	0	0	0	0	0	0	0	0	0	0	0.298	0.355
0	0	0	0	0	0	0	0	0	0	0	0	0	0	0	0	0	0	0	0	0	0	0	0	0	0	0	0	0	0	0.2	0	0.25	0	1	0	0.2	0.25	0.667	1	0	0.571
0	0	0	0	6.606	0	0	0	0	4.656	0	0	0	0	1.95	0	0	0	0	0.571	0	0	0	0	0.9	0	0	0	0	0	0	0	0	0	0	0	0	0.2	0	0.667	0.56	0.532
2.664	25.079	3.504	20.86	0	3.515	29.837	6.216	24.597	0	0.851	13.458	3.616	12.502	0	1	0.395	0.667	0.395	0	1	0.391	0.667	0.395	0	0	0.192	0.5	0.212	0	0	0	0	0	0	0	0	0	0	0	0.56	0.264
10.392	15.246	18.006	0	0	12.709	15.368	21.674	0	0	4.227	5.457	6.36	0	0	0.692	0.706	0.468	0	0	0.692	0.733	0.468	0	0	0.333	0.267	0.333	0	0	0	0	0	0	1	0	0	0	0	1	0.556	0.230
0	0	9.145	0.981	0	0	0	10.055	0	0	0	0	0.91	0.981	0	0	0	0.836	0	0	0	0	0.836	0	0	0	0	0	0	0	0	0	0	0.429	0	0	0	0	0.571	0	0.56	0.305
0	9.145	0	0	0	0	10.055	0	0	0	0	0.91	0	0	0	0	0.836	0	0	0	0	0.836	0	0	0	0	0	0	0	0	0	0	0	0	0	0	0	0	0	0	0	0.538
0	11.165	0	0	0	0	11.165	0	0	0	0	3.033	0	0	0	0	0.945	0	0	0	0	0.927	0	0	0	0	0.333	0	0	0	0.2	0	0.2	0.25	0.4	0	0.2	0.2	0.25	0.6	0	0.592
0	0	0	0	0	0	0	0	0	0	0	0	0	0	0	0	0	0	0	0	0	0	0	0	0	0	0	0	0	0	0.667	0.5	0.6	1	0.75	0.222	0	0.6	0	0	0.197	0.962
0	28.511	0	0.859	0	0	31.604	0	0.859	0	0	10.77	0	0	0	0	0.284	0	0	0	0	0.28	0	0	0	0	0.2	0	0	0	0	0	0	0.2	0	0	0	0	0	0	0.418	0.365
0	0	0	3.187	0	0	0	0	5.263	0	0	0	0	3.277	0	0	0	0	0.9	0	0	0	0	0.9	0	0	0	0	0.667	0	0.667	0.75	0.8	0	0.25	0	0	0.2	0	0	0.19	0.793
0	0	6.397	0	0	0	0	7.648	0	0	0	0	4.907	0	0	0	0	0.536	0	0	0	0	0.536	0	0	0	0	0.5	0	0	0.25	0.25	0	0.8	0	0	0	0	0.2	0	0	0.848
0	18.307	0	0	0	1.185	16.862	0	0	0	1.185	4.427	0	0	0	0	0.673	0	0	0	0	0.64	0	0	0	0	0.5	0	0	0	0	0	0	0.6	0	0	0	0	0.2	0	0.299	0.406
0	6.397	0	0	0.859	0	7.648	0	0	0.859	0	4.907	0	0	0	0	0.536	0	0	0	0	0.536	0	0	0	0	0.5	0	0	0	0	0	0.4	0.25	0.2	0	0	0	0	0	0.557	0.364
0	0	0	0	0.898	0	0	0	0	2.083	0	0	0	0	1.185	0	0	0	0	0	0	0	0	0	0	0	0	0	0	0	0.25	0.2	1	0	0	0.25	0	1	0.2	0	0	0.966
0	0	23.053	0	23.129	0	0	25.933	0	26.639	0	0	4.083	0	5.927	0	0	0.456	0	0.567	0	0	0.447	0	0.553	0	0	0.667	0	0.7	0	0	0	0	0	0	0	0	0	0	0.298	0.453
0	1.959	0	2.839	0	0	5.026	0	4.772	0	0	3.067	0	3.024	0	0	0.8	0	0.9	0	0	0.8	0	0.9	0	0	0.333	0	0.667	0	0	0	0	0.125	0.5	0	0	0	0	0	0.713	0.372
7.468	0.923	1.069	0.931	3.006	10.513	2.828	2.317	2.808	4.89	4.937	1.905	1.247	1.876	1.884	0.4	0.667	1	1	0.7	0.4	0.667	1	1	0.7	0.1	0	0	1	0	0	0	0	0	0	0	0	0	0	0	0.898	0.284
6.397	0	0	0	0	7.648	0	0	0	0	4.907	0	0	0	0	0.536	0	0	0	0	0.536	0	0	0	0	0.5	0	0	0	0	0	0.25	0	0.25	0.4	0	0	0	0	0	0.298	0.357
18.097	0	0	0	0	17.691	0	0	0	0	4.829	0	0	0	0	0.649	0	0	0	0	0.621	0	0	0	0	0.5	0	0	0	0	0	0	0.625	0	0.667	0	0	0.75	0	0.667	0	0.505
0	0	0	0	0	0	0	0	0	0	0	0	0	0	0	0	0	0	0	0	0	0	0	0	0	0	0	0	0	0	0	0.667	0	0	0	0.2	0	0	0	0	0.556	0.702
0	0	0	0	0	0	0	0	0	0	0	0	0	0	0	0	0	0	0	0	0	0	0	0	0	0	0	0	0	0	0.2	0	0.2	0	0	0	0	0	0	0	0	0.699
25.567	0	1.374	11.516	10.1	25.567	0	1.374	11.709	11.008	7.286	0	1.374	5.276	4.169	0.42	0	0	0.813	0.818	0.42	0	0	0.818	0.818	0.238	0	0	0.7	0.667	0	0.25	0	0	0	0	0	0	0	0	0.12	0.377
25.079	20.86	2.664	1.812	3.504	29.837	24.597	3.515	3.639	6.216	13.458	12.502	0.851	1.827	3.616	0.395	0.395	1	0.833	0.667	0.391	0.395	1	0.833	0.667	0.192	0.212	0	1	0.5	0	0	0	0	0	0	0	0	0	0	0	0.528
0	0	0	0.85	0	0	0	0	0.85	0	0	0	0	0	0	0	0	0	0	0	0	0	0	0	0	0	0	0	0	0	0	1	0.8	0	0	0.8	1	1	0	0	0.419	0.538
0	0	0	0	0	0	0	0	0	0	0	0	0	0	0	0	0	0	0	0	0	0	0	0	0	0	0	0	0	0	0	0	0	0	0	0	0	0	0	0	0.298	0.884
0	0	0	0	0	0	0	0	0	0	0	0	0	0	0	0	0	0	0	0	0	0	0	0	0	0	0	0	0	0	0	0	0.667	0	0	0	0	0	0	0.2	0.898	0.426
0	0	0	5.359	0	0	0	0	5.359	0	0	0	0	3.367	0	0	0	0	0.9	0	0	0	0	0.8	0	0	0	0	1	0	0	0	0	0	0	0	0	0	0	0	0	0.511
0	0	0.859	6.397	28.511	0	0	0.859	7.648	31.604	0	0	0	4.907	10.77	0	0	0	0.536	0.284	0	0	0	0.536	0.28	0	0	0	0.5	0.2	0.4	0	0.2	0	0	0	0	0	0	0	0	0.849
3.615	18.278	0	0	0	6.021	20.878	0	0	0	2.406	8.386	0	0	0	0.733	0.376	0	0	0	0.733	0.376	0	0	0	0	0.25	0	0	0	0	0	1	1	0	0	0	1	1	0	0.72	0.473
17.432	6.909	0	0	0	19.58	9.046	0	0	0	5.519	4.497	0	0	0	0.661	0.833	0	0	0	0.643	0.806	0	0	0	0.5	0.667	0	0	0	0.778	0.2	1	0.875	0.75	0.556	0.2	0.778	0.875	0	0.419	0.560
0	0	0	0	0	0	0	0	0	0	0	0	0	0	0	0	0	0	0	0	0	0	0	0	0	0	0	0	0	0	0	0	0.4	0	1	0	0	0.2	0	1	0	0.693
62.283	0	2.591	0	0	66.141	0	3.497	0	0	17.456	0	3.497	0	0	0.16	0	1	0	0	0.158	0	1	0	0	0.114	0	0.167	0	0	0.2	0.75	0.625	0.667	0.333	0	1	0.75	1	1	0.292	0.364
0	22.886	0.872	0	3.046	0	26.456	0.872	1.034	3.046	0	11.618	0.872	1.034	3.046	0	0.54	0	0	1	0	0.523	0	0	1	0	0.309	0	0	0.667	0	0.2	0	0	0	0	0	0.333	0	0	0	0.900
8.314	0	0	0	0	7.351	0	0	0	0	2.689	0	0	0	0	0.822	0	0	0	0	0.929	0	0	0	0	0.333	0	0	0	0	0	0	0	0	0.667	0.333	0	0	0.4	1	0.893	0.541
23.053	0	23.129	0	7.528	25.933	0	26.639	0	9.279	4.083	0	5.927	0	3.51	0.456	0	0.567	0	0.756	0.447	0	0.553	0	0.756	0.667	0	0.7	0	0.667	0	0	0	0	0	0	0	0	0	0	0.714	0.372
0	0	0	0	0	0	0	0	0	0	0	0	0	0	0	0	0	0	0	0	0	0	0	0	0	0	0	0	0	0	0	0	0	0	0	0	0	0	0	0	0.717	0.752
0	3.187	0	0	0	0	5.263	0	0	0	0	3.277	0	0	0	0	0.9	0	0	0	0	0.9	0	0	0	0	0.667	0	0	0	0.75	0	0.667	0.75	0.8	0	0	0	0	0.2	0.718	0.953
0	18.097	0	0	0	0	17.691	0	0	0	0	4.829	0	0	0	0	0.649	0	0	0	0	0.621	0	0	0	0	0.5	0	0	0	0.625	0	0.667	0	1	0.75	0	0.667	0	1	0	0.711
0.873	0	0	0	0	0.873	0	0	0	0	0	0	0	0	0	0	0	0	0	0	0	0	0	0	0	0	0	0	0	0	0	0	0	0	1	0	0	0	0	1	0.559	0.508
9.145	0	0	0	0	10.055	0	0	0	0	0.91	0	0	0	0	0.836	0	0	0	0	0.836	0	0	0	0	0	0	0	0	0	0	0	0	0	0	0	0	0	0	0	0.195	0.404
0	0	0.931	0.987	0.923	0	0	2.808	0.987	2.828	0	0	1.876	0	1.905	0	0	1	0	0.667	0	0	1	0	0.667	0	0	1	0	0	0	0	0	0	0	0	0	0	0	0	0.714	0.382
3.504	2.664	0	25.079	0	6.216	3.515	0	29.837	0	3.616	0.851	0	13.458	0	0.667	1	0	0.395	0	0.667	1	0	0.391	0	0.5	0	0	0.192	0	0	0	0	0	0	0	0	0	0	0.2	0.298	0.236
0.874	3.773	2.829	0	0.902	0.874	6.249	5.828	0	3.155	0.874	5.368	3.954	0	3.155	0	0.8	0.867	0	1	0	0.8	0.867	0	1	0	0.5	0.667	0	0.667	0.2	0.2	0	0.75	0.6	0	0	0	0	1	0.415	0.386
0	1.059	0	0	0	0	1.059	0	0	0	0	1.059	0	0	0	0	0	0	0	0	0	0	0	0	0	0	0	0	0	0	0	0.6	0	1	0	0	0	0	0	0	0.294	0.998
0	0	0	0	0	0	0	0	0	0	0	0	0	0	0	0	0	0	0	0	0	0	0	0	0	0	0	0	0	0	0	0	0	0	0	0	0	0	0	0	0.718	0.241
0	0	0	0	13.455	0	0	0	0	14.745	0	0	0	0	5.059	0	0	0	0	0.79	0	0	0	0	0.771	0	0	0	0	0.2	0.333	0.75	0.8	0.6	0	1	0	0.6	0.6	0	0	0.969
2.658	3.843	0	0	0	2.658	3.843	0	0	0	0	1.039	0	0	0	1	0.5	0	0	0	1	0.5	0	0	0	0	0	0	0	0	0	0	0	1	1	0	0	0	1	0	0.556	0.307
0	3.504	0	2.664	0	0	6.216	0	3.515	0	0	3.616	0	0.851	0	0	0.667	0	1	0	0	0.667	0	1	0	0	0.5	0	0	0	0	0	0	0	0	0	0	0.2	0	0	0.298	0.611
0	0	0	7.076	0	0	0	0	7.076	0	0	0	0	4.153	0	0	0	0	0.857	0	0	0	0	0.857	0	0	0	0	0.5	0	0.5	1	0.667	0.4	0.6	0	0	0.222	0	0.6	0.3	0.709
0	0	0	0	0	0	0	0	0	0	0	0	0	0	0	0	0	0	0	0	0	0	0	0	0	0	0	0	0	0	0	0	0.2	0	0	0.2	0	0	0	0.667	0.419	0.562
6.909	0	17.432	13.857	0	9.046	0	19.58	16.168	0	4.497	0	5.519	9.21	0	0.833	0	0.661	0.743	0	0.806	0	0.643	0.742	0	0.667	0	0.5	0.306	0	0.2	0.875	0.778	0	1	0.2	0.875	0.556	0	0.778	0.419	0.613
0	10.1	0	1.374	0	0	11.008	0	1.374	0	0	4.169	0	1.374	0	0	0.818	0	0	0	0	0.818	0	0	0	0	0.667	0	0	0	0.333	0	0	0	0	0	0	0	0	0	0	0.929
12.856	21.679	0	9.566	0	15.925	26.827	0	12.643	0	8.958	11.928	0	6.051	0	0.608	0.443	0	0.782	0	0.608	0.44	0	0.769	0	0.278	0.255	0	0.467	0	0.2	0.4	0	0	0	0.8	0	0	1	0.4	0.298	0.581
4.108	7.528	9.566	23.129	21.679	6.228	9.279	12.643	26.639	26.827	5.232	3.51	6.051	5.927	11.928	0.867	0.756	0.782	0.567	0.443	0.867	0.756	0.769	0.553	0.44	0.7	0.667	0.467	0.7	0.255	0	0	0	0	0.4	0	0	1	0	0	0.117	0.745
0.872	0	3.046	22.886	11.516	0.872	0	3.046	26.456	11.709	0.872	0	3.046	11.618	5.276	0	0	1	0.54	0.813	0	0	1	0.523	0.818	0	0	0.667	0.309	0.7	0	0	0	0.2	0	0.333	0	0	0	0	0	0.650
0	0	0.919	0	1.09	0	0	1.898	0	1.954	0	0	1.898	0	1.954	0	0	1	0	1	0	0	1	0	1	0	0	1	0	0	0	0	0	0	0	0	0	0	0	0	0	0.630
0	0	0	0	6.397	0	0	0	0	7.648	0	0	0	0	4.907	0	0	0	0	0.536	0	0	0	0	0.536	0	0	0	0	0.5	0.25	0.8	0.25	0.667	0	0	0.2	0	0	0	0	0.889
0	0	-1	0	-1	0	0	-1	0	-1	0	0	-1	0	-1	0	0	-1	0	-1	0	0	-1	0	-1	0	0	-1	0	-1	0	0	-1	0	-1	0	0	-1	0	-1	0.896	0.970
0	0	0.873	0	0	0	0	0.873	0	0	0	0	0	0	0	0	0	0	0	0	0	0	0	0	0	0	0	0	0	0	0	0	0	0	0	0	0	0	0.2	0	0.296	0.567
0.933	0	0.959	0	0.987	0.933	0	0.959	0	0.987	0.933	0	0.959	0	0	0	0	0	0	0	0	0	0	0	0	0	0	0	0	0	0	0	0	0	0	0	0	0	0	0	0	0.569
4.848	5.779	2.839	12.951	1.959	7.269	7.634	4.772	17.143	5.026	4.454	2.994	3.024	6.348	3.067	0.857	0.679	0.9	0.544	0.8	0.857	0.679	0.9	0.544	0.8	0.333	0.333	0.667	0.333	0.333	0	0	0.125	0	0	0	0	0	0	0	0.897	0.326
0.902	2.829	3.856	0.874	1.812	3.155	5.828	7.944	0.874	3.639	3.155	3.954	5.243	0.874	1.827	1	0.867	0.714	0	0.833	1	0.867	0.714	0	0.833	0.667	0.667	0.4	0	1	0.6	0	0	0.2	0	1	0	0	0	0	0.198	0.735
0	0	0	0	0	0	0	0	0	0	0	0	0	0	0	0	0	0	0	0	0	0	0	0	0	0	0	0	0	0	0.2	0.2	0	0	0	0	0	0	0	0	0.198	0.412
0	0	3.783	0	5.359	0	0	3.783	0	5.359	0	0	2.057	0	3.367	0	0	0.333	0	0.9	0	0	0.333	0	0.8	0	0	0	0	1	0	0	0	0.8	0	0	0	0	1	0	0	0.501
0	12.856	0	21.679	0	0	15.925	0	26.827	0	0	8.958	0	11.928	0	0	0.608	0	0.443	0	0	0.608	0	0.44	0	0	0.278	0	0.255	0	0	0.2	0	0.4	0	0	0.8	0.4	0	0	0.419	0.914
0	0	6.606	0	0	0	0	4.656	0	0	0	0	1.95	0	0	0	0	0.571	0	0	0	0	0.9	0	0	0	0	0	0	0	0	0	0	0	0	0.2	0	0.667	0	0	0	0.451
0	0	0	0	0	0	0	0	0	0	0	0	0	0	0	0	0	0	0	0	0	0	0	0	0	0	0	0	0	0	0	0	0	0	0	0	0	0	0	0.2	0.297	0.166
0	0	0.898	0	1.039	0	0	2.083	0	1.039	0	0	1.185	0	1.039	0	0	0	0	0	0	0	0	0	0	0	0	0	0	0	1	0.25	0	0.2	0	1	0.25	0	0	0	0	0.990
1.374	25.567	10.1	0	0	1.374	25.567	11.008	0	0	1.374	7.286	4.169	0	0	0	0.42	0.818	0	0	0	0.42	0.818	0	0	0	0.238	0.667	0	0	0	0	0	0.25	0.333	0	0	0	0	0	0.418	0.405
0	0	0	0	1.059	0	0	0	0	1.059	0	0	0	0	1.059	0	0	0	0	0	0	0	0	0	0	0	0	0	0	0	0.4	0.2	1	0.2	0.6	0.6	0.2	0	0	0	0.198	0.669
0	8.314	0	0	0	0	7.351	0	0	0	0	2.689	0	0	0	0	0.822	0	0	0	0	0.929	0	0	0	0	0.333	0	0	0	0	0	0.667	0	0.25	0	0.333	1	0	0	0.117	0.731
0	0	0	0	0	0	0	0	0	0	0	0	0	0	0	0	0	0	0	0	0	0	0	0	0	0	0	0	0	0	0.8	0.667	0.25	0.75	0.25	0.2	0	0	0	0	0.419	0.673
0	13.455	0	0	0	0	14.745	0	0	0	0	5.059	0	0	0	0	0.79	0	0	0	0	0.771	0	0	0	0	0.2	0	0	0	1	0	1	0.8	0.667	1	0	0.25	0.6	1	0	0.994
13.857	0	0	0	6.909	16.168	0	0	0	9.046	9.21	0	0	0	4.497	0.743	0	0	0	0.833	0.742	0	0	0	0.806	0.306	0	0	0	0.667	0	1	0.875	0.667	0.2	0	1	0.875	0.667	0.2	0.197	0.593
0	0	0	3.504	0	0	0	0	6.216	0	0	0	0	3.616	0	0	0	0	0.667	0	0	0	0	0.667	0	0	0	0	0.5	0	0	0	0	0	0	0.2	0	0	0	0	0.419	0.656
0.967	0	0	0	0	0.967	0	0	0	0	0.967	0	0	0	0	0	0	0	0	0	0	0	0	0	0	0	0	0	0	0	0	0	0	0	0	0	0	0	0	0	0.196	0.190
12.951	0.968	5.779	0	4.848	17.143	0.968	7.634	0	7.269	6.348	0.968	2.994	0	4.454	0.544	0	0.679	0	0.857	0.544	0	0.679	0	0.857	0.333	0	0.333	0	0.333	0	0	0	0	0	0	0	0	0	0	0.298	0.459
0	0	0	0	0	0	0	0	0	0	0	0	0	0	0	0	0	0	0	0	0	0	0	0	0	0	0	0	0	0	0	0.2	0	0.2	0	0	0	0	0	0	0	0.614
18.307	0	0	1.039	0	16.862	0	1.185	1.039	0	4.427	0	1.185	1.039	0	0.673	0	0	0	0	0.64	0	0	0	0	0.5	0	0	0	0	0	0.6	0	0	0	0	0.2	0	0	0	0	0.613
0	0	15.246	0	10.392	0	0	15.368	0	12.709	0	0	5.457	0	4.227	0	0	0.706	0	0.692	0	0	0.733	0	0.692	0	0	0.267	0	0.333	0	0	0	0	0	0	0	0	0	0	0.296	0.303
7.528	23.129	4.108	23.053	9.566	9.279	26.639	6.228	25.933	12.643	3.51	5.927	5.232	4.083	6.051	0.756	0.567	0.867	0.456	0.782	0.756	0.553	0.867	0.447	0.769	0.667	0.7	0.7	0.667	0.467	0	0	0	0	0	0	0	0	0	1	0.713	0.294
0.931	0	0.923	0	7.468	2.808	0	2.828	0	10.513	1.876	0	1.905	0	4.937	1	0	0.667	0	0.4	1	0	0.667	0	0.4	1	0	0	0	0.1	0	0	0	0	0	0	0	0	0	0	0.195	0.309
0	0	0	0	0	0	0	0	0	0	0	0	0	0	0	0	0	0	0	0	0	0	0	0	0	0	0	0	0	0	0.4	0	1	0	0.75	0.2	0	1	0	0	0	0.687
0.99	0	33.935	0	7.076	0.99	0	33.935	0	7.076	0.99	0	12.482	0	4.153	0	0	0.429	0	0.857	0	0	0.419	0	0.857	0	0	0.273	0	0.5	0.333	0	0.4	0.8	0.4	0.333	0	0	0.2	0	0	0.753
0	0	3.773	0	0.874	0	0	6.249	0	0.874	0	0	5.368	0	0.874	0	0	0.8	0	0	0	0	0.8	0	0	0	0	0.5	0	0	0.75	1	0.2	0	0.2	0	0.2	0	0	0	0	0.958
0	0	0	0	0	0	0	0	0	0	0	0	0	0	0	0	0	0	0	0	0	0	0	0	0	0	0	0	0	0	0	0	0	0	0	0	0	0	0	0	0.557	0.539
0.959	0.933	0.987	0	0	0.959	0.933	0.987	0	0	0.959	0.933	0	0	0	0	0	0	0	0	0	0	0	0	0	0	0	0	0	0	0	0	0	0	0	0	0	0	0	0	0.557	0.296
0	0	0	1.059	0	0	0	0	1.059	0	0	0	0	1.059	0	0	0	0	0	0	0	0	0	0	0	0	0	0	0	0	0	0	0	0.6	0.667	0	0	0	0	0	0.713	0.998
3.856	0.902	1.812	2.829	20.86	7.944	3.155	3.639	5.828	24.597	5.243	3.155	1.827	3.954	12.502	0.714	1	0.833	0.867	0.395	0.714	1	0.833	0.867	0.395	0.4	0.667	1	0.667	0.212	0	0.6	0	0	0	0	1	0	0	0	0.557	0.494
0.898	0	1.039	0	0	2.083	0	1.039	0	0	1.185	0	1.039	0	0	0	0	0	0	0	0	0	0	0	0	0	0	0	0	0	0	1	0	0.25	0.6	0	1	0	0.25	0.2	0.298	0.324
1.069	7.468	3.006	0.923	24.877	2.317	10.513	4.89	2.828	29.282	1.247	4.937	1.884	1.905	7.552	1	0.4	0.7	0.667	0.345	1	0.4	0.7	0.667	0.343	0	0.1	0	0	0.19	0	0	0	0	0	0	0	0	0	0.2	0.9	0.464
15.246	0	10.392	0	18.006	15.368	0	12.709	0	21.674	5.457	0	4.227	0	6.36	0.706	0	0.692	0	0.468	0.733	0	0.692	0	0.468	0.267	0	0.333	0	0.333	0	0	0	0	0	0	0	0	0	0	0	0.391
0	0	0	0	0	0	0	0	0	0	0	0	0	0	0	0	0	0	0	0	0	0	0	0	0	0	0	0	0	0	0	0	0	0	0	0	0	0	0	0	0.195	0.451
0	2.658	0	3.843	1.734	0	2.658	0	3.843	1.734	0	0	0	1.039	0	0	1	0	0.5	1	0	1	0	0.5	1	0	0	0	0	0	0	0	1	0	0	0	0	0	0	0	0.415	0.508
0	0	6.215	0	0.981	0	0	7.125	0	0	0	0	0.91	0	0.981	0	0	0.821	0	0	0	0	0.821	0	0	0	0	0	0	0	0	0	0	0	0.429	0	0	0	0	0.571	0.418	0.212
