0	18.201	0	13.013	0	0	25.961	0	19.134	0	0	0	0	0	0	0	0.391	0	0.516	0	0	0.391	0	0.516	0	0	0	0	0	0	0	0	0	0	0	0	0	0	0	0	0.893	0.760
0	0	0	0.975	0	0	0	0	0.975	0	0	0	0	0.975	0	0	0	0	0	0	0	0	0	0	0	0	0	0	0	0	0.2	0.5	0	0.2	0.2	0.2	0.5	0	0	0	0	0.471
0	3.576	12.29	0	4.531	0	4.526	12.29	0	4.531	0	0.883	2.853	0	0.909	0	0.8	0.59	0	0.6	0	0.8	0.59	0	0.6	0	0	0.333	0	0	0.75	0	0.2	0.5	0	1	0	0	0.25	0	0.417	0.986
0	0	0	0	0	0	0	0	0	0	0	0	0	0	0	0	0	0	0	0	0	0	0	0	0	0	0	0	0	0	0.25	0.333	0.4	0.4	0	0.25	0.667	0	0	0	0	0.871
0	0	0	0	0	0	0	0	0	0	0	0	0	0	0	0	0	0	0	0	0	0	0	0	0	0	0	0	0	0	0	0.4	0.5	0.111	0	0	0.2	0	0	0	0	0.639
13.013	6.159	18.201	19.122	0	19.134	11.991	25.961	27.108	0	0	0	0	0	0	0.516	0.727	0.391	0.353	0	0.516	0.727	0.391	0.353	0	0	0	0	0	0	0	0	0	0	0	0	0.2	0	0	0	0.056	0.277
9.59	0	2.777	9.337	5.876	16.296	0.879	7.482	13.45	13.232	0	0	0	0	0	0.724	0	0.571	0.718	0.833	0.724	0	0.571	0.718	0.833	0	0	0	0	0	0	0.6	0	0	0.5	0.667	0.6	0	0	0.5	0	0.550
0	0	0	9.172	1.997	0	0	0	11.996	2.885	0	0	0	2.772	2.885	0	0	0	0.346	0.667	0	0	0	0.346	0.667	0	0	0	0.333	0.667	0	0	0	0	0	0	0	0	0	0	0.296	0.499
0	0	0	0	0	0	0	0	0	0	0	0	0	0	0	0	0	0	0	0	0	0	0	0	0	0	0	0	0	0	0	0.25	0.2	0	0.111	0	0	0	0	0	0.116	0.288
0	0	0	1.77	0	0	0	0	2.871	0	0	0	0	1.101	0	0	0	0	0.667	0	0	0	0	0.667	0	0	0	0	0	0	0	0	0	0	0	0	0	0	0	0	0.415	0.600
0	1.012	2.963	0	0	2.861	7.895	8.901	0	0	2.861	7.895	7.897	0	0	0.667	0.643	0.611	0	0	0.667	0.643	0.611	0	0	0.667	0.571	0.536	0	0	0	0	0	0.444	0.5	0	0	0	1	0	0.557	0.216
0	0	0	0	9.429	0	0	0	0	10.711	0	0	0	0	5.19	0	0	0	0	0.473	0	0	0	0	0.473	0	0	0	0	0.5	0.4	0.333	0.4	0	0	0.6	0.667	0.4	0	0	0	0.745
0	0.915	0	1.835	0	0	0.915	0	1.835	0	0	0.915	0	0.936	0	0	0	0	1	0	0	0	0	1	0	0	0	0	0	0	0	0	0	0.286	0	0	0	0	0	0	0.42	0.187
0	-1	0	-1	0	0	-1	0	-1	0	0	-1	0	-1	0	0	-1	0	-1	0	0	-1	0	-1	0	0	-1	0	-1	0	0	-1	0	-1	0	0	-1	0	-1	0	0.899	0.996
1.826	0	0	0	0	1.826	0	0	0	0	0	0	0	0	0	0	0	0	0	0	0	0	0	0	0	0	0	0	0	0	0	0	0	0.5	0	0	0	0	0	0	0.198	0.198
0	0	1.997	0	1.855	0	0	2.885	0	2.834	0	0	2.885	0	1.855	0	0	0.667	0	0.667	0	0	0.667	0	0.667	0	0	0.667	0	1	0	0	0	0	0	0	0	0	0	0	0.554	0.496
0	0	0	0.908	0	0	0	0	0.908	0	0	0	0	0.908	0	0	0	0	0	0	0	0	0	0	0	0	0	0	0	0	1	0.8	0.6	1	0.625	1	0	0.8	0.2	0.125	0.298	0.973
3.67	5.637	0	1.782	0	7.615	9.025	0	3.864	0	3.922	3.247	0	1.908	0	0.393	0.75	0	0.833	0	0.393	0.75	0	0.833	0	0	0.333	0	0	0	0.2	0	0.4	0.333	0	0.6	0.2	0	0.333	0.5	0.298	0.388
0	0	0	0	0	0	0	0	0	0	0	0	0	0	0	0	0	0	0	0	0	0	0	0	0	0	0	0	0	0	0	0.333	0	0.25	0.4	0	0	0	0	0.4	0.419	0.243
0	0	0	0	7.442	0	0	0	0	8.322	0	0	0	0	5.649	0	0	0	0	0.417	0	0	0	0	0.417	0	0	0	0	0.4	0	0	0.2	0	0	0	0	0.4	0	0	0.418	0.349
0	0	0	0	0	0	0	0	0	0	0	0	0	0	0	0	0	0	0	0	0	0	0	0	0	0	0	0	0	0	0	0	0	0	0	0	0	0	0	0	0	0.638
0	0	0.898	0	0	0	0.881	2.892	0	0	0	0.881	1.994	0	0	0	0	1	0	0	0	0	1	0	0	0	0	0	0	0	0	0	0	0.4	0.8	0	0	0	0	1	0.898	0.289
0	0	0	0	0	0	0	0	0	0	0	0	0	0	0	0	0	0	0	0	0	0	0	0	0	0	0	0	0	0	0	0	0	0	0	0	0	0	0	0	0.556	0.923
0.915	1.835	0	0	0	0.915	1.835	0	0	0	0.915	0.936	0	0	0	0	1	0	0	0	0	1	0	0	0	0	0	0	0	0	0	0.286	0	0	0	0	0	0	0	0	0	0.513
0	0	0	0	0	0	0	0	0	0	0	0	0	0	0	0	0	0	0	0	0	0	0	0	0	0	0	0	0	0	0	0.25	0	0.111	0.667	0	0	0	0	0.333	0.299	0.094
0	2.685	0	0	0	0	3.621	0	0	0	0	0.936	0	0	0	0	0.5	0	0	0	0	0.5	0	0	0	0	0	0	0	0	0	0	0	0	0	0.6	0	0	0	0	0	0.565
0	0	0	0	0	0	0	0.895	0	0	0	0	0.895	0	0	0	0	0	0	0	0	0	0	0	0	0	0	0	0	0	0.429	0.4	0.667	0	0	0.143	0	0	0	0	0.557	0.328
0	0	28.004	0.898	0	0	0	33.076	2.892	0	0	0	9.89	1.994	0	0	0	0.205	1	0	0	0	0.205	1	0	0	0	0.133	0	0	0	0.8	0.6	0	0.6	0	1	0	0	0.4	0.415	0.518
0	0	0	0	0	0	0	0	0	0	0	0	0	0	0	0	0	0	0	0	0	0	0	0	0	0	0	0	0	0	0.667	0	0.2	0	0.111	0.333	0	0	0	0	0	0.653
3.576	0	0	0	12.29	4.526	0	0	0	12.29	0.883	0	0	0	2.853	0.8	0	0	0	0.59	0.8	0	0	0	0.59	0	0	0	0	0.333	0	0.5	0.75	0.25	0.2	0	0.25	1	0	0	0.415	0.287
0	0	1.826	0	0	0	0	1.826	0	0	0	0	0	0	0	0	0	0	0	0	0	0	0	0	0	0	0	0	0	0	0	0.5	0	0	0	0	0	0	0	0	0.42	0.249
1.855	1.997	0	0	1.835	2.834	2.885	0	0	1.835	1.855	2.885	0	0	0.936	0.667	0.667	0	0	1	0.667	0.667	0	0	1	1	0.667	0	0	0	0	0	0	0	0.286	0	0	0	0	0	0.415	0.170
0	0	0.908	0	0	0	0	0.908	0	0	0	0	0.908	0	0	0	0	0	0	0	0	0	0	0	0	0	0	0	0	0	1	1	1	0.6	0.8	1	1	0.2	0.6	0	0	0.975
9.271	6.275	0	8.547	17.057	18.873	12.801	7.131	17.71	26.152	0	0	0	0	0	0.603	0.773	0.762	0.6	0.384	0.603	0.773	0.762	0.6	0.384	0	0	0	0	0	0	0	0	0	0.2	0	0	0	0.333	0.2	0	0.360
0	0	0	0	0.975	0	0	0	0	0.975	0	0	0	0	0.975	0	0	0	0	0	0	0	0	0	0	0	0	0	0	0	1	0.625	0.875	0.6	0.2	1	0.125	1	0.8	0	0.117	0.971
1.012	0	0	6.419	2.963	7.895	0	2.861	11.55	8.901	7.895	0	2.861	7.021	7.897	0.643	0	0.667	0.379	0.611	0.643	0	0.667	0.379	0.611	0.571	0	0.667	0.524	0.536	0	0.444	0	0	0	0	1	0	0	0	0.116	0.311
0	4.531	0	12.29	0	0	4.531	0	12.29	0	0	0.909	0	2.853	0	0	0.6	0	0.59	0	0	0.6	0	0.59	0	0	0	0	0.333	0	0	0	0.2	0.2	0	0	0	0	0	0	0.714	0.396
1.782	17.869	5.637	3.942	3.67	3.864	21.388	9.025	6.129	7.615	1.908	8.011	3.247	1.178	3.922	0.833	0.4	0.75	0.8	0.393	0.833	0.4	0.75	0.8	0.393	0	0.179	0.333	0	0	0.333	0	0	0	0.2	0.333	0	0.2	0	0.6	0	0.393
0	0	0	0	0	0	0	0	0	0	0	0	0	0	0	0	0	0	0	0	0	0	0	0	0	0	0	0	0	0	0	0	0	0	0	0	0	0	0	0	0.415	0.521
0	0	0.912	0	9.721	0	0	2.754	0.932	12.685	0	0	1.842	0.932	8.92	0	0	1	0	0.333	0	0	1	0	0.333	0	0	1	0	0.222	0	0	0.286	0.286	0	0	0	0.429	0.286	0	0.117	0.471
0	0	0	0	-1	0	0	0	0	-1	0	0	0	0	-1	0	0	0	0	-1	0	0	0	0	-1	0	0	0	0	-1	0	0	0	0	-1	0	0	0	0	-1	0.898	0.996
0	0	0	2.685	0	0	0	0	3.621	0	0	0	0	0.936	0	0	0	0	0.5	0	0	0	0	0.5	0	0	0	0	0	0	0	0	0	0	0.333	0	0.6	0	0	1	0	0.388
0	5.467	0	9.28	0	0	7.409	0	12.254	0	0	1.942	0	3.859	0	0	0.5	0	0.449	0	0	0.5	0	0.449	0	0	0	0	0.333	0	0	0	0	0	0	0	0	0	0	0	0.556	0.160
0	0	0	0	0	0	0	0	0	0	0	0	0	0	0	0	0	0	0	0	0	0	0	0	0	0	0	0	0	0	0.2	0.667	0.111	0	0.4	0	0.333	0	0	0.2	0	0.707
5.467	9.28	0	2.724	0	7.409	12.254	0	4.683	0	1.942	3.859	0	2.876	0	0.5	0.449	0	0.4	0	0.5	0.449	0	0.4	0	0	0.333	0	0.333	0	0	0	0	0	0	0	0	0	0	0	0	0.283
0	0	0	-1	0	0	0	0	-1	0	0	0	0	-1	0	0	0	0	-1	0	0	0	0	-1	0	0	0	0	-1	0	0	0	0	-1	0	0	0	0	-1	0	0.717	0.996
0	0	0	0.915	0	0	0	0	0.915	0	0	0	0	0.915	0	0	0	0	0	0	0	0	0	0	0	0	0	0	0	0	0	0	0	0	0	0	0	0	0	0	0.898	0.269
0	0	0	0	5.735	0	0	0	0	7.908	0	0	0	0	0	0	0	0	0	0.929	0	0	0	0	0.929	0	0	0	0	0	0	0	0	0	0	0.4	0	0.8	0	0	0	0.513
0	9.172	0	13.886	0	0	11.996	0	14.775	0	0	2.772	0	4.719	0	0	0.346	0	0.325	0	0	0.346	0	0.325	0	0	0.333	0	0.4	0	0	0	0	0	0	0	0	0	0	0	0	0.503
12.29	0	4.531	3.576	0	12.29	0	4.531	4.526	0	2.853	0	0.909	0.883	0	0.59	0	0.6	0.8	0	0.59	0	0.6	0.8	0	0.333	0	0	0	0	0.2	0.75	0	0	0	0	1	0	0	0	0	0.346
1.859	0	0	0	0	1.859	0	0	0	0	0.944	0	0	0	0	0	0	0	0	0	0	0	0	0	0	0	0	0	0	0	0.143	0	0.111	0	0.4	0.143	0	0	0	0.4	0.557	0.417
0	1.859	0	0	0	0	1.859	0	0	0	0	0.944	0	0	0	0	0	0	0	0	0	0	0	0	0	0	0	0	0	0	0.111	0.143	0.4	0	0	0	0.143	0.4	0	0	0.554	0.506
0	0	0	0	0	0	0	0	0	0	0	0	0	0	0	0	0	0	0	0	0	0	0	0	0	0	0	0	0	0	0.333	0.4	0.25	0.2	0.4	0.667	0	0.25	0	0	0	0.773
0	0	0	0	0	0	0	0	0	0	0	0	0	0	0	0	0	0	0	0	0	0	0	0	0	0	0	0	0	0	0	0	0	0	0	0	0	0	0	0	0.557	0.706
0	0	0	0	0	0	0	0	0	0	0	0	0	0	0	0	0	0	0	0	0	0	0	0	0	0	0	0	0	0	0	0	0.4	0.333	1	0	0	0.4	0	0.667	0.2	0.350
0	0	9.429	0	0	0	0	10.711	0	0	0	0	5.19	0	0	0	0	0.473	0	0	0	0	0.473	0	0	0	0	0.5	0	0	0.4	0.4	0	0.333	0.2	0.4	0.6	0	0.667	0.2	0	0.589
0	0	1.859	0	0	0	0	1.859	0	0	0	0	0.944	0	0	0	0	0	0	0	0	0	0	0	0	0	0	0	0	0	0	0	0.143	0	0.111	0	0	0.143	0	0	0.558	0.256
0	0	7.442	0	0	0	0	8.322	0	0	0	0	5.649	0	0	0	0	0.417	0	0	0	0	0.417	0	0	0	0	0.4	0	0	0.2	0	0	0	0	0.4	0	0	0	0	0	0.760
0	0	0	0	0	0	0	0	0	0	0	0	0	0	0	0	0	0	0	0	0	0	0	0	0	0	0	0	0	0	0.25	0	0.333	0	0	0	0	0	0	0	0.896	0.138
0	0	0	0	0	0	0	0	0	0	0	0	0	0	0	0	0	0	0	0	0	0	0	0	0	0	0	0	0	0	0	0	0	0.125	0.2	0	0	0	0	0.4	0.716	0.254
0	0	0	0	0	0	0	0	0	0	0	0	0	0	0	0	0	0	0	0	0	0	0	0	0	0	0	0	0	0	0	0	0	0	0	0	0	0	0	0	0.896	0.979
0	0	0.975	0	0	0	0	0.975	0	0	0	0	0.975	0	0	0	0	0	0	0	0	0	0	0	0	0	0	0	0	0	0.875	1	0.2	0.625	0.5	1	1	0	0.125	0.5	0	0.872
0	0	0	0	0	0	0	0	0	0	0	0	0	0	0	0	0	0	0	0	0	0	0	0	0	0	0	0	0	0	0	0.2	0.2	0.5	0.4	0	0.2	0	0.5	0	0	0.625
0	9.6	0	0	0	0	11.445	0	0	0	0	5.687	0	0	0	0	0.515	0	0	0	0	0.515	0	0	0	0	0.467	0	0	0	0	0	0.25	0	0.5	0	0	0	0	0.25	0	0.555
0	9.337	9.59	5.735	2.777	0.879	13.45	16.296	7.908	7.482	0	0	0	0	0	0	0.718	0.724	0.929	0.571	0	0.718	0.724	0.929	0.571	0	0	0	0	0	0.6	0	0	0	0	0.6	0	0.667	0	0	0	0.735
0	5.876	6.441	2.777	8.547	4.501	13.232	13.687	7.482	17.71	0	0	0	0	0	0.9	0.833	0.731	0.571	0.6	0.9	0.833	0.731	0.571	0.6	0	0	0	0	0	0.25	0.5	0	0	0	0	0.5	0	0	0.333	0	0.698
0	2.88	1.795	1.881	0	0	6.643	5.605	5.591	0	0	5.68	3.81	5.591	0	0	0.619	0.6	0.6	0	0	0.619	0.6	0.6	0	0	0.467	0.333	0.467	0	0.4	0	0	0	0	0.2	0	0	0	0	0	0.582
0	0.898	0	0	28.004	0	2.892	0	0	33.076	0	1.994	0	0	9.89	0	1	0	0	0.205	0	1	0	0	0.205	0	0	0	0	0.133	0.8	0	0	0	0.6	1	0	0	0	0	0.298	0.898
5.876	2.777	0	9.59	6.441	13.232	7.482	4.501	16.296	13.687	0	0	0	0	0	0.833	0.571	0.9	0.724	0.731	0.833	0.571	0.9	0.724	0.731	0	0	0	0	0	0.5	0	0.25	0	0	0.5	0	0	0.667	0	0	0.564
0.888	0	0	0.924	0	1.769	0	0	1.804	0	1.769	0	0	0.88	0	0	0	0	0	0	0	0	0	0	0	0	0	0	0	0	0	0	0.125	0	0	0	0	0	0	0	0.119	0.440
0	0	0	0	0	0	0	0	0	0.895	0	0	0	0	0.895	0	0	0	0	0	0	0	0	0	0	0	0	0	0	0	0.4	0	0.429	0	0.667	0	0	0.143	0	0	0.014	0.586
0	9.429	8.389	0	0	0	10.711	11.698	0	0.932	0	5.19	7.063	0	0.932	0	0.473	0.561	0	0	0	0.473	0.561	0	0	0	0.5	0.381	0	0	0.2	0	0.556	0.4	0.286	0.2	0	0.111	0.4	0.286	0	0.465
10.351	1.888	5.662	12.16	6.419	14.837	5.676	11.749	16.442	11.55	9.25	5.676	8.06	7.165	7.021	0.381	0.6	0.379	0.294	0.379	0.381	0.6	0.379	0.294	0.379	0.25	0.467	0.429	0.429	0.524	0	0	0	0	0	0.2	0	0	0	0	0.298	0.246
11.063	0.913	2.724	0	9.28	13.126	2.842	4.683	0	12.254	4.922	2.842	2.876	0	3.859	0.44	0.667	0.4	0	0.449	0.44	0.667	0.4	0	0.449	0	0.667	0.333	0	0.333	0	0	0	0	0	0.2	0	0	0	0	0.556	0.294
0	0	0	0	0	0	0	0	0	0	0	0	0	0	0	0	0	0	0	0	0	0	0	0	0	0	0	0	0	0	0	0	0	0	0	0	0	0	0	0	0.896	0.879
0	1.826	0	0	0	0	1.826	0	0	0	0	0	0	0	0	0	0	0	0	0	0	0	0	0	0	0	0	0	0	0	0	0	0	0	0.25	0	0	0	0	0	0.717	0.236
9.172	13.886	0	9.721	0	11.996	14.775	0	12.685	0	2.772	4.719	0	8.92	0	0.346	0.325	0	0.333	0	0.346	0.325	0	0.333	0	0.333	0.4	0	0.222	0	0	0	0	0	0	0	0	0	0	0	0	0.212
0	9.271	17.057	6.275	19.122	7.131	18.873	26.152	12.801	27.108	0	0	0	0	0	0.762	0.603	0.384	0.773	0.353	0.762	0.603	0.384	0.773	0.353	0	0	0	0	0	0	0	0.2	0	0	0	0	0.2	0	0	0	0.386
13.886	9.721	9.172	0.912	0	14.775	12.685	11.996	2.754	0	4.719	8.92	2.772	1.842	0	0.325	0.333	0.346	1	0	0.325	0.333	0.346	1	0	0.4	0.222	0.333	1	0	0	0	0	0.286	0	0	0	0	0.429	0	0.419	0.237
0	0	0	0	1.766	0	0	0	0	1.766	0	0	0	0	1.766	0	0	0	0	1	0	0	0	0	1	0	0	0	0	1	0	0	0.333	0	0.4	0	0	1	0.6	0	0	0.654
28.004	0	0	0	12.16	33.076	0	0	0	16.442	9.89	0	0	0	7.165	0.205	0	0	0	0.294	0.205	0	0	0	0.294	0.133	0	0	0	0.429	0.6	0	0.6	0.8	0	0	0	0.4	1	0	0.418	0.322
0	0	0	0	0	0	0	0	0	0	0	0	0	0	0	0	0	0	0	0	0	0	0	0	0	0	0	0	0	0	0	0	0	0	0	0	0	0	0	0	0	0.669
0	3.67	0	5.637	0	0	7.615	0	9.025	0	0	3.922	0	3.247	0	0	0.393	0	0.75	0	0	0.393	0	0.75	0	0	0	0	0.333	0	0.4	0.2	0	0	0	0	0.6	0.5	0.2	0	0	0.681
0	0	0	0	0	0	0	0	0	0	0	0	0	0	0	0	0	0	0	0	0	0	0	0	0	0	0	0	0	0	0.25	0.111	0	0.2	0	0	0	0	0	0	0	0.653
4.896	0	21.479	0	3.942	8.163	0	27.119	0	6.129	0	0	0	0	1.178	0.75	0	0.382	0	0.8	0.75	0	0.382	0	0.8	0	0	0	0	0	0	0	0.4	0	0	0	0	0.4	0	0	0.717	0.205
17.869	3.942	1.782	21.479	5.637	21.388	6.129	3.864	27.119	9.025	8.011	1.178	1.908	0	3.247	0.4	0.8	0.833	0.382	0.75	0.4	0.8	0.833	0.382	0.75	0.179	0	0	0	0.333	0	0	0.333	0.4	0	0	0	0.333	0.4	0.2	0	0.497
6.441	0	8.547	5.876	6.275	13.687	4.501	17.71	13.232	12.801	0	0	0	0	0	0.731	0.9	0.6	0.833	0.773	0.731	0.9	0.6	0.833	0.773	0	0	0	0	0	0	0.25	0	0.5	0	0	0	0.333	0.5	0	0	0.376
0.908	0	0	0	0	0.908	0	0	0	0	0.908	0	0	0	0	0	0	0	0	0	0	0	0	0	0	0	0	0	0	0	1	1	0.8	1	1	0.2	1	0	1	1	0.298	0.625
0	0	0	4.531	0	0	0	0	4.531	0	0	0	0	0.909	0	0	0	0	0.6	0	0	0	0	0.6	0	0	0	0	0	0	0.2	0	0	0	0.25	0	0	0	0	0	0	0.407
0	1.855	1.835	1.997	0.915	0	2.834	1.835	2.885	0.915	0	1.855	0.936	2.885	0.915	0	0.667	1	0.667	0	0	0.667	1	0.667	0	0	1	0	0.667	0	0	0	0.286	0	0	0	0	0	0	0	0.556	0.233
0	0	0	0	0	0	0	0	0	0	0	0	0	0	0	0	0	0	0	0	0	0	0	0	0	0	0	0	0	0	0	0	0	0	0	0	0	0	0	0	0.554	0.798
0	0	4.896	0	21.479	0	0	8.163	0	27.119	0	0	0	0	0	0	0	0.75	0	0.382	0	0	0.75	0	0.382	0	0	0	0	0	0	0	0	0	0.4	0	0	0	0	0.4	0.896	0.351
0	0	0	0	0	0	0	0	0	0	0	0	0	0	0	0	0	0	0	0	0	0	0	0	0	0	0	0	0	0	0	0	0	0	0	0	0	0	0	0	0.415	0.979
0	0	0	0	0	0	0	0	0	0	0	0	0	0	0	0	0	0	0	0	0	0	0	0	0	0	0	0	0	0	0.111	0.2	0.4	0.667	0	0	0	0.2	0.333	0	0.419	0.260
0	0	0	0	0	0	0	0	0	0	0	0	0	0	0	0	0	0	0	0	0	0	0	0	0	0	0	0	0	0	0	0	0	0	0	0	0	0.4	0	0.8	0	0.440
0	0	0	0.888	0	0	0	0	1.769	0	0	0	0	1.769	0	0	0	0	0	0	0	0	0	0	0	0	0	0	0	0	0	0.125	0	0	0	0	0	0	0	0	0.294	0.493
0	11.666	0.913	1.766	11.063	0	12.679	2.842	1.766	13.126	0	6.81	2.842	1.766	4.922	0	0.5	0.667	1	0.44	0	0.5	0.667	1	0.44	0	0.286	0.667	1	0	0	0	0	0.4	0	0	0.25	0	0	0.2	0	0.731
1.795	0	0	2.88	1.77	5.605	0	0	6.643	2.871	3.81	0	0	5.68	1.101	0.6	0	0	0.619	0.667	0.6	0	0	0.619	0.667	0.333	0	0	0.467	0	0	0.4	0	0	0	0	0.2	0	0	0	0	0.264
1.77	0	0	1.795	0	2.871	0	0	5.605	0	1.101	0	0	3.81	0	0.667	0	0	0.6	0	0.667	0	0	0.6	0	0	0	0	0.333	0	0	0	0	0	0	0	0	0	0	0	0.418	0.114
0	0	0	9.6	3.576	0	0	0	11.445	4.526	0	0	0	5.687	0.883	0	0	0	0.515	0.8	0	0	0	0.515	0.8	0	0	0	0.467	0	0.25	0	0.5	0	0	0	0	0.25	0	0	0.3	0.608
18.201	13.013	0	6.159	0	25.961	19.134	0	11.991	0	0	0	0	0	0	0.391	0.516	0	0.727	0	0.391	0.516	0	0.727	0	0	0	0	0	0	0	0	0	0	0	0	0	0	0.2	0	0.718	0.258
3.942	21.479	17.869	4.896	1.782	6.129	27.119	21.388	8.163	3.864	1.178	0	8.011	0	1.908	0.8	0.382	0.4	0.75	0.833	0.8	0.382	0.4	0.75	0.833	0	0	0.179	0	0	0	0.4	0	0	0.333	0	0.4	0	0	0.333	0.417	0.277
0	0	3.576	0	0	0	0	4.526	0	0	0	0	0.883	0	0	0	0	0.8	0	0	0	0	0.8	0	0	0	0	0	0	0	0.5	0.25	0	0	0.75	0.25	0	0	0	1	0	0.641
0	0	0	0	0	0	0	0	0	0	0	0	0	0	0	0	0	0	0	0	0	0	0	0	0	0	0	0	0	0	1	0.4	0.6	0	1	0.667	0.4	0.6	0	1	0	0.705
9.337	5.735	0	0	9.59	13.45	7.908	0.879	0	16.296	0	0	0	0	0	0.718	0.929	0	0	0.724	0.718	0.929	0	0	0.724	0	0	0	0	0	0	0	0.6	0	0	0	0	0.6	0.8	0.667	0	0.390
0	0	0	0	0	0	0	0	0	0	0	0	0	0	0	0	0	0	0	0	0	0	0	0	0	0	0	0	0	0	0.2	0	0.4	0.2	0.333	0	0	0	0.2	0.667	0	0.364
0	0	0	0	0	0	0	0	0	0	0	0	0	0	0	0	0	0	0	0	0	0	0	0	0	0	0	0	0	0	0	0	0	0	0	0	0	0	0	0	0.717	0.954
9.28	2.724	5.467	11.063	0	12.254	4.683	7.409	13.126	0	3.859	2.876	1.942	4.922	0	0.449	0.4	0.5	0.44	0	0.449	0.4	0.5	0.44	0	0.333	0.333	0	0	0	0	0	0	0	0	0	0	0	0.2	0	0.117	0.313
0	0	0	0	0	0	0	0	0	0	0	0	0	0	0	0	0	0	0	0	0	0	0	0	0	0	0	0	0	0	0	0	0	0	0	0	0	0	0	0	0.418	0.514
0	0	0	0	0	0	0	0	0	0	0	0	0	0	0	0	0	0	0	0	0	0	0	0	0	0	0	0	0	0	0.4	0.2	0.333	0	0.25	0	0	0.667	0	0.25	0	0.664
0	2.963	1.881	0	2.88	0	8.901	5.591	2.861	6.643	0	7.897	5.591	2.861	5.68	0	0.611	0.6	0.667	0.619	0	0.611	0.6	0.667	0.619	0	0.536	0.467	0.667	0.467	0.5	0	0	0	0	0	0	0	0	0	0	0.558
0	0.924	0.888	0.999	0	0	1.804	1.769	0.999	0	0	0.88	1.769	0	0	0	0	0	0	0	0	0	0	0	0	0	0	0	0	0	0	0	0	0	0.125	0	0	0	0	0	0.898	0.265
0	28.004	12.16	0	1.888	0	33.076	16.442	0	5.676	0	9.89	7.165	0	5.676	0	0.205	0.294	0	0.6	0	0.205	0.294	0	0.6	0	0.133	0.429	0	0.467	0.6	0.6	0	0	0	0.4	0	0	0	0	0	0.521
4.554	0	0	7.442	0	5.622	0	0	8.322	0.881	1.956	0	0	5.649	0.881	0.467	0	0	0.417	0	0.467	0	0	0.417	0	0	0	0	0.4	0	0.2	0	0.4	0	0	0	0	0	0	0	0.292	0.225
0	0	0	1.859	0	0	0	0	1.859	0	0	0	0	0.944	0	0	0	0	0	0	0	0	0	0	0	0	0	0	0	0	0.4	0.111	0	0.143	0.333	0.4	0	0	0.143	0.667	0.014	0.646
0	0	0	0	1.859	0	0	0	0	1.859	0	0	0	0	0.944	0	0	0	0	0	0	0	0	0	0	0	0	0	0	0	0	0	0	0	0.143	0	0	0	0	0.143	0.72	0.239
9.721	0.912	13.886	0	9.172	12.685	2.754	14.775	0	11.996	8.92	1.842	4.719	0	2.772	0.333	1	0.325	0	0.346	0.333	1	0.325	0	0.346	0.222	1	0.4	0	0.333	0	0.286	0	0	0	0	0.429	0	0	0	0.296	0.354
0	0	0	0	0.908	0	0	0	0	0.908	0	0	0	0	0.908	0	0	0	0	0	0	0	0	0	0	0	0	0	0	0	1	0.6	1	1	1	1	0.6	1	0.667	0.2	0	0.977
0	0	0	1.826	0	0	0	0	1.826	0	0	0	0	0	0	0	0	0	0	0	0	0	0	0	0	0	0	0	0	0	0	0	0.25	0	0.333	0	0	0	0	0	0.896	0.193
0	0	0	0	0	0	0	0	0	0	0	0	0	0	0	0	0	0	0	0	0	0	0	0	0	0	0	0	0	0	0.6	1	1	0.4	1	0.6	0.667	1	0.4	1	0	0.811
0	0	0	0	0	0	0	0	0	0	0	0	0	0	0	0	0	0	0	0	0	0	0	0	0	0	0	0	0	0	0	0	0.4	0	0.429	0	0	0	0	0.143	0.56	0.545
12.16	0	1.888	28.004	10.351	16.442	0	5.676	33.076	14.837	7.165	0	5.676	9.89	9.25	0.294	0	0.6	0.205	0.381	0.294	0	0.6	0.205	0.381	0.429	0	0.467	0.133	0.25	0	0.6	0	0.6	0	0	0.4	0	0	0.2	0.3	0.268
0.898	0	0	0	0	2.892	0	0	0.881	0	1.994	0	0	0.881	0	1	0	0	0	0	1	0	0	0	0	0	0	0	0	0	0	0	0.8	0	0	0	0	1	0	0	0.296	0.312
5.662	10.351	6.419	1.888	0	11.749	14.837	11.55	5.676	0	8.06	9.25	7.021	5.676	0	0.379	0.381	0.379	0.6	0	0.379	0.381	0.379	0.6	0	0.429	0.25	0.524	0.467	0	0	0	0	0	0.444	0	0.2	0	0	1	0.419	0.175
0	0	0	0	0	0	0	0	0	0	0	0	0	0	0	0	0	0	0	0	0	0	0	0	0	0	0	0	0	0	0.4	0	1	0	0.6	0.4	0	0.667	0	0.6	0	0.743
2.685	0	0	0	0	3.621	0	0	0	0	0.936	0	0	0	0	0.5	0	0	0	0	0.5	0	0	0	0	0	0	0	0	0	0	0	0	0	0	0	0	0.6	0.5	0	0.296	0.219
0	0	0	3.67	2.685	0	0	0	7.615	3.621	0	0	0	3.922	0.936	0	0	0	0.393	0.5	0	0	0	0.393	0.5	0	0	0	0	0	0	0.4	0	0.2	0	0.5	0	0	0.6	0	0.417	0.493
0	0	0	8.389	0.912	0	0.932	0	11.698	2.754	0	0.932	0	7.063	1.842	0	0	0	0.561	1	0	0	0	0.561	1	0	0	0	0.381	1	0	0.286	0	0.556	0.286	0	0.286	0	0.111	0.429	0.716	0.471
0	0	2.685	0	0	0	0	3.621	0	0	0	0	0.936	0	0	0	0	0.5	0	0	0	0	0.5	0	0	0	0	0	0	0	0	0	0	0.4	0	0	0.5	0	0	0.6	0.196	0.329
0	0	0	0	0	0	0	0	0	0	0	0	0	0	0	0	0	0	0	0	0	0	0	0	0	0	0	0	0	0	0.6	1	0.625	0.8	1	0.8	1	0.125	0	1	0.298	0.635
19.122	17.057	6.159	0	13.013	27.108	26.152	11.991	7.131	19.134	0	0	0	0	0	0.353	0.384	0.727	0.762	0.516	0.353	0.384	0.727	0.762	0.516	0	0	0	0	0	0	0.2	0	0	0	0	0.2	0.2	0	0	0.56	0.363
0	0.908	0	0	0	0	0.908	0	0	0	0	0.908	0	0	0	0	0	0	0	0	0	0	0	0	0	0	0	0	0	0	0.8	1	1	1	0.6	0	0.2	1	1	0.8	0	0.733
0	0	0.999	0	0.924	0	0	0.999	0	1.804	0	0	0	0	0.88	0	0	0	0	0	0	0	0	0	0	0	0	0	0	0	0	0.4	0	0.25	0	0	0	0	0.25	0	0.556	0.221
17.057	0	19.122	9.271	6.159	26.152	7.131	27.108	18.873	11.991	0	0	0	0	0	0.384	0.762	0.353	0.603	0.727	0.384	0.762	0.353	0.603	0.727	0	0	0	0	0	0.2	0	0	0	0	0.2	0	0	0	0.2	0.198	0.389
0	0	1.766	0	11.666	0	0	1.766	0	12.679	0	0	1.766	0	6.81	0	0	1	0	0.5	0	0	1	0	0.5	0	0	1	0	0.286	0.333	0	0.4	0	0	1	0	0	0	0.25	0	0.734
0.924	0.999	0	0	0.888	1.804	0.999	0	0	1.769	0.88	0	0	0	1.769	0	0	0	0	0	0	0	0	0	0	0	0	0	0	0	0	0	0	0	0	0	0	0	0	0	0.196	0.233
5.735	0	9.337	0	0	7.908	0	13.45	0	0.879	0	0	0	0	0	0.929	0	0.718	0	0	0.929	0	0.718	0	0	0	0	0	0	0	0	0	0	0	0.6	0	0.8	0	0.4	0.6	0	0.385
2.777	9.59	5.876	0	0	7.482	16.296	13.232	0.879	4.501	0	0	0	0	0	0.571	0.724	0.833	0	0.9	0.571	0.724	0.833	0	0.9	0	0	0	0	0	0	0	0.5	0.6	0.25	0	0.667	0.5	0.6	0	0	0.681
1.835	0	0.915	1.855	0	1.835	0	0.915	2.834	0	0.936	0	0.915	1.855	0	1	0	0	0.667	0	1	0	0	0.667	0	0	0	0	1	0	0.286	0	0	0	0	0	0	0	0	0	0.418	0.321
0	0	0	0	0	0	0	0	0	0	0	0	0	0	0	0	0	0	0	0	0	0	0	0	0	0	0	0	0	0	0	0.2	0.25	0	0	0	0	0	0	0	0.294	0.783
0	0	0	0	0	0	0	0	0	0	0	0	0	0	0	0	0	0	0	0	0	0	0	0	0	0	0	0	0	0	0	0	0	0	0	0	0	0	0	0	0.197	0.460
9.6	0	0	0	0	11.445	0	0	0.895	0	5.687	0	0	0.895	0	0.515	0	0	0	0	0.515	0	0	0	0	0.467	0	0	0	0	0	0	0	0.667	0.25	0	0	0	0	0	0.298	0.273
0	0	0	0	0.999	0	0	0	0	0.999	0	0	0	0	0	0	0	0	0	0	0	0	0	0	0	0	0	0	0	0	0.4	0.25	0	0.333	0	0	0.25	0	0.667	0	0	0.431
0.999	0	0.924	0	0	0.999	0	1.804	0	0	0	0	0.88	0	0	0	0	0	0	0	0	0	0	0	0	0	0	0	0	0	0	0	0	0.4	0	0	0	0	0	0	0.296	0.212
0	0.975	0	0	0	0	0.975	0	0	0	0	0.975	0	0	0	0	0	0	0	0	0	0	0	0	0	0	0	0	0	0	0.5	0.2	0.2	0.875	0	0.5	0	0.2	1	0	0	0.610
5.637	1.782	3.67	17.869	0	9.025	3.864	7.615	21.388	0	3.247	1.908	3.922	8.011	0	0.75	0.833	0.393	0.4	0	0.75	0.833	0.393	0.4	0	0.333	0	0	0.179	0	0	0.333	0.2	0	0.4	0.2	0.333	0.6	0	0	0.299	0.378
8.547	6.441	6.275	0	9.271	17.71	13.687	12.801	4.501	18.873	0	0	0	0	0	0.6	0.731	0.773	0.9	0.603	0.6	0.731	0.773	0.9	0.603	0	0	0	0	0	0	0	0	0.25	0	0.333	0	0	0	0	0	0.526
0	0	0	0	1.826	0	0	0	0	1.826	0	0	0	0	0	0	0	0	0	0	0	0	0	0	0	0	0	0	0	0	0.5	0	0	0.4	0	0	0	0	0.2	0	0.299	0.314
0	0	0	0	0	0	0	0	0	0	0	0	0	0	0	0	0	0	0	0	0	0	0	0	0	0	0	0	0	0	0	0	0.667	0.25	0.2	0	0	0.333	0	0	0.556	0.294
0	0	0	0	0	0	0	0	0	0	0	0	0	0	0	0	0	0	0	0	0	0	0	0	0	0	0	0	0	0	0.4	0.111	0	0.2	0.5	0.2	0	0	0	0	0	0.662
2.963	0	0	1.012	1.881	8.901	2.861	0	7.895	5.591	7.897	2.861	0	7.895	5.591	0.611	0.667	0	0.643	0.6	0.611	0.667	0	0.643	0.6	0.536	0.667	0	0.571	0.467	0	0	0.5	0	0	0	0	0	0	0	0	0.303
11.666	1.766	0	0	0.913	12.679	1.766	0	0	2.842	6.81	1.766	0	0	2.842	0.5	1	0	0	0.667	0.5	1	0	0	0.667	0.286	1	0	0	0.667	0	0.4	0	0.333	0	0.25	0	0	1	0	0	0.377
1.888	12.16	10.351	0	5.662	5.676	16.442	14.837	0	11.749	5.676	7.165	9.25	0	8.06	0.6	0.294	0.381	0	0.379	0.6	0.294	0.381	0	0.379	0.467	0.429	0.25	0	0.429	0	0	0	0.6	0	0	0	0.2	0.4	0	0	0.445
0	0	0	0	0	0	0	0	0	0	0	0	0	0	0	0	0	0	0	0	0	0	0	0	0	0	0	0	0	0	0.111	0.2	0.25	0	0	0	0	0	0	0	0.414	0.289
0	0	0	0	0	0	0	0	0	0	0	0	0	0	0	0	0	0	0	0	0	0	0	0	0	0	0	0	0	0	0.2	0	0.111	0.25	0.25	0	0	0	0	0	0.557	0.271
0	1.77	0	0	0	0	2.871	0	0	0	0	1.101	0	0	0	0	0.667	0	0	0	0	0.667	0	0	0	0	0	0	0	0	0	0	0	0	0	0	0	0	0	0	0	0.246
0.913	0	11.063	11.666	2.724	2.842	0	13.126	12.679	4.683	2.842	0	4.922	6.81	2.876	0.667	0	0.44	0.5	0.4	0.667	0	0.44	0.5	0.4	0.667	0	0	0.286	0.333	0	0	0	0	0	0	0	0.2	0.25	0	0	0.426
0	7.442	4.554	0	0	0	8.322	5.622	0	0	0	5.649	1.956	0	0	0	0.417	0.467	0	0	0	0.417	0.467	0	0	0	0.4	0	0	0	0	0	0.2	0.2	0.4	0	0	0	0.4	0	0.557	0.242
0	0	0	18.201	4.896	0	0	0	25.961	8.163	0	0	0	0	0	0	0	0	0.391	0.75	0	0	0	0.391	0.75	0	0	0	0	0	0	0	0	0	0	0	0	0	0	0	0.897	0.612
8.389	0	0	9.429	0	11.698	0	0.932	10.711	0	7.063	0	0.932	5.19	0	0.561	0	0	0.473	0	0.561	0	0	0.473	0	0.381	0	0	0.5	0	0.556	0.2	0.286	0	0	0.111	0.2	0.286	0	0	0.299	0.455
1.881	0	2.88	2.963	0	5.591	0	6.643	8.901	0	5.591	0	5.68	7.897	0	0.6	0	0.619	0.611	0	0.6	0	0.619	0.611	0	0.467	0	0.467	0.536	0	0	0.5	0	0	0.4	0	0	0	0	0.2	0.42	0.196
0	0	0	0	0	0	0	0	0	0	0	0	0	0	0	0	0	0	0	0	0	0	0	0	0	0	0	0	0	0	0.333	0	0.4	0.4	0.4	0.667	0	0.6	0.4	0.4	0	0.547
0	0	0	0	0	0	0	0	0	0	0	0	0	0	0	0	0	0	0	0	0	0	0	0	0	0	0	0	0	0	0	0.4	0.333	0.111	0.4	0	0.4	0.667	0	0.6	0.419	0.272
9.429	0	0	0	8.389	10.711	0	0	0	11.698	5.19	0	0	0	7.063	0.473	0	0	0	0.561	0.473	0	0	0	0.561	0.5	0	0	0	0.381	0	0.4	0.2	0.4	0.556	0	0.4	0.2	0.6	0.111	0	0.437
0	0	0	0	0	0	0	0	0	0	0	0	0	0	0	0	0	0	0	0	0	0	0	0	0	0	0	0	0	0	0	0	0	0	0	0	0	0	0	0.4	0	0.457
0.975	0	0	0	0	0.975	0	0	0	0	0.975	0	0	0	0	0	0	0	0	0	0	0	0	0	0	0	0	0	0	0	0.2	0.875	0.5	1	0.2	0	1	0.5	1	0.2	0	0.514
0	1.795	1.77	0	0	0	5.605	2.871	0	0	0	3.81	1.101	0	0	0	0.6	0.667	0	0	0	0.6	0.667	0	0	0	0.333	0	0	0	0	0	0	0.4	0	0	0	0	0.2	0	0.556	0.224
0	0	0	0	0	0	0	0	0	0	0	0	0	0	0	0	0	0	0	0	0	0	0	0	0	0	0	0	0	0	0.333	0.25	0	0	0	0	0	0	0	0	0.714	0.567
2.724	11.063	9.28	0.913	5.467	4.683	13.126	12.254	2.842	7.409	2.876	4.922	3.859	2.842	1.942	0.4	0.44	0.449	0.667	0.5	0.4	0.44	0.449	0.667	0.5	0.333	0	0.333	0.667	0	0	0	0	0	0	0	0.2	0	0	0	0.72	0.215
0	4.554	0	0	0	0	5.622	0.881	0	0	0	1.956	0.881	0	0	0	0.467	0	0	0	0	0.467	0	0	0	0	0	0	0	0	0.4	0.2	0	0	0	0	0	0	0	0	0	0.514
0	0	0	0	0	0	0	0	0	0	0	0	0	0	0	0	0	0	0	0	0	0	0	0	0	0	0	0	0	0	0.25	0	0	0.2	0.2	0	0	0	0	0	0.296	0.423
7.442	0	0	0	4.554	8.322	0	0	0	5.622	5.649	0	0	0	1.956	0.417	0	0	0	0.467	0.417	0	0	0	0.467	0.4	0	0	0	0	0	0.2	0	0	0.2	0	0.4	0	0	0	0.118	0.271
0	0	9.6	0	0	0	0.895	11.445	0	0	0	0.895	5.687	0	0	0	0	0.515	0	0	0	0	0.515	0	0	0	0	0.467	0	0	0	0.667	0	0.429	0	0	0	0	0.143	0	0	0.685
6.159	19.122	13.013	17.057	18.201	11.991	27.108	19.134	26.152	25.961	0	0	0	0	0	0.727	0.353	0.516	0.384	0.391	0.727	0.353	0.516	0.384	0.391	0	0	0	0	0	0	0	0	0.2	0	0.2	0	0	0.2	0	0.298	0.383
6.419	5.662	0	10.351	1.012	11.55	11.749	0	14.837	7.895	7.021	8.06	0	9.25	7.895	0.379	0.379	0	0.381	0.643	0.379	0.379	0	0.381	0.643	0.524	0.429	0	0.25	0.571	0	0	0.444	0	0	0	0	1	0.2	0	0.554	0.146
0	0	0	0	0	0	0	0	0	0	0	0	0	0	0	0	0	0	0	0	0	0	0	0	0	0	0	0	0	0	0	0	0	0	0.4	0	0	0	0	0	0.292	0.178
0	6.419	1.012	5.662	0	0	11.55	7.895	11.749	2.861	0	7.021	7.895	8.06	2.861	0	0.379	0.643	0.379	0.667	0	0.379	0.643	0.379	0.667	0	0.524	0.571	0.429	0.667	0.444	0	0	0	0	1	0	0	0	0	0	0.695
0	0	0	4.554	0.898	0.881	0	0	5.622	2.892	0.881	0	0	1.956	1.994	0	0	0	0.467	1	0	0	0	0.467	1	0	0	0	0	0	0	0.4	0	0.2	0	0	0	0	0	0	0.292	0.327
0.912	0	9.721	0	13.886	2.754	0	12.685	0	14.775	1.842	0	8.92	0	4.719	1	0	0.333	0	0.325	1	0	0.333	0	0.325	1	0	0.222	0	0.4	0.286	0	0	0	0	0.429	0	0	0	0	0.418	0.558
1.997	0	1.855	0	0	2.885	0	2.834	0	0	2.885	0	1.855	0	0	0.667	0	0.667	0	0	0.667	0	0.667	0	0	0.667	0	1	0	0	0	0	0	0	0	0	0	0	0	0	0.415	0.337
1.766	0	11.666	0	0	1.766	0	12.679	0	0	1.766	0	6.81	0	0	1	0	0.5	0	0	1	0	0.5	0	0	1	0	0.286	0	0	0.4	0.333	0	0	0	0	1	0.25	0	0	0	0.560
0	0	0	0	9.6	0.895	0	0	0	11.445	0.895	0	0	0	5.687	0	0	0	0	0.515	0	0	0	0	0.515	0	0	0	0	0.467	0.667	0.429	0	0.4	0	0	0.143	0	0	0	0.298	0.452
2.88	1.881	0	0	1.795	6.643	5.591	0	0	5.605	5.68	5.591	0	0	3.81	0.619	0.6	0	0	0.6	0.619	0.6	0	0	0.6	0.467	0.467	0	0	0.333	0	0	0.4	0.5	0	0	0	0.2	0	0	0.418	0.217
0	0	5.735	0	9.337	0	0	7.908	0	13.45	0	0	0	0	0	0	0	0.929	0	0.718	0	0	0.929	0	0.718	0	0	0	0	0	0	0	0	0	0	0.8	0.4	0	0	0	0.298	0.571
0	0.888	0	0	0	0	1.769	0	0	0	0	1.769	0	0	0	0	0	0	0	0	0	0	0	0	0	0	0	0	0	0	0.125	0	0	0	0	0	0	0	0	0	0.415	0.418
0	8.389	0	0	0	0.932	11.698	0	0	0	0.932	7.063	0	0	0	0	0.561	0	0	0	0	0.561	0	0	0	0	0.381	0	0	0	0.286	0.556	0	0.2	0	0.286	0.111	0	0.2	0	0.418	0.568
0	0	-1	0	-1	0	0	-1	0	-1	0	0	-1	0	-1	0	0	-1	0	-1	0	0	-1	0	-1	0	0	-1	0	-1	0	0	-1	0	-1	0	0	-1	0	-1	0.898	0.996
21.479	4.896	3.942	0	17.869	27.119	8.163	6.129	0	21.388	0	0	1.178	0	8.011	0.382	0.75	0.8	0	0.4	0.382	0.75	0.8	0	0.4	0	0	0	0	0.179	0.4	0	0	0	0	0.4	0	0	0	0	0.198	0.354
0	0	0	0	0	0	0	0	0	0	0	0	0	0	0	0	0	0	0	0	0	0	0	0	0	0	0	0	0	0	0	0	0	0	0	0	0	0	0	0	0	0.627
0	0	0	5.467	0	0	0	0	7.409	0	0	0	0	1.942	0	0	0	0	0.5	0	0	0	0	0.5	0	0	0	0	0	0	0	0	0	0	0	0	0	0	0	0	0.419	0.213
4.531	12.29	0	0	0	4.531	12.29	0	0	0	0.909	2.853	0	0	0	0.6	0.59	0	0	0	0.6	0.59	0	0	0	0	0.333	0	0	0	0	0.2	0	0.75	0.2	0	0	0	1	0	0.718	0.256
0	0	0	0	0	0	0	0	0	0	0	0	0	0	0	0	0	0	0	0	0	0	0	0	0	0	0	0	0	0	0.625	0.6	1	1	0.875	0.125	0.8	1	1	1	0.415	0.624
6.275	8.547	9.271	6.441	0	12.801	17.71	18.873	13.687	7.131	0	0	0	0	0	0.773	0.6	0.603	0.731	0.762	0.773	0.6	0.603	0.731	0.762	0	0	0	0	0	0	0	0	0	0	0	0.333	0	0	0	0	0.509
