0	0	9.472	0	0	0	0	10.572	0	0	0	0	8.859	0	0	0	0	0.756	0	0	0	0	0.745	0	0	0	0	0.528	0	0	0	0	0.2	0.2	0	0	0	0	0	0.143	0	0.674
15.954	24.565	26.682	1.791	6.283	21.619	30.669	34.729	2.689	12.987	10.467	15.112	21.107	1.826	8.647	0.648	0.537	0.429	1	0.846	0.638	0.517	0.413	1	0.846	0.356	0.396	0.281	1	0.429	0.333	0	0.8	0	0	0	0	0.8	0	0	0.56	0.308
0	0	1.81	0	0	0	0	1.81	0	0	0	0	0.978	0	0	0	0	0	0	0	0	0	0	0	0	0	0	0	0	0	0	0.5	0.4	1	0.778	0	0.25	0	1	0.444	0	0.642
0	0	0	0	0	0	0	0	0	0	0	0	0	0	0	0	0	0	0	0	0	0	0	0	0	0	0	0	0	0	0	0	0	0	0	0	0	0	0	0	0	0.313
0	0	0	0	0	0	0	0	0	0	0	0	0	0	0	0	0	0	0	0	0	0	0	0	0	0	0	0	0	0	0	0	0	0	0	0	0	0.2	0	0	0.198	0.121
5.168	14.251	18.101	3.347	0.847	7.035	18.687	24.828	6.071	0.847	5.327	9.843	10.027	1.774	0.847	0.964	0.856	0.653	1	0	0.964	0.856	0.64	1	0	0.533	0.5	0.311	1	0	0	0	0	0	0.8	0	0	0.6	0	1	0	0.408
0	0	0	0	0	0	0.826	1.709	0.883	0	0	0.826	1.709	0.883	0	0	0	0	0	0	0	0	0	0	0	0	0	0	0	0	0.444	0	0	0	0	0.889	1	0	0	0	0.556	0.570
0	0	18.183	8.191	1.791	0	0	25.22	8.276	2.689	0	0	9.894	4.795	1.826	0	0	0.667	0.927	1	0	0	0.649	0.944	1	0	0	0.444	0.7	1	0.2	0	0	0.8	0	0	0	0	0.6	0	0	0.469
0	0	0	0	0	0	0	0	0	0	0	0	0	0	0	0	0	0	0	0	0	0	0	0	0	0	0	0	0	0	0	0.375	0	0.2	0	0	0.5	0	0	0	0	0.596
0	0	0	0	0	0	0	0	0	0	0	0	0	0	0	0	0	0	0	0	0	0	0	0	0	0	0	0	0	0	1	0.2	0.5	0.2	0	1	0	0.25	0.2	0	0.117	0.992
0	0	0	0	0	0	0	0	0	0	0	0	0	0	0	0	0	0	0	0	0	0	0	0	0	0	0	0	0	0	0	0	0	0	0	0	0	0	0	0	0	0.330
0	0	0	0	0	0	0	0	0	0	0	0	0	0	0	0	0	0	0	0	0	0	0	0	0	0	0	0	0	0	0	0	0	0	0	0	0	0	0	0	0.896	0.329
0	0	0	0	0	0	0	0	0	0	0	0	0	0	0	0	0	0	0	0	0	0	0	0	0	0	0	0	0	0	0	0	0	0	0	0	0	0	0	0	0.556	0.912
0	0	0	1.884	0	0	0	0	1.884	0	0	0	0	1.065	0	0	0	0	1	0	0	0	0	1	0	0	0	0	0	0	0	0	0	0	0	0	0	0	0	0	0.419	0.254
14.715	6.459	23.838	0	0	16.561	5.835	28.228	0	0	9.109	5.776	13.072	0	0	0.801	0.972	0.556	0	0	0.794	0.933	0.533	0	0	0.5	0.933	0.394	0	0	0	0	0.4	0	0	0	0	0	0.143	0	0.716	0.307
0	0	0	0	2.625	0	0	0	0	2.625	0	0	0	0	0	0	0	0	0	1	0	0	0	0	1	0	0	0	0	0	0	0	0	0.333	0.75	0	0	0	0.333	0	0.896	0.191
19.62	0	0	7.219	0	20.443	0	0	8.042	0	4.229	0	0	5.361	0	0.719	0	0	0.917	0	0.714	0	0	0.917	0	0.833	0	0	0.667	0	0	1	0.2	0	1	0	1	0	0	1	0.415	0.364
0	0	0	0	0	0	0	0	0	0	0	0	0	0	0	0	0	0	0	0	0	0	0	0	0	0	0	0	0	0	0.2	0.2	0.375	0.889	0	0	0.4	0.5	0.778	0	0	0.532
1.81	0	0	0	0	1.81	0	0	0	0	0.978	0	0	0	0	0	0	0	0	0	0	0	0	0	0	0	0	0	0	0	0.4	0	0.778	0.5	0	0	0	0.444	0.25	0	0	0.453
0	0	-1	0	-1	0	0	-1	0	-1	0	0	-1	0	-1	0	0	-1	0	-1	0	0	-1	0	-1	0	0	-1	0	-1	0	0	-1	0	-1	0	0	-1	0	-1	0.897	1.000
0	0	0	0	0	0	0	0	0	0	0	0	0	0	0	0	0	0	0	0	0	0	0	0	0	0	0	0	0	0	0	0	0	0	0	0	0	0	0	0	0.116	0.999
0	0	0	0	0	0	0	0	0	0	0	0	0	0	0	0	0	0	0	0	0	0	0	0	0	0	0	0	0	0	0	0	0	0	0	0	0	0	0	0	0	0.429
0	0	0	0	0	0	0	0	0	0	0	0	0	0	0	0	0	0	0	0	0	0	0	0	0	0	0	0	0	0	0.333	0	0	0	0	0.333	0	0	0	0	0	0.334
9.438	13.027	23.786	7.361	6.299	11.155	14.81	26.555	11.216	7.33	1.717	6.524	7.712	5.698	2.894	0.848	0.875	0.558	0.833	0.929	0.758	0.875	0.536	0.833	0.929	1	0.571	0.393	0.333	0.333	0.75	0.5	1	0.333	0	0.5	0	0.667	0.667	0.2	0.417	0.750
0	0	1.252	0	0	0	0	0	0	0	0	0	1.252	0	0	0	0	0	0	0	0	0	0	0	0	0	0	0	0	0	0.889	0.2	0.25	0.875	0.625	1	0.4	0	1	0.5	0.414	0.989
0	0	0	0	0	0	0	0	0	0	0	0	0	0	0	0	0	0	0	0	0	0	0	0	0	0	0	0	0	0	0	0.8	0	0	0	0	0.6	0	0	0	0.554	0.151
18.183	0	1.791	0	24.565	25.22	0	2.689	0	30.669	9.894	0	1.826	0	15.112	0.667	0	1	0	0.537	0.649	0	1	0	0.517	0.444	0	1	0	0.396	0	0.2	0	0	0	0	0	0	0	0	0.298	0.184
0.847	18.101	0	5.168	7.361	0.847	24.828	0	7.035	11.216	0.847	10.027	0	5.327	5.698	0	0.653	0	0.964	0.833	0	0.64	0	0.964	0.833	0	0.311	0	0.533	0.333	0.8	0	0	0	0.333	1	0.6	0.6	0	0.667	0.556	0.684
0	0	0	0	0	0	0	0	0	0	0	0	0	0	0	0	0	0	0	0	0	0	0	0	0	0	0	0	0	0	0	0	0	0	0	0	0	0	0	0.2	0.713	0.327
0	0	0	0	0	0	0	0	0	0	0	0	0	0	0	0	0	0	0	0	0	0	0	0	0	0	0	0	0	0	0	0	0	0	0	0	0	0	0	0	0.418	0.570
18.122	0	0	23.838	13.766	22.447	0	0	28.228	14.098	10.925	0	0	13.072	10.392	0.738	0	0	0.556	0.771	0.738	0	0	0.533	0.838	0.444	0	0	0.394	0.473	0	0	1	0.4	0.25	0	0	1	0	0.25	0.897	0.384
23.786	9.438	6.299	13.027	10.761	26.555	11.155	7.33	14.81	11.586	7.712	1.717	2.894	6.524	2.069	0.558	0.848	0.929	0.875	0.924	0.536	0.758	0.929	0.875	0.924	0.393	1	0.333	0.571	1	1	0.75	0	0.5	0	0.667	0.5	0.2	0	0	0	0.488
0	0	0	0	0	0	0	0	0	0	0	0	0	0	0	0	0	0	0	0	0	0	0	0	0	0	0	0	0	0	0	0	0	0	0	0	0	0	0	0	0.557	0.839
0	1.252	7.219	0	0	0	0	8.042	0	0	0	1.252	5.361	0	0	0	0	0.917	0	0	0	0	0.917	0	0	0	0	0.667	0	0	0.667	0.6	0	0	1	1	0.2	0	0	1	0	0.996
0	0	0	0	0	0	0	0	0	0	0	0	0	0	0	0	0	0	0	0	0	0	0	0	0	0	0	0	0	0	0.375	0.2	0	0.2	0	0.5	0	0	0.4	0	0	0.603
13.766	0	0	18.122	15.435	14.098	0	0	22.447	17.755	10.392	0	0	10.925	7.066	0.771	0	0	0.738	0.843	0.838	0	0	0.738	0.837	0.473	0	0	0.444	0.476	0.25	1	0.333	0	0.667	0.25	1	1	0	0.778	0.296	0.454
0	0	16.686	0	8.191	0	0	14.261	0	8.276	0	0	7.324	0	4.795	0	0	0.725	0	0.927	0	0	0.8	0	0.944	0	0	0.464	0	0.7	0	0	0.25	0	0.8	0	0	0	0	0.6	0.419	0.195
0	0	0	0	0	0	0	0	0	0	0	0	0	0	0	0	0	0	0	0	0	0	0	0	0	0	0	0	0	0	0	0	0	0	0	0	0	0	0	0	0.558	0.346
0	0	1.252	0	0	0	0	0	0	0	0	0	1.252	0	0	0	0	0	0	0	0	0	0	0	0	0	0	0	0	0	0	0	0.6	0	0.667	0	0	0.2	0	1	0	0.547
0	0	0	0	0	0	0	0	0	0	0	0	0	0	0	0	0	0	0	0	0	0	0	0	0	0	0	0	0	0	0	0	0	0	0	0	0	0	0.5	0	0.556	0.191
24.565	1.791	15.954	18.183	26.682	30.669	2.689	21.619	25.22	34.729	15.112	1.826	10.467	9.894	21.107	0.537	1	0.648	0.667	0.429	0.517	1	0.638	0.649	0.413	0.396	1	0.356	0.444	0.281	0	0	0.333	0	0.8	0	0	0	0	0.8	0	0.184
0	0	0	0	0	0	0	0	0	0	0	0	0	0	0	0	0	0	0	0	0	0	0	0	0	0	0	0	0	0	0	0	0	0	0	0	0	0	0	0	0.717	0.124
0	0	0	19.62	1.884	0	0	0	20.443	1.884	0	0	0	4.229	1.065	0	0	0	0.719	1	0	0	0	0.714	1	0	0	0	0.833	0	1	0.2	0.5	0	0	1	0	0	0	0	0.893	0.994
0	0	0	0	0	0	0	0	0	0	0	0	0	0	0	0	0	0	0	0	0	0	0	0	0	0	0	0	0	0	0	0	0	0	0	0	0	0	0	0	0.896	0.278
0	0	0	0	0	0	0	0	0	0	0	0	0	0	0	0	0	0	0	0	0	0	0	0	0	0	0	0	0	0	0	0	0	0	0.75	0	0	0	0	0.25	0	0.395
0	0	0	1.81	0	0	0	0	1.81	0	0	0	0	0.978	0	0	0	0	0	0	0	0	0	0	0	0	0	0	0	0	0	0.778	0	0.4	0	0	0.444	0	0	0	0.296	0.381
0	-1	0	-1	0	0	-1	0	-1	0	0	-1	0	-1	0	0	-1	0	-1	0	0	-1	0	-1	0	0	-1	0	-1	0	0	-1	0	-1	0	0	-1	0	-1	0	0.899	0.869
0	0	0	0	0	0	0	0	0	0	0	0	0	0	0	0	0	0	0	0	0	0	0	0	0	0	0	0	0	0	0	0	0	0	0	0	0	0	0	0	0.299	1.000
8.753	21.871	3.347	0.842	14.251	14.629	32.103	6.071	2.537	18.687	5.767	13.899	1.774	2.537	9.843	0.819	0.53	1	0.667	0.856	0.81	0.517	1	0.667	0.856	0.4	0.273	1	0.667	0.5	0	0	0	0	0	0	0	0	0	0	0.417	0.354
0	32.842	0	0	0	0	32.842	0	0	0	0	0.975	0	0	0	0	0.492	0	0	0	0	0.475	0	0	0	0	0	0	0	0	0.875	1	0.2	0	0.889	1	1	0.4	0	1	0	0.957
1.884	0	0	0	0	1.884	0	0	0	0	1.065	0	0	0	0	1	0	0	0	0	1	0	0	0	0	0	0	0	0	0	0	0.5	0	1	0	0	0	0	1	0	0.294	0.434
0	0	0	0	0	0	0	0	0	0	0	0	0	0	0	0	0	0	0	0	0	0	0	0	0	0	0	0	0	0	0.2	0.889	0.2	0.625	0.375	0.4	0.778	0	0.5	0.5	0	0.724
0	9.472	6.459	0	14.715	0	10.572	5.835	0	16.561	0	8.859	5.776	0	9.109	0	0.756	0.972	0	0.801	0	0.745	0.933	0	0.794	0	0.528	0.933	0	0.5	0	0.2	0	0	0	0.143	0	0	0	0	0.299	0.288
2.625	0	0	0	0	2.625	0	0	0	0	0	0	0	0	0	1	0	0	0	0	1	0	0	0	0	0	0	0	0	0	0.75	0	0	0	0	0	0	0	0	0	0.294	0.226
0	0	0	0	0	0.826	0.883	0	0	1.709	0.826	0.883	0	0	1.709	0	0	0	0	0	0	0	0	0	0	0	0	0	0	0	0	0	0.444	0	0	1	0	0.889	0	0	0.298	0.690
0	23.838	18.122	14.715	0	0	28.228	22.447	16.561	0	0	13.072	10.925	9.109	0	0	0.556	0.738	0.801	0	0	0.533	0.738	0.794	0	0	0.394	0.444	0.5	0	0	0.4	0	0	1	0	0	0	0	1	0.294	0.740
18.101	5.168	0.847	14.251	0	24.828	7.035	0.847	18.687	0	10.027	5.327	0.847	9.843	0	0.653	0.964	0	0.856	0	0.64	0.964	0	0.856	0	0.311	0.533	0	0.5	0	0	0	0.8	0	0	0.6	0	1	0	0.6	0.298	0.250
0	18.122	13.766	0	0	0	22.447	14.098	0	0	0	10.925	10.392	0	0	0	0.738	0.771	0	0	0	0.738	0.838	0	0	0	0.444	0.473	0	0	1	0	0.25	0	0.333	1	0	0.25	0	1	0.898	0.991
14.251	3.347	5.168	8.753	18.101	18.687	6.071	7.035	14.629	24.828	9.843	1.774	5.327	5.767	10.027	0.856	1	0.964	0.819	0.653	0.856	1	0.964	0.81	0.64	0.5	1	0.533	0.4	0.311	0	0	0	0	0	0	0	0	0	0.6	0.298	0.222
0.842	6.283	21.871	26.682	8.753	2.537	12.987	32.103	34.729	14.629	2.537	8.647	13.899	21.107	5.767	0.667	0.846	0.53	0.429	0.819	0.667	0.846	0.517	0.413	0.81	0.667	0.429	0.273	0.281	0.4	0	0	0	0.8	0	0	0	0	0.8	0	0.057	0.196
9.472	0	0	0	6.459	10.572	0	0	0	5.835	8.859	0	0	0	5.776	0.756	0	0	0	0.972	0.745	0	0	0	0.933	0.528	0	0	0	0.933	0.2	0	0	0	0	0	0	0.143	0	0	0	0.411
32.842	0	0	0	0	32.842	0	0	0	0	0.975	0	0	0	0	0.492	0	0	0	0	0.475	0	0	0	0	0	0	0	0	0	1	0	0.875	0	0.2	1	0	1	0	0.4	0.419	0.414
21.871	0.842	8.753	6.283	3.347	32.103	2.537	14.629	12.987	6.071	13.899	2.537	5.767	8.647	1.774	0.53	0.667	0.819	0.846	1	0.517	0.667	0.81	0.846	1	0.273	0.667	0.4	0.429	1	0	0	0	0	0	0	0	0	0	0	0.417	0.174
0	0	0	0	0	0	0	0	0	0	0	0	0	0	0	0	0	0	0	0	0	0	0	0	0	0	0	0	0	0	0	0	0	0	0.2	0	0	0	0	0.2	0.197	0.104
0	0	0	0	0.832	0	0	0	0	0.832	0	0	0	0	0	0	0	0	0	0	0	0	0	0	0	0	0	0	0	0	0.2	0	0	0.2	0.2	0.4	0	0	0.4	0	0	0.627
7.833	0	0	0	0	7.833	0	0	0	0	0.975	0	0	0	0	1	0	0	0	0	1	0	0	0	0	0	0	0	0	0	0.5	0.75	0	0	0	0	0.25	0	0	0	0	0.198
0	0	0	0	0	0	0	0	0	0	0	0	0	0	0	0	0	0	0	0	0	0	0	0	0	0	0	0	0	0	0	0	0	0	0	0	0	0	0	0	0.417	0.213
0	0	0	0	0	0	0	0	0	0	0	0	0	0	0	0	0	0	0	0	0	0	0	0	0	0	0	0	0	0	0	0	0	0	0	0	0	0	0	0	0.718	0.233
0	0	0	0	0	0	0	0	0	0	0	0	0	0	0	0	0	0	0	0	0	0	0	0	0	0	0	0	0	0	0	0	0	0	0	0	0	0	0.667	0	0.714	0.716
0.832	0	0	0	0	0.832	0	0	0	0	0	0	0	0	0	0	0	0	0	0	0	0	0	0	0	0	0	0	0	0	0.2	0	0	0.2	0	0	0	0	0.4	0	0.896	0.488
0	0	0	0	0	0	0	0	0	0	0	0	0	0	0	0	0	0	0	0	0	0	0	0	0	0	0	0	0	0	0	0.2	0.2	0	0	0	0.4	0.4	0.4	0	0.199	0.888
0	0	0	0	0	0	0	0	0	0	0	0	0	0	0	0	0	0	0	0	0	0	0	0	0	0	0	0	0	0	0	0	0.2	0	0	0	0	0.2	0	0.4	0.42	0.156
0	0	0	0	0	0	0	0	0	0	0	0	0	0	0	0	0	0	0	0	0	0	0	0	0	0	0	0	0	0	0	0	0	0	0	0	0	0	0	0	0.116	0.294
0	0	0	0	-1	0	0	0	0	-1	0	0	0	0	-1	0	0	0	0	-1	0	0	0	0	-1	0	0	0	0	-1	0	0	0	0	-1	0	0	0	0	-1	0.898	1.000
0	0	0	0	0	0	0	0	0	0	0	0	0	0	0	0	0	0	0	0	0	0	0	0	0	0	0	0	0	0	0	0	0	0	0	0	0	0	0.2	0	0	0.331
0	0	0	0	7.833	0	0	0	0	7.833	0	0	0	0	0.975	0	0	0	0	1	0	0	0	0	1	0	0	0	0	0	0	0	0.75	0	0.5	0	0	0.25	0	0	0	0.333
0	7.219	19.62	0	0	0	8.042	20.443	0	0	0	5.361	4.229	0	0	0	0.917	0.719	0	0	0	0.917	0.714	0	0	0	0.667	0.833	0	0	1	0	0	0.667	0.2	1	0	0	1	0	0.557	0.999
0	1.884	0	0	0	0	1.884	0	0	0	0	1.065	0	0	0	0	1	0	0	0	0	1	0	0	0	0	0	0	0	0	0	0	0	0.5	0	0	0	0	0	0	0.557	0.246
0	0	2.625	0	0	0	0	2.625	0	0	0	0	0	0	0	0	0	1	0	0	0	0	1	0	0	0	0	0	0	0	0	0	0.75	0	0	0	0	0	0	0	0.898	0.346
1.252	0	0	0	0	0	0	0	0	0	1.252	0	0	0	0	0	0	0	0	0	0	0	0	0	0	0	0	0	0	0	0.25	0.889	0.625	0.2	0.889	0	1	0.5	0.4	0.778	0	0.598
15.435	0	0	13.766	0	17.755	0	0	14.098	0	7.066	0	0	10.392	0	0.843	0	0	0.771	0	0.837	0	0	0.838	0	0.476	0	0	0.473	0	0.667	0.333	0.2	0.25	0.2	0.778	1	0.2	0.25	0	0.115	0.536
0	0	7.833	0	0	0	0	7.833	0	0	0	0	0.975	0	0	0	0	1	0	0	0	0	1	0	0	0	0	0	0	0	0.75	0	0.5	0	0	0.25	0	0	0	0	0	0.317
0	0	0	0	1.81	0	0	0	0	1.81	0	0	0	0	0.978	0	0	0	0	0	0	0	0	0	0	0	0	0	0	0	0.5	1	0	0.2	0.4	0.25	1	0	0	0	0	0.518
0	0	0	0	0	0	0	0	0	0	0	0	0	0	0	0	0	0	0	0	0	0	0	0	0	0	0	0	0	0	0	0	0	0	0	0	0	0	0	0	0	0.300
6.283	26.682	0.842	15.954	21.871	12.987	34.729	2.537	21.619	32.103	8.647	21.107	2.537	10.467	13.899	0.846	0.429	0.667	0.648	0.53	0.846	0.413	0.667	0.638	0.517	0.429	0.281	0.667	0.356	0.273	0	0.8	0	0.333	0	0	0.8	0	0	0	0.556	0.303
26.682	15.954	6.283	24.565	0.842	34.729	21.619	12.987	30.669	2.537	21.107	10.467	8.647	15.112	2.537	0.429	0.648	0.846	0.537	0.667	0.413	0.638	0.846	0.517	0.667	0.281	0.356	0.429	0.396	0.667	0.8	0.333	0	0	0	0.8	0	0	0	0	0.117	0.378
0	0	0	0	0	0	0	0	0	0	0	0	0	0	0	0	0	0	0	0	0	0	0	0	0	0	0	0	0	0	0	0	0	0	0	0	0.2	0	0	0	0	0.364
0	0	15.132	0	0	0	0	13.19	0	0	0	0	4.058	0	0	0	0	0.833	0	0	0	0	0.901	0	0	0	0	0.667	0	0	0	0	0.2	0	0	0	0	0.4	0	0	0.418	0.206
13.027	7.361	9.438	0	23.786	14.81	11.216	11.155	0	26.555	6.524	5.698	1.717	0	7.712	0.875	0.833	0.848	0	0.558	0.875	0.833	0.758	0	0.536	0.571	0.333	1	0	0.393	0.5	0.333	0.75	0	1	0	0.667	0.5	0.6	0.667	0.055	0.356
0	0	32.842	0.832	0	0	0	32.842	0.832	0	0	0	0.975	0	0	0	0	0.492	0	0	0	0	0.475	0	0	0	0	0	0	0	0	0	1	0.2	0.875	0	0	1	0	1	0.3	0.322
0	0	0	0	0	0	0	0.883	0	0.826	0	0	0.883	0	0.826	0	0	0	0	0	0	0	0	0	0	0	0	0	0	0	0	0.571	0	0	0	0	1	0	0.667	1	0	0.362
0	0	0	0	0	0	0	0	0	0	0	0	0	0	0	0	0	0	0	0	0	0	0	0	0	0	0	0	0	0	0	0	0	0	0	0	0.667	0	0	0	0.897	0.595
0	0	0	0	0	0	0	0	0	0	0	0	0	0	0	0	0	0	0	0	0	0	0	0	0	0	0	0	0	0	0	0.2	0.2	0	0	0.4	0.2	0.4	0	0	0.298	0.295
0	0	0	0	0	0	0	0	0	0	0	0	0	0	0	0	0	0	0	0	0	0	0	0	0	0	0	0	0	0	0	0	0.333	0	0	0	0	0.333	0	0	0.554	0.270
0	0	0	0	0	0	0	0	1.709	0	0	0	0	1.709	0	0	0	0	0	0	0	0	0	0	0	0	0	0	0	0	0	0	0	0	0	0.667	0	0	0	0	0.117	0.554
0	0	0	0	0	0	0	0	0	0	0	0	0	0	0	0	0	0	0	0	0	0	0	0	0	0	0	0	0	0	0	0	0.2	0	0	0	0	0	0	0	0.299	0.518
6.459	0	14.715	9.472	23.838	5.835	0	16.561	10.572	28.228	5.776	0	9.109	8.859	13.072	0.972	0	0.801	0.756	0.556	0.933	0	0.794	0.745	0.533	0.933	0	0.5	0.528	0.394	0	0	0	0.2	0.4	0	0.143	0	0	0	0.713	0.531
0	2.625	0	0	0	0	2.625	0	0	0	0	0	0	0	0	0	1	0	0	0	0	1	0	0	0	0	0	0	0	0	0	0.75	0	0	0	0	0	0	0	0	0	0.401
0	7.833	0	0	0	0	7.833	0	0	0	0	0.975	0	0	0	0	1	0	0	0	0	1	0	0	0	0	0	0	0	0	0	0.5	0	0.75	0	0	0	0	0.25	0	0.556	0.179
0	0	1.884	0	0	0	0	1.884	0	0	0	0	1.065	0	0	0	0	1	0	0	0	0	1	0	0	0	0	0	0	0	0.5	1	0	0.2	0	0	1	0	0	0	0.116	0.577
0	13.766	15.435	0	0	0	14.098	17.755	0	0	0	10.392	7.066	0	0	0	0.771	0.843	0	0	0	0.838	0.837	0	0	0	0.473	0.476	0	0	0.333	0.25	0.667	1	0.2	1	0.25	0.778	1	0.2	0.298	0.912
0	0	0	0	0	0.883	0	0.826	0	0	0.883	0	0.826	0	0	0	0	0	0	0	0	0	0	0	0	0	0	0	0	0	0	0	0	0.571	0.444	0	0	1	1	0.889	0	0.183
0	15.132	0	0	0	0	13.19	0	0	0	0	4.058	0	0	0	0	0.833	0	0	0	0	0.901	0	0	0	0	0.667	0	0	0	0	0.2	0	0	0	0	0.4	0.5	0	0	0.717	0.172
0	0	0	0	0	0	0	0	0	0	0	0	0	0	0	0	0	0	0	0	0	0	0	0	0	0	0	0	0	0	0	0	0	0	0.333	0	0	0	0	0.333	0.12	0.189
0	0	0	15.435	0	0	0	0	17.755	0	0	0	0	7.066	0	0	0	0	0.843	0	0	0	0	0.837	0	0	0	0	0.476	0	0.2	0.2	1	0.667	0.5	0	0.2	1	0.778	0.25	0	0.451
0	0	0	0	0	0	0	0	0	0	0	0	0	0	0	0	0	0	0	0	0	0	0	0	0	0	0	0	0	0	0	0	0	0	0	0	0	0	0	0	0.415	0.253
0	0	0	10.761	0	0	0	0	11.586	0	0	0	0	2.069	0	0	0	0	0.924	0	0	0	0	0.924	0	0	0	0	1	0	0	0	0	0	0	0	0	0	0	0	0	0.435
0	0	0	-1	0	0	0	0	-1	0	0	0	0	-1	0	0	0	0	-1	0	0	0	0	-1	0	0	0	0	-1	0	0	0	0	-1	0.2	0	0	0	-1	0	0.116	0.678
0	0	0	0	0	0	0	0	0	0	0	0	0	0	0	0	0	0	0	0	0	0	0	0	0	0	0	0	0	0	0	0	0	0	0	0	0	0	0	0	0.717	0.138
0	0	0	0	15.132	0	0	0	0	13.19	0	0	0	0	4.058	0	0	0	0	0.833	0	0	0	0	0.901	0	0	0	0	0.667	0	0	0	0	0.2	0	0	0	0	0.4	0.42	0.164
0	0	0	0	0	0	0	0	0	0.883	0	0	0	0	0.883	0	0	0	0	0	0	0	0	0	0	0	0	0	0	0	0.571	0	0	0	0	1	0.667	0	0	0	0.299	0.669
8.191	16.686	0	0	0	8.276	14.261	0	0	0	4.795	7.324	0	0	0	0.927	0.725	0	0	0	0.944	0.8	0	0	0	0.7	0.464	0	0	0	0.8	0.25	0	0	0.2	0.6	0	0	0	0	0.06	0.499
0	19.62	0	0	0	0	20.443	0	0	0	0	4.229	0	0	0	0	0.719	0	0	0	0	0.714	0	0	0	0	0.833	0	0	0	0.2	0	1	1	0.5	0	0	1	1	0	0.899	0.176
0	0	0	0	0	0	0	0	0	0	0	0	0	0	0	0	0	0	0	0	0	0	0	0	0	0	0	0	0	0	0	0	0	0	0.8	0	0	0	0	0.6	0.713	0.139
0	0	0	2.625	1.252	0	0	0	2.625	0	0	0	0	0	1.252	0	0	0	1	0	0	0	0	1	0	0	0	0	0	0	0	0	0	0.75	0.6	0	0	0	0	0.2	0	0.545
0	0	0	0	0	0	0	0	0	0	0	0	0	0	0	0	0	0	0	0	0	0	0	0	0	0	0	0	0	0	0	0	0.571	0	0	0.667	0	1	0	0	0	0.603
0	0	0	0	0	0	0	0	0	0	0	0	0	0	0	0	0	0	0	0	0	0	0	0	0	0	0	0	0	0	0	0	0	0	0	0	0.5	0	0	0	0	0.345
0	0	0	1.252	0	0	0	0	0	0	0	0	0	1.252	0	0	0	0	0	0	0	0	0	0	0	0	0	0	0	0	0.889	0.625	0.2	0.25	0.2	0.778	0.5	0.4	0	0	0.299	0.478
0	0	0	32.842	1.252	0	0	0	32.842	0	0	0	0	0.975	1.252	0	0	0	0.492	0	0	0	0	0.475	0	0	0	0	0	0	0.2	0.875	0.889	1	0.25	0.4	1	1	1	0	0.117	0.865
0	0	0	0	16.686	0	0	0	0	14.261	0	0	0	0	7.324	0	0	0	0	0.725	0	0	0	0	0.8	0	0	0	0	0.464	0	0	0	0	0.25	0	0	0	0	0	0.059	0.363
0	0	0	0	0	0	0	0	0	0	0	0	0	0	0	0	0	0	0	0	0	0	0	0	0	0	0	0	0	0	0.8	0	0	0	0	0.6	0	0	0	0	0.299	0.389
0	0	0	0	0	0	0	0	0	0	0	0	0	0	0	0	0	0	0	0	0	0	0	0	0	0	0	0	0	0	0.2	0	0	0.2	0.2	0.4	0.4	0	0.2	0.4	0	0.762
0	0.832	0	0	32.842	0	0.832	0	0	32.842	0	0	0	0	0.975	0	0	0	0	0.492	0	0	0	0	0.475	0	0	0	0	0	0	0.2	0	0	1	0	0	0	0	1	0.896	0.135
3.347	8.753	14.251	21.871	5.168	6.071	14.629	18.687	32.103	7.035	1.774	5.767	9.843	13.899	5.327	1	0.819	0.856	0.53	0.964	1	0.81	0.856	0.517	0.964	1	0.4	0.5	0.273	0.533	0	0	0	0	0	0	0	0	0	0	0.556	0.304
0	0	0	0	0	0	0	0	0	0	0	0	0	0	0	0	0	0	0	0	0	0	0	0	0	0	0	0	0	0	0	0	0	0	0	0	0	0	0	0	0.554	0.115
15.132	0	0	0	0	13.19	0	0	0	0	4.058	0	0	0	0	0.833	0	0	0	0	0.901	0	0	0	0	0.667	0	0	0	0	0.2	0	0	0	0	0.4	0	0	0	0.5	0.12	0.217
0	15.435	0	0	0	0	17.755	0	0	0	0	7.066	0	0	0	0	0.843	0	0	0	0	0.837	0	0	0	0	0.476	0	0	0	0.2	0.667	0.2	0.333	1	0.2	0.778	0	1	1	0	0.574
0	8.191	0	16.686	18.183	0	8.276	0	14.261	25.22	0	4.795	0	7.324	9.894	0	0.927	0	0.725	0.667	0	0.944	0	0.8	0.649	0	0.7	0	0.464	0.444	0	0.8	0.2	0.25	0	0	0.6	0	0	0	0	0.519
0	0	0	0	0	0	0	0	0	0	0	0	0	0	0	0	0	0	0	0	0	0	0	0	0	0	0	0	0	0	0	0	0	0	0	0	0	0	0	0	0.9	0.366
0	0	0	0	0	0	0	0	0	0	0	0	0	0	0	0	0	0	0	0	0	0	0	0	0	0	0	0	0	0	0	0	0	0	0	0	0	0	0	0	0.559	0.691
0	1.252	0	0	0	0	0	0	0	0	0	1.252	0	0	0	0	0	0	0	0	0	0	0	0	0	0	0	0	0	0	0.625	0.25	0.889	0.889	0.2	0.5	0	0.778	1	0.4	0	0.693
0	0	0	0	0	0	0	0	0	0	0	0	0	0	0	0	0	0	0	0	0	0	0	0	0	0	0	0	0	0	0	0.333	0	0	0	0	0.333	0	0	0	0.419	0.188
0	0.847	7.361	18.101	13.027	0	0.847	11.216	24.828	14.81	0	0.847	5.698	10.027	6.524	0	0	0.833	0.653	0.875	0	0	0.833	0.64	0.875	0	0	0.333	0.311	0.571	0	0.8	0.333	0	0.5	0.6	1	0.667	0.6	0	0	0.542
0	0	0	0	0	0	1.709	0	0	0	0	1.709	0	0	0	0	0	0	0	0	0	0	0	0	0	0	0	0	0	0	0	0	0	0.444	0	0	0	0.667	0.889	0	0.56	0.289
0	0	0	0	0	0	0	0	0	0	0	0	0	0	0	0	0	0	0	0	0	0	0	0	0	0	0	0	0	0	0	0	0	0	0	0	0	0	0	0	0.896	0.662
0	0	0	0	0	0	0	0	0	0	0	0	0	0	0	0	0	0	0	0	0	0	0	0	0	0	0	0	0	0	0	0	0.8	0	0	0	0	0.6	0	0	0.717	0.152
1.252	0	0	0	7.219	0	0	0	0	8.042	1.252	0	0	0	5.361	0	0	0	0	0.917	0	0	0	0	0.917	0	0	0	0	0.667	0.6	0	0.667	0	0	0.2	0	1	0	0	0	0.492
0	1.81	0	0	0	0	1.81	0	0	0	0	0.978	0	0	0	0	0	0	0	0	0	0	0	0	0	0	0	0	0	0	0.778	0.4	0	0	0	0.444	0	0	0	0	0.414	0.532
1.791	18.183	24.565	0	15.954	2.689	25.22	30.669	0	21.619	1.826	9.894	15.112	0	10.467	1	0.667	0.537	0	0.648	1	0.649	0.517	0	0.638	1	0.444	0.396	0	0.356	0	0	0	0.2	0.333	0	0	0	0	0	0	0.326
16.686	0	8.191	0	0	14.261	0	8.276	0	0	7.324	0	4.795	0	0	0.725	0	0.927	0	0	0.8	0	0.944	0	0	0.464	0	0.7	0	0	0.25	0	0.8	0	0	0	0	0.6	0	0	0	0.402
0	0	0	0	9.472	0	0	0	0	10.572	0	0	0	0	8.859	0	0	0	0	0.756	0	0	0	0	0.745	0	0	0	0	0.528	0	0.2	0	0	0.2	0	0	0	0	0	0	0.470
7.219	0	0	1.252	19.62	8.042	0	0	0	20.443	5.361	0	0	1.252	4.229	0.917	0	0	0	0.719	0.917	0	0	0	0.714	0.667	0	0	0	0.833	0	0.667	1	0.6	0	0	1	1	0.2	0	0.294	0.351
6.299	23.786	10.761	9.438	0	7.33	26.555	11.586	11.155	0	2.894	7.712	2.069	1.717	0	0.929	0.558	0.924	0.848	0	0.929	0.536	0.924	0.758	0	0.333	0.393	1	1	0	0	1	0	0.75	0	0.2	0.667	0	0.5	0	0.299	0.262
0	0	0	0	0	0	0	0	0	0	0	0	0	0	0	0	0	0	0	0	0	0	0	0	0	0	0	0	0	0	0.2	0	0	0	0.2	0.2	0	0.4	0	0.4	0	0.494
0	0	0	0	0	0	0	0	0	0	0	0	0	0	0	0	0	0	0	0	0	0	0	0	0	0	0	0	0	0	0	0	0	0	0	0	0	0	0	0	0.116	0.560
0	0	0	0	0	0	0	0	0	0	0	0	0	0	0	0	0	0	0	0	0	0	0	0	0	0	0	0	0	0	0	0	0	0	0	0	0	0	0	0	0.894	0.116
0	0	0	0	0	1.709	0	0	0.826	0	1.709	0	0	0.826	0	0	0	0	0	0	0	0	0	0	0	0	0	0	0	0	0	0.444	0	0	0	0	0.889	0	1	0.667	0.299	0.328
0	0	0	0	0	0	0	0	0	0	0	0	0	0	0	0	0	0	0	0	0	0	0	0	0	0	0	0	0	0	0	0	0	0.375	0	0	0	0	0.5	0.667	0	0.338
0	0	0	7.833	0	0	0	0	7.833	0	0	0	0	0.975	0	0	0	0	1	0	0	0	0	1	0	0	0	0	0	0	0	0	0	0.5	0	0	0	0	0	0	0.893	0.401
23.838	14.715	0	6.459	18.122	28.228	16.561	0	5.835	22.447	13.072	9.109	0	5.776	10.925	0.556	0.801	0	0.972	0.738	0.533	0.794	0	0.933	0.738	0.394	0.5	0	0.933	0.444	0.4	0	0	0	0	0	0	0	0	0	0.059	0.571
0	0	0	0	0	0	0	0	0	0	0	0	0	0	0	0	0	0	0	0	0	0	0	0	0	0	0	0	0	0	0	0	0	0	0	0	0	0	0	0	0.415	0.883
7.361	0	13.027	0.847	9.438	11.216	0	14.81	0.847	11.155	5.698	0	6.524	0.847	1.717	0.833	0	0.875	0	0.848	0.833	0	0.875	0	0.758	0.333	0	0.571	0	1	0.333	0	0.5	0.8	0.75	0.667	0.6	0	1	0.5	0.56	0.542
0	0	0.832	0	0	0	0	0.832	0	0	0	0	0	0	0	0	0	0	0	0	0	0	0	0	0	0	0	0	0	0	0	0.2	0.2	0	0	0	0.4	0	0	0	0.298	0.079
0	0	0	0	0	0	0	0	0	0	0	0	0	0	0	0	0	0	0	0	0	0	0	0	0	0	0	0	0	0	0	0	0	0	0	0	0	0	0	0	0.717	0.511
0	0	0	0	0	0	0	0	0	0	0	0	0	0	0	0	0	0	0	0	0	0	0	0	0	0	0	0	0	0	0	0	0	0	0.571	0	0	0.667	0	1	0	0.479
0	0	0	0	0	0	0	0	0	0	0	0	0	0	0	0	0	0	0	0	0	0	0	0	0	0	0	0	0	0	0.2	0	0	0	0	0	0	0	0	0	0	0.536
0	0	0	15.132	0	0	0	0	13.19	0	0	0	0	4.058	0	0	0	0	0.833	0	0	0	0	0.901	0	0	0	0	0.667	0	0	0	0	0.2	0	0.5	0	0	0.4	0	0.417	0.406
10.761	6.299	0	23.786	0	11.586	7.33	0	26.555	0	2.069	2.894	0	7.712	0	0.924	0.929	0	0.558	0	0.924	0.929	0	0.536	0	1	0.333	0	0.393	0	0	0	0	1	0	0	0.2	0	0.667	0	0.299	0.304
0	0	0	0	0	0	0	0	0	0	0	0	0	0	0	0	0	0	0	0	0	0	0	0	0	0	0	0	0	0	0	0	0	0	0	0.2	0	0	0	0	0.117	0.172
0	10.761	0	6.299	0	0	11.586	0	7.33	0	0	2.069	0	2.894	0	0	0.924	0	0.929	0	0	0.924	0	0.929	0	0	1	0	0.333	0	0	0	0	0	0	0	0	0	0.2	0	0	0.164
0	0	0	0	0	0	0	0	0	0	0	0	0	0	0	0	0	0	0	0	0	0	0	0	0	0	0	0	0	0	0	0	0	0.8	0	0	0	0	0.6	0	0.415	0.310
0	0	0	0	0	0	0	0	0	0	0	0	0	0	0	0	0	0	0	0	0	0	0	0	0	0	0	0	0	0	0	0	0	0.778	0	0	0	0	0.444	0	0.714	0.723
