0	0	0	0	0	0	0	0	0	0	0	0	0	0	0	0	0	0	0	0	0	0	0	0	0	0	0	0	0	0	0	0	0	0	0	0	0.2	0.286	0	0	0.714	0.239
0	0	0	0	0	0	0	1.307	0	0	0	0	1.307	0	0	0	0	0	0	0	0	0	0	0	0	0	0	0	0	0	0	0	0	0	0	0	0	0	0	0	0.896	0.423
3.023	0	0	0	9.62	6.842	1.723	0.834	2.029	12.05	5.772	1.723	0.834	2.029	7.485	0.571	0	0	1	0.667	0.571	0	0	1	0.667	0.4	0	0	1	0.381	0	0	0.25	0.4	0.778	0	0	0	0	0	0.195	0.262
0	0	3.635	4.793	0.828	0.995	0.959	7.552	6.926	2.7	0.995	0.959	7.552	5.946	2.7	0	0	0.607	0.619	0.667	0	0	0.607	0.619	0.667	0	0	0.464	0.4	0.333	0	0	0.25	0.5	0	0	0	0	0.25	0.2	0.415	0.240
2.703	0	3.558	7.894	11.094	4.934	0	5.456	11.232	14.615	4.037	0	2.846	9.355	4.637	1	0	0.933	0.691	0.637	1	0	0.933	0.691	0.637	0.667	0	0.667	0.389	0.667	0	0.4	0.4	0	0.333	0.2	0.8	0	0	0.444	0.419	0.593
0	0	0	0	0	0	0	0	0	0	0	0	0	0	0	0	0	0	0	0	0	0	0	0	0	0	0	0	0	0	0	0	0	0	0	0.2	0	0	0	0.286	0.296	0.392
0	0	-1	0	-1	0	0.922	-1	0	-1	0	0.922	-1	0	-1	0	0	-1	0	-1	0	0	-1	0	-1	0	0	-1	0	-1	1	1	-1	0.5	-1	1	0.667	-1	0	-1	0.897	0.893
0.975	1.798	0	0	0	0.975	2.943	2.052	0	0	0	1.973	1.145	0	0	0	0.667	1	0	0	0	0.667	1	0	0	0	0	0	0	0	0	1	0	1	0.2	0	0.2	0	1	0	0.556	0.264
0	0	0	0.975	16.518	0	2.052	1.009	0.975	19.732	0	1.145	1.009	0	11.824	0	1	0	0	0.48	0	1	0	0	0.48	0	0	0	0	0.382	0.2	0	0	0	0.8	0	0	0.2	0	0.4	0.117	0.670
11.094	3.558	0	2.703	0	14.615	5.456	0	4.934	0	4.637	2.846	0	4.037	0	0.637	0.933	0	1	0	0.637	0.933	0	1	0	0.667	0.667	0	0.667	0	0.333	0.4	0	0	0.8	0.444	0	0	0.2	1	0.414	0.557
0	0.856	0	8.943	25.655	0	1.905	0	10.232	29.833	0	1.905	0	4.858	14.285	0	1	0	0.8	0.28	0	1	0	0.8	0.28	0	1	0	0.6	0.205	0	0	0	0	0	0	0.2	0	0	0.333	0.717	0.687
0	2.055	0	0	0	0	3.154	0	0	0	0	3.154	0	0	0	0	1	0	0	0	0	1	0	0	0	0	1	0	0	0	0.2	0.4	0	0	0	0.4	0	0	0	0	0	0.713
0	0	0	0	0	1.307	0	0	0	0	1.307	0	0	0	0	0	0	0	0	0	0	0	0	0	0	0	0	0	0	0	0	0	0	0	0	0	0	0	0	0	0.718	0.540
3.635	0	0.828	0	0	7.552	0.995	2.7	0.959	1.816	7.552	0.995	2.7	0.959	1.816	0.607	0	0.667	0	0	0.607	0	0.667	0	0	0.464	0	0.333	0	0	0.25	0	0	0	0	0	0	0.2	0	0	0	0.407
0.835	0	2.167	25.655	0	1.751	0	3.09	29.833	0	1.751	0	2.11	14.285	0	1	0	1	0.28	0	1	0	1	0.28	0	1	0	1	0.205	0	0	0	0.8	0	0	0	0	0	0.333	0	0	0.604
1.797	0	9.014	3.793	0	4.446	0	12.057	6.51	0	3.614	0	9.488	4.732	0	0.6	0	0.636	0.667	0	0.6	0	0.636	0.667	0	0.333	0	0.389	0.6	0	0.2	0	0.2	0	0	0.2	0	0	0	0	0.419	0.297
0	0	12.353	9.014	0	0.861	0	15.432	12.057	0	0.861	0	11.263	9.488	0	0	0	0.562	0.636	0	0	0	0.562	0.636	0	0	0	0.309	0.389	0	0	0	0.6	0.2	0.5	0	0	0.4	0	0.25	0.558	0.395
0	3.793	1.797	15.841	9.014	0	6.51	4.446	21.062	12.057	0	4.732	3.614	15.005	9.488	0	0.667	0.6	0.381	0.636	0	0.667	0.6	0.381	0.636	0	0.6	0.333	0.21	0.389	0	0	0.2	0	0.2	0	0	0.2	0	0	0.558	0.227
0	3.023	9.62	0	5.381	0.834	6.842	12.05	1.723	6.313	0.834	5.772	7.485	1.723	5.463	0	0.571	0.667	0	0.762	0	0.571	0.667	0	0.762	0	0.4	0.381	0	0.533	0.25	0	0.778	0	0.667	0	0	0	0	0.667	0	0.613
0	0.975	0	1.798	0	2.052	0.975	0	2.943	1.009	1.145	0	0	1.973	1.009	1	0	0	0.667	0	1	0	0	0.667	0	0	0	0	0	0	0	0	0.2	1	0	0	0	0	0.2	0.2	0.554	0.424
0.875	4.98	2.822	1.909	3.092	0.875	9.624	5.605	2.89	5.903	0.875	8.734	5.605	2.89	5.903	0	0.644	0.867	0.667	0.733	0	0.644	0.867	0.667	0.733	0	0.472	0.8	0.667	0.667	0.125	0	0	0	0.4	0.125	0	0	0	0	0.9	0.364
0	0	0	0	0	0	0	0	0	0	0	0	0	0	0	0	0	0	0	0	0	0	0	0	0	0	0	0	0	0	0	0	0.6	0.2	0	0	0	0	0.4	0	0.718	0.320
1.798	0	0.975	-1	0	2.943	0	0.975	-1	2.052	1.973	0	0	-1	1.145	0.667	0	0	-1	1	0.667	0	0	-1	1	0	0	0	-1	0	1	1	0	-1	0	0.2	1	0	-1	0	0.296	0.635
0	2.167	0	0.835	0	0	3.09	0	1.751	0	0	2.11	0	1.751	0	0	1	0	1	0	0	1	0	1	0	0	1	0	1	0	0	0.8	1	0	0	0	0	0	0	0	0.559	0.277
0	11.094	0	3.558	0	0	14.615	0	5.456	0	0	4.637	0	2.846	0	0	0.637	0	0.933	0	0	0.637	0	0.933	0	0	0.667	0	0.667	0	0	0.333	0.8	0.4	0.4	0	0.444	1	0	0.2	0	0.643
2.167	0.835	0	0	0	3.09	1.751	0	0	0	2.11	1.751	0	0	0	1	1	0	0	0	1	1	0	0	0	1	1	0	0	0	0.8	0	0	0	1	0	0	0	0	0	0.12	0.721
0	0	8.943	0	0.856	0	0	10.232	0	1.905	0	0	4.858	0	1.905	0	0	0.8	0	1	0	0	0.8	0	1	0	0	0.6	0	1	0	0	0	0	0	0	0.286	0	0	0.2	0.055	0.659
0	0	0	11.094	14.056	0	0	0	14.615	17.116	0	0	0	4.637	14.363	0	0	0	0.637	0.471	0	0	0	0.637	0.471	0	0	0	0.667	0.253	0.8	0	0.4	0.333	0.5	1	0	0.2	0.444	0.25	0.198	0.906
0.828	3.635	0	0	5.443	2.7	7.552	1.816	0.995	9.092	2.7	7.552	1.816	0.995	5.632	0.667	0.607	0	0	0.467	0.667	0.607	0	0	0.467	0.333	0.464	0	0	0.333	0	0.25	0	0	0	0.2	0	0	0	0	0.056	0.387
14.056	0	0	0	0	17.116	0	0	0	0	14.363	0	0	0	0	0.471	0	0	0	0	0.471	0	0	0	0	0.253	0	0	0	0	0.5	0.4	1	0.8	0	0.25	0.2	1	1	0	0	0.474
3.793	15.841	0	0	1.797	6.51	21.062	0	0.825	4.446	4.732	15.005	0	0.825	3.614	0.667	0.381	0	0	0.6	0.667	0.381	0	0	0.6	0.6	0.21	0	0	0.333	0	0	0	0	0.2	0	0	0	0	0.2	0	0.207
0	9.014	0	1.797	12.353	0	12.057	0.861	4.446	15.432	0	9.488	0.861	3.614	11.263	0	0.636	0	0.6	0.562	0	0.636	0	0.6	0.562	0	0.389	0	0.333	0.309	0	0.2	0	0.2	0.6	0	0	0	0.2	0.4	0.299	0.185
0	0	0	0	3.023	2.029	3.579	1.723	0	6.842	2.029	3.579	1.723	0	5.772	1	0	0	0	0.571	1	0	0	0	0.571	1	0	0	0	0.4	0.4	0	0	0.333	0	0	0	0	0	0	0	0.481
0	0	0	2.167	0	0	0	0	3.09	0	0	0	0	2.11	0	0	0	0	1	0	0	0	0	1	0	0	0	0	1	0	1	0	0	0.8	0	0	0	0	0	0	0.055	0.947
0	0	3.882	0	4.245	0	0	5.189	1.307	4.245	0	0	4.334	1.307	3.422	0	0	0.6	0	0.7	0	0	0.6	0	0.7	0	0	0.5	0	0.5	0	0	0	0	0	0	0	0	0	0	0.19	0.689
0	0	3.023	0	0	1.723	2.029	6.842	3.579	0.834	1.723	2.029	5.772	3.579	0.834	0	1	0.571	0	0	0	1	0.571	0	0	0	1	0.4	0	0	0	0.4	0	0	0.25	0	0	0	0	0	0.297	0.161
0	14.056	0	0	13.607	0	17.116	0	0	16.761	0	14.363	0	0	7.135	0	0.471	0	0	0.478	0	0.471	0	0	0.478	0	0.253	0	0	0.238	1	0.5	0	0.4	0	1	0.25	0	0.2	1	0	0.863
16.518	0	0	0	24.493	19.732	1.009	0	0	31.494	11.824	1.009	0	0	19.861	0.48	0	0	0	0.234	0.48	0	0	0	0.234	0.382	0	0	0	0.216	0.8	0	0	0.2	0.333	0.4	0.2	0	0	0	0.299	0.355
0	0	0	0	3.882	0	1.307	0	0	5.189	0	1.307	0	0	4.334	0	0	0	0	0.6	0	0	0	0	0.6	0	0	0	0	0.5	0	0	0	0	0	0	0	0	0	0	0.716	0.265
0	0	14.056	0	0	0	0	17.116	0	0	0	0	14.363	0	0	0	0	0.471	0	0	0	0	0.471	0	0	0	0	0.253	0	0	0.4	0.8	0.5	0	1	0.2	1	0.25	0	1	0	0.595
0	12.353	0	0	2.055	0	15.432	0	0.861	3.154	0	11.263	0	0.861	3.154	0	0.562	0	0	1	0	0.562	0	0	1	0	0.309	0	0	1	0.5	0.6	0	0	0.4	0.25	0.4	0	0	0	0	0.761
0	0	0	0	0	0	0	0	0	0	0	0	0	0	0	0	0	0	0	0	0	0	0	0	0	0	0	0	0	0	0	0	0	0.6	0	0	0	0.2	0	0	0.418	0.178
15.841	0	3.793	0	0	21.062	0.825	6.51	0	0	15.005	0.825	4.732	0	0	0.381	0	0.667	0	0	0.381	0	0.667	0	0	0.21	0	0.6	0	0	0	0	0	0.2	0	0	0	0	0	0	0.196	0.295
0	25.655	0.835	0	2.167	0	29.833	1.751	0	3.09	0	14.285	1.751	0	2.11	0	0.28	1	0	1	0	0.28	1	0	1	0	0.205	1	0	1	0	0	0	0	0.8	0	0.333	0	0	0	0.42	0.483
0	0	13.607	14.056	0	0	0	16.761	17.116	0.868	0	0	7.135	14.363	0.868	0	0	0.478	0.471	0	0	0	0.478	0.471	0	0	0	0.238	0.253	0	0	1	0	0.5	0	0	1	1	0.25	0	0.298	0.254
3.151	5.381	0	9.62	0	6.607	6.313	0	12.05	0.922	5.749	5.463	0	7.485	0.922	0.6	0.762	0	0.667	0	0.6	0.762	0	0.667	0	0.5	0.533	0	0.381	0	0.571	0.667	0.5	0.778	1	0.286	0.667	0	0	0.667	0.418	0.321
5.443	0	4.404	0.828	1.909	9.092	1.816	7.156	2.7	2.89	5.632	1.816	4.605	2.7	2.89	0.467	0	0.536	0.667	0.667	0.467	0	0.536	0.667	0.667	0.333	0	0.3	0.333	0.667	0	0	0	0	0	0	0	0	0.2	0	0.42	0.247
25.655	0	0	0	0.835	29.833	0	0	0	1.751	14.285	0	0	0	1.751	0.28	0	0	0	1	0.28	0	0	0	1	0.205	0	0	0	1	0	0	0	0	0	0.333	0	0	0	0	0.059	0.412
2.055	0	0	0	0	3.154	0	0	0	0	3.154	0	0	0	0	1	0	0	0	0	1	0	0	0	0	1	0	0	0	0	0.4	0	0.2	0.5	0	0	0	0.4	0.25	0	0.415	0.208
0	0	0	0	0	0	0	0	0	0	0	0	0	0	0	0	0	0	0	0	0	0	0	0	0	0	0	0	0	0	0	1	0	0	0	0	0	0	0	0	0.717	0.324
0	0	16.518	0	0	1.009	0	19.732	2.052	0	1.009	0	11.824	1.145	0	0	0	0.48	1	0	0	0	0.48	1	0	0	0	0.382	0	0	0	0.2	0.8	0	0	0.2	0	0.4	0	0	0.556	0.315
0.856	8.943	0	0	0	1.905	10.232	0	0	0	1.905	4.858	0	0	0	1	0.8	0	0	0	1	0.8	0	0	0	1	0.6	0	0	0	0	0	0	0	0	0.2	0	0	0	0	0.198	0.209
12.353	0	0	0	0	15.432	0.861	0	0	0	11.263	0.861	0	0	0	0.562	0	0	0	0	0.562	0	0	0	0	0.309	0	0	0	0	0.6	0	0.5	0	0	0.4	0	0.25	0	0	0.198	0.414
4.98	1.909	0.875	4.404	2.822	9.624	2.89	0.875	7.156	5.605	8.734	2.89	0.875	4.605	5.605	0.644	0.667	0	0.536	0.867	0.644	0.667	0	0.536	0.867	0.472	0.667	0	0.3	0.8	0	0	0.125	0	0	0	0	0.125	0	0	0.718	0.172
3.882	0	4.245	0	0	5.189	0	4.245	0	0	4.334	0	3.422	0	0	0.6	0	0.7	0	0	0.6	0	0.7	0	0	0.5	0	0.5	0	0	0	0	0	0	0.625	0	0	0	0	0.75	0.198	0.320
0	0	0	0	0	0	0.835	3.579	0.868	2.029	0	0.835	3.579	0.868	2.029	0	0	0	0	1	0	0	0	0	1	0	0	0	0	1	0.333	0	0	0	0.4	0	0	0	0	0	0.893	0.281
3.558	2.703	11.094	0	0	5.456	4.934	14.615	0	0	2.846	4.037	4.637	0	0	0.933	1	0.637	0	0	0.933	1	0.637	0	0	0.667	0.667	0.667	0	0	0.4	0	0.333	0.4	0	0	0.2	0.444	0.8	0	0.292	0.328
0	0	25.655	0.856	0	0	0	29.833	1.905	0	0	0	14.285	1.905	0	0	0	0.28	1	0	0	0	0.28	1	0	0	0	0.205	1	0	0	0	0	0	0	0	0	0.333	0.2	0	0	0.514
0	0.828	5.443	3.635	4.404	1.816	2.7	9.092	7.552	7.156	1.816	2.7	5.632	7.552	4.605	0	0.667	0.467	0.607	0.536	0	0.667	0.467	0.607	0.536	0	0.333	0.333	0.464	0.3	0	0	0	0.25	0	0	0.2	0	0	0	0.557	0.180
0	0	15.841	4.762	3.793	0.825	0	21.062	9.627	6.51	0.825	0	15.005	6.958	4.732	0	0	0.381	0.556	0.667	0	0	0.381	0.556	0.667	0	0	0.21	0.524	0.6	0	0.2	0	0	0	0	0	0	0	0	0.556	0.196
0	0	7.894	4.245	0	0	0	11.232	4.245	0	0	0	9.355	3.422	0	0	0	0.691	0.7	0	0	0	0.691	0.7	0	0	0	0.389	0.5	0	0.4	0.625	0	0	0.4	0.4	0.75	0	0	0.8	0	0.625
13.607	0	0	0	0	16.761	0	0.868	0	0.835	7.135	0	0.868	0	0.835	0.478	0	0	0	0	0.478	0	0	0	0	0.238	0	0	0	0	0	0	0	1	0	1	0	0	1	0	0	0.464
8.943	0	0.856	0	0	10.232	0	1.905	0	0	4.858	0	1.905	0	0	0.8	0	1	0	0	0.8	0	1	0	0	0.6	0	1	0	0	0	0	0	0	0	0	0	0.2	0.286	0	0.898	0.281
0	0	0	0	0	0	0	0	0	1.307	0	0	0	0	1.307	0	0	0	0	0	0	0	0	0	0	0	0	0	0	0	0	0	0	1	0	0	0	0	0	0	0.893	0.782
0	4.245	0	3.882	7.894	0	4.245	0	5.189	11.232	0	3.422	0	4.334	9.355	0	0.7	0	0.6	0.691	0	0.7	0	0.6	0.691	0	0.5	0	0.5	0.389	0.625	0	0.4	0	0	0.75	0	0.4	0	0	0	0.747
4.245	3.882	0	0	0	4.245	5.189	0	0	0	3.422	4.334	0	0	0	0.7	0.6	0	0	0	0.7	0.6	0	0	0	0.5	0.5	0	0	0	0	0	0.625	0	0.4	0	0	0.75	0	0.4	0	0.421
0	0	0	13.607	0	0.835	0.868	0	16.761	3.579	0.835	0.868	0	7.135	3.579	0	0	0	0.478	0	0	0	0	0.478	0	0	0	0	0.238	0	0	0	0.333	0	0	0	0	0	1	0	0.898	0.283
24.493	0	4.793	16.518	0	31.494	0	6.926	19.732	0.959	19.861	0	5.946	11.824	0.959	0.234	0	0.619	0.48	0	0.234	0	0.619	0.48	0	0.216	0	0.4	0.382	0	0.333	0	0.5	0.8	0	0	0	0.25	0.4	0	0.417	0.221
0	4.762	0	3.092	15.841	0	9.627	0.825	5.903	21.062	0	6.958	0.825	5.903	15.005	0	0.556	0	0.733	0.381	0	0.556	0	0.733	0.381	0	0.524	0	0.667	0.21	0.2	0	0	0.4	0	0	0	0	0	0	0.415	0.256
0	0	0	0	0	0	0	0	0	0	0	0	0	0	0	0	0	0	0	0	0	0	0	0	0	0	0	0	0	0	0	0.6	0	0	0	0	0	0	0	0.2	0.556	0.135
0	0	0	0	0	3.579	0	2.029	0.835	1.723	3.579	0	2.029	0.835	1.723	0	0	1	0	0	0	0	1	0	0	0	0	1	0	0	0	0.333	0.4	0	0	0	0	0	0	0	0.558	0.290
0	13.607	0	0	0	0.868	16.761	0.835	0	0	0.868	7.135	0.835	0	0	0	0.478	0	0	0	0	0.478	0	0	0	0	0.238	0	0	0	0	0	0	0	0.333	0	1	0	0	0	0.414	0.157
2.822	0.875	3.092	4.98	4.762	5.605	0.875	5.903	9.624	9.627	5.605	0.875	5.903	8.734	6.958	0.867	0	0.733	0.644	0.556	0.867	0	0.733	0.644	0.556	0.8	0	0.667	0.472	0.524	0	0.125	0.4	0	0	0	0.125	0	0	0	0.893	0.345
7.894	0	0	0	2.703	11.232	0	0	0	4.934	9.355	0	0	0	4.037	0.691	0	0	0	1	0.691	0	0	0	1	0.389	0	0	0	0.667	0	0.4	0.4	0.625	0	0	0.4	0.8	0.75	0.2	0.197	0.430
1.909	4.404	4.98	5.443	0.875	2.89	7.156	9.624	9.092	0.875	2.89	4.605	8.734	5.632	0.875	0.667	0.536	0.644	0.467	0	0.667	0.536	0.644	0.467	0	0.667	0.3	0.472	0.333	0	0	0	0	0	0.125	0	0	0	0	0.125	0.415	0.162
4.762	3.092	0	2.822	0	9.627	5.903	0	5.605	0.825	6.958	5.903	0	5.605	0.825	0.556	0.733	0	0.867	0	0.556	0.733	0	0.867	0	0.524	0.667	0	0.8	0	0	0.4	0.2	0	0	0	0	0	0	0	0.419	0.279
0	0	0	3.151	-1	0.922	0	0	6.607	-1	0.922	0	0	5.749	-1	0	0	0	0.6	-1	0	0	0	0.6	-1	0	0	0	0.5	-1	1	0.5	1	0.571	-1	0.667	0	1	0.286	-1	0.198	0.768
0	16.518	24.493	0	4.793	0	19.732	31.494	1.009	6.926	0	11.824	19.861	1.009	5.946	0	0.48	0.234	0	0.619	0	0.48	0.234	0	0.619	0	0.382	0.216	0	0.4	0	0.8	0.333	0	0.5	0	0.4	0	0.2	0.25	0.717	0.420
0	0	2.055	12.353	0	0	0	3.154	15.432	0	0	0	3.154	11.263	0	0	0	1	0.562	0	0	0	1	0.562	0	0	0	1	0.309	0	0	0.5	0.4	0.6	0.2	0	0.25	0	0.4	0.4	0.556	0.167
0	4.793	0	24.493	3.635	0.959	6.926	0.995	31.494	7.552	0.959	5.946	0.995	19.861	7.552	0	0.619	0	0.234	0.607	0	0.619	0	0.234	0.607	0	0.4	0	0.216	0.464	0	0.5	0	0.333	0.25	0	0.25	0	0	0	0.556	0.388
0	-1	1.798	-1	0.975	0	-1	2.943	-1	0.975	0	-1	1.973	-1	0	0	-1	0.667	-1	0	0	-1	0.667	-1	0	0	-1	0	-1	0	1	-1	1	-1	0	1	-1	0.2	-1	0	0.899	0.838
0	0	0	0	8.943	0	0	0	0	10.232	0	0	0	0	4.858	0	0	0	0	0.8	0	0	0	0	0.8	0	0	0	0	0.6	0	0	0	0	0	0.286	0	0	0.2	0	0.418	0.594
0	3.151	0	5.381	0	0	6.607	0.922	6.313	0	0	5.749	0.922	5.463	0	0	0.6	0	0.762	0	0	0.6	0	0.762	0	0	0.5	0	0.533	0	0.5	0.571	1	0.667	1	0	0.286	0.667	0.667	1	0.417	0.842
0	7.894	2.703	0	3.558	0	11.232	4.934	0	5.456	0	9.355	4.037	0	2.846	0	0.691	1	0	0.933	0	0.691	1	0	0.933	0	0.389	0.667	0	0.667	0.4	0	0	0.4	0.4	0.8	0	0.2	0.4	0	0	0.655
4.404	5.443	1.909	0	4.98	7.156	9.092	2.89	1.816	9.624	4.605	5.632	2.89	1.816	8.734	0.536	0.467	0.667	0	0.644	0.536	0.467	0.667	0	0.644	0.3	0.333	0.667	0	0.472	0	0	0	0	0	0	0	0	0	0	0.714	0.241
4.793	24.493	0	0	0	6.926	31.494	0.959	0	0.995	5.946	19.861	0.959	0	0.995	0.619	0.234	0	0	0	0.619	0.234	0	0	0	0.4	0.216	0	0	0	0.5	0.333	0	0	0	0.25	0	0	0	0	0	0.545
3.092	2.822	4.762	0.875	0	5.903	5.605	9.627	0.875	0	5.903	5.605	6.958	0.875	0	0.733	0.867	0.556	0	0	0.733	0.867	0.556	0	0	0.667	0.8	0.524	0	0	0.4	0	0	0.125	0.2	0	0	0	0.125	0	0.12	0.353
0	0	0	2.055	0	0	0	0	3.154	0	0	0	0	3.154	0	0	0	0	1	0	0	0	0	1	0	0	0	0	1	0	0	0.2	0	0.4	0.6	0	0.4	0	0	0	0.558	0.364
9.62	0	5.381	3.023	3.151	12.05	0.834	6.313	6.842	6.607	7.485	0.834	5.463	5.772	5.749	0.667	0	0.762	0.571	0.6	0.667	0	0.762	0.571	0.6	0.381	0	0.533	0.4	0.5	0.778	0.25	0.667	0	0.571	0	0	0.667	0	0.286	0.414	0.442
5.381	9.62	3.151	0	0	6.313	12.05	6.607	0.834	0	5.463	7.485	5.749	0.834	0	0.762	0.667	0.6	0	0	0.762	0.667	0.6	0	0	0.533	0.381	0.5	0	0	0.667	0.778	0.571	0.25	0.5	0.667	0	0.286	0	0	0	0.527
0	0	0	0	0	0	0	0	0	0	0	0	0	0	0	0	0	0	0	0	0	0	0	0	0	0	0	0	0	0	0.6	0	0	0	0	0	0	0	0	0	0.019	0.724
9.014	1.797	0	0	0	12.057	4.446	0	0	0.861	9.488	3.614	0	0	0.861	0.636	0.6	0	0	0	0.636	0.6	0	0	0	0.389	0.333	0	0	0	0.2	0.2	0	0	0	0	0.2	0	0	0	0	0.460
