4.589	3.798	6.109	0.937	19.022	6.37	7.375	7.931	0.937	21.595	2.775	5.563	6.08	0.937	18.134	1	0.857	0.821	0	0.482	0.952	0.821	0.821	0	0.476	1	0.733	0.6	0	0.382	0.25	0	0.2	1	0.8	0.25	0.2	0.2	1	0	0.417	0.295
0	0	0	0	0	0	0	0	0.977	0	0	0	0	0.977	0	0	0	0	0	0	0	0	0	0	0	0	0	0	0	0	0	0.333	0	0	0	0	0.333	0	0	0.5	0.057	0.487
2.801	7.975	0	0	0	0.866	7.975	0	0	0	1.935	5.207	0	0	0	0.333	0.857	0	0	0	0	0.821	0	0	0	0	0.4	0	0	0	0.125	0.333	0.6	0	0.8	0.375	1	0.6	0.5	0.8	0	0.494
0	0	1.798	0	0.868	0	0	2.741	0	0.868	0	0	0.943	0	0.868	0	0	1	0	0	0	0	1	0	0	0	0	0	0	0	0	0	0.2	0	0.286	0	0	0	0	0	0.893	0.431
0	0.868	0	1.798	0	0	0.868	0	2.741	0	0	0.868	0	0.943	0	0	0	0	1	0	0	0	0	1	0	0	0	0	0	0	0.2	0.286	0.571	0.2	1	0	0	0	0	1	0.557	0.432
0	11.915	0	0	0	0	14.108	0	0	0	0	4.148	0	0	0	0	0.692	0	0	0	0	0.67	0	0	0	0	0.333	0	0	0	0	0.4	0	0	0	0	0	0	0	0	0.713	0.326
0.937	8.276	3.798	0	4.589	0.937	11.226	7.375	0	6.37	0.937	6.12	5.563	0	2.775	0	0.727	0.857	0	1	0	0.691	0.821	0	0.952	0	0.6	0.733	0	1	1	0	0	0.2	0.25	1	0.8	0.2	0	0.25	0	0.675
0	11.358	0	0	16.37	0	13.457	0	0	15.211	0	9.004	0	0	13.204	0	0.538	0	0	0.581	0	0.484	0	0	0.714	0	0.611	0	0	0.394	0.25	0	0.2	0	0.333	0.5	0	1	0	0.333	0	0.829
0	0	11.358	0	0	0	0	13.457	0	0	0	0	9.004	0	0	0	0	0.538	0	0	0	0	0.484	0	0	0	0	0.611	0	0	0	0	0	0	0.25	0	0.25	0	0	0.5	0.299	0.318
0	0	0	0.905	0	0.869	0	0	0.905	0	0.869	0	0	0	0	0	0	0	0	0	0	0	0	0	0	0	0	0	0	0	0	0.6	0.4	0	0	0.2	1	0	0	0	0.717	0.304
0	20.486	0	25.158	0	0.961	25.467	1.859	29.878	0.99	0.961	17.51	1.859	16.921	0.99	0	0.34	0	0.276	0	0	0.323	0	0.268	0	0	0.257	0	0.258	0	0	0	0	0	0.25	0	0	0	0	0	0.715	0.154
0	0	0	0	5.015	0	0	0	0	5.015	0	0	0	0	0.944	0	0	0	0	1	0	0	0	0	0.8	0	0	0	0	0	0	0	0.571	0.6	0.25	0	1	0.571	0.2	0	0.559	0.725
8.974	0	3.808	0	0	11.235	0	4.79	0	0	5.169	0	4.79	0	0	0.691	0	0.8	0	0	0.655	0	0.7	0	0	0.3	0	0.5	0	0	0	0.2	0	0	0.2	0	0	0	0	0	0.718	0.265
5.015	0	0	0	0	5.015	0	0	0	0	0.944	0	0	0	0	1	0	0	0	0	0.8	0	0	0	0	0	0	0	0	0	0.25	0.571	0	0	0	0	0.571	0	0	0	0	0.541
0.908	16.37	1.729	0	0	0	15.211	1.729	0	0	0.908	13.204	0.868	0	0	0	0.581	1	0	0	0	0.714	1	0	0	0	0.394	0	0	0	0.2	0.333	0	0.2	0	0.2	0.333	0	1	0	0	0.403
0	0	5.015	0	0	0	0	5.015	0	0	0	0	0.944	0	0	0	0	1	0	0	0	0	0.8	0	0	0	0	0	0	0	0.571	0	0.25	0	0	0.571	0	0	1	0	0.299	0.629
0	0	0	14.895	13.383	0.952	0	0	16.395	16.487	0.952	0	0	10.816	11.538	0	0	0	0.559	0.6	0	0	0	0.583	0.583	0	0	0	0.333	0.364	0.2	0	1	0.4	1	0	0	1	0	1	0.298	0.479
1.798	0	0.868	0	0	2.741	0	0.868	0	0	0.943	0	0.868	0	0	1	0	0	0	0	1	0	0	0	0	0	0	0	0	0	0.2	0	0.286	0	0.2	0	0	0	0	0	0.298	0.205
0.971	0	10.563	0	22.141	0	0.881	12.567	0	17.635	1.982	0.881	8.941	0	15.036	1	0	0.679	0	0.463	0	0	0.679	0	0.493	1	0	0.5	0	0.363	0.6	0	0.2	0	0.8	0.6	0	0.6	0	0.2	0	0.411
0	0	0	11.886	0	0	0	0	13.951	0	0	0	0	10.02	0	0	0	0	0.582	0	0	0	0	0.582	0	0	0	0	0.444	0	0	0.25	0	0	0	0	0.25	0	0	0	0.414	0.315
11.915	0	0	1.729	0	14.108	0	0	1.729	0	4.148	0	0	0.868	0	0.692	0	0	1	0	0.67	0	0	1	0	0.333	0	0	0	0	0.4	0	0	0	0	0	0	0	0	0	0.298	0.302
0	0	0	0	-1	0	0.869	0	0	-1	0	0.869	0	0	-1	0	0	0	0	-1	0	0	0	0	-1	0	0	0	0	-1	0.4	0	0	0.6	-1	0	0.2	0	1	-1	0.117	0.715
11.358	0	0	0	0	13.457	0	0	0	0	9.004	0	0	0	0	0.538	0	0	0	0	0.484	0	0	0	0	0.611	0	0	0	0	0	0	0.25	0	0.2	0	0	0.5	0.25	1	0.296	0.251
0	0	1.758	7.006	0	1.867	0	6.647	12.06	2.791	1.867	0	5.778	9.173	2.791	1	0	0.762	0.545	0.667	1	0	0.714	0.485	0.667	1	0	0.8	0.5	0.667	0	0	0	0	0	0	0	0	0	0	0.896	0.348
0	0	0	0	0	0	0.977	0	0	0	0	0.977	0	0	0	0	0	0	0	0	0	0	0	0	0	0	0	0	0	0	0.333	0	0	0	0	0.333	0	0	0	0	0.714	0.750
0.905	0.881	0	0	0	0.905	1.75	0	0	0.869	0	0.869	0	0	0.869	0	0	0	0	0	0	0	0	0	0	0	0	0	0	0	0	0	0.6	0	0	0	0	1	0	0.2	0	0.596
0	0	0	20.486	0	1.859	0.961	0.99	25.467	0	1.859	0.961	0.99	17.51	0	0	0	0	0.34	0	0	0	0	0.323	0	0	0	0	0.257	0	0	0	0.25	0	0	0	0	0	0	0	0.718	0.206
0	13.383	8.276	0	0.937	0	16.487	11.226	0	0.937	0	11.538	6.12	0	0.937	0	0.6	0.727	0	0	0	0.583	0.691	0	0	0	0.364	0.6	0	0	0.2	1	0	1	1	0	1	0.8	1	1	0.415	0.363
0	0	0	0	0	0.977	0	0	0	0	0.977	0	0	0	0	0	0	0	0	0	0	0	0	0	0	0	0	0	0	0	0	0	0.333	0	0	0	0	0.333	0	0	0.3	0.373
0	0	13.383	0	0	0	0.952	16.487	0	0	0	0.952	11.538	0	0	0	0	0.6	0	0	0	0	0.583	0	0	0	0	0.364	0	0	1	0.2	1	0	0.2	1	0	1	0	0	0	0.987
0	0	0.881	0	0.905	0	0.99	1.75	1.859	0.905	0	0.99	0.869	1.859	0	0	0	0	0	0	0	0	0	0	0	0	0	0	0	0	0	0.25	0	0	0	0	0	0	0	0	0.415	0.256
0	5.015	0	0	19.646	0	5.015	0	0	20.622	0	0.944	0	0	8.223	0	1	0	0	0.462	0	0.8	0	0	0.443	0	0	0	0	0.286	0	0.25	0	0.571	0.5	0	0	0	0.571	0	0.197	0.259
0	0.905	0	0.881	0	0	0.905	0.869	1.75	0	0	0	0.869	0.869	0	0	0	0	0	0	0	0	0	0	0	0	0	0	0	0	0.6	0	0	0	0.4	1	0	0.2	0	0	0.117	0.785
0	-1	0	-1	0	0	-1	0	-1	0	0	-1	0	-1	0	0	-1	0	-1	0	0	-1	0	-1	0	0	-1	0	-1	0	0	-1	0	-1	0	0	-1	0	-1	0	0.899	0.999
0	0	0	0	1.798	0	0	0	0	2.741	0	0	0	0	0.943	0	0	0	0	1	0	0	0	0	1	0	0	0	0	0	0	0	0	0.25	0.2	0	0	0	0.25	0	0.897	0.565
3.798	0.937	4.589	8.276	6.109	7.375	0.937	6.37	11.226	7.931	5.563	0.937	2.775	6.12	6.08	0.857	0	1	0.727	0.821	0.821	0	0.952	0.691	0.821	0.733	0	1	0.6	0.6	0	1	0.25	0	0.2	0.2	1	0.25	0.8	0.2	0	0.320
0	0	0	0	0	0	0	0	0	0	0	0	0	0	0	0	0	0	0	0	0	0	0	0	0	0	0	0	0	0	0	0	0	0	0	0	0	0	0	0	0.557	0.301
0	0	0	0	7.975	0	0	0	0	7.975	0	0	0	0	5.207	0	0	0	0	0.857	0	0	0	0	0.821	0	0	0	0	0.4	0	0	0	0.333	0.333	0	0	0.5	0.333	1	0.415	0.224
0	1.729	11.915	0.908	0	0	1.729	14.108	0	0	0	0.868	4.148	0.908	0	0	1	0.692	0	0	0	1	0.67	0	0	0	0	0.333	0	0	0	0	0.4	0.2	0	0	0	0	0.2	0	0.415	0.559
13.383	0	0	0	8.276	16.487	0	0	0.952	11.226	11.538	0	0	0.952	6.12	0.6	0	0	0	0.727	0.583	0	0	0	0.691	0.364	0	0	0	0.6	1	1	0.2	0.2	0	1	1	0	0	0.8	0	0.570
0	1.758	3.087	0	25.158	2.791	6.647	4.215	1.867	29.878	2.791	5.778	6.321	1.867	16.921	0.667	0.762	0.867	1	0.276	0.667	0.714	0.833	1	0.268	0.667	0.8	0.867	1	0.258	0	0	0	0	0	0	0	0	0	0	0.3	0.277
20.486	25.158	0	3.087	0	25.467	29.878	0.961	4.215	1.859	17.51	16.921	0.961	6.321	1.859	0.34	0.276	0	0.867	0	0.323	0.268	0	0.833	0	0.257	0.258	0	0.867	0	0	0	0	0	0	0	0	0	0	0	0.556	0.324
0	0	16.37	11.358	0.908	0	0	15.211	13.457	0	0	0	13.204	9.004	0.908	0	0	0.581	0.538	0	0	0	0.714	0.484	0	0	0	0.394	0.611	0	0.2	0.25	0.333	0	0.2	1	0.5	0.333	0	0.2	0	0.686
0	0	0	0	0	0	0	0.977	0	0	0	0	0.977	0	0	0	0	0	0	0	0	0	0	0	0	0	0	0	0	0	0	0	0	0.25	0.333	0	0	0	0.75	0.333	0.899	0.320
0	0	0	0	0	0	0	0	0	0	0	0	0	0	0	0	0	0	0	0	0	0	0	0	0	0	0	0	0	0	0	0	0.6	1	0	0	0	0.2	1	1	0.557	0.287
0	0	0	0	0.881	0.99	1.859	0	0.961	1.75	0.99	1.859	0	0.961	0.869	0	0	0	0	0	0	0	0	0	0	0	0	0	0	0	0.25	0	0	0	0	0	0	0	0	0	0	0.584
6.109	4.589	19.022	3.798	0.865	7.931	6.37	21.595	7.375	0.865	6.08	2.775	18.134	5.563	0.865	0.821	1	0.482	0.857	0	0.821	0.952	0.476	0.821	0	0.6	1	0.382	0.733	0	0.2	0.25	0.8	0	0	0.2	0.25	0	0.2	0	0	0.371
0	0	0	-1	0	0	0	0	-1	0	0	0	0	-1	0	0	0	0	-1	0	0	0	0	-1	0	0	0	0	-1	0	0	0	0	-1	0	0	0	0	-1	0	0.556	0.996
10.563	0.971	22.141	0	11.886	12.567	0	17.635	0.881	13.951	8.941	1.982	15.036	0.881	10.02	0.679	1	0.463	0	0.582	0.679	0	0.493	0	0.582	0.5	1	0.363	0	0.444	0.2	0.6	0.8	0	0	0.6	0.6	0.2	0	0	0.42	0.226
0	0	8.974	0	3.808	0	0	11.235	0	4.79	0	0	5.169	0	4.79	0	0	0.691	0	0.8	0	0	0.655	0	0.7	0	0	0.3	0	0.5	0.2	0	0	0	0	0	0	0	0	0	0.717	0.304
0	0	19.646	5.015	0	0	0	20.622	5.015	0	0	0	8.223	0.944	0	0	0	0.462	1	0	0	0	0.443	0.8	0	0	0	0.286	0	0	0	0	0.5	0.25	0.25	0	0	0	0	0.75	0.558	0.326
11.886	22.141	0	10.563	0	13.951	17.635	0	12.567	0	10.02	15.036	0	8.941	0	0.582	0.463	0	0.679	0	0.582	0.493	0	0.679	0	0.444	0.363	0	0.5	0	0	0.8	0.25	0.2	0	0	0.2	0.25	0.6	0	0.419	0.243
0	7.006	0	6.055	1.758	0	12.06	1.867	9.803	6.647	0	9.173	1.867	9.803	5.778	0	0.545	1	0.689	0.762	0	0.485	1	0.622	0.714	0	0.5	1	0.511	0.8	0	0	0	0.25	0	0	0	0	0	0	0.897	0.337
16.37	0	0.908	0	1.729	15.211	0	0	0	1.729	13.204	0	0.908	0	0.868	0.581	0	0	0	1	0.714	0	0	0	1	0.394	0	0	0	0	0.333	0.2	0.2	0.25	0	0.333	1	0.2	0.5	0	0	0.488
14.895	3.674	0	0	0	16.395	4.626	0	0	0.952	10.816	0.952	0	0	0.952	0.559	0.5	0	0	0	0.583	0.5	0	0	0	0.333	0	0	0	0	0.4	0.2	0	0	0.2	0	0	0	0	0	0	0.347
3.674	0	14.895	1.044	0	4.626	0	16.395	2.346	0	0.952	0	10.816	2.346	0	0.5	0	0.559	1	0	0.5	0	0.583	1	0	0	0	0.333	1	0	0.2	0	0.4	0	0	0	0	0	0	0	0	0.353
0	0	0	0.868	0	0	0	0	0.868	0	0	0	0	0.868	0	0	0	0	0	0	0	0	0	0	0	0	0	0	0	0	0.571	0.2	1	0.286	0	0	0	1	0	0.2	0.418	0.606
0	11.586	0	0	0	0	11.621	0	0	0	0	5.106	0	0	0	0	0.731	0	0	0	0	0.727	0	0	0	0	0.8	0	0	0	0	0	0	0	0	0	0	0	0	0.25	0.899	0.349
0	22.279	0	0	0	0	22.279	0	0	0	0	9.056	0	0	0	0	0.476	0	0	0	0	0.463	0	0	0	0	0.361	0	0	0	1	1	0	0	0	1	0.8	0	0	0	0	0.992
3.808	8.974	0	0	0	4.79	11.235	0	0	0	4.79	5.169	0	0	0	0.8	0.691	0	0	0	0.7	0.655	0	0	0	0.5	0.3	0	0	0	0	0	0.2	0.2	0	0	0	0	0	0	0.197	0.223
1.758	0	0	0	3.087	6.647	1.867	2.791	0	4.215	5.778	1.867	2.791	0	6.321	0.762	1	0.667	0	0.867	0.714	1	0.667	0	0.833	0.8	1	0.667	0	0.867	0	0	0	0	0	0	0	0	0	0	0.898	0.207
0	0	0	19.646	0	0	0	0	20.622	0.977	0	0	0	8.223	0.977	0	0	0	0.462	0	0	0	0	0.443	0	0	0	0	0.286	0	0	0.25	0	0.5	0	0	0.75	0	0	0	0.418	0.365
0	3.18	0	0	1.044	0	4.097	0	0	2.346	0	4.342	0	0	2.346	0	0.7	0	0	1	0	0.5	0	0	1	0	0.833	0	0	1	0	0.25	0	0	0	0	0	0	0	0	0.713	0.437
8.276	0	0.937	13.383	3.798	11.226	0	0.937	16.487	7.375	6.12	0	0.937	11.538	5.563	0.727	0	0	0.6	0.857	0.691	0	0	0.583	0.821	0.6	0	0	0.364	0.733	0	0.2	1	1	0	0.8	0	1	1	0.2	0.196	0.223
19.646	0	0	0	0	20.622	0	0	0	0	8.223	0	0	0	0	0.462	0	0	0	0	0.443	0	0	0	0	0.286	0	0	0	0	0.5	0	0.25	0	0	0	0	0.75	0	0	0.195	0.260
0	0	0	0	0.971	0	0	0.881	0	0	0	0	0.881	0	1.982	0	0	0	0	1	0	0	0	0	0	0	0	0	0	1	0	0	0	0	0.6	0	0	0	0	0.6	0.299	0.254
0	0	0	0	0	0	0	0	0	0	0	0	0	0	0	0	0	0	0	0	0	0	0	0	0	0	0	0	0	0	0	0	0	0	0	0	0	0	0	0	0.299	0.651
7.006	6.055	0	0.865	0	12.06	9.803	0	0.865	1.867	9.173	9.803	0	0.865	1.867	0.545	0.689	0	0	1	0.485	0.622	0	0	1	0.5	0.511	0	0	1	0	0.25	0	0	0	0	0	0	0	0	0.299	0.222
0	0	11.586	0	0	0	0	11.621	0	0	0	0	5.106	0	0	0	0	0.731	0	0	0	0	0.727	0	0	0	0	0.8	0	0	0	0.8	0	0.6	0	0	0.8	0	0.6	0	0	0.486
0.881	0	0.905	0	0	1.75	0	0.905	0.99	0	0.869	0	0	0.99	0	0	0	0	0	0	0	0	0	0	0	0	0	0	0	0	0	0	0	0.25	0.6	0	0	0	0	1	0.718	0.341
0	3.808	0	8.974	3.18	0	4.79	0	11.235	4.097	0	4.79	0	5.169	4.342	0	0.8	0	0.691	0.7	0	0.7	0	0.655	0.5	0	0.5	0	0.3	0.833	0.2	0	0	0	0.25	0	0	0	0	0	0.896	0.359
11.586	0	0	0	0	11.621	0	0	0	0	5.106	0	0	0	0	0.731	0	0	0	0	0.727	0	0	0	0	0.8	0	0	0	0	0	0	0	0.8	0	0	0	0	0.8	0	0.294	0.239
0	1.044	3.674	0	14.895	0	2.346	4.626	0	16.395	0	2.346	0.952	0	10.816	0	1	0.5	0	0.559	0	1	0.5	0	0.583	0	1	0	0	0.333	0	0	0.2	0	0.4	0	0	0	0	0	0.559	0.550
6.055	0.865	7.006	19.022	0	9.803	0.865	12.06	21.595	0	9.803	0.865	9.173	18.134	0	0.689	0	0.545	0.482	0	0.622	0	0.485	0.476	0	0.511	0	0.5	0.382	0	0.25	0	0	0.8	0	0	0	0	0	0	0.415	0.252
0	11.886	0	22.141	0	0	13.951	0	17.635	0	0	10.02	0	15.036	0	0	0.582	0	0.463	0	0	0.582	0	0.493	0	0	0.444	0	0.363	0	0.25	0	0	0.8	0	0.25	0	0	0.2	0	0.055	0.686
22.279	0	0	0	0	22.279	0	0	0	0	9.056	0	0	0	0	0.476	0	0	0	0	0.463	0	0	0	0	0.361	0	0	0	0	1	0	1	0	0	0.8	0	1	0.2	0	0.298	0.365
3.18	0	0	0	0	4.097	0	0	0	0	4.342	0	0	0	0	0.7	0	0	0	0	0.5	0	0	0	0	0.833	0	0	0	0	0.25	0	0	0.2	0	0	0	0	0	0	0.055	0.391
0	0	0	22.279	0	0	0	0	22.279	0	0	0	0	9.056	0	0	0	0	0.476	0	0	0	0	0.463	0	0	0	0	0.361	0	0	1	0	1	0.6	0	1	0	0.8	0.2	0.417	0.339
0	0	0	0	0	0	0	0	0	0.881	0	0	0	0	0.881	0	0	0	0	0	0	0	0	0	0	0	0	0	0	0	0	0	0	0	0	0	0	0	0	0	0.42	0.663
1.729	0.908	0	16.37	11.915	1.729	0	0	15.211	14.108	0.868	0.908	0	13.204	4.148	1	0	0	0.581	0.692	1	0	0	0.714	0.67	0	0	0	0.394	0.333	0	0.2	0	0.333	0.4	0	0.2	0	0.333	0	0	0.350
0	0	0	11.915	0	0	0	0	14.108	0	0	0	0	4.148	0	0	0	0	0.692	0	0	0	0	0.67	0	0	0	0	0.333	0	0	0	0	0.4	0.2	0	0	0	0	0	0.898	0.413
7.975	0	2.801	0	0	7.975	0	0.866	0	0	5.207	0	1.935	0	0	0.857	0	0.333	0	0	0.821	0	0	0	0	0.4	0	0	0	0	0.333	0	0.125	0	0.6	1	0.5	0.375	0	0.6	0	0.661
0	0	22.279	0	0	0	0	22.279	0	0	0	0	9.056	0	0	0	0	0.476	0	0	0	0	0.463	0	0	0	0	0.361	0	0	0	0	1	1	1	0	0.2	0.8	1	1	0.556	0.355
0	0	-1	0	-1	0	0	-1	0.869	-1	0	0	-1	0.869	-1	0	0	-1	0	-1	0	0	-1	0	-1	0	0	-1	0	-1	0	0.4	-1	0	-1	0	0	-1	0.2	-1	0.897	0.999
0.865	19.022	6.055	6.109	7.006	0.865	21.595	9.803	7.931	12.06	0.865	18.134	9.803	6.08	9.173	0	0.482	0.689	0.821	0.545	0	0.476	0.622	0.821	0.485	0	0.382	0.511	0.6	0.5	0	0.8	0.25	0.2	0	0	0	0	0.2	0	0.557	0.275
0	0	0	0	8.974	0	0	0	0	11.235	0	0	0	0	5.169	0	0	0	0	0.691	0	0	0	0	0.655	0	0	0	0	0.3	0	0	0.2	0	0	0	0	0	0	0	0.896	0.363
0.868	1.798	0	0	0	0.868	2.741	0	0	0	0.868	0.943	0	0	0	0	1	0	0	0	0	1	0	0	0	0	0	0	0	0	0.286	0.2	0.2	0	0.571	0	0	0	0	0	0.557	0.309
0	0	1.044	3.18	0	0	0	2.346	4.097	0	0	0	2.346	4.342	0	0	0	1	0.7	0	0	0	1	0.5	0	0	0	1	0.833	0	0	0	0	0.25	0	0	0	0	0	0	0.896	0.249
1.044	0	0	0	3.674	2.346	0	0	0	4.626	2.346	0	0	0	0.952	1	0	0	0	0.5	1	0	0	0	0.5	1	0	0	0	0	0	0	0	0	0.2	0	0	0	0	0	0.299	0.318
0	19.646	0	0	0	0	20.622	0	0	0	0	8.223	0	0	0	0	0.462	0	0	0	0	0.443	0	0	0	0	0.286	0	0	0	0.25	0.5	0	0	0	0.75	0	0	0	0	0	0.683
22.141	10.563	11.886	0.971	0	17.635	12.567	13.951	0	0	15.036	8.941	10.02	1.982	0	0.463	0.679	0.582	1	0	0.493	0.679	0.582	0	0	0.363	0.5	0.444	1	0	0.8	0.2	0	0.6	0.25	0.2	0.6	0	0.6	0.25	0.016	0.432
25.158	3.087	20.486	0	0	29.878	4.215	25.467	2.791	0.961	16.921	6.321	17.51	2.791	0.961	0.276	0.867	0.34	0.667	0	0.268	0.833	0.323	0.667	0	0.258	0.867	0.257	0.667	0	0	0	0	0	0	0	0	0	0	0	0.197	0.228
0	0	0	0	0	0	0	0	0	0	0	0	0	0	0	0	0	0	0	0	0	0	0	0	0	0	0	0	0	0	0	0.6	0	0	0.571	1	0.2	0	0	0.571	0	0.770
0	0	0	11.586	0	0	0	0	11.621	0	0	0	0	5.106	0	0	0	0	0.731	0	0	0	0	0.727	0	0	0	0	0.8	0	0	0	0	0	0	0	0	0.25	0	0	0.897	0.468
19.022	6.109	0.865	4.589	6.055	21.595	7.931	0.865	6.37	9.803	18.134	6.08	0.865	2.775	9.803	0.482	0.821	0	1	0.689	0.476	0.821	0	0.952	0.622	0.382	0.6	0	1	0.511	0.8	0.2	0	0.25	0.25	0	0.2	0	0.25	0	0	0.543
0	0	0	0	22.279	0	0	0	0	22.279	0	0	0	0	9.056	0	0	0	0	0.476	0	0	0	0	0.463	0	0	0	0	0.361	0	1	0	0.571	1	0.2	1	0	0	0.8	0.298	0.357
0	0	0	0	0	0	0	0	0	0	0	0	0	0	0	0	0	0	0	0	0	0	0	0	0	0	0	0	0	0	1	0.571	0	0.2	0	1	0	0.2	0	0	0	0.990
0	2.801	0	7.975	0	0	0.866	0	7.975	0	0	1.935	0	5.207	0	0	0.333	0	0.857	0	0	0	0	0.821	0	0	0	0	0.4	0	0.6	0.125	0.8	0.333	0	0.6	0.375	0.8	1	0	0	0.844
0	0	0	0	0	0	0	0	0	0	0	0	0	0	0	0	0	0	0	0	0	0	0	0	0	0	0	0	0	0	0.6	0	0	0	0	0.2	0	1	0	0	0	0.539
0	0	0.971	0	10.563	0.881	0	0	0	12.567	0.881	0	1.982	0	8.941	0	0	1	0	0.679	0	0	0	0	0.679	0	0	1	0	0.5	0	0	0.6	0	0.2	0	0	0.6	0	0.6	0	0.535
0	0	3.18	3.808	0	0	0	4.097	4.79	0	0	0	4.342	4.79	0	0	0	0.7	0.8	0	0	0	0.5	0.7	0	0	0	0.833	0.5	0	0	0.2	0.25	0	0	0	0	0	0	0	0.715	0.239
0	0	7.975	0	2.801	0	0	7.975	0	0.866	0	0	5.207	0	1.935	0	0	0.857	0	0.333	0	0	0.821	0	0	0	0	0.4	0	0	0	0	0.333	0	0.125	0.5	0	1	0	0.375	0.417	0.454
0	14.895	0	3.674	0	0	16.395	0.952	4.626	0	0	10.816	0.952	0.952	0	0	0.559	0	0.5	0	0	0.583	0	0.5	0	0	0.333	0	0	0	0	0.4	0.2	0.2	1	0	0	0	0	1	0.298	0.377
3.087	0	25.158	1.758	20.486	4.215	2.791	29.878	6.647	25.467	6.321	2.791	16.921	5.778	17.51	0.867	0.667	0.276	0.762	0.34	0.833	0.667	0.268	0.714	0.323	0.867	0.667	0.258	0.8	0.257	0	0	0	0	0	0	0	0	0	0	0.713	0.392
0	0	0	2.801	11.586	0	0	0	0.866	11.621	0	0	0	1.935	5.106	0	0	0	0.333	0.731	0	0	0	0	0.727	0	0	0	0	0.8	0.8	0.6	0	0.125	0	0.8	0.6	0	0.375	0	0	0.599
0	0	0	0	11.358	0	0	0	0	13.457	0	0	0	0	9.004	0	0	0	0	0.538	0	0	0	0	0.484	0	0	0	0	0.611	0	0	0	0	0	0.25	0	0	0	0	0.415	0.428
