1.607	0.945	0	0.915	0	5.846	8.056	4.719	2.556	5.87	8.45	7.129	4.719	7.137	5.028	0.4	0.429	0.5	0.619	0.4	0.267	0.321	0.4	0.333	0.267	0.464	0.476	0.5	0.571	0.4	0.111	0.6	0	0.75	0	1	0	0	0.25	0	0.299	0.203
3.13	10.399	14.889	0	6.486	9.386	18.549	19.205	5.87	13.691	6.321	11.733	17.473	5.028	9.639	0.491	0.298	0.337	0.4	0.629	0.578	0.246	0.4	0.267	0.61	0.2	0.291	0.25	0.4	0.378	0	0	0	0	0.25	0	0	0	0	0.75	0.119	0.184
0	0	6.352	0	0	0	0	6.352	0	0	0	0	3.84	0	0	0	0	0.714	0	0	0	0	0.667	0	0	0	0	0.5	0	0	0.6	0.4	0	0.6	0.667	1	0	0	0.2	1	0	0.886
0	1.678	0	0	13.442	0	1.678	0	0	13.442	0	0	0	0	4.112	0	1	0	0	0.549	0	1	0	0	0.516	0	0	0	0	0.667	0	0	0	0	0.2	0	0	0	0	0.2	0.418	0.129
0	0	0	0	0	0	0	0	0	0	0	0	0	0	0	0	0	0	0	0	0	0	0	0	0	0	0	0	0	0	0	0	0	0	0	0	0	0	0	0	0	0.370
0	0	0	0	1.631	0	0	0	0	1.631	0	0	0	0	0	0	0	0	0	0	0	0	0	0	0	0	0	0	0	0	0	0	0	0	0.571	0	0	0	0	0.286	0.713	0.175
31.471	5.293	5.428	0.833	0.768	31.198	7.172	10.293	0.833	1.542	12.749	4.685	5.847	0.833	1.542	0.289	0.893	0.745	0	1	0.303	0.857	0.727	0	1	0.394	0.8	0.533	0	1	0	0	0	0	0.111	0	0.143	0	0	0	0.897	0.261
0	0	0	0	0	0	0	0	0	0	0	0	0	0	0	0	0	0	0	0	0	0	0	0	0	0	0	0	0	0	0	0.333	0	0	0.556	0	0.333	0	0	0.556	0	0.566
0	0	0	0	0.787	0	0	0.772	0	0.787	0	0	0.772	0	0.787	0	0	0	0	0	0	0	0	0	0	0	0	0	0	0	0	0.667	0	0	0.2	0	1	0	0.25	0	0.419	0.490
0	0	0	0	0	0	0	0	0	0	0	0	0	0	0	0	0	0	0	0	0	0	0	0	0	0	0	0	0	0	0	0	0	0.4	0	0	0	0	0.2	0	0.299	0.236
0.768	5.428	0.786	31.471	4.325	1.542	10.293	3.993	31.198	4.275	1.542	5.847	3.993	12.749	4.443	1	0.745	0.7	0.289	0.893	1	0.727	0.2	0.303	1	1	0.533	0.7	0.394	0.6	0.111	0	0	0	0.8	0	0	0	0	1	0.414	0.447
0	0	11.79	6.352	16.789	0	0	13.619	6.352	16.789	0	0	4.815	3.84	7.084	0	0	0.657	0.714	0.562	0	0	0.648	0.667	0.503	0	0	0.5	0.5	0.571	0	0.667	0	0	0.375	0.667	1	0	0	0.5	0	0.747
0	0	0	11.114	22.174	0	0	0	10.303	22.174	0	0	0	5.575	6.797	0	0	0	0.703	0.514	0	0	0	0.8	0.489	0	0	0	0.533	0.533	0	0	0	0.4	0.2	0	0	0	0	0	0.415	0.258
0	0	0	0	0	0	0	0	0	0	0	0	0	0	0	0	0	0	0	0	0	0	0	0	0	0	0	0	0	0	0	0	0	0	0	0	0	0	0	0	0.898	0.891
0	0	0	0.787	0	0	0	0	0.787	0	0	0	0	0.787	0	0	0	0	0	0	0	0	0	0	0	0	0	0	0	0	0	1	0.2	0.2	0	0	0.4	0	0	0	0.557	0.186
0	0	0	3.476	0	0	0	0	3.476	0	0	0	0	0	0	0	0	0	1	0	0	0	0	1	0	0	0	0	0	0	0.25	0	0.333	0	1	0	0	0	0	0	0	0.123
0.787	0	0	0	1.676	0.787	0	0	0	0.895	0	0	0	0	0.781	0	0	0	0	1	0	0	0	0	0	0	0	0	0	0	0	0	0	0	0	0	0	0	0	0	0.716	0.129
3.675	0	0	0	0	2.461	1.687	0	0	0	2.232	1.687	0	0	0	0.9	0	0	0	0	1	0	0	0	0	0	0	0	0	0	0	0	0	1	0	0	0	0	1	0	0.117	0.174
3.748	4.125	7.696	6.161	6.32	13.997	14.315	18.379	17.536	15.716	12.352	11.265	16.826	9.868	14.93	0.848	0.848	0.695	0.725	0.848	0.855	0.855	0.676	0.703	0.818	0.583	0.75	0.41	0.762	0.473	0	0	0	0	0	0	0	0	0	0	0	0.639
0	0	0	0	0.78	0	0	0	0	3.695	0	0	0	0	3.432	0	0	0	0	0.6	0	0	0	0	0.333	0	0	0	0	0.333	0	1	0	0.333	0	0	0	0	0	0	0	0.110
0	0	0	0	0	0	0	0	0	0	0	0	0	0	0	0	0	0	0	0	0	0	0	0	0	0	0	0	0	0	0	0	0	0	0	0	0	0	0.222	0	0.557	0.366
0	0	0	0	3.675	0	0	1.687	0	2.461	0	1.687	1.687	0	2.232	0	0	0	0	0.9	0	0	0	0	1	0	0	0	0	0	1	0.4	0	0.25	0	1	0.4	0	0	0	0	0.814
0	0	13.442	1.678	10.879	0	0	13.442	1.678	10.879	0	0	4.112	0	2.684	0	0	0.549	1	0.621	0	0	0.516	1	0.621	0	0	0.667	0	0.333	0	0	0.2	0	0.25	0	0	0.2	0	0	0.419	0.148
0	0	1.219	0	0.815	0	0	0	0	0.815	0	0	1.219	0	0.815	0	0	0	0	0	0	0	0	0	0	0	0	0	0	0	1	0.25	0.6	0	0	1	1	0.8	0	0.2	0	0.985
0	0	0	0	0	0	0	0	0	0	0	0	0	0	0	0	0	0	0	0	0	0	0	0	0	0	0	0	0	0	0.143	0.778	0	0.333	0.4	0.143	0	0	0	0	0.299	0.257
0.777	1.789	0	0	7.974	0.777	1.789	0	0	7.974	0	0	0	0	0	0	0	0	0	0.806	0	0	0	0	0.806	0	0	0	0	0	0.2	0.25	0	0	0	0	0	0	0	0	0	0.391
8.341	0.921	0	4.052	0	9.211	2.064	0	4.052	0	0.87	1.144	0	0.815	0	0.8	1	0	0.6	0	0.8	1	0	0.4	0	0	0	0	0	0	0	0	0	0	0	0	0	0	0	0	0.116	0.173
0.78	0	4.4	0	2.605	3.695	0	7.13	0	2.849	3.432	0	7.565	0	6.762	0.6	0	0.528	0	0.619	0.333	0	0.429	0	0.667	0.333	0	0.571	0	0.6	0	0	0	0	0.333	0	0	0	0	0.667	0	0.145
0	0	0	0	0	0	0	0	0	0	0	0	0	0	0	0	0	0	0	0	0	0	0	0	0	0	0	0	0	0	0.4	0.714	0.4	0.333	0.4	0	0.286	0	0	0.2	0	0.503
0	0	0	0	0	0	0	0	0	0	0	0	0	0	0	0	0	0	0	0	0	0	0	0	0	0	0	0	0	0	0	0	0	0	0	0	1	0.6	1	0	0.415	0.899
0	0	0	0	0	0	0	0	0	0	0	0	0	0	0	0	0	0	0	0	0	0	0	0	0	0	0	0	0	0	0	0	0	0	0	0	0	0.4	0	0.556	0.419	0.890
6.486	14.889	7.444	3.13	6.767	13.691	19.205	16.509	9.386	14.971	9.639	17.473	13.606	6.321	12.82	0.629	0.337	0.648	0.491	0.782	0.61	0.4	0.629	0.578	0.756	0.378	0.25	0.47	0.2	0.527	0.25	0	0.333	0	0	0.75	0	0	0	0	0.417	0.481
0.786	0.768	4.325	5.428	27.55	3.993	1.542	4.275	10.293	33.043	3.993	1.542	4.443	5.847	15.762	0.7	1	0.893	0.745	0.335	0.2	1	1	0.727	0.313	0.7	1	0.6	0.533	0.276	0	0.111	0.8	0	0.4	0	0	1	0	0	0.297	0.611
0.794	0	3.508	0	0	0	0	4.412	0	0	0.794	0	2.543	0	0	0	0	0.8	0	0	0	0	0.8	0	0	0	0	0.333	0	0	0.333	0.333	0.4	0	0.625	0.333	1	0	0	0.375	0	0.592
0	0	1.631	0	0	0	0	1.631	0	0	0	0	0	0	0	0	0	0	0	0	0	0	0	0	0	0	0	0	0	0	0	0	0.571	0	0	0	0	0.286	0	0	0.72	0.164
0	0	0	0	0	0	0	0	0	0	0	0	0	0	0	0	0	0	0	0	0	0	0	0	0	0	0	0	0	0	0	0	0	0	0	0	0	0	0	0	0.417	0.897
1.678	0	0	0	0	1.678	0	0	0	0	0	0	0	0	0	1	0	0	0	0	1	0	0	0	0	0	0	0	0	0	0	0	0	0	0	0	0	0	0	0	0	0.526
1.867	2.031	0	0	0	1.867	0	0	0	0	0.923	2.031	0	0	0	1	0	0	0	0	1	0	0	0	0	0	0	0	0	0	0.333	0.75	0	0	0.333	0.333	0	0	0	1	0.19	0.508
0	0	50.877	10.815	30.194	0	0	43.589	10.831	28.938	0	0	25.768	8.965	18.746	0	0	0.142	0.718	0.24	0	0	0.163	0.691	0.28	0	0	0.094	0.5	0.117	0.875	0.75	0.667	0.2	0.8	0.875	1	0.444	0.2	1	0	0.778
0	0.787	0	0	0	0	0.787	0	0.772	0	0	0.787	0	0.772	0	0	0	0	0	0	0	0	0	0	0	0	0	0	0	0	1	0.2	0	0	0.2	0.4	0	0	0	0	0.117	0.401
0.921	4.052	8.341	4.524	0	2.064	4.052	9.211	6.537	0	1.144	0.815	0.87	2.014	0	1	0.6	0.8	0.571	0	1	0.4	0.8	0.476	0	0	0	0	0	0	0	0	0	0	0	0	0	0	0.5	0	0.559	0.207
0	6.352	0	0	11.79	0	6.352	0	0	13.619	0	3.84	0	0	4.815	0	0.714	0	0	0.657	0	0.667	0	0	0.648	0	0.5	0	0	0.5	0.667	0	0	0.6	0	1	0	0.667	1	0	0	0.885
0	0	0	0	0	0	0	0	0	0	0	0	0	0	0	0	0	0	0	0	0	0	0	0	0	0	0	0	0	0	0	0	0	0	0	0	0	0	0	0	0.718	0.899
0	0	0	0	0	0	0	0	0	0	0	0	0	0	0	0	0	0	0	0	0	0	0	0	0	0	0	0	0	0	0.444	0	0.2	0	0	1	0	0.2	0	0	0	0.903
0	0	0	0	0	0	0	0	0	0	0	0	0	0	0	0	0	0	0	0	0	0	0	0	0	0	0	0	0	0	0	0	0	0	0	0	0	0	0	0	0.717	0.218
0	0	0	0	0	0	0	0	0	0	0	0	0	0	0	0	0	0	0	0	0	0	0	0	0	0	0	0	0	0	0	0.2	0	0	0	0	0	0	0	0	0.557	0.217
0	0	0	0	0	0	0	0	0	0	0	0	0	0	0	0	0	0	0	0	0	0	0	0	0	0	0	0	0	0	0	0	0	0	0	0	0	0	0	0	0.896	0.291
0	1.607	0	0.945	10.399	4.719	5.846	5.87	8.056	18.549	4.719	8.45	5.028	7.129	11.733	0.5	0.4	0.4	0.429	0.298	0.4	0.267	0.267	0.321	0.246	0.5	0.464	0.4	0.476	0.291	0	0.111	0	0.6	0	0	1	0	0	0	0.718	0.169
0	0	0	0	0	0	0	0	0	0	0	0	0	0	0	0	0	0	0	0	0	0	0	0	0	0	0	0	0	0	0	0	0	0	0	0	0	0	0	0	0.415	0.389
0	0	0	0	0	0	0	0	0	0	0	0	0	0	0	0	0	0	0	0	0	0	0	0	0	0	0	0	0	0	0	0	0	0	0.25	0	0	0	0	1	0.419	0.192
0	8.341	0	0.921	0	0	9.211	0	2.064	0	0	0.87	0	1.144	0	0	0.8	0	1	0	0	0.8	0	1	0	0	0	0	0	0	0	0	0	0	0	0	0	0	0	0	0.558	0.240
6.352	0	0	0	0	6.352	0	0	0	0	3.84	0	0	0	0	0.714	0	0	0	0	0.667	0	0	0	0	0.5	0	0	0	0	0	0.6	0.667	0.4	0	0	1	1	0	0.667	0	0.490
0	0	0	0	0	0	0	0	0	0	0	0	0	0	0	0	0	0	0	0	0	0	0	0	0	0	0	0	0	0	0	0	0.556	0.333	0	0	0	0.556	0.333	0	0	0.229
0	0	0.794	1.867	3.508	0	0	0	1.867	4.412	0	0	0.794	0.923	2.543	0	0	0	1	0.8	0	0	0	1	0.8	0	0	0	0	0.333	0.333	0	0.333	0.333	0.4	1	0	0.333	0.333	0	0.117	0.991
6.764	6.767	6.707	7.444	5.119	15.997	14.971	13.678	16.509	15.915	10.87	12.82	12.368	13.606	12.267	0.725	0.782	0.736	0.648	0.848	0.725	0.756	0.742	0.629	0.848	0.583	0.527	0.644	0.47	0.722	0	0	0	0.333	0	0	0	0	0	0	0.299	0.365
0	0	0	0	0	0	0	0	0	0	0	0	0	0	0	0	0	0	0	0	0	0	0	0	0	0	0	0	0	0	0.25	0	0	0.25	0	0	0	0	0.5	0	0.294	0.624
6.202	27.55	4.333	4.325	5.411	5.951	33.043	3.316	4.275	3.337	5.162	15.762	4.339	4.443	6.929	0.691	0.335	0.6	0.893	0.583	0.857	0.313	0.333	1	0.5	0.533	0.276	0.6	0.6	0.393	0.5	0.4	0.125	0.8	0	0	0	0	1	0	0	0.237
0	11.114	0	0	0	0	10.303	0	0	0	0	5.575	0	0	0	0	0.703	0	0	0	0	0.8	0	0	0	0	0.533	0	0	0	0	0.4	0	1	0	0	0	0	0.75	0	0.197	0.512
0	0	0	7.775	0	0	0	0	7.775	0	0	0	0	0	0	0	0	0	0.917	0	0	0	0	0.917	0	0	0	0	0	0	0.333	0.4	0.778	0.2	0.143	0	0.2	0	0	0.143	0.417	0.500
4.325	0.786	27.55	0.768	6.202	4.275	3.993	33.043	1.542	5.951	4.443	3.993	15.762	1.542	5.162	0.893	0.7	0.335	1	0.691	1	0.2	0.313	1	0.857	0.6	0.7	0.276	1	0.533	0.8	0	0.4	0.111	0.5	1	0	0	0	0	0.298	0.210
0	0	0	0	0	0	0	0	0	0	0	0	0	0	0	0	0	0	0	0	0	0	0	0	0	0	0	0	0	0	0.333	0.25	1	0	0	0	0	0	0	0	0.417	0.305
0	0	0	0	0	0	0	0	0	0	0	0	0	0	0	0	0	0	0	0	0	0	0	0	0	0	0	0	0	0	0	0	0	0	0	0	0	0	0	0	0	0.412
0	0	0	0	0	0	0	0	0	0	0	0	0	0	0	0	0	0	0	0	0	0	0	0	0	0	0	0	0	0	0	0	0	0	0	0	0	0	0	0	0.893	0.435
0	0	3.675	0	0	1.687	0	2.461	0	0	1.687	0	2.232	1.687	0	0	0	0.9	0	0	0	0	1	0	0	0	0	0	0	0	0	1	0	0.4	0	0	1	0	0.4	0	0	0.143
0	2.514	0	3.43	1.789	0	2.514	0	4.334	1.789	0	0	0	2.677	0	0	0.667	0	0.8	0	0	0.667	0	0.8	0	0	0	0	0.333	0	0.857	0.667	0	0.4	0.25	1	0	0	0	0	0.299	0.838
0	0	0	1.676	0	0	0	0	0.895	0	0	0	0	0.781	0	0	0	0	1	0	0	0	0	0	0	0	0	0	0	0	0	0	0	0	0	0	0	0	0	0	0.897	0.638
0	0	0	0	0	0	0	0	0	0	0	0	0	0	0	0	0	0	0	0	0	0	0	0	0	0	0	0	0	0	0	0	0	0	0	0	0	0	0	0	0.896	0.135
0	0	0	0	0	0	0	0	0	0	0	0	0	0	0	0	0	0	0	0	0	0	0	0	0	0	0	0	0	0	0	0	0	0	0.8	0	0	0	0	0.2	0.197	0.498
0.787	0	0	0	0	0.787	0.772	0	0	0	0.787	0.772	0	0	0	0	0	0	0	0	0	0	0	0	0	0	0	0	0	0	0.2	0	1	0	0	0	0	0.4	0	0	0	0.401
11.114	0	0	1.585	0	10.303	0	0	2.506	0	5.575	0	0	0.921	0	0.703	0	0	1	0	0.8	0	0	0.667	0	0.533	0	0	0	0	0.4	1	0	0	0	0	0.75	0	0	0	0	0.376
0	0	0	0	0	0	0	0	0	0	0	0	0	0	0	0	0	0	0	0	0	0	0	0	0	0	0	0	0	0	0.4	0.4	0.4	0.714	0	0	0	0.2	0.286	0	0	0.503
10.879	13.442	0	0	0	10.879	13.442	0	0	0	2.684	4.112	0	0	0	0.621	0.549	0	0	0	0.621	0.516	0	0	0	0.333	0.667	0	0	0	0.25	0.2	0	0	0	0	0.2	0	0	0	0	0.206
0	2.044	0	0	4.524	0	0.825	0	0	6.537	0	1.219	0	0	2.014	0	0	0	0	0.571	0	0	0	0	0.476	0	0	0	0	0	0	0.25	0	0.6	0	0	0	1	1	0.5	0	0.435
0	0	0	0	0	0	0	0	0	0	0	0	0	0	0	0	0	0	0	0	0	0	0	0	0	0	0	0	0	0	0	0	0	0	0	0	0	0	0.6	0	0.718	0.918
0	0	0.78	0	4.4	0	0	3.695	0	7.13	0	0	3.432	0	7.565	0	0	0.6	0	0.528	0	0	0.333	0	0.429	0	0	0.333	0	0.571	0	0	0	1	0	0	0	0	0	0	0	0.227
3.476	0	0	0	0	3.476	0	0	0	0	0	0	0	0	0	1	0	0	0	0	1	0	0	0	0	0	0	0	0	0	0	0	0	0	0.25	0	0	0	0	0	0.294	0.199
0	0	0	0	0	0	0	0	0	0	0	0	0	0	0	0	0	0	0	0	0	0	0	0	0	0	0	0	0	0	0	0	0	0	0	0	0	0	0	0	0.298	0.431
0	0	0	0	0	0	0	0	0	0	0	0	0	0	0	0	0	0	0	0	0	0	0	0	0	0	0	0	0	0	0.333	0	0.714	0.556	0.4	0	0	0.286	0.556	0	0	0.608
0	0	0	0	0	0	0	0	0	0	0	0	0	0	0	0	0	0	0	0	0	0	0	0	0	0	0	0	0	0	0	0	0	0	0	0	0	0	0	0	0.414	0.944
0	0.787	1.676	0	0	0	0.787	0.895	0	0	0	0	0.781	0	0	0	0	1	0	0	0	0	0	0	0	0	0	0	0	0	0	0	0	0	0	0	0	0	0	0	0.419	0.285
0	0	10.399	1.607	3.13	5.87	4.719	18.549	5.846	9.386	5.028	4.719	11.733	8.45	6.321	0.4	0.5	0.298	0.4	0.491	0.267	0.4	0.246	0.267	0.578	0.4	0.5	0.291	0.464	0.2	0	0	0	0.111	0	0	0	0	1	0	0.717	0.198
0	1.867	0	2.031	0.794	0	1.867	0	0	0	0	0.923	0	2.031	0.794	0	1	0	0	0	0	1	0	0	0	0	0	0	0	0	0	0.333	0.333	0.75	0.333	0	0.333	1	0	0.333	0	0.448
0	0	0	0	0	0	0	0	0	0	0	0	0	0	0	0	0	0	0	0	0	0	0	0	0	0	0	0	0	0	0	0	0	0.2	0.6	0	0	0	0	1	0.414	0.217
6.32	7.696	7.67	3.748	9.063	15.716	18.379	15.323	13.997	15.082	14.93	16.826	12.671	12.352	4.552	0.848	0.695	0.848	0.848	0.833	0.818	0.676	0.818	0.855	0.803	0.473	0.41	0.578	0.583	0.333	0	0	0	0	0	0	0	0	0	0	0.42	0.243
7.974	0	0	0.777	0	7.974	0	0	0.777	0	0	0	0	0	0	0.806	0	0	0	0	0.806	0	0	0	0	0	0	0	0	0	0	0	0.333	0.2	0.6	0	0	0	0	0	0	0.191
0	0	0	3.675	0.787	0	0	0	2.461	0.787	0	0	0	2.232	0	0	0	0	0.9	0	0	0	0	1	0	0	0	0	0	0	0	0	0	0	0	0	0	0	0	0	0.298	0.095
0	15.043	0	0	0	0	15.815	0	0	0	0	5.858	0	0	0	0	0.478	0	0	0	0	0.412	0	0	0	0	0.4	0	0	0	0	0	0.667	0.667	0	0.25	0.444	1	1	0	0	0.719
0	-1	0	-1	0	0	-1	0	-1	0	0	-1	0	-1	0	0	-1	0	-1	0	0	-1	0	-1	0	0	-1	0	-1	0	0	-1	0	-1	0	0	-1	0	-1	0	0.899	0.865
0	0	0	0	0	0	0	0	0	0	0	0	0	0	0	0	0	0	0	0	0	0	0	0	0	0	0	0	0	0	0	0	0	0	0	0	0	0	0	0	0.713	0.992
0	0	0	0	0	0	0	0	0	0.938	0	0	0	0	0.938	0	0	0	0	0	0	0	0	0	0	0	0	0	0	0	0.4	0	0	0.143	0.2	0	0	0	0.143	0	0	0.351
0	0	0	22.174	0	0	0	0	22.174	0	0	0	0	6.797	0	0	0	0	0.514	0	0	0	0	0.489	0	0	0	0	0.533	0	0	0	0	0.2	0.2	0	0	0	0	0	0.198	0.305
0	0	0	0	0	0	0	0	0	0	0	0	0	0	0	0	0	0	0	0	0	0	0	0	0	0	0	0	0	0	0.6	0.667	0.4	0	0.6	0.2	0	0	0.25	1	0	0.772
0	0	0	0	0	0	0	0	0	0	0	0	0	0	0	0	0	0	0	0	0	0	0	0	0	0	0	0	0	0	0	0	0.2	0	0	0	0	0	0	0	0	0.500
0	1.631	0	0	0	0	1.631	0	0	0	0	0	0	0	0	0	0	0	0	0	0	0	0	0	0	0	0	0	0	0	0	0.571	0	0	0	0	0.286	0	0	0	0.557	0.182
16.789	11.79	19.572	0	4.402	16.789	13.619	20.613	0	4.373	7.084	4.815	6.662	0	1.604	0.562	0.657	0.514	0	0.933	0.503	0.648	0.471	0	1	0.571	0.5	0.4	0	1	0.375	0	0	0	0.571	0.5	0	0	0.667	0.143	0	0.256
0	0	0	0	0	0	0	0	0	0	0	0	0	0	0	0	0	0	0	0	0	0	0	0	0	0	0	0	0	0	0	0.2	0.333	0.444	0	0	0.2	0.333	1	0	0.195	0.124
2.605	4.4	0.788	0.78	0.915	2.849	7.13	5.304	3.695	2.556	6.762	7.565	5.304	3.432	7.137	0.619	0.528	0.7	0.6	0.619	0.667	0.429	0.5	0.333	0.333	0.6	0.571	0.5	0.333	0.571	0.333	0	0	0	0.75	0.667	0	0	0	0.25	0	0.264
4.333	6.202	5.411	27.55	11.819	3.316	5.951	3.337	33.043	10.939	4.339	5.162	6.929	15.762	10.17	0.6	0.691	0.583	0.335	0.667	0.333	0.857	0.5	0.313	0.727	0.6	0.533	0.393	0.276	0.455	0.125	0.5	0	0.4	0	0	0	0	0	0.5	0	0.644
0	0	0	0	0	0	0	0	0	0	0	0	0	0	0	0	0	0	0	0	0	0	0	0	0	0	0	0	0	0	0	0	0	0	0	0	0	0	0	0	0.897	0.892
0	0	19.264	0	13.724	0	0.938	22.232	0	13.724	0	0.938	12.253	0	9.147	0	0	0.481	0	0.462	0	0	0.437	0	0.407	0	0	0.4	0	0.389	0.8	0.2	0.6	0	0.667	1	0	1	0	1	0	0.877
50.877	0	30.194	0	0	43.589	0	28.938	0	0	25.768	0	18.746	0	0	0.142	0	0.24	0	0	0.163	0	0.28	0	0	0.094	0	0.117	0	0	0.667	0.875	0.8	0.75	0.25	0.444	0.875	1	1	0	0	0.300
0	0	0	0	0	0	0	0	0	0	0	0	0	0	0	0	0	0	0	0	0	0	0	0	0	0	0	0	0	0	0	0	0	0	0	0.556	0.4	1	0	1	0.419	0.907
4.125	6.161	3.748	5.119	7.696	14.315	17.536	13.997	15.915	18.379	11.265	9.868	12.352	12.267	16.826	0.848	0.725	0.848	0.848	0.695	0.855	0.703	0.855	0.848	0.676	0.75	0.762	0.583	0.722	0.41	0	0	0	0	0	0	0	0	0	0	0	0.619
10.815	0	0	0	0	10.831	0	0	0	0	8.965	0	0	0	0	0.718	0	0	0	0	0.691	0	0	0	0	0.5	0	0	0	0	0.2	0.4	0.75	0	0.875	0.2	0	1	0	0.875	0	0.481
0	0	0	0	0	0	0	0	0	0	0	0	0	0	0	0	0	0	0	0	0	0	0	0	0	0	0	0	0	0	0	0	0.8	0	0.2	0	0	0.2	0	0.2	0.294	0.237
27.55	4.325	6.202	0.786	4.333	33.043	4.275	5.951	3.993	3.316	15.762	4.443	5.162	3.993	4.339	0.335	0.893	0.691	0.7	0.6	0.313	1	0.857	0.2	0.333	0.276	0.6	0.533	0.7	0.6	0.4	0.8	0.5	0	0.125	0	1	0	0	0	0	0.196
0	0	0	15.043	0	0	0	0	15.815	0.772	0	0	0	5.858	0.772	0	0	0	0.478	0	0	0	0	0.412	0	0	0	0	0.4	0	0.667	0	0	0	0	1	0.25	0	0.444	0	0	0.954
0	1.585	11.114	0	0	0	2.506	10.303	0	0	0	0.921	5.575	0	0	0	1	0.703	0	0	0	0.667	0.8	0	0	0	0	0.533	0	0	1	0	0.4	0	0	0.75	0	0	0	0	0.196	0.862
0	0	0	0	2.044	0	0	0	0	0.825	0	0	0	0	1.219	0	0	0	0	0	0	0	0	0	0	0	0	0	0	0	0	0	0.6	0	0.25	0	0	1	0	0	0	0.677
0	1.676	0	0	0	0	0.895	0	0	0	0	0.781	0	0	0	0	1	0	0	0	0	0	0	0	0	0	0	0	0	0	0	0	0	0	0	0	0	0	0	0	0.417	0.229
0	0	0	8.341	0	0	0	0	9.211	0	0	0	0	0.87	0	0	0	0	0.8	0	0	0	0	0.8	0	0	0	0	0	0	0	0	0	0	0	0	0	0	0	0	0.897	0.134
4.4	0.78	2.605	0	0.788	7.13	3.695	2.849	0	5.304	7.565	3.432	6.762	0	5.304	0.528	0.6	0.619	0	0.7	0.429	0.333	0.667	0	0.5	0.571	0.333	0.6	0	0.5	0	0	0.333	0	0	0	0	0.667	0	0	0	0.179
0	0	0	13.865	0	0	0	0	19.736	0	0	0	0	5.365	0	0	0	0	0.625	0	0	0	0	0.596	0	0	0	0	0.167	0	0	0	0	0.25	0	0	0.222	0	0	0	0.292	0.338
0	0	0	0	0	0	0	0	0	0	0	0	0	0	0	0	0	0	0	0	0	0	0	0	0	0	0	0	0	0	0	0	0	0	0	0	0.6	0	0	0	0.12	0.917
1.676	0	0	0.787	0	0.895	0	0	0.787	0	0.781	0	0	0	0	1	0	0	0	0	0	0	0	0	0	0	0	0	0	0	0	0	0	0	0	0	0	0	0	0	0.055	0.242
0	0	2.031	0.812	1.867	0	0	0	0.812	1.867	0	0	2.031	0.812	0.923	0	0	0	0	1	0	0	0	0	1	0	0	0	0	0	0	0.4	0.75	0	0.333	0	0.2	0	0	0.333	0.059	0.674
11.79	0	16.789	0	19.572	13.619	0	16.789	0	20.613	4.815	0	7.084	0	6.662	0.657	0	0.562	0	0.514	0.648	0	0.503	0	0.471	0.5	0	0.571	0	0.4	0	0	0.375	0.667	0	0	0.667	0.5	1	0	0	0.195
7.696	3.748	6.32	4.125	7.67	18.379	13.997	15.716	14.315	15.323	16.826	12.352	14.93	11.265	12.671	0.695	0.848	0.848	0.848	0.848	0.676	0.855	0.818	0.855	0.818	0.41	0.583	0.473	0.75	0.578	0	0	0	0	0	0	0	0	0	0	0.057	0.552
0	0	0	0	0	0	0	0	0	0	0	0	0	0	0	0	0	0	0	0	0	0	0	0	0	0	0	0	0	0	0.778	0.333	0.143	0.4	0	0	0	0.143	0.2	0	0.116	0.413
0	7.775	0	0	0	0	7.775	0	0	0	0	0	0	0	0	0	0.917	0	0	0	0	0.917	0	0	0	0	0	0	0	0	0.4	0.2	0.333	0	0.778	0.2	0	0	0	0	0.198	0.303
0	0	0	0	0	0	0	0	0	0	0	0	0	0	0	0	0	0	0	0	0	0	0	0	0	0	0	0	0	0	0	0	0	0	0	0	0	0	0	0	0.117	0.997
0	0	0	0	0	0	0	0	0	0	0	0	0	0	0	0	0	0	0	0	0	0	0	0	0	0	0	0	0	0	0.2	0	0	0	0	0	0	0	0	0	0	0.198
0	3.675	0	0	0	0	2.461	0	1.687	0	0	2.232	0	1.687	0	0	0.9	0	0	0	0	1	0	0	0	0	0	0	0	0	0	0	0	0	0	0	0	0	0	0	0.419	0.190
0	0	0	0	0	0	0	0	0	0	0	0	0	0	0	0	0	0	0	0	0	0	0	0	0	0	0	0	0	0	0	0	0	0	0.25	0	0	0	0	1	0	0.730
2.39	0	3.43	0	2.514	2.39	0	4.334	0	2.514	2.39	0	2.677	0	0	0	0	0.8	0	0.667	0	0	0.8	0	0.667	0	0	0.333	0	0	0	1	0.4	0.625	0.667	0	1	0	0.375	0	0.119	0.291
12.104	11.871	0.833	11.864	5.293	15.284	13.996	0.833	6.887	7.172	9.838	10.356	0.833	10.371	4.685	0.658	0.813	0	0.448	0.893	0.6	0.769	0	0.321	0.857	0.467	0.489	0	0.4	0.8	0	0	0	0.625	0	0	1	0	1	0.143	0.197	0.421
7.444	6.486	6.767	14.889	6.764	16.509	13.691	14.971	19.205	15.997	13.606	9.639	12.82	17.473	10.87	0.648	0.629	0.782	0.337	0.725	0.629	0.61	0.756	0.4	0.725	0.47	0.378	0.527	0.25	0.583	0.333	0.25	0	0	0	0	0.75	0	0	0	0.299	0.223
1.789	0	0.777	0	0	1.789	0	0.777	0	0	0	0	0	0	0	0	0	0	0	0	0	0	0	0	0	0	0	0	0	0	0.25	0	0.2	0.857	0	0	0	0	1	0	0	0.358
0	22.174	0	0	0	0	22.174	0	0	0	0	6.797	0	0	0	0	0.514	0	0	0	0	0.489	0	0	0	0	0.533	0	0	0	0	0.2	0	0	0	0	0	0	0	0	0.418	0.244
0	0	0	0	0	0	0	0	0	0	0	0	0	0	0	0	0	0	0	0	0	0	0	0	0	0	0	0	0	0	0	0	0	0	0	0	0	0	0	0	0.897	0.893
0	0	0	0	0	0	0	0	0	0	0	0	0	0	0	0	0	0	0	0	0	0	0	0	0	0	0	0	0	0	0.333	0	0	0.2	0	0.333	0	0	0.2	0	0	0.693
0	0	0	0	0	0	0	0	0	0	0	0	0	0	0	0	0	0	0	0	0	0	0	0	0	0	0	0	0	0	0	0	0	0	0	0	0	0	0	0	0.415	0.892
0	0	0	0	0	0	0	0	0	0	0	0	0	0	0	0	0	0	0	0	0	0	0	0	0	0	0	0	0	0	0.25	0.25	0	0	0.25	0.5	1	0	0	0	0	0.552
0	0	0	0	0	0	0	0	0	0	0	0	0	0	0	0	0	0	0	0	0	0	0	0	0	0	0	0	0	0	0	0	0	0.2	0	0	0	0	0	0	0.415	0.336
2.044	0	0	0	0	0.825	0	0	0	0	1.219	0	0	0	0	0	0	0	0	0	0	0	0	0	0	0	0	0	0	0	0.25	0.6	0	0	0	0	1	0	0	1	0	0.376
0	0	0	0	6.352	0	0	0	0	6.352	0	0	0	0	3.84	0	0	0	0	0.714	0	0	0	0	0.667	0	0	0	0	0.5	0.4	0.6	0.6	0.667	0	0	0.2	1	0	0	0	0.412
5.411	4.333	11.819	6.202	2.053	3.337	3.316	10.939	5.951	2.053	6.929	4.339	10.17	5.162	1.951	0.583	0.6	0.667	0.691	0.667	0.5	0.333	0.727	0.857	0	0.393	0.6	0.455	0.533	0	0	0.125	0	0.5	0.4	0	0	0.5	0	0	0	0.598
0	0	0	0	0	0	0	0	0	0	0	0	0	0	0	0	0	0	0	0	0	0	0	0	0	0	0	0	0	0	0	0	0.2	0.25	0	0	0	0	0	0	0.554	0.231
0	30.194	0	50.877	0	0	28.938	0	43.589	0	0	18.746	1.687	25.768	0	0	0.24	0	0.142	0	0	0.28	0	0.163	0	0	0.117	0	0.094	0	0.25	0.8	0.4	0.667	1	0	1	0.4	0.444	1	0	0.632
0	0	0	0	0	0	0	0.938	0	0	0	0	0.938	0	0	0	0	0	0	0	0	0	0	0	0	0	0	0	0	0	0	0.4	0.2	0	0.8	0	0	0	0	1	0	0.289
0	0	0	10.879	0	0	0	0	10.879	0	0	0	0	2.684	0	0	0	0	0.621	0	0	0	0	0.621	0	0	0	0	0.333	0	0	0	0.444	0.25	0.2	0	0	1	0	0.2	0	0.301
0	0	0	0	0	0	0	0	0	0	0	0	0	0	0	0	0	0	0	0	0	0	0	0	0	0	0	0	0	0	0.2	0	0	0	0	0	0	0	0	0	0.015	0.418
1.585	0	0	9.001	11.114	2.506	0	0	9.702	10.303	0.921	0	0	6.348	5.575	1	0	0	0.641	0.703	0.667	0	0	0.655	0.8	0	0	0	0.286	0.533	0	0	1	0.375	0.4	0	0	0.75	0	0	0.558	0.215
7.775	0	0	0	0	7.775	0	0	0	0	0	0	0	0	0	0.917	0	0	0	0	0.917	0	0	0	0	0	0	0	0	0	0.2	0	0.4	0.6	0.333	0	0	0.2	0	0	0.717	0.182
0	0	0	1.631	0	0	0	0	1.631	0	0	0	0	0	0	0	0	0	0	0	0	0	0	0	0	0	0	0	0	0	0	0	0	0.571	0	0	0	0	0.286	0	0.2	0.379
0	0	0	0	0	0	0	0	0	0	0	0	0	0	0	0	0	0	0	0	0	0	0	0	0	0	0	0	0	0	0.556	0	0	0	0.333	0.556	0	0	0	0	0	0.336
0	0	2.39	3.508	3.43	0	0	2.39	4.412	4.334	0	0	2.39	2.543	2.677	0	0	0	0.8	0.8	0	0	0	0.8	0.8	0	0	0	0.333	0.333	1	0.625	0	0.4	0.4	1	0.375	0	0	0	0.42	0.996
9.001	2.053	0	11.819	1.585	9.702	2.053	0	10.939	2.506	6.348	1.951	0	10.17	0.921	0.641	0.667	0	0.667	1	0.655	0	0	0.727	0.667	0.286	0	0	0.455	0	0.375	0.4	0	0	0	0	0	0	0.5	0	0	0.486
4.402	19.572	0	16.789	0	4.373	20.613	0	16.789	0	1.604	6.662	0	7.084	0	0.933	0.514	0	0.562	0	1	0.471	0	0.503	0	1	0.4	0	0.571	0	0.571	0	0	0.375	0	0.143	0	0	0.5	0	0.716	0.328
0	0	0	0	0	0	0	0	0	0	0	0	0	0	0	0	0	0	0	0	0	0	0	0	0	0	0	0	0	0	0	0	0	0	0	0	0	0	0	0	0	0.495
0.915	0.788	0.945	2.605	1.607	2.556	5.304	8.056	2.849	5.846	7.137	5.304	7.129	6.762	8.45	0.619	0.7	0.429	0.619	0.4	0.333	0.5	0.321	0.667	0.267	0.571	0.5	0.476	0.6	0.464	0.75	0	0.6	0.333	0.111	0.25	0	0	0.667	1	0	0.327
0	0	0	0	0	0	0	0	0	0	0	0	0	0	0	0	0	0	0	0	0	0	0	0	0	0	0	0	0	0	0	0	0	0	0	0	0	0	0	0	0.414	0.996
0	0.815	15.043	1.219	0	0	0.815	15.815	0	0	0	0.815	5.858	1.219	0	0	0	0.478	0	0	0	0	0.412	0	0	0	0	0.4	0	0	0.667	0	0	0.6	0	1	0.2	0.444	0.8	0.25	0.19	0.982
0	0.812	0	0	2.031	0	0.812	0	0	0	0	0.812	0	0	2.031	0	0	0	0	0	0	0	0	0	0	0	0	0	0	0	0.4	0	0	0	0.75	0.2	0	0	0	0	0.298	0.145
0	0	0	0	0	0	0	0	0	0	0	0	0	0	0	0	0	0	0	0	0	0	0	0	0	0	0	0	0	0	0.714	0.333	0.4	0	0.4	0.286	0	0	0	0	0	0.431
4.524	0	4.052	0	0.921	6.537	0	4.052	0	2.064	2.014	0	0.815	0	1.144	0.571	0	0.6	0	1	0.476	0	0.4	0	1	0	0	0	0	0	0	0	0	0	0	0.5	1	0	0	0	0	0.305
0	3.476	0	0	0	0	3.476	0	0	0	0	0	0	0	0	0	1	0	0	0	0	1	0	0	0	0	0	0	0	0	0	0	0.25	0	0.333	0	0	0	0	0	0.718	0.095
0.833	12.104	5.293	11.871	31.471	0.833	15.284	7.172	13.996	31.198	0.833	9.838	4.685	10.356	12.749	0	0.658	0.893	0.813	0.289	0	0.6	0.857	0.769	0.303	0	0.467	0.8	0.489	0.394	0	0	0	0	0	0	0	0.143	1	0	0.897	0.775
0	0	0	0	0	0	0	0	0	0	0	0	0	0	0	0	0	0	0	0	0	0	0	0	0	0	0	0	0	0	0	0.2	0	0	0	0	0	0	0	0	0	0.728
11.819	5.411	2.053	4.333	9.001	10.939	3.337	2.053	3.316	9.702	10.17	6.929	1.951	4.339	6.348	0.667	0.583	0.667	0.6	0.641	0.727	0.5	0	0.333	0.655	0.455	0.393	0	0.6	0.286	0	0	0.4	0.125	0.375	0.5	0	0	0	0	0	0.492
0	0	0	0	0	0	0	0	0	0	0	0	0	0	0	0	0	0	0	0	0	0	0	0	0	0	0	0	0	0	0.2	0.8	0	0	0.4	0.2	0.2	0	0	0	0	0.491
0	0	0	0	0	0	0	0	0	0	0	0	0	0	0	0	0	0	0	0	0	0	0	0	0	0	0	0	0	0	0	0	0	0	0	0	0	0	0	0	0	0.484
0	0	10.815	0	0	0	0	10.831	0	0	0	0	8.965	0	0	0	0	0.718	0	0	0	0	0.691	0	0	0	0	0.5	0	0	0.4	0	0.2	0.2	0.75	0	0	0.2	0.2	1	0	0.425
0	0	0	0	0	0	0	0	0	0	0	0	0	0	0	0	0	0	0	0	0	0	0	0	0	0	0	0	0	0	0	0	0	0	0.667	0	0	0.25	0	0	0	0.306
13.865	9.063	0	7.67	0	19.736	15.082	0	15.323	0	5.365	4.552	0	12.671	0	0.625	0.833	0	0.848	0	0.596	0.803	0	0.818	0	0.167	0.333	0	0.578	0	0.25	0	0	0	0	0	0	0.222	0	0	0.718	0.234
6.707	6.764	5.119	6.767	6.161	13.678	15.997	15.915	14.971	17.536	12.368	10.87	12.267	12.82	9.868	0.736	0.725	0.848	0.782	0.725	0.742	0.725	0.848	0.756	0.703	0.644	0.583	0.722	0.527	0.762	0	0	0	0	0	0	0	0	0	0	0	0.483
0	0	0	0	0	0	0	0	0	0	0	0	0	0	0	0	0	0	0	0	0	0	0	0	0	0	0	0	0	0	0	0.4	0	0.4	0	0	0.2	0	0	0	0.896	0.236
0	0	0	0	0	0	0	0	0	0	0	0	0	0	0	0	0	0	0	0	0	0	0	0	0	0	0	0	0	0	0	0.25	0	0	0.2	0	0	0	0	0	0.292	0.158
0	0.777	7.974	1.789	0	0	0.777	7.974	1.789	0	0	0	0	0	0	0	0	0.806	0	0	0	0	0.806	0	0	0	0	0	0	0	0	0.2	0	0.25	0.333	0	0	0	0	0	0.298	0.187
0	0	0	0	1.219	0	0	0	0	0	0	0	0	0	1.219	0	0	0	0	0	0	0	0	0	0	0	0	0	0	0	0.25	0	1	0	0.6	1	0	1	0	0.8	0	0.848
5.428	31.471	0.768	5.293	0.786	10.293	31.198	1.542	7.172	3.993	5.847	12.749	1.542	4.685	3.993	0.745	0.289	1	0.893	0.7	0.727	0.303	1	0.857	0.2	0.533	0.394	1	0.8	0.7	0	0	0.111	0	0	0	0	0	0.143	0	0.898	0.317
0	0	4.524	2.044	4.052	0	0	6.537	0.825	4.052	0	0	2.014	1.219	0.815	0	0	0.571	0	0.6	0	0	0.476	0	0.4	0	0	0	0	0	0	0	0	0.25	0	1	0	0.5	0	0	0.417	0.799
15.043	0	0	0.815	0	15.815	0	0	0.815	0	5.858	0	0	0.815	0	0.478	0	0	0	0	0.412	0	0	0	0	0.4	0	0	0	0	0	0.667	0	0	0.667	0.444	1	0.25	0.2	1	0.298	0.557
0	0	0	0	0	0	0	0	0	0	0	0	0	0	0	0	0	0	0	0	0	0	0	0	0	0	0	0	0	0	0	0	0	0	0	0	0	0	0	0	0.897	0.891
19.572	16.789	4.402	11.79	0	20.613	16.789	4.373	13.619	0	6.662	7.084	1.604	4.815	0	0.514	0.562	0.933	0.657	0	0.471	0.503	1	0.648	0	0.4	0.571	1	0.5	0	0	0.375	0.571	0	0	0	0.5	0.143	0	0	0.296	0.204
30.194	50.877	0	0	0	28.938	43.589	0	0	0	18.746	25.768	0	0	1.687	0.24	0.142	0	0	0	0.28	0.163	0	0	0	0.117	0.094	0	0	0	0.8	0.667	0.25	0.875	0.4	1	0.444	0	0.875	0.4	0	0.350
11.864	13.724	11.871	19.264	12.104	6.887	13.724	13.996	22.232	15.284	10.371	9.147	10.356	12.253	9.838	0.448	0.462	0.813	0.481	0.658	0.321	0.407	0.769	0.437	0.6	0.4	0.389	0.489	0.4	0.467	0.625	0.667	0	0.6	0	1	1	1	1	0	0	0.561
0	3.508	0	0.794	2.39	0	4.412	0	0	2.39	0	2.543	0	0.794	2.39	0	0.8	0	0	0	0	0.8	0	0	0	0	0.333	0	0	0	0.625	0.4	1	0.333	0	0.375	0	1	0.333	0	0	0.607
0	0	0	0	19.264	0.938	0	0	0	22.232	0.938	0	0	0	12.253	0	0	0	0	0.481	0	0	0	0	0.437	0	0	0	0	0.4	0.2	0	0.8	0.4	0.6	0	0	1	0	1	0	0.546
1.631	0	0	0	0	1.631	0	0	0	0	0	0	0	0	0	0	0	0	0	0	0	0	0	0	0	0	0	0	0	0	0.571	0	0	0	0	0.286	0	0	0	0	0.418	0.204
0	0	0	0	0	0	0	0	0	0	0	0	0	0	0	0	0	0	0	0	0	0	0	0	0	0	0	0	0	0	0	0	0	0	0	0	0	0	0	0	0.298	0.525
2.053	11.819	9.001	5.411	0	2.053	10.939	9.702	3.337	0	1.951	10.17	6.348	6.929	0	0.667	0.667	0.641	0.583	0	0	0.727	0.655	0.5	0	0	0.455	0.286	0.393	0	0.4	0	0.375	0	0	0	0.5	0	0	0	0	0.444
0	9.001	1.585	2.053	0	0	9.702	2.506	2.053	0	0	6.348	0.921	1.951	0	0	0.641	1	0.667	0	0	0.655	0.667	0	0	0	0.286	0	0	0	0	0.375	0	0.4	1	0	0	0	0	0.75	0.196	0.582
0	0	0	0	0	0	0	0	0	0	0	0	0	0	0	0	0	0	0	0	0	0	0	0	0	0	0	0	0	0	0	0	0	0	0	0	0	0	0	0	0.897	0.834
0	0	0	0	0	0	0	0	0	0	0	0	0	0	0	0	0	0	0	0	0	0	0	0	0	0	0	0	0	0	0	0	0	0	0	0	0	0	0	0	0	0.304
0	0	0	0	0	0	0	0	0	0	0	0	0	0	0	0	0	0	0	0	0	0	0	0	0	0	0	0	0	0	0	0.143	0.4	0.778	0	0	0.143	0	0	0	0	0.279
0	0	0	0	0	0	0	0	0	0	0	0	0	0	0	0	0	0	0	0	0	0	0	0	0	0	0	0	0	0	0	0	0	0	0	0	0	0	0	0	0.893	0.088
0	0	0	0	0	0	0	0	0	0	0	0	0	0	0	0	0	0	0	0	0	0	0	0	0	0	0	0	0	0	0	0	0.2	0	0	0	0	0	0	0	0	0.186
2.031	0	1.867	0	0	0	0	1.867	0	0	2.031	0	0.923	0	0	0	0	1	0	0	0	0	1	0	0	0	0	0	0	0	0.75	0	0.333	0.4	0	0	0	0.333	0.2	0	0.294	0.143
0.812	0	0	0	0	0.812	0	0	0	0	0.812	0	0	0	0	0	0	0	0	0	0	0	0	0	0	0	0	0	0	0	0	0	0.4	0	0	0	0	0.2	0	0	0.717	0.160
0	0	0	0	0	0	0	0	0	0	0	0	0	0	0	0	0	0	0	0	0	0	0	0	0	0	0	0	0	0	0.667	0	0.6	0	0.4	0	0.25	0.2	0	0	0	0.289
0	0	0	0	0	0	0	0	0	0	0	0	0	0	0	0	0	0	0	0	0	0	0	0	0	0	0	0	0	0	0	0	0	0	0	0	0	0	0	0.4	0.296	0.889
0	0	0	0	0	0	0	0	0	0	0	0	0	0	0	0	0	0	0	0	0	0	0	0	0	0	0	0	0	0	0	0	0	0	0	0.4	0	0.556	0	1	0.117	0.898
0	0	0	0	-1	0	0	0	0	-1	0	0	0	0	-1	0	0	0	0	-1	0	0	0	0	-1	0	0	0	0	-1	0	0	0	0	-1	0	0	0	0	-1	0.899	1.000
0	0	0	0	0	0	0	0	0	0	0	0	0	0	0	0	0	0	0	0	0	0	0	0	0	0	0	0	0	0	0	0.2	0	0	0	0	0	0	0	0	0	0.414
3.43	2.39	2.514	0	0	4.334	2.39	2.514	0	0	2.677	2.39	0	0	0	0.8	0	0.667	0	0	0.8	0	0.667	0	0	0.333	0	0	0	0	0.4	0	0.667	1	0.857	0	0	0	1	1	0	0.272
13.442	0	10.879	0	0	13.442	0	10.879	0	0	4.112	0	2.684	0	0	0.549	0	0.621	0	0	0.516	0	0.621	0	0	0.667	0	0.333	0	0	0.2	0	0.25	0	0	0.2	0	0	0	0	0	0.382
0	0	0	0	10.815	0	0	0	0	10.831	0	0	0	0	8.965	0	0	0	0	0.718	0	0	0	0	0.691	0	0	0	0	0.5	0	0.2	0.4	0.8	0.2	0	0.2	0	0.2	0.2	0	0.593
0	0	0	0	0	0	0	0	0	0	0	0	0	0	0	0	0	0	0	0	0	0	0	0	0	0	0	0	0	0	0	0	0	0	0	0	0	0	0	0	0.557	0.898
0.788	2.605	0.915	4.4	0.945	5.304	2.849	2.556	7.13	8.056	5.304	6.762	7.137	7.565	7.129	0.7	0.619	0.619	0.528	0.429	0.5	0.667	0.333	0.429	0.321	0.5	0.6	0.571	0.571	0.476	0	0.333	0.75	0	0.6	0	0.667	0.25	0	0	0	0.189
0	10.815	0	0	50.877	0	10.831	0	0	43.589	0	8.965	0	0	25.768	0	0.718	0	0	0.142	0	0.691	0	0	0.163	0	0.5	0	0	0.094	0.75	0.2	0.875	0.4	0.667	1	0.2	0.875	0	0.444	0	0.906
0	13.865	0	9.063	0	0	19.736	0	15.082	0	0	5.365	0	4.552	0	0	0.625	0	0.833	0	0	0.596	0	0.803	0	0	0.167	0	0.333	0	0	0.25	0	0	0	0.222	0	0	0	0	0.414	0.337
0	0	0	0	0	0	0	0	0	0	0	0	0	0	0	0	0	0	0	0	0	0	0	0	0	0	0	0	0	0	0	0	0.667	0	0.6	0.25	0	0	0	0.2	0.294	0.562
0	0	0	0	0	0	0	0	0	0	0	0	0	0	0	0	0	0	0	0	0	0	0	0	0	0	0	0	0	0	0	0	0	0	0	0	0	0	0	0	0.415	0.187
19.264	0	13.724	0	11.864	22.232	0	13.724	0.938	6.887	12.253	0	9.147	0.938	10.371	0.481	0	0.462	0	0.448	0.437	0	0.407	0	0.321	0.4	0	0.389	0	0.4	0.6	0.8	0.667	0.2	0.625	1	1	1	0	1	0	0.405
0	0	0	0	0	0	0	0	0	0	0	0	0	0	0	0	0	0	0	0	0	0	0	0	0	0	0	0	0	0	0	0	0	0	0	0	0	0	0	0	0.415	0.796
0	0	0	0	0	0	0	0	0	0	0	0	0	0	0	0	0	0	0	0	0	0	0	0	0	0	0	0	0	0	0	0	0	0	0	0	0	0	0	0.25	0.298	0.310
0	0	0	0	0	0	0	0	0	0	0	0	0	0	0	0	0	0	0	0	0	0	0	0	0	0	0	0	0	0	0	0	0	0	0	0	0	0	0	0	0.556	0.902
0	0	0	30.194	0	0	0	0	28.938	1.687	1.687	0	0	18.746	1.687	0	0	0	0.24	0	0	0	0	0.28	0	0	0	0	0.117	0	0.4	0.25	1	0.8	0	0.4	0	1	1	0	0	0.674
0	0	0	0	0	0	0	0	0	0	0	0	0	0	0	0	0	0	0	0	0	0	0	0	0	0	0	0	0	0	0	0	0.25	0	1	0	0	1	0	1	0	0.719
0	0	0	0	0	0	0	0	0	0	0	0	0	0	0	0	0	0	0	0	0	0	0	0	0	0	0	0	0	0	0	0	0	0	0	0	0	0	0	0	0.556	0.567
0	0	0	0	0	0	0	0	0	0	0	0	0	0	0	0	0	0	0	0	0	0	0	0	0	0	0	0	0	0	0	0	0	0	0	1	0.556	1	0.4	0	0.714	0.924
0	0	0	0	0	0	0	0	0	0	0	0	0	0	0	0	0	0	0	0	0	0	0	0	0	0	0	0	0	0	0.4	0.4	0	0.4	0	0.2	0	0	0	0	0.298	0.338
1.219	0	0.815	0	0	0	0	0.815	0	0	1.219	0	0.815	0	0	0	0	0	0	0	0	0	0	0	0	0	0	0	0	0	0.6	1	0	0.25	0.667	0.8	1	0.2	1	1	0	0.656
22.174	0	0	0	0	22.174	0	0	0	0	6.797	0	0	0	0	0.514	0	0	0	0	0.489	0	0	0	0	0.533	0	0	0	0	0.2	0	0	0	0	0	0	0	0	0	0	0.316
14.889	3.13	6.486	10.399	7.444	19.205	9.386	13.691	18.549	16.509	17.473	6.321	9.639	11.733	13.606	0.337	0.491	0.629	0.298	0.648	0.4	0.578	0.61	0.246	0.629	0.25	0.2	0.378	0.291	0.47	0	0	0.25	0	0.333	0	0	0.75	0	0	0.119	0.287
0	0	0.812	0	0	0	0	0.812	0	0	0	0	0.812	0	0	0	0	0	0	0	0	0	0	0	0	0	0	0	0	0	0	0	0	0	0.4	0	0	0	0	0.2	0.419	0.387
0	0	0	0	0	0	0	0	0	0	0	0	0	0	0	0	0	0	0	0	0	0	0	0	0	0	0	0	0	0	0	0	0	0	0	0	0	0	0	0	0.195	0.892
0	0	0	0	0	0	0	0	0	0	0	0	0	0	0	0	0	0	0	0	0	0	0	0	0	0	0	0	0	0	0	0	0	0	0	1	1	0	0.556	0.6	0.119	0.933
2.514	3.43	0	2.39	0	2.514	4.334	0	2.39	0	0	2.677	0	2.39	0	0.667	0.8	0	0	0	0.667	0.8	0	0	0	0	0.333	0	0	0	0.667	0.4	0.857	0	0	0	0	1	0	0	0	0.250
0	0	2.044	0	0	0	0	0.825	0	0	0	0	1.219	0	0	0	0	0	0	0	0	0	0	0	0	0	0	0	0	0	0.6	0	0.25	0	0	1	0	0	0	0	0.298	0.382
0	0	3.476	0	0	0	0	3.476	0	0	0	0	0	0	0	0	0	1	0	0	0	0	1	0	0	0	0	0	0	0	0	0	0	0.2	0	0	0	0	0	0	0.057	0.161
0	0	0	0	0	0	0	0	0	0	0	0	0	0	0	0	0	0	0	0	0	0	0	0	0	0	0	0	0	0	0	0	0	0	0	0	0	0	0	0	0.898	0.999
7.67	6.32	9.063	7.696	13.865	15.323	15.716	15.082	18.379	19.736	12.671	14.93	4.552	16.826	5.365	0.848	0.848	0.833	0.695	0.625	0.818	0.818	0.803	0.676	0.596	0.578	0.473	0.333	0.41	0.167	0	0	0	0	0.25	0	0	0	0	0	0.294	0.653
4.052	4.524	0.921	0	8.341	4.052	6.537	2.064	0	9.211	0.815	2.014	1.144	0	0.87	0.6	0.571	1	0	0.8	0.4	0.476	1	0	0.8	0	0	0	0	0	0	0	0	0	0	0	0.5	0	1	0	0.554	0.364
0	0	0.787	0	0	0	0	0.787	0	0	0	0	0	0	0	0	0	0	0	0	0	0	0	0	0	0	0	0	0	0	0	0	0	0	0	0	0	0	0	0	0.415	0.059
0	0	0	0	0	0	0	0	0	0	0	0	0	0	0	0	0	0	0	0	0	0	0	0	0	0	0	0	0	0	0.2	0.444	0	0	0.333	0.2	1	0	0	0.333	0	0.457
0	0	0	0	0	0	0	0	0	0	0	0	0	0	0	0	0	0	0	0	0	0	0	0	0	0	0	0	0	0	0	0	0.25	0	0.25	0	0	1	0	0.5	0	0.445
11.871	11.864	12.104	13.724	0.833	13.996	6.887	15.284	13.724	0.833	10.356	10.371	9.838	9.147	0.833	0.813	0.448	0.658	0.462	0	0.769	0.321	0.6	0.407	0	0.489	0.4	0.467	0.389	0	0	0.625	0	0.667	0	1	1	0	1	0	0	0.434
0	7.974	0	0	0	0	7.974	0	0	0	0	0	0	0	0	0	0.806	0	0	0	0	0.806	0	0	0	0	0	0	0	0	0.333	0	0.6	0	0	0	0	0	0	0	0	0.364
6.161	5.119	4.125	6.707	3.748	17.536	15.915	14.315	13.678	13.997	9.868	12.267	11.265	12.368	12.352	0.725	0.848	0.848	0.736	0.848	0.703	0.848	0.855	0.742	0.855	0.762	0.722	0.75	0.644	0.583	0	0	0	0	0	0	0	0	0	0	0.299	0.263
0.945	0.915	1.607	0.788	0	8.056	2.556	5.846	5.304	4.719	7.129	7.137	8.45	5.304	4.719	0.429	0.619	0.4	0.7	0.5	0.321	0.333	0.267	0.5	0.4	0.476	0.571	0.464	0.5	0.5	0.6	0.75	0.111	0	0	0	0.25	1	0	0	0.198	0.320
0	0	7.775	0	0	0	0	7.775	0	0	0	0	0	0	0	0	0	0.917	0	0	0	0	0.917	0	0	0	0	0	0	0	0	0.6	0.2	0.333	0.4	0	0	0	0	0.2	0.294	0.208
0	0	0	0	0	0	0	0	0	0	0	0	0	0	0	0	0	0	0	0	0	0	0	0	0	0	0	0	0	0	0	0.25	0.25	0.25	0	0	0.5	0	1	0	0.557	0.271
0	0	1.789	2.514	0.777	0	0	1.789	2.514	0.777	0	0	0	0	0	0	0	0	0.667	0	0	0	0	0.667	0	0	0	0	0	0	0	0.857	0.25	0.667	0.2	0	1	0	0	0	0.197	0.157
10.399	0	3.13	0	14.889	18.549	5.87	9.386	4.719	19.205	11.733	5.028	6.321	4.719	17.473	0.298	0.4	0.491	0.5	0.337	0.246	0.267	0.578	0.4	0.4	0.291	0.4	0.2	0.5	0.25	0	0	0	0	0	0	0	0	0	0	0.298	0.202
6.767	7.444	6.764	6.486	6.707	14.971	16.509	15.997	13.691	13.678	12.82	13.606	10.87	9.639	12.368	0.782	0.648	0.725	0.629	0.736	0.756	0.629	0.725	0.61	0.742	0.527	0.47	0.583	0.378	0.644	0	0.333	0	0.25	0	0	0	0	0.75	0	0.715	0.272
0	0	0	0	0	0	0	0	0	0	0	0	0	0	0	0	0	0	0	0	0	0	0	0	0	0	0	0	0	0	0.25	0	0.25	0	0	1	0	0.5	0	0	0.417	0.742
0	10.879	0	13.442	0	0	10.879	0	13.442	0	0	2.684	0	4.112	0	0	0.621	0	0.549	0	0	0.621	0	0.516	0	0	0.333	0	0.667	0	0	0.25	0	0.2	0.444	0	0	0	0.2	1	0.419	0.226
5.293	0.833	31.471	12.104	5.428	7.172	0.833	31.198	15.284	10.293	4.685	0.833	12.749	9.838	5.847	0.893	0	0.289	0.658	0.745	0.857	0	0.303	0.6	0.727	0.8	0	0.394	0.467	0.533	0	0	0	0	0	0.143	0	0	0	0	0.418	0.498
0	0	0	0	0	0	0	0	0	0	0	0	0	0	0	0	0	0	0	0	0	0	0	0	0	0	0	0	0	0	0	0	0	0	0	0	0	0	0	0	0.196	0.657
0	0	0	-1	0	0	0	0	-1	0	0	0	0	-1	0	0	0	0	-1	0	0	0	0	-1	0	0	0	0	-1	0	0	0	0	-1	0	0	0	0	-1	0	0.42	0.691
0	0	0	0	0	0	0	0	0	0	0	0	0	0	0	0	0	0	0	0	0	0	0	0	0	0	0	0	0	0	0	0	0	0	0	0	0	0	0	0	0	0.766
0	0	0	0	0	0	0	0	0	0	0	0	0	0	0	0	0	0	0	0	0	0	0	0	0	0	0	0	0	0	0.2	0	0	1	0	0	0	0	0.4	0	0.298	0.191
0	0	0	0	0	0	0	0	0	0	0	0	0	0	0	0	0	0	0	0	0	0	0	0	0	0	0	0	0	0	0	0	0	0	0.2	0	0	0	0	0	0.713	0.241
0	0	22.174	0	0	0	0	22.174	0	0	0	0	6.797	0	0	0	0	0.514	0	0	0	0	0.489	0	0	0	0	0.533	0	0	0	0	0.2	0	0	0	0	0	0	0	0	0.595
0	0	-1	0	-1	0	0	-1	0	-1	0	0	-1	0	-1	0	0	-1	0	-1	0	0	-1	0	-1	0	0	-1	0	-1	0	0	-1	0	-1	0	0	-1	0	-1	0.9	1.000
0	0	0	0	0	0	0	0	0	0	0	0	0	0	0	0	0	0	0	0	0	0	0	0	0	0	0	0	0	0	0	0.556	0.333	0	0.714	0	0.556	0	0	0.286	0	0.602
0	0	0.787	0	0	0.772	0	0.787	0	0	0.772	0	0.787	0	0	0	0	0	0	0	0	0	0	0	0	0	0	0	0	0	0	0	0.2	0.667	1	0	0	0	1	0.4	0.197	0.412
0	0	0	0	0	0	0	0	0	0	0	0	0	0	0	0	0	0	0	0	0	0	0	0	0	0	0	0	0	0	0	0	0	0.2	0	0	0	0	0	0	0.299	0.144
0	0	0	0	3.476	0	0	0	0	3.476	0	0	0	0	0	0	0	0	0	1	0	0	0	0	1	0	0	0	0	0	0	0.2	0	0	0	0	0	0	0	0	0.556	0.200
13.724	19.264	11.864	0	11.871	13.724	22.232	6.887	0	13.996	9.147	12.253	10.371	0	10.356	0.462	0.481	0.448	0	0.813	0.407	0.437	0.321	0	0.769	0.389	0.4	0.4	0	0.489	0.667	0.6	0.625	0.8	0	1	1	1	1	1	0	0.466
0	0	0	0	0	0	0	0	0	0	0	0	0	0	0	0	0	0	0	0	0	0	0	0	0	0	0	0	0	0	0	0	0	0	0	0.6	0	0	1	0	0	0.927
0	4.402	0	19.572	1.678	0	4.373	0	20.613	1.678	0	1.604	0	6.662	0	0	0.933	0	0.514	1	0	1	0	0.471	1	0	1	0	0.4	0	0	0.571	0	0	0	0	0.143	0	0	0	0.556	0.162
0	0	1.678	4.402	0	0	0	1.678	4.373	0	0	0	0	1.604	0	0	0	1	0.933	0	0	0	1	1	0	0	0	0	1	0	0	0	0	0.571	0	0	0	0	0.143	0	0.294	0.207
9.063	7.67	13.865	6.32	0	15.082	15.323	19.736	15.716	0	4.552	12.671	5.365	14.93	0	0.833	0.848	0.625	0.848	0	0.803	0.818	0.596	0.818	0	0.333	0.578	0.167	0.473	0	0	0	0.25	0	0	0	0	0	0	0.222	0.898	0.267
0.815	1.219	0	0	15.043	0.815	0	0	0	15.815	0.815	1.219	0	0	5.858	0	0	0	0	0.478	0	0	0	0	0.412	0	0	0	0	0.4	0	0.6	0.667	1	0	0.2	0.8	1	1	0.444	0	0.612
0	0	0	0	0	0	0	0	0	0	0	0	0	0	0	0	0	0	0	0	0	0	0	0	0	0	0	0	0	0	0.2	0	0	0	0	0	0	0	0	0	0	0.547
3.508	0.794	0	0	0	4.412	0	0	0	0	2.543	0.794	0	0	0	0.8	0	0	0	0	0.8	0	0	0	0	0.333	0	0	0	0	0.4	0.333	0.625	0.333	1	0	0.333	0.375	1	1	0	0.279
0	0	0	0	0.812	0	0	0	0	0.812	0	0	0	0	0.812	0	0	0	0	0	0	0	0	0	0	0	0	0	0	0	0	0	0	0	0	0	0	0	0	0	0.197	0.132
0	0	0	0	0	0	0	0	0	0	0	0	0	0	0	0	0	0	0	0	0	0	0	0	0	0	0	0	0	0	0.8	0	0.2	0	0	0.2	0	0.2	0	0	0.016	0.410
0	0	0	7.974	7.775	0	0	0	7.974	7.775	0	0	0	0	0	0	0	0	0.806	0.917	0	0	0	0.806	0.917	0	0	0	0	0	0.6	0.333	0	0	0.2	0	0	0	0	0	0	0.180
0	0	0	0	0	0	0	0	0	0	0	0	0	0	0	0	0	0	0	0	0	0	0	0	0	0	0	0	0	0	0	0	0	0	0	0	0	0	0	0	0.713	0.896
0	0	0	0	0	0	0	0	0	0	0	0	0	0	0	0	0	0	0	0	0	0	0	0	0	0	0	0	0	0	1	0.333	0	0.25	0	0	0	0	0	0	0.059	0.093
5.119	6.707	6.161	6.764	4.125	15.915	13.678	17.536	15.997	14.315	12.267	12.368	9.868	10.87	11.265	0.848	0.736	0.725	0.725	0.848	0.848	0.742	0.703	0.725	0.855	0.722	0.644	0.762	0.583	0.75	0	0	0	0	0	0	0	0	0	0	0.56	0.285
