0	0	4.572	3.766	0	0	0	4.572	3.766	0	0	0	0.903	0	0	0	0	0.9	0.833	0	0	0	0.9	0.833	0	0	0	0	0	0	0	0.6	0	0	0.4	0	0	0	0	0	0.298	0.461
1.03	1.861	0.946	0	5.797	9.898	9.49	9.581	6.516	14.694	0	0	0	0	0	0.389	0.472	0.417	0.533	0.473	0.389	0.472	0.417	0.533	0.473	0	0	0	0	0	0	0	0	0	0	0	0	0	0	0	0.117	0.178
0	1.084	0	0	0	0	1.084	0	0	0	0	1.084	0	0	0	0	0	0	0	0	0	0	0	0	0	0	0	0	0	0	0	0.333	0	0	0	0	0.333	0.2	0	0	0.559	0.872
3.766	0	0	0	0	3.766	0	0	0	0	0	0	0	0	0	0.833	0	0	0	0	0.833	0	0	0	0	0	0	0	0	0	0	0	0.6	0	0	0	0	0	0	0	0.419	0.249
6.469	7.376	3.89	2.654	0	6.469	8.402	1.906	3.537	0	1.821	2.925	3.89	0	0	0.571	0.389	1	0.5	0	0.571	0.389	1	0.5	0	1	0.667	1	0	0	0	0	0.333	0	0.667	0	0	0.667	0	0.333	0.554	0.328
0	3.89	0	0	0	0	4.841	0	0	0	0	2.847	0	0	0	0	0.7	0	0	0	0	0.7	0	0	0	0	0.333	0	0	0	0	0.667	0.333	1	0.333	0	0	0	0	0	0.42	0.335
19.865	42.275	4.709	0	0	24.988	49.155	5.792	1.864	0	8.17	12.041	1.082	1.864	0	0.283	0.178	0.933	1	0	0.283	0.176	0.933	1	0	0.393	0.309	0	1	0	0	0.222	0	0	0.8	0	0	0	0	0.4	0.717	0.212
0	0.913	0	0	0	0	0.913	0	0	0	0	0.913	0	0	0	0	0	0	0	0	0	0	0	0	0	0	0	0	0	0	0.857	0	1	0	0	1	0	0	0	0	0.299	0.934
1.961	3.712	5.034	8.004	35.532	3.007	4.777	5.034	6.719	39.782	3.007	2.93	4.016	5.21	16.051	1	0.9	0.9	0.821	0.274	1	0.9	0.9	0.857	0.274	1	1	0.833	0.6	0.219	0.4	0	0	0	0	0	0	0	0	1	0	0.482
0	1.083	0	0	0	0	1.083	0	0	0	0	1.083	0	0	0	0	0	0	0	0	0	0	0	0	0	0	0	0	0	0	0	0	0	0.6	0.4	0	0	0.4	0.6	0	0.558	0.256
0	3.253	1.926	6.741	3.74	0	7.301	3.977	10.823	9.717	0	5.613	4.121	5.068	7.859	0	0.857	0.8	0.709	0.689	0	0.905	0.667	0.709	0.689	0	0.7	0.833	0.5	0.393	0	0	0.667	0	0	0	0	0.667	0	0	0	0.774
0	0	0	0	2.024	0	0	0	0	2.024	0	0	0	0	1.127	0	0	0	0	1	0	0	0	0	1	0	0	0	0	0	0.667	0.375	0	0.8	0	0.333	0.25	0	1	0	0	0.833
14.143	0	0.922	0	6.963	20.148	0	1.834	0	11.405	11.27	0	1.834	0	7.418	0.537	0	1	0	0.764	0.537	0	1	0	0.745	0.327	0	1	0	0.429	0	0	0	0	0	0	0	0	0	0	0.296	0.259
0	0	4.111	0	0	0.958	0	3.132	0	0	0.958	0	5.274	0	0	0	0	0.9	0	0	0	0	1	0	0	0	0	0.9	0	0	0	0.778	0	0.2	0.8	0	0.556	0	0.2	1	0.19	0.592
0	0	-1	0	-1	0	0	-1	0	-1	0	0	-1	0	-1	0	0	-1	0	-1	0	0	-1	0	-1	0	0	-1	0	-1	0	0	-1	0	-1	0	0	-1	0	-1	0.899	0.996
0	0	0	0	0	0	0	0	0	0	0	0	0	0	0	0	0	0	0	0	0	0	0	0	0	0	0	0	0	0	0.2	0.25	0.889	0.5	0.25	0.4	0	1	1	0	0.299	0.618
0	1.912	0	2.935	14.143	0	2.965	0	4.93	20.148	0	2.072	0	3.081	11.27	0	1	0	1	0.537	0	1	0	1	0.537	0	1	0	1	0.327	0	0	0	0	0	0	0	0	0	0	0.898	0.530
3.89	0	0	0	0	4.841	0	0	0	0	2.847	0	0	0	0	0.7	0	0	0	0	0.7	0	0	0	0	0.333	0	0	0	0	0.667	1	0	0	0.333	0	0	0	0	0	0.556	0.600
5.91	0	0	0	0	5.91	0	0	0	0	1.084	0	0	0	0	0.333	0	0	0	0	0.333	0	0	0	0	0	0	0	0	0	0	1	0.6	0.4	0.6	0	1	0.2	1	0.8	0.3	0.187
3.89	6.469	0	7.376	2.802	1.906	6.469	0	8.402	3.686	3.89	1.821	0	2.925	0	1	0.571	0	0.389	0.5	1	0.571	0	0.389	0.5	1	1	0	0.667	0	0.333	0	0.667	0	0	0.667	0	0.333	0	0	0.198	0.652
1.04	0	0	0	0	1.999	0	0	0	0	1.999	0	0	0	0	0	0	0	0	0	0	0	0	0	0	0	0	0	0	0	0	0.333	0	0.222	0.25	0	0	0.667	0	0	0.298	0.351
0.917	4.783	0	0	0	0.917	6.08	0	0	0	0	3.205	0	0	0	0	0.4	0	0	0	0	0.4	0	0	0	0	0.667	0	0	0	0	0	0	0.2	0	0.111	0.667	0.125	1	0	0.717	0.273
0	0	0	5.79	0	0	0	0	7.087	0	0	0	0	3.434	0	0	0	0	0.381	0	0	0	0	0.381	0	0	0	0	0.333	0	0	0.778	0.2	0	0.2	0	1	1	0	1	0.419	0.461
2.717	3.74	17.867	1.926	0	6.789	9.717	23.521	3.977	1.864	5.019	7.859	11.999	4.121	1.864	0.524	0.689	0.348	0.8	1	0.476	0.689	0.332	0.667	1	0.5	0.393	0.364	0.833	1	0.2	0	0.4	0.667	0	0	0	1	0.667	0	0.197	0.406
0	0	9.578	0	0	0	0	10.728	0	0	0	0	4.094	0	0	0	0	0.436	0	0	0	0	0.436	0	0	0	0	0.167	0	0	0	1	0	0.333	0	0	1	0	0	0	0.717	0.580
0	0	0	0.891	1.016	0	0	0	0.891	1.016	0	0	0	0	1.016	0	0	0	0	0	0	0	0	0	0	0	0	0	0	0	0	0	0	0	0	0	0.2	0	0	0	0.717	0.277
0	0	0	0	0	0	0	0	0	0	0	0	0	0	0	0	0	0	0	0	0	0	0	0	0	0	0	0	0	0	0	0.714	0.571	0.2	0.8	0	0.571	0.714	0	1	0	0.746
0	0	0	0	0	0	0	0	0	0	0	0	0	0	0	0	0	0	0	0	0	0	0	0	0	0	0	0	0	0	0	0	0	0	0	0	0	0	0	0	0	0.626
0	1.04	3.755	0	0	0	1.04	3.755	0	0	0	1.04	0	0	0	0	0	0.667	0	0	0	0	0.667	0	0	0	0	0	0	0	0	0	0	0.4	0.333	0	0	0	0.2	1	0.298	0.380
0	0	0	0	0	0	0	0	0	0	0	0	0	0	0	0	0	0	0	0	0	0	0	0	0	0	0	0	0	0	0	0	0.25	0.2	0	0	0	0	0	0	0	0.621
1.912	2.935	0	11.605	0	2.965	4.93	0	12.573	0	2.072	3.081	0	4.937	0	1	1	0	0.744	0	1	1	0	0.744	0	1	1	0	0.6	0	0	0	0	0	0	0	0	0	0	0	0.717	0.492
0	0	8.127	0	0	0	0	7.045	0	0	0	0	8.397	0	0	0	0	0.378	0	0	0	0	0.333	0	0	0	0	0.464	0	0	0.333	0.4	0.714	0.4	0.2	0	0	0.286	0.2	0.2	0	0.859
35.532	5.034	11.605	1.961	2.935	39.782	5.034	12.573	3.007	4.93	16.051	4.016	4.937	3.007	3.081	0.274	0.9	0.744	1	1	0.274	0.9	0.744	1	1	0.219	0.833	0.6	1	1	0	0	0	0.4	0	1	0	0	0	0	0.198	0.281
0	0	4.603	0	9.513	0	0	6.885	0	11.843	0	0	3.198	0	3.457	0	0	0.381	0	0.424	0	0	0.381	0	0.424	0	0	0	0	0	0.8	0	0.5	0.2	0.111	0.4	0	0.5	0	0	0	0.822
0	0	12.486	1.823	0	0	0	17.714	2.716	2.003	0	0	10.192	1.813	2.003	0	0	0.562	1	1	0	0	0.562	1	1	0	0	0.4	1	1	0	0	0	0	0	0.333	0	0	0	0	0	0.583
0	2.024	0	0	0	0	2.024	0	0	0	0	1.127	0	0	0	0	1	0	0	0	0	1	0	0	0	0	0	0	0	0	0.2	0	0.125	0	0	0.4	0	0	0	0	0	0.697
0	1.047	2.654	0	7.376	0	2.073	3.537	0	8.402	0	2.073	0	0	2.925	0	1	0.5	0	0.389	0	1	0.5	0	0.389	0	1	0	0	0.667	0	0	0	0	0	0	0	0	0	0	0.718	0.588
0	12.638	49.26	6.562	1.823	0	14.835	53.882	8.565	2.716	0	8.303	18.856	3.921	1.813	0	0.762	0.198	0.889	1	0	0.762	0.196	0.889	1	0	0.393	0.221	0.5	1	0.2	0	0	0	0	0	0	0	0	0	0	0.531
4.573	0	0	0	0	5.533	0	0	0	0	0.96	0	0	0	0	0.4	0	0	0	0	0.4	0	0	0	0	0	0	0	0	0	0	0.4	0.2	0.25	1	0	0.2	0	0	1	0.556	0.220
24.705	10.731	11.229	22.264	12.758	31.783	17.739	17.825	30.427	19.436	5.344	4.343	5.404	0	6.517	0.32	0.493	0.601	0.363	0.602	0.32	0.493	0.601	0.363	0.602	0.4	0.667	0.6	0	0.467	0	0	0	0	0	0	0	0	0	0	0.419	0.190
0	11.28	0	0	0	0	13.426	0	0	0	0	6.802	0	0	0	0	0.648	0	0	0	0	0.648	0	0	0	0	0.429	0	0	0	0.6	0	0.2	0.2	0.714	0.4	0	0	0	0.571	0.298	0.740
0	0	0	0	4.783	0	0	0	0	6.08	0	0	0	0	3.205	0	0	0	0	0.4	0	0	0	0	0.4	0	0	0	0	0.667	0.2	0	0.2	0.778	0	1	0	1	1	0.667	0.117	0.535
10.731	22.264	24.705	11.804	11.229	17.739	30.427	31.783	20.843	17.825	4.343	0	5.344	0	5.404	0.493	0.363	0.32	0.463	0.601	0.493	0.363	0.32	0.463	0.601	0.667	0	0.4	0	0.6	0	0	0	0	0	0	0	0	0	0	0.896	0.176
2.761	0	0	9.578	1.928	2.761	0	0	10.728	3.078	0	0	0	4.094	1.15	1	0	0	0.436	1	1	0	0	0.436	1	0	0	0	0.167	0	0	0	0	0	0	0	0	0	0	0	0.715	0.217
0	0	0	0	4.623	1.096	0	0	0	6.605	1.096	0	0	0	2.961	0	0	0	0	0.048	0	0	0	0	0.048	0	0	0	0	0.333	0.667	0	0.333	0	0	0.333	0	0	0	0	0.298	0.644
0	0	0	0	1.04	0	0	0	0	1.04	0	0	0	0	1.04	0	0	0	0	0	0	0	0	0	0	0	0	0	0	0	0.333	0.5	0.4	0	0	0.667	0	0.2	0.333	0	0	0.923
0	0	0	6.628	0	0	0	0	8.6	0	0	0	0	5.809	0	0	0	0	0.722	0	0	0	0	0.722	0	0	0	0	0.667	0	0.6	0.375	0.667	0	1	0.6	0.125	1	0	0	0	0.621
12.52	12.837	6.741	6.963	3.253	16.652	17.051	10.823	11.405	7.301	6.044	11.186	5.068	7.418	5.613	0.625	0.529	0.709	0.764	0.857	0.618	0.522	0.709	0.745	0.905	0.533	0.309	0.5	0.429	0.7	0	0.25	0	0	0	0	0	0	0	0	0.716	0.220
0	0	0	9.513	2.801	0	0	2.698	11.843	5.731	0	0	2.698	3.457	2.93	0	0	0	0.424	0.667	0	0	0	0.424	0.667	0	0	0	0	0	0.333	0.4	0	0.111	0	0.333	0	0	0	0	0	0.821
0	0	0	0	0	0	0	0	0	0	0	0	0	0	0	0	0	0	0	0	0	0	0	0	0	0	0	0	0	0	0.6	0.6	0	0.6	0	1	0.8	0	0.2	0.333	0	0.915
0	12.758	0	11.229	9.771	0	19.436	0	17.825	15.011	0	6.517	0	5.404	6.242	0	0.602	0	0.601	0.695	0	0.602	0	0.601	0.695	0	0.467	0	0.6	0.533	0.625	0	0.6	0	0	0.375	0	1	0	0	0.415	0.499
0.891	0	0	5.899	0	0.891	0	0	5.899	0	0	0	0	5.899	0	0	0	0	0.733	0	0	0	0	0.533	0	0	0	0	0.667	0	0	0	0	1	0	0	0	0.2	0	0	0.717	0.218
0	0	0	0	0	0	0	0	0	0	0	0	0	0	0	0	0	0	0	0	0	0	0	0	0	0	0	0	0	0	0.4	0	0.4	0.25	0.333	0.2	0	0	0	0	0	0.666
0	3.749	0	9.771	6.562	0	5.771	0	15.011	8.565	0	4.832	0	6.242	3.921	0	0.733	0	0.695	0.889	0	0.733	0	0.695	0.889	0	0.4	0	0.533	0.5	0.4	0	0.6	0	0	0.2	0	1	0	0	0	0.795
0	0	0	0	0	0	0	0	0	0	0	0	0	0	0	0	0	0	0	0	0	0	0	0	0	0	0	0	0	0	0.2	0	0	0.8	0.8	0	0	0	1	0.4	0	0.684
0	0	1.047	1.996	0	0	0	2.073	1.996	0	0	0	2.073	1.996	0	0	0	1	1	0	0	0	1	1	0	0	0	1	1	0	0	0	0	0.5	0	0	0	0	0	0	0.893	0.320
17.867	2.717	0	3.74	42.275	23.521	6.789	1.864	9.717	49.155	11.999	5.019	1.864	7.859	12.041	0.348	0.524	1	0.689	0.178	0.332	0.476	1	0.689	0.176	0.364	0.5	1	0.393	0.309	0.4	0.2	0	0	0.222	1	0	0	0	0	0.298	0.601
0	0	0	4.111	0	0	0	0	3.132	0	0	0	0	5.274	0	0	0	0	0.9	0	0	0	0	1	0	0	0	0	0.9	0	0.375	0.8	0.667	0	0	0.25	1	0.333	0	0	0	0.600
0	0	0	1.083	1.983	0	0	0	1.083	2.868	0	0	0	1.083	2.868	0	0	0	0	0.667	0	0	0	0	0.667	0	0	0	0	0.667	0	0	0.4	0	0.2	0.4	0	0	0	0	0.198	0.499
0.922	14.143	6.963	0	12.837	1.834	20.148	11.405	0	17.051	1.834	11.27	7.418	0	11.186	1	0.537	0.764	0	0.529	1	0.537	0.745	0	0.522	1	0.327	0.429	0	0.309	0	0	0	0	0.25	0	0	0	0	0	0.199	0.464
0	0	5.91	0	0	0	0	5.91	0	0	0	0	1.084	0	0	0	0	0.333	0	0	0	0	0.333	0	0	0	0	0	0	0	1	0.4	0	0.4	0.6	1	1	0	0.4	0.2	0	0.932
7.376	2.654	6.469	0	3.89	8.402	3.537	6.469	0	1.906	2.925	0	1.821	0	3.89	0.389	0.5	0.571	0	1	0.389	0.5	0.571	0	1	0.667	0	1	0	1	0	0	0	0	0.333	0	0	0	0	0.667	0.296	0.156
0	0	0	2.024	1.996	0	0	0	2.024	1.996	0	0	0	1.127	1.996	0	0	0	1	1	0	0	0	1	1	0	0	0	0	1	0.125	0.2	0	0	0.5	0	0.4	0	0	0	0	0.476
0.946	0	0.942	0	0.949	5.026	0	5.271	0	6.263	0	0	0	0	0	0.6	0	0.6	0	0.6	0.6	0	0.6	0	0.6	0	0	0	0	0	0	0	0	0	0	0	0	0	0	0	0	0.319
0	0	0	3.89	0	0	0	0	4.841	0	0	0	0	2.847	0	0	0	0	0.7	0	0	0	0	0.7	0	0	0	0	0.333	0	0.333	0	0.333	0.667	1	0	0	0	0	1	0.714	0.765
0	0	0	4.572	0	0	0	0	4.572	0	0	0	0	0.903	0	0	0	0	0.9	0	0	0	0	0.9	0	0	0	0	0	0	0.714	0.4	0.2	0	0.5	0	0	0	0	1	0.119	0.696
0	0	0	0	0	0	0	0	0	0	0	0	0	0	0	0	0	0	0	0	0	0	0	0	0	0	0	0	0	0	0.25	0.5	0.2	0.2	0.889	0	1	0.4	0	1	0	0.696
0	0	0	5.91	0	0	0	0	5.91	0	0	0	0	1.084	0	0	0	0	0.333	0	0	0	0	0.333	0	0	0	0	0	0	0.6	0.6	0.6	0	0	0.8	0.2	1	0	0	0	0.965
0	0	8.004	0	3.712	0	0	6.719	0	4.777	0	0	5.21	0	2.93	0	0	0.821	0	0.9	0	0	0.857	0	0.9	0	0	0.6	0	1	0	1	0	0.667	0	0	0	0	1	0	0	0.678
0	0	0	3.755	0	0	0	0	3.755	0	0	0	0	0	0	0	0	0	0.667	0	0	0	0	0.667	0	0	0	0	0	0	0	0.333	0.2	0	0	0	1	0	0	0	0.56	0.314
0	0	0	0	-1	0	0	0	0	-1	0	0	0	0	-1	0	0	0	0	-1	0	0	0	0	-1	0	0	0	0	-1	0	0	0	0	-1	0	0	0	0	-1	0.894	0.996
4.828	1.001	0	2.801	0	6.796	1.001	0	5.731	0	2.931	1.001	0	2.93	0	0.619	0	0	0.667	0	0.619	0	0	0.667	0	0.333	0	0	0	0	0.222	0	0	0	1	0	0	0	0	0	0.298	0.478
1.083	0	0	0	0	1.083	0	0	0	0	1.083	0	0	0	0	0	0	0	0	0	0	0	0	0	0	0	0	0	0	0	0	0.6	0	0	0	0	0.6	0	0	0.4	0.294	0.432
9.578	0	0	0	2.761	10.728	0	0	0	2.761	4.094	0	0	0	0	0.436	0	0	0	1	0.436	0	0	0	1	0.167	0	0	0	0	0	0	0	1	0	0	0	0	1	0	0.414	0.451
0	0	4.573	0	0	0	0	5.533	0	0	0	0	0.96	0	0	0	0	0.4	0	0	0	0	0.4	0	0	0	0	0	0	0	0.4	0.25	0	0	0.2	0.2	0	0	0.667	0	0	0.539
0	0	0	0	0	0	0	0	0	0	0	0	0	0	0	0	0	0	0	0	0	0	0	0	0	0	0	0	0	0	0.5	0	0.333	0	0.4	0	0.333	0.667	0	0.2	0	0.646
11.605	35.532	2.935	5.034	1.912	12.573	39.782	4.93	5.034	2.965	4.937	16.051	3.081	4.016	2.072	0.744	0.274	1	0.9	1	0.744	0.274	1	0.9	1	0.6	0.219	1	0.833	1	0	0	0	0	0	0	1	0	0	0	0.556	0.251
5.034	1.961	35.532	3.712	11.605	5.034	3.007	39.782	4.777	12.573	4.016	3.007	16.051	2.93	4.937	0.9	1	0.274	0.9	0.744	0.9	1	0.274	0.9	0.744	0.833	1	0.219	1	0.6	0	0.4	0	0	0	0	0	1	0	0	0.418	0.209
0	0	5.899	5.211	0	0	0	5.899	6.133	0	0	0	5.899	5.108	0	0	0	0.733	0.2	0	0	0	0.533	0.2	0	0	0	0.667	0.2	0	0	0.2	1	0	0	0	0	0	0	0	0.299	0.659
0	1.016	0	0	0	0	1.016	0	0	0	0	1.016	0	0	0	0	0	0	0	0	0	0	0	0	0	0	0	0	0	0	0	0	0	0	0	0	0	0	0	0	0.294	0.976
0	0	0	0	0	0	0	0	0	0	0	0	0	0	0	0	0	0	0	0	0	0	0	0	0	0	0	0	0	0	0	0.25	0.4	0.25	0.4	0	0	0.2	0	0	0	0.954
0	0	0	0	1.084	0	0	0	0	1.084	0	0	0	0	1.084	0	0	0	0	0	0	0	0	0	0	0	0	0	0	0	0	0.444	0	1	0.333	0.2	0	0	1	0.333	0.898	0.545
11.804	5.797	22.264	0.946	10.731	20.843	14.694	30.427	9.581	17.739	0	0	0	0	4.343	0.463	0.473	0.363	0.417	0.493	0.463	0.473	0.363	0.417	0.493	0	0	0	0	0.667	0	0	0	0	0	0	0	0	0	0	0.419	0.110
0	0	0	0	0	0	0	0	0	0	0	0	0	0	0	0	0	0	0	0	0	0	0	0	0	0	0	0	0	0	0.571	0	0.8	0.714	0	0.714	0	1	0.571	0	0	0.893
0	0	14.143	1.912	0.922	0	0	20.148	2.965	1.834	0	0	11.27	2.072	1.834	0	0	0.537	1	1	0	0	0.537	1	1	0	0	0.327	1	1	0	0	0	0	0	0	0	0	0	0	0.714	0.520
0	0	0	0	0	0	0	0	0	0	0	0	0	0	0	0	0	0	0	0	0	0	0	0	0	0	0	0	0	0	0.444	1	0	0.2	0	0	1	0.2	0	0	0.299	0.514
26.933	15.129	6.628	0	0	29.011	17.223	8.6	2.003	0	9.765	5.237	5.809	2.003	0	0.379	0.542	0.722	1	0	0.379	0.542	0.722	1	0	0.389	0.6	0.667	1	0	0	0	0	0	0.375	0	0	0	0	0.125	0.559	0.259
12.486	0	0	0	15.129	17.714	0	2.003	0	17.223	10.192	0	2.003	0	5.237	0.562	0	1	0	0.542	0.562	0	1	0	0.542	0.4	0	1	0	0.6	0	0	0	0	0	0	0.333	0	0	0	0.717	0.173
0	0	4.783	0	0.917	0	0	6.08	0	0.917	0	0	3.205	0	0	0	0	0.4	0	0	0	0	0.4	0	0	0	0	0.667	0	0	0.2	0.2	0	0	0	1	1	0.667	0	0.111	0	0.670
49.26	0	1.823	12.638	0	53.882	0	2.716	14.835	0	18.856	0	1.813	8.303	0	0.198	0	1	0.762	0	0.196	0	1	0.762	0	0.221	0	1	0.393	0	0	0.2	0	0	0	0	0	0	0	0	0.296	0.157
1.861	0	1.03	0.949	0.946	9.49	6.516	9.898	6.263	9.581	0	0	0	0	0	0.472	0.533	0.389	0.6	0.417	0.472	0.533	0.389	0.6	0.417	0	0	0	0	0	0	0	0	0	0	0	0	0	0	0	0.415	0.226
0	2.802	0	0	0	0	3.686	0.922	0	0	0	0	0.922	0	0	0	0.5	0	0	0	0	0.5	0	0	0	0	0	0	0	0	1	0	0	0.667	0.2	0	0	0	0.333	0.2	0	0.960
0	0	0	0	0	0	0	0	0	0	0	0	0	0	0	0	0	0	0	0	0	0	0	0	0	0	0	0	0	0	0	0	0.4	0	0.4	0	0	0.4	0	1	0.556	0.269
0	0	0	0	0	0	0	0	0	0	0	0	0	0	0	0	0	0	0	0	0	0	0	0	0	0	0	0	0	0	0.4	0	0.4	0	1	0.4	0	1	0	1	0	0.469
0	5.79	0	4.623	0	0	7.087	0	6.605	0	0	3.434	0	2.961	0	0	0.381	0	0.048	0	0	0.381	0	0.048	0	0	0.333	0	0.333	0	0.778	0	0	0	0.2	1	0	0	0	1	0.115	0.883
22.264	11.804	10.731	5.797	24.705	30.427	20.843	17.739	14.694	31.783	0	0	4.343	0	5.344	0.363	0.463	0.493	0.473	0.32	0.363	0.463	0.493	0.473	0.32	0	0	0.667	0	0.4	0	0	0	0	0	0	0	0	0	0	0.896	0.294
0	1.996	0	0	1.047	0	1.996	0	0	2.073	0	1.996	0	0	2.073	0	1	0	0	1	0	1	0	0	1	0	1	0	0	1	0	0.5	0	0	0	0	0	0	0	0	0.554	0.300
11.28	0	0	0	0	13.426	0	0	0	0	6.802	0	0	0	0	0.648	0	0	0	0	0.648	0	0	0	0	0.429	0	0	0	0	0	0.2	0.6	0.8	0.2	0	0	0.4	0.4	0	0.415	0.196
0	0	0	0.913	0	0	0	0	0.913	0	0	0	0	0.913	0	0	0	0	0	0	0	0	0	0	0	0	0	0	0	0	1	0.857	0	0	0.6	0	1	0	0	0.6	0.415	0.421
0	0	0	8.127	4.111	0	0	0.958	7.045	3.132	0	0	0.958	8.397	5.274	0	0	0	0.378	0.9	0	0	0	0.333	1	0	0	0	0.464	0.9	0.778	0.2	0	0.714	0	0.556	0.2	0	0.286	0	0.299	0.902
0	0	0	0	0.913	0	0	0	0	0.913	0	0	0	0	0.913	0	0	0	0	0	0	0	0	0	0	0	0	0	0	0	0	0	0	0	0	0	0.2	0	0	0	0.558	0.442
0	0	2.801	0	1.001	2.698	0	5.731	0	1.001	2.698	0	2.93	0	1.001	0	0	0.667	0	0	0	0	0.667	0	0	0	0	0	0	0	0	0.333	0	0.4	0	0	0.333	0	0	0	0.299	0.519
0	0	0	0	8.127	0	0	0	0	7.045	0	0	0	0	8.397	0	0	0	0	0.378	0	0	0	0	0.333	0	0	0	0	0.464	0.4	0.4	0.333	0	0.714	0	0.2	0	0	0.286	0	0.613
0	0	0	1.983	0	0	0	1.096	2.868	0	0	0	1.096	2.868	0	0	0	0	0.667	0	0	0	0	0.667	0	0	0	0	0.667	0	0	0	0.667	0.2	0.333	0	0	0.333	0	0	0	0.386
0	2.761	1.928	0	0	0	2.761	3.078	0	0	0	0	1.15	0	0	0	1	1	0	0	0	1	1	0	0	0	0	0	0	0	0	0	0	0	0	0	0	0	0	0	0.898	0.430
0	0	0	0	0	0	0	0	0	0	0	0	0	0	0	0	0	0	0	0	0	0	0	0	0	0	0	0	0	0	0.714	0.2	0	0.6	0.571	0.571	0	0	0.4	0.714	0.299	0.844
0	0.917	0	4.783	0	0	0.917	0	6.08	0	0	0	0	3.205	0	0	0	0	0.4	0	0	0	0	0.4	0	0	0	0	0.667	0	0	0	0	0	0	0.125	0.111	0	0.667	0	0.3	0.523
0	0	0	0	0	0	0	0	0	0	0	0	0	0	0	0	0	0	0	0	0	0	0	0	0	0	0	0	0	0	0.889	0.2	0.25	0.25	0.25	1	0.4	0	0	0	0.197	0.973
0	0	0	0	0	0	0	0	0	0	0	0	0	0	0	0	0	0	0	0	0	0	0	0	0	0	0	0	0	0	0	0.8	0.2	0.571	0	0	1	0	0.714	0	0	0.684
0	3.766	0	0	4.572	0	3.766	0	0	4.572	0	0	0	0	0.903	0	0.833	0	0	0.9	0	0.833	0	0	0.9	0	0	0	0	0	0.6	0	0	0	0	0	0	0	0	0	0	0.764
0	0	0	0	0	0	0	0	0	0	0	0	0	0	0	0	0	0	0	0	0	0	0	0	0	0	0	0	0	0	0	0	0	0	0	0	0	0	0	0	0	0.828
1.084	0	0	0	0	1.084	0	0	0	0	1.084	0	0	0	0	0	0	0	0	0	0	0	0	0	0	0	0	0	0	0	0.333	0	0	0	0	0.333	0	0	0.2	0.2	0.117	0.591
0	0	0	0	1.04	0	0	0	0	1.999	0	0	0	0	1.999	0	0	0	0	0	0	0	0	0	0	0	0	0	0	0	0.222	0	0.333	0.25	0	0	0	0	0	0	0.298	0.502
0	0	0	0	0.946	0	0	0	0	5.026	0	0	0	0	0	0	0	0	0	0.6	0	0	0	0	0.6	0	0	0	0	0	0	0	0	0	0	0	0	0	0	0	0	0.385
1.983	0	0	0	0	2.868	0	0	0	0	2.868	0	0	0	0	0.667	0	0	0	0	0.667	0	0	0	0	0.667	0	0	0	0	0.2	0.4	0	0	0	0	0	0	0.4	0	0.415	0.395
0	1.928	0	0	3.766	0	3.078	0	0	3.766	0	1.15	0	0	0	0	1	0	0	0.833	0	1	0	0	0.833	0	0	0	0	0	0	0	0	0	0	0	0	0	0	0	0.294	0.691
0	4.111	0	0	0	0	3.132	0	0.958	0	0	5.274	0	0.958	0	0	0.9	0	0	0	0	1	0	0	0	0	0.9	0	0	0	0.8	0	0.375	0	0.667	1	0	0.25	0	0.333	0.117	0.971
6.562	0	12.638	0	0	8.565	0	14.835	0	0	3.921	0	8.303	0	0	0.889	0	0.762	0	0	0.889	0	0.762	0	0	0.5	0	0.393	0	0	0	0.6	0	0.4	0.2	0	1	0	0.2	0	0.556	0.326
0	3.755	0	0	0	0	3.755	0	0	0	0	0	0	0	0	0	0.667	0	0	0	0	0.667	0	0	0	0	0	0	0	0	0.333	0	0	0	0.2	1	0	0	0	0	0.117	0.949
12.638	6.562	0	0	49.26	14.835	8.565	0	0	53.882	8.303	3.921	0	0	18.856	0.762	0.889	0	0	0.198	0.762	0.889	0	0	0.196	0.393	0.5	0	0	0.221	0	0	0.2	0.6	0	0	0	0	1	0	0.197	0.193
0	0	0	0	0	0	0	0	0	0	0	0	0	0	0	0	0	0	0	0	0	0	0	0	0	0	0	0	0	0	0.5	0.2	0.25	0.714	0.2	1	0	0	0	0.4	0	0.923
2.801	0	1.001	0	4.828	5.731	2.698	1.001	0	6.796	2.93	2.698	1.001	0	2.931	0.667	0	0	0	0.619	0.667	0	0	0	0.619	0	0	0	0	0.333	0	0	0	0.333	0.222	0	0	0	0.333	0	0	0.527
0	0	0	0.917	0	0	0	0	0.917	0	0	0	0	0	0	0	0	0	0	0	0	0	0	0	0	0	0	0	0	0	0	0	0	0	0	0	0.125	0	0.111	0	0.059	0.756
5.899	0	0	0	0.891	5.899	0	0	0	0.891	5.899	0	0	0	0	0.733	0	0	0	0	0.533	0	0	0	0	0.667	0	0	0	0	1	0	0	0.2	0	0	0	0	0	0	0	0.654
0	0	0	1.016	0	0	0	0	1.016	0	0	0	0	1.016	0	0	0	0	0	0	0	0	0	0	0	0	0	0	0	0	0	0	0	0	0	0	0	0	0	0	0.294	0.625
0	0	1.084	0	0	0	0	1.084	0	0	0	0	1.084	0	0	0	0	0	0	0	0	0	0	0	0	0	0	0	0	0	0	0	0.333	0.444	0	0	0.2	0.333	0	0	0.715	0.362
0	0	0	0	4.603	0	0	0	0	6.885	0	0	0	0	3.198	0	0	0	0	0.381	0	0	0	0	0.381	0	0	0	0	0	0	0.2	0.8	0	0.5	0	0	0.4	0	0.5	0	0.866
6.963	0.922	12.837	14.143	12.52	11.405	1.834	17.051	20.148	16.652	7.418	1.834	11.186	11.27	6.044	0.764	1	0.529	0.537	0.625	0.745	1	0.522	0.537	0.618	0.429	1	0.309	0.327	0.533	0	0	0.25	0	0	0	0	0	0	0	0.414	0.543
0	0	1.996	0	0	0	0	1.996	0	0	0	0	1.996	0	0	0	0	1	0	0	0	0	1	0	0	0	0	1	0	0	0	0.125	0.5	0.2	0	0	0	0	0.4	0	0.298	0.301
6.741	12.52	3.253	12.837	0	10.823	16.652	7.301	17.051	0	5.068	6.044	5.613	11.186	0	0.709	0.625	0.857	0.529	0	0.709	0.618	0.905	0.522	0	0.5	0.533	0.7	0.309	0	0	0	0	0.25	0	0	0	0	0	0	0.296	0.504
15.129	0	26.933	12.486	6.628	17.223	2.003	29.011	17.714	8.6	5.237	2.003	9.765	10.192	5.809	0.542	1	0.379	0.562	0.722	0.542	1	0.379	0.562	0.722	0.6	1	0.389	0.4	0.667	0	0	0	0	0	0	0	0	0	0	0.418	0.228
8.004	0	3.712	0	1.961	6.719	0	4.777	0	3.007	5.21	0	2.93	0	3.007	0.821	0	0.9	0	1	0.857	0	0.9	0	1	0.6	0	1	0	1	0	0	0	1	0.4	0	0	0	0	0	0	0.720
0	12.486	15.129	0	26.933	2.003	17.714	17.223	0	29.011	2.003	10.192	5.237	0	9.765	1	0.562	0.542	0	0.379	1	0.562	0.542	0	0.379	1	0.4	0.6	0	0.389	0	0	0	0	0	0	0	0	0.333	0	0.718	0.360
0	0	11.28	4.709	0	0	0	13.426	5.792	0	0	0	6.802	1.082	0	0	0	0.648	0.933	0	0	0	0.648	0.933	0	0	0	0.429	0	0	0.2	0.8	0	0	0.6	0	0.4	0	0	0.4	0	0.706
0	0	9.771	12.758	3.749	0	0	15.011	19.436	5.771	0	0	6.242	6.517	4.832	0	0	0.695	0.602	0.733	0	0	0.695	0.602	0.733	0	0	0.533	0.467	0.4	0.6	0.625	0	0	0	1	0.375	0	0	0	0	0.839
0	0	1.083	0	0	0	0	1.083	0	0	0	0	1.083	0	0	0	0	0	0	0	0	0	0	0	0	0	0	0	0	0	0.6	0	0	1	0	0.6	0	0	0	0	0.198	0.754
1.926	0	3.74	3.253	2.717	3.977	0	9.717	7.301	6.789	4.121	0	7.859	5.613	5.019	0.8	0	0.689	0.857	0.524	0.667	0	0.689	0.905	0.476	0.833	0	0.393	0.7	0.5	0.667	0	0	0	0.2	0.667	0	0	0	0	0.117	0.683
2.935	11.605	1.912	35.532	0	4.93	12.573	2.965	39.782	0	3.081	4.937	2.072	16.051	0	1	0.744	1	0.274	0	1	0.744	1	0.274	0	1	0.6	1	0.219	0	0	0	0	0	0	0	0	0	1	0	0.56	0.525
0	5.91	0	0	0	0	5.91	0	0	0	0	1.084	0	0	0	0	0.333	0	0	0	0	0.333	0	0	0	0	0	0	0	0	0.6	0	0.6	1	0.6	0.2	0	0.8	1	1	0	0.751
9.513	4.603	0	0	0	11.843	6.885	0	0	0	3.457	3.198	0	0	0	0.424	0.381	0	0	0	0.424	0.381	0	0	0	0	0	0	0	0	0.111	0.5	0.4	0.8	0.333	0	0.5	0	0.4	0.333	0.298	0.267
0	17.867	42.275	2.717	19.865	1.864	23.521	49.155	6.789	24.988	1.864	11.999	12.041	5.019	8.17	1	0.348	0.178	0.524	0.283	1	0.332	0.176	0.476	0.283	1	0.364	0.309	0.5	0.393	0	0.4	0.222	0.2	0	0	1	0	0	0	0.556	0.612
5.797	0.946	11.804	1.03	22.264	14.694	9.581	20.843	9.898	30.427	0	0	0	0	0	0.473	0.417	0.463	0.389	0.363	0.473	0.417	0.463	0.389	0.363	0	0	0	0	0	0	0	0	0	0	0	0	0	0	0	0	0.246
0	0	0	0	0	0	0	0	0	0	0	0	0	0	0	0	0	0	0	0	0	0	0	0	0	0	0	0	0	0	0.333	0.333	1	0	0	0	0	1	0	0	0	0.836
0.942	0.946	0.949	0	0	5.271	5.026	6.263	0	6.516	0	0	0	0	0	0.6	0.6	0.6	0	0.533	0.6	0.6	0.6	0	0.533	0	0	0	0	0	0	0	0	0	0	0	0	0	0	0	0	0.294
0	0.949	1.861	0.942	1.03	6.516	6.263	9.49	5.271	9.898	0	0	0	0	0	0.533	0.6	0.472	0.6	0.389	0.533	0.6	0.472	0.6	0.389	0	0	0	0	0	0	0	0	0	0	0	0	0	0	0	0	0.219
0	0	6.562	3.749	12.638	0	0	8.565	5.771	14.835	0	0	3.921	4.832	8.303	0	0	0.889	0.733	0.762	0	0	0.889	0.733	0.762	0	0	0.5	0.4	0.393	0.6	0.4	0	0	0	1	0.2	0	0	0	0.2	0.853
0	0	0	0	5.91	0	0	0	0	5.91	0	0	0	0	1.084	0	0	0	0	0.333	0	0	0	0	0.333	0	0	0	0	0	0.4	0.4	1	0	0	1	0.4	1	0	0	0.298	0.763
4.623	0	5.79	0	0	6.605	0	7.087	1.096	0	2.961	0	3.434	1.096	0	0.048	0	0.381	0	0	0.048	0	0.381	0	0	0.333	0	0.333	0	0	0	0.333	0	0.667	0.778	0	0	0	0.333	1	0.72	0.426
0	0	5.211	0	0	0	0.922	6.133	0	0	0	0.922	5.108	0	0	0	0	0.2	0	0	0	0	0.2	0	0	0	0	0.2	0	0	0.2	0	0	1	0.2	0.2	0	0	0	0	0	0.416
0	0	0.913	0	0	0	0	0.913	0	0	0	0	0.913	0	0	0	0	0	0	0	0	0	0	0	0	0	0	0	0	0	0	0	0	0	0.857	0	0	0	0.2	1	0.557	0.228
0	0	0	0	0	0	0	0	0	0	0	0	0	0	0	0	0	0	0	0	0	0	0	0	0	0	0	0	0	0	0	0	0	0	0	0	0	0	0	0	0	0.439
0	0	0	0	0	0	0	0	0	0	0	0	0	0	0	0	0	0	0	0	0	0	0	0	0	0	0	0	0	0	0.8	0.571	0	0	0.2	1	0.714	0	0	0	0	0.900
0	0	0	0	1.083	0	0	0	0	1.083	0	0	0	0	1.083	0	0	0	0	0	0	0	0	0	0	0	0	0	0	0	0	1	0.6	0.857	0	0	0	0.6	1	0	0.415	0.312
4.783	0	0.917	0	0	6.08	0	0.917	0	0	3.205	0	0	0	0	0.4	0	0	0	0	0.4	0	0	0	0	0.667	0	0	0	0	0	0.2	0	0.2	0	0.667	1	0.111	1	0.125	0.419	0.182
0	8.127	0	0	0	0	7.045	0	0	0.958	0	8.397	0	0	0.958	0	0.378	0	0	0	0	0.333	0	0	0	0	0.464	0	0	0	0.2	0.714	0.778	0.333	0	0.2	0.286	0.556	0	0	0	0.704
0	0	2.024	0	0	0	0	2.024	0	0	0	0	1.127	0	0	0	0	1	0	0	0	0	1	0	0	0	0	0	0	0	0	0.667	0	0.375	0.2	0	0.333	0	0.25	0.4	0	0.574
1.823	49.26	0	0	0	2.716	53.882	0	0	0	1.813	18.856	0	0	0	1	0.198	0	0	0	1	0.196	0	0	0	1	0.221	0	0	0	0	0	0	0.2	0	0	0	0	0	0.333	0.556	0.317
0	4.572	0	0	0	0	4.572	0	0	0	0	0.903	0	0	0	0	0.9	0	0	0	0	0.9	0	0	0	0	0	0	0	0	0.4	0	0.714	0	0.2	0	0	0	0	0	0	0.659
1.016	0	0	0	0	1.016	0	0	0	0	1.016	0	0	0	0	0	0	0	0	0	0	0	0	0	0	0	0	0	0	0	0	0	0	0	0	0	0	0	0	0	0.298	0.594
5.79	4.623	0	0	0	7.087	6.605	0	0	0	3.434	2.961	0	0	0	0.381	0.048	0	0	0	0.381	0.048	0	0	0	0.333	0.333	0	0	0	0	0	0.778	0.333	0	0	0	1	0	0	0.56	0.230
0	-1	0	-1	0	0	-1	0	-1	0	0	-1	0	-1	0	0	-1	0	-1	0	0	-1	0	-1	0	0	-1	0	-1	0	0	-1	0	-1	0	0	-1	0	-1	0	0.899	0.996
9.771	0	3.749	0	0	15.011	0	5.771	0	0	6.242	0	4.832	0	0	0.695	0	0.733	0	0	0.695	0	0.733	0	0	0.533	0	0.4	0	0	0	0.6	0	0.625	0.4	0	1	0	0.375	0.2	0.554	0.280
1.047	0	0	0	2.654	2.073	0	0	0	3.537	2.073	0	0	0	0	1	0	0	0	0.5	1	0	0	0	0.5	1	0	0	0	0	0	0	0	0	0	0	0	0	0	0	0.718	0.165
3.253	6.741	0	12.52	1.926	7.301	10.823	0	16.652	3.977	5.613	5.068	0	6.044	4.121	0.857	0.709	0	0.625	0.8	0.905	0.709	0	0.618	0.667	0.7	0.5	0	0.533	0.833	0	0	0	0	0.667	0	0	0	0	0.667	0	0.672
0	0	0	0	0	0	0	0	0	0	0	0	0	0	0	0	0	0	0	0	0	0	0	0	0	0	0	0	0	0	0	0.25	0.222	0	0.333	0	0	0	0	0	0.556	0.374
6.628	26.933	0	15.129	0	8.6	29.011	0	17.223	0	5.809	9.765	0	5.237	0	0.722	0.379	0	0.542	0	0.722	0.379	0	0.542	0	0.667	0.389	0	0.6	0	0	0	0.375	0	0.6	0	0	0.125	0	0.6	0.118	0.183
0	1.983	0	0	0	0	2.868	0	0	1.096	0	2.868	0	0	1.096	0	0.667	0	0	0	0	0.667	0	0	0	0	0.667	0	0	0	0	0.2	0	0.4	0.667	0	0	0	0	0.333	0.556	0.233
11.229	24.705	12.758	10.731	0	17.825	31.783	19.436	17.739	0	5.404	5.344	6.517	4.343	0	0.601	0.32	0.602	0.493	0	0.601	0.32	0.602	0.493	0	0.6	0.4	0.467	0.667	0	0	0	0	0	0.625	0	0	0	0	0.375	0.713	0.390
0	0	0	11.28	0	0	0	0	13.426	0	0	0	0	6.802	0	0	0	0	0.648	0	0	0	0	0.648	0	0	0	0	0.429	0	0.2	0.6	0.714	0	0	0	0.4	0.571	0	0	0.018	0.611
3.712	8.004	1.961	0	5.034	4.777	6.719	3.007	0	5.034	2.93	5.21	3.007	0	4.016	0.9	0.821	1	0	0.9	0.9	0.857	1	0	0.9	1	0.6	1	0	0.833	0	0	0.4	0	0	0	0	0	0	0	0.417	0.240
1.928	0	0	2.761	0	3.078	0	0	2.761	0	1.15	0	0	0	0	1	0	0	1	0	1	0	0	1	0	0	0	0	0	0	0	0	0	0	0	0	0	0	0	0	0.898	0.244
0	0	1.983	0	0	0	0	2.868	0	0	0	0	2.868	0	0	0	0	0.667	0	0	0	0	0.667	0	0	0	0	0.667	0	0	0.4	0	0.2	0	0	0	0.4	0	0	0	0	0.718
2.802	0	0	3.89	0	3.686	0	0	1.906	0.922	0	0	0	3.89	0.922	0.5	0	0	1	0	0.5	0	0	1	0	0	0	0	1	0	0	0.667	1	0.333	0	0	0.333	0	0.667	0	0.298	0.329
0	0	0	0	0	0	0	0	0	0	0	0	0	0	0	0	0	0	0	0	0	0	0	0	0	0	0	0	0	0	0.667	0.6	1	0.375	0	1	0.6	0	0.125	0	0	0.915
3.74	1.926	2.717	0	17.867	9.717	3.977	6.789	0	23.521	7.859	4.121	5.019	0	11.999	0.689	0.8	0.524	0	0.348	0.689	0.667	0.476	0	0.332	0.393	0.833	0.5	0	0.364	0	0.667	0.2	0	0.4	0	0.667	0	0	1	0.298	0.268
3.755	0	0	1.04	0	3.755	0	0	1.04	0	0	0	0	1.04	0	0.667	0	0	0	0	0.667	0	0	0	0	0	0	0	0	0	0	0	0.333	0	0	0	0	1	0	0	0.299	0.337
0	1.04	0	0	0	0	1.999	0	0	0	0	1.999	0	0	0	0	0	0	0	0	0	0	0	0	0	0	0	0	0	0	0	0	0.25	0.333	0.4	0.667	0	0	0	0.2	0.419	0.507
0	0	0	0	0	0	0	0	0	0	0	0	0	0	0	0	0	0	0	0	0	0	0	0	0	0	0	0	0	0	0	0	0	0	0	0	0	0	0.125	0	0.556	0.547
4.709	19.865	0	42.275	0	5.792	24.988	0	49.155	0	1.082	8.17	0	12.041	0	0.933	0.283	0	0.178	0	0.933	0.283	0	0.176	0	0	0.393	0	0.309	0	0	0	0.8	0.222	0.2	0	0	0.4	0	0	0.718	0.251
12.837	6.963	12.52	0.922	6.741	17.051	11.405	16.652	1.834	10.823	11.186	7.418	6.044	1.834	5.068	0.529	0.764	0.625	1	0.709	0.522	0.745	0.618	1	0.709	0.309	0.429	0.533	1	0.5	0.25	0	0	0	0	0	0	0	0	0	0	0.422
0	0	1.04	0	0	0	0	1.04	0	0	0	0	1.04	0	0	0	0	0	0	0	0	0	0	0	0	0	0	0	0	0	0.4	0.333	0	0.5	0	0.2	0.667	0	0	0	0	0.895
0	5.211	0	0	5.899	0	6.133	0	0	5.899	0	5.108	0	0	5.899	0	0.2	0	0	0.733	0	0.2	0	0	0.533	0	0.2	0	0	0.667	0.2	0	0	0.2	1	0	0	0	0.2	0	0	0.577
0	0.891	0	0	0	0	0.891	0	0	0	0	0	0	0	0	0	0	0	0	0	0	0	0	0	0	0	0	0	0	0	0	0	0	0	0	0.2	0	0	0	0	0.419	0.571
0	0	0	1.084	0	0	0	0	1.084	0	0	0	0	1.084	0	0	0	0	0	0	0	0	0	0	0	0	0	0	0	0	0	0	0	0.333	0	0.2	0	0	0.333	0	0.12	0.642
0	0	1.04	0	0	0	0	1.999	0	0	0	0	1.999	0	0	0	0	0	0	0	0	0	0	0	0	0	0	0	0	0	0.333	0.222	0	0	0	0	0	0	0	0.667	0	0.582
0.946	1.03	5.797	1.861	11.804	9.581	9.898	14.694	9.49	20.843	0	0	0	0	0	0.417	0.389	0.473	0.472	0.463	0.417	0.389	0.473	0.472	0.463	0	0	0	0	0	0	0	0	0	0	0	0	0	0	0	0	0.162
0	0	0	0	0	0	0	0	0	0	0	0	0	0	0	0	0	0	0	0	0	0	0	0	0	0	0	0	0	0	0	0	0	0	0	0	0	0	0	0	0.419	0.977
1.001	2.801	4.828	0	0	1.001	5.731	6.796	2.698	0	1.001	2.93	2.931	2.698	0	0	0.667	0.619	0	0	0	0.667	0.619	0	0	0	0	0.333	0	0	0	0	0.222	0	0	0	0	0	0	0	0.298	0.566
0	0	3.766	1.928	0	0	0	3.766	3.078	0	0	0	0	1.15	0	0	0	0.833	1	0	0	0	0.833	1	0	0	0	0	0	0	0	0	0	0	0.6	0	0	0	0	0	0.556	0.347
1.996	0	0	0	0	1.996	0	0	0	0	1.996	0	0	0	0	1	0	0	0	0	1	0	0	0	0	1	0	0	0	0	0.5	0	0	0.125	0	0	0	0	0	0	0	0.443
0	0	0	0	0	0	0	0	0	0	0	0	0	0	0	0	0	0	0	0	0	0	0	0	0	0	0	0	0	0	0	0.2	0	0	0.25	0	0	0	0	0	0.556	0.342
2.024	0	0	0	0	2.024	0	0	0	0	1.127	0	0	0	0	1	0	0	0	0	1	0	0	0	0	0	0	0	0	0	0	0	0.2	0.667	0.125	0	0	0.4	0.333	0	0.299	0.304
4.111	0	0	0	0	3.132	0.958	0	0	0	5.274	0.958	0	0	0	0.9	0	0	0	0	1	0	0	0	0	0.9	0	0	0	0	0	0	0.8	0.778	0.375	0	0	1	0.556	0.25	0.294	0.624
0	4.709	0	19.865	11.28	0	5.792	0	24.988	13.426	0	1.082	0	8.17	6.802	0	0.933	0	0.283	0.648	0	0.933	0	0.283	0.648	0	0	0	0.393	0.429	0.8	0	0.2	0	0	0.4	0	0	0	0	0.298	0.854
0	0	0	0	0	0	0	0	0	0	0	0	0	0	0	0	0	0	0	0	0	0	0	0	0	0	0	0	0	0	0.25	0.889	0.25	0.2	0	0	1	0	0.4	0	0	0.886
12.758	11.229	0	24.705	0	19.436	17.825	0	31.783	0	6.517	5.404	0	5.344	0	0.602	0.601	0	0.32	0	0.602	0.601	0	0.32	0	0.467	0.6	0	0.4	0	0	0	0.625	0	0.6	0	0	0.375	0	1	0.9	0.162
0	0	0	0	0	0	0	0	0	0	0	0	0	0	0	0	0	0	0	0	0	0	0	0	0	0	0	0	0	0	0	0	0	0	0.4	0	0	0	0	0.4	0.896	0.282
0	3.89	2.802	6.469	0	0	1.906	3.686	6.469	0	0	3.89	0	1.821	0	0	1	0.5	0.571	0	0	1	0.5	0.571	0	0	1	0	1	0	0.667	0.333	0	0	1	0.333	0.667	0	0	0	0	0.785
0	0	0.946	0	0.942	0	0	5.026	0	5.271	0	0	0	0	0	0	0	0.6	0	0.6	0	0	0.6	0	0.6	0	0	0	0	0	0	0	0	0	0	0	0	0	0	0	0	0.365
4.603	0	9.513	0	0	6.885	0	11.843	0	0	3.198	0	3.457	0	0	0.381	0	0.424	0	0	0.381	0	0.424	0	0	0	0	0	0	0	0.5	0.8	0.111	0	0.4	0.5	0.4	0	0	0	0	0.520
0	9.513	0	4.603	0	0	11.843	0	6.885	2.698	0	3.457	0	3.198	2.698	0	0.424	0	0.381	0	0	0.424	0	0.381	0	0	0	0	0	0	0.4	0.111	0.333	0.5	0	0	0	0.333	0.5	0	0	0.673
42.275	0	19.865	17.867	4.709	49.155	1.864	24.988	23.521	5.792	12.041	1.864	8.17	11.999	1.082	0.178	1	0.283	0.348	0.933	0.176	1	0.283	0.332	0.933	0.309	1	0.393	0.364	0	0.222	0	0	0.4	0	0	0	0	1	0	0.717	0.328
0	0	3.89	4.828	0	0	0	4.841	6.796	0	0	0	2.847	2.931	0	0	0	0.7	0.619	0	0	0	0.7	0.619	0	0	0	0.333	0.333	0	1	0	0.667	0.222	0	0	0	0	0	0	0	0.870
0.949	0.942	0	0.946	1.861	6.263	5.271	6.516	5.026	9.49	0	0	0	0	0	0.6	0.6	0.533	0.6	0.472	0.6	0.6	0.533	0.6	0.472	0	0	0	0	0	0	0	0	0	0	0	0	0	0	0	0	0.287
1.04	0	0	0	3.755	1.04	0	0	0	3.755	1.04	0	0	0	0	0	0	0	0	0.667	0	0	0	0	0.667	0	0	0	0	0	0	0.4	0	0.333	0	0	0.2	0	0.667	0	0.2	0.242
0	0	0	4.573	0	0	0	0	5.533	0	0	0	0	0.96	0	0	0	0	0.4	0	0	0	0	0.4	0	0	0	0	0	0	1	0.2	0.444	0	0	1	0	0	0	0.2	0	0.980
0	0	0	0	0	0	0	0	0	0	0	0	0	0	0	0	0	0	0	0	0	0	0	0	0	0	0	0	0	0	0	0	0.5	0.6	0.333	0.333	0	0	1	0.667	0	0.558
0	0	0	0	0	0	0	0	0	0	0	0	0	0	0	0	0	0	0	0	0	0	0	0	0	0	0	0	0	0	0.25	0	0	0	0.222	0	0	0	0	0	0	0.697
0	0	0	0	0	0	0	0	0	0	0	0	0	0	0	0	0	0	0	0	0	0	0	0	0	0	0	0	0	0	0.25	0.25	0	0.889	0.4	0	0	0	1	0.2	0	0.363
0	6.628	0	26.933	0	0	8.6	0	29.011	0	0	5.809	0	9.765	0	0	0.722	0	0.379	0	0	0.722	0	0.379	0	0	0.667	0	0.389	0	0.375	0	0.6	0	0.667	0.125	0	0.6	0	1	0.3	0.514
0	0	0	1.04	4.573	0	0	0	1.999	5.533	0	0	0	1.999	0.96	0	0	0	0	0.4	0	0	0	0	0.4	0	0	0	0	0	0.25	0	0.4	0	0	0	0.667	0.2	0	0	0	0.788
0	0	0	-1	0	0	0	0	-1	0	0	0	0	-1	0	0	0	0	-1	0	0	0	0	-1	0	0	0	0	-1	0	0	0	0	-1	0	0	0	0	-1	0	0.42	0.991
0	0	0	0	9.578	0	0	0	0	10.728	0	0	0	0	4.094	0	0	0	0	0.436	0	0	0	0	0.436	0	0	0	0	0.167	1	0.333	0	0.333	0	1	0	0	0	0	0.298	0.878
8.127	0	0	0	0	7.045	0	0	0	0	8.397	0	0	0	0	0.378	0	0	0	0	0.333	0	0	0	0	0.464	0	0	0	0	0.714	0.333	0.2	0.4	0.778	0.286	0	0.2	0	0.556	0.299	0.645
0	0	1.016	0	0	0	0	1.016	0	0	0	0	1.016	0	0	0	0	0	0	0	0	0	0	0	0	0	0	0	0	0	0	0	0	0	0	0	0	0	0.2	0	0.894	0.582
0	0	0	0	0	0	0	0	0	0	0	0	0	0	0	0	0	0	0	0	0	0	0	0	0	0	0	0	0	0	0.2	0.714	0.5	0.4	0.25	0	0	1	0	0	0	0.572
4.572	0	0	0	0	4.572	0	0	0	0	0.903	0	0	0	0	0.9	0	0	0	0	0.9	0	0	0	0	0	0	0	0	0	0	0	0.4	0.6	0.714	0	0	0	0	0	0.299	0.218
3.749	9.771	0	0	0	5.771	15.011	0	0	0	4.832	6.242	0	0	0	0.733	0.695	0	0	0	0.733	0.695	0	0	0	0.4	0.533	0	0	0	0	0	0.4	0.6	0.6	0	0	0.2	1	1	0.415	0.348
2.654	0	7.376	1.047	6.469	3.537	0	8.402	2.073	6.469	0	0	2.925	2.073	1.821	0.5	0	0.389	1	0.571	0.5	0	0.389	1	0.571	0	0	0.667	1	1	0	0	0	0	0	0	0	0	0	0	0.714	0.212
0	0	0	0	0	0	0	0	0	0	0	0	0	0	0	0	0	0	0	0	0	0	0	0	0	0	0	0	0	0	0	0.6	0	0.6	0.5	0	1	0.333	0.8	0	0	0.567
0.913	0	0	0	0	0.913	0	0	0	0	0.913	0	0	0	0	0	0	0	0	0	0	0	0	0	0	0	0	0	0	0	0	0	0.857	0	1	0	0	1	0	0	0.119	0.562
0	0	0	0	8.004	0	0	0	0	6.719	0	0	0	0	5.21	0	0	0	0	0.821	0	0	0	0	0.857	0	0	0	0	0.6	1	0.667	0	0.6	0	0	1	0	0.6	0	0	0.908
0	0	0	0	0	0	0	0	0	0	0	0	0	0	0	0	0	0	0	0	0	0	0	0	0	0	0	0	0	0	0.2	0	0	0.333	0	0	0	0	1	0	0	0.546
0	9.578	2.761	0	0	0	10.728	2.761	0	0	0	4.094	0	0	0	0	0.436	1	0	0	0	0.436	1	0	0	0	0.167	0	0	0	0	0	0	0	0	0	0	0	0	0	0	0.864
5.211	0	0	0	0	6.133	0	0	0.922	0	5.108	0	0	0.922	0	0.2	0	0	0	0	0.2	0	0	0	0	0.2	0	0	0	0	0	0.2	0.2	0	0	0	0.2	0	0	0	0.298	0.348
0	0	0	2.802	5.211	0.922	0	0	3.686	6.133	0.922	0	0	0	5.108	0	0	0	0.5	0.2	0	0	0	0.5	0.2	0	0	0	0	0.2	0	1	0.2	0	0	0	0	0.2	0	0	0.299	0.221
0	4.573	0	0	0	0	5.533	0	0	0	0	0.96	0	0	0	0	0.4	0	0	0	0	0.4	0	0	0	0	0	0	0	0	0.2	0	1	0.4	0.444	0	0	1	0.2	0	0.198	0.551
0	0	4.623	0	5.79	0	1.096	6.605	0	7.087	0	1.096	2.961	0	3.434	0	0	0.048	0	0.381	0	0	0.048	0	0.381	0	0	0.333	0	0.333	0.333	0.667	0	0	0	0	0.333	0	0	0	0.893	0.814
0	4.828	0	1.001	3.89	0	6.796	0	1.001	4.841	0	2.931	0	1.001	2.847	0	0.619	0	0	0.7	0	0.619	0	0	0.7	0	0.333	0	0	0.333	0	0.222	1	0	0.667	0	0	0	0	0	0	0.843
0	1.823	0	49.26	12.486	0	2.716	0	53.882	17.714	0	1.813	0	18.856	10.192	0	1	0	0.198	0.562	0	1	0	0.196	0.562	0	1	0	0.221	0.4	0	0	0	0	0	0	0	0.333	0	0	0	0.511
0	5.899	0.891	0	0	0	5.899	0.891	0	0	0	5.899	0	0	0	0	0.733	0	0	0	0	0.533	0	0	0	0	0.667	0	0	0	0	1	0	0	0	0	0	0	0	0.2	0.717	0.492
