0	0	0	0	0	0	0	0	0	0	0	0	0	0	0	0	0	0	0	0	0	0	0	0	0	0	0	0	0	0	1	0.4	0.2	0.25	1	1	0.4	0.6	0.25	1	0	0.994
17.315	0	0	4.914	0	14.112	0	0	3.93	0	11.227	0	0	1.893	0	0.588	0	0	1	0	0.718	0	0	1	0	0.533	0	0	1	0	0.2	0.5	0.857	0.8	0	0	1	1	0.6	0	0	0.511
0	0	0	0	4.914	0	0	0	0	3.93	0	0	0	0	1.893	0	0	0	0	1	0	0	0	0	1	0	0	0	0	1	0	0.2	0.333	0.25	0.8	0	0	0.667	0	0.6	0	0.725
0	0	0	0	0	0	0	0	0	0	0	0	0	0	0	0	0	0	0	0	0	0	0	0	0	0	0	0	0	0	0	0	0	0	0	0	0	0	0	0	0.717	0.866
1.948	0	0	0	0.863	1.948	0	0	0	0.863	1.948	0	0	0	0.863	0	0	0	0	0	0	0	0	0	0	0	0	0	0	0	0	0.333	0.333	0	0.2	0	0.333	0.333	0.4	0.8	0.298	0.328
3.617	0.843	0	0	0	4.697	0.843	0	0	0	2.946	0.843	0	0	0	1	0	0	0	0	1	0	0	0	0	0.667	0	0	0	0	0.25	0	0	0	0	0	0	0	0	0	0	0.172
0	0	0	0	1.948	0	0	0	0	1.948	0	0	0	0	1.948	0	0	0	0	0	0	0	0	0	0	0	0	0	0	0	0	0	0.333	0	0	0.4	0.2	0.333	0	0	0	0.633
0	0	0	0	0	0	0	0	0	0	0	0	0	0	0	0	0	0	0	0	0	0	0	0	0	0	0	0	0	0	0	0	0	0	0	0	0	0	0	0	0.893	0.911
0	0	0	0	0	0	0	0	0	0	0	0	0	0	0	0	0	0	0	0	0	0	0	0	0	0	0	0	0	0	0	0	0	0	0	0	0	0	0	0	0.713	0.664
0	0	0	0	0	0	0	0	0	0	0	0	0	0	0	0	0	0	0	0	0	0	0	0	0	0	0	0	0	0	0	0	0	1	0.25	0	0.2	0	1	0.25	0	0.659
0	0.897	0	1.882	1.82	3.027	2.906	1.075	3.659	4.729	3.027	3.85	1.075	5.57	3.754	0.667	0.5	0	0.2	0.2	0.667	0.333	0	0.333	0.2	0.667	0.5	0	0.2	0.167	0	0	0	0	0	0	0	0	0	0	0.717	0.188
0	0	0	0	0	0	0	0	0	0	0	0	0	0	0	0	0	0	0	0	0	0	0	0	0	0	0	0	0	0	0	0	0	0	0	0	0	0	0	0.2	0.717	0.628
13.142	1.763	14.293	0	2.634	17.21	5.943	18.761	0	7.582	4.959	5.035	8.229	0	4.092	0.392	0.333	0.409	0	0.5	0.386	0.267	0.404	0	0.464	0	0.2	0.107	0	0	0	0	0	0	0	0	0	0	0	0	0.893	0.341
0	0	0	9.069	0	0	0	0	8.233	0	0	0	0	8.5	0	0	0	0	0.709	0	0	0	0	0.786	0	0	0	0	0.5	0	0	0.333	0.25	0.8	0.2	0	0.667	0	1	0.2	0	0.760
1.046	0	0	0	0	1.046	0	0	0	0	1.046	0	0	0	0	0	0	0	0	0	0	0	0	0	0	0	0	0	0	0	0	0	0.2	0.2	0	0	0	0	0.6	0.2	0.299	0.230
0	0	8.655	0.863	16.205	0	0	8.655	0.863	16.205	0	0	2.134	0.863	3.046	0	0	0.857	0	0.533	0	0	0.821	0	0.524	0	0	1	0	0.333	0	1	0	0.2	0.444	0	0.889	0	0.8	0.111	0.299	0.232
0	0	1.82	0.897	0	1.075	3.027	4.729	2.906	0	1.075	3.027	3.754	3.85	0	0	0.667	0.2	0.5	0	0	0.667	0.2	0.333	0	0	0.667	0.167	0.5	0	0	0	0	0	0	0	0	0	0	0	0.718	0.207
0	0	0	0	0	0	0	0	0	0	0	0	0	0	0	0	0	0	0	0	0	0	0	0	0	0	0	0	0	0	0	0	0	0	0	0	0	0	0	0	0.557	0.543
0	0	0	0	0	0	0	0	0	0	0	0	0	0	0	0	0	0	0	0	0	0	0	0	0	0	0	0	0	0	0	0.25	0	0	0	0	0	0	0	0.667	0	0.639
0	0	0	0	0	0	1.094	1.094	0	0	0	1.094	1.094	0	0	0	0	0	0	0	0	0	0	0	0	0	0	0	0	0	0	0	0	0	0.2	0	0	0	0	0.6	0.556	0.130
0	0	0	0	0	0	0	0	0	0	0	0	0	0	0	0	0	0	0	0	0	0	0	0	0	0	0	0	0	0	0	0	0	0	0	0	0	0	0	0	0.717	0.998
1.095	0	0	0	0	1.095	0	0	0	0	1.095	0	0	0	0	0	0	0	0	0	0	0	0	0	0	0	0	0	0	0	0	0.2	0	0	0	0	0.2	0	0.2	0	0.294	0.511
0	0	1.095	0	0	0	0	1.095	0	0	0	0	1.095	0	0	0	0	0	0	0	0	0	0	0	0	0	0	0	0	0	0.2	0	0.444	0	0.6	0	0	0	0	0	0.42	0.201
0	0	-1	0	-1	0	0	-1	0	-1	0	0	-1	0	-1	0	0	-1	0	-1	0	0	-1	0	-1	0	0	-1	0	-1	0	0	-1	0	-1	0	0	-1	0	-1	0.9	1.000
0	0	0	0	0	0	0	0	0	0	0	0	0	0	0	0	0	0	0	0	0	0	0	0	0	0	0	0	0	0	0	0	0	0	0	0	0	0	0	0	0.557	0.445
0	0	0	16.508	0	0.928	0	0	18.383	0	0.928	0	0	4.097	0	0	0	0	0.418	0	0	0	0	0.412	0	0	0	0	0.167	0	0	0	0	0.4	0.25	0	0	0	0	0	0.418	0.155
0	0	0	17.315	0	0	0	0	14.112	0	0	0	0	11.227	0	0	0	0	0.588	0	0	0	0	0.718	0	0	0	0	0.533	0	0	0.857	1	0.2	0.4	0	1	1	0	0	0	0.991
0	0	0	0	0	0	0	0	0	0	0	0	0	0	0	0	0	0	0	0	0	0	0	0	0	0	0	0	0	0	0.25	0	0.2	0.333	0.2	0	0	0.2	0.667	0	0	0.707
0	0	0	0	0	0	0	0	0	0	0	0	0	0	0	0	0	0	0	0	0	0	0	0	0	0	0	0	0	0	0	0	0	0	0	0	0	0	0.2	0	0.419	0.771
17.819	0.995	16.508	0	0	17.819	1.942	18.383	0	0	2.143	0.947	4.097	0	0	0.517	1	0.418	0	0	0.508	1	0.412	0	0	1	0	0.167	0	0	0	0	0.4	0	0	0	0	0	0	0	0.557	0.241
0	0	1.882	0.845	0.897	1.789	0.959	3.659	5.753	2.906	2.732	1.844	5.57	5.753	3.85	1	0	0.2	0.4	0.5	1	0	0.333	0.333	0.333	1	0	0.2	0.4	0.5	0.2	0	0	0	0	0.2	0	0	0	0	0	0.331
0.871	0	26.618	0	0.88	4.876	6.579	32.729	5.878	4.645	4.876	6.579	20.308	5.878	4.645	0.5	0.476	0.337	0.467	0.6	0.5	0.476	0.32	0.467	0.6	0.5	0.476	0.309	0.467	0.6	0.6	0	0.667	0	0	1	0	1	0	0	0	0.713
3.784	0	0	0	17.018	4.668	0	0	0	22.306	4.74	0	0	0	14.744	1	0	0	0	0.502	1	0	0	0	0.481	1	0	0	0	0.385	0	0	0	0	0.222	0	1	0	0.667	0.667	0	0.495
13.843	4.455	0	0	3.152	13.843	4.455	0	0	3.152	1.744	1.813	0	0	3.152	0.604	0.6	0	0	0.667	0.593	0.6	0	0	0.667	0	0	0	0	0.667	0	0.2	0.2	0.25	0	0	0.4	0	0.25	0	0.415	0.313
0	0	3.784	0	0	0	0	4.668	0	0	0	0	4.74	0	0	0	0	1	0	0	0	0	1	0	0	0	0	1	0	0	0	0	0	0	0	1	0.667	0	0	0	0	0.744
0	1.843	0	0.88	0	0	5.113	0	4.645	0	0	5.113	0	4.645	0	0	0.7	0	0.6	0	0	0.7	0	0.6	0	0	0.7	0	0.6	0	0	0	0	0	0	0	0	0.333	0	0	0.557	0.378
0	0	0.871	13.83	26.618	6.579	5.878	4.876	21.418	32.729	6.579	5.878	4.876	16.626	20.308	0.476	0.467	0.5	0.405	0.337	0.476	0.467	0.5	0.39	0.32	0.476	0.467	0.5	0.325	0.309	0	0	0.6	0.5	0.667	0	0	1	0	1	0.415	0.216
0	1.046	0	0	0	0	1.046	0	0	0	0	1.046	0	0	0	0	0	0	0	0	0	0	0	0	0	0	0	0	0	0	0.2	0	0	0	0	0	0	0.2	0	0	0	0.858
4.455	0	13.843	0	0	4.455	0	13.843	0	0	1.813	0	1.744	0	0	0.6	0	0.604	0	0	0.6	0	0.593	0	0	0	0	0	0	0	0.2	0.25	0	0	0.2	0.4	0.25	0	0	0	0.298	0.261
6.451	17.198	6.793	0	3.692	7.531	21.294	9.064	0	6.352	5.797	10.874	6.129	0	3.694	0.622	0.533	0.822	0	0.786	0.786	0.505	0.778	0	0.857	0.4	0.556	0.8	0	0.667	0	0.4	1	0.143	0.333	0.8	0.4	0.333	0.429	0.333	0	0.301
6.229	2.6	0	0.919	0	14.136	9.41	4.429	6.294	3.715	9.709	7.705	4.429	6.294	3.715	0.41	0.4	0.5	0.381	0.667	0.381	0.4	0.5	0.333	0.667	0.333	0.393	0.5	0.286	0.667	0	0	0	0	0	0	0	0	0	0.571	0.292	0.320
0	0	0	0	0	0	0	0	0	0	0	0	0	0	0	0	0	0	0	0	0	0	0	0	0	0	0	0	0	0	1	1	0	0.4	0	1	0.8	0.2	0	0	0	0.996
0	0	0	-1	0	0	0	0	-1	0	0	0	0	-1	0	0	0	0	-1	0	0	0	0	-1	0	0	0	0	-1	0	0	0	0	-1	0	0	0	0	-1	0	0.897	1.000
2.739	0.897	13.83	12.638	0	7.537	6.154	21.418	20.952	5.878	6.489	6.154	16.626	14.336	5.878	0.607	0.381	0.405	0.338	0.467	0.607	0.381	0.39	0.333	0.467	0.524	0.381	0.325	0.297	0.467	0	0	0.5	0	0	0	0	0	0	0	0	0.403
1.894	0	0	3.729	0	7.555	2.864	4.483	7.091	1.802	4.923	2.893	5.55	6.457	2.688	0.533	0.667	0.429	0.533	1	0.607	0.667	0.5	0.762	1	0.1	0	0.2	0.133	0.667	0	0	0	0.2	0	0	0	0	0.2	0	0	0.424
0	0	0	0	0	0	0	0	0	0	0	0	0	0	0	0	0	0	0	0	0	0	0	0	0	0	0	0	0	0	0	0	0	0	0	0	0	0	0	0	0.419	0.994
0	0	0	0	0	0	0	0	0	0	0	0	0	0	0	0	0	0	0	0	0	0	0	0	0	0	0	0	0	0	0	0	0	0	0	0	0	0	0	0	0.717	0.988
0	0	0	0	0	0	0	0	0	0	0	0	0	0	0	0	0	0	0	0	0	0	0	0	0	0	0	0	0	0	0	0	0	0	0	0	0.333	0	0	0	0.897	0.401
0	0	1.046	0	0	0	0	1.046	1.094	0	0	0	1.046	1.094	0	0	0	0	0	0	0	0	0	0	0	0	0	0	0	0	0	0.2	0	0	0.2	0	0.6	0	0	0	0.418	0.262
0.919	15.842	2.6	0	6.229	6.294	23.227	9.41	1.802	14.136	6.294	9.194	7.705	2.688	9.709	0.381	0.356	0.4	1	0.41	0.333	0.34	0.4	1	0.381	0.286	0.278	0.393	0.667	0.333	0	0	0	0	0	0	1	0	0	0	0.117	0.413
0	0	0	0	0	1.094	0	0	0	1.094	1.094	0	0	0	1.094	0	0	0	0	0	0	0	0	0	0	0	0	0	0	0	0	0	0	0	0	0	0	0	0	0	0.418	0.241
0	-1	0	-1	0	0	-1	0	-1	0	0	-1	0	-1	0	0	-1	0	-1	0	0	-1	0	-1	0	0	-1	0	-1	0	0	-1	0	-1	0	0	-1	0	-1	0	0.899	1.000
0	0	0	0	0	0	0	0	0	0	0	0	0	0	0	0	0	0	0	0	0	0	0	0	0	0	0	0	0	0	0.2	0.25	0	0	0.333	0	0	0	0	0.667	0.197	0.467
0	0.845	0	7.266	1.882	0.959	5.753	1.789	9.193	3.659	1.844	5.753	2.732	3.718	5.57	0	0.4	1	0.4	0.2	0	0.333	1	0.378	0.333	0	0.4	1	0.333	0.2	0	0	0.2	0.2	0	0	0	0.2	0.4	0	0.299	0.277
0	17.018	17.198	0	6.451	0	22.306	21.294	0	7.531	0	14.744	10.874	0	5.797	0	0.502	0.533	0	0.622	0	0.481	0.505	0	0.786	0	0.385	0.556	0	0.4	0.143	0.222	0.4	0	0	0.429	0.667	0.4	0	0.8	0.119	0.291
0	0	0	0	0	0	0	0	0	0	0	0	0	0	0	0	0	0	0	0	0	0	0	0	0	0	0	0	0	0	0	0	0	0	0	0	0	0	0	0	0.896	0.966
0.897	12.638	2.739	1.858	13.83	6.154	20.952	7.537	8.307	21.418	6.154	14.336	6.489	8.307	16.626	0.381	0.338	0.607	0.472	0.405	0.381	0.333	0.607	0.472	0.39	0.381	0.297	0.524	0.361	0.325	0	0	0	0.4	0.5	0	0	0	0.2	0	0.418	0.192
0	4.914	17.315	0	0	0	3.93	14.112	0	0	0	1.893	11.227	0	0	0	1	0.588	0	0	0	1	0.718	0	0	0	1	0.533	0	0	0.5	0.8	0.2	0.333	0.857	1	0.6	0	0.667	1	0	0.792
0	0	1.095	0	0	0	0	1.095	0	0	0	0	1.095	0	0	0	0	0	0	0	0	0	0	0	0	0	0	0	0	0	0.2	0	0	0	0	0.2	0.2	0	0	0	0	0.636
8.655	0	16.205	0	0	8.655	0	16.205	0	0	2.134	0	3.046	0	0	0.857	0	0.533	0	0	0.821	0	0.524	0	0	1	0	0.333	0	0	0	0	0.444	1	0	0	0	0.111	0.889	0	0.296	0.341
0	0	0	0	0	0	0	0	0	0	0	0	0	0	0	0	0	0	0	0	0	0	0	0	0	0	0	0	0	0	0	0	0	0	0	0	0	0	0	0	0	0.370
0	0	0	0	0	0	0	0	0	0	0	0	0	0	0	0	0	0	0	0	0	0	0	0	0	0	0	0	0	0	0	0	0	0.333	0	0	0	0	0	0.2	0.299	0.609
0	0	1.765	0	0	0	0	1.765	0	0	0	0	1.765	0	0	0	0	0	0	0	0	0	0	0	0	0	0	0	0	0	0	0	0	0.2	0.6	0	0.2	0	0	0.6	0.418	0.244
0.897	1.882	0	0	0	2.906	3.659	3.027	1.789	1.075	3.85	5.57	3.027	2.732	1.075	0.5	0.2	0.667	1	0	0.333	0.333	0.667	1	0	0.5	0.2	0.667	1	0	0	0	0	0.2	0	0	0	0	0.2	0	0.554	0.159
1.763	0	13.142	0	14.293	5.943	0	17.21	0	18.761	5.035	0	4.959	0	8.229	0.333	0	0.392	0	0.409	0.267	0	0.386	0	0.404	0.2	0	0	0	0.107	0	0	0	0	0	0	0	0	0	0	0.894	0.224
0.843	0	3.617	0	0	0.843	0	4.697	0	0	0.843	0	2.946	0	0	0	0	1	0	0	0	0	1	0	0	0	0	0.667	0	0	0	0	0.25	0	0	0	0	0	0	0	0	0.624
0	0	1.858	6.229	12.638	3.715	4.429	8.307	14.136	20.952	3.715	4.429	8.307	9.709	14.336	0.667	0.5	0.472	0.41	0.338	0.667	0.5	0.472	0.381	0.333	0.667	0.5	0.361	0.333	0.297	0	0	0.4	0	0	0.571	0	0.2	0	0	0.299	0.495
1.765	0	0	0	0	1.765	0	0	0	0	1.765	0	0	0	0	0	0	0	0	0	0	0	0	0	0	0	0	0	0	0	0	0	0.6	0	0	0	0	0.6	0.2	0	0.197	0.436
0	0	0	0	0	1.094	0	0	1.094	0	1.094	0	0	1.094	0	0	0	0	0	0	0	0	0	0	0	0	0	0	0	0	0	0	0.2	0	0	0	0	0.6	0	0	0	0.379
0	24.066	9.069	5.567	0	0	26.596	8.233	5.567	0	0	16.258	8.5	3.815	0	0	0.377	0.709	0.857	0	0	0.355	0.786	0.933	0	0	0.297	0.5	0.5	0	0	0.6	0.8	0.857	0.333	0	0.4	1	0.857	0.667	0.294	0.941
0	0	0	0	0	0	0	0	0	0	0	0	0	0	0	0	0	0	0	0	0	0	0	0	0	0	0	0	0	0	0.2	1	1	0.4	0.2	0.6	1	1	0.4	0.2	0	0.900
0	13.83	0	2.739	0.871	5.878	21.418	6.579	7.537	4.876	5.878	16.626	6.579	6.489	4.876	0.467	0.405	0.476	0.607	0.5	0.467	0.39	0.476	0.607	0.5	0.467	0.325	0.476	0.524	0.5	0	0.5	0	0	0.6	0	0	0	0	1	0.298	0.286
0	0	0	0	0	0	0	0	0	0	0	0	0	0	0	0	0	0	0	0	0	0	0	0	0	0	0	0	0	0	0	0.2	0	1	0.2	0	0.2	0.2	1	0.2	0.296	0.242
0	0	0	0	0	0	0	0	0	0	0	0	0	0	0	0	0	0	0	0	0	0	0	0	0	0	0	0	0	0	0	0	0	0	0	0	0	0	0	0	0.556	0.874
0	0	0	1.843	0	0	0	0	5.113	0	0	0	0	5.113	0	0	0	0	0.7	0	0	0	0	0.7	0	0	0	0	0.7	0	0	0	0	0	0	0.333	0	0	0	0	0.299	0.685
0	0	0	0	0	0	0	0	0	0	0	0	0	0	0	0	0	0	0	0	0	0	0	0	0	0	0	0	0	0	1	0.4	1	1	0	0.8	0	1	1	0.2	0	0.954
16.508	17.819	0	0.995	0	18.383	17.819	0	1.942	0.928	4.097	2.143	0	0.947	0.928	0.418	0.517	0	1	0	0.412	0.508	0	1	0	0.167	1	0	0	0	0.4	0	0	0	0	0	0	0	0	0	0	0.368
0	0	0	0	-1	0	0	0	0	-1	0	0	0	0	-1	0	0	0	0	-1	0	0	0	0	-1	0	0	0	0	-1	0	0	0	0	-1	0	0	0	0	-1	0.898	0.996
0	0	1.763	1.82	13.142	0	0	5.943	4.729	17.21	0	0	5.035	3.754	4.959	0	0	0.333	0.2	0.392	0	0	0.267	0.2	0.386	0	0	0.2	0.167	0	0	0	0	0	0	0	0	0	0	0	0.898	0.584
0	0	0	0	0	0	0	0	0	0	0	0	0	0	0	0	0	0	0	0	0	0	0	0	0	0	0	0	0	0	0	0	0	0	0	0	0	0	0	0	0.898	0.822
6.793	6.451	3.692	17.198	0.876	9.064	7.531	6.352	21.294	2.807	6.129	5.797	3.694	10.874	2.803	0.822	0.622	0.786	0.533	0.667	0.778	0.786	0.857	0.505	0.667	0.8	0.4	0.667	0.556	0.333	1	0	0.333	0.4	0	0.333	0.8	0.333	0.4	0	0	0.590
0	0	4.455	0	13.843	0	0	4.455	0	13.843	0	0	1.813	0	1.744	0	0	0.6	0	0.604	0	0	0.6	0	0.593	0	0	0	0	0	0.25	0	0.2	0	0	0.25	0	0.4	0	0	0	0.528
0	1.894	0	0	15.842	4.483	7.555	1.802	2.864	23.227	5.55	4.923	2.688	2.893	9.194	0.429	0.533	1	0.667	0.356	0.5	0.607	1	0.667	0.34	0.2	0.1	0.667	0	0.278	0	0	0	0	0	0	0	0	0	1	0.118	0.175
1.095	0	0	0	0	1.095	0	0	0	0	1.095	0	0	0	0	0	0	0	0	0	0	0	0	0	0	0	0	0	0	0	0.444	0.2	0.6	0	0.25	0	0	0	0	0.25	0.414	0.671
0	0	0	0	0	0	0	0	0	0	0	0	0	0	0	0	0	0	0	0	0	0	0	0	0	0	0	0	0	0	0	0	0	0	0	0	0	0	0	0	0.556	0.790
0	0	0	0	0.995	0	0	0	0	1.942	0	0	0	0	0.947	0	0	0	0	1	0	0	0	0	1	0	0	0	0	0	0	0	0	0	0	0	0	0	0	0	0.715	0.355
0	0	0	0	0	0	0	0	0	0	0	0	0	0	0	0	0	0	0	0	0	0	0	0	0	0	0	0	0	0	0	0	0	0	0	0	0	0	0.333	0	0.898	0.511
0	0	0	0	3.784	0	0	0	0	4.668	0	0	0	0	4.74	0	0	0	0	1	0	0	0	0	1	0	0	0	0	1	0	0	0	0	0	0.667	0	1	0	0	0	0.614
0	0	0	0	0	0	0	0	0	0	0	0	0	0	0	0	0	0	0	0	0	0	0	0	0	0	0	0	0	0	0	1	0	1	0	0.2	1	0	0.8	0	0	0.529
0	0	0	0	0	0	0	0	0	0	0	0	0	0	0	0	0	0	0	0	0	0	0	0	0	0	0	0	0	0	0	0	0	0	0	0	0	0	0	0	0.713	0.994
0	0	0	0	0	0	0	0	0	0	0	0	0	0	0	0	0	0	0	0	0	0	0	0	0	0	0	0	0	0	0	0	0	0	0	0	0	0	0	0	0.558	0.242
5.567	0	24.066	0	0	5.567	0	26.596	0	0	3.815	0	16.258	0	0	0.857	0	0.377	0	0	0.933	0	0.355	0	0	0.5	0	0.297	0	0	0.857	0	0.6	0	0	0.857	0	0.4	0	0	0.716	0.553
0	0	0	0	0	0	0	0	0	0	0	0	0	0	0	0	0	0	0	0	0	0	0	0	0	0	0	0	0	0	0	0	0	0	0	0	0	0	0	0	0.717	0.999
0.863	0	0	1.948	0	0.863	0	0	1.948	0	0.863	0	0	1.948	0	0	0	0	0	0	0	0	0	0	0	0	0	0	0	0	0.2	0.333	1	0	0	0.8	0.333	0.889	0	0	0.298	0.218
0	0	0	1.095	0	0	0	0	1.095	0	0	0	0	1.095	0	0	0	0	0	0	0	0	0	0	0	0	0	0	0	0	0	0	0	0	0	0	0	0	0	0	0	0.757
0	0	0	0	0	0	0	0	0	0	0	0	0	0	0	0	0	0	0	0	0	0	0	0	0	0	0	0	0	0	0	0	0	0	0	0	0	0	0	0	0.556	0.840
0	0	0	0	0	0	0	0	0	0	0	0	0	0	0	0	0	0	0	0	0	0	0	0	0	0	0	0	0	0	0.333	0.2	0	0.2	0	0	0	0	0.2	0	0.198	0.167
0	0	0	0	0	0	0	0	0	0	0	0	0	0	0	0	0	0	0	0	0	0	0	0	0	0	0	0	0	0	0	0	0	0	0	0	0	0.2	0	0.4	0.299	0.274
1.858	0	12.638	0	0.897	8.307	3.715	20.952	4.429	6.154	8.307	3.715	14.336	4.429	6.154	0.472	0.667	0.338	0.5	0.381	0.472	0.667	0.333	0.5	0.381	0.361	0.667	0.297	0.5	0.381	0.4	0	0	0	0	0.2	0.571	0	0	0	0	0.545
17.018	0	0	3.784	17.198	22.306	0	0	4.668	21.294	14.744	0	0	4.74	10.874	0.502	0	0	1	0.533	0.481	0	0	1	0.505	0.385	0	0	1	0.556	0.222	0	0.143	0	0.4	0.667	0	0.429	0	0.4	0.299	0.409
0	0	0.843	0	3.617	0	0	0.843	0	4.697	0	0	0.843	0	2.946	0	0	0	0	1	0	0	0	0	1	0	0	0	0	0.667	0	0	0	0.6	0.25	0	0	0	0.6	0	0.418	0.211
2.6	0.919	6.229	15.842	0	9.41	6.294	14.136	23.227	4.429	7.705	6.294	9.709	9.194	4.429	0.4	0.381	0.41	0.356	0.5	0.4	0.333	0.381	0.34	0.5	0.393	0.286	0.333	0.278	0.5	0	0	0	0	0	0	0	0	1	0	0.419	0.356
0	6.229	0	2.6	1.858	4.429	14.136	3.715	9.41	8.307	4.429	9.709	3.715	7.705	8.307	0.5	0.41	0.667	0.4	0.472	0.5	0.381	0.667	0.4	0.472	0.5	0.333	0.667	0.393	0.361	0	0	0	0	0.4	0	0	0.571	0	0.2	0.557	0.270
0	0	0	0	0	0	0	0	0	0	0	0	0	0	0	0	0	0	0	0	0	0	0	0	0	0	0	0	0	0	1	0.2	0.2	1	0	1	0.6	0.2	1	0	0.196	0.964
9.069	0	0	24.066	0	8.233	0	0	26.596	0	8.5	0	0	16.258	0	0.709	0	0	0.377	0	0.786	0	0	0.355	0	0.5	0	0	0.297	0	0.8	0	0.333	0.6	0	1	0	0.667	0.4	0	0	0.620
0	0	0	3.617	5.567	0	0	0	4.697	5.567	0	0	0	2.946	3.815	0	0	0	1	0.857	0	0	0	1	0.933	0	0	0	0.667	0.5	0	0	0	0.25	0.857	0	0	0	0	0.857	0.554	0.134
0	0	0	0	1.046	0	1.094	0	0	1.046	0	1.094	0	0	1.046	0	0	0	0	0	0	0	0	0	0	0	0	0	0	0	0.2	0	0	0	0	0.6	0	0	0	0	0	0.745
4.914	0	0	0	17.315	3.93	0	0	0	14.112	1.893	0	0	0	11.227	1	0	0	0	0.588	1	0	0	0	0.718	1	0	0	0	0.533	0.8	0.333	0.5	0	0.2	0.6	0.667	1	0	0	0	0.651
0	0	0	0	0	0	0	0	0	1.094	0	0	0	0	1.094	0	0	0	0	0	0	0	0	0	0	0	0	0	0	0	0	0	0	0	0	0	0	0	0	0	0.418	0.274
16.205	8.655	0	0	0	16.205	8.655	0	0	0	3.046	2.134	0	0	0	0.533	0.857	0	0	0	0.524	0.821	0	0	0	0.333	1	0	0	0	0.444	0	0	0	0	0.111	0	0	0	0	0.554	0.290
0	0	0	0	0	0	0	0	0	0	0	0	0	0	0	0	0	0	0	0	0	0	0	0	0	0	0	0	0	0	0	0	0	0	0	0	0	0	0	0	0	0.855
0	0	0	0	0	0	0	0	0	0	0	0	0	0	0	0	0	0	0	0	0	0	0	0	0	0	0	0	0	0	0	0	0	0	0	0	0	0	0	0	0.296	0.827
0	1.765	0	0	0	0	1.765	0	0	0	0	1.765	0	0	0	0	0	0	0	0	0	0	0	0	0	0	0	0	0	0	0.6	0	0	0	0	0.6	0	0	0	0	0	0.867
0	0	0	0	0	0	0	0	0	0	0	0	0	0	0	0	0	0	0	0	0	0	0	0	0	0	0	0	0	0	0	0	0	0	0	0	0	0	0	0	0.197	0.734
0	0	0	0	0	0	0	0	0	0	0	0	0	0	0	0	0	0	0	0	0	0	0	0	0	0	0	0	0	0	0	0	0	0	0	0	0	0	0	0	0.896	0.955
0	0	0	0	0	0	0	0	0	0	0	0	0	0	0	0	0	0	0	0	0	0	0	0	0	0	0	0	0	0	0	0.333	0	0.2	0	0	0	0	0	0	0.554	0.349
0	0	0	0	0	0	0	0	0.928	0	0	0	0	0.928	0	0	0	0	0	0	0	0	0	0	0	0	0	0	0	0	0.25	0	0.2	0	0	0	0	0	0	0	0.056	0.504
0	0	0	1.095	0	0	0	0	1.095	0	0	0	0	1.095	0	0	0	0	0	0	0	0	0	0	0	0	0	0	0	0	0.25	0.6	0.4	0.444	1	0.25	0	0.4	0	1	0	0.627
0	0	0	0	0	0	0	0	0	0	0	0	0	0	0	0	0	0	0	0	0	0	0	0	0	0	0	0	0	0	0.4	1	1	0	1	0	1	0.8	0	1	0	0.343
9.395	0	7.266	0.876	0.845	15.33	0	9.193	2.807	5.753	8.683	0	3.718	2.803	5.753	0.383	0	0.4	0.667	0.4	0.375	0	0.378	0.667	0.333	0.25	0	0.333	0.333	0.4	0.375	0	0.2	0	0	0.375	1	0.4	0	0	0	0.362
3.692	6.793	0.876	6.451	0	6.352	9.064	2.807	7.531	0	3.694	6.129	2.803	5.797	0	0.786	0.822	0.667	0.622	0	0.857	0.778	0.667	0.786	0	0.667	0.8	0.333	0.4	0	0.333	1	0	0	0	0.333	0.333	0	0.8	1	0	0.326
0	3.617	0	0.843	0	0	4.697	0	0.843	0	0	2.946	0	0.843	0	0	1	0	0	0	0	1	0	0	0	0	0.667	0	0	0	0	0.25	0	0	0	0	0	0	0	0	0.897	0.213
0	0	0	0	1.095	0	0	0	0	1.095	0	0	0	0	1.095	0	0	0	0	0	0	0	0	0	0	0	0	0	0	0	0	0	0.2	0.2	0	0.2	0	0.2	0.2	0	0	0.757
0.88	26.618	1.843	0.871	0	4.645	32.729	5.113	4.876	0	4.645	20.308	5.113	4.876	0	0.6	0.337	0.7	0.5	0	0.6	0.32	0.7	0.5	0	0.6	0.309	0.7	0.5	0	0	0.667	0	0.6	0	0	1	0	1	0	0.556	0.294
0	0	0	0	0	0	0	1.094	0	0	0	0	1.094	0	0	0	0	0	0	0	0	0	0	0	0	0	0	0	0	0	0	0	0	0	0	0	0	0	0	0	0	0.404
0	0	0	0	0	0	0	0	0	0	0	0	0	0	0	0	0	0	0	0	0	0	0	0	0	0	0	0	0	0	0	0	0	0	0	0.2	0	0	0	0	0.717	0.754
0	0	0	0	0	0	0	0	0	0	0	0	0	0	0	0	0	0	0	0	0	0	0	0	0	0	0	0	0	0	0	0	0	0	0	0	0	0	0	0	0.715	0.857
0	0	0	0	0	0	0	0	0	0	0	0	0	0	0	0	0	0	0	0	0	0	0	0	0	0	0	0	0	0	0.2	0.2	0.333	0.25	0	0	0.2	0	0	0	0	0.682
3.152	0	0	13.843	0	3.152	0	0	13.843	0	3.152	0	0	1.744	0	0.667	0	0	0.604	0	0.667	0	0	0.593	0	0.667	0	0	0	0	0	0.2	0.2	0	0	0	0	0.2	0	0	0.717	0.607
0	0	0	0	0	0	0	0	0	0	0	0	0	0	0	0	0	0	0	0	0	0	0	0	0	0	0	0	0	0	0	0	0	0	0	0	0	0	0	0	0.893	0.857
0	0	0	0	0	0	0	0	0	0	0	0	0	0	0	0	0	0	0	0	0	0	0	0	0	0	0	0	0	0	0	0	0	0	0	0	0	0	0	0	0.113	0.589
0	0	0	0	0	0	0	0	0	0	0	0	0	0	0	0	0	0	0	0	0	0	0	0	0	0	0	0	0	0	0	0	0	0	0	0	0	0	0	0	0.717	0.875
0	0	5.567	0	24.066	0	0	5.567	0	26.596	0	0	3.815	0	16.258	0	0	0.857	0	0.377	0	0	0.933	0	0.355	0	0	0.5	0	0.297	0	0	0.857	0	0.6	0	0	0.857	0	0.4	0.415	0.579
0	1.095	0	0	0	0	1.095	0	0	0	0	1.095	0	0	0	0	0	0	0	0	0	0	0	0	0	0	0	0	0	0	0.6	0.444	0.25	0.2	0.4	0	0	0.25	0	0.4	0	0.543
3.729	2.634	0	14.293	1.894	7.091	7.582	2.864	18.761	7.555	6.457	4.092	2.893	8.229	4.923	0.533	0.5	0.667	0.409	0.533	0.762	0.464	0.667	0.404	0.607	0.133	0	0	0.107	0.1	0.2	0	0	0	0	0.2	0	0	0	0	0.117	0.230
14.293	13.142	2.634	1.763	3.729	18.761	17.21	7.582	5.943	7.091	8.229	4.959	4.092	5.035	6.457	0.409	0.392	0.5	0.333	0.533	0.404	0.386	0.464	0.267	0.762	0.107	0	0	0.2	0.133	0	0	0	0	0.2	0	0	0	0	0.2	0.419	0.422
0.876	3.692	0	6.793	9.395	2.807	6.352	0	9.064	15.33	2.803	3.694	0	6.129	8.683	0.667	0.786	0	0.822	0.383	0.667	0.857	0	0.778	0.375	0.333	0.667	0	0.8	0.25	0	0.333	0	1	0.375	0	0.333	1	0.333	0.375	0	0.225
12.638	1.858	0.897	0	2.739	20.952	8.307	6.154	3.715	7.537	14.336	8.307	6.154	3.715	6.489	0.338	0.472	0.381	0.667	0.607	0.333	0.472	0.381	0.667	0.607	0.297	0.361	0.381	0.667	0.524	0	0.4	0	0	0	0	0.2	0	0.571	0	0	0.239
0	0	0	0	4.455	0	0	0	0	4.455	0	0	0	0	1.813	0	0	0	0	0.6	0	0	0	0	0.6	0	0	0	0	0	0	0	0.25	0	0.2	0	0	0.25	0.2	0.4	0	0.817
0	0	0	0	0	0	0	0	0	0	0	0	0	0	0	0	0	0	0	0	0	0	0	0	0	0	0	0	0	0	0.25	0	0	0.2	0	0	0	0	0.2	0	0.195	0.462
0	0	4.914	0	0	0	0	3.93	0	0	0	0	1.893	0	0	0	0	1	0	0	0	0	1	0	0	0	0	1	0	0	0.333	0	0.8	0.2	0.5	0.667	0	0.6	0	1	0.117	0.718
0	0	0	0	0	0	0	0	0	0	0	0	0	0	0	0	0	0	0	0	0	0	0	0	0	0	0	0	0	0	0	0	0	0	0	0	0	0	0	0	0.717	1.000
0	17.315	0	0	0	0	14.112	0	0	0	0	11.227	0	0	0	0	0.588	0	0	0	0	0.718	0	0	0	0	0.533	0	0	0	0.857	0.2	0	0.5	1	1	0	0	1	1	0	0.820
0	0	0	0	0	0	0	0	0	0	0	0	0	0	0	0	0	0	0	0	0	0	0	0	0	0	0	0	0	0	0	0	0	0	0	0	0	0	0	0	0.415	0.649
0	0	0	0	0	0	0	0	0	0	0	0	0	0	0	0	0	0	0	0	0	0	0	0	0	0	0	0	0	0	0	0	0	0	0	0	0	0	0	0	0.198	0.141
0	1.82	0	0	1.763	0	4.729	0	1.075	5.943	0	3.754	0	1.075	5.035	0	0.2	0	0	0.333	0	0.2	0	0	0.267	0	0.167	0	0	0.2	0	0	0	0	0	0	0	0	0	0	0.897	0.681
0	0	0	0	0	0	0	0	0	0	0	0	0	0	0	0	0	0	0	0	0	0	0	0	0	0	0	0	0	0	0	0	0	0.25	0	0	0	0.667	0	1	0	0.597
17.198	0	6.451	17.018	6.793	21.294	0	7.531	22.306	9.064	10.874	0	5.797	14.744	6.129	0.533	0	0.622	0.502	0.822	0.505	0	0.786	0.481	0.778	0.556	0	0.4	0.385	0.8	0.4	0.143	0	0.222	1	0.4	0.429	0.8	0.667	0.333	0.298	0.457
0	0	15.842	1.894	0.919	1.802	4.483	23.227	7.555	6.294	2.688	5.55	9.194	4.923	6.294	1	0.429	0.356	0.533	0.381	1	0.5	0.34	0.607	0.333	0.667	0.2	0.278	0.1	0.286	0	0	0	0	0	0	0	1	0	0	0.897	0.268
24.066	5.567	0	0	9.069	26.596	5.567	0	0	8.233	16.258	3.815	0	0	8.5	0.377	0.857	0	0	0.709	0.355	0.933	0	0	0.786	0.297	0.5	0	0	0.5	0.6	0.857	0	0	0.8	0.4	0.857	0	0	1	0.014	0.465
0.995	0	17.819	0	16.508	1.942	0	17.819	0	18.383	0.947	0	2.143	0	4.097	1	0	0.517	0	0.418	1	0	0.508	0	0.412	0	0	1	0	0.167	0	0	0	0	0.4	0	0	0	0	0	0.715	0.224
0	0	0.995	0	17.819	0	0	1.942	0	17.819	0	0	0.947	0	2.143	0	0	1	0	0.517	0	0	1	0	0.508	0	0	0	0	1	0	0	0	0	0	0	0	0	0	0	0.419	0.323
26.618	0.871	0.88	0	1.843	32.729	4.876	4.645	6.579	5.113	20.308	4.876	4.645	6.579	5.113	0.337	0.5	0.6	0.476	0.7	0.32	0.5	0.6	0.476	0.7	0.309	0.5	0.6	0.476	0.7	0.667	0.6	0	0	0	1	1	0	0	0	0	0.598
0	0	0	0	0	0	0	0	0	0	0	0	0	0	0	0	0	0	0	0	0	0	0	0	0	0	0	0	0	0	0.4	0.25	1	0.6	0.2	0.4	0.25	1	0	0.6	0.298	0.528
0	3.784	17.018	0	0	0	4.668	22.306	0	0	0	4.74	14.744	0	0	0	1	0.502	0	0	0	1	0.481	0	0	0	1	0.385	0	0	0	0	0.222	0	0.143	0	0	0.667	1	0.429	0.298	0.121
0	0	0	0	0	0	0	0	0	0	0	0	0	0	0	0	0	0	0	0	0	0	0	0	0	0	0	0	0	0	0	0	0	0	0	0	0.2	0	0	0	0.556	0.696
0	0	0	0	0	0	0	0	0	0	0	0	0	0	0	0	0	0	0	0	0	0	0	0	0	0	0	0	0	0	0	0	0	0	0.333	0.2	0	0.4	0	0.333	0	0.577
0	0	1.948	0	0	0	0	1.948	0	0	0	0	1.948	0	0	0	0	0	0	0	0	0	0	0	0	0	0	0	0	0	0.333	0	0	0	0.333	0.333	0.4	0	0.2	0.333	0	0.581
0	9.069	0	0	0	0	8.233	0	0	0	0	8.5	0	0	0	0	0.709	0	0	0	0	0.786	0	0	0	0	0.5	0	0	0	0.333	0.8	0	0	0.25	0.667	1	0	0	0	0	0.905
0	16.508	0	17.819	0	0	18.383	0.928	17.819	0	0	4.097	0.928	2.143	0	0	0.418	0	0.517	0	0	0.412	0	0.508	0	0	0.167	0	1	0	0	0.4	0	0	0	0	0	0	0	0	0	0.750
0	0	0	0	0	0	0	0	0	0	0	0	0	0	0	0	0	0	0	0	0	0	0	0	0	0	0	0	0	0	0	0	0	0	0	0	0	0	0	0	0.896	0.999
0	16.205	0	8.655	0	0	16.205	0	8.655	0	0	3.046	0	2.134	0	0	0.533	0	0.857	0	0	0.524	0	0.821	0	0	0.333	0	1	0	0	0.444	0	0	0.2	0	0.111	0	0	0	0.717	0.172
0	3.152	0	0	0	0	3.152	0	0	0	0	3.152	0	0	0	0	0.667	0	0	0	0	0.667	0	0	0	0	0.667	0	0	0	0.2	0	0	0.2	0.25	0.2	0	0	0	0	0.018	0.599
0	0	0	0	0	0	0	0	0	0	0	0	0	0	0	0	0	0	0	0	0	0	0	0	0	0	0	0	0	0	0	0	0	0	0	0	0	0	0	0	0.713	0.978
7.266	9.395	0.845	0	0	9.193	15.33	5.753	0	0.959	3.718	8.683	5.753	0	1.844	0.4	0.383	0.4	0	0	0.378	0.375	0.333	0	0	0.333	0.25	0.4	0	0	0.2	0.375	0	0	0	0.4	0.375	0	1	0	0	0.208
0	0	0	0	0	0	0	0	0	0	0	0	0	0	0	0	0	0	0	0	0	0	0	0	0	0	0	0	0	0	0	0	0	0	0	0	0	0	0	0	0.557	0.894
1.82	0	0	0	0	4.729	1.075	0	3.027	0	3.754	1.075	0	3.027	0	0.2	0	0	0.667	0	0.2	0	0	0.667	0	0.167	0	0	0.667	0	0	0	0	0	0	0	0	0	0	0	0.195	0.232
0	0	0	0	0	0	0	0	0	0	0	0	0	0	0	0	0	0	0	0	0	0	0	0	0	0	0	0	0	0	0	0	0	0	0	0	0	0.2	0	0	0.715	0.646
0	0	0	0	0	0	0.928	0	0	0	0	0.928	0	0	0	0	0	0	0	0	0	0	0	0	0	0	0	0	0	0	0	0	0.25	0	0.2	0	0	0	0	0	0.418	0.466
0	0	0	0	0	0	0	0	0	0	0	0	0	0	0	0	0	0	0	0	0	0	0	0	0	0	0	0	0	0	0	0	0	0	0	0	0	0	0	0	0.715	0.784
0	0.876	9.395	3.692	7.266	0	2.807	15.33	6.352	9.193	0	2.803	8.683	3.694	3.718	0	0.667	0.383	0.786	0.4	0	0.667	0.375	0.857	0.378	0	0.333	0.25	0.667	0.333	0	0	0.375	0.333	0.2	1	0	0.375	0.333	0.4	0	0.441
1.882	0	0.897	0	0	3.659	1.789	2.906	0.959	3.027	5.57	2.732	3.85	1.844	3.027	0.2	1	0.5	0	0.667	0.333	1	0.333	0	0.667	0.2	1	0.5	0	0.667	0	0.2	0	0	0	0	0.2	0	0	0	0.292	0.200
0	0	0	1.765	0.843	0	0	0	1.765	0.843	0	0	0	1.765	0.843	0	0	0	0	0	0	0	0	0	0	0	0	0	0	0	0	0.6	0	0	0	0	0.6	0	0	0	0.42	0.216
0	0	0	0	0	0	0	0	0	0	0	0	0	0	0	0	0	0	0	0	0	0	0	0	0	0	0	0	0	0	0.2	1	0	0.2	0	0.2	1	0	0.6	0.2	0	0.472
0	0	0	0	0	0	0	0	0	0	0	0	0	0	0	0	0	0	0	0	0	0	0	0	0	0	0	0	0	0	1	0	0.4	0.857	1	1	0	0	1	0.8	0	0.995
0	13.843	3.152	4.455	0	0	13.843	3.152	4.455	0	0	1.744	3.152	1.813	0	0	0.604	0.667	0.6	0	0	0.593	0.667	0.6	0	0	0	0.667	0	0	0.2	0	0	0.2	0.2	0	0	0	0.4	0.2	0.117	0.521
0	0	0	16.205	1.095	0	0	0	16.205	1.095	0	0	0	3.046	1.095	0	0	0	0.533	0	0	0	0	0.524	0	0	0	0	0.333	0	0	0	0.2	0.444	0.444	0	0	0	0.111	0	0.296	0.194
13.83	2.739	0	0.897	0	21.418	7.537	5.878	6.154	6.579	16.626	6.489	5.878	6.154	6.579	0.405	0.607	0.467	0.381	0.476	0.39	0.607	0.467	0.381	0.476	0.325	0.524	0.467	0.381	0.476	0.5	0	0	0	0	0	0	0	0	0	0	0.537
0	0	0	1.046	1.765	0	0	0	1.046	1.765	0	0	0	1.046	1.765	0	0	0	0	0	0	0	0	0	0	0	0	0	0	0	0	0.2	0	0	0	0.2	0	0	0	0	0	0.528
2.634	14.293	3.729	13.142	0	7.582	18.761	7.091	17.21	2.864	4.092	8.229	6.457	4.959	2.893	0.5	0.409	0.533	0.392	0.667	0.464	0.404	0.762	0.386	0.667	0	0.107	0.133	0	0	0	0	0.2	0	0	0	0	0.2	0	0	0.419	0.206
1.843	0.88	0	26.618	0	5.113	4.645	0	32.729	0	5.113	4.645	0	20.308	0	0.7	0.6	0	0.337	0	0.7	0.6	0	0.32	0	0.7	0.6	0	0.309	0	0	0	0	0.667	0	0	0	0	1	0.333	0.419	0.223
0	1.095	0	0	0	0	1.095	0	0	0	0	1.095	0	0	0	0	0	0	0	0	0	0	0	0	0	0	0	0	0	0	0	0	0	0.2	0	0	0	0	0.2	0	0.298	0.249
15.842	0	0.919	0	2.6	23.227	1.802	6.294	4.483	9.41	9.194	2.688	6.294	5.55	7.705	0.356	1	0.381	0.429	0.4	0.34	1	0.333	0.5	0.4	0.278	0.667	0.286	0.2	0.393	0	0	0	0	0	1	0	0	0	0	0.714	0.556
0	0	0	3.152	0	0	0	0	3.152	0	0	0	0	3.152	0	0	0	0	0.667	0	0	0	0	0.667	0	0	0	0	0.667	0	0	0.2	0.25	0	0	0	0.2	0	0	0	0.294	0.259
0	3.729	1.894	2.634	0	2.864	7.091	7.555	7.582	4.483	2.893	6.457	4.923	4.092	5.55	0.667	0.533	0.533	0.5	0.429	0.667	0.762	0.607	0.464	0.5	0	0.133	0.1	0	0.2	0	0.2	0	0	0	0	0.2	0	0	0	0.419	0.265
0	0	0	0	0	0	0	0	0	0	0	0	0	0	0	0	0	0	0	0	0	0	0	0	0	0	0	0	0	0	0	0	0	0	0	0	0	0	0	0	0.296	0.979
0	0	0	0	0	0	0	0	0	0	0	0	0	0	0	0	0	0	0	0	0	0	0	0	0	0	0	0	0	0	0	0	0	0	0	0	0	0	0	0	0.715	0.935
0	1.948	0.863	0	0	0	1.948	0.863	0	0	0	1.948	0.863	0	0	0	0	0	0	0	0	0	0	0	0	0	0	0	0	0	0.333	0	0.2	0.333	1	0.333	0	0.8	0.333	0.889	0	0.622
0.845	7.266	0	9.395	0	5.753	9.193	0.959	15.33	1.789	5.753	3.718	1.844	8.683	2.732	0.4	0.4	0	0.383	1	0.333	0.378	0	0.375	1	0.4	0.333	0	0.25	1	0	0.2	0	0.375	0.2	0	0.4	0	0.375	0.2	0	0.152
0	0	0	0	0	0	0	0	0	0	0	0	0	0	0	0	0	0	0	0	0	0	0	0	0	0	0	0	0	0	0.2	0.25	0.2	0	0.333	0.2	0	0	0	0	0	0.574
0	0.863	0	0	8.655	0	0.863	0	0	8.655	0	0.863	0	0	2.134	0	0	0	0	0.857	0	0	0	0	0.821	0	0	0	0	1	1	0.2	0	0.333	0	0.889	0.8	0	0.333	0	0.72	0.934
