0	1.854	5.683	0	0	0	2.715	4.691	0	0	0	0	1.987	0	0	0	1	0.667	0	0	0	1	0.6	0	0	0	0	0	0	0	0.6	0	0.4	0	0.2	0	0	0	0	0.2	0	0.639
5.718	0	0	5.568	19.782	7.878	0	0	6.519	15.9	4.059	0	0	1.841	6.893	0.893	0	0	1	0.647	0.857	0	0	0.952	0.717	0.5	0	0	1	0.333	0	0	0.625	0.4	0.25	0.25	0.5	0	0.8	0	0.294	0.353
0	0	0	0	0	0	0	0	0	0	0	0	0	0	0	0	0	0	0	0	0	0	0	0	0	0	0	0	0	0	0	0	0	0	0	0	0	0	0.778	0	0	0.466
1.849	0	0	0	0	1.849	0	0	0	0	0	0	0	0	0	1	0	0	0	0	1	0	0	0	0	0	0	0	0	0	0	0	0	0	0	0	0	0	0	0	0	0.374
0	0	0	0	0	0	0	0	0	0	0	0	0	0	0	0	0	0	0	0	0	0	0	0	0	0	0	0	0	0	0	0	0	0	0	0	0.143	0	0.143	0	0.893	0.203
0	0	0	0	0	0	0	0	0	0	0	0	0	0	0	0	0	0	0	0	0	0	0	0	0	0	0	0	0	0	0	0	0	0	0	0	0	0	0	0.25	0	0.625
0	5.718	19.782	0	0	0	7.878	15.9	0	0	0	4.059	6.893	0	0	0	0.893	0.647	0	0	0	0.857	0.717	0	0	0	0.5	0.333	0	0	0.625	0	0.25	0	0.4	0	0.25	0	0.5	0	0	0.635
0.878	0	0	0	0	1.886	0	0	0	0	0	0	0	0	0	1	0	0	0	0	1	0	0	0	0	0	0	0	0	0	0	0	0	0	0	0	0	0	0	0	0	0.328
2.902	5.174	0	0.913	5.677	3.958	6.039	0	2.022	8.706	0	0	0	0	0	1	0.6	0	1	0.5	1	0.6	0	1	0.5	0	0	0	0	0	0	0.333	0	0	0.2	0	0	0	0	0	0.298	0.285
0	0	0	0	0	0	0	0.86	0	0	0	0	0	0	0	0	0	0	0	0	0	0	0	0	0	0	0	0	0	0	0	0	0.6	0	0.75	0	0	0	0	0.625	0	0.687
0	0	6.551	0	0	0	0	6.551	0	0	0	0	0.885	0	0	0	0	1	0	0	0	0	1	0	0	0	0	0	0	0	0.6	1	0.2	0.5	0.333	0	1	0	0.125	0	0	0.701
0	0	0	0	0	0	0	0.869	0	0	0	0	0	0	0	0	0	0	0	0	0	0	0	0	0	0	0	0	0	0	0	0	0	0	0	0	0	0	0	0	0.117	0.272
0	0	0	0	0	0	0	0	0	0	0	0	0	0	0	0	0	0	0	0	0	0	0	0	0	0	0	0	0	0	0.6	1	0	0	0.4	0	1	0	0	0	0	0.712
0	0	0	2.815	0	0	0	0.9	3.72	0	0	0	0	0	0	0	0	0	0.833	0	0	0	0	0.833	0	0	0	0	0	0	0	0	0.2	0	0	0	0	0	0	0	0	0.241
0	0	14.987	27.637	39.015	0	0.949	16.196	31.126	43.39	0	0	0	0	0	0	0	0.867	0.49	0.311	0	0	0.842	0.478	0.302	0	0	0	0	0	0	0	0.8	0.429	0.333	0	0	0	0.429	0	0	0.507
2.96	0	0	0.876	0	2.96	0	0	1.926	0	1.998	0	0	1.05	0	0.333	0	0	1	0	0.333	0	0	1	0	0	0	0	0	0	0	0	0.4	0.333	0	0	0	0.2	0.333	0	0	0.296
0	0.862	15.068	0.875	44.951	0	1.804	16.943	0.875	49.321	0	0	0	0	0	0	1	0.669	0	0.25	0	1	0.662	0	0.246	0	0	0	0	0	0.333	0.4	0.333	0.333	0	0	0	0.667	0	0	0.19	0.347
0	0	0	0	0	0	0	0	0	0	0	0	0	0	0	0	0	0	0	0	0	0	0	0	0	0	0	0	0	0	0	0	0	0	0	0.25	0	0.778	0	0	0	0.566
0	13.06	25.301	0	5.536	0	13.18	25.261	0	7.695	0	6.03	7.762	0	3.036	0	0.581	0.533	0	0.714	0	0.564	0.525	0	0.714	0	0.333	0.214	0	0.333	0.333	0.5	0.2	0.4	0	1	0.75	0	0	0	0	0.966
0	0	0	0	1.021	0	0	0	0	1.021	0	0	0	0	0	0	0	0	0	0	0	0	0	0	0	0	0	0	0	0	0	0	0	0	0	0	0	0	0	0.125	0.419	0.176
0	44.951	0	15.068	0	0	49.321	0	16.943	2.821	0	0	0	0	0	0	0.25	0	0.669	0.667	0	0.246	0	0.662	0.667	0	0	0	0	0	0	0	0	0.333	0.125	0	0	0	0.667	0.25	0	0.319
0	0.883	2.805	0	8.299	0.89	2.99	5.886	0	14.362	0	0	0	0	0	0	0.333	0.333	0	0.41	0	0.333	0.333	0	0.41	0	0	0	0	0	0	0	0.25	0	0	0	0	0	0	0	0.898	0.145
0	0	0	0	0	0	0	0	0	0	0	0	0	0	0	0	0	0	0	0	0	0	0	0	0	0	0	0	0	0	0	0.5	0	0.333	0	0	0	0	1	0	0	0.651
0	0	0	7.421	0	0	0	0.921	7.421	0	0	0	0	0	0	0	0	0	1	0	0	0	0	1	0	0	0	0	0	0	0	0	0	0	0	0	0	0	0	0	0	0.309
5.666	23.086	2.853	0	10.58	7.698	25.97	3.81	0	12.485	0	0	0	0	0	1	0.543	1	0	0.885	1	0.533	1	0	0.872	0	0	0	0	0	0	0	0	0.2	0	0	0	0	0	0.333	0	0.438
9.734	0	1.87	1.784	0	11.673	0	1.87	1.784	0	2.946	0	1.87	0	0	0.545	0	0	1	0	0.545	0	0	1	0	0	0	0	0	0	0	0.25	0	0	0.25	0	0	0	0	0	0	0.309
0	0	9.837	0.876	0	0	0	10.715	1.754	0	0	0	0	0	0	0	0	0.564	0	0	0	0	0.564	0	0	0	0	0	0	0	0.5	0.4	0	0	0	0	0.2	0	0	0	0	0.685
0	0	0	0	0	0	0	0	0	0	0	0	0	0	0	0	0	0	0	0	0	0	0	0	0	0	0	0	0	0	0	0	0	0.5	0.6	0	0	0	0	0	0.418	0.277
0	0	0	0	0	0	0	0.86	0	0	0	0	0	0	0	0	0	0	0	0	0	0	0	0	0	0	0	0	0	0	0	0	0	0	0	0	0	0	0	0	0	0.250
0.876	0	0	0	0	1.754	0	0	0	0	0	0	0	0	0	0	0	0	0	0	0	0	0	0	0	0	0	0	0	0	0	0.75	0.4	0.4	0.5	0	0	0.2	0	0	0.418	0.217
0	0	0	36.79	43.316	0	0	0	40.201	47.313	0	0	0	0	0	0	0	0	0.326	0.274	0	0	0	0.318	0.268	0	0	0	0	0	1	1	0.6	0	0	1	0.2	0	0	0	0.418	0.975
7.519	0	0	6.551	11.188	8.595	0	0	6.551	11.188	2.004	0	0	0.885	3.537	1	0	0	1	0.788	0.972	0	0	1	0.773	1	0	0	0	0.333	1	0.333	1	0.2	0.4	1	0	1	0	0	0	0.500
0	0	-1	0.876	-1	0	0	-1	0.876	-1	0	0	-1	0	-1	0	0	-1	0	-1	0	0	-1	0	-1	0	0	-1	0	-1	0	0	-1	0	-1	0	0	-1	0	-1	0.899	0.999
0	0	0	0	0	0	0	0	0	0	0	0	0	0	0	0	0	0	0	0	0	0	0	0	0	0	0	0	0	0	0	0	0	0	0	0.143	0.143	0	0	0	0.716	0.247
0	0	0	0	1.759	0	0	1.003	0	2.696	0	0	1.003	0	0.936	0	0	0	0	1	0	0	0	0	1	0	0	0	0	0	0	0	0.286	0	0	0	0	0.286	0	0	0.415	0.240
0	7.448	12.315	0	0	0.884	12.947	16.255	1.974	0	0	0	0	0	0	0	0.56	0.574	1	0	0	0.56	0.566	1	0	0	0	0	0	0	0.4	0.4	0	0	0.2	0	0	0	0	0	0	0.468
0	0	0	0	0	0	0	0	0	0	0	0	0	0	0	0	0	0	0	0	0	0	0	0	0	0	0	0	0	0	0	0	0	0	0	0	0	0	0	0	0.893	0.203
0.876	0	0	12.385	2.96	1.926	0	0	13.432	2.96	1.05	0	0	2.015	1.998	1	0	0	0.78	0.333	1	0	0	0.78	0.333	0	0	0	1	0	0.333	0	0	0	0	0.333	0	0	0	0	0.119	0.601
0	0	52.755	0	6.585	0	1.822	59.349	0	7.709	0	0	0	0	0	0	1	0.238	0	0.929	0	1	0.233	0	0.929	0	0	0	0	0	0	0.2	0.889	0	0.5	0	0	0.889	1	0.5	0	0.450
0	2.815	0	0.898	0	0	3.72	0	1.798	0.9	0	0	0	0	0	0	0.833	0	0	0	0	0.833	0	0	0	0	0	0	0	0	0	0	0	0.2	0.2	0	0	0	0	0	0	0.254
0	0.876	0	0	9.837	0	1.754	0	0	10.715	0	0	0	0	0	0	0	0	0	0.564	0	0	0	0	0.564	0	0	0	0	0	0.4	0	0.5	0.75	0	0.2	0	0	0	0	0.298	0.641
0	0	1.021	0	2.913	0	0	1.021	0	3.921	0	0	0	0	0	0	0	0	0	0.667	0	0	0	0	0.667	0	0	0	0	0	0	0	0	0	0	0	0	0.125	0	0	0.893	0.100
0	10.58	0	2.853	36.79	0	12.485	0	3.81	40.201	0	0	0	0	0	0	0.885	0	1	0.326	0	0.872	0	1	0.318	0	0	0	0	0	0.875	0	0.4	0	0	0.5	0.333	1	0	0	0	0.906
5.683	0	0	1.854	18.645	4.691	0	0	2.715	21.384	1.987	0	0	0	6.889	0.667	0	0	1	0.648	0.6	0	0	1	0.633	0	0	0	0	0.19	0.4	0.6	0.2	0	0.667	0	0	0.2	0	0.667	0	0.466
0	0	0.878	2.913	0	0	0	1.886	3.921	0	0	0	0	0	0	0	0	1	0.667	0	0	0	1	0.667	0	0	0	0	0	0	0	0	0	0	0	0	0	0	0	0	0	0.158
0	5.568	5.718	5.536	0	0	6.519	7.878	7.695	0	0	1.841	4.059	3.036	0	0	1	0.893	0.714	0	0	0.952	0.857	0.714	0	0	1	0.5	0.333	0	0	0.4	0	0	0.625	0.5	0.8	0.25	0	0	0.558	0.272
19.782	0	0	5.718	0	15.9	0	0	7.878	0	6.893	0	0	4.059	0	0.647	0	0	0.893	0	0.717	0	0	0.857	0	0.333	0	0	0.5	0	0.25	0.625	0.4	0	0	0	0	0	0.25	0	0	0.429
0	0.88	38.618	2.668	0	0	2.848	45.416	5.584	0	0	0.908	9.309	0	0	0	1	0.298	0.867	0	0	1	0.29	0.867	0	0	0	0.139	0	0	0.2	0	0	0	0	0	0	0	0	0	0	0.549
0	0	0	0	0	0	0	0	0	0	0	0	0	0	0	0	0	0	0	0	0	0	0	0	0	0	0	0	0	0	0	0	0	0	0	0.143	0	0.143	0	0	0.716	0.266
0.92	0.911	0	0	7.448	5.819	4.778	1.974	0.933	12.947	0	0	0	0	0	0.467	0.4	1	0	0.56	0.467	0.4	1	0	0.56	0	0	0	0	0	0	0	0	0	0.4	0.2	0	0	0	0	0	0.245
0	1.006	1.854	0	0	0	1.006	2.715	0	0	0	1.006	0	0	0	0	0	1	0	0	0	0	1	0	0	0	0	0	0	0	0	0	0	0	0.6	0	0	0	0	0	0	0.978
0	0	0	42.364	52.755	1.822	0	0	48.818	59.349	0	0	0	1.978	0	1	0	0	0.27	0.238	1	0	0	0.265	0.233	0	0	0	0	0	0.2	0	0	0.667	0.889	0	1	0	0.667	0.889	0	0.349
0	0.878	0	0	0	0	1.886	0	0	0	0	0	0	0	0	0	1	0	0	0	0	1	0	0	0	0	0	0	0	0	0	0	0	0	0	0	0	0	0	0	0	0.325
0	2.96	0	0	0	0	2.96	0	0	0	0	1.998	0	0	0	0	0.333	0	0	0	0	0.333	0	0	0	0	0	0	0	0	0.4	0	0	0	0	0.2	0	0	0	0	0	0.551
0	0	0	0	0	0	0	0	0	0	0	0	0	0	0	0	0	0	0	0	0	0	0	0	0	0	0	0	0	0	0.8	0.25	1	0.6	1	0	0	1	0	1	0	0.780
0	7.421	0	5.825	0	0	7.421	0	6.694	0.921	0	0	0	0	0	0	1	0	0.714	0	0	1	0	0.714	0	0	0	0	0	0	0	0	0	0.333	0	0	0	0	0	0	0	0.375
0	6.551	7.519	0	0	0	6.551	8.595	0	0	0	0.885	2.004	0	0	0	1	1	0	0	0	1	0.972	0	0	0	0	1	0	0	0.333	0.2	1	0.6	1	0	0	1	0	1	0.299	0.755
0	0	3.891	1.078	11.446	0	0	5.619	3.005	12.506	0	0	2.65	3.005	2.008	0	0	0.133	0	0.577	0	0	0.133	0	0.577	0	0	0	0	0	0.2	0.667	0	0	0	0.4	0.333	0	0	0	0	0.585
0	5.683	18.645	0	0	0	4.691	21.384	0	0	0	1.987	6.889	0	0	0	0.667	0.648	0	0	0	0.6	0.633	0	0	0	0	0.19	0	0	0.2	0.4	0.667	0.6	0	0.2	0	0.667	0	0	0	0.591
0	0	0	0	0	0	0	0	0	0	0	0	0	0	0	0	0	0	0	0	0	0	0	0	0	0	0	0	0	0	1	0	0.6	0	0	1	0	0	0	0	0	0.970
0	0	0	0	0	0	0	0	0	0	0	0	0	0	0	0	0	0	0	0	0	0	0	0	0	0	0	0	0	0	0	0	0	0.125	0	0	0	0	0.125	0	0	0.350
0	0	0	0	0	0	0	0	0	0	0	0	0	0	0	0	0	0	0	0	0	0	0	0	0	0	0	0	0	0	0	0	0	0	0	0.778	0.25	0	0	0	0	0.496
0	2.902	5.677	5.174	0.915	0	3.958	8.706	6.039	0.915	0	0	0	0	0	0	1	0.5	0.6	0	0	1	0.5	0.6	0	0	0	0	0	0	0	0	0.2	0.333	0.4	0	0	0	0	0	0.716	0.188
0	0	0	1.029	0	0	0	0	1.029	0	0	0	0	0	0	0	0	0	0	0	0	0	0	0	0	0	0	0	0	0	0	0	1	0.25	0.6	0	0	1	0	0	0.556	0.375
1.759	0	1.784	0	0	2.696	1.003	1.784	0	0	0.936	1.003	0	0	0	1	0	1	0	0	1	0	1	0	0	0	0	0	0	0	0	0.286	0	0	0.25	0	0.286	0	0	0	0.299	0.439
0	0	0	0	0	0	0	0	0	0	0	0	0	0	0	0	0	0	0	0	0	0	0	0	0	0	0	0	0	0	0	0	0	0	0	0	0	0	0	0	0	0.642
0	0	1.759	0	1.784	1.003	0	2.696	0	1.784	1.003	0	0.936	0	0	0	0	1	0	1	0	0	1	0	1	0	0	0	0	0	0.286	0	0	0	0	0.286	0	0	0	0	0.299	0.315
0	0.876	2.96	0	0	0	1.926	2.96	0	0	0	1.05	1.998	0	0	0	1	0.333	0	0	0	1	0.333	0	0	0	0	0	0	0	0	0.333	0	0	0.4	0	0.333	0	0	0.2	0.298	0.338
0	0	0	0	1.006	0	0	0	0	1.006	0	0	0	0	1.006	0	0	0	0	0	0	0	0	0	0	0	0	0	0	0	0.2	0	0	0	0	0	0	0	0	0	0.059	0.433
0.88	2.668	0	48.336	38.618	2.848	5.584	0	55.949	45.416	0.908	0	0	0	9.309	1	0.867	0	0.256	0.298	1	0.867	0	0.25	0.29	0	0	0	0	0.139	0	0	0.2	0.4	0	0	0	0	0.2	0	0	0.353
3.632	2.778	0	1.902	0	4.768	3.656	0	2.9	0	0	0	0	0	0	1	1	0	1	0	0.9	1	0	1	0	0	0	0	0	0	0	0.2	0	0.8	0	0	0	0	0	0	0	0.229
0	0	0	0	0	0	0	0	0	0	0	0	0	0	0	0	0	0	0	0	0	0	0	0	0	0	0	0	0	0	0	0	0	0	0	0	0	0	0	0	0	0.748
28.456	11.188	1.858	0	10.73	28.296	11.188	2.884	0	11.716	5.999	3.537	0	0	3.628	0.492	0.788	1	0	0.89	0.479	0.773	1	0	0.909	0.267	0.333	0	0	0	0.2	0.4	0.5	1	0.2	0	0	0	1	0.4	0	0.410
9.837	0	0	0	0	10.715	0	0	0	0	0	0	0	0	0	0.564	0	0	0	0	0.564	0	0	0	0	0	0	0	0	0	0	0.5	0	0.4	0	0	0	0	0.2	0	0.556	0.250
0.936	0	0	0	0.913	0.936	0	0.894	0	2.022	0	0	0	0	0	0	0	0	0	1	0	0	0	0	1	0	0	0	0	0	0	0.2	0	0.2	0	0	0	0	0	0	0.556	0.241
0	0	0	0	0	0	0.86	0	0	0	0	0	0	0	0	0	0	0	0	0	0	0	0	0	0	0	0	0	0	0	0	0	0	0	0	0	0	0	0	0	0.557	0.220
0	1.87	0	9.734	0	0	1.87	0	11.673	0.86	0	1.87	0	2.946	0.86	0	0	0	0.545	0	0	0	0	0.545	0	0	0	0	0	0	0.25	0	0.4	0	0	0	0	0	0	0	0.197	0.353
0	-1	0	-1	0	0	-1	0	-1	0	0	-1	0	-1	0	0	-1	0	-1	0	0	-1	0	-1	0	0	-1	0	-1	0	0	-1	0	-1	0	0	-1	0	-1	0.2	0.899	0.887
0	1.078	0	0	0	0	1.078	0	0	0	0	1.078	0	0	0	0	0	0	0	0	0	0	0	0	0	0	0	0	0	0	0.4	0.429	0.6	0.6	0.25	0	0.143	0	0	0	0	0.747
0	0	0	0	0	0	0	0	0	0	0	0	0	0	0	0	0	0	0	0	0	0	0	0	0	0	0	0	0	0	0	0	0	0	0	0	0	0.143	0	0.143	0.718	0.202
0	0	0	0.915	0	0	0	0	0.915	0	0	0	0	0	0	0	0	0	0	0	0	0	0	0	0	0	0	0	0	0	0.4	0.2	0.4	0.4	0.75	0	0	0	0	0	0.415	0.400
9.205	8.791	2.051	9.916	48.336	12.462	12.228	3.041	14.244	55.949	0	0	0	0	0	0.848	0.712	1	0.791	0.256	0.833	0.697	1	0.78	0.25	0	0	0	0	0	0	0	0.375	0.5	0.4	0	0	0.5	0	0.2	0	0.181
15.068	0	44.951	0.862	0	16.943	0	49.321	1.804	0	0	0	0	0	0	0.669	0	0.25	1	0	0.662	0	0.246	1	0	0	0	0	0	0	0.333	0.333	0	0.4	0	0.667	0	0	0	0	0	0.260
0	0	0	0.878	1.849	0	0	0	1.886	1.849	0	0	0	0	0	0	0	0	1	1	0	0	0	1	1	0	0	0	0	0	0	0	0	0	0	0	0	0	0	0	0	0.230
0	0	0	0	0	0	0	0	0	0	0	0	0	0	0	0	0	0	0	0	0	0	0	0	0	0	0	0	0	0	0	0	0	0	0	0	0.2	0	0	0	0	0.783
0	0	0	0	0	0.86	0	0	0	0	0	0	0	0	0	0	0	0	0	0	0	0	0	0	0	0	0	0	0	0	0.6	0	0.75	0	1	0	0	0.625	0	1	0.117	0.477
0	0	0	0	2.685	0	0	0	0	2.685	0	0	0	0	0	0	0	0	0	1	0	0	0	0	1	0	0	0	0	0	1	0.8	1	0.25	0.4	1	0	1	0	0	0	0.991
0	0	2.802	0	0	0	0	3.706	0	0	0	0	0	0	0	0	0	0.833	0	0	0	0	0.833	0	0	0	0	0	0	0	0.375	0	0	0	0	0	0	0.4	0	0	0	0.434
2.802	0	0	0	0	3.706	0	0	0	0	0	0	0	0	0	0.833	0	0	0	0	0.833	0	0	0	0	0	0	0	0	0	0	0.375	0	0	0.2	0.4	0	0	0	0	0.117	0.254
25.301	0	5.536	13.06	5.568	25.261	0	7.695	13.18	6.519	7.762	0	3.036	6.03	1.841	0.533	0	0.714	0.581	1	0.525	0	0.714	0.564	0.952	0.214	0	0.333	0.333	1	0.2	0.333	0	0.5	0.4	0	1	0	0.75	0.8	0.292	0.358
0	1.029	0	0	0	0	1.029	0	0	0	0	0	0	0	0	0	0	0	0	0	0	0	0	0	0	0	0	0	0	0	0	0.25	0	0	1	0	0	0	0	1	0.558	0.370
0.875	0	0.862	0	0	0.875	0	1.804	0	0	0	0	0	0	0	0	0	1	0	0	0	0	1	0	0	0	0	0	0	0	0.333	0	0.4	0	0.333	0	0	0	0	0	0	0.466
0	0	0	0	0	0	0	0	0	0	0	0	0	0	0	0	0	0	0	0	0	0	0	0	0	0	0	0	0	0	0.6	0	0.25	0	0	0	0	0	0	0	0.059	0.751
0	12.385	0.876	0	0	0	13.432	1.926	0	0	0	2.015	1.05	0	0	0	0.78	1	0	0	0	0.78	1	0	0	0	1	0	0	0	0	0	0.333	0.375	0	0	0	0.333	0.5	0	0.56	0.445
0.913	0	5.174	0.936	2.902	2.022	0.894	6.039	0.936	3.958	0	0	0	0	0	1	0	0.6	0	1	1	0	0.6	0	1	0	0	0	0	0	0	0	0.333	0	0	0	0	0	0	0	0	0.475
18.645	0	0	5.683	2.674	21.384	0	0	4.691	4.53	6.889	0	0	1.987	1.856	0.648	0	0	0.667	1	0.633	0	0	0.6	1	0.19	0	0	0	1	0.667	0.2	0	0.4	0	0.667	0.2	0	0	0.125	0	0.321
0	0	0	0	0	0	0	0	0	0	0	0	0	0	0	0	0	0	0	0	0	0	0	0	0	0	0	0	0	0	0	0	0	0	0	0	0	0	0	0	0	0.437
0	0	0	0	0	0	0	0	0	0	0	0	0	0	0	0	0	0	0	0	0	0	0	0	0	0	0	0	0	0	0	0	0.2	0	0	0	0	0	0	0	0.299	0.230
0	0	0	0	0	0	0	0	0	0	0	0	0	0	0	0	0	0	0	0	0	0	0	0	0	0	0	0	0	0	0	0	0	0	0	0	0.778	0	0.25	0	0	0.509
0	4.617	0	0.988	0.936	0	6.815	0	2.103	0.936	0	0	0	0	0	0	0.524	0	1	0	0	0.524	0	1	0	0	0	0	0	0	0.2	0	0.2	0.2	0	0	0	0	0	0	0	0.650
0	12.315	8.546	0	4.489	0	16.255	10.562	0.884	7.227	0	0	0	0	0	0	0.574	0.636	0	0.679	0	0.566	0.636	0	0.679	0	0	0	0	0	0.2	0	0	0.4	0	0	0	0	0	0.333	0	0.639
0	0	0	0	0	0	0	0	0	0	0	0	0	0	0	0	0	0	0	0	0	0	0	0	0	0	0	0	0	0	0	0	0	0	0	0.2	0	0	0	0	0.298	0.838
0	9.837	0	0	0	0	10.715	0	0	0	0	0	0	0	0	0	0.564	0	0	0	0	0.564	0	0	0	0	0	0	0	0	0	0	0	0.5	0	0	0	0	0	0	0.899	0.179
0	0	1.006	0	0	0	0	1.006	0	0	0	0	1.006	0	0	0	0	0	0	0	0	0	0	0	0	0	0	0	0	0	0	0.2	0	0	0	0	0	0	0	0	0.714	0.551
2.674	0	0	18.645	17.496	4.53	0	0	21.384	19.478	1.856	0	0	6.889	3.915	1	0	0	0.648	0.737	1	0	0	0.633	0.716	1	0	0	0.19	0.167	0	0	0.2	0.667	0	0.125	0	0	0.667	0.25	0.2	0.259
0	0	2.685	0	0	0	0	2.685	0	0	0	0	0	0	0	0	0	1	0	0	0	0	1	0	0	0	0	0	0	0	1	1	0.4	0.8	0.5	1	1	0	0	0.125	0	0.991
0	0	0	0	0	0	0	0	0	0	0	0	0	0	0	0	0	0	0	0	0	0	0	0	0	0	0	0	0	0	0	0.125	0	0	0	0	0.125	0	0	0	0	0.351
42.364	3.592	0	11.019	0	48.818	4.663	0	12.836	1.822	1.978	0	0	2.844	0	0.27	1	0	0.78	1	0.265	1	0	0.756	1	0	0	0	0	0	0.667	0.2	0	0.25	0.2	0.667	0	1	0	0	0	0.317
0	0	0	0	0	0	0	0	0	0	0	0	0	0	0	0	0	0	0	0	0	0	0	0	0	0	0	0	0	0	0	0	0	0	0	0	0	0	0	0	0	0.301
0	0	1.849	0	0	0	0	1.849	0	0	0	0	0	0	0	0	0	1	0	0	0	0	1	0	0	0	0	0	0	0	0	0	0	0	0	0	0	0	0	0	0	0.312
0	0	0	19.782	0	0	0	0	15.9	0	0	0	0	6.893	0	0	0	0	0.647	0	0	0	0	0.717	0	0	0	0	0.333	0	0	0.4	0.4	0.25	0.875	0	0	0.6	0	1	0	0.613
0	0	0	0	0	0.9	0	0	0	0	0	0	0	0	0	0	0	0	0	0	0	0	0	0	0	0	0	0	0	0	0.2	0	0	0	0	0	0	0	0	0	0.415	0.154
0	0.936	0.913	0	5.174	0.894	0.936	2.022	0	6.039	0	0	0	0	0	0	0	1	0	0.6	0	0	1	0	0.6	0	0	0	0	0	0	0	0	0.2	0.333	0	0	0	0	0	0	0.533
0	0	13.06	0	0	0	0	13.18	0	0	0	0	6.03	0	0	0	0	0.581	0	0	0	0	0.564	0	0	0	0	0.333	0	0	0.4	0.4	0.5	0.4	0.333	0	0.6	0.75	0.2	1	0	0.886
2.668	48.336	0.88	2.051	0	5.584	55.949	2.848	3.041	0	0	0	0.908	0	0	0.867	0.256	1	1	0	0.867	0.25	1	1	0	0	0	0	0	0	0	0.4	0	0.375	0.2	0	0.2	0	0.5	0	0.119	0.261
0	0	0	0	0	0	0	0	0	0	0	0	0	0	0	0	0	0	0	0	0	0	0	0	0	0	0	0	0	0	0	0	0	0	0	0	0	0	0	0	0.294	0.146
1.847	0.893	6.615	0	0	2.873	0.893	9.604	0	0	0	0	0	0	0	1	0	0.956	0	0	1	0	0.956	0	0	0	0	0	0	0	0.2	0.25	0.125	0	0	0.2	0	0.25	0	0	0	0.597
36.79	0	0	0	0	40.201	0	0	0	0	0	0	0	0	0	0.326	0	0	0	0	0.318	0	0	0	0	0	0	0	0	0	0	0.4	1	0.875	1	0	1	0.2	0.5	1	0.299	0.224
0	0	0	0	0	0	0	0	0	0	0	0	0	0	0	0	0	0	0	0	0	0	0	0	0	0	0	0	0	0	0	0	0.6	0	0.25	0	0	0	0	0	0.414	0.184
0	1.784	9.734	1.759	1.87	0	1.784	11.673	2.696	1.87	0	0	2.946	0.936	1.87	0	1	0.545	1	0	0	1	0.545	1	0	0	0	0	0	0	0.25	0	0	0	0	0	0	0	0	0	0	0.613
0	0	0	44.951	9.916	0	0	2.821	49.321	14.244	0	0	0	0	0	0	0	0.667	0.25	0.791	0	0	0.667	0.246	0.78	0	0	0	0	0	0	0	0.125	0	0.5	0	0	0.25	0	0	0	0.281
0	0	0	0	0	0	0	0	0	0	0	0	0	0	0	0	0	0	0	0	0	0	0	0	0	0	0	0	0	0	0	0	0	0	0	0	0	0	0	0	0	0.316
0	0	0	0	0	0	0	0	0	0	0	0	0	0	0	0	0	0	0	0	0	0	0	0	0	0	0	0	0	0	0	0.6	0.4	1	0.5	0	0	0	1	0	0.557	0.364
0.883	0	0	0	2.805	2.99	0	0.89	0	5.886	0	0	0	0	0	0.333	0	0	0	0.333	0.333	0	0	0	0.333	0	0	0	0	0	0	0	0	0	0.25	0	0	0	0	0	0.9	0.109
0	0	0	0	0	0	0.86	0	0	0	0	0	0	0	0	0	0	0	0	0	0	0	0	0	0	0	0	0	0	0	0.75	0.6	1	0	0	0.625	0	1	0	0	0.715	0.787
0.988	0	4.617	0	0	2.103	0	6.815	0	0	0	0	0	0	0	1	0	0.524	0	0	1	0	0.524	0	0	0	0	0	0	0	0.2	1	0	1	0.2	0	1	0	0.4	0	0.292	0.434
0	0	0	3.632	2.802	0	0	0	4.768	3.706	0	0	0	0	0	0	0	0	1	0.833	0	0	0	0.9	0.833	0	0	0	0	0	0	0	0.375	0	0	0	0	0	0	0.4	0	0.464
0	0	0	0	0	0	0	0	0	0	0	0	0	0	0	0	0	0	0	0	0	0	0	0	0	0	0	0	0	0	0	0	0	0	0	0	0	0	0.2	0	0	0.669
0	0	0	0	0	0	0	0	0	0	0	0	0	0	0	0	0	0	0	0	0	0	0	0	0	0	0	0	0	0	0.2	0	0	0	0	0	0	0	0	0	0	0.400
0	0	0.936	4.617	0	0	0	0.936	6.815	0.894	0	0	0	0	0	0	0	0	0.524	0	0	0	0	0.524	0	0	0	0	0	0	0.2	0.2	0	0	0	0	0	0	0	0	0	0.699
0	18.645	2.674	0	0	0	21.384	4.53	0	0	0	6.889	1.856	0	0	0	0.648	1	0	0	0	0.633	1	0	0	0	0.19	1	0	0	0	0.667	0	0.2	0.2	0	0.667	0.125	0.2	0	0.294	0.388
10.58	2.853	0	5.666	0	12.485	3.81	0	7.698	0	0	0	0	0	0	0.885	1	0	1	0	0.872	1	0	1	0	0	0	0	0	0	0	0	0.875	0	0.4	0.333	0	0.5	0	1	0	0.481
7.448	0	0	0.92	12.315	12.947	1.974	0.884	5.819	16.255	0	0	0	0	0	0.56	1	0	0.467	0.574	0.56	1	0	0.467	0.566	0	0	0	0	0	0.4	0	0.4	0	0	0	0	0	0.2	0	0	0.410
0	0	0	0	0	0	0	0	0	0	0	0	0	0	0	0	0	0	0	0	0	0	0	0	0	0	0	0	0	0	0.5	0.333	0	0.25	0	0	1	0	0.75	0	0	0.650
0	0	0	0	0	0	0	0	0	0.86	0	0	0	0	0	0	0	0	0	0	0	0	0	0	0	0	0	0	0	0	0	0	0	0	0	0	0	0	0	0	0.2	0.194
5.174	0.913	2.902	0	0	6.039	2.022	3.958	0.894	0	0	0	0	0	0	0.6	1	1	0	0	0.6	1	1	0	0	0	0	0	0	0	0.333	0	0	0	0	0	0	0	0	0	0	0.577
7.421	5.825	0	0	0	7.421	6.694	0	0	0	0	0	0	0	0	1	0.714	0	0	0	1	0.714	0	0	0	0	0	0	0	0	0	0.333	0	0	0	0	0	0	0	0	0	0.199
0	0	1.078	0	0	0	0	1.078	0	0	0	0	1.078	0	0	0	0	0	0	0	0	0	0	0	0	0	0	0	0	0	0.6	0.714	0.429	0	0.4	0	1	0.143	0	0	0	0.613
2.805	0	8.299	0.883	0	5.886	0.89	14.362	2.99	0.933	0	0	0	0	0	0.333	0	0.41	0.333	0	0.333	0	0.41	0.333	0	0	0	0	0	0	0.25	0	0	0	0	0	0	0	0	0	0.116	0.143
4.617	0.988	0	0	0	6.815	2.103	0	0	0	0	0	0	0	0	0.524	1	0	0	0	0.524	1	0	0	0	0	0	0	0	0	0	0.2	0.2	1	0.2	0	0	0	1	0	0.417	0.314
0	7.519	11.188	0	28.456	0	8.595	11.188	0	28.296	0	2.004	3.537	0	5.999	0	1	0.788	0	0.492	0	0.972	0.773	0	0.479	0	1	0.333	0	0.267	1	1	0.4	0.333	0.2	1	1	0	0	0	0	0.995
0	0	0	0	0	0	0	0	0	0	0	0	0	0	0	0	0	0	0	0	0	0	0	0	0	0	0	0	0	0	0	0.2	0	0	0	0	0	0	0	0	0	0.338
17.496	0	0	2.674	0	19.478	0	0	4.53	0	3.915	0	0	1.856	0	0.737	0	0	1	0	0.716	0	0	1	0	0.167	0	0	1	0	0	0.2	0.4	0	0.889	0.25	0	0.2	0.125	1	0.558	0.218
13.06	0	0	0	25.301	13.18	0	0	0	25.261	6.03	0	0	0	7.762	0.581	0	0	0	0.533	0.564	0	0	0	0.525	0.333	0	0	0	0.214	0.5	0.4	0.333	0.4	0.2	0.75	0	1	0.6	0	0	0.653
6.615	1.847	0	0.893	0	9.604	2.873	0	0.893	0	0	0	0	0	0	0.956	1	0	0	0	0.956	1	0	0	0	0	0	0	0	0	0.125	0.2	0	0.25	0.2	0.25	0.2	0	0	0	0	0.215
0	0	0	0	0	0	0	0	0	0	0	0	0	0	0	0	0	0	0	0	0	0	0	0	0	0	0	0	0	0	0	0	0	0	0	0	0	0	0	0	0.415	0.258
1.902	6.585	2.778	52.755	3.632	2.9	7.709	3.656	59.349	4.768	0	0	0	0	0	1	0.929	1	0.238	1	1	0.929	1	0.233	0.9	0	0	0	0	0	0.8	0.5	0.2	0.889	0	0	0.5	0	0.889	0	0	0.382
0	0	0	0	27.637	0	0	0	0.921	31.126	0	0	0	0	0	0	0	0	0	0.49	0	0	0	0	0.478	0	0	0	0	0	0	0	0	0	0.429	0	0	0	0	0.429	0	0.433
48.336	2.051	2.668	9.205	0.88	55.949	3.041	5.584	12.462	2.848	0	0	0	0	0.908	0.256	1	0.867	0.848	1	0.25	1	0.867	0.833	1	0	0	0	0	0	0.4	0.375	0	0	0	0.2	0.5	0	0	0	0.298	0.400
0	2.802	0	0	0.898	0	3.706	0	0	1.798	0	0	0	0	0	0	0.833	0	0	0	0	0.833	0	0	0	0	0	0	0	0	0	0	0.2	0.375	0.2	0	0.4	0	0	0	0	0.275
0	0	12.385	38.618	0	0	0	13.432	45.416	0	0	0	2.015	9.309	0	0	0	0.78	0.298	0	0	0	0.78	0.29	0	0	0	1	0.139	0	0.375	0	0	0	0	0.5	0	0	0	0	0.715	0.315
10.73	1.858	0	28.456	11.019	11.716	2.884	0	28.296	12.836	3.628	0	0	5.999	2.844	0.89	1	0	0.492	0.78	0.909	1	0	0.479	0.756	0	0	0	0.267	0	0.2	0.5	0.25	0.2	0.25	0.4	0	0.5	0	0	0	0.393
0	0	0	0	0	0	0	0	0	0	0	0	0	0	0	0	0	0	0	0	0	0	0	0	0	0	0	0	0	0	0.4	0.889	0.4	0.4	0.4	0.2	1	0.6	0.2	0	0	0.956
0	0	0	9.837	0	0	0	0	10.715	0	0	0	0	0	0	0	0	0	0.564	0	0	0	0	0.564	0	0	0	0	0	0	0	0	0	0	0	0	0	0	0	0	0.554	0.141
0.893	0	1.847	39.015	6.615	0.893	0	2.873	43.39	9.604	0	0	0	0	0	0	0	1	0.311	0.956	0	0	1	0.302	0.956	0	0	0	0	0	0.25	0	0.2	0.333	0.125	0	0	0.2	0	0.25	0	0.438
0.911	0	0.92	8.299	0	4.778	0.933	5.819	14.362	1.974	0	0	0	0	0	0.4	0	0.467	0.41	1	0.4	0	0.467	0.41	1	0	0	0	0	0	0	0	0	0	0	0	0	0.2	0	0	0.296	0.275
0	39.015	0.893	14.987	1.847	0	43.39	0.893	16.196	2.873	0	0	0	0	0	0	0.311	0	0.867	1	0	0.302	0	0.842	1	0	0	0	0	0	0	0.333	0.25	0.8	0.2	0	0	0	0	0.2	0	0.401
1.078	0	0	0	0	3.005	0.86	0	0	0	3.005	0.86	0	0	0	0	0	0	0	0	0	0	0	0	0	0	0	0	0	0	0	0	0.667	0.4	0.2	0	0	0.333	0	0.4	0.419	0.358
0	0	0	0	0	0	0	0	0	0	0	0	0	0	0	0	0	0	0	0	0	0	0	0	0	0	0	0	0	0	0	0.25	0	0.6	0.714	0	0	0	0	1	0.556	0.318
0	0	0	0	0	0	0	0	0	0	0	0	0	0	0	0	0	0	0	0	0	0	0	0	0	0	0	0	0	0	0	0	0	0	0.125	0	0	0	0	0.125	0	0.334
0	0	43.316	0	0	0	0	47.313	0	0	0	0	0	0	0	0	0	0.274	0	0	0	0	0.268	0	0	0	0	0	0	0	0.6	1	0	1	1	0	1	0	0.2	0.4	0.056	0.623
0	0	0	0	0	0	0	0	0	0	0	0	0	0	0	0	0	0	0	0	0	0	0	0	0	0	0	0	0	0	0	0	0	0	0	0	0	0	0	0.143	0.718	0.205
0	0	0	0	0.883	0	0	0	0	2.99	0	0	0	0	0	0	0	0	0	0.333	0	0	0	0	0.333	0	0	0	0	0	0	0	0	0	0	0	0	0	0	0	0.717	0.126
0	0	0	0	0	0	0	0	0	0	0	0	0	0	0	0	0	0	0	0	0	0	0	0	0	0	0	0	0	0	0	0	0	0	0	0	0	0	0	0	0.899	0.530
0.915	5.677	0	0	0	0.915	8.706	0	0	0	0	0	0	0	0	0	0.5	0	0	0	0	0.5	0	0	0	0	0	0	0	0	0.4	0.2	0.2	0	0.4	0	0	0	0	0	0	0.725
0	0	0	1.849	0.875	0	0	0	1.849	0.875	0	0	0	0	0	0	0	0	1	0	0	0	0	1	0	0	0	0	0	0	0	0	0	0	0.333	0	0	0	0	0	0	0.406
0	0	0	0	0	0	0	0	0	0	0	0	0	0	0	0	0	0	0	0	0	0	0	0	0	0	0	0	0	0	0	0	0	0	0	0	0	0	0	0	0.718	0.426
0	11.446	0	3.891	0	0	12.506	0	5.619	0	0	2.008	0	2.65	0	0	0.577	0	0.133	0	0	0.577	0	0.133	0	0	0	0	0	0	0	0	0	0	0.2	0	0	0	0	0	0.292	0.586
0	0	0	0	0	0	0	0	0	0	0	0	0	0	0	0	0	0	0	0	0	0	0	0	0	0	0	0	0	0	0.4	0	0.875	0.4	0.25	0.6	0	1	0	0.75	0	0.610
0	0	0	0	13.06	0	0	0	0	13.18	0	0	0	0	6.03	0	0	0	0	0.581	0	0	0	0	0.564	0	0	0	0	0.333	0.4	0.4	0.4	0.889	0.5	0.6	0.2	0	1	0.75	0	0.915
1.858	28.456	10.73	11.188	0	2.884	28.296	11.716	11.188	0	0	5.999	3.628	3.537	0	1	0.492	0.89	0.788	0	1	0.479	0.909	0.773	0	0	0.267	0	0.333	0	0.5	0.2	0.2	0.4	0.25	0	0	0.4	0	0.5	0	0.483
0	0	0	0	0	0	0	0	0	0	0	0	0	0	0	0	0	0	0	0	0	0	0	0	0	0	0	0	0	0	0	0	0	0	0	0	0	0	0	0	0.556	0.140
1.87	9.734	0	0	0	1.87	11.673	0	0	0	1.87	2.946	0	0	0	0	0.545	0	0	0	0	0.545	0	0	0	0	0	0	0	0	0	0	0.25	0.25	0.4	0	0	0	0	0	0.418	0.253
0	0	0	1.87	1.078	0	0	0.86	1.87	3.005	0	0	0.86	1.87	3.005	0	0	0	0	0	0	0	0	0	0	0	0	0	0	0	0.4	0.25	0	0	0	0	0	0	0	0	0	0.734
0	0.915	0	5.677	0	0	0.915	0	8.706	0	0	0	0	0	0	0	0	0	0.5	0	0	0	0	0.5	0	0	0	0	0	0	0.2	0.4	0.4	0.2	0.4	0	0	0	0	0	0	0.592
0	0	0	0	0	0	0	0	0	0	0	0	0	0	0	0	0	0	0	0	0	0	0	0	0	0	0	0	0	0	0	0	0	0.4	0	0	0	0	0.2	0	0.2	0.233
0	0	27.637	0	0	0	0	31.126	0	0.949	0	0	0	0	0	0	0	0.49	0	0	0	0	0.478	0	0	0	0	0	0	0	0	0	0.429	0	0	0	0	0.429	0	0	0	0.340
44.951	15.068	0	0	0	49.321	16.943	0	0	0	0	0	0	0	0	0.25	0.669	0	0	0	0.246	0.662	0	0	0	0	0	0	0	0	0	0.333	0	0.333	0	0	0.667	0	0	0	0	0.262
0	19.782	0	0	0	0	15.9	0	0	0	0	6.893	0	0	0	0	0.647	0	0	0	0	0.717	0	0	0	0	0.333	0	0	0	0.4	0.25	0	0.625	0.4	0	0	0	0	0.6	0	0.757
8.791	9.916	9.205	0	2.051	12.228	14.244	12.462	2.821	3.041	0	0	0	0	0	0.712	0.791	0.848	0.667	1	0.697	0.78	0.833	0.667	1	0	0	0	0	0	0	0.5	0	0.125	0.375	0	0	0	0.25	0.5	0	0.290
0	0	0.876	0	0	0	0	0.876	0	0	0	0	0	0	0	0	0	0	0	0	0	0	0	0	0	0	0	0	0	0	0.5	0.4	0	0	0	0	0	0	0	0	0	0.877
0	0	0	1.078	0	0	0	0	1.078	0	0	0	0	1.078	0	0	0	0	0	0	0	0	0	0	0	0	0	0	0	0	0.6	0.4	0.25	0.429	0.8	0	0	0	0.143	0	0	0.941
5.825	0	7.421	0	0	6.694	0	7.421	0.869	0	0	0	0	0	0	0.714	0	1	0	0	0.714	0	1	0	0	0	0	0	0	0	0.333	0	0	0	0	0	0	0	0	0	0	0.167
0	0	0	0	0	0	0	0	0	0	0	0	0	0	0	0	0	0	0	0	0	0	0	0	0	0	0	0	0	0	0	0	0	0	0	0	0	0	0	0	0.554	0.583
0	0	0	0	0.876	0	0	0	0	0.876	0	0	0	0	0	0	0	0	0	0	0	0	0	0	0	0	0	0	0	0	0.4	0	0.5	0.6	0	0	0	0	0	0	0.415	0.492
0	3.632	0	2.778	0	0	4.768	0	3.656	0	0	0	0	0	0	0	1	0	1	0	0	0.9	0	1	0	0	0	0	0	0	0	0	0	0.2	0.375	0	0	0	0	0	0	0.278
0	1.078	0	0	3.891	0	3.005	0	0.86	5.619	0	3.005	0	0.86	2.65	0	0	0	0	0.133	0	0	0	0	0.133	0	0	0	0	0	0.667	0	0.2	0	0	0.333	0	0.4	0	0	0.197	0.597
0	10.73	11.019	1.858	3.592	0	11.716	12.836	2.884	4.663	0	3.628	2.844	0	0	0	0.89	0.78	1	1	0	0.909	0.756	1	1	0	0	0	0	0	0.25	0.2	0.25	0.5	0.2	0.5	0.4	0	0	0	0	0.483
0	0	0.883	0	0	0	0	2.99	0	0.89	0	0	0	0	0	0	0	0.333	0	0	0	0	0.333	0	0	0	0	0	0	0	0	0	0	0	0	0	0	0	0	0	0.716	0.146
0	43.316	0	0	0.988	0	47.313	0	0	2.103	0	0	0	0	0	0	0.274	0	0	1	0	0.268	0	0	1	0	0	0	0	0	1	0	1	0.6	0.2	0.4	0	1	0	0	0	0.977
0	42.364	0	3.592	0	0	48.818	1.822	4.663	0	0	1.978	0	0	0	0	0.27	1	1	0	0	0.265	1	1	0	0	0	0	0	0	0	0.667	0.2	0.2	0	1	0.667	0	0	0	0	0.575
5.568	5.536	0	25.301	5.718	6.519	7.695	0	25.261	7.878	1.841	3.036	0	7.762	4.059	1	0.714	0	0.533	0.893	0.952	0.714	0	0.525	0.857	1	0.333	0	0.214	0.5	0.4	0	0	0.2	0	0.8	0	0.5	0	0.25	0.419	0.457
39.015	14.987	0	0	0.893	43.39	16.196	0	0	0.893	0	0	0	0	0	0.311	0.867	0	0	0	0.302	0.842	0	0	0	0	0	0	0	0	0.333	0.8	0	0	0.25	0	0	0	0	0	0	0.416
12.385	0	0	0	0.876	13.432	0	0	0	1.926	2.015	0	0	0	1.05	0.78	0	0	0	1	0.78	0	0	0	1	1	0	0	0	0	0	0.375	0	0	0.333	0	0.5	0	0	0.333	0.415	0.278
23.086	0	5.666	0	2.853	25.97	0	7.698	0	3.81	0	0	0	0	0	0.543	0	1	0	1	0.533	0	1	0	1	0	0	0	0	0	0	0.2	0	0	0	0	0	0	0	0	0	0.391
0	0	0	0	0	0	0	0	0	0	0	0	0	0	0	0	0	0	0	0	0	0	0	0	0	0	0	0	0	0	0	0	0	0.2	0	0	0	0	0	0	0.297	0.251
43.316	0	0	0	0	47.313	0	0	0	0	0	0	0	0	0	0.274	0	0	0	0	0.268	0	0	0	0	0	0	0	0	0	0	0.6	1	1	1	0	0	0.4	1	1	0.299	0.222
0	0	0	0	0	0	0	0	0	0	0	0	0	0	0	0	0	0	0	0	0	0	0	0	0	0	0	0	0	0	0.25	0.6	0	0	0	0	0	0	0	0	0.415	0.416
12.315	0	0	7.448	8.546	16.255	0.884	0	12.947	10.562	0	0	0	0	0	0.574	0	0	0.56	0.636	0.566	0	0	0.56	0.636	0	0	0	0	0	0	0.4	0.2	0.4	0	0	0	0	0	0	0	0.296
0	0	36.79	10.58	0	0	0	40.201	12.485	0	0	0	0	0	0	0	0	0.326	0.885	0	0	0	0.318	0.872	0	0	0	0	0	0	0.4	0.875	0	0	1	1	0.5	0	0.333	0.2	0.298	0.949
0	0	0	0	0	0.86	0	0	0	0	0	0	0	0	0	0	0	0	0	0	0	0	0	0	0	0	0	0	0	0	0	0	0	0	0	0	0	0	0	0	0.415	0.169
1.078	0	0	0	0	1.078	0	0	0	0	1.078	0	0	0	0	0	0	0	0	0	0	0	0	0	0	0	0	0	0	0	0.429	0.6	0.4	0.714	0.6	0.143	0	0	1	0	0.299	0.460
8.299	2.805	0	0	0.911	14.362	5.886	0.933	0.89	4.778	0	0	0	0	0	0.41	0.333	0	0	0.4	0.41	0.333	0	0	0.4	0	0	0	0	0	0	0.25	0	0	0	0	0	0	0	0	0.558	0.170
1.854	0	0	1.006	5.683	2.715	0	0	1.006	4.691	0	0	0	1.006	1.987	1	0	0	0	0.667	1	0	0	0	0.6	0	0	0	0	0	0	0	0.6	0	0.4	0	0	0	0	0	0	0.363
0	0	0	0	0	0	0	0	0	0	0	0	0	0	0	0	0	0	0	0	0	0	0	0	0	0	0	0	0	0	0.875	0.4	0.25	0	0.333	1	0.6	0.75	0	1	0	0.771
2.685	0	0	0	0	2.685	0	0	0	0	0	0	0	0	0	1	0	0	0	0	1	0	0	0	0	0	0	0	0	0	0.4	1	0.5	1	1	0	1	0.125	1	1	0	0.557
0	0	0	11.446	0	0	0	0	12.506	0	0	0	0	2.008	0	0	0	0	0.577	0	0	0	0	0.577	0	0	0	0	0	0	0	0	0.2	0	0	0	0	0	0	0	0.893	0.491
0.862	0.875	0	0	15.068	1.804	0.875	0	0	16.943	0	0	0	0	0	1	0	0	0	0.669	1	0	0	0	0.662	0	0	0	0	0	0.4	0.333	0.333	0	0.333	0	0	0	0	0.667	0	0.289
0	0	0	0	0	0	0	0	0	0	0	0	0	0	0	0	0	0	0	0	0	0	0	0	0	0	0	0	0	0	0	0	0.125	0	0	0	0	0.125	0	0	0	0.313
0	2.674	17.496	0	0	0	4.53	19.478	0	0	0	1.856	3.915	0	0	0	1	0.737	0	0	0	1	0.716	0	0	0	1	0.167	0	0	0.2	0	0	0	0.4	0	0.125	0.25	0	0.2	0.896	0.234
0	0	0	0	1.029	0	0	0	0	1.029	0	0	0	0	0	0	0	0	0	0	0	0	0	0	0	0	0	0	0	0	0	1	0	0.75	0.25	0	1	0	0.625	0	0.559	0.971
0	0	0.875	0	0.862	0	0	0.875	0	1.804	0	0	0	0	0	0	0	0	0	1	0	0	0	0	1	0	0	0	0	0	0	0	0.333	0	0.4	0	0	0	0	0	0	0.359
2.815	0.898	0	0	0	3.72	1.798	0	0	0	0	0	0	0	0	0.833	0	0	0	0	0.833	0	0	0	0	0	0	0	0	0	0	0.2	0	0.2	0	0	0	0	0	0	0.299	0.221
0	6.615	0	1.847	23.086	0	9.604	0	2.873	25.97	0	0	0	0	0	0	0.956	0	1	0.543	0	0.956	0	1	0.533	0	0	0	0	0	0	0.125	0.2	0.2	0	0	0.25	0	0.2	0	0	0.479
0	0	0	0	0	0	0	0	0	1.003	0	0	0	0	1.003	0	0	0	0	0	0	0	0	0	0	0	0	0	0	0	0	0	0	0	0.286	0	0	0	0	0.286	0.418	0.477
0	0	0	0	0	0	0	0	0	0	0	0	0	0	0	0	0	0	0	0	0	0	0	0	0	0	0	0	0	0	0.25	0.6	0.8	0.4	1	0	0	0	0	1	0	0.568
0	0	0	0	0	0	0	0	0.86	0	0	0	0	0	0	0	0	0	0	0	0	0	0	0	0	0	0	0	0	0	1	0.75	0	0.6	0	1	0.625	0	0	0	0.12	0.966
9.916	0	8.791	0	9.205	14.244	2.821	12.228	0	12.462	0	0	0	0	0	0.791	0.667	0.712	0	0.848	0.78	0.667	0.697	0	0.833	0	0	0	0	0	0.5	0.125	0	0	0	0	0.25	0	0	0	0	0.495
5.677	0	0.915	2.902	0	8.706	0	0.915	3.958	0	0	0	0	0	0	0.5	0	0	1	0	0.5	0	0	1	0	0	0	0	0	0	0.2	0	0.4	0	0.2	0	0	0	0	0	0.42	0.383
0	0	0	0	0	0	0	0	0	0	0	0	0	0	0	0	0	0	0	0	0	0	0	0	0	0	0	0	0	0	0	0	0	0	0	0	0	0	0	0	0.117	0.216
8.546	0	4.489	12.315	0	10.562	0	7.227	16.255	0	0	0	0	0	0	0.636	0	0.679	0.574	0	0.636	0	0.679	0.566	0	0	0	0	0	0	0	0.2	0	0	0	0	0	0.333	0	0	0.554	0.188
0	0	0	17.496	0	0	0	0	19.478	0	0	0	0	3.915	0	0	0	0	0.737	0	0	0	0	0.716	0	0	0	0	0.167	0	0.889	0.4	0.4	0	0.4	1	0.2	0.2	0.25	0.6	0	0.915
0	0	0	2.96	0	0	0	0	2.96	0	0	0	0	1.998	0	0	0	0	0.333	0	0	0	0	0.333	0	0	0	0	0	0	0	0.4	0	0	0	0	0.2	0	0	0	0.418	0.273
0	0	0	0	0	0	0	0	0	0	0	0	0	0	0	0	0	0	0	0	0	0	0	0	0	0	0	0	0	0	0	0	0	0	0.2	0	0	0	0	0	0	0.211
27.637	0	0	0	0	31.126	0	0.949	0	0	0	0	0	0	0	0.49	0	0	0	0	0.478	0	0	0	0	0	0	0	0	0	0.429	0	0	0	0	0.429	0	0	0	0	0.196	0.220
1.029	0	0	0	0	1.029	0	0	0	0	0	0	0	0	0	0	0	0	0	0	0	0	0	0	0	0	0	0	0	0	0.25	0	0	0	0	0	0	0	0	0	0	0.464
38.618	0	0	0.88	0	45.416	0	0	2.848	0	9.309	0	0	0.908	0	0.298	0	0	1	0	0.29	0	0	1	0	0.139	0	0	0	0	0	0.2	0	0	0.375	0	0	0	0	0.5	0.299	0.428
6.585	52.755	1.902	0	2.778	7.709	59.349	2.9	0	3.656	0	0	0	0	0	0.929	0.238	1	0	1	0.929	0.233	1	0	1	0	0	0	0	0	0.5	0.889	0.8	0	0.2	0.5	0.889	0	0	0	0	0.438
11.019	0	3.592	10.73	42.364	12.836	0	4.663	11.716	48.818	2.844	0	0	3.628	1.978	0.78	0	1	0.89	0.27	0.756	0	1	0.909	0.265	0	0	0	0	0	0.25	0.25	0.2	0.2	0.667	0	0.5	0	0.4	0.667	0	0.432
0	2.685	0	0	0	0	2.685	0	0	0	0	0	0	0	0	0	1	0	0	0	0	1	0	0	0	0	0	0	0	0	0.5	0.4	1	1	0.6	0.125	0	1	1	0	0	0.558
0	0	0	0	0	0	0	0	0	0	0	0	0	0	0	0	0	0	0	0	0	0	0	0	0	0	0	0	0	0	0.25	0.875	0.333	0.4	0.5	0.75	1	1	0.6	0	0	0.404
0	0	0	0	0	0	0	0	0	0	0	0	0	0	0	0	0	0	0	0	0	0	0	0	0	0	0	0	0	0	0	0	0	0	0	0	0	0	0	0	0.893	0.286
1.021	0	2.913	0	0	1.021	0	3.921	0	0	0	0	0	0	0	0	0	0.667	0	0	0	0	0.667	0	0	0	0	0	0	0	0	0	0	0	0	0.125	0	0	0	0	0.415	0.194
0.898	0	2.815	0	0	1.798	0	3.72	0	0	0	0	0	0	0	0	0	0.833	0	0	0	0	0.833	0	0	0	0	0	0	0	0.2	0.2	0	0	0	0	0	0	0	0	0	0.186
0	0	23.086	6.615	5.666	0	0	25.97	9.604	7.698	0	0	0	0	0	0	0	0.543	0.956	1	0	0	0.533	0.956	1	0	0	0	0	0	0.2	0	0	0.125	0	0	0	0	0.25	0	0	0.517
0	0	0	0	0	0	0	0	0	0.869	0	0	0	0	0	0	0	0	0	0	0	0	0	0	0	0	0	0	0	0	0	0	0	0	0	0	0	0	0	0	0.72	0.303
14.987	0	39.015	0	0	16.196	0	43.39	0.949	0	0	0	0	0	0	0.867	0	0.311	0	0	0.842	0	0.302	0	0	0	0	0	0	0	0.8	0	0.333	0	0	0	0	0	0	0	0	0.424
0	8.299	0.911	2.805	0.92	0.933	14.362	4.778	5.886	5.819	0	0	0	0	0	0	0.41	0.4	0.333	0.467	0	0.41	0.4	0.333	0.467	0	0	0	0	0	0	0	0	0.25	0	0	0	0	0	0.2	0.893	0.182
0	0	0	0	0.876	0	0	0	0	1.754	0	0	0	0	0	0	0	0	0	0	0	0	0	0	0	0	0	0	0	0	0.4	0.4	0.75	0.2	0	0	0	0	0	0	0	0.942
0	0	0	0	0	0	0	0	0	0	0	0	0	0	0	0	0	0	0	0	0	0	0	0	0	0	0	0	0	0	0	0	0	0	0	0	0	0	0	0	0.415	0.187
0	0	0	0	0	0	0.921	0	0	0	0	0	0	0	0	0	0	0	0	0	0	0	0	0	0	0	0	0	0	0	0	0	0	0	0	0	0	0	0	0	0	0.373
0	0.92	7.448	0.911	0	1.974	5.819	12.947	4.778	0.884	0	0	0	0	0	1	0.467	0.56	0.4	0	1	0.467	0.56	0.4	0	0	0	0	0	0	0	0	0.4	0	0.4	0	0.2	0	0	0	0.197	0.362
0.876	0	0	0	0	0.876	0	0	0	0	0	0	0	0	0	0	0	0	0	0	0	0	0	0	0	0	0	0	0	0	0	0.5	0	0.4	0	0	0	0	0	0	0.419	0.335
0	4.489	0	8.546	0	0	7.227	0	10.562	0	0	0	0	0	0	0	0.679	0	0.636	0	0	0.679	0	0.636	0	0	0	0	0	0	0	0	0	0	0	0	0.333	0	0	0	0.556	0.218
0	0	0.988	43.316	4.617	0	0	2.103	47.313	6.815	0	0	0	0	0	0	0	1	0.274	0.524	0	0	1	0.268	0.524	0	0	0	0	0	1	1	0.2	0	0	1	0.4	0	0	0	0.417	0.986
5.536	25.301	5.568	0	0	7.695	25.261	6.519	0	0	3.036	7.762	1.841	0	0	0.714	0.533	1	0	0	0.714	0.525	0.952	0	0	0.333	0.214	1	0	0	0	0.2	0.4	0.333	0	0	0	0.8	1	0.5	0.717	0.359
1.784	1.759	0	0	9.734	1.784	2.696	0	1.003	11.673	0	0.936	0	1.003	2.946	1	1	0	0	0.545	1	1	0	0	0.545	0	0	0	0	0	0	0	0.25	0.286	0	0	0	0	0.286	0	0.057	0.220
3.891	0	11.446	0	0	5.619	0	12.506	0	0	2.65	0	2.008	0	0	0.133	0	0.577	0	0	0.133	0	0.577	0	0	0	0	0	0	0	0	0.2	0	0.667	0	0	0.4	0	0.333	0	0.419	0.191
0	0	5.825	0	7.421	0	0.869	6.694	0	7.421	0	0	0	0	0	0	0	0.714	0	1	0	0	0.714	0	1	0	0	0	0	0	0	0	0.333	0	0	0	0	0	0	0	0	0.229
0	1.849	0	0	0	0	1.849	0	0	0	0	0	0	0	0	0	1	0	0	0	0	1	0	0	0	0	0	0	0	0	0	0	0	0	0	0	0	0	0	0	0	0.368
0	0	0	0	0	0	0	0	0.9	0	0	0	0	0	0	0	0	0	0	0	0	0	0	0	0	0	0	0	0	0	0	0	0	0.2	0	0	0	0	0	0	0.554	0.255
0	0	0	0	0	0	0	0	0	0	0	0	0	0	0	0	0	0	0	0	0	0	0	0	0	0	0	0	0	0	0.125	0	0	0	0	0.125	0	0	0	0	0	0.249
2.853	5.666	10.58	23.086	0	3.81	7.698	12.485	25.97	0	0	0	0	0	0	1	1	0.885	0.543	0	1	1	0.872	0.533	0	0	0	0	0	0	0	0	0	0	0.875	0	0	0.333	0	0.5	0	0.521
2.051	9.205	48.336	8.791	2.668	3.041	12.462	55.949	12.228	5.584	0	0	0	0	0	1	0.848	0.256	0.712	0.867	1	0.833	0.25	0.697	0.867	0	0	0	0	0	0.375	0	0.4	0	0	0.5	0	0.2	0	0	0	0.602
0	2.913	0	1.021	0.878	0	3.921	0	1.021	1.886	0	0	0	0	0	0	0.667	0	0	1	0	0.667	0	0	1	0	0	0	0	0	0	0	0	0	0	0	0	0	0.125	0	0.3	0.108
0	0	0	0	0	0	0	0	0	0	0	0	0	0	0	0	0	0	0	0	0	0	0	0	0	0	0	0	0	0	0	0	0	0	0	0	0	0	0	0	0.415	0.162
4.489	8.546	0	0	0	7.227	10.562	0	0	0	0	0	0	0	0	0.679	0.636	0	0	0	0.679	0.636	0	0	0	0	0	0	0	0	0	0	0	0.2	0	0.333	0	0	0	0	0.298	0.341
0	0	0	0	0	0	0.9	0	0	0	0	0	0	0	0	0	0	0	0	0	0	0	0	0	0	0	0	0	0	0	0	0.2	0	0	0	0	0	0	0	0	0.415	0.232
6.551	0	0	0	7.519	6.551	0	0	0	8.595	0.885	0	0	0	2.004	1	0	0	0	1	1	0	0	0	0.972	0	0	0	0	1	0.2	0.6	0.333	1	1	0	0	0	1	1	0	0.304
11.188	0	28.456	7.519	1.858	11.188	0	28.296	8.595	2.884	3.537	0	5.999	2.004	0	0.788	0	0.492	1	1	0.773	0	0.479	0.972	1	0.333	0	0.267	1	0	0.4	1	0.2	1	0.5	0	1	0	1	0	0	0.455
0	0	9.916	0	8.791	2.821	0	14.244	0	12.228	0	0	0	0	0	0.667	0	0.791	0	0.712	0.667	0	0.78	0	0.697	0	0	0	0	0	0.125	0	0.5	0	0	0.25	0	0	0	0	0	0.402
0	0	0.898	2.802	2.815	0	0	1.798	3.706	3.72	0	0	0	0	0	0	0	0	0.833	0.833	0	0	0	0.833	0.833	0	0	0	0	0	0.2	0	0.2	0	0	0	0	0	0.4	0	0	0.343
0	0	0	0	0	0	0	0	0	0	0	0	0	0	0	0	0	0	0	0	0	0	0	0	0	0	0	0	0	0	0.333	0.25	0.5	0.875	0	1	0.75	0	1	0	0	0.879
0	0	0	0	0	0	0	0	0.86	0.86	0	0	0	0	0	0	0	0	0	0	0	0	0	0	0	0	0	0	0	0	0	0	0	0	0.6	0	0	0	0	0	0.055	0.645
3.592	11.019	42.364	0	0	4.663	12.836	48.818	0	0	0	2.844	1.978	0	0	1	0.78	0.27	0	0	1	0.756	0.265	0	0	0	0	0	0	0	0.2	0.25	0.667	0.25	0	0	0	0.667	0.5	1	0	0.433
0	27.637	0	0	14.987	0.949	31.126	0	0	16.196	0	0	0	0	0	0	0.49	0	0	0.867	0	0.478	0	0	0.842	0	0	0	0	0	0	0.429	0	0	0.8	0	0.429	0	0	0	0	0.372
52.755	0	6.585	0	1.902	59.349	0	7.709	1.822	2.9	0	0	0	0	0	0.238	0	0.929	1	1	0.233	0	0.929	1	1	0	0	0	0	0	0.889	0	0.5	0.2	0.8	0.889	0	0.5	0	0	0	0.332
2.913	1.021	0	0	0	3.921	1.021	0	0	0	0	0	0	0	0	0.667	0	0	0	0	0.667	0	0	0	0	0	0	0	0	0	0	0	0	0	0	0	0.125	0	0	0	0	0.239
0	0	1.029	0	0	0	0	1.029	0	0	0	0	0	0	0	0	0	0	0	0	0	0	0	0	0	0	0	0	0	0	0	0	0.25	1	0	0	0	0	1	0	0.419	0.521
0	0	0	0	0	0.921	0	0	0	0	0	0	0	0	0	0	0	0	0	0	0	0	0	0	0	0	0	0	0	0	0	0	0	0	0	0	0	0	0	0	0	0.249
0	36.79	0	0	0	0	40.201	0	0	0	0	0	0	0	0	0	0.326	0	0	0	0	0.318	0	0	0	0	0	0	0	0	1	0	1	0.4	0.6	0.2	0	1	1	0	0.298	0.960
0	38.618	0	0	12.385	0	45.416	0	0	13.432	0	9.309	0	0	2.015	0	0.298	0	0	0.78	0	0.29	0	0	0.78	0	0.139	0	0	1	0	0	0.375	0.2	0	0	0	0.5	0	0	0.419	0.251
0	0	0	0	0	0	0	0	0	0	0	0	0	0	0	0	0	0	0	0	0	0	0	0	0	0	0	0	0	0	0	0	0	0	0	0	0	0	0.143	0	0.899	0.209
0	0	0	2.685	6.551	0	0	0	2.685	6.551	0	0	0	0	0.885	0	0	0	1	1	0	0	0	1	1	0	0	0	0	0	1	0.5	0.6	0.4	0.2	1	0.125	0	0	0	0	0.994
0	0	0	-1	0	0	0	0	-1	0	0	0	0	-1	0	0	0	0	-1	0	0	0	0	-1	0	0	0	0	-1	0	0	0	0	-1	0	0	0	0.2	-1	0	0.42	0.812
1.006	0	0	0	1.854	1.006	0	0	0	2.715	1.006	0	0	0	0	0	0	0	0	1	0	0	0	0	1	0	0	0	0	0	0	0	0	0.2	0	0	0	0	0	0	0.016	0.463
0	0	0	4.489	0	0	0	0	7.227	0	0	0	0	0	0	0	0	0	0.679	0	0	0	0	0.679	0	0	0	0	0	0	0	0	0	0	0	0	0	0	0.333	0	0.717	0.139
11.446	3.891	0	0	0	12.506	5.619	0	0	0	2.008	2.65	0	0	0	0.577	0.133	0	0	0	0.577	0.133	0	0	0	0	0	0	0	0	0	0	0	0.2	0	0	0	0	0.4	0	0.717	0.238
0	0	0.876	0	0	0	0	1.754	0	0	0	0	0	0	0	0	0	0	0	0	0	0	0	0	0	0	0	0	0	0	0.75	0.4	0	0.4	0.4	0	0	0	0	0.2	0	0.968
0	17.496	0	0	0	0	19.478	0	0	0	0	3.915	0	0	0	0	0.737	0	0	0	0	0.716	0	0	0	0	0.167	0	0	0	0.4	0	0.889	0.2	0.4	0.2	0.25	1	0	0.2	0.195	0.591
2.778	1.902	3.632	6.585	0	3.656	2.9	4.768	7.709	0	0	0	0	0	0	1	1	1	0.929	0	1	1	0.9	0.929	0	0	0	0	0	0	0.2	0.8	0	0.5	0	0	0	0	0.5	0	0	0.460
0	0	0	0	1.078	0	0	0	0	1.078	0	0	0	0	1.078	0	0	0	0	0	0	0	0	0	0	0	0	0	0	0	0.714	0	0.6	0	0.429	1	0	0	0	0.143	0.196	0.914
0	0	0	0	0	0	0	0	0	0	0	0	0	0	0	0	0	0	0	0	0	0	0	0	0	0	0	0	0	0	0	0	0	0	0	0	0	0.25	0	0.778	0	0.580
0	0	1.078	0	0	0.86	0	3.005	0	0	0.86	0	3.005	0	0	0	0	0	0	0	0	0	0	0	0	0	0	0	0	0	0	0.4	0	0.25	0.667	0	0	0	0	0.333	0.298	0.351
0	0	0	0	5.825	0.869	0	0	0	6.694	0	0	0	0	0	0	0	0	0	0.714	0	0	0	0	0.714	0	0	0	0	0	0	0	0	0	0.333	0	0	0	0	0	0	0.243
0	0.876	0	0	-1	0	0.876	0	0	-1	0	0	0	0	-1	0	0	0	0	-1	0	0	0	0	-1	0	0	0	0	-1	0	0	0	0.5	-1	0	0	0	0	-1	0.898	0.999
0	0	0	0	0	0	0	0	0	0	0	0	0	0	0	0	0	0	0	0	0	0	0	0	0	0	0	0	0	0	0	0	0.714	0.25	0.6	0	0	1	0	0	0.718	0.382
