12.848	0	20.727	0	1.086	17.416	0	23.384	0	1.086	7.789	0	16.757	0	1.086	0.632	0	0.42	0	0	0.632	0	0.411	0	0	0.429	0	0.257	0	0	0.2	0.4	0	0	0	0.2	0.4	0.4	0	0	0.298	0.357
0	0.894	0	0	0	0	4.169	0	2.169	0	0	3.275	0	2.169	0	0	0.5	0	0	0	0	0.5	0	0	0	0	0.333	0	0	0	0	0	0	1	0	0	0	0	0	0	0.897	0.544
0	0	2.786	0	0	0	0	5.703	0	0	0	0	3.819	0	0	0	0	0.133	0	0	0	0	0.133	0	0	0	0	0.167	0	0	0.5	0.333	0	0	0	0	0	0	0	0	0	0.720
3.687	11.4	0	0	0	4.587	11.4	0	0	0.9	1.87	5.458	0	0	0.9	0.9	0.8	0	0	0	0.9	0.782	0	0	0	0	0.5	0	0	0	0.143	0.5	0.571	1	0.6	0	1	0	1	0.2	0.299	0.347
0	0	0	0	0	0	0	0	0	0	0	0	0	0	0	0	0	0	0	0	0	0	0	0	0	0	0	0	0	0	0	0	0	0	0	0	0	0	0	0	0	0.994
0	0	0	0	0	0	0	0	0	0	0	0	0	0	0	0	0	0	0	0	0	0	0	0	0	0	0	0	0	0	0	0	0	0	0	0	0	0	0	0.2	0.556	0.838
0.916	15.183	0	4.707	22.925	0.916	17.295	0	5.643	26.186	0	5.357	0	2.822	10.652	0	0.647	0	1	0.335	0	0.632	0	1	0.329	0	0.5	0	0.667	0.2	0	0	0.5	0	0	0	0	1	0.8	0.571	0.417	0.383
0	1.953	0	0	0	0	1.953	0	0	0	0	1.953	0	0	0	0	0	0	0	0	0	0	0	0	0	0	0	0	0	0	0	0.25	0.8	0	0.4	0	0	0.8	0	0.6	0	0.671
5.736	0	0.898	0	7.543	5.736	0	0.898	0	7.543	3.012	0	0.898	0	1.033	0.933	0	0	0	0.75	0.867	0	0	0	0.75	0.333	0	0	0	0	0	0.25	0	0	0	0	0	0	0	0	0	0.360
0	0	0	-1	0	0	0	0	-1	0	0	0	0	-1	0	0	0	0	-1	0	0	0	0	-1	0	0	0	0	-1	0	0	0	0	-1	0	0	0	0	-1	0	0.893	0.996
3.612	0	1.932	32.653	0	4.778	0	2.81	35.753	0	2.053	0	1.907	6.998	0	1	0	0.333	0.249	0	1	0	0.333	0.245	0	0	0	0	0	0	0.6	0	0	0	0.2	0.4	0	0	0	0.4	0	0.541
0	15.568	0	0.885	0	0	19.399	0	2.812	0	0	8.122	0	2.812	0	0	0.627	0	0.667	0	0	0.614	0	0.333	0	0	0.476	0	0.667	0	1	0.2	0.667	0.444	0	1	0	1	1	0	0.298	0.977
0	0	1.791	0.883	0	0	0	1.791	0.883	0	0	0	0.89	0.883	0	0	0	1	0	0	0	0	1	0	0	0	0	0	0	0	0	0	0	0	0	0	0	0	0	0	0.896	0.307
0	0	0	0	0	0	0	0	0	0	0	0	0	0	0	0	0	0	0	0	0	0	0	0	0	0	0	0	0	0	0	0	0	0	0	0	0	0	0	0	0.556	0.896
0	0	0	2.786	0	1.025	0	0.948	5.703	0	1.025	0	0.948	3.819	0	0	0	0	0.133	0	0	0	0	0.133	0	0	0	0	0.167	0	0	0	0	0	0	0	0	0	0	0	0.195	0.351
9.513	0	0	0	0	11.459	0	0	0.9	0	3.875	0	0	0.9	0	0.773	0	0	0	0	0.773	0	0	0	0	0.333	0	0	0	0	0.333	0	0	0.6	0.333	0	0	0	0.2	1	0.117	0.245
0	0	2.78	1.932	0	0	0	2.78	2.81	0	0	0	1.9	1.907	0	0	0	0.333	0.333	0	0	0	0.333	0.333	0	0	0	0	0	0	0.25	0.2	0.143	0	0	0.5	0.4	0	0	0.4	0	0.908
0	0	0	0	0	0	0	0	0	0	0	0	0	0	0	0	0	0	0	0	0	0	0	0	0	0	0	0	0	0	0	0	0	0	0	0	0	0.2	0	0.2	0.42	0.708
0	0.916	22.925	15.183	0	0	0.916	26.186	17.295	0	0	0	10.652	5.357	0	0	0	0.335	0.647	0	0	0	0.329	0.632	0	0	0	0.2	0.5	0	0.5	0	0	0	0.2	1	0	0.571	0	0	0	0.799
0	0	0	0	5.736	0	0	0	0	5.736	0	0	0	0	3.012	0	0	0	0	0.933	0	0	0	0	0.867	0	0	0	0	0.333	0	0	0.25	0.2	0	0	0	0	0	0	0.418	0.270
0	0	11.4	0	3.687	0	0	11.4	0	4.587	0	0	5.458	0	1.87	0	0	0.8	0	0.9	0	0	0.782	0	0.9	0	0	0.5	0	0	1	0.6	0.5	1	0.143	1	0.2	1	1	0	0	0.966
0	0	9.513	0	0	0	0.9	11.459	0	0	0	0.9	3.875	0	0	0	0	0.773	0	0	0	0	0.773	0	0	0	0	0.333	0	0	0	0.6	0.333	0.571	0	0	0.2	0	0	0	0.554	0.783
32.653	2.726	0	0	3.612	35.753	3.636	0	0	4.778	6.998	1.834	0	0	2.053	0.249	0.833	0	0	1	0.245	0.833	0	0	1	0	1	0	0	0	0	0	0	0	0.6	0	0	0	0	0.4	0.42	0.261
0	0	0	0	0	0	0	0	0	0	0	0	0	0	0	0	0	0	0	0	0	0	0	0	0	0	0	0	0	0	0.6	0.4	0.6	0.2	1	0.2	0	0.2	0.2	1	0	0.632
0	0	0	0	0	0	0	0	0	0	0	0	0	0	0	0	0	0	0	0	0	0	0	0	0	0	0	0	0	0	0	0	0	0	0	0	0	0	0	0	0.415	0.996
1.791	0	0	0	1.953	1.791	0	0	0	1.953	0.89	0	0	0	1.953	1	0	0	0	0	1	0	0	0	0	0	0	0	0	0	0	0	0	0	0.25	0	0	0	0	0	0.42	0.349
18.059	10.956	0	0	0.885	20.458	11.956	0	0	2.812	12.365	8.275	0	0	2.812	0.55	0.718	0	0	0.667	0.544	0.682	0	0	0.333	0.273	0.286	0	0	0.667	0.5	0.2	1	1	0.444	0.25	0.2	1	1	1	0	0.538
0	0	0	1.953	0	0	0	0	1.953	0	0	0	0	1.953	0	0	0	0	0	0	0	0	0	0	0	0	0	0	0	0	0.8	0	0.4	0.25	0.8	0.8	0	0.6	0	1	0	0.715
0	32.653	3.612	2.726	1.932	0	35.753	4.778	3.636	2.81	0	6.998	2.053	1.834	1.907	0	0.249	1	0.833	0.333	0	0.245	1	0.833	0.333	0	0	0	1	0	0	0	0.6	0	0	0	0	0.4	0	0	0.197	0.299
2.07	12.929	0	13.034	0	2.07	16.69	0.949	15.792	0.886	0	10.866	0.949	6.96	0.886	1	0.451	0	0.724	0	1	0.434	0	0.714	0	0	0.218	0	0.6	0	0	0	0	0	0	0	0	0	0	0	0	0.421
0	0	0	0	2.682	0.935	0	0	0	5.537	0.935	0	0	0	4.647	0	0	0	0	0.067	0	0	0	0	0.067	0	0	0	0	0.1	0.2	0	0	0	0.333	0.2	0	0	0	0	0	0.338
0	4.633	0.894	0	0	0.93	8.462	3.598	0	0.939	0.93	3.829	2.704	0	0.939	0	0.639	0.5	0	0	0	0.639	0.5	0	0	0	0.5	0.333	0	0	0.667	0	0	0.2	0	0	0	0	0	0	0.893	0.568
0	6.72	0	20.592	0	0.898	7.615	0	24.539	0	0.898	3.766	0	11.424	0	0	0.571	0	0.438	0	0	0.571	0	0.431	0	0	0.167	0	0.291	0	0	0	0.2	0	0	0	0	0	0	0	0.298	0.218
0	0	12.848	10.077	20.727	0	0	17.416	13.809	23.384	0	0	7.789	8.938	16.757	0	0	0.632	0.846	0.42	0	0	0.632	0.821	0.411	0	0	0.429	0.5	0.257	0.4	0	0.2	0	0	0.4	0	0.2	0	0.4	0	0.874
0	0	0	0	2.786	0	0	0	1.94	5.703	0	0	0	1.94	3.819	0	0	0	1	0.133	0	0	0	1	0.133	0	0	0	1	0.167	0.333	0	0.5	0	0	0	0	0	0	0	0.419	0.337
4.633	0	0	22.925	0.894	8.462	0	0.93	26.186	3.598	3.829	0	0.93	10.652	2.704	0.639	0	0	0.335	0.5	0.639	0	0	0.329	0.5	0.5	0	0	0.2	0.333	0	0.2	0.667	0	0	0	0	0	0.571	0	0.9	0.204
0	0	0	0	0	0	0	0	0	0	0	0	0	0	0	0	0	0	0	0	0	0	0	0	0	0	0	0	0	0	0	0	0	0	0	0	0.333	0	0	0	0.896	0.892
0	0	-1	0	-1	0	0	-1	0	-1	0	0	-1	0	-1	0	0	-1	0	-1	0	0	-1	0	-1	0	0	-1	0	-1	0	0	-1	0	-1	0	0	-1	0	-1	0.896	0.996
0.883	7.543	0	0.898	0	0.883	7.543	0	0.898	0	0.883	1.033	0	0.898	0	0	0.75	0	0	0	0	0.75	0	0	0	0	0	0	0	0	0	0	0	0	0	0	0	0	0	0	0.056	0.405
16.677	7.002	0.931	0	0	19.673	8.006	1.833	0	0	8.082	5.977	1.833	0	0	0.579	0.964	1	0	0	0.568	0.964	1	0	0	0.321	0.6	1	0	0	0	0.375	0	0.6	0.2	0	0.5	0	0.4	0.4	0.714	0.241
2.726	0	32.653	2.728	0	3.636	0	35.753	5.598	0	1.834	0	6.998	4.705	0	0.833	0	0.249	0.467	0	0.833	0	0.245	0.467	0	1	0	0	0.2	0	0	0	0	0	0	0	0	0	0	0	0.296	0.114
0	0	0	0	0	0	0	0	0	0.935	0	0	0	0	0.935	0	0	0	0	0	0	0	0	0	0	0	0	0	0	0	0	0	0	0	0.2	0	0	0	0	0.2	0.419	0.436
0	18.059	0.885	10.956	15.568	0	20.458	2.812	11.956	19.399	0	12.365	2.812	8.275	8.122	0	0.55	0.667	0.718	0.627	0	0.544	0.333	0.682	0.614	0	0.273	0.667	0.286	0.476	1	0.5	0.444	0.2	0.2	1	0.25	1	0.2	0	0	0.906
15.183	4.707	0.916	0	0	17.295	5.643	0.916	0	0	5.357	2.822	0	0	0	0.647	1	0	0	0	0.632	1	0	0	0	0.5	0.667	0	0	0	0	0	0	1	0.5	0	0.8	0	1	1	0.414	0.262
0	1.838	0	0	0	0	3.627	0	0.886	0	0	1.789	0	0.886	0	0	0.833	0	0	0	0	0.833	0	0	0	0	1	0	0	0	0	0	0	0	0	0	0	0	0	0	0.717	0.211
0	0	0	1.838	2.728	0	0	0	3.627	5.598	0	0	0	1.789	4.705	0	0	0	0.833	0.467	0	0	0	0.833	0.467	0	0	0	1	0.2	0	0	0	0	0	0	0	0	0	0	0.897	0.332
0.894	0	0	0	0	4.169	2.169	0	1.972	0	3.275	2.169	0	1.972	0	0.5	0	0	1	0	0.5	0	0	1	0	0.333	0	0	1	0	0	1	0	0	0	0	0	0	0	0	0.717	0.447
0	0	0	0	0	0	0.948	0	1.025	0	0	0.948	0	1.025	0	0	0	0	0	0	0	0	0	0	0	0	0	0	0	0	0	0	0	0	0	0	0	0	0	0	0.899	0.271
0	0	0	0	0	0	0	0	0	0	0	0	0	0	0	0	0	0	0	0	0	0	0	0	0	0	0	0	0	0	0	0	0	0	0	0	0	0	0.2	0	0	0.507
4.707	0	15.183	0	0.916	5.643	0	17.295	0	0.916	2.822	0	5.357	0	0	1	0	0.647	0	0	1	0	0.632	0	0	0.667	0	0.5	0	0	0	1	0	0	0	0.8	1	0	0.4	0	0	0.623
0	0	0	6.72	0	0	0.898	0	7.615	0	0	0.898	0	3.766	0	0	0	0	0.571	0	0	0	0	0.571	0	0	0	0	0.167	0	0.2	0	0	0	0	0	0	0	0	0	0	0.410
0	1.791	1.953	0	0	0	1.791	1.953	0	0	0	0.89	1.953	0	0	0	1	0	0	0	0	1	0	0	0	0	0	0	0	0	0	0	0.25	0	0	0	0	0	0	0	0.896	0.318
0.894	0	0	4.633	2.835	3.598	0.93	0.939	8.462	8.632	2.704	0.93	0.939	3.829	7.729	0.5	0	0	0.639	0.222	0.5	0	0	0.639	0.222	0.333	0	0	0.5	0.143	0	0.667	0	0	0.2	0	0	0	0	0	0.42	0.378
0	10.077	0	0	12.848	0	13.809	0	0	17.416	0	8.938	0	0	7.789	0	0.846	0	0	0.632	0	0.821	0	0	0.632	0	0.5	0	0	0.429	0	0	0.4	0	0.2	0	0	0.4	0	0.2	0	0.598
0	0	0	0	0	0	0	0	0	0.916	0	0	0	0	0.916	0	0	0	0	0	0	0	0	0	0	0	0	0	0	0	0	0.4	0.75	0.4	0	0.667	0	0.875	1	0	0	0.608
0	3.687	0	11.4	0	0	4.587	0.9	11.4	0	0	1.87	0.9	5.458	0	0	0.9	0	0.8	0	0	0.9	0	0.782	0	0	0	0	0.5	0	0.571	0.143	0.6	0.5	0	0	0	0.2	1	0	0.897	0.846
0	0	0	11.407	0	0	0	0	13.354	0	0	0	0	4.889	0	0	0	0	0.451	0	0	0	0	0.44	0	0	0	0	0.3	0	0.4	0.4	0	0.8	0.75	0	1	0.667	1	0.875	0.292	0.321
12.929	13.034	2.07	6.538	0	16.69	15.792	2.07	10.595	0.949	10.866	6.96	0	5.035	0.949	0.451	0.724	1	0.764	0	0.434	0.714	1	0.745	0	0.218	0.6	0	0.5	0	0	0	0	0	0	0	0	0	0	0	0.297	0.276
7.002	0	16.677	4.808	0.931	8.006	0	19.673	6.68	1.833	5.977	0	8.082	4.704	1.833	0.964	0	0.579	0.571	1	0.964	0	0.568	0.571	1	0.6	0	0.321	0.4	1	0.375	0.6	0	0	0	0.5	0.4	0	0.333	0	0.2	0.540
0	0	0	0	0	0	0	0	0	0	0	0	0	0	0	0	0	0	0	0	0	0	0	0	0	0	0	0	0	0	0	0	0	0	0	0.333	0	0	0	0	0.893	0.751
0	0	0	0	0	0	0	0	0	0	0	0	0	0	0	0	0	0	0	0	0	0	0	0	0	0	0	0	0	0	0	0	0	0	0	0	0	0	0	0	0	0.989
2.682	0	0	0	0	5.537	0	0	0.935	0.924	4.647	0	0	0.935	0.924	0.067	0	0	0	0	0.067	0	0	0	0	0.1	0	0	0	0	0.333	0	0.4	0.2	0.25	0	0	0.2	0.2	0	0.297	0.290
0	0.883	0	7.543	1.791	0	0.883	0	7.543	1.791	0	0.883	0	1.033	0.89	0	0	0	0.75	1	0	0	0	0.75	1	0	0	0	0	0	0	0	0	0	0	0	0	0	0	0	0.556	0.370
0	0	0	0	0	0	0	0	0	0	0	0	0	0	0	0	0	0	0	0	0	0	0	0	0	0	0	0	0	0	0	0	0	0	0	0	0	0	0	0	0.556	0.869
0	0	0	0	-1	0	0	0	0	-1	0	0	0	0	-1	0	0	0	0	-1	0	0	0	0	-1	0	0	0	0	-1	0	0	0	0	-1	0	0	0	0.333	-1	0.896	0.959
0	0	0	0	0	0	0	0	0	0	0	0	0	0	0	0	0	0	0	0	0	0	0	0	0	0	0	0	0	0	0.2	0	0.4	0	0.6	0.2	0	0	0	0.2	0	0.395
0	0	0	0	0	0	0	0	0	0	0	0	0	0	0	0	0	0	0	0	0	0	0	0	0	0	0	0	0	0	0	0	0	0	0	0	0	0	0	0	0.415	0.986
1.953	0	0	1.791	0	1.953	0	0	1.791	0	1.953	0	0	0.89	0	0	0	0	1	0	0	0	0	1	0	0	0	0	0	0	0.25	0	0	0	0.8	0	0	0	0	0.8	0.197	0.263
0	0	0	0	0	0	0	0	0.898	0	0	0	0	0.898	0	0	0	0	0	0	0	0	0	0	0	0	0	0	0	0	0	0.2	0	0	0.25	0	0	0	0	0	0.415	0.425
0	0	10.956	0	18.059	0	0	11.956	0	20.458	0	0	8.275	0	12.365	0	0	0.718	0	0.55	0	0	0.682	0	0.544	0	0	0.286	0	0.273	1	0.8	0.2	0.4	0.5	1	1	0.2	0.6	0.25	0	0.996
0	2.78	0	0	4.707	0	2.78	0	0	5.643	0	1.9	0	0	2.822	0	0.333	0	0	1	0	0.333	0	0	1	0	0	0	0	0.667	0	0.143	1	0.25	0	0.4	0	1	0.5	0.8	0.419	0.618
1.838	0	0	0	0	3.627	0.886	0	0.949	0	1.789	0.886	0	0.949	0	0.833	0	0	0	0	0.833	0	0	0	0	1	0	0	0	0	0	0	0	0	0	0	0	0	0	0	0.42	0.108
10.077	0	0	0	0	13.809	0	0	0	0	8.938	0	0	0	0	0.846	0	0	0	0	0.821	0	0	0	0	0.5	0	0	0	0	0	0	0	0.667	0.4	0	0	0	1	0.4	0.556	0.450
11.4	0	3.687	0	0	11.4	0	4.587	0	0	5.458	0	1.87	0	0	0.8	0	0.9	0	0	0.782	0	0.9	0	0	0.5	0	0	0	0	0.5	1	0.143	0.6	0.571	1	1	0	0.2	0	0.196	0.608
0	0.894	2.835	0	1.971	0.939	3.598	8.632	0.93	6.224	0.939	2.704	7.729	0.93	5.258	0	0.5	0.222	0	0.133	0	0.5	0.222	0	0.133	0	0.333	0.143	0	0	0	0	0.2	0.667	0	0	0	0	0	0	0.713	0.254
0	0	0	0	0	0	0	0	0	0	0	0	0	0	0	0	0	0	0	0	0	0	0	0	0	0	0	0	0	0	0	0	0	0	0	0	0	0	0	0	0.415	0.923
0	0	0	0	0	0	0	0	0	0	0	0	0	0	0	0	0	0	0	0	0	0	0	0	0	0	0	0	0	0	0	0	0	0	0.2	0	0	0	0	0.2	0.713	0.219
0	0	0	0	0	0	0	0	0	0	0	0	0	0	0	0	0	0	0	0	0	0	0	0	0	0	0	0	0	0	0	0	0	0	0	0	0.2	0	0.2	0	0.197	0.604
0	0	0	0	0	0	0	0	0	0	0	0	0	0	0	0	0	0	0	0	0	0	0	0	0	0	0	0	0	0	0	0	0	0	0	0	0	0.333	0	0	0.717	0.709
0.898	5.736	7.543	0	0.883	0.898	5.736	7.543	0	0.883	0.898	3.012	1.033	0	0.883	0	0.933	0.75	0	0	0	0.867	0.75	0	0	0	0.333	0	0	0	0	0	0	0.25	0	0	0	0	0	0	0.556	0.234
0	0	0	0.894	0	0	0	0	4.169	0	0	0	0	3.275	0	0	0	0	0.5	0	0	0	0	0.5	0	0	0	0	0.333	0	0	0	0	0	0	0	0	0	0	0	0.197	0.402
0.885	0	15.568	18.059	0	2.812	0	19.399	20.458	0	2.812	0	8.122	12.365	0	0.667	0	0.627	0.55	0	0.333	0	0.614	0.544	0	0.667	0	0.476	0.273	0	0.444	1	0.2	0.5	1	1	1	0	0.25	1	0.298	0.504
0	-1	0	-1	0	0	-1	0	-1	0	0	-1	0	-1	0	0	-1	0	-1	0	0	-1	0	-1	0	0	-1	0	-1	0	0	-1	0	-1	0	0	-1	0	-1	0	0.899	0.996
4.808	0	0	0	7.002	6.68	0	0	0.916	8.006	4.704	0	0	0.916	5.977	0.571	0	0	0	0.964	0.571	0	0	0	0.964	0.4	0	0	0	0.6	0	0.4	0.6	0	0.375	0.333	0.8	0.4	0	0.5	0.117	0.312
0	0	2.728	0	0	0	0	5.598	0	0	0	0	4.705	0	0	0	0	0.467	0	0	0	0	0.467	0	0	0	0	0.2	0	0	0	0	0	0	0	0	0	0	0	0	0.896	0.251
2.835	0	1.971	0.894	0	8.632	0.939	6.224	3.598	1.972	7.729	0.939	5.258	2.704	1.972	0.222	0	0.133	0.5	1	0.222	0	0.133	0.5	1	0.143	0	0	0.333	1	0.2	0	0	0	0	0	0	0	0	0	0.296	0.419
0	0	0	0	0	0	0	0.916	0	0	0	0	0.916	0	0	0	0	0	0	0	0	0	0	0	0	0	0	0	0	0	0.75	0	0	0.4	0.4	0.875	0.667	0	0	0.8	0	0.678
13.034	6.538	12.929	1.086	2.07	15.792	10.595	16.69	1.086	2.07	6.96	5.035	10.866	1.086	0	0.724	0.764	0.451	0	1	0.714	0.745	0.434	0	1	0.6	0.5	0.218	0	0	0	0	0	0	0	0	0	0	0	0	0.554	0.432
0	0.931	20.592	16.677	6.72	0	1.833	24.539	19.673	7.615	0	1.833	11.424	8.082	3.766	0	1	0.438	0.579	0.571	0	1	0.431	0.568	0.571	0	1	0.291	0.321	0.167	0.2	0	0	0	0	0.4	0	0	0	0	0	0.592
10.956	0	18.059	0	0	11.956	0	20.458	0	0	8.275	0	12.365	0	0	0.718	0	0.55	0	0	0.682	0	0.544	0	0	0.286	0	0.273	0	0	0.2	1	0.5	0.8	1	0.2	1	0.25	1	1	0	0.438
0	0	1.838	2.07	0	0.886	0.949	3.627	2.07	0	0.886	0.949	1.789	0	0	0	0	0.833	1	0	0	0	0.833	1	0	0	0	1	0	0	0	0	0	0	0	0	0	0	0	0	0.557	0.236
0	0	0	0	0	0	0	0	0	0	0	0	0	0	0	0	0	0	0	0	0	0	0	0	0	0	0	0	0	0	0.4	0.2	0.6	0	0.6	0	0.2	0.2	0	0.2	0	0.460
0	0	2.682	0	0	0	0.935	5.537	0	0	0	0.935	4.647	0	0	0	0	0.067	0	0	0	0	0.067	0	0	0	0	0.1	0	0	0	0.2	0.333	0	0.4	0	0.2	0	0	0.2	0.554	0.219
0	0	0	0	0	0	0	0	0	0	0	0	0	0	0	0	0	0	0	0	0	0	0	0	0	0	0	0	0	0	0	0	0.2	0	0.4	0	0	0.2	0	0	0.414	0.328
15.568	0.885	0	0	0	19.399	2.812	0	0	0	8.122	2.812	0	0	0	0.627	0.667	0	0	0	0.614	0.333	0	0	0	0.476	0.667	0	0	0	0.2	0.444	1	1	0.667	0	1	1	1	1	0.296	0.436
0	0	10.077	0	0	0	0	13.809	0	0	0	0	8.938	0	0	0	0	0.846	0	0	0	0	0.821	0	0	0	0	0.5	0	0	0	0.667	0	1	0	0	1	0	1	0	0	0.740
7.543	0.898	0.883	5.736	0	7.543	0.898	0.883	5.736	0	1.033	0.898	0.883	3.012	0	0.75	0	0	0.933	0	0.75	0	0	0.867	0	0	0	0	0.333	0	0	0	0	0	0	0	0	0	0	0	0.414	0.218
1.086	20.727	6.538	12.848	13.034	1.086	23.384	10.595	17.416	15.792	1.086	16.757	5.035	7.789	6.96	0	0.42	0.764	0.632	0.724	0	0.411	0.745	0.632	0.714	0	0.257	0.5	0.429	0.6	0	0	0	0.2	0	0	0.4	0	0.2	0	0	0.578
0	0	0	2.682	0	0.924	0	1.94	5.537	0	0.924	0	1.94	4.647	0	0	0	1	0.067	0	0	0	1	0.067	0	0	0	1	0.1	0	0.25	0.4	0	0.333	0	0	0.2	0	0	0	0.415	0.340
1.971	2.835	0	0	0	6.224	8.632	1.972	0.939	2.169	5.258	7.729	1.972	0.939	2.169	0.133	0.222	1	0	0	0.133	0.222	1	0	0	0	0.143	1	0	0	0	0.2	0	0	1	0	0	0	0	0	0.119	0.235
0	2.07	0	12.929	1.838	0.949	2.07	0.886	16.69	3.627	0.949	0	0.886	10.866	1.789	0	1	0	0.451	0.833	0	1	0	0.434	0.833	0	0	0	0.218	1	0	0	0	0	0	0	0	0	0	0	0.417	0.226
0	4.808	7.002	0	16.677	0	6.68	8.006	0	19.673	0	4.704	5.977	0	8.082	0	0.571	0.964	0	0.579	0	0.571	0.964	0	0.568	0	0.4	0.6	0	0.321	0.6	0	0.375	0.4	0	0.4	0.333	0.5	0.8	0	0	0.807
0	0	0	0	4.808	0.916	0	0	0	6.68	0.916	0	0	0	4.704	0	0	0	0	0.571	0	0	0	0	0.571	0	0	0	0	0.4	0	0.75	0.4	0	0	0	0.875	0.8	0.667	0.333	0.195	0.310
0	0	4.707	2.78	15.183	0	0	5.643	2.78	17.295	0	0	2.822	1.9	5.357	0	0	1	0.333	0.647	0	0	1	0.333	0.632	0	0	0.667	0	0.5	1	0	0	0.143	0	1	0.4	0.8	0	0	0.298	0.977
0.931	16.677	0	7.002	20.592	1.833	19.673	0	8.006	24.539	1.833	8.082	0	5.977	11.424	1	0.579	0	0.964	0.438	1	0.568	0	0.964	0.431	1	0.321	0	0.6	0.291	0	0	0.2	0.375	0	0	0	0.4	0.5	0	0.415	0.355
6.538	1.086	13.034	20.727	12.929	10.595	1.086	15.792	23.384	16.69	5.035	1.086	6.96	16.757	10.866	0.764	0	0.724	0.42	0.451	0.745	0	0.714	0.411	0.434	0.5	0	0.6	0.257	0.218	0	0	0	0	0	0	0	0	0.4	0	0	0.318
0	0	0	0	0	0	0	0	0	0	0	0	0	0	0	0	0	0	0	0	0	0	0	0	0	0	0	0	0	0	0.4	0.8	0.8	0	1	0.6	0.8	1	0	1	0	0.796
0	11.407	0	0	0	0	13.354	0	0	0	0	4.889	0	0	0	0	0.451	0	0	0	0	0.44	0	0	0	0	0.3	0	0	0	0.4	0.8	0.4	0.333	0	1	1	0	1	0.667	0	0.832
0	0	0	0	0	0	0	0	0	0	0	0	0	0	0	0	0	0	0	0	0	0	0	0	0	0	0	0	0	0	0	0	0	0	0	0	0	0	0	0.333	0.059	0.511
2.728	0	0	0	2.726	5.598	0	0	0	3.636	4.705	0	0	0	1.834	0.467	0	0	0	0.833	0.467	0	0	0	0.833	0.2	0	0	0	1	0	0	0	0	0	0	0	0	0	0	0.894	0.119
0	0	0	0	0	0.948	1.025	0	0	0	0.948	1.025	0	0	0	0	0	0	0	0	0	0	0	0	0	0	0	0	0	0	0	0	0	0	0	0	0	0	0	0	0.299	0.215
0	0	0	0	0	0	1.94	0	0.924	0	0	1.94	0	0.924	0	0	1	0	0	0	0	1	0	0	0	0	1	0	0	0	0	0	0.333	0.25	0.5	0	0	0	0	0	0.718	0.268
0	1.932	0	3.612	2.78	0	2.81	0	4.778	2.78	0	1.907	0	2.053	1.9	0	0.333	0	1	0.333	0	0.333	0	1	0.333	0	0	0	0	0	0.2	0	0.25	0.6	0.143	0.4	0	0.5	0.4	0	0	0.677
0	0	0	0	0	0	0	0	0	0	0	0	0	0	0	0	0	0	0	0	0	0	0	0	0	0	0	0	0	0	0	0	0	0	0	0	0	0	0	0	0.559	0.572
0	0	5.736	0	0.898	0	0	5.736	0	0.898	0	0	3.012	0	0.898	0	0	0.933	0	0	0	0	0.867	0	0	0	0	0.333	0	0	0.25	0	0	0	0	0	0	0	0	0	0	0.696
0	0	0	0	0	0	0	0	0	0	0	0	0	0	0	0	0	0	0	0	0	0	0	0	0	0	0	0	0	0	0	0	0	0	0	0	0	0	0	0	0.117	0.977
0	0	0	0	0	0	0	0	0	0	0	0	0	0	0	0	0	0	0	0	0	0	0	0	0	0	0	0	0	0	0	0	0	0	0	0.2	0	0.2	0	0	0.117	0.618
0	0	0	15.568	10.077	0	0	0	19.399	13.809	0	0	0	8.122	8.938	0	0	0	0.627	0.846	0	0	0	0.614	0.821	0	0	0	0.476	0.5	0.667	1	0	0.2	0	1	1	0	0	0	0	0.947
0	0	0	0	0	0	0	0	0	0	0	0	0	0	0	0	0	0	0	0	0	0	0	0	0	0	0	0	0	0	0.6	0.6	1	0.4	0.6	0.2	0.2	1	0	0.2	0	0.735
0	9.513	0	0	11.407	0	11.459	0	0	13.354	0	3.875	0	0	4.889	0	0.773	0	0	0.451	0	0.773	0	0	0.44	0	0.333	0	0	0.3	0	0.333	0.333	0	0.8	0	0	1	0	1	0.417	0.701
0	1.971	0	2.835	0.894	1.972	6.224	2.169	8.632	4.169	1.972	5.258	2.169	7.729	3.275	1	0.133	0	0.222	0.5	1	0.133	0	0.222	0.5	1	0	0	0.143	0.333	0	0	1	0.2	0	0	0	0	0	0	0.419	0.304
0	0	0	3.687	9.513	0.9	0	0	4.587	11.459	0.9	0	0	1.87	3.875	0	0	0	0.9	0.773	0	0	0	0.9	0.773	0	0	0	0	0.333	0.6	0.571	0	0.143	0.333	0.2	0	0	0	0	0.419	0.389
22.925	0	0	0.916	4.633	26.186	0	0	0.916	8.462	10.652	0	0	0	3.829	0.335	0	0	0	0.639	0.329	0	0	0	0.639	0.2	0	0	0	0.5	0	0.5	0.2	0	0	0.571	1	0	0	0	0.418	0.347
0	0	0	0	11.4	0	0	0	0	11.4	0	0	0	0	5.458	0	0	0	0	0.8	0	0	0	0	0.782	0	0	0	0	0.5	0.6	1	1	0.6	0.5	0.2	1	1	0.2	1	0	0.782
6.72	20.592	0	0	0	7.615	24.539	0.898	0	0	3.766	11.424	0.898	0	0	0.571	0.438	0	0	0	0.571	0.431	0	0	0	0.167	0.291	0	0	0	0	0	0	0.2	0.2	0	0	0	0.4	0	0.558	0.160
0	0	0	0	10.956	0	0	0	0	11.956	0	0	0	0	8.275	0	0	0	0	0.718	0	0	0	0	0.682	0	0	0	0	0.286	0.8	0.4	1	0.8	0.2	1	0.6	1	0.8	0.2	0	0.761
2.786	0	0	0	0	5.703	0	0	0	1.025	3.819	0	0	0	1.025	0.133	0	0	0	0	0.133	0	0	0	0	0.167	0	0	0	0	0	0.5	0	0.333	0	0	0	0	0	0	0.299	0.288
11.407	0	0	0	0	13.354	0	0	0	0	4.889	0	0	0	0	0.451	0	0	0	0	0.44	0	0	0	0	0.3	0	0	0	0	0.8	0.333	0.4	0	0.4	1	1	1	0	0	0	0.467
0	2.682	0	0	0	0	5.537	0.924	0	1.94	0	4.647	0.924	0	1.94	0	0.067	0	0	1	0	0.067	0	0	1	0	0.1	0	0	1	0.4	0.333	0.25	0	0	0.2	0	0	0	0	0	0.539
0	2.728	2.726	0	32.653	0	5.598	3.636	0	35.753	0	4.705	1.834	0	6.998	0	0.467	0.833	0	0.249	0	0.467	0.833	0	0.245	0	0.2	1	0	0	0	0	0	0	0	0	0	0	0	0	0.893	0.132
0	0	0	0	0	0	0	0	0	0	0	0	0	0	0	0	0	0	0	0	0	0	0	0	0	0	0	0	0	0	0	0	0	0	0	0.2	0.2	0	0	0	0.557	0.550
2.78	0	0	0	0	2.78	0	0	0	0	1.9	0	0	0	0	0.333	0	0	0	0	0.333	0	0	0	0	0	0	0	0	0	0.143	0.25	0	0.2	1	0	0.5	0.4	0.4	1	0.299	0.288
0	0	0	0	0	0	0	0	0	0	0	0	0	0	0	0	0	0	0	0	0	0	0	0	0	0	0	0	0	0	0	0	0	0	0	0	0	0	0	0	0.419	0.996
1.932	3.612	0	0	0	2.81	4.778	0	0	0	1.907	2.053	0	0	0	0.333	1	0	0	0	0.333	1	0	0	0	0	0	0	0	0	0	0.6	0.2	0	0.25	0	0.4	0.4	0	0.5	0	0.248
20.727	12.848	1.086	0	6.538	23.384	17.416	1.086	0	10.595	16.757	7.789	1.086	0	5.035	0.42	0.632	0	0	0.764	0.411	0.632	0	0	0.745	0.257	0.429	0	0	0.5	0	0.2	0	0.4	0	0.4	0.2	0	0.4	0	0.419	0.360
0	0	0	0	0	0	0	0.935	0	0	0	0	0.935	0	0	0	0	0	0	0	0	0	0	0	0	0	0	0	0	0	0	0	0.2	0	0	0	0	0.2	0	0	0.554	0.365
20.592	0	6.72	0.931	0	24.539	0	7.615	1.833	0.898	11.424	0	3.766	1.833	0.898	0.438	0	0.571	1	0	0.431	0	0.571	1	0	0.291	0	0.167	1	0	0	0.2	0	0	0	0	0.4	0	0	0	0.294	0.263
0	0	0	0	0	0	0	0	0	0	0	0	0	0	0	0	0	0	0	0	0	0	0	0	0	0	0	0	0	0	1	0.6	0.6	0.6	1	1	0.2	0.2	0.2	1	0	0.974
0	0	0.894	1.971	0	2.169	1.972	4.169	6.224	0	2.169	1.972	3.275	5.258	0	0	1	0.5	0.133	0	0	1	0.5	0.133	0	0	1	0.333	0	0	1	0	0	0	0	0	0	0	0	0	0.119	0.554
0	0	4.808	0	0	0	0.916	6.68	0	0	0	0.916	4.704	0	0	0	0	0.571	0	0	0	0	0.571	0	0	0	0	0.4	0	0	0.4	0	0	0.75	0.6	0.8	0	0.333	0.875	0.4	0.299	0.632
0	0	0	0	0	0	0	0	0.948	0	0	0	0	0.948	0	0	0	0	0	0	0	0	0	0	0	0	0	0	0	0	0	0	0	0	0	0	0	0	0	0	0.718	0.158
0	0	0	0	0	0	0	0	0	0	0	0	0	0	0	0	0	0	0	0	0	0	0	0	0	0	0	0	0	0	0	0	0	0	0	0	0	0	0	0	0	0.950
0	0	11.407	9.513	0	0	0	13.354	11.459	0	0	0	4.889	3.875	0	0	0	0.451	0.773	0	0	0	0.44	0.773	0	0	0	0.3	0.333	0	0.333	0	0.8	0.333	0.4	1	0	1	0	1	0	0.797
0	0	0	0	0	1.94	0.924	0	0	0	1.94	0.924	0	0	0	1	0	0	0	0	1	0	0	0	0	1	0	0	0	0	0	0.25	0	0.4	0.333	0	0	0	0.2	0	0.415	0.340
0	2.786	0	0	0	0	5.703	1.025	0	0.948	0	3.819	1.025	0	0.948	0	0.133	0	0	0	0	0.133	0	0	0	0	0.167	0	0	0	0	0	0	0.5	0	0	0	0	0	0	0.713	0.225
0	22.925	4.633	0	0	0	26.186	8.462	0	0.93	0	10.652	3.829	0	0.93	0	0.335	0.639	0	0	0	0.329	0.639	0	0	0	0.2	0.5	0	0	0.2	0	0	0.5	0.667	0	0.571	0	1	0	0.198	0.244
