0	0	0	15.002	0	0	0	0	15.002	0	0	0	0	4.696	0	0	0	0	0.588	0	0	0	0	0.515	0	0	0	0	0.6	0	0	0.2	0	0.556	0	0	0	0	0	0	0	0.453
19.076	16.527	0	4.522	0	17.851	16.506	0	4.489	0.858	11.066	8.237	0	8.203	1.67	0.412	0.489	0	0.711	0	0.353	0.485	0	0.9	0	0.527	0.667	0	0.611	0	0.333	0	0	0.2	0.2	0	0	0	0.8	0	0	0.141
0	0	0.855	25.034	0	0	0	1.868	23.602	0	0	0	1.868	9.255	0	0	0	1	0.283	0	0	0	0	0.262	0	0	0	1	0.139	0	0	0.2	0	0.4	0	0	0	0	0.8	0	0.556	0.286
0	0	0	0	0	0	0	0	0	0	0	0	0	0	0	0	0	0	0	0	0	0	0	0	0	0	0	0	0	0	0	0	0	0	0	0	0	0	0	0	0.898	0.457
0	0	0	0	0	0	0	0	0	0	0	0	0	0	0	0	0	0	0	0	0	0	0	0	0	0	0	0	0	0	0	0	0	0	0	0	0	0	0	0	0.557	0.735
0	0	0	0	0	0	0	0	0	0	0	0	0	0	0	0	0	0	0	0	0	0	0	0	0	0	0	0	0	0	0.2	0.2	0.2	0.333	0.429	0	0	0	0.333	0	0	0.318
0	0	0.902	0	1.075	0	0.82	0	0	1.075	0	0.82	0.902	0	1.075	0	0	0	0	0	0	0	0	0	0	0	0	0	0	0	0	0	0	0	0	0	0	0	0	0	0.414	0.180
0	0.869	0	0	0	0	0.869	0	0	0	0	0.869	0	0	0	0	0	0	0	0	0	0	0	0	0	0	0	0	0	0	0	0.143	0.2	0	0	0	0	0.2	0	0	0.42	0.559
0	0	0	0	0	0	0	0.817	0	0	0	0	0.817	0	0	0	0	0	0	0	0	0	0	0	0	0	0	0	0	0	0	0	0	0	0	0	0	0	0	0	0.555	0.151
0	0.866	2.812	0	1.032	0	0.866	2.812	0	1.032	0	0.866	1.997	0	1.032	0	0	0	0	0	0	0	0	0	0	0	0	0	0	0	0	0.4	0	0	0	0	0	0	0	0	0	0.470
0	0	0	0	15.002	0	0	0	0	15.002	0	0	0	0	4.696	0	0	0	0	0.588	0	0	0	0	0.515	0	0	0	0	0.6	0	0.5	0.4	0	0.556	0	0	0	0	0	0	0.748
0	0	0	0	2.564	2.733	1.689	2.911	0	5.629	2.733	1.689	2.911	0	3.065	0.333	0	0	0	0.267	0.333	0	0	0	0.267	0.333	0	0	0	0.333	0	0	0	0	0	0	0	0	0	0	0.19	0.174
0	0	0	0	0	0	0	0	0	0	0	0	0	0	0	0	0	0	0	0	0	0	0	0	0	0	0	0	0	0	0	0	0	0.25	0	0	0	0	0	0	0.296	0.295
0	1.075	0.869	0.902	0	0	1.075	1.689	0	0	0	1.075	1.689	0.902	0	0	0	0	0	0	0	0	0	0	0	0	0	0	0	0	0	0	0.333	0	0	0	0	0	0	0	0.556	0.248
0	0	0	0	17.3	0	0	0	0	17.99	0	0	0	0	5.829	0	0	0	0	0.548	0	0	0	0	0.662	0	0	0	0	0.333	0	0	0	0	0.6	1	0	0.2	0	1	0.294	0.789
27.562	17.3	10.446	0	11.57	27.27	17.99	13.92	0	16.738	8.648	5.829	3.388	0	8.006	0.361	0.548	0.876	0	0.876	0.32	0.662	0.846	0	0.859	0.179	0.333	0	0	0.2	0.25	0.6	1	0	0.2	0.5	1	1	0.2	0	0	0.324
0	0	0	2.506	0	0	0	0	3.325	0	0	0	0	0.819	0	0	0	0	0.833	0	0	0	0	0.833	0	0	0	0	0	0	0.25	0	0	0.8	0	0	0	0	0.2	0	0.294	0.216
0	0	0	0	0	0	0	0	0	0	0	0	0	0	0	0	0	0	0	0	0	0	0	0	0	0	0	0	0	0	0	0	0	0	0	0	0	0	0	0.4	0.558	0.115
15.196	13.763	0	12.542	0	20.555	19.38	0	19.828	0	9.225	6.89	0	10.095	0	0.779	0.867	0	0.876	0	0.743	0.819	0	0.829	0	0.714	0.6	0	0.714	0	0.667	0	0	0	0	0	0	0	0	0	0.896	0.168
0	0	0	1.671	0	0	1.946	0	3.428	0	0	1.946	0	2.586	0	0	0	0	0	0	0	0	0	0	0	0	0	0	0	0	0	0	0.444	0	0	0	0	0.778	0.2	0	0.298	0.270
0	0	2.797	0	1.68	0	0	1.818	0	0.829	0	0	1.899	0	0.851	0	0	1	0	1	0	0	0	0	0	0	0	1	0	0	0	0	0.667	0.2	0	0	0	1	0.2	0.75	0	0.480
0	0	0	0	0	0	0	0	0	0	0	0	0	0	0	0	0	0	0	0	0	0	0	0	0	0	0	0	0	0	0	0	0	0	0	0	0	0	0	0	0.116	0.161
0	0	2.061	0	0	0	0	2.061	0	0	0	0	2.061	0	0	0	0	0	0	0	0	0	0	0	0	0	0	0	0	0	0	0.429	0	0.2	0	0	0	0	0	0	0.556	0.358
0	0	8.988	0.968	0	0	0	4.166	0.968	0	0	0	4.822	0.968	0	0	0	0.6	0	0	0	0	0.5	0	0	0	0	0.6	0	0	0	0.625	0.6	0	0	0	0	0.4	0	0	0	0.554
0	0	0	0	25.034	0	0	0	1.753	23.602	0	0	0	1.753	9.255	0	0	0	1	0.283	0	0	0	0	0.262	0	0	0	1	0.139	0	0	0	0	0.4	0	0	0	0.25	0.8	0.557	0.277
0	0	0	0	0.866	0	0	0	0	0.866	0	0	0	0	0.866	0	0	0	0	0	0	0	0	0	0	0	0	0	0	0	0	0	0.889	0	0	0	0	0.778	0	0.111	0	0.228
0.82	0	1.677	0	6.11	0.82	0	1.677	0	5.104	0.82	0	0.821	0	3.625	0	0	1	0	0.952	0	0	1	0	0.933	0	0	0	0	1	0.6	0	0	0.333	0.5	0.4	0	0	1	0	0	0.501
0	0	0	0	0	0	0	0.846	0	0	0	0	0.846	0	0	0	0	0	0	0	0	0	0	0	0	0	0	0	0	0	0	0	0	0	0	0	0	0	0	0	0.056	0.338
15.276	9.895	8.503	9.086	8.724	27.007	21.263	19.248	20.185	19.979	13.071	13.99	10.576	9.845	13.889	0.459	0.767	0.876	0.876	0.876	0.429	0.725	0.829	0.829	0.829	0.417	0.333	0.536	0.381	0.444	0	0	0	0	0	0	0	0	0	0	0.559	0.176
0	0	0	0	0	0	0	0	0	0	0	0	0	0	0	0	0	0	0	0	0	0	0	0	0	0	0	0	0	0	0.857	0	0.2	0	0	1	0	0	0	0	0.299	0.730
0	0	0	0	0	0	0	0	0	0	0	0	0	0	0	0	0	0	0	0	0	0	0	0	0	0	0	0	0	0	0.333	0	0	0	0	0	0	0	0	0	0	0.752
0	12.893	7.373	0	11.448	0	9.278	4.322	0	13.679	0	7.12	6.934	0	6.96	0	0.654	0.667	0	0.571	0	0.636	0.1	0	0.514	0	0.571	0.619	0	0.381	0.333	0.667	0.333	1	0	0.667	0.667	0.667	1	0	0	0.945
0	0	0	0	0	0	0	0	0	0	0	0	0	0	0	0	0	0	0	0	0	0	0	0	0	0	0	0	0	0	0	0	0	0	0	0	0	0	0	0	0.418	0.470
0	0	0	0	0	0.846	0	0	0	0	0.846	0	0	0	0	0	0	0	0	0	0	0	0	0	0	0	0	0	0	0	0	0	0	0	0	0	0	0	0	0	0.417	0.307
0	0	0	0	0	0	0	0	0	0	0	0	0	0	0	0	0	0	0	0	0	0	0	0	0	0	0	0	0	0	0	0	0	0	0	0	0	0	0	0.667	0.899	0.259
0	0	0	21.226	0	0	0	0	22.276	0.817	0	0	0	6.315	0.817	0	0	0	0.433	0	0	0	0	0.38	0	0	0	0	0.667	0	0	0	0	0.4	0	0	0	0	0.6	0	0.294	0.249
0	0	0	4.195	0	0	0.804	0.805	7.289	0	0	0.804	0.805	3.95	0	0	0	0	0.429	0	0	0	0	0.357	0	0	0	0	0.167	0	0	0.2	0	0.8	0	0.2	0	0	0.8	0	0	0.229
2.812	0	1.032	0.866	0	2.812	0	1.032	0.866	0	1.997	0	1.032	0.866	0	0	0	0	0	0	0	0	0	0	0	0	0	0	0	0	0	0	0	0.4	0	0	0	0	0	0	0	0.323
0	0	0	0	0	0	0	0	0	0	0	0	0	0	0	0	0	0	0	0	0	0	0	0	0	0	0	0	0	0	0	0	0	0	0	0	0	0	0	0	0.9	0.458
0	0	0	0.869	0	0	0	0	0.869	0	0	0	0	0.869	0	0	0	0	0	0	0	0	0	0	0	0	0	0	0	0	0.2	0	0	0.143	0	0.2	0	0	0	0	0.015	0.423
0	15.002	0	0	0	0	15.002	0	0	0	0	4.696	0	0	0	0	0.588	0	0	0	0	0.515	0	0	0	0	0.6	0	0	0	0.2	0.556	0	0.4	0	0	0	0	0	0	0	0.378
0	0	0	0	0	0	0	0	0	0	0	0	0	0	0	0	0	0	0	0	0	0	0	0	0	0	0	0	0	0	0	0	0	0	0	0	0	0	0	0	0.117	0.244
0	0	0	1.68	0.82	0	0	0	0.829	0.82	0	0	0	0.851	0.82	0	0	0	1	0	0	0	0	0	0	0	0	0	0	0	0.333	0.5	0	0	0.6	1	1	0	0.75	0.4	0	0.434
0.905	0	1.122	0	0	0.905	0	0	0	0	0.905	0	1.122	0	0	0	0	0	0	0	0	0	0	0	0	0	0	0	0	0	0	0	0.667	0.2	0.4	0.4	0	0.667	0	0	0	0.207
0	0	0	0	0	0	0	0	0	0	0	0	0	0	0	0	0	0	0	0	0	0	0	0	0	0	0	0	0	0	0	0	0	0	0	0	0	0	0	0	0	0.481
5.114	24.385	0	25.297	0	7.779	19.346	0	23.173	0	5.228	15.733	0	19.221	0	0.722	0.347	0	0.423	0	0.722	0.307	0	0.409	0	0.4	0.191	0	0.251	0	0	0	0.857	0.6	0.25	0.2	0	0.857	0.8	0.5	0	0.180
9.349	0.83	0	0	15.321	1.799	0	0	0	11.623	8.448	0.83	0	0	8.527	0.564	0	0	0	0.626	0	0	0	0	0.628	0.361	0	0	0	0.556	1	0.25	0	0	0.25	1	0.25	0	0.333	0	0	0.714
0	0	7.019	0	2.043	0	0	7.019	0	0	0	0	3.681	0	2.043	0	0	0.5	0	0	0	0	0.5	0	0	0	0	0	0	0	0.2	0	0.2	0	0.333	0.2	0.6	0	0	0.667	0	0.663
0	19.076	0	16.527	0	0	17.851	0.858	16.506	0	0	11.066	1.67	8.237	0	0	0.412	0	0.489	0	0	0.353	0	0.485	0	0	0.527	0	0.667	0	0	0.333	0.2	0	0	0	0	0	0	0	0	0.296
0	0	0	0	0	0	0	0	0	0	0	0	0	0	0	0	0	0	0	0	0	0	0	0	0	0	0	0	0	0	0	0	0	0	0	0	0	0	0	0	0.057	0.520
0	0	17.3	0	27.562	0	0	17.99	0	27.27	0	0	5.829	0	8.648	0	0	0.548	0	0.361	0	0	0.662	0	0.32	0	0	0.333	0	0.179	0	0	0.6	0	0.25	0.2	1	1	0	0.5	0	0.406
0	11.448	0	7.373	0	0	13.679	0	4.322	0	0	6.96	0	6.934	0	0	0.571	0	0.667	0	0	0.514	0	0.1	0	0	0.381	0	0.619	0	0.2	0	0	0.333	0	0	0	0	0.667	0	0	0.505
0	0	0	0	0	0	0	0	0	0	0	0	0	0	0	0	0	0	0	0	0	0	0	0	0	0	0	0	0	0	0	0	0	0	0	0	0	0	0	0	0	0.355
3.47	8.434	7.946	4.467	8.925	2.553	7.163	12.881	3.763	8.099	5.541	11.48	11.251	7.539	8.851	0.75	0.637	0.637	0.722	0.676	1	0.536	0.505	0.833	0.833	0.6	0.397	0.591	0.714	0.667	0	0.2	0.2	0.25	0.4	0	0.2	0.6	0.5	0.2	0	0.311
1.677	0.82	6.11	0	0	1.677	0.82	5.104	0	0	0.821	0.82	3.625	0	0	1	0	0.952	0	0	1	0	0.933	0	0	0	0	1	0	0	0	0.6	0.5	0	0	0	0.4	0	0	0	0	0.229
0	0	0	0	0	0	0	0	0	0	0	0	0	0	0	0	0	0	0	0	0	0	0	0	0	0	0	0	0	0	0	0.5	0	0	0	0	0	0	0	0	0.56	0.388
0	0	0	0	1.623	0	0	0	0	3.292	0	0	0	0	3.292	0	0	0	0	0.667	0	0	0	0	0.667	0	0	0	0	0.667	0	0	0	0	0.2	0	0	0.4	0	0	0.714	0.165
0	0	0	2.043	0	0	0	0	0	0	0	0	0	2.043	0	0	0	0	0	0	0	0	0	0	0	0	0	0	0	0	0.333	0	0	0.333	0.5	0.667	0	0	0.667	0	0	0.659
5.609	0	0	13.292	0	5.609	0	0	12.424	0	2.134	0	0	2.712	0	0.867	0	0	0.695	0	0.867	0	0	0.637	0	1	0	0	0.667	0	0.333	0	0	0	0	0	0	0	0	0	0.72	0.545
0	0	0	0	2.797	0	0	0	0	1.818	0	0	0	0	1.899	0	0	0	0	1	0	0	0	0	0	0	0	0	0	1	0	0.2	0	0.2	0.667	0	0.2	0	0.2	1	0	0.522
0	0	0	0	0.866	0	0	0	0	0.866	0	0	0	0	0.866	0	0	0	0	0	0	0	0	0	0	0	0	0	0	0	0.2	0.857	0	0	0.4	0	1	0	0	0	0	0.538
0	0	0	0	0	0	0	0	0	0	0	0	0	0	0	0	0	0	0	0	0	0	0	0	0	0	0	0	0	0	0	0	0	0	0	0	0	0	0	0	0.557	0.176
0	0	0	0.855	0	0	0	0	1.868	0	0	0	0	1.868	0	0	0	0	1	0	0	0	0	0	0	0	0	0	1	0	0	0	0	0	0	0	0	0	0	0	0.417	0.550
0	0.794	5.876	38.376	0	0	0	6.694	32.746	0	0	0.794	2.53	19.462	0	0	0	0.889	0.326	0	0	0	0.857	0.303	0	0	0	0.667	0.289	0	0.2	0	0	0.333	0.556	0	0.25	0	0.667	0	0	0.284
0	0	0	0	1.075	0	0	0	0	1.075	0	0	0	0	1.075	0	0	0	0	0	0	0	0	0	0	0	0	0	0	0	1	0.667	0.2	0	0	1	0.667	0.2	0	0	0	0.952
0	0	0	0	0	0	0	0	0	0	0	0	0	0	0	0	0	0	0	0	0	0	0	0	0	0	0	0	0	0	0.2	0.2	0.429	0.2	0	0	0	0	0	0	0	0.498
0	0	0	0	0	0	0	0	0	0	0	0	0	0	0	0	0	0	0	0	0	0	0	0	0	0	0	0	0	0	0	0	0	0	0	0	0	0	0	0	0	0.454
9.951	0	0	0	0	10.939	0	0	0	0	2.977	0	0	0	0	0.682	0	0	0	0	0.576	0	0	0	0	0.667	0	0	0	0	0	0	0.2	0.4	0.2	0	0	0.4	0	0.2	0	0.293
8.988	0	0	0	0	4.166	0	0	0	0	4.822	0	0	0	0	0.6	0	0	0	0	0.5	0	0	0	0	0.6	0	0	0	0	0.6	0	0	0.625	1	0.4	0	0	0	1	0	0.481
0	0	0	0	0	0	0	0	1.946	1.979	0	0	0	1.946	1.979	0	0	0	0	0	0	0	0	0	0	0	0	0	0	0	0.444	0	0	0	0	0.778	0	0	0	0	0	0.783
0	0	0	0	0.869	0	0	0	0	0.869	0	0	0	0	0.869	0	0	0	0	0	0	0	0	0	0	0	0	0	0	0	0	0.333	0	0	0.143	0	0	0	0	0	0	0.425
9.895	9.086	15.276	8.406	8.503	21.263	20.185	27.007	18.941	19.248	13.99	9.845	13.071	5.5	10.576	0.767	0.876	0.459	0.876	0.876	0.725	0.829	0.429	0.838	0.829	0.333	0.381	0.417	0.333	0.536	0	0	0	0	0	0	0	0	0	0	0.119	0.299
0	0	0	0.803	0	0	1.753	0	2.755	0	0	1.753	0	1.951	0	0	1	0	0.667	0	0	0	0	0.667	0	0	1	0	1	0	0	0	0	0	0	0	0.25	0	0	0	0	0.271
0.83	0	9.349	0	0	0	0	1.799	0	0	0.83	0	8.448	0	0	0	0	0.564	0	0	0	0	0	0	0	0	0	0.361	0	0	0.25	0	1	0.4	0	0.25	0.333	1	0.4	0	0	0.375
0	31.049	3.516	3.323	8.884	1.632	39.094	6.119	3.44	11.648	1.632	20.165	3.534	3.383	4.103	1	0.293	0.857	0.867	0.636	0	0.251	0.667	0.667	0.621	1	0.19	0.667	0.5	0.5	0.5	0	0	0	0.333	0.25	1	0.8	0	1	0	0.281
0	0.829	0	0	0	0	2.749	0	0	0	0	2.749	0	0	0	0	0	0	0	0	0	0	0	0	0	0	0	0	0	0	0.6	0	0	0	0	0	0	0	0	0	0	0.412
8.434	4.467	3.47	0	7.946	7.163	3.763	2.553	0	12.881	11.48	7.539	5.541	0	11.251	0.637	0.722	0.75	0	0.637	0.536	0.833	1	0	0.505	0.397	0.714	0.6	0	0.591	0.2	0.25	0	0.75	0.2	0.2	0.5	0	1	0.6	0	0.256
0	8.022	0	18.492	0	0	7.969	0	18.492	0	0	6.467	0	9.128	0	0	0.644	0	0.514	0	0	0.583	0	0.448	0	0	0.619	0	0.4	0	0	0	0	0	0	0	0	0	0	0	0.298	0.150
0	8.988	0	0	0	0	4.166	0	0	0	0	4.822	0	0	0	0	0.6	0	0	0	0	0.5	0	0	0	0	0.6	0	0	0	0	0.6	1	0	0	0	0.4	1	0	0	0	0.536
0	0	0.905	0	1.122	0	0	0.905	0	0	0	0	0.905	0	1.122	0	0	0	0	0	0	0	0	0	0	0	0	0	0	0	0	0.2	0	0	0.667	0	0	0.4	0.667	0.667	0	0.360
0	0	0	0	0	0	0	0	0	0	0	0	0	0	0	0	0	0	0	0	0	0	0	0	0	0	0	0	0	0	0	0	0	0	0.889	0	0	0	0	0.778	0.116	0.134
0	0	0	0	0	0	0	0	0	0	0	0	0	0	0	0	0	0	0	0	0	0	0	0	0	0	0	0	0	0	0	0	0	0	0.2	0	0	0.667	0	0	0.717	0.112
0	0	0	0	0	0	0	0	0	1.689	0	0	0	0	1.689	0	0	0	0	0	0	0	0	0	0	0	0	0	0	0	0	0	0	0	0	0	0	0	0	0	0	0.301
2.061	0	0	0	0.968	2.061	0	0	0	0.968	2.061	0	0	0	0.968	0	0	0	0	0	0	0	0	0	0	0	0	0	0	0	0	0	0	0.429	0	0	0	0	0	0	0.116	0.457
0	9.951	0	0	0	0	10.939	0	0	0	0	2.977	0	0	0	0	0.682	0	0	0	0	0.576	0	0	0	0	0.667	0	0	0	0.2	0	0.2	0	0	0.4	0	0.2	0	0	0	0.665
2.506	0	0	0	0	3.325	0	0	0	0	0.819	0	0	0	0	0.833	0	0	0	0	0.833	0	0	0	0	0	0	0	0	0	0.8	0	0	0	0.25	0.2	0	0	0	0	0.117	0.100
0	0	0.82	0	1.677	0	0	0.82	0	1.677	0	0	0.82	0	0.821	0	0	0	0	1	0	0	0	0	1	0	0	0	0	0	0	0.333	0.6	0.5	0	0	1	0.4	1	0	0	0.810
0	0	0	0	0	0	0	0	0	0	0	0	0	0	0	0	0	0	0	0	0	0	0	0	0	0	0	0	0	0	0	0	0	0.6	0	0	0	0	0	0	0.415	0.184
0	1.032	0	2.812	0	0	1.032	0	2.812	0	0	1.032	0	1.997	0	0	0	0	0	0	0	0	0	0	0	0	0	0	0	0	0	0	0	0	0	0	0	0	0	0	0.557	0.256
0	0	0	0	0	0	0.846	0	0	0.846	0	0.846	0	0	0.846	0	0	0	0	0	0	0	0	0	0	0	0	0	0	0	0	0	0	0	0	0	0	0	0	0	0.716	0.236
0	0	0	8.022	0	0	0	0	7.969	0	0	0	0	6.467	0	0	0	0	0.644	0	0	0	0	0.583	0	0	0	0	0.619	0	0	0	0	0	0	0	0	0	0	0	0.117	0.101
0	0	0	0	0	0	0	0	0	0	0	0	0	0	0	0	0	0	0	0	0	0	0	0	0	0	0	0	0	0	0	0	0	0.2	0	0	0	0	0	0	0.557	0.297
0	-1	0	-1	0	0	-1	0	-1	0	0	-1	0	-1	0	0	-1	0	-1	0	0	-1	0	-1	0	0	-1	0	-1	0	0	-1	0	-1	0	0	-1	0	-1	0	0.718	0.937
0	0.869	0	0	0	0	1.689	0	0	0	0	1.689	0	0	0	0	0	0	0	0	0	0	0	0	0	0	0	0	0	0	0	0.333	0	0	0	0	0	0	0	0	0	0.409
12.542	10.746	13.763	9.57	15.196	19.828	18.849	19.38	19.211	20.555	10.095	10.686	6.89	9.641	9.225	0.876	0.876	0.867	0.876	0.779	0.829	0.829	0.819	0.829	0.743	0.714	0.571	0.6	0.619	0.714	0	0	0	0	0.667	0	0	0	0	0	0.117	0.166
0	0	0	0	0	0	0	0	0	0	0	0	0	0	0	0	0	0	0	0	0	0	0	0	0	0	0	0	0	0	0	0	0.2	0.667	0.2	0	0	0.2	0	0.2	0.417	0.479
8.406	8.637	9.086	10.609	9.895	18.941	18.013	20.185	17.539	21.263	5.5	8.16	9.845	8.314	13.99	0.876	0.876	0.876	0.876	0.767	0.838	0.857	0.829	0.859	0.725	0.333	0.4	0.381	0.2	0.333	0	0	0	0	0	0	0	0	0	0	0.717	0.353
0	5.114	0	24.385	0	0	7.779	0	19.346	0	0	5.228	0	15.733	0	0	0.722	0	0.347	0	0	0.722	0	0.307	0	0	0.4	0	0.191	0	0.857	0	0.25	0	0	0.857	0.2	0.5	0	0.5	0	0.638
15.002	0	0	0	0	15.002	0	0	0	0	4.696	0	0	0	0	0.588	0	0	0	0	0.515	0	0	0	0	0.6	0	0	0	0	0.556	0.4	0.2	0	0	0	0	0	0	0	0.116	0.263
0	0	0	0	0	0	0	0	0	0	0	0	0	0	0	0	0	0	0	0	0	0	0	0	0	0	0	0	0	0	0	0	0	0	0	0	0	0	0	0	0.117	0.276
0	4.195	0	1.685	0	0.804	7.289	0	4.368	0.805	0.804	3.95	0	2.683	0.805	0	0.429	0	0.1	0	0	0.357	0	0.1	0	0	0.167	0	0	0	0.2	0.8	0	0.2	0	0	0.8	0.2	0.4	0	0.296	0.205
0	0	0	0	0	0	0	1.979	0	0	0	0	1.979	0	0	0	0	0	0	0	0	0	0	0	0	0	0	0	0	0	0	0.444	0	0	0	0	0.778	0	0	0	0	0.705
0	0	0	0	0	0	0	0	0	0	0	0	0	0	0	0	0	0	0	0	0	0	0	0	0	0	0	0	0	0	0.2	0.2	0	0	0	0.2	0.2	0	0	0	0	0.562
0	0	0	0	0	0	0	0.846	0.846	0.867	0	0	0.846	0.846	0.867	0	0	0	0	0	0	0	0	0	0	0	0	0	0	0	0	0	0	0	0.2	0	0	0	0	0	0.716	0.234
0	0	0.802	0	0	0	0	0.802	0	0	0	0	0	0	0	0	0	0	0	0	0	0	0	0	0	0	0	0	0	0	0	0	0	0.25	0	0	0	0	0	0	0.558	0.251
0	1.122	0	0.905	0	0	0	0	0.905	0	0	1.122	0	0.905	0	0	0	0	0	0	0	0	0	0	0	0	0	0	0	0	0.4	0.667	0	0	0.75	0	0.667	0.25	0.4	1	0	0.520
0	0.855	0	0	0	0	1.868	0	0	0	0	1.868	0	0	0	0	1	0	0	0	0	0	0	0	0	0	1	0	0	0	0	0	0	0	0	0	0	0	0	0	0	0.681
0	0	0	0	0	0	0	0	0	0	0	0	0	0	0	0	0	0	0	0	0	0	0	0	0	0	0	0	0	0	0	0	0	0	0.2	0	0	0.6	0	0.2	0.556	0.292
1.671	0	0	0	0	3.428	0	1.946	0	0	2.586	0	1.946	0	0	0	0	0	0	0	0	0	0	0	0	0	0	0	0	0	0	0	0	0	0	0.2	0	0	0	0	0.298	0.171
1.075	0.902	0	0	0.869	1.075	0	0	0	1.689	1.075	0.902	0	0	1.689	0	0	0	0	0	0	0	0	0	0	0	0	0	0	0	0	0	0	0	0.333	0	0	0	0	0	0.717	0.184
0	26.414	38.376	0	0.794	0	20.698	32.746	0	0	0	13.18	19.462	0	0.794	0	0.456	0.326	0	0	0	0.439	0.303	0	0	0	0.363	0.289	0	0	0.2	0.444	0.333	0	0	0.4	0.444	0.667	0.2	0.25	0	0.531
9.086	8.406	9.895	8.637	15.276	20.185	18.941	21.263	18.013	27.007	9.845	5.5	13.99	8.16	13.071	0.876	0.876	0.767	0.876	0.459	0.829	0.838	0.725	0.857	0.429	0.381	0.333	0.333	0.4	0.417	0	0	0	0	0	0	0	0	0	0	0.557	0.180
3.323	20.868	31.049	16.752	0	3.44	23.665	39.094	20.535	1.632	3.383	6.817	20.165	8.314	1.632	0.867	0.434	0.293	0.498	1	0.667	0.375	0.251	0.427	0	0.5	0.286	0.19	0.417	1	0	0	0	0	0.5	0	0	1	0.5	0.25	0	0.172
4.467	0	8.434	0	3.47	3.763	0	7.163	0	2.553	7.539	0	11.48	0	5.541	0.722	0	0.637	0	0.75	0.833	0	0.536	0	1	0.714	0	0.397	0	0.6	0.25	0.75	0.2	0	0	0.5	1	0.2	0.25	0	0	0.250
11.448	7.373	0	0	0	13.679	4.322	0	0	0	6.96	6.934	0	0	0	0.571	0.667	0	0	0	0.514	0.1	0	0	0	0.381	0.619	0	0	0	0	0.333	0.2	0.333	0	0	0.667	0	0.667	0	0	0.213
16.527	4.522	19.076	8.925	0	16.506	4.489	17.851	8.099	0	8.237	8.203	11.066	8.851	0	0.489	0.711	0.412	0.676	0	0.485	0.9	0.353	0.833	0	0.667	0.611	0.527	0.667	0	0	0.2	0.333	0.4	0	0	0.8	0	0.2	0	0	0.116
0	0.803	0	20.615	0	1.753	2.755	0	20.138	0	1.753	1.951	0	6.373	0	1	0.667	0	0.39	0	0	0.667	0	0.324	0	1	1	0	0.19	0	0	0	0	0	0	0.25	0	0	0	0	0.294	0.462
0	6.948	0	0	0	0	8.207	0	0	0	0	2.217	0	0	0	0	0.861	0	0	0	0	0.694	0	0	0	0	1	0	0	0	0	0.25	0.667	0	1	0	0	0.667	0	1	0	0.324
0	0	0	0	0	0	0	0	0	0	0	0	0	0	0	0	0	0	0	0	0	0	0	0	0	0	0	0	0	0	0	0	0.333	0	0.2	0	0	0.333	0	0	0	0.513
4.995	0	16.752	0	20.868	6.964	1.65	20.535	0	23.665	1.969	1.65	8.314	0	6.817	0.893	1	0.498	0	0.434	0.857	1	0.427	0	0.375	1	1	0.417	0	0.286	0	0	0	0	0	0.333	0	0.5	0	0	0	0.120
0	2.479	0	0	0	0	3.296	0	0	0	0	0.817	0	0	0	0	0.5	0	0	0	0	0.333	0	0	0	0	0	0	0	0	0.25	0.5	0	0	0	0	0	0	0	0	0	0.475
0.829	0	0	0	0	2.749	0	0	0.909	0	2.749	0	0	0.909	0	0	0	0	0	0	0	0	0	0	0	0	0	0	0	0	0	0	0.6	0.667	0	0	0	0	0.333	0	0	0.115
1.171	0	3.837	0	0	0	0	3.837	0	0	1.171	0	1.068	0	0	0	0	0.833	0	0	0	0	0.833	0	0	0	0	0	0	0	0	0	0	0	0.333	0	0	0	0	0.667	0.056	0.396
0	0.866	0.872	0	0	0	0.866	0	0	0	0	0.866	0.872	0	0	0	0	0	0	0	0	0	0	0	0	0	0	0	0	0	0	0	0.25	0.889	0.2	0	0.111	0	0.778	0	0.294	0.132
0	0	0	6.948	0	0	0	0	8.207	0	0	0	0	2.217	0	0	0	0	0.861	0	0	0	0	0.694	0	0	0	0	1	0	0.667	0	1	0.25	0.2	0.667	0	1	0	0.2	0	0.270
0.968	0	0	2.061	0	0.968	0	0	2.061	0	0.968	0	0	2.061	0	0	0	0	0	0	0	0	0	0	0	0	0	0	0	0	0	0	0.625	0	0	0	0	0	0	0	0.015	0.416
0	0	0	0	0	0	0	0	0	0	0	0	0	0	0	0	0	0	0	0	0	0	0	0	0	0	0	0	0	0	0	0	0	0	0	0	0	0	0	0.6	0.118	0.685
0.866	0	0	0	2.812	0.866	0	0	0	2.812	0.866	0	0	0	1.997	0	0	0	0	0	0	0	0	0	0	0	0	0	0	0	0.4	0	0	0.2	0	0	0	0	0	0	0.419	0.545
0	0	0	0	0	0	0	0	0	0	0	0	0	0	0	0	0	0	0	0	0	0	0	0	0	0	0	0	0	0	0	0	0	0	0	0	0	0	0	0	0.556	0.959
4.195	1.685	0	2.564	0	7.289	4.368	0.804	5.629	0	3.95	2.683	0.804	3.065	0	0.429	0.1	0	0.267	0	0.357	0.1	0	0.267	0	0.167	0	0	0.333	0	0.8	0.2	0.2	0	0	0.8	0.4	0	0	0.2	0.298	0.179
0	0	0	0	0	0	0	0	0	0	0	0	0	0	0	0	0	0	0	0	0	0	0	0	0	0	0	0	0	0	0	0	0	0	0	0	0	0	0	0	0.298	0.437
0	0	0	0	0	0	0	0	0	0.82	0	0	0	0	0.82	0	0	0	0	0	0	0	0	0	0	0	0	0	0	0	0.333	0	0	0	0	0	0	0	0	0	0.299	0.140
0	0	0	0	0.83	0	0	0	0	0	0	0	0	0	0.83	0	0	0	0	0	0	0	0	0	0	0	0	0	0	0	0.4	0	0	0	0.25	0.4	0	0.333	0	0.25	0	0.489
0	5.609	0	0	0	0	5.609	0	0	0	0	2.134	0	0	0	0	0.867	0	0	0	0	0.867	0	0	0	0	1	0	0	0	0	0.333	0	0	0	0	0	0	0	0	0.292	0.476
6.11	1.677	0	0.82	0	5.104	1.677	0	0.82	0	3.625	0.821	0	0.82	0	0.952	1	0	0	0	0.933	1	0	0	0	1	0	0	0	0	0.5	0	0	0.6	0.429	0	0	0	0.4	0.429	0	0.149
0	0	0	0	0	0	0	0	0	0	0	0	0	0	0	0	0	0	0	0	0	0	0	0	0	0	0	0	0	0	0	0.333	0.5	0	0	0	0.667	0	0	0	0	0.292
0	0	0	0	0	0	0	0	0	0	0	0	0	0	0	0	0	0	0	0	0	0	0	0	0	0	0	0	0	0	0.2	0	0.2	0	0	0.2	0	0.2	0	0	0.2	0.515
0	0	0	0	0	0	0	0	0	0	0	0	0	0	0	0	0	0	0	0	0	0	0	0	0	0	0	0	0	0	0	0	0	0	0	0	0	0	0	0	0.299	0.272
8.637	10.609	8.406	11.57	9.086	18.013	17.539	18.941	16.738	20.185	8.16	8.314	5.5	8.006	9.845	0.876	0.876	0.876	0.876	0.876	0.857	0.859	0.838	0.859	0.829	0.4	0.2	0.333	0.2	0.381	0	0	0	0.2	0	0	0	0	0	0	0	0.462
0	0	0	2.479	0.802	0	0	0	3.296	0.802	0	0	0	0.817	0	0	0	0	0.5	0	0	0	0	0.333	0	0	0	0	0	0	0	0.25	0	0.5	0	0	0	0	0	0	0	0.312
0	0	0	0	2.061	0	0	0	0	2.061	0	0	0	0	2.061	0	0	0	0	0	0	0	0	0	0	0	0	0	0	0	0.429	0.2	0	0.2	0	0	0	0	0	0	0.557	0.340
17.3	0	27.562	0	10.446	17.99	0	27.27	0	13.92	5.829	0	8.648	0	3.388	0.548	0	0.361	0	0.876	0.662	0	0.32	0	0.846	0.333	0	0.179	0	0	0.6	0	0.25	0	1	1	0.2	0.5	1	1	0	0.672
0	0.968	0	0	8.988	0	0.968	0	0	4.166	0	0.968	0	0	4.822	0	0	0	0	0.6	0	0	0	0	0.5	0	0	0	0	0.6	0.625	0	0	0	0.6	0	0	0	0	0.4	0	0.435
0	15.196	0	13.763	0	0	20.555	0	19.38	0	0	9.225	0	6.89	0	0	0.779	0	0.867	0	0	0.743	0	0.819	0	0	0.714	0	0.6	0	0	0.667	0	0	0	0	0	0	0	0	0.893	0.385
0	0	0	0	0	0	0	0	0	0	0	0	0	0	0	0	0	0	0	0	0	0	0	0	0	0	0	0	0	0	0	0	0	0	0	0	0	0	0	0	0.717	0.946
1.032	2.812	0	0	0	1.032	2.812	0	0	0	1.032	1.997	0	0	0	0	0	0	0	0	0	0	0	0	0	0	0	0	0	0	0	0	0	0	0	0	0	0	0	0	0.717	0.230
0	1.671	0	0	0	1.946	3.428	0	0	0	1.946	2.586	0	0	0	0	0	0	0	0	0	0	0	0	0	0	0	0	0	0	0	0	0	0	0.444	0	0.2	0	0	0.778	0.415	0.189
3.837	1.171	0	0	0	3.837	0	0	0	0	1.068	1.171	0	0	0	0.833	0	0	0	0	0.833	0	0	0	0	0	0	0	0	0	0	0	0.333	0	0	0	0	0.667	0	0.2	0.419	0.241
0	0	0	0	0	1.689	0	2.733	0	2.911	1.689	0	2.733	0	2.911	0	0	0.333	0	0	0	0	0.333	0	0	0	0	0.333	0	0	0	0	0	0	0	0	0	0	0	0	0.718	0.221
0.869	0	0	1.075	0	1.689	0	0	1.075	0	1.689	0	0	1.075	0	0	0	0	0	0	0	0	0	0	0	0	0	0	0	0	0.333	0	0	0	0	0	0	0	0	0	0	0.353
0	0	0	0	0	0.817	0	0	0	0	0.817	0	0	0	0	0	0	0	0	0	0	0	0	0	0	0	0	0	0	0	0	0	0	0	0	0	0	0	0	0	0	0.246
0.803	20.615	0	0.978	0	2.755	20.138	1.753	1.873	0	1.951	6.373	1.753	1.873	0	0.667	0.39	1	1	0	0.667	0.324	0	1	0	1	0.19	1	1	0	0	0	0	0.111	0	0	0	0.25	0	0	0.057	0.242
2.043	7.019	0	0	0	0	7.019	0	0	0	2.043	3.681	0	0	0	0	0.5	0	0	0	0	0.5	0	0	0	0	0	0	0	0	0.333	0.2	0	0.2	0.333	0.667	0	0	0.2	0.667	0	0.415
0	2.506	0	0	0	0	3.325	0	0	0	0	0.819	0	0	0	0	0.833	0	0	0	0	0.833	0	0	0	0	0	0	0	0	0	0.8	0.25	0	0	0	0.2	0	0	0	0.199	0.158
38.376	0	0.794	26.414	0	32.746	0	0	20.698	0	19.462	0	0.794	13.18	0	0.326	0	0	0.456	0	0.303	0	0	0.439	0	0.289	0	0	0.363	0	0.333	0.2	0	0.444	0.2	0.667	0.4	0.25	0.444	0	0	0.209
0	0	0	0	0	0	0	0	0	0	0	0	0	0	0	0	0	0	0	0	0	0	0	0	0	0	0	0	0	0	0	0	0	0	0	0	0	0	0	0	0.418	0.388
4.522	8.925	16.527	7.946	19.076	4.489	8.099	16.506	12.881	17.851	8.203	8.851	8.237	11.251	11.066	0.711	0.676	0.489	0.637	0.412	0.9	0.833	0.485	0.505	0.353	0.611	0.667	0.667	0.591	0.527	0.2	0.4	0	0.2	0.333	0.8	0.2	0	0.6	0	0	0.222
16.752	4.995	20.868	0	3.323	20.535	6.964	23.665	1.65	3.44	8.314	1.969	6.817	1.65	3.383	0.498	0.893	0.434	1	0.867	0.427	0.857	0.375	1	0.667	0.417	1	0.286	1	0.5	0	0	0	0	0	0.5	0.333	0	0	0	0	0.191
13.292	0	0	0	5.609	12.424	0	0	0	5.609	2.712	0	0	0	2.134	0.695	0	0	0	0.867	0.637	0	0	0	0.867	0.667	0	0	0	1	0	0	0	0	0.333	0	0	0	0	0	0.718	0.264
10.609	11.57	8.637	10.446	8.406	17.539	16.738	18.013	13.92	18.941	8.314	8.006	8.16	3.388	5.5	0.876	0.876	0.876	0.876	0.876	0.859	0.859	0.857	0.846	0.838	0.2	0.2	0.4	0	0.333	0	0.2	0	1	0	0	0	0	1	0	0	0.302
0	0	0	0	0	0	0	0	0	0	0	0	0	0	0	0	0	0	0	0	0	0	0	0	0	0	0	0	0	0	0	0	0	0	0	0	0	0	0	0	0	0.579
1.623	0	0	0	0	3.292	0	0	0	1.65	3.292	0	0	0	1.65	0.667	0	0	0	1	0.667	0	0	0	1	0.667	0	0	0	1	0.2	0	0	0	0	0	0.4	0	0	0	0	0.119
0	0	0	0	0	0	0	0	0	0	0	0	0	0	0	0	0	0	0	0	0	0	0	0	0	0	0	0	0	0	0.25	0	0.2	0	0.4	0	0	0.2	0	0	0	0.654
6.948	0	0	0	0	8.207	0	0	0	0	2.217	0	0	0	0	0.861	0	0	0	0	0.694	0	0	0	0	1	0	0	0	0	0.25	0	0	0	0.667	0	0	0	0	0.667	0	0.214
0	0	0	0	0	0	0	0	0	0	0	0	0	0	0	0	0	0	0	0	0	0	0	0	0	0	0	0	0	0	0	0	0.333	0	0	0	0	0	0	0	0.896	0.132
0	0	0	0	0	0	0	0	0	0	0	0	0	0	0	0	0	0	0	0	0	0	0	0	0	0	0	0	0	0	0	0	0	0	0	0	0	0	0	0	0	0.513
5.876	0	0	0.794	0	6.694	0	0	0	0	2.53	0	0	0.794	0	0.889	0	0	0	0	0.857	0	0	0	0	0.667	0	0	0	0	0	0.2	0.556	0	0	0	0	0	0.25	0	0	0.188
11.414	0	8.539	0	0	13.326	0	6.858	0	0	5.144	0	3.56	0	0	0.516	0	0.733	0	0	0.505	0	0.214	0	0	0.3	0	0.667	0	0	0	0	0	0.25	0.4	0	0.5	0.2	0.5	0	0	0.318
10.446	27.562	11.57	17.3	10.609	13.92	27.27	16.738	17.99	17.539	3.388	8.648	8.006	5.829	8.314	0.876	0.361	0.876	0.548	0.876	0.846	0.32	0.859	0.662	0.859	0	0.179	0.2	0.333	0.2	1	0.25	0.2	0.6	0	1	0.5	0	1	0	0	0.807
0	8.539	0	11.414	9.951	0	6.858	0	13.326	10.939	0	3.56	0	5.144	2.977	0	0.733	0	0.516	0.682	0	0.214	0	0.505	0.576	0	0.667	0	0.3	0.667	0.4	0	0	0	0	0	0.2	0	0	0	0	0.388
0	0	26.414	3.837	0	0	0	20.698	3.837	0	0	0	13.18	1.068	0	0	0	0.456	0.833	0	0	0	0.439	0.833	0	0	0	0.363	0	0	0	0.333	0.444	0	0.2	0.2	0.667	0.444	0	0.4	0	0.473
0	0	0	0	0	0	0	0	0	0	0	0	0	0	0	0	0	0	0	0	0	0	0	0	0	0	0	0	0	0	0	0	0	0	0	0	0	1	0	0.2	0	0.650
0	0	0	6.11	0	0	0	0	5.104	0	0	0	0	3.625	0	0	0	0	0.952	0	0	0	0	0.933	0	0	0	0	1	0	0.429	0	0	0.5	0	0.429	0	0	0	0	0.897	0.173
0	0	0	0	0	0	1.979	0	0	0	0	1.979	0	0	0	0	0	0	0	0	0	0	0	0	0	0	0	0	0	0	0	0	0	0	0.5	0	0	0	0	0	0.415	0.323
0	0	0.83	0	9.349	0	0	0	0	1.799	0	0	0.83	0	8.448	0	0	0	0	0.564	0	0	0	0	0	0	0	0	0	0.361	0	0.4	0.25	0	1	0.333	0.4	0.25	0	1	0	0.495
0	0	0	0	0	0.846	0	0.867	0	0.857	0.846	0	0.867	0	0.857	0	0	0	0	0	0	0	0	0	0	0	0	0	0	0	0	0	0.2	0	0	0	0	0	0	0	0.197	0.239
0	6.11	0	1.677	0	0	5.104	0	1.677	0	0	3.625	0	0.821	0	0	0.952	0	1	0	0	0.933	0	1	0	0	1	0	0	0	0	0.5	0.429	0	0	0	0	0.429	0	0	0.298	0.143
0	0	-1	0	-1	0	0	-1	0	-1	0	0	-1	0	-1	0	0	-1	0	-1	0	0	-1	0	-1	0	0	-1	0	-1	0	0	-1	0	-1	0	0	-1	0	-1	0.897	0.999
0	0	0	0	0	0	0	0	0	0	0	0	0	0	0	0	0	0	0	0	0	0	0	0	0	0	0	0	0	0	0	0	0	0	0.333	0	0	0	0	0.333	0.419	0.530
2.479	0	0	0	0	3.296	0	0	0	0	0.817	0	0	0	0	0.5	0	0	0	0	0.333	0	0	0	0	0	0	0	0	0	0.5	0	0.25	0	0	0	0	0	0	0	0.116	0.158
0	1.623	0	0	4.995	0	3.292	1.65	0	6.964	0	3.292	1.65	0	1.969	0	0.667	1	0	0.893	0	0.667	1	0	0.857	0	0.667	1	0	1	0	0.2	0	0	0	0	0	0	0.4	0.333	0.292	0.107
0	0	0.978	0	20.615	0	0.805	1.873	0	20.138	0	0.805	1.873	0	6.373	0	0	1	0	0.39	0	0	1	0	0.324	0	0	1	0	0.19	0	0	0.111	0	0	0	0	0	0.2	0	0.716	0.189
0	0.872	0	0	0	0	0	0	0	0	0	0.872	0	0	0	0	0	0	0	0	0	0	0	0	0	0	0	0	0	0	0.2	0.25	0	0	0.25	0	0	0	0	0	0	0.515
0.978	0	20.615	0	0.803	1.873	0	20.138	0.805	2.755	1.873	0	6.373	0.805	1.951	1	0	0.39	0	0.667	1	0	0.324	0	0.667	1	0	0.19	0	1	0.111	0	0	0	0	0	0	0	0	0	0.554	0.167
0	0	0	0	0	0	0	0	0	0	0	0	0	0	0	0	0	0	0	0	0	0	0	0	0	0	0	0	0	0	0	0	0	0	0	0	0	0	0	0	0.117	0.195
8.687	15.321	21.226	0	0	6.957	11.623	22.276	0	0	3.506	8.527	6.315	0	0	0.756	0.626	0.433	0	0	0.75	0.628	0.38	0	0	0.833	0.556	0.667	0	0	0.4	0.25	0.4	0	0	0	0	0.6	0	0	0	0.242
0	0	0	0	0	0	0	0	0	0	0	0	0	0	0	0	0	0	0	0	0	0	0	0	0	0	0	0	0	0	0	0.2	0	0.2	0.333	0	0.2	0	0.4	0	0	0.243
0	0	0	0.802	0	0	0	0	0.802	0	0	0	0	0	0	0	0	0	0	0	0	0	0	0	0	0	0	0	0	0	0.667	0	0	0	0	0	0	0	0	0	0.417	0.559
20.615	0.978	0.803	0	0	20.138	1.873	2.755	0	1.753	6.373	1.873	1.951	0	1.753	0.39	1	0.667	0	1	0.324	1	0.667	0	0	0.19	1	1	0	1	0	0.111	0	0	0	0	0	0	0	0.25	0	0.158
0	2.545	0	21.428	2.506	0	1.643	0	22.247	3.325	0	0.902	0	0.819	0.819	0	0.333	0	0.486	0.833	0	1	0	0.428	0.833	0	0	0	0	0	0	0	0	0.333	0.8	0	0	0	0	0.2	0.415	0.109
1.685	2.564	4.195	0	0	4.368	5.629	7.289	2.911	0.804	2.683	3.065	3.95	2.911	0.804	0.1	0.267	0.429	0	0	0.1	0.267	0.357	0	0	0	0.333	0.167	0	0	0.2	0	0.8	0	0.2	0.4	0	0.8	0	0	0	0.236
0	0	0	1.122	4.467	0	0	0	0	3.763	0	0	0	1.122	7.539	0	0	0	0	0.722	0	0	0	0	0.833	0	0	0	0	0.714	0	0.4	0.75	0.667	0.25	0.25	0	1	0.667	0.5	0	0.572
0	0	6.807	0	0	0	0	7.817	0	0.909	0	0	1.011	0	0.909	0	0	0.667	0	0	0	0	0.639	0	0	0	0	0	0	0	0	0	0	0.429	0.667	0	0	0	0.429	0.333	0.557	0.198
0	3.837	0	1.171	26.414	0	3.837	0	0	20.698	0	1.068	0	1.171	13.18	0	0.833	0	0	0.456	0	0.833	0	0	0.439	0	0	0	0	0.363	0.333	0	0	0	0.444	0.667	0	0.2	0	0.444	0	0.910
25.297	8.884	24.385	3.516	5.114	23.173	11.648	19.346	6.119	7.779	19.221	4.103	15.733	3.534	5.228	0.423	0.636	0.347	0.857	0.722	0.409	0.621	0.307	0.667	0.722	0.251	0.5	0.191	0.667	0.4	0.6	0.333	0	0	0	0.8	1	0	0.8	0.2	0	0.377
12.893	0	0	22.549	7.373	9.278	0	0	13.677	4.322	7.12	0	0	17.83	6.934	0.654	0	0	0.394	0.667	0.636	0	0	0.39	0.1	0.571	0	0	0.257	0.619	0.667	1	0.333	0.8	0.333	0.667	1	0.667	0	0.667	0	0.380
0.815	1.075	21.428	0	2.545	0.815	1.075	22.247	0	1.643	0	1.075	0.819	0	0.902	0	0	0.486	0	0.333	0	0	0.428	0	1	0	0	0	0	0	0	0	0.333	0.2	0	0	0	0	0.2	0	0.196	0.127
0	0	0	0	0	0	0.858	0	0	0	0	0.858	0	0	0	0	0	0	0	0	0	0	0	0	0	0	0	0	0	0	0	0	0	0	0	0	0	0	0	0	0.716	0.207
0	0	0	0	0	0	0	1.689	0	2.733	0	0	1.689	0	2.733	0	0	0	0	0.333	0	0	0	0	0.333	0	0	0	0	0.333	0	0	0	0	0	0	0	0	0	0	0.298	0.260
0	0	0	0	0	0	0	0	0	0	0	0	0	0	0	0	0	0	0	0	0	0	0	0	0	0	0	0	0	0	0	0	0.2	0	0	0.667	0	0	0	0	0.56	0.597
0	0	0	0	0	0	0	0	0	0	0	0	0	0	0	0	0	0	0	0	0	0	0	0	0	0	0	0	0	0	0	0	0	0	0	0	0	0	0	0	0.417	0.464
0	0	0	0	0	0	0	0	0	0	0	0	0	0	0	0	0	0	0	0	0	0	0	0	0	0	0	0	0	0	0.2	0.25	0.4	0	0	0.2	0	0	0	0	0.298	0.486
0	0	0	5.876	13.292	0	0	0	6.694	12.424	0	0	0	2.53	2.712	0	0	0	0.889	0.695	0	0	0	0.857	0.637	0	0	0	0.667	0.667	0	0.556	0	0	0	0	0	0	0	0	0.299	0.518
0	0	0	8.988	22.426	0	0	0	4.166	23.416	0	0	0	4.822	13.295	0	0	0	0.6	0.449	0	0	0	0.5	0.382	0	0	0	0.6	0.429	1	0	0	0.6	1	1	0	0	0.4	1	0	0.990
13.763	12.542	15.196	10.746	0	19.38	19.828	20.555	18.849	0	6.89	10.095	9.225	10.686	0	0.867	0.876	0.779	0.876	0	0.819	0.829	0.743	0.829	0	0.6	0.714	0.714	0.571	0	0	0	0.667	0	0	0	0	0	0	0	0.714	0.281
8.539	11.414	0	0	0	6.858	13.326	0	0	0	3.56	5.144	0	0	0	0.733	0.516	0	0	0	0.214	0.505	0	0	0	0.667	0.3	0	0	0	0	0	0.4	0	0	0.2	0	0	0.5	0	0	0.484
0	0	0	0.869	0	0	0	0	1.689	0	0	0	0	1.689	0	0	0	0	0	0	0	0	0	0	0	0	0	0	0	0	0	0	0	0.333	0.4	0	0	0	0	0.4	0.417	0.322
0	0	0	0	0	0	0	0	0	0	0	0	0	0	0	0	0	0	0	0	0	0	0	0	0	0	0	0	0	0	0	0	0	0	0	0	0	0	0	0	0.716	0.410
0	0	0	0.872	0	0	0	0	0	0	0	0	0	0.872	0	0	0	0	0	0	0	0	0	0	0	0	0	0	0	0	0	0.2	0.25	0.25	0	0	0	0	0	0	0.554	0.287
0	25.034	0	0	0.855	0	23.602	0	0	1.868	0	9.255	0	0	1.868	0	0.283	0	0	1	0	0.262	0	0	0	0	0.139	0	0	1	0.2	0.4	0	0	0	0	0.8	0	0	0	0	0.541
9.57	8.87	10.746	8.724	12.542	19.211	20.682	18.849	19.979	19.828	9.641	10.405	10.686	13.889	10.095	0.876	0.876	0.876	0.876	0.876	0.829	0.829	0.829	0.829	0.829	0.619	0.619	0.571	0.444	0.714	0	0	0	0	0	0	0	0	0	0	0.717	0.203
0	2.043	0	7.019	0	0	0	0	7.019	0	0	2.043	0	3.681	0	0	0	0	0.5	0	0	0	0	0.5	0	0	0	0	0	0	0	0.333	0.333	0.2	0	0	0.667	0.667	0	0	0	0.524
0	0	0	0	0	0.867	0.846	0.857	0	0	0.867	0.846	0.857	0	0	0	0	0	0	0	0	0	0	0	0	0	0	0	0	0	0.2	0	0	0	0	0	0	0	0	0	0.298	0.289
0	2.061	0.968	0	0	0	2.061	0.968	0	0	0	2.061	0.968	0	0	0	0	0	0	0	0	0	0	0	0	0	0	0	0	0	0	0	0	0	0.625	0	0	0	0	0	0.717	0.356
11.57	10.446	10.609	27.562	8.637	16.738	13.92	17.539	27.27	18.013	8.006	3.388	8.314	8.648	8.16	0.876	0.876	0.876	0.361	0.876	0.859	0.846	0.859	0.32	0.857	0.2	0	0.2	0.179	0.4	0.2	1	0	0.25	0	0	1	0	0.5	0	0	0.300
0	0	4.995	1.623	16.752	1.65	0	6.964	3.292	20.535	1.65	0	1.969	3.292	8.314	1	0	0.893	0.667	0.498	1	0	0.857	0.667	0.427	1	0	1	0.667	0.417	0	0	0	0.2	0	0	0	0.333	0	0.5	0.556	0.119
0	0	0	0	-1	0	0	0	0	-1	0	0	0	0	-1	0	0	0	0	-1	0	0	0	0	-1	0	0	0	0	-1	0	0	0	0	-1	0	0	0	0	-1	0.117	0.972
8.022	18.492	0	22.426	0	7.969	18.492	0	23.416	0	6.467	9.128	0	13.295	0	0.644	0.514	0	0.449	0	0.583	0.448	0	0.382	0	0.619	0.4	0	0.429	0	0	0	0	1	0	0	0	0	1	0	0.059	0.252
0	0	0	0	0	0	0	0	0	0	0	0	0	0	0	0	0	0	0	0	0	0	0	0	0	0	0	0	0	0	0	0	0	0	0.333	0	0	0	0	0	0.419	0.134
0	0	0	0.829	0	0	0	0	2.749	0	0	0	0	2.749	0	0	0	0	0	0	0	0	0	0	0	0	0	0	0	0	0	0.6	0	0	0	0	0	0	0	0	0.557	0.264
0	0	0	0	0	1.979	0	0	0	0	1.979	0	0	0	0	0	0	0	0	0	0	0	0	0	0	0	0	0	0	0	0	0	0	0.444	0	0	0	0	0.778	0	0	0.216
0	22.549	12.893	0	0	0	13.677	9.278	0	0	0	17.83	7.12	0	0	0	0.394	0.654	0	0	0	0.39	0.636	0	0	0	0.257	0.571	0	0	1	0.8	0.667	0.6	0.333	1	0	0.667	0.4	0.667	0	0.919
0	0	0	0	0	0	0	0	0	0	0	0	0	0	0	0	0	0	0	0	0	0	0	0	0	0	0	0	0	0	0	0.667	0	0	0.2	0	0	0	0	0.2	0.556	0.236
0	0.802	0	0	0	0	0.802	0	0	0	0	0	0	0	0	0	0	0	0	0	0	0	0	0	0	0	0	0	0	0	0	0	0.667	0	0	0	0	0	0	0	0	0.295
0	0	0	0	7.019	0	0	0	0	7.019	0	0	0	0	3.681	0	0	0	0	0.5	0	0	0	0	0.5	0	0	0	0	0	0	0	0.2	0	0.2	0.6	0	0.2	0	0	0.117	0.687
0	0	1.671	0	0	0	0	3.428	0.857	1.946	0	0	2.586	0.857	1.946	0	0	0	0	0	0	0	0	0	0	0	0	0	0	0	0	0	0	0	0	0	0	0.2	0	0	0	0.531
0	0	0	0	0	0	0	0	0	0	0	0	0	0	0	0	0	0	0	0	0	0	0	0	0	0	0	0	0	0	0	0	0	0.5	0	0	0	0	0	0	0.116	0.584
0	0	0	0	0.978	0.805	0	0	0.804	1.873	0.805	0	0	0.804	1.873	0	0	0	0	1	0	0	0	0	1	0	0	0	0	1	0	0	0	0.2	0.111	0	0.2	0	0	0	0.298	0.102
0	0	0	1.032	1.171	0	0	0	1.032	0	0	0	0	1.032	1.171	0	0	0	0	0	0	0	0	0	0	0	0	0	0	0	0	0	0	0	0	0	0	0	0	0	0.116	0.469
0	0	1.171	0	3.837	0	0	0	0	3.837	0	0	1.171	0	1.068	0	0	0	0	0.833	0	0	0	0	0.833	0	0	0	0	0	0	0	0	0	0	0	0	0	0	0	0.714	0.563
0	0	0	9.951	0	0	0	0	10.939	0	0	0	0	2.977	0	0	0	0	0.682	0	0	0	0	0.576	0	0	0	0	0.667	0	0.2	0.2	0	0	0	0.2	0.4	0	0	0	0	0.453
0	0	0	0	6.807	0	0	0	0	7.817	0	0	0	0	1.011	0	0	0	0	0.667	0	0	0	0	0.639	0	0	0	0	0	0	0.429	0	0	0	0	0.429	0	0	0	0.299	0.081
0	13.292	5.609	0	0	0	12.424	5.609	0	0	0	2.712	2.134	0	0	0	0.695	0.867	0	0	0	0.637	0.867	0	0	0	0.667	1	0	0	0	0	0.333	0	0	0	0	0	0	0	0.055	0.662
6.807	0	0	0	0	7.817	0	0.909	0	0	1.011	0	0.909	0	0	0.667	0	0	0	0	0.639	0	0	0	0	0	0	0	0	0	0	0	0.667	0	0	0	0	0.333	0	0	0.294	0.155
21.226	8.687	0	15.321	0	22.276	6.957	0	11.623	0	6.315	3.506	0	8.527	0	0.433	0.756	0	0.626	0	0.38	0.75	0	0.628	0	0.667	0.833	0	0.556	0	0.4	0.4	0	0.25	0	0.6	0	0	0	0	0	0.257
24.385	25.297	5.114	8.884	0	19.346	23.173	7.779	11.648	0	15.733	19.221	5.228	4.103	0	0.347	0.423	0.722	0.636	0	0.307	0.409	0.722	0.621	0	0.191	0.251	0.4	0.5	0	0	0.6	0	0.333	0.857	0	0.8	0.2	1	0.857	0	0.350
0	0	0	0	0	0.858	0	0	0.858	0	0.858	0	0	1.67	0	0	0	0	0	0	0	0	0	0	0	0	0	0	0	0	0	0	0	0.2	0	0	0	0	0	0	0	0.233
0	0	0	0	0	0	0	0	0	0	0	0	0	0	0	0	0	0	0	0	0	0	0	0	0	0	0	0	0	0	0	0	0	0	0	0	0	0	0	0	0.298	0.469
0	0	0.866	0	0	0	0	0.866	0	0	0	0	0.866	0	0	0	0	0	0	0	0	0	0	0	0	0	0	0	0	0	0	0.2	0.4	0.857	0	0	0	0	1	0	0.299	0.281
0	0	2.506	2.545	0	0	0	3.325	1.643	0	0	0	0.819	0.902	0	0	0	0.833	0.333	0	0	0	0.833	1	0	0	0	0	0	0	0	0	0.8	0	0	0	0	0.2	0	0	0.117	0.071
1.122	0.905	0	0	0	0	0.905	0	0	0	1.122	0.905	0	0	0	0	0	0	0	0	0	0	0	0	0	0	0	0	0	0	0.667	0	0.4	0	0	0.667	0.4	0	0	0.25	0	0.442
0	0	15.002	0	0	0	0	15.002	0	0	0	0	4.696	0	0	0	0	0.588	0	0	0	0	0.515	0	0	0	0	0.6	0	0	0.4	0	0.556	0.5	0.2	0	0	0	0	0	0	0.465
21.428	0.815	2.545	1.075	0	22.247	0.815	1.643	1.075	0	0.819	0	0.902	1.075	0	0.486	0	0.333	0	0	0.428	0	1	0	0	0	0	0	0	0	0.333	0	0	0	0	0	0	0	0	0	0	0.150
26.414	0	0	0	38.376	20.698	0	0	0	32.746	13.18	0	0	0	19.462	0.456	0	0	0	0.326	0.439	0	0	0	0.303	0.363	0	0	0	0.289	0.444	0	0.2	0.333	0.333	0.444	0.2	0.4	0.667	0.667	0	0.198
7.373	0	11.448	12.893	0	4.322	0	13.679	9.278	0	6.934	0	6.96	7.12	0	0.667	0	0.571	0.654	0	0.1	0	0.514	0.636	0	0.619	0	0.381	0.571	0	0.333	0.333	0	0.667	0.2	0.667	0.667	0	0.667	0	0	0.709
0	0	0	0	22.549	0	0	0	0	13.677	0	0	0	0	17.83	0	0	0	0	0.394	0	0	0	0	0.39	0	0	0	0	0.257	0	0.4	0.6	0.2	0.8	0	0	0.4	0.2	0	0	0.455
0	9.349	15.321	0.83	8.687	0	1.799	11.623	0	6.957	0	8.448	8.527	0.83	3.506	0	0.564	0.626	0	0.756	0	0	0.628	0	0.75	0	0.361	0.556	0	0.833	0	1	0.25	0.25	0.4	0	1	0	0.25	0	0	0.513
0	0	0	0	0	0	0	0	0	0	0	0	0	0	0	0	0	0	0	0	0	0	0	0	0	0	0	0	0	0	0	0	0	0	0	0	0	0	0	0	0	0.517
0	0	0	5.114	11.414	0	0	0	7.779	13.326	0	0	0	5.228	5.144	0	0	0	0.722	0.516	0	0	0	0.722	0.505	0	0	0	0.4	0.3	0.25	0.857	0	0	0	0.5	0.857	0.5	0.2	0	0	0.500
0	0	0	0	0	0	0	0	0	0	0	0	0	0	0	0	0	0	0	0	0	0	0	0	0	0	0	0	0	0	0.333	0	0.2	0	0.2	0.333	0	0	0	0	0	0.522
22.549	0	0	0	12.893	13.677	0	0	0	9.278	17.83	0	0	0	7.12	0.394	0	0	0	0.654	0.39	0	0	0	0.636	0.257	0	0	0	0.571	0.8	0.6	1	0	0.667	0	0.4	1	0	0.667	0	0.432
0	21.226	0	8.687	0	0	22.276	0	6.957	0	0	6.315	0	3.506	0	0	0.433	0	0.756	0	0	0.38	0	0.75	0	0	0.667	0	0.833	0	0	0.4	0	0.4	0	0	0.6	0	0	0	0.294	0.249
0	0	0	0	0	0	0	0	0	0	0	0	0	0	0	0	0	0	0	0	0	0	0	0	0	0	0	0	0	0	0	0	0.857	0	0.2	0	0	1	0	0	0.42	0.243
0	6.807	0	0	0.829	0.909	7.817	0	0	2.749	0.909	1.011	0	0	2.749	0	0.667	0	0	0	0	0.639	0	0	0	0	0	0	0	0	0.667	0	0	0	0	0.333	0	0	0	0	0.56	0.130
0.872	0	0	0.866	0	0	0	0	0.866	0	0.872	0	0	0.866	0	0	0	0	0	0	0	0	0	0	0	0	0	0	0	0	0.25	0	0.2	0	0	0	0	0	0.111	0	0	0.341
0	0	0	19.076	0	0.858	0	0	17.851	0.858	1.67	0	0	11.066	0.858	0	0	0	0.412	0	0	0	0	0.353	0	0	0	0	0.527	0	0.2	0	0	0.333	0	0	0	0	0	0	0.113	0.168
0	0	0	0	1.671	0	0.857	0	0.867	3.428	0	0.857	0	0.867	2.586	0	0	0	0	0	0	0	0	0	0	0	0	0	0	0	0	0	0	0.2	0	0	0	0	0	0.2	0.556	0.266
0	0	0	0	0	0	0	0	0	0	0	0	0	0	0	0	0	0	0	0	0	0	0	0	0	0	0	0	0	0	0	0	0	0	0	0	0	0	0	0	0	0.307
0	0	0	0	0	0	0	0	0	0	0	0	0	0	0	0	0	0	0	0	0	0	0	0	0	0	0	0	0	0	0	0.25	0	0	0	0	0	0	0	0	0	0.338
2.564	0	1.685	0	4.195	5.629	2.911	4.368	2.733	7.289	3.065	2.911	2.683	2.733	3.95	0.267	0	0.1	0.333	0.429	0.267	0	0.1	0.333	0.357	0.333	0	0	0.333	0.167	0	0	0.2	0	0.8	0	0	0.4	0	0.8	0.296	0.073
3.516	0	8.884	31.049	25.297	6.119	1.632	11.648	39.094	23.173	3.534	1.632	4.103	20.165	19.221	0.857	1	0.636	0.293	0.423	0.667	0	0.621	0.251	0.409	0.667	1	0.5	0.19	0.251	0	0.5	0.333	0	0.6	0.8	0.25	1	1	0.8	0	0.276
0	0	0	0	0	0	0	0	0	0	0	0	0	0	0	0	0	0	0	0	0	0	0	0	0	0	0	0	0	0	0.25	0	0	0.2	0	0	0	0	0	0	0.12	0.201
0	0	0	0	0	0	0	0	0	0	0	0	0	0	0	0	0	0	0	0	0	0	0	0	0	0	0	0	0	0	0.4	0.2	0	0.25	0.6	0	0.2	0	0	0.4	0	0.442
0.802	0	0	0	0	0.802	0	0	0	0	0	0	0	0	0	0	0	0	0	0	0	0	0	0	0	0	0	0	0	0	0	0	0	0	0.667	0	0	0	0	0	0.197	0.176
0	0	0	0	0	0	0	0	1.979	0	0	0	0	1.979	0	0	0	0	0	0	0	0	0	0	0	0	0	0	0	0	0	0	0.5	0	0	0	0	0	0	0	0	0.558
0	0	0.869	0	0	0	0	0.869	0	0	0	0	0.869	0	0	0	0	0	0	0	0	0	0	0	0	0	0	0	0	0	0	0	0.143	0.333	0	0	0	0	0	0	0	0.482
0	0	0	0	0	0	0	0	0	0	0	0	0	0	0	0	0	0	0	0	0	0	0	0	0	0	0	0	0	0	0	0	0	0	0.857	0	0	0	0	1	0	0.386
0	0	0	0	0	0	0	0	0	0	0	0	0	0	0	0	0	0	0	0	0	0	0	0	0	0	0	0	0	0	0	0	0	0	0	0	0	0	0	0	0.554	0.177
0	0	0	0	0	0	0	0	0	0	0	0	0	0	0	0	0	0	0	0	0	0	0	0	0	0	0	0	0	0	0	0.2	0	0	0.25	0	0.2	0	0	0	0.419	0.822
25.034	0	0	0	0	23.602	0	0	0	0	9.255	0	0	0	0	0.283	0	0	0	0	0.262	0	0	0	0	0.139	0	0	0	0	0.4	0	0.2	0	0	0.8	0	0	0	0	0	0.418
0	0	2.479	0	0	0	0	3.296	0.817	0	0	0	0.817	0.817	0	0	0	0.5	0	0	0	0	0.333	0	0	0	0	0	0	0	0	0	0.5	0	0.25	0	0	0	0	0	0.298	0.170
0.794	38.376	0	0	5.876	0	32.746	0	0	6.694	0.794	19.462	0	0	2.53	0	0.326	0	0	0.889	0	0.303	0	0	0.857	0	0.289	0	0	0.667	0	0.333	0.2	0.2	0	0.25	0.667	0	0.4	0	0	0.396
0	0	0	0	0	0	0	0	0	0	0	0	0	0	0	0	0	0	0	0	0	0	0	0	0	0	0	0	0	0	0	0	0	0.25	0	0	0	0	0	0	0	0.370
0	0	0	0	0	0	0	0	0	0	0	0	0	0	0	0	0	0	0	0	0	0	0	0	0	0	0	0	0	0	0.5	0	0	0	0	0	0	0	0	0	0	0.552
0	1.68	0	2.797	0	0	0.829	0	1.818	0	0	0.851	0	1.899	0	0	1	0	1	0	0	0	0	0	0	0	0	0	1	0	0.5	0	0.333	0.667	0	1	0.75	1	1	0	0.018	0.880
0	0	0	0	0	0	0	0	0	0	0	0	0	0	0	0	0	0	0	0	0	0	0	0	0	0	0	0	0	0	0	0	0	0	0	0	0	0	0	0	0.298	0.332
0	0	1.623	0	0	0	0	3.292	0	0	0	0	3.292	0	0	0	0	0.667	0	0	0	0	0.667	0	0	0	0	0.667	0	0	0	0	0.2	0	0	0.4	0	0	0	0	0.298	0.163
18.492	22.426	8.022	0	0	18.492	23.416	7.969	0	0	9.128	13.295	6.467	0	0	0.514	0.449	0.644	0	0	0.448	0.382	0.583	0	0	0.4	0.429	0.619	0	0	0	1	0	0	0	0	1	0	0	0	0.055	0.072
0	0	1.075	0	0.815	0	0	1.075	0	0.815	0	0	1.075	0	0	0	0	0	0	0	0	0	0	0	0	0	0	0	0	0	0.2	1	0	0.667	0	0.2	1	0	0.667	0	0	0.335
8.87	8.724	9.57	8.503	10.746	20.682	19.979	19.211	19.248	18.849	10.405	13.889	9.641	10.576	10.686	0.876	0.876	0.876	0.876	0.876	0.829	0.829	0.829	0.829	0.829	0.619	0.444	0.619	0.536	0.571	0	0	0	0	0	0	0	0	0	0	0.42	0.254
0	0	0	0	0	0	0	0	0	0	0	0	0	0	0	0	0	0	0	0	0	0	0	0	0	0	0	0	0	0	0	0	0	0	0	0	0	0	0	0	0.298	0.486
0	0	0	0	0	0.857	0.867	0	0.846	0	0.857	0.867	0	0.846	0	0	0	0	0	0	0	0	0	0	0	0	0	0	0	0	0	0.2	0	0	0	0	0	0	0	0	0.554	0.193
22.426	0	18.492	0	8.022	23.416	0	18.492	0	7.969	13.295	0	9.128	0	6.467	0.449	0	0.514	0	0.644	0.382	0	0.448	0	0.583	0.429	0	0.4	0	0.619	1	0	0	1	0	1	0	0	1	0	0	0.160
0	0	0	0	0.902	0.82	0	0	0	0	0.82	0	0	0	0.902	0	0	0	0	0	0	0	0	0	0	0	0	0	0	0	0	0	0	0.333	0	0	0	0	0	0	0.899	0.150
7.946	3.47	8.925	8.434	4.522	12.881	2.553	8.099	7.163	4.489	11.251	5.541	8.851	11.48	8.203	0.637	0.75	0.676	0.637	0.711	0.505	1	0.833	0.536	0.9	0.591	0.6	0.667	0.397	0.611	0.2	0	0.4	0.2	0.2	0.6	0	0.2	0.2	0.8	0	0.354
7.019	0	2.043	0	0	7.019	0	0	0	0	3.681	0	2.043	0	0	0.5	0	0	0	0	0.5	0	0	0	0	0	0	0	0	0	0.2	0.2	0.333	0	0	0	0.2	0.667	0.6	0	0	0.221
0	0	0	0	0	0	0	0	0	0	0	0	0	0	0	0	0	0	0	0	0	0	0	0	0	0	0	0	0	0	0.2	0.333	0.2	0	0.2	0	0.333	0	0	0	0.415	0.386
20.868	16.752	3.323	4.995	31.049	23.665	20.535	3.44	6.964	39.094	6.817	8.314	3.383	1.969	20.165	0.434	0.498	0.867	0.893	0.293	0.375	0.427	0.667	0.857	0.251	0.286	0.417	0.5	1	0.19	0	0	0	0	0	0	0.5	0	0.333	1	0	0.248
0	5.876	0	0	0	0	6.694	0	0	0	0	2.53	0	0	0	0	0.889	0	0	0	0	0.857	0	0	0	0	0.667	0	0	0	0.556	0	0	0.2	0	0	0	0	0	0	0.299	0.194
8.503	15.276	8.724	9.895	8.87	19.248	27.007	19.979	21.263	20.682	10.576	13.071	13.889	13.99	10.405	0.876	0.459	0.876	0.767	0.876	0.829	0.429	0.829	0.725	0.829	0.536	0.417	0.444	0.333	0.619	0	0	0	0	0	0	0	0	0	0	0.558	0.264
0	0	9.951	8.539	0	0	0	10.939	6.858	0	0	0	2.977	3.56	0	0	0	0.682	0.733	0	0	0	0.576	0.214	0	0	0	0.667	0.667	0	0	0.4	0	0	0.2	0	0	0	0.2	0.4	0	0.273
0	0	0	0	0	0	0	0	0	0	0	0	0	0	0	0	0	0	0	0	0	0	0	0	0	0	0	0	0	0	0	0	0	0	0	0	0	0	0	0	0.556	0.942
0	0	0	0	0	0	0	0	0	0	0	0	0	0	0	0	0	0	0	0	0	0	0	0	0	0	0	0	0	0	0.5	0	0	0.333	0.4	0	0	0	0.667	0	0	0.647
0	0	0	0	0	0	0	0	0	0	0	0	0	0	0	0	0	0	0	0	0	0	0	0	0	0	0	0	0	0	0	0	0	0	0	0	0	0	0	0	0.414	0.200
10.746	9.57	12.542	8.87	13.763	18.849	19.211	19.828	20.682	19.38	10.686	9.641	10.095	10.405	6.89	0.876	0.876	0.876	0.876	0.867	0.829	0.829	0.829	0.829	0.819	0.571	0.619	0.714	0.619	0.6	0	0	0	0	0	0	0	0	0	0	0.419	0.222
0	0	0.866	0	0	0	0	0.866	0	0	0	0	0.866	0	0	0	0	0	0	0	0	0	0	0	0	0	0	0	0	0	0.889	0	0	0	0	0.778	0	0.111	0	0	0	0.936
0	0	0	0	0	0	0.858	0.858	0	0	0	1.67	0.858	0	0	0	0	0	0	0	0	0	0	0	0	0	0	0	0	0	0	0.2	0	0	0	0	0	0	0	0	0.42	0.299
0	0	6.948	0	0	0	0	8.207	0	0	0	0	2.217	0	0	0	0	0.861	0	0	0	0	0.694	0	0	0	0	1	0	0	0	0	0.25	0.2	0	0	0	0	0	0	0	0.346
0	0	0	-1	0	0	0	0	-1	0	0	0	0	-1	0	0	0	0	-1	0	0	0	0	-1	0	0	0	0	-1	0	0	0	0	-1	0	0	0	0	-1	1	0.42	0.689
0	0	22.549	0	0	0	0	13.677	0	0	0	0	17.83	0	0	0	0	0.394	0	0	0	0	0.39	0	0	0	0	0.257	0	0	0.6	0	0.8	0.4	1	0.4	0	0	0	1	0	0.425
8.884	3.516	25.297	0	24.385	11.648	6.119	23.173	1.632	19.346	4.103	3.534	19.221	1.632	15.733	0.636	0.857	0.423	1	0.347	0.621	0.667	0.409	0	0.307	0.5	0.667	0.251	1	0.191	0.333	0	0.6	0.5	0	1	0.8	0.8	0.25	0	0	0.490
0	0	0	0	0	0	0	0	0	0	0	0	0	0	0	0	0	0	0	0	0	0	0	0	0	0	0	0	0	0	0	0.25	0	0	0	0	0	0	0	0	0	0.374
2.545	21.428	0	0.815	0	1.643	22.247	0	0.815	0	0.902	0.819	0	0	0	0.333	0.486	0	0	0	1	0.428	0	0	0	0	0	0	0	0	0	0.333	0	0	0	0	0	0	0	0	0.056	0.133
0	0	11.414	0	8.539	0	0	13.326	0	6.858	0	0	5.144	0	3.56	0	0	0.516	0	0.733	0	0	0.505	0	0.214	0	0	0.3	0	0.667	0	0.25	0	0.857	0	0.5	0.5	0	0.857	0.2	0	0.435
0	0	2.564	0	1.685	2.911	2.733	5.629	1.689	4.368	2.911	2.733	3.065	1.689	2.683	0	0.333	0.267	0	0.1	0	0.333	0.267	0	0.1	0	0.333	0.333	0	0	0	0	0	0	0.2	0	0	0	0	0.4	0.42	0.159
0.855	0	0	0	0	1.868	0	0	0	0	1.868	0	0	0	0	1	0	0	0	0	0	0	0	0	0	1	0	0	0	0	0	0	0	0.2	0	0	0	0	0	0	0.299	0.165
0	0	13.292	0	0	0	0	12.424	0	0	0	0	2.712	0	0	0	0	0.695	0	0	0	0	0.637	0	0	0	0	0.667	0	0	0	0	0	0.556	0	0	0	0	0	0	0.198	0.159
0	0	0.829	6.807	0	0	0.909	2.749	7.817	0	0	0.909	2.749	1.011	0	0	0	0	0.667	0	0	0	0	0.639	0	0	0	0	0	0	0	0.667	0	0	0.6	0	0.333	0	0	0	0.556	0.179
0	0	4.467	0	8.434	0	0	3.763	0	7.163	0	0	7.539	0	11.48	0	0	0.722	0	0.637	0	0	0.833	0	0.536	0	0	0.714	0	0.397	0.75	0	0.25	0.4	0.2	1	0.25	0.5	0	0.2	0	0.757
0	0	0	15.196	0	0	0	0	20.555	0	0	0	0	9.225	0	0	0	0	0.779	0	0	0	0	0.743	0	0	0	0	0.714	0	0	0	0	0.667	0	0	0	0	0	0	0.56	0.526
0	0	0	11.448	6.948	0	0	0	13.679	8.207	0	0	0	6.96	2.217	0	0	0	0.571	0.861	0	0	0	0.514	0.694	0	0	0	0.381	1	0	0.2	0	0	0.25	0	0	0	0	0	0	0.730
0	0	0	0	0	0	0	0	0	0	0	0	0	0	0	0	0	0	0	0	0	0	0	0	0	0	0	0	0	0	0	0	0	0	0	0	0	0	0	0	0.292	0.318
0	0	0	0	0	0	0	0	0	0	0	0	0	0	0	0	0	0	0	0	0	0	0	0	0	0	0	0	0	0	0	0	0.4	0	0	0	0	0.4	0	0.333	0.3	0.276
0	0	0	0	0	0	0	0	0	0	0	0	0	0	0	0	0	0	0	0	0	0	0	0	0	0	0	0	0	0	0	0	0.333	0.2	0	0	0	0	0.2	0	0	0.417
0	0	0	0	2.479	0	0.817	0	0	3.296	0	0.817	0	0	0.817	0	0	0	0	0.5	0	0	0	0	0.333	0	0	0	0	0	0	0	0	0	0.5	0	0	0	0	0	0	0.593
0	0	0	5.609	0	0	0	0	5.609	0	0	0	0	2.134	0	0	0	0	0.867	0	0	0	0	0.867	0	0	0	0	1	0	0	0	0	0.333	0	0	0	0	0	0	0.717	0.430
1.075	0	0.815	0	21.428	1.075	0	0.815	0	22.247	1.075	0	0	0	0.819	0	0	0	0	0.486	0	0	0	0	0.428	0	0	0	0	0	0	0.2	0	1	0.333	0	0.2	0	1	0	0	0.265
8.925	7.946	4.522	3.47	16.527	8.099	12.881	4.489	2.553	16.506	8.851	11.251	8.203	5.541	8.237	0.676	0.637	0.711	0.75	0.489	0.833	0.505	0.9	1	0.485	0.667	0.591	0.611	0.6	0.667	0.4	0.2	0.2	0	0	0.2	0.6	0.8	0	0	0	0.230
0.869	0	0	0	0	0.869	0	0	0	0	0.869	0	0	0	0	0	0	0	0	0	0	0	0	0	0	0	0	0	0	0	0.143	0	0	0	0.2	0	0	0	0	0.2	0.557	0.429
0	0	0	0	0	0	0	0	0	0.846	0	0	0	0	0.846	0	0	0	0	0	0	0	0	0	0	0	0	0	0	0	0	0	0	0	0	0	0	0	0	0	0.897	0.133
0	0	0	0	0	0	0	0	0	0	0	0	0	0	0	0	0	0	0	0	0	0	0	0	0	0	0	0	0	0	0	0	0	0	0	0	0	0	0	0	0.299	0.455
0	0	0	0	0	0	0	0.82	0	0	0	0	0.82	0	0	0	0	0	0	0	0	0	0	0	0	0	0	0	0	0	0	0.333	0	0	0	0	0	0	0	0	0.897	0.171
0	0	0	0	0	0	0	0	0.858	0	0	0	0	0.858	0	0	0	0	0	0	0	0	0	0	0	0	0	0	0	0	0	0	0	0	0	0	0	0	0	0	0.417	0.148
2.797	0	1.68	0	0	1.818	0	0.829	0	0	1.899	0	0.851	0	0	1	0	1	0	0	0	0	0	0	0	1	0	0	0	0	0.667	0	0	0	0.5	1	0	0.75	0	1	0	0.709
1.68	2.797	0	0	0	0.829	1.818	0	0	0	0.851	1.899	0	0	0	1	1	0	0	0	0	0	0	0	0	0	1	0	0	0	0	0.667	0.5	0	0.333	0.75	1	1	0	1	0	0.525
0	0	25.034	0	0	0	0	23.602	0	0	0	0	9.255	0	0	0	0	0.283	0	0	0	0	0.262	0	0	0	0	0.139	0	0	0	0	0.4	0	0.2	0	0	0.8	0	0	0.296	0.126
0	0	0	0	0	0	0	0	0	0	0	0	0	0	0	0	0	0	0	0	0	0	0	0	0	0	0	0	0	0	0	0	0.25	0.2	0.2	0	0	0	0.2	0.2	0.556	0.289
0	0	22.426	0	18.492	0	0	23.416	0	18.492	0	0	13.295	0	9.128	0	0	0.449	0	0.514	0	0	0.382	0	0.448	0	0	0.429	0	0.4	0	1	1	0	0	0	1	1	0	0	0	0.811
8.724	8.503	8.87	15.276	9.57	19.979	19.248	20.682	27.007	19.211	13.889	10.576	10.405	13.071	9.641	0.876	0.876	0.876	0.459	0.876	0.829	0.829	0.829	0.429	0.829	0.444	0.536	0.619	0.417	0.619	0	0	0	0	0	0	0	0	0	0	0	0.257
0	0	0	0	0.905	0	0	0	0	0.905	0	0	0	0	0.905	0	0	0	0	0	0	0	0	0	0	0	0	0	0	0	0.2	0	0	0	0	0	0.667	0	0	0.4	0	0.538
15.321	0	8.687	9.349	21.226	11.623	0	6.957	1.799	22.276	8.527	0	3.506	8.448	6.315	0.626	0	0.756	0.564	0.433	0.628	0	0.75	0	0.38	0.556	0	0.833	0.361	0.667	0.25	0	0.4	1	0.4	0	0	0	1	0.6	0	0.407
0.902	0	1.075	0	0	0	0	1.075	0.82	0	0.902	0	1.075	0.82	0	0	0	0	0	0	0	0	0	0	0	0	0	0	0	0	0	0	0	0	0	0	0	0	0	0	0	0.329
31.049	3.323	0	20.868	3.516	39.094	3.44	1.632	23.665	6.119	20.165	3.383	1.632	6.817	3.534	0.293	0.867	1	0.434	0.857	0.251	0.667	0	0.375	0.667	0.19	0.5	1	0.286	0.667	0	0	0.5	0	0	1	0	0.25	0	0.8	0	0.211
0	0	0	0	0	0	0	0	0	0	0	0	0	0	0	0	0	0	0	0	0	0	0	0	0	0	0	0	0	0	0	0	0	0	0	0	0	0	0	0	0	0.408
0.866	0	0	0	0.872	0.866	0	0	0	0	0.866	0	0	0	0.872	0	0	0	0	0	0	0	0	0	0	0	0	0	0	0	0	0.889	0	0	0.25	0.111	0.778	0	0	0	0.299	0.499
0	0	0	0	0	0	0	0	0	0	0	0	0	0	0	0	0	0	0	0	0	0	0	0	0	0	0	0	0	0	0	0	0	0	0	0	0	0	0	0	0.056	0.545
