1.092	0	0	4.777	5.265	2.845	0.877	0	10.241	4.296	4.998	0.877	0	9.434	8.525	0.5	0	0	0.382	0.511	0.333	0	0	0.236	0.6	0.5	0	0	0.4	0.472	0	0.2	1	0.889	0	0	0.6	1	0.556	0	0	0.331
0.845	0	0	0	1.177	0.845	0	0	0	0	0.845	0	0	0	1.177	0	0	0	0	0	0	0	0	0	0	0	0	0	0	0	0	0.2	0.6	1	0.2	0	0	0.4	1	0.2	0.419	0.240
0	0	0	0	0	0	0	0	0	0	0	0	0	0	0	0	0	0	0	0	0	0	0	0	0	0	0	0	0	0	0	0	0	0	0	0	0	0	0	0	0.718	0.961
0	2.075	0	0	0	0	3.033	0	0	0	0	3.033	0	0	0	0	1	0	0	0	0	1	0	0	0	0	1	0	0	0	0	0	0	0	0	0	0	0	0	0	0.298	0.421
0.858	6.548	1.008	0	1.106	3.811	10.395	3.119	1.781	1.106	3.811	7.556	3.119	1.781	1.106	0.333	0.289	1	1	0	0.333	0.267	1	1	0	0.333	0.286	1	1	0	0	0	0	0	0	0.143	0	0	0	0	0.716	0.517
0	0	2.701	0.893	0	0	0	2.701	2.411	0.843	0	0	1.022	2.411	0.843	0	0	0	1	0	0	0	0	1	0	0	0	0	0	0	0	0	0	0	0.4	0	0.333	0.2	0.4	0.4	0.056	0.670
0	5.741	0.832	0	0	0	10.833	0.832	0	0.841	0	8.939	0	0	0.841	0	0.164	0	0	0	0	0.127	0	0	0	0	0.139	0	0	0	0.5	0.2	0.6	0.2	0	0	0	0.4	0	0	0	0.817
3.51	1.798	11.361	0	2.551	9.317	6.907	19.105	5.324	5.462	8.458	6.045	14.176	5.324	5.462	0.356	0.81	0.275	0.7	0.467	0.356	0.81	0.275	0.7	0.467	0.25	0.267	0.319	0.4	0.467	0	0	0	0	0	0	0	0	0	0	0.296	0.244
0	0	0	1.71	0	1.364	0	0	0.845	0	1.364	0	0	1.71	0	0	0	0	0	0	0	0	0	0	0	0	0	0	0	0	0	0	0	0	0.25	0	0	0	0	0	0.419	0.403
5.503	0	0	0	0	7.281	0.976	0	0	0	6.441	0.976	0	0	0	0.214	0	0	0	0	0.214	0	0	0	0	0.143	0	0	0	0	0	0	0	0	0.2	0	0	0	0.2	0	0	0.328
0	0.84	0.877	0	0	0	0.84	0.877	0	0	0	0.84	0.877	0	0	0	0	0	0	0	0	0	0	0	0	0	0	0	0	0	0	0	0	0	0.4	0	0	0	0	0	0.556	0.236
0	0	4.08	0	0	0	0.812	4.08	0	0	0	0.812	4.08	0	0	0	0	0.333	0	0	0	0	0.333	0	0	0	0	0.333	0	0	0.4	0	0	0	0.111	0.6	0	0	0	0.222	0	0.845
0	0	1.059	0	0	0	1.583	1.059	0	0	0	1.583	1.059	0	0	0	0	0	0	0	0	0	0	0	0	0	0	0	0	0	0.8	0	0.4	0.5	0	0.2	0	0.4	0.25	0.143	0.42	0.840
0	1.022	0	0.865	0	0	1.998	0	0	0	0	1.998	0	0.865	0	0	0	0	0	0	0	0	0	0	0	0	0	0	0	0	0.778	0	0.4	0.2	0	0.889	0	1	0	0.2	0.197	0.907
19.991	1.82	0	0	0.838	24.894	1.82	0	0	1.959	13.063	1.82	0	0	3.838	0.17	0	0	0	0.5	0.16	0	0	0	1	0.182	0	0	0	0.5	0	0.714	0	0.4	0	0	0.429	0	0	0	0.197	0.368
2.865	3.363	0	0	1.289	12.598	11.619	5.939	3.034	9.823	11.777	11.619	5.939	3.034	8.769	0.327	0.422	0.733	0.667	0.571	0.327	0.422	0.733	0.667	0.571	0.289	0.356	0.6	0.667	0.571	0	0.2	0	0	0	0	0	0	0.5	0	0.715	0.159
1.811	5.902	7.616	7.335	3.546	5.59	7.667	15.112	11.931	11.742	6.676	9.693	13.43	11.119	11.742	0.571	0.418	0.333	0.372	0.364	0.6	0.464	0.295	0.333	0.327	0.524	0.333	0.333	0.333	0.345	0.4	0.25	0	0.333	0	1	1	0	0.111	0	0.299	0.881
0	0	6.548	1.921	0.858	1.781	0	10.395	7.099	3.811	1.781	0	7.556	6.25	3.811	1	0	0.289	0.429	0.333	1	0	0.267	0.429	0.333	1	0	0.286	0.4	0.333	0	0	0	0	0	0	0	0	0	0.143	0.414	0.372
2.741	0	1.635	12.523	4.03	7.917	1.728	4.812	20.188	3.499	7.917	2.568	4.009	16.887	6.623	0.381	0	0.5	0.176	0.8	0.381	0	0.5	0.133	0.667	0.381	0	0.5	0.191	0.8	0	0.625	0	0	0	0	0	0	0	0	0.417	0.265
0	0	0	8.423	0	0	0	0	10.006	1.583	0	0	0	8.069	1.583	0	0	0	0.361	0	0	0	0	0.361	0	0	0	0	0.381	0	0.6	0.75	0.5	0.2	0	0	0	0.25	0	0	0	0.748
3.546	7.616	0	1.811	0.807	11.742	15.112	8.096	5.59	4.748	11.742	13.43	8.096	6.676	5.88	0.364	0.333	0.667	0.571	0.524	0.327	0.295	0.667	0.6	0.4	0.345	0.333	0.619	0.524	0.6	0	0	0	0.4	1	0	0	0	1	1	0.556	0.186
0	0	0	0	0	0	0	0	0	0	0	0	0	0	0	0	0	0	0	0	0	0	0	0	0	0	0	0	0	0	0	0	0	0	0	0	0	0	0	0	0.899	0.999
0	0	0	0	0.812	0	0	0	0	0.812	0	0	0	0	0.812	0	0	0	0	0	0	0	0	0	0	0	0	0	0	0	0	0	0	0.25	0	0	0	0	0	0	0.414	0.621
2.714	2.642	0	2.471	12.523	8.494	9.669	3.566	8.803	20.188	7.667	9.669	3.566	7.188	16.887	0.278	0.222	0.667	0.311	0.176	0.278	0.222	0.667	0.311	0.133	0.25	0.2	0.5	0.286	0.191	0	0.125	0	0	0	0	0	0	0	0	0.296	0.611
0	0	0	0	0	0	1.066	1.066	0	0	0	1.066	1.066	0	0	0	0	0	0	0	0	0	0	0	0	0	0	0	0	0	0	0.6	0	0.6	1	0.4	0.4	0.333	0.8	1	0.117	0.631
0	0	5.503	0	0	0.976	0	7.281	0	0	0.976	0	6.441	0	0	0	0	0.214	0	0	0	0	0.214	0	0	0	0	0.143	0	0	0	0	0	0.4	0	0	0.2	0	1	0	0	0.389
2.075	0	0	0	0	3.033	0	0	0	0	3.033	0	0	0	0	1	0	0	0	0	1	0	0	0	0	1	0	0	0	0	0	0	0	0	0	0	0	0	0.4	0	0.197	0.533
5.741	0	0	0	0.832	10.833	0	0	0.815	0.832	8.939	0	0	1.655	0	0.164	0	0	0	0	0.127	0	0	0	0	0.139	0	0	0	0	0.2	0.2	0.5	0	0.6	0	0	0	0	0.4	0.292	0.458
3.945	0	0	0	1.109	6.511	0	0.902	0	5.996	5.699	0	0.902	0	5.996	0.333	0	0	0	0.4	0.333	0	0	0	0.4	0.4	0	0	0	0.4	0	0.333	0	0.5	0	0	0.333	0	1	0	0.296	0.336
0	0	0	0	0	0	0	0	0	0	0	0	0	0	0	0	0	0	0	0	0	0	0	0	0	0	0	0	0	0	0	0	0	0	0	0	0	0	0	0	0.9	0.991
0	0.845	1.177	0	0.865	0	0.845	0	0	0	0	0.845	1.177	0	0.865	0	0	0	0	0	0	0	0	0	0	0	0	0	0	0	0.6	0	0.2	0.2	0.2	0.4	0	0.2	0	0	0	0.733
4.765	0	0	3.218	4.238	7.327	1.748	1.674	7.693	10.355	7.327	1.748	1.674	7.693	7.879	0.429	1	0	0.214	0.289	0.429	1	0	0.214	0.289	0.321	1	0	0.179	0.476	0	0	0	0	0	0	0	0	0	0	0.415	0.558
1.022	0.865	0	1.177	0	1.998	0	0	0	0	1.998	0.865	0	1.177	0	0	0	0	0	0	0	0	0	0	0	0	0	0	0	0	0	0.2	0.778	0.2	0.4	0	0	0.889	0.2	1	0.554	0.211
0	4.456	0	4.885	0	0	9.724	0	10.07	0	0	9.724	0	9.222	0	0	0.472	0	0.472	0	0	0.472	0	0.417	0	0	0.472	0	0.5	0	0	0	0	0	0	0	0	0	0	0	0.897	0.226
11.361	3.51	2.551	1.798	10.199	19.105	9.317	5.462	6.907	17.162	14.176	8.458	5.462	6.045	11.894	0.275	0.356	0.467	0.81	0.316	0.275	0.356	0.467	0.81	0.316	0.319	0.25	0.467	0.267	0.4	0	0	0	0	0	0	0	0	0	0	0.556	0.351
0	0	1.798	2.511	3.51	5.324	0.889	6.907	7.429	9.317	5.324	0.889	6.045	4.042	8.458	0.7	0	0.81	0.679	0.356	0.7	0	0.81	0.679	0.356	0.4	0	0.267	0.667	0.25	0	0	0	0	0	0	0	0	0	0	0.419	0.346
0	4.238	0	0	1.82	0	10.355	0	1.674	1.82	0	7.879	0	1.674	1.82	0	0.289	0	0	0	0	0.289	0	0	0	0	0.476	0	0	0	0	0	0.4	0	0.714	0	0	0	0	0.429	0	0.769
3.363	0	2.865	2.815	0	11.619	3.034	12.598	8.568	5.939	11.619	3.034	11.777	5.641	5.939	0.422	0.667	0.327	0.607	0.733	0.422	0.667	0.327	0.607	0.733	0.356	0.667	0.289	0.6	0.6	0.2	0	0	0	0	0	0.5	0	0	0	0.12	0.345
2.897	6.4	0.826	1.898	0	6.502	12.005	4.914	8.53	0	5.669	9.483	4.088	7.578	0	0.476	0.364	0.2	0.5	0	0.476	0.364	0.2	0.5	0	0.667	0.464	0.167	0.476	0	0	1	0	0	0.667	0	0.667	0	0	1	0	0.216
5.791	0	4.691	3.399	9.113	4.741	2.503	4.597	8.013	16.965	9.818	2.503	6.721	7.187	13.609	0.455	0	0.429	0.444	0.235	0.4	0	0.3	0.222	0.17	0.444	0	0.381	0.393	0.275	0	0.4	0.333	0.5	0	0	0	0	0.25	0.25	0	0.395
7.616	1.811	3.546	5.902	0	15.112	5.59	11.742	7.667	8.096	13.43	6.676	11.742	9.693	8.096	0.333	0.571	0.364	0.418	0.667	0.295	0.6	0.327	0.464	0.667	0.333	0.524	0.345	0.333	0.619	0	0.4	0	0.25	0	0	1	0	1	0	0	0.318
2.471	3.782	2.642	3.739	2.714	8.803	9.425	9.669	10.603	8.494	7.188	9.425	9.669	10.603	7.667	0.311	0.444	0.222	0.4	0.278	0.311	0.444	0.222	0.4	0.278	0.286	0.422	0.2	0.364	0.25	0	0	0.125	0	0	0	0	0	0	0	0.894	0.439
0	0	0	4.456	0	0	0	0	9.724	0	0	0	0	9.724	0	0	0	0	0.472	0	0	0	0	0.472	0	0	0	0	0.472	0	0	0	0	0	0	0	0	0	0	0	0.893	0.454
0	0.832	0.893	0	0	0.841	0.832	2.411	0	0	0.841	0	2.411	0	0	0	0	1	0	0	0	0	1	0	0	0	0	0	0	0	0	0.6	0	0.5	0	0	0.4	0.4	0	0.333	0.898	0.554
0	0	0	0	0	0	0	0	0	0	0	0	0	0	0	0	0	0	0	0	0	0	0	0	0	0	0	0	0	0	0	0.25	0	0	0	0	0	0	0	0	0.899	0.268
1.789	0	6.88	0	0	2.865	1.014	3.863	0	0	1.934	1.014	6.054	0	0	0.667	0	0.238	0	0	1	0	0.667	0	0	1	0	0.1	0	0	0.333	0.714	0.444	0.75	0.444	0.667	0.714	0	0	0.333	0	0.476
0	1.71	0	1.127	0	0	0.845	1.364	3.45	0	0	1.71	1.364	3.45	0	0	0	0	0.333	0	0	0	0	0.333	0	0	0	0	0.333	0	0	0	0	0	0	0	0	0	0	0	0.418	0.390
0.812	0	0	0	0	0.812	0	0	0	0	0.812	0	0	0	0	0	0	0	0	0	0	0	0	0	0	0	0	0	0	0	0	0	0.4	0	0.8	0	0	0.2	0	0	0	0.557
0	0	0	2.701	3.652	1.65	0.843	0	2.701	4.454	2.524	0.843	0	1.022	4.454	0.333	0	0	0	0.167	0	0	0	0	0.167	0.333	0	0	0	0.167	0	0.4	0.333	0	0.25	0	0.4	1	0.2	0.5	0	0.643
1.71	1.127	0	0	0	0.845	3.45	0	0	1.364	1.71	3.45	0	0	1.364	0	0.333	0	0	0	0	0.333	0	0	0	0	0.333	0	0	0	0	0	0	0	0	0	0	0	0	0	0	0.458
0	2.714	12.523	2.642	0	3.566	8.494	20.188	9.669	1.728	3.566	7.667	16.887	9.669	2.568	0.667	0.278	0.176	0.222	0	0.667	0.278	0.133	0.222	0	0.5	0.25	0.191	0.2	0	0	0	0	0.125	0.625	0	0	0	0	0	0.559	0.368
0	0	1.789	0.838	6.88	1.014	0	2.865	1.959	3.863	1.014	0	1.934	3.838	6.054	0	0	0.667	0.5	0.238	0	0	1	1	0.667	0	0	1	0.5	0.1	0.714	0.75	0.333	0	0.444	0.714	0	0.667	0	0	0.299	0.758
0	2.815	3.363	1.011	2.865	3.034	8.568	11.619	3.241	12.598	3.034	5.641	11.619	4.252	11.777	0.667	0.607	0.422	0.167	0.327	0.667	0.607	0.422	0.333	0.327	0.667	0.6	0.356	0.167	0.289	0	0	0.2	1	0	0.5	0	0	0	0	0.119	0.818
3.399	3.652	0	0	5.791	8.013	4.454	2.503	0	4.741	7.187	4.454	2.503	0	9.818	0.444	0.167	0	0	0.455	0.222	0.167	0	0	0.4	0.393	0.167	0	0	0.444	0.5	0.25	0.4	0.333	0	0.25	0.5	0	1	0	0	0.726
3.739	0.838	3.782	0	2.471	10.603	7.652	9.425	4.767	8.803	10.603	7.652	9.425	4.767	7.188	0.4	0.571	0.444	0.6	0.311	0.4	0.571	0.444	0.6	0.311	0.364	0.536	0.422	0.5	0.286	0	0	0	0	0	0	0	0	0	0	0.059	0.376
5.33	9.113	3.806	4.691	4.777	6.152	16.965	2.848	4.597	10.241	6.587	13.609	7.143	6.721	9.434	0.222	0.235	0.81	0.429	0.382	0.143	0.17	0.667	0.3	0.236	0.19	0.275	0.762	0.381	0.4	0	0	0.4	0.333	0.889	0.2	0.25	0.4	0	0.556	0	0.482
1.798	0	3.51	0	11.361	6.907	5.324	9.317	0.889	19.105	6.045	5.324	8.458	0.889	14.176	0.81	0.7	0.356	0	0.275	0.81	0.7	0.356	0	0.275	0.267	0.4	0.25	0	0.319	0	0	0	0	0	0	0	0	0	0	0.298	0.320
0	0	2.075	0	0	0	0	3.033	0	0	0	0	3.033	0	0	0	0	1	0	0	0	0	1	0	0	0	0	1	0	0	0	0	0	0.4	0	0	0.4	0	0	0	0.717	0.243
0	0	5.741	4.03	0	0	0.815	10.833	3.499	0	0	1.655	8.939	6.623	0	0	0	0.164	0.8	0	0	0	0.127	0.667	0	0	0	0.139	0.8	0	0.2	0	0.2	0	0.5	0	0	0	0	0	0.556	0.664
0.84	0	0	0	0.877	0.84	0	0	0	0.877	0.84	0	0	0	0.877	0	0	0	0	0	0	0	0	0	0	0	0	0	0	0	0	0	0	0.6	0	0	0	0	1	0	0.559	0.430
1.473	1.106	0	1.008	2.923	1.473	1.106	0	3.119	2.113	1.473	1.106	0	3.119	2.923	0	0	0	1	0.667	0	0	0	1	1	0	0	0	1	0.333	0	0	0	0	0	0	0	0	0	0	0	0.377
3.218	1.109	0	0	4.765	7.693	5.996	1.748	0.902	7.327	7.693	5.996	1.748	0.902	7.327	0.214	0.4	1	0	0.429	0.214	0.4	1	0	0.429	0.179	0.4	1	0	0.321	0	0	0	0	0	0	0	0	0	0	0.415	0.320
0	0	0	0	1.059	1.583	0	0	0	1.059	1.583	0	0	0	1.059	0	0	0	0	0	0	0	0	0	0	0	0	0	0	0	0	0.5	0.8	0.6	0.4	0	0.25	0.2	0	0.4	0.42	0.443
0.826	2.897	0	6.4	1.011	4.914	6.502	0	12.005	0	4.088	5.669	0	9.483	1.011	0.2	0.476	0	0.364	0	0.2	0.476	0	0.364	0	0.167	0.667	0	0.464	0	0	0	0.667	1	0.8	0	0	1	0.667	1	0.292	0.234
0	1.94	0	0.858	3.945	0	1.94	0	3.033	6.511	0	1.94	0	3.033	5.699	0	0	0	0.667	0.333	0	0	0	0.667	0.333	0	0	0	0.333	0.4	0.5	0.714	0.333	0	0	1	0.714	0.333	0	0	0.119	0.900
4.456	4.885	0	2.586	0	9.724	10.07	0	9.113	0	9.724	9.222	0	7.417	0	0.472	0.472	0	0.607	0	0.472	0.417	0	0.607	0	0.472	0.5	0	0.733	0	0	0	0	0	0	0	0	0	0	0	0.196	0.325
0	0	0	6.88	0	0	0	0	3.863	0	0	0	0	6.054	0	0	0	0	0.238	0	0	0	0	0.667	0	0	0	0	0.1	0	0.2	0.444	1	0.444	0.25	0.4	0.333	1	0	0	0	0.698
3.782	3.739	2.471	0.838	2.642	9.425	10.603	8.803	7.652	9.669	9.425	10.603	7.188	7.652	9.669	0.444	0.4	0.311	0.571	0.222	0.444	0.4	0.311	0.571	0.222	0.422	0.364	0.286	0.536	0.2	0	0	0	0	0.125	0	0	0	0	0	0.419	0.583
0	0	0	0	0	0	0	1.583	0	0	0	0	1.583	0	0	0	0	0	0	0	0	0	0	0	0	0	0	0	0	0	0.5	0.6	0	0.75	0.8	0.25	0	0	0	0.2	0	0.921
0	0	0	0.812	0	0	0	0	0.812	1.066	0	0	0	0.812	1.066	0	0	0	0	0	0	0	0	0	0	0	0	0	0	0	0.8	0.4	0.6	0	0.6	0	0.2	0.8	0	0.4	0	0.687
0	5.503	0	0	0.81	0	7.281	0	0.976	3.058	0	6.441	0	0.976	3.867	0	0.214	0	0	0.333	0	0.214	0	0	0.333	0	0.143	0	0	0.333	0	0	0.2	0	0	0	0	0	0	0	0	0.362
0	0	0	0	0	0	0	0	0	0	0	0	0	0	0	0	0	0	0	0	0	0	0	0	0	0	0	0	0	0	0	0	0	0	0	0	0	0	0	0	0.716	0.589
2.815	1.011	0	0	3.363	8.568	3.241	3.034	2.854	11.619	5.641	4.252	3.034	2.854	11.619	0.607	0.167	0.667	0.667	0.422	0.607	0.333	0.667	0.667	0.422	0.6	0.167	0.667	0.667	0.356	0	1	0	0.6	0.2	0	0	0.5	0.2	0	0.417	0.184
1.127	0	1.71	0	0	3.45	0	0.845	0	0	3.45	0	1.71	0	0	0.333	0	0	0	0	0.333	0	0	0	0	0.333	0	0	0	0	0	0	0	0	0	0	0	0	0	0	0.294	0.542
6.88	1.789	0	0	0	3.863	2.865	0	1.014	0	6.054	1.934	0	1.014	0	0.238	0.667	0	0	0	0.667	1	0	0	0	0.1	1	0	0	0	0.444	0.333	0.444	0.714	0.2	0	0.667	0.333	0.714	0.4	0.298	0.519
0	0.838	0	0	1.789	0	1.959	1.014	0	2.865	0	3.838	1.014	0	1.934	0	0.5	0	0	0.667	0	1	0	0	1	0	0.5	0	0	1	0.75	0	0.714	0	0.333	0	0	0.714	0	0.667	0.018	0.904
0	0.939	0	1.84	0	0	0.939	0.812	0	0	0	0.939	0.812	1.84	0	0	0	0	0	0	0	0	0	0	0	0	0	0	0	0	0	0.2	0	0.667	0.4	0	0.4	0	0.667	0.6	0.557	0.299
4.885	2.586	4.456	0.807	0	10.07	9.113	9.724	4.748	0	9.222	7.417	9.724	5.88	0	0.472	0.607	0.472	0.524	0	0.417	0.607	0.472	0.4	0	0.5	0.733	0.472	0.6	0	0	0	0	1	0	0	0	0	1	0	0.2	0.296
0	3.546	0.807	7.616	2.586	8.096	11.742	4.748	15.112	9.113	8.096	11.742	5.88	13.43	7.417	0.667	0.364	0.524	0.333	0.607	0.667	0.327	0.4	0.295	0.607	0.619	0.345	0.6	0.333	0.733	0	0	1	0	0	0	0	1	0	0	0.56	0.311
0	0.812	0	0	0	0	0.812	0	0	0	0	0.812	0	0	0	0	0	0	0	0	0	0	0	0	0	0	0	0	0	0	0.4	0	0.8	0	0.6	0.2	0	0	0	0.8	0	0.777
2.511	3.545	0	6.867	0	7.429	6.169	0.889	11.67	5.324	4.042	3.505	0.889	7.614	5.324	0.679	0.571	0	0.382	0.7	0.679	0.571	0	0.382	0.7	0.667	0.333	0	0.238	0.4	0	0	0	0	0	0	0	0	0	0	0.893	0.247
1.011	0	2.815	0	0	3.241	2.854	8.568	0	3.034	4.252	2.854	5.641	0	3.034	0.167	0.667	0.607	0	0.667	0.333	0.667	0.607	0	0.667	0.167	0.667	0.6	0	0.667	1	0.6	0	0	0	0	0.2	0	0	0.5	0.119	0.827
1.82	0	19.991	0	0	1.82	0	24.894	0	0	1.82	0	13.063	0	0	0	0	0.17	0	0	0	0	0.16	0	0	0	0	0.182	0	0	0.714	0.4	0	0	0	0.429	0	0	0	0	0.299	0.863
0	0.893	0	0	2.701	0	2.411	0	0.841	2.701	0	2.411	0	0.841	1.022	0	1	0	0	0	0	1	0	0	0	0	0	0	0	0	0	0	0	0	0	0.333	0.4	0	0	0.2	0.56	0.884
0	0	0	0	0	0	0	0	0	0	0	0	0	0	0	0	0	0	0	0	0	0	0	0	0	0	0	0	0	0	0	0	0	0	0	0	0	0	0	0	0.118	0.999
0	12.523	2.741	0	1.635	1.728	20.188	7.917	3.566	4.812	2.568	16.887	7.917	3.566	4.009	0	0.176	0.381	0.667	0.5	0	0.133	0.381	0.667	0.5	0	0.191	0.381	0.5	0.5	0.625	0	0	0	0	0	0	0	0	0	0	0.774
0	0	3.945	1.94	0	0	0	6.511	1.94	0.902	0	0	5.699	1.94	0.902	0	0	0.333	0	0	0	0	0.333	0	0	0	0	0.4	0	0	0.333	0.5	0	0.714	0	0.333	1	0	0.714	0	0.893	0.930
1.106	1.008	1.473	0.858	0	1.106	3.119	1.473	3.811	0	1.106	3.119	1.473	3.811	0	0	1	0	0.333	0	0	1	0	0.333	0	0	1	0	0.333	0	0	0	0	0	0	0	0	0	0.143	0	0	0.706
0	0	0	0	0	0	0	0	0	0	0	0	0	0	0	0	0	0	0	0	0	0	0	0	0	0	0	0	0	0	0	0	0	0	0	0	0	0	0	0	0.898	0.671
6.548	0	0.858	0	1.008	10.395	1.781	3.811	0	3.119	7.556	1.781	3.811	0	3.119	0.289	1	0.333	0	1	0.267	1	0.333	0	1	0.286	1	0.333	0	1	0	0	0	0	0	0	0	0.143	0	0	0.893	0.312
0	0	0	0.939	4.08	0.812	0	0	0.939	4.08	0.812	0	0	0.939	4.08	0	0	0	0	0.333	0	0	0	0	0.333	0	0	0	0	0.333	0	0	0.4	0.2	0	0	0	0.6	0.4	0	0	0.680
12.523	0	0	2.714	2.741	20.188	3.566	1.728	8.494	7.917	16.887	3.566	2.568	7.667	7.917	0.176	0.667	0	0.278	0.381	0.133	0.667	0	0.278	0.381	0.191	0.5	0	0.25	0.381	0	0	0.625	0	0	0	0	0	0	0	0.415	0.335
0	0	0.812	0	0	0	0	0.812	0	0	0	0	0.812	0	0	0	0	0	0	0	0	0	0	0	0	0	0	0	0	0	0	0	0	0	0.4	0	0	0	0	0.2	0.415	0.369
0	3.218	4.765	1.109	0	1.748	7.693	7.327	5.996	1.674	1.748	7.693	7.327	5.996	1.674	1	0.214	0.429	0.4	0	1	0.214	0.429	0.4	0	1	0.179	0.321	0.4	0	0	0	0	0	0	0	0	0	0	0	0.417	0.660
0	0	0	1.022	0	0	0	0	1.998	0.976	0	0	0	1.998	0.976	0	0	0	0	0	0	0	0	0	0	0	0	0	0	0	0.4	0.778	0	0	0	1	0.889	0.2	0	0	0	0.955
0	0	0	0	0	1.066	0	0	1.066	0	1.066	0	0	1.066	0	0	0	0	0	0	0	0	0	0	0	0	0	0	0	0	0	0	1	0.6	0.2	0.333	0.4	1	0.4	0	0.298	0.407
0	0	0	0	0	1.066	0	0	0	1.066	1.066	0	0	0	1.066	0	0	0	0	0	0	0	0	0	0	0	0	0	0	0	0.6	0.6	0	0.8	0	0.4	0.8	0.4	0	0.333	0	0.672
0	0	0	0	0	0	0	0	0	0	0	0	0	0	0	0	0	0	0	0	0	0	0	0	0	0	0	0	0	0	0.25	1	0.375	0.2	0.5	0	1	0	0.4	1	0	0.903
0	0	1.011	0	2.815	2.854	0	3.241	0	8.568	2.854	0	4.252	0	5.641	0.667	0	0.167	0	0.607	0.667	0	0.333	0	0.607	0.667	0	0.167	0	0.6	0.6	0	1	0	0	0.2	0	0	0.4	0	0.419	0.777
0.838	0	0	19.991	0	1.959	0	0	24.894	1.014	3.838	0	0	13.063	1.014	0.5	0	0	0.17	0	1	0	0	0.16	0	0.5	0	0	0.182	0	0	0	0.75	0	0.714	0	0	0	0	0.714	0	0.350
0.81	0	1.921	0	0	3.058	0	7.099	0	0	3.867	0	6.25	0	0	0.333	0	0.429	0	0	0.333	0	0.429	0	0	0.333	0	0.4	0	0	0	0.2	0	0	0	0	0	0	0	0	0	0.481
0	0	0.84	0	0	0	0	0.84	0	0	0	0	0.84	0	0	0	0	0	0	0	0	0	0	0	0	0	0	0	0	0	0	0.6	0	0.111	0	0	1	0	0.222	0	0.417	0.597
0.858	0	6.867	0	3.545	0.858	0	11.67	0	6.169	0.858	0	7.614	0	3.505	0	0	0.382	0	0.571	0	0	0.382	0	0.571	0	0	0.238	0	0.333	0	0	0	0.5	0	0	0	0	0.5	0	0	0.616
6.867	0.858	3.545	0	2.511	11.67	0.858	6.169	0	7.429	7.614	0.858	3.505	0	4.042	0.382	0	0.571	0	0.679	0.382	0	0.571	0	0.679	0.238	0	0.333	0	0.667	0	0	0	0	0	0	0	0	0	0	0	0.388
0.939	1.84	0	0.812	0	0.939	0	0	1.624	0.812	0.939	1.84	0	1.624	0.812	0	0	0	0	0	0	0	0	0	0	0	0	0	0	0	0.2	0.667	0	0	0	0.4	0.667	0	0	0	0.198	0.737
4.691	5.791	9.113	0	5.33	4.597	4.741	16.965	2.503	6.152	6.721	9.818	13.609	2.503	6.587	0.429	0.455	0.235	0	0.222	0.3	0.4	0.17	0	0.143	0.381	0.444	0.275	0	0.19	0.333	0	0	0.4	0	0	0	0.25	0	0.2	0	0.737
0.92	1.289	1.898	0	6.4	6.799	9.823	8.53	5.939	12.005	5.879	8.769	7.578	5.939	9.483	0.571	0.571	0.5	0.733	0.364	0.571	0.571	0.5	0.733	0.364	0.533	0.571	0.476	0.6	0.464	0	0	0	0	1	0	0	0	0	0.667	0.419	0.438
0	2.701	0	0	0	0.843	2.701	1.65	0	0	0.843	1.022	2.524	0	0	0	0	0.333	0	0	0	0	0	0	0	0	0	0.333	0	0	0.4	0	0	0	0.333	0.4	0.2	0	0	1	0	0.785
5.265	0	6.587	1.092	7.335	4.296	0	5.28	2.845	11.931	8.525	0	9.12	4.998	11.119	0.511	0	0.444	0.5	0.372	0.6	0	0.4	0.333	0.333	0.472	0	0.4	0.5	0.333	0	1	0	0	0.333	0	1	0	0	0.111	0	0.515
0	0	-1	0	-1	0	0	-1	0	-1	0	0	-1	0	-1	0	0	-1	0	-1	0	0	-1	0	-1	0	0	-1	0	-1	0	0	-1	0	-1	0	0	-1	0	-1	0.897	0.999
1.011	0	0	0.826	0.858	0	0	0	4.914	3.033	1.011	0	0	4.088	3.033	0	0	0	0.2	0.667	0	0	0	0.2	0.667	0	0	0	0.167	0.333	0.8	0.667	0.5	0	0	1	1	1	0	0	0.12	0.882
2.586	0.807	4.885	0	4.456	9.113	4.748	10.07	8.096	9.724	7.417	5.88	9.222	8.096	9.724	0.607	0.524	0.472	0.667	0.472	0.607	0.4	0.417	0.667	0.472	0.733	0.6	0.5	0.619	0.472	0	1	0	0	0	0	1	0	0	0	0.299	0.244
0	4.777	1.092	3.806	0	0.877	10.241	2.845	2.848	0	0.877	9.434	4.998	7.143	0	0	0.382	0.5	0.81	0	0	0.236	0.333	0.667	0	0	0.4	0.5	0.762	0	0.2	0.889	0	0.4	1	0.6	0.556	0	0.4	1	0	0.751
0	0	0	0	-1	0	0	0	0	-1	0	0	0	0	-1	0	0	0	0	-1	0	0	0	0	-1	0	0	0	0	-1	0	0	0	0	-1	0	0	0	0	-1	0.897	0.999
2.701	0	0	0	0	2.701	0	0.843	0	1.65	1.022	0	0.843	0	2.524	0	0	0	0	0.333	0	0	0	0	0	0	0	0	0	0.333	0	0	0.4	0	0	0.2	0	0.4	0.333	0	0.42	0.414
0.812	1.734	2.764	10.199	0	6.917	8.318	10.447	17.162	4.767	6.105	8.318	9.621	11.894	4.767	0.619	0.472	0.473	0.316	0.6	0.619	0.472	0.473	0.316	0.6	0.667	0.472	0.533	0.4	0.5	0	0	0	0	0	0	0	0	0	0	0.415	0.206
1.289	0	0.92	2.865	1.898	9.823	5.939	6.799	12.598	8.53	8.769	5.939	5.879	11.777	7.578	0.571	0.733	0.571	0.327	0.5	0.571	0.733	0.571	0.327	0.5	0.571	0.6	0.533	0.289	0.476	0	0	0	0	0	0	0	0	0	0	0.294	0.323
3.652	0	3.399	0	0	4.454	0	8.013	1.65	2.503	4.454	0	7.187	2.524	2.503	0.167	0	0.444	0.333	0	0.167	0	0.222	0	0	0.167	0	0.393	0.333	0	0.25	0.333	0.5	0	0.4	0.5	1	0.25	0	0	0.296	0.631
2.923	0	0	1.473	0	2.113	0	0	1.473	0	2.923	0	0	1.473	0	0.667	0	0	0	0	1	0	0	0	0	0.333	0	0	0	0	0	0	0	0	0.5	0	0	0	0	0.5	0	0.528
0	2.865	1.289	3.363	0.92	5.939	12.598	9.823	11.619	6.799	5.939	11.777	8.769	11.619	5.879	0.733	0.327	0.571	0.422	0.571	0.733	0.327	0.571	0.422	0.571	0.6	0.289	0.571	0.356	0.533	0	0	0	0.2	0	0	0	0	0	0	0.899	0.195
0.832	0	0	5.741	0.893	0.832	0	0.841	10.833	2.411	0	0	0.841	8.939	2.411	0	0	0	0.164	1	0	0	0	0.127	1	0	0	0	0.139	0	0.6	0.5	0	0.2	0	0.4	0	0	0	0.4	0.556	0.657
1.84	0.812	0.939	0	0	0	1.624	0.939	0	0	1.84	1.624	0.939	0	0	0	0	0	0	0	0	0	0	0	0	0	0	0	0	0	0.667	0	0.2	0	0	0.667	0	0.4	0.143	0	0	0.687
0	19.991	0.838	1.82	0	0	24.894	1.959	1.82	0	0	13.063	3.838	1.82	0	0	0.17	0.5	0	0	0	0.16	1	0	0	0	0.182	0.5	0	0	0	0	0	0.714	0.75	0	0	0	0.429	0	0	0.733
0	0.826	1.011	2.897	0	0	4.914	0	6.502	0	0	4.088	1.011	5.669	0	0	0.2	0	0.476	0	0	0.2	0	0.476	0	0	0.167	0	0.667	0	0.667	0	0.8	0	0.5	1	0	1	0	1	0	0.895
0.838	0	3.739	2.764	3.782	7.652	4.767	10.603	10.447	9.425	7.652	4.767	10.603	9.621	9.425	0.571	0.6	0.4	0.473	0.444	0.571	0.6	0.4	0.473	0.444	0.536	0.5	0.364	0.533	0.422	0	0	0	0	0	0	0	0	0	0	0.717	0.304
0	6.88	0	1.789	0	0	3.863	0	2.865	0	0	6.054	0	1.934	0	0	0.238	0	0.667	0	0	0.667	0	1	0	0	0.1	0	1	0	0.444	0.444	0.2	0.333	1	0.333	0	0.4	0.667	1	0.717	0.876
0	0	0	0	0	0	0	1.066	0	0	0	0	1.066	0	0	0	0	0	0	0	0	0	0	0	0	0	0	0	0	0	0.6	0.8	0.6	0.4	0	0.8	0	0.4	0.2	0.4	0.298	0.837
0	0	3.652	0	3.399	0	1.65	4.454	0.843	8.013	0	2.524	4.454	0.843	7.187	0	0.333	0.167	0	0.444	0	0	0.167	0	0.222	0	0.333	0.167	0	0.393	0.333	0	0.25	0.4	0.5	1	0	0.5	0.4	0.25	0	0.925
0	4.765	4.238	0	0	1.674	7.327	10.355	1.748	0	1.674	7.327	7.879	1.748	0	0	0.429	0.289	1	0	0	0.429	0.289	1	0	0	0.321	0.476	1	0	0	0	0	0	0	0	0	0	0	0	0.556	0.261
0	0	8.423	0	0	0	0	10.006	0	0	0	0	8.069	0	0	0	0	0.361	0	0	0	0	0.361	0	0	0	0	0.381	0	0	0.5	0.375	0.2	0.25	0.75	1	0	0	0	0	0	0.965
0	1.092	5.265	0	6.587	0	2.845	4.296	0.877	5.28	0	4.998	8.525	0.877	9.12	0	0.5	0.511	0	0.444	0	0.333	0.6	0	0.4	0	0.5	0.472	0	0.4	1	0	0	0.2	0	1	0	0	0.6	0	0	0.930
1.94	0.858	0	0	0	1.94	3.033	0	0	0	1.94	3.033	0	0	0	0	0.667	0	0	0	0	0.667	0	0	0	0	0.333	0	0	0	0.714	0	0.5	0.5	0.333	0.714	0	1	1	0.333	0.716	0.803
0.858	0	1.94	1.011	0	3.033	0	1.94	0	0	3.033	0	1.94	1.011	0	0.667	0	0	0	0	0.667	0	0	0	0	0.333	0	0	0	0	0	0.5	0.714	0.8	0.5	0	1	0.714	1	1	0.72	0.276
4.238	0	0	4.765	0	10.355	1.674	0	7.327	0	7.879	1.674	0	7.327	0	0.289	0	0	0.429	0	0.289	0	0	0.429	0	0.476	0	0	0.321	0	0	0	0	0	0.4	0	0	0	0	0	0.42	0.206
0	4.03	0	1.635	5.741	0.815	3.499	0	4.812	10.833	1.655	6.623	0	4.009	8.939	0	0.8	0	0.5	0.164	0	0.667	0	0.5	0.127	0	0.8	0	0.5	0.139	0	0	0.2	0	0.2	0	0	0	0	0	0	0.709
0	2.511	0	3.545	1.798	0.889	7.429	5.324	6.169	6.907	0.889	4.042	5.324	3.505	6.045	0	0.679	0.7	0.571	0.81	0	0.679	0.7	0.571	0.81	0	0.667	0.4	0.333	0.267	0	0	0	0	0	0	0	0	0	0	0.556	0.230
0	0	0.81	5.503	1.921	0	0	3.058	7.281	7.099	0	0	3.867	6.441	6.25	0	0	0.333	0.214	0.429	0	0	0.333	0.214	0.429	0	0	0.333	0.143	0.4	0.2	0	0	0	0	0	0	0	0	0	0.292	0.314
1.734	10.199	0.812	2.551	2.764	8.318	17.162	6.917	5.462	10.447	8.318	11.894	6.105	5.462	9.621	0.472	0.316	0.619	0.467	0.473	0.472	0.316	0.619	0.467	0.473	0.472	0.4	0.667	0.467	0.533	0	0	0	0	0	0	0	0	0	0	0.717	0.161
0	1.473	2.923	1.106	0	0	1.473	2.113	1.106	0	0	1.473	2.923	1.106	0	0	0	0.667	0	0	0	0	1	0	0	0	0	0.333	0	0	0	0	0	0	0	0	0	0	0	0	0.294	0.247
1.109	0	3.218	3.945	0	5.996	0.902	7.693	6.511	1.748	5.996	0.902	7.693	5.699	1.748	0.4	0	0.214	0.333	1	0.4	0	0.214	0.333	1	0.4	0	0.179	0.4	1	0	0	0	0	0	0	0	0	0	0	0.557	0.390
0	0	0	4.08	0.84	0	0	0	4.08	0.84	0	0	0	4.08	0.84	0	0	0	0.333	0	0	0	0	0.333	0	0	0	0	0.333	0	0.6	0.111	0	0	0	1	0.222	0	0	0	0.056	0.883
1.635	2.741	4.03	0	0	4.812	7.917	3.499	1.728	0.815	4.009	7.917	6.623	2.568	1.655	0.5	0.381	0.8	0	0	0.5	0.381	0.667	0	0	0.5	0.381	0.8	0	0	0	0	0	0.625	0	0	0	0	0	0	0.415	0.365
2.642	2.471	2.714	3.782	0	9.669	8.803	8.494	9.425	3.566	9.669	7.188	7.667	9.425	3.566	0.222	0.311	0.278	0.444	0.667	0.222	0.311	0.278	0.444	0.667	0.2	0.286	0.25	0.422	0.5	0.125	0	0	0	0	0	0	0	0	0	0.9	0.237
8.423	0	0	0	0	10.006	0	0	0	0	8.069	0	0	0	0	0.361	0	0	0	0	0.361	0	0	0	0	0.381	0	0	0	0	0.2	0.5	0.75	0.375	0.6	0	1	0	0	0	0	0.266
0	4.08	0	0	0	0	4.08	0	0	0	0	4.08	0	0	0	0	0.333	0	0	0	0	0.333	0	0	0	0	0.333	0	0	0	0.111	0	0.6	0.4	0	0.222	0	1	0.6	0	0.717	0.428
6.4	1.898	2.897	0.92	0.826	12.005	8.53	6.502	6.799	4.914	9.483	7.578	5.669	5.879	4.088	0.364	0.5	0.476	0.571	0.2	0.364	0.5	0.476	0.571	0.2	0.464	0.476	0.667	0.533	0.167	1	0	0	0	0	0.667	0	0	0	0	0.059	0.519
0	0	0	0	5.503	0	0	0.976	0	7.281	0	0	0.976	0	6.441	0	0	0	0	0.214	0	0	0	0	0.214	0	0	0	0	0.143	0	0.4	0	0.778	0	0.2	1	0	0.889	0	0.298	0.452
0	2.764	0.838	0.812	3.739	4.767	10.447	7.652	6.917	10.603	4.767	9.621	7.652	6.105	10.603	0.6	0.473	0.571	0.619	0.4	0.6	0.473	0.571	0.619	0.4	0.5	0.533	0.536	0.667	0.364	0	0	0	0	0	0	0	0	0	0	0.718	0.208
0	1.921	0	0.81	6.548	0	7.099	1.781	3.058	10.395	0	6.25	1.781	3.867	7.556	0	0.429	1	0.333	0.289	0	0.429	1	0.333	0.267	0	0.4	1	0.333	0.286	0	0	0	0	0	0	0	0	0	0	0.899	0.265
0	1.059	0.812	0	1.84	0	1.059	1.624	0	0	0	1.059	1.624	0	1.84	0	0	0	0	0	0	0	0	0	0	0	0	0	0	0	0	0.4	0	0.8	0.667	0.143	0.4	0	0.2	0.667	0.557	0.477
0.865	1.177	1.022	0	0	0	0	1.998	0	0	0.865	1.177	1.998	0	0	0	0	0	0	0	0	0	0	0	0	0	0	0	0	0	0.2	0.2	0	0.6	0.778	0	0.2	0	0.4	0.889	0	0.615
0	0	0	0	0	0	0	0	1.364	0	0	0	0	1.364	0	0	0	0	0	0	0	0	0	0	0	0	0	0	0	0	0.25	0	0	0	0	0	0	0	0	0	0	0.531
0	0	1.82	4.238	19.991	0	0	1.82	10.355	24.894	0	0	1.82	7.879	13.063	0	0	0	0.289	0.17	0	0	0	0.289	0.16	0	0	0	0.476	0.182	0.4	0	0.714	0	0	0	0	0.429	0	0	0	0.797
0	0	0.845	0	0	0	0	0.845	1.066	0	0	0	0.845	1.066	0	0	0	0	0	0	0	0	0	0	0	0	0	0	0	0	0.2	1	0	0	0.6	0	1	0	0.333	0.4	0	0.717
4.777	3.806	0	5.33	1.092	10.241	2.848	0.877	6.152	2.845	9.434	7.143	0.877	6.587	4.998	0.382	0.81	0	0.222	0.5	0.236	0.667	0	0.143	0.333	0.4	0.762	0	0.19	0.5	0.889	0.4	0.2	0	0	0.556	0.4	0.6	0.2	0	0	0.771
3.545	6.867	2.511	0.858	0	6.169	11.67	7.429	0.858	0.889	3.505	7.614	4.042	0.858	0.889	0.571	0.382	0.679	0	0	0.571	0.382	0.679	0	0	0.333	0.238	0.667	0	0	0	0	0	0	0	0	0	0	0	0	0.896	0.420
0	0	0	0.877	2.075	0	0	0	0.877	3.033	0	0	0	0.877	3.033	0	0	0	0	1	0	0	0	0	1	0	0	0	0	1	0	0.4	0	0	0	0.4	0	0	0	0	0	0.782
0	3.945	1.109	0	3.218	0.902	6.511	5.996	0	7.693	0.902	5.699	5.996	0	7.693	0	0.333	0.4	0	0.214	0	0.333	0.4	0	0.214	0	0.4	0.4	0	0.179	0	0	0	0.333	0	0	0	0	0.333	0	0.713	0.798
0.812	0	1.84	1.059	0.939	1.624	0	0	1.059	0.939	1.624	0	1.84	1.059	0.939	0	0	0	0	0	0	0	0	0	0	0	0	0	0	0	0	0	0.667	0.4	0.2	0	0.143	0.667	0.4	0.4	0.414	0.351
0	0	0	2.923	0.858	0	0	0	2.113	0.858	0	0	0	2.923	0.858	0	0	0	0.667	0	0	0	0	1	0	0	0	0	0.333	0	0.5	0	0	0	0	0.5	0	0	0	0	0	0.814
0	0	0.858	0	6.867	0	0	0.858	0	11.67	0	0	0.858	0	7.614	0	0	0	0	0.382	0	0	0	0	0.382	0	0	0	0	0.238	0	0.5	0	0	0	0	0.5	0	0	0	0.415	0.353
0	0	1.127	0	1.71	0	0	3.45	0	0.845	0	0	3.45	0	1.71	0	0	0.333	0	0	0	0	0.333	0	0	0	0	0.333	0	0	0	0	0	0	0	0	0	0	0	0	0.557	0.247
0	3.399	5.791	3.652	4.691	2.503	8.013	4.741	4.454	4.597	2.503	7.187	9.818	4.454	6.721	0	0.444	0.455	0.167	0.429	0	0.222	0.4	0.167	0.3	0	0.393	0.444	0.167	0.381	0.4	0.5	0	0.25	0.333	0	0.25	0	0.5	0	0	0.581
0	0	0	-1	1.011	0	0	2.854	-1	3.241	0	0	2.854	-1	4.252	0	0	0.667	-1	0.167	0	0	0.667	-1	0.333	0	0	0.667	-1	0.167	0	0	0.6	-1	1	0	0.4	0.2	-1	0	0.717	0.446
0	8.423	0	0	0	0	10.006	0	0	0	0	8.069	0	0	0	0	0.361	0	0	0	0	0.361	0	0	0	0	0.381	0	0	0	0.75	0.2	0.6	0.5	0.5	0	0	0	1	0.25	0	0.699
7.335	6.587	5.902	5.265	1.811	11.931	5.28	7.667	4.296	5.59	11.119	9.12	9.693	8.525	6.676	0.372	0.444	0.418	0.511	0.571	0.333	0.4	0.464	0.6	0.6	0.333	0.4	0.333	0.472	0.524	0.333	0	0.25	0	0.4	0.111	0	1	0	1	0.299	0.612
0	0.877	0	0	0	0	0.877	0	0	0	0	0.877	0	0	0	0	0	0	0	0	0	0	0	0	0	0	0	0	0	0	0.4	0	0	0	0	0	0	0.4	0	0	0	0.686
2.551	11.361	10.199	3.51	1.734	5.462	19.105	17.162	9.317	8.318	5.462	14.176	11.894	8.458	8.318	0.467	0.275	0.316	0.356	0.472	0.467	0.275	0.316	0.356	0.472	0.467	0.319	0.4	0.25	0.472	0	0	0	0	0	0	0	0	0	0	0.419	0.160
0.807	0	2.586	3.546	4.885	4.748	8.096	9.113	11.742	10.07	5.88	8.096	7.417	11.742	9.222	0.524	0.667	0.607	0.364	0.472	0.4	0.667	0.607	0.327	0.417	0.6	0.619	0.733	0.345	0.5	1	0	0	0	0	1	0	0	0	0	0	0.834
1.008	0.858	1.106	6.548	1.473	3.119	3.811	1.106	10.395	1.473	3.119	3.811	1.106	7.556	1.473	1	0.333	0	0.289	0	1	0.333	0	0.267	0	1	0.333	0	0.286	0	0	0	0	0	0	0	0.143	0	0	0	0.415	0.482
0.893	0	0	0.832	0	2.411	0.841	0	0.832	0	2.411	0.841	0	0	0	1	0	0	0	0	1	0	0	0	0	0	0	0	0	0	0	0	0	0.6	0	0.4	0	0.333	0.4	0	0.419	0.503
0	0	0	0	0	0	1.364	0	0	0	0	1.364	0	0	0	0	0	0	0	0	0	0	0	0	0	0	0	0	0	0	0	0	0.25	0	0	0	0	0	0	0	0	0.736
6.587	5.265	7.335	0	5.902	5.28	4.296	11.931	0	7.667	9.12	8.525	11.119	0	9.693	0.444	0.511	0.372	0	0.418	0.4	0.6	0.333	0	0.464	0.4	0.472	0.333	0	0.333	0	0	0.333	1	0.25	0	0	0.111	1	1	0	0.645
0	0	0	0	0.845	0	1.066	0	0	0.845	0	1.066	0	0	0.845	0	0	0	0	0	0	0	0	0	0	0	0	0	0	0	1	0	0.2	0	0	1	0.333	0	0.4	0	0.298	0.949
2.764	0.812	0	1.734	0.838	10.447	6.917	4.767	8.318	7.652	9.621	6.105	4.767	8.318	7.652	0.473	0.619	0.6	0.472	0.571	0.473	0.619	0.6	0.472	0.571	0.533	0.667	0.5	0.472	0.536	0	0	0	0	0	0	0	0	0	0	0.116	0.095
0	1.011	0.858	0	1.94	0	0	3.033	0	1.94	0	1.011	3.033	0	1.94	0	0	0.667	0	0	0	0	0.667	0	0	0	0	0.333	0	0	0.5	0.8	0	0.667	0.714	1	1	0	1	0.714	0.294	0.915
1.059	0	0	0	0.812	1.059	0	0	1.583	1.624	1.059	0	0	1.583	1.624	0	0	0	0	0	0	0	0	0	0	0	0	0	0	0	0.4	0.8	0	0	0	0.4	0.2	0.143	0	0	0.198	0.837
0	2.923	0	0	0	0	2.113	0	0	0	0	2.923	0	0	0	0	0.667	0	0	0	0	1	0	0	0	0	0.333	0	0	0	0	0	0.5	0	0	0	0	0.5	0	0	0	0.473
0.877	0	0	0.84	0	0.877	0	0	0.84	0	0.877	0	0	0.84	0	0	0	0	0	0	0	0	0	0	0	0	0	0	0	0	0	0	0.4	0	0	0	0	0	0	0.4	0.298	0.329
3.806	5.33	4.777	9.113	0	2.848	6.152	10.241	16.965	0.877	7.143	6.587	9.434	13.609	0.877	0.81	0.222	0.382	0.235	0	0.667	0.143	0.236	0.17	0	0.762	0.19	0.4	0.275	0	0.4	0	0.889	0	0.2	0.4	0.2	0.556	0.25	0.6	0	0.746
1.921	0.81	0	0	0	7.099	3.058	0	0	1.781	6.25	3.867	0	0	1.781	0.429	0.333	0	0	1	0.429	0.333	0	0	1	0.4	0.333	0	0	1	0	0	0	0.2	0	0	0	0	0	0	0.418	0.260
0	0	0	0	0	0	0	0	0	0	0	0	0	0	0	0	0	0	0	0	0	0	0	0	0	0	0	0	0	0	0	0	0	0	0	0	0	0	0	0	0.897	0.869
0	0	0	0	0	0	0	0	0	0	0	0	0	0	0	0	0	0	0	0	0	0	0	0	0	0	0	0	0	0	1	0.2	0.25	0.444	0.375	1	0.4	0	0.333	0	0	0.924
1.898	0.92	6.4	1.289	2.897	8.53	6.799	12.005	9.823	6.502	7.578	5.879	9.483	8.769	5.669	0.5	0.571	0.364	0.571	0.476	0.5	0.571	0.364	0.571	0.476	0.476	0.533	0.464	0.571	0.667	0	0	1	0	0	0	0	0.667	0	0	0	0.333
4.03	1.635	0	2.741	0	3.499	4.812	0.815	7.917	0	6.623	4.009	1.655	7.917	0	0.8	0.5	0	0.381	0	0.667	0.5	0	0.381	0	0.8	0.5	0	0.381	0	0	0	0	0	0.2	0	0	0	0	0	0	0.515
4.08	0	0	0	0	4.08	0	0	0.812	0	4.08	0	0	0.812	0	0.333	0	0	0	0	0.333	0	0	0	0	0.333	0	0	0	0	0	0.4	0.111	0	0.6	0	0.6	0.222	0	1	0.56	0.334
5.902	7.335	1.811	6.587	7.616	7.667	11.931	5.59	5.28	15.112	9.693	11.119	6.676	9.12	13.43	0.418	0.372	0.571	0.444	0.333	0.464	0.333	0.6	0.4	0.295	0.333	0.333	0.524	0.4	0.333	0.25	0.333	0.4	0	0	1	0.111	1	0	0	0.294	0.736
1.177	0	0.865	0.845	1.022	0	0	0	0.845	1.998	1.177	0	0.865	0.845	1.998	0	0	0	0	0	0	0	0	0	0	0	0	0	0	0	0.2	0.6	0.2	0	0	0.2	0.4	0	0	0	0	0.486
0	0	0	2.075	1.127	0	0	0	3.033	3.45	0	0	0	3.033	3.45	0	0	0	1	0.333	0	0	0	1	0.333	0	0	0	1	0.333	0	0	0	0	0	0	0	0	0	0	0.557	0.467
0	0	0	0	8.423	0	0	0	0	10.006	0	0	0	0	8.069	0	0	0	0	0.361	0	0	0	0	0.361	0	0	0	0	0.381	0.375	0.25	0.5	1	0.2	0	0	1	1	0	0	0.796
10.199	2.551	1.734	11.361	0.812	17.162	5.462	8.318	19.105	6.917	11.894	5.462	8.318	14.176	6.105	0.316	0.467	0.472	0.275	0.619	0.316	0.467	0.472	0.275	0.619	0.4	0.467	0.472	0.319	0.667	0	0	0	0	0	0	0	0	0	0	0.113	0.264
9.113	4.691	5.33	5.791	3.806	16.965	4.597	6.152	4.741	2.848	13.609	6.721	6.587	9.818	7.143	0.235	0.429	0.222	0.455	0.81	0.17	0.3	0.143	0.4	0.667	0.275	0.381	0.19	0.444	0.762	0	0.333	0	0	0.4	0.25	0	0.2	0	0.4	0	0.706
0	-1	0	-1	0	0	-1	0	-1	2.854	0	-1	0	-1	2.854	0	-1	0	-1	0.667	0	-1	0	-1	0.667	0	-1	0	-1	0.667	0	-1	0	-1	0.6	0.4	-1	0	-1	0.2	0.899	0.900
