0	0	0	0	0	0	0	0	0	0	0	0	0	0	0	0	0	0	0	0	0	0	0	0	0	0	0	0	0	0	0	0.2	0.4	0	0.4	0	0	0	0	0.6	0	0.900
2.841	0	2.75	1.738	0.891	3.868	0	5.125	1.738	3.871	2.984	0	5.236	0.868	2.981	0.6	0	0.762	1	0.667	1	0	1	1	0.667	0.333	0	0.7	0	0.333	0	0	0	0	0	0	0	0	0	0	0.195	0.566
13.138	3.561	0	10.198	0	16.382	4.442	0	16.829	1.759	10.528	2.694	0	10.974	1.759	0.483	0.9	0	0.508	1	0.483	0.9	0	0.508	1	0.4	0.667	0	0.444	1	0	0	0	0	0	0	0	0	0	0	0.419	0.427
0	11.201	0	0	0	0	16.233	0	0	0	0	5.988	0	0	0	0	0.508	0	0	0	0	0.492	0	0	0	0	0.7	0	0	0	0	0	0	0.333	0	0	0	0	0	0	0.899	0.976
0.894	3.651	1.784	10.113	4.687	2.736	5.653	4.59	13.718	7.546	1.842	3.869	3.689	10.077	3.763	0.667	0.733	0.9	0.564	0.786	0.667	0.733	0.9	0.564	0.786	0	0.833	0.833	0.417	0.667	0	0	0	0.2	0	0	0	0	0	0	0.72	0.241
3.651	10.113	0.894	7.812	1.784	5.653	13.718	2.736	12.124	4.59	3.869	10.077	1.842	7.347	3.689	0.733	0.564	0.667	0.606	0.9	0.733	0.564	0.667	0.606	0.9	0.833	0.417	0	0.381	0.833	0	0.2	0	0	0	0	0	0	0	0	0.12	0.447
0	0	0	6.952	1.767	0	0	0	7.826	1.767	0	0	0	5.124	0	0	0	0	0.75	1	0	0	0	0.75	1	0	0	0	0.7	0	0	0	0	0	0	0	0	0	0	0	0.56	0.607
5.472	0	0	0	0	7.746	0.937	0	0	0.863	2.274	0.937	0	0	0.863	0.75	0	0	0	0	0.75	0	0	0	0	0	0	0	0	0	0	0	0	0.333	0.4	0	0	0.2	0	0	0.299	0.580
0	0	0	0	0	0	0	0	0	0	0	0	0	0	0	0	0	0	0	0	0	0	0	0	0	0	0	0	0	0	1	0.4	0	0.4	0.5	0	0.6	0.8	0	0.75	0	0.897
1.767	0	0	0	0	1.767	0	0	0	0	0	0	0	0	0	1	0	0	0	0	1	0	0	0	0	0	0	0	0	0	0	0	0.4	0	0	0	0	0.8	0	0.333	0.556	0.353
0	1.738	2.841	0	2.75	0	1.738	3.868	0	5.125	0	0.868	2.984	0.898	5.236	0	1	0.6	0	0.762	0	1	1	0	1	0	0	0.333	0	0.7	0	0	0	0.4	0	0	0	0	0.6	0	0.558	0.695
3.561	10.198	13.138	4.687	0	4.442	16.829	16.382	7.546	0	2.694	10.974	10.528	3.763	0	0.9	0.508	0.483	0.786	0	0.9	0.508	0.483	0.786	0	0.667	0.444	0.4	0.667	0	0	0	0	0	0	0	0	0	0	0	0.554	0.299
10.113	7.812	3.651	12.012	0.894	13.718	12.124	5.653	19.707	2.736	10.077	7.347	3.869	11.78	1.842	0.564	0.606	0.733	0.321	0.667	0.564	0.606	0.733	0.311	0.667	0.417	0.381	0.833	0.212	0	0.2	0	0	0	0	0	0	0	0	0	0.298	0.478
0	5.472	0	0	5.564	0	7.746	0.863	0.937	8.614	0	2.274	0.863	0.937	4.109	0	0.75	0	0	0.583	0	0.75	0	0	0.583	0	0	0	0	0.167	0	0	0.4	0	0	0.2	0	0	0	0	0	0.579
0	0	6.952	2.172	0	0	0	7.826	4.047	0	0	0	5.124	4.047	0	0	0	0.75	0.833	0	0	0	0.75	0.833	0	0	0	0.7	0.833	0	0	0.25	0	0.2	0	0	0	0	0	0	0.558	0.751
11.201	0	0	13.759	0	16.233	0	0	20.475	0	5.988	0	0	7.774	0	0.508	0	0	0.398	0	0.492	0	0	0.392	0	0.7	0	0	0.467	0	0	0.333	0	0	0	0	0	0	0	0	0.718	0.272
0	0	0	11.201	-1	0	0	0	16.233	-1	0	0	0	5.988	-1	0	0	0	0.508	-1	0	0	0	0.492	-1	0	0	0	0.7	-1	0	0	0	0	-1	0	0	0	0	-1	0.897	0.996
0	0	1.767	0	0	0	0	1.767	0	0	0	0	0	0	0	0	0	1	0	0	0	0	1	0	0	0	0	0	0	0	0	0	0	0	0.4	0	0	0	0	0.8	0.056	0.561
0	0	0	0	0	0	0	0	0	0	0	0	0	0	0	0	0	0	0	0	0	0	0	0	0	0	0	0	0	0	1	0	1	0.4	0.6	1	0.333	0	0.8	1	0	0.976
0	0	0	0	0	0	0	0	0	0	0	0	0	0	0	0	0	0	0	0	0	0	0	0	0	0	0	0	0	0	0.4	0.4	1	0	0	0.6	0	0	0	0.8	0.117	0.844
0	6.952	0	0	0	0	7.826	0	0	0	0	5.124	0	0	0	0	0.75	0	0	0	0	0.75	0	0	0	0	0.7	0	0	0	0	0	0	0	0	0	0	0	0	0	0.195	0.841
0	0.869	9.658	7.637	0	0.901	1.784	15.347	11.719	0	0.901	1.784	11.478	6.043	0	0	1	0.619	0.682	0	0	1	0.619	0.682	0	0	1	0.4	0.267	0	0	0	0	0	0.2	0	0	0	0	0.4	0.556	0.443
4.687	1.784	10.198	0.894	3.561	7.546	4.59	16.829	2.736	4.442	3.763	3.689	10.974	1.842	2.694	0.786	0.9	0.508	0.667	0.9	0.786	0.9	0.508	0.667	0.9	0.667	0.833	0.444	0	0.667	0	0	0	0	0	0	0	0	0	0	0.893	0.438
13.759	0.996	0	0.958	11.201	20.475	4.557	0	4.072	16.233	7.774	4.5	0	4.079	5.988	0.398	0.7	0	0.8	0.508	0.392	0.667	0	0.833	0.492	0.467	0.5	0	0.667	0.7	0	0	0.333	0	0	0	0	0	0	0	0.717	0.228
0	-1	0	-1	0	0	-1	0	-1	0	0	-1	0	-1	0	0	-1	0	-1	0	0	-1	0	-1	0	0	-1	0	-1	0	1	-1	0	-1	0.2	0.4	-1	0	-1	0	0.899	0.818
0.869	7.637	0	5.564	9.658	1.784	11.719	0.901	8.614	15.347	1.784	6.043	0.901	4.109	11.478	1	0.682	0	0.583	0.619	1	0.682	0	0.583	0.619	1	0.267	0	0.167	0.4	0	0	0	0	0	0	0	0	0	0	0	0.634
0	0	0	0.875	0	0	0	0	0.875	0	0	0	0	0.875	0	0	0	0	0	0	0	0	0	0	0	0	0	0	0	0	0	0.2	0	0.4	0.5	0	0.8	0	1	0	0	0.492
0	0	5.472	0	0	0.937	0	7.746	0	0	0.937	0	2.274	0	0	0	0	0.75	0	0	0	0	0.75	0	0	0	0	0	0	0	0	0.333	0	1	0	0	0	0	1	0.2	0.554	0.602
1.784	0.894	4.687	3.651	10.198	4.59	2.736	7.546	5.653	16.829	3.689	1.842	3.763	3.869	10.974	0.9	0.667	0.786	0.733	0.508	0.9	0.667	0.786	0.733	0.508	0.833	0	0.667	0.833	0.444	0	0	0	0	0	0	0	0	0	0	0.896	0.250
0	1.767	0	0	0	0	1.767	0	0	0	0	0	0	0	0	0	1	0	0	0	0	1	0	0	0	0	0	0	0	0	0.4	0	0	0	1	0.8	0	0.333	0	1	0.298	0.819
0	0	0	0	0	0	0	0	0	0	0	0	0	0	0	0	0	0	0	0	0	0	0	0	0	0	0	0	0	0	0.5	0	1	1	0.333	0.75	0.8	1	0	0	0.415	0.707
7.637	5.564	0.869	0	0	11.719	8.614	1.784	0.863	0.901	6.043	4.109	1.784	0.863	0.901	0.682	0.583	1	0	0	0.682	0.583	1	0	0	0.267	0.167	1	0	0	0	0	0	0.4	0	0	0	0	0	0	0.42	0.376
0	0	0.875	0	0	0	0	0.875	0	0	0	0	0.875	0	0	0	0	0	0	0	0	0	0	0	0	0	0	0	0	0	0.6	1	0.4	1	0.2	1	0	1	1	0.8	0.298	0.890
0	9.658	12.012	0	7.812	0	15.347	19.707	0.901	12.124	0	11.478	11.78	0.901	7.347	0	0.619	0.321	0	0.606	0	0.619	0.311	0	0.606	0	0.4	0.212	0	0.381	0.2	0	0	0	0	0.4	0	0	0	0	0	0.686
0	0	0	0	0	0	0	0	0	0.937	0	0	0	0	0.937	0	0	0	0	0	0	0	0	0	0	0	0	0	0	0	1	0.5	0.333	0	0	1	0.75	0	0.8	0	0	0.915
0	13.138	0	3.561	2.172	0	16.382	1.759	4.442	4.047	0	10.528	1.759	2.694	4.047	0	0.483	1	0.9	0.833	0	0.483	1	0.9	0.833	0	0.4	1	0.667	0.833	0	0	0	0	0.2	0	0	0	0	0	0.714	0.425
0	0	0	0	0	0	0	0	0	0	0	0	0	0	0	0	0	0	0	0	0	0	0	0	0	0	0	0	0	0	0	1	0.5	0.4	1	0.8	0	0.75	0.6	1	0	0.744
1.738	0	0	0	2.841	1.738	0	0	0	3.868	0.868	0.898	0	0	2.984	1	0	0	0	0.6	1	0	0	0	1	0	0	0	0	0.333	0	0.4	0	0.5	0	0	0.6	0	0	0	0.197	0.591
0.958	12.674	0.996	0.891	13.759	4.072	19.243	4.557	3.871	20.475	4.079	6.569	4.5	2.981	7.774	0.8	0.451	0.7	0.667	0.398	0.833	0.444	0.667	0.667	0.392	0.667	0.6	0.5	0.333	0.467	0	0	0	0	0	0	0	0	0	0	0	0.535
0	0	0	0	5.472	0	0	0.937	0	7.746	0	0	0.937	0	2.274	0	0	0	0	0.75	0	0	0	0	0.75	0	0	0	0	0	0.333	1	0	0.5	0	0	1	0	0.75	0	0.56	0.859
0	0	1.738	0	0	0	0	1.738	0	0	0.898	0	0.868	0	0	0	0	1	0	0	0	0	1	0	0	0	0	0	0	0	0.4	0.5	0	0	0	0.6	0	0	0	0	0.196	0.742
10.198	4.687	3.561	1.784	13.138	16.829	7.546	4.442	4.59	16.382	10.974	3.763	2.694	3.689	10.528	0.508	0.786	0.9	0.9	0.483	0.508	0.786	0.9	0.9	0.483	0.444	0.667	0.667	0.833	0.4	0	0	0	0	0	0	0	0	0	0	0.897	0.310
0	0	2.172	13.138	0	1.759	0	4.047	16.382	0	1.759	0	4.047	10.528	0	1	0	0.833	0.483	0	1	0	0.833	0.483	0	1	0	0.833	0.4	0	0	0	0.2	0	0.25	0	0	0	0	0	0.556	0.433
0	0	0	1.767	0	0	0	0	1.767	0	0	0	0	0	0	0	0	0	1	0	0	0	0	1	0	0	0	0	0	0	0	0.4	1	0	1	0.333	0.8	1	0	0	0.117	0.738
0	13.759	11.201	0.996	0	0	20.475	16.233	4.557	0	0	7.774	5.988	4.5	0	0	0.398	0.508	0.7	0	0	0.392	0.492	0.667	0	0	0.467	0.7	0.5	0	0.333	0	0	0	0	0	0	0	0	0	0.117	0.708
12.674	0.891	0.958	2.75	0.996	19.243	3.871	4.072	5.125	4.557	6.569	2.981	4.079	5.236	4.5	0.451	0.667	0.8	0.762	0.7	0.444	0.667	0.833	1	0.667	0.6	0.333	0.667	0.7	0.5	0	0	0	0	0	0	0	0	0	0	0.418	0.397
0	0	5.564	5.472	7.637	0.863	0	8.614	7.746	11.719	0.863	0	4.109	2.274	6.043	0	0	0.583	0.75	0.682	0	0	0.583	0.75	0.682	0	0	0.167	0	0.267	0.4	0	0	0	0	0	0.2	0	0	0	0.292	0.627
0.875	0	0	0	0	0.875	0	0	0	0	0.875	0	0	0	0	0	0	0	0	0	0	0	0	0	0	0	0	0	0	0	0.4	0.6	0.2	1	0	1	1	0.8	0	0	0.298	0.780
7.812	12.012	10.113	0	3.651	12.124	19.707	13.718	0	5.653	7.347	11.78	10.077	0	3.869	0.606	0.321	0.564	0	0.733	0.606	0.311	0.564	0	0.733	0.381	0.212	0.417	0	0.833	0	0	0.2	0.2	0	0	0	0	0.4	0	0.556	0.201
6.952	0	0	0	0	7.826	0	0	0	0	5.124	0	0	0	0	0.75	0	0	0	0	0.75	0	0	0	0	0.7	0	0	0	0	0	0	0	0.25	0	0	0	0	0	0	0.896	0.334
0	0	0	0	1.738	0	0	0	0	1.738	0	0	0.898	0	0.868	0	0	0	0	1	0	0	0	0	1	0	0	0	0	0	0.5	0	0.4	0	0	0	0	0.6	0	0	0.415	0.573
0	0	0	0	0	0	0	0	0	0	0	0	0	0	0	0	0	0	0	0	0	0	0	0	0	0	0	0	0	0	0.4	0	0.4	0.2	1	0	0	0.6	0	0	0	0.696
0	0	0	-1	0	0	0	0	-1	0	0	0	0	-1	0	0	0	0	-1	0	0	0	0	-1	0	0	0	0	-1	0	0	1	0.2	-1	0	0	0.4	0	-1	0	0.299	0.627
0	0	-1	0	-1	0	0	-1	0	-1	0	0	-1	0	-1	0	0	-1	0	-1	0	0	-1	0	-1	0	0	-1	0	-1	0	0	-1	0	-1	0	0	-1	0	-1	0.899	0.996
2.172	0	0	0	0	4.047	1.759	0	0	0	4.047	1.759	0	0	0	0.833	1	0	0	0	0.833	1	0	0	0	0.833	1	0	0	0	0.2	0	0.25	0	0	0	0	0	0	0	0	0.607
0.891	2.75	12.674	2.841	0.958	3.871	5.125	19.243	3.868	4.072	2.981	5.236	6.569	2.984	4.079	0.667	0.762	0.451	0.6	0.8	0.667	1	0.444	1	0.833	0.333	0.7	0.6	0.333	0.667	0	0	0	0	0	0	0	0	0	0	0.554	0.518
5.564	0	7.637	0	0.869	8.614	0.863	11.719	0	1.784	4.109	0.863	6.043	0	1.784	0.583	0	0.682	0	1	0.583	0	0.682	0	1	0.167	0	0.267	0	1	0	0.4	0	0	0	0	0	0	0.2	0	0.558	0.367
0.996	0.958	13.759	12.674	0	4.557	4.072	20.475	19.243	0	4.5	4.079	7.774	6.569	0	0.7	0.8	0.398	0.451	0	0.667	0.833	0.392	0.444	0	0.5	0.667	0.467	0.6	0	0	0	0	0	0.333	0	0	0	0	0	0.414	0.464
2.75	2.841	0.891	0	12.674	5.125	3.868	3.871	0	19.243	5.236	2.984	2.981	0	6.569	0.762	0.6	0.667	0	0.451	1	1	0.667	0	0.444	0.7	0.333	0.333	0	0.6	0	0	0	0	0	0	0	0	0	0	0	0.579
9.658	0	0	0.869	12.012	15.347	0.901	0	1.784	19.707	11.478	0.901	0	1.784	11.78	0.619	0	0	1	0.321	0.619	0	0	1	0.311	0.4	0	0	1	0.212	0	0	0.2	0	0	0	0	0.4	0	0	0.554	0.227
0	0	0	0	0	0	0	0	0	0	0	0	0	0	0	0	0	0	0	0	0	0	0	0	0	0	0	0	0	0	0.2	0	0	1	0.4	0	0	0	0.4	0	0	0.650
0	2.172	0	0	6.952	0	4.047	0	1.759	7.826	0	4.047	0	1.759	5.124	0	0.833	0	1	0.75	0	0.833	0	1	0.75	0	0.833	0	1	0.7	0.25	0.2	0	0	0	0	0	0	0	0	0	0.786
0	0	0	0	0.875	0	0	0	0	0.875	0	0	0	0	0.875	0	0	0	0	0	0	0	0	0	0	0	0	0	0	0	1	1	0.6	0	0.4	0	1	1	0.333	1	0	0.974
12.012	0	7.812	9.658	10.113	19.707	0	12.124	15.347	13.718	11.78	0	7.347	11.478	10.077	0.321	0	0.606	0.619	0.564	0.311	0	0.606	0.619	0.564	0.212	0	0.381	0.4	0.417	0	0.2	0	0	0.2	0	0.4	0	0	0	0.296	0.313
0	0	0	0	0	0	0	0	0	0	0	0	0	0	0.898	0	0	0	0	0	0	0	0	0	0	0	0	0	0	0	0	0	0.5	0.2	0.4	0	0	0	0.8	0.6	0	0.620
0	0.875	0	0	0	0	0.875	0	0	0	0	0.875	0	0	0	0	0	0	0	0	0	0	0	0	0	0	0	0	0	0	0.2	0.4	0	0.6	0	0.8	1	0	1	0	0	0.750
