0	0	1.855	0.939	0	0	0	2.77	0.939	0	0	0	0.916	0	0	0	0	1	0	0	0	0	1	0	0	0	0	0	0	0	0.667	0.333	0.25	0	0.2	0	0.333	0	0	0	0	0.918
7.853	5.007	16.503	7.176	1.952	10.801	7.926	19.54	11.103	2.864	0	0	0.919	0	0	0.764	0.929	0.421	0.745	1	0.764	0.929	0.421	0.745	1	0	0	0	0	0	0	0	0	0	0	0	0	0	0	0	0.898	0.182
1.845	9.59	0	0	0	3.725	10.509	0	0.914	0	2.79	1.859	0	0.914	0	0	0.091	0	0	0	0	0.091	0	0	0	0	0	0	0	0	0.2	0.222	1	0.5	0	0.2	0.333	1	1	0	0	0.557
0	12.835	0	0	28.306	0	16.209	0	0	31.672	0	6.335	0	0	7.624	0	0.5	0	0	0.306	0	0.5	0	0	0.306	0	0.533	0	0	0.238	0.6	0.2	1	0.5	0	0	0	0.8	0.75	0	0	0.638
0	0	0	0.946	9.59	0	0	0.914	0.946	10.509	0	0	0.914	0	1.859	0	0	0	0	0.091	0	0	0	0	0.091	0	0	0	0	0	0.6	0	0.5	0.889	0.222	0.4	0	1	0.889	0.333	0	0.593
0	0	0	0	0	0	0	0	0	0	0	0	0	0	0	0	0	0	0	0	0	0	0	0	0	0	0	0	0	0	0	0.25	0	0.2	0.25	0	0	0	0	0.125	0.556	0.418
0	0	0	0.932	0	0	0	0	0.932	0	0	0	0	0	0	0	0	0	0	0	0	0	0	0	0	0	0	0	0	0	0	0	0.5	0	0.4	0	0	0	0	0	0.716	0.345
22.109	2.814	0	30.634	3.152	26.309	3.753	0	36.408	6.356	5.256	0.939	0	7.695	4.291	0.332	0.833	0	0.291	0.933	0.332	0.833	0	0.291	0.933	0.3	0	0	0.333	0.333	0	0.2	0.444	0.5	0	0	0.2	0.889	0	0.75	0.557	0.281
0	1.117	0	0	4.762	0	1.117	0	0	4.762	0	1.117	0	0	0	0	0	0	0	0.8	0	0	0	0	0.8	0	0	0	0	0	0	0	0.6	0	0	0	0	0	0.25	0	0.299	0.668
1.846	0	0	0.956	5.122	7.99	0	0.956	4.974	10.4	7.99	0	0.956	4.974	7.377	0.714	0	0	0.8	0.467	0.714	0	0	0.8	0.467	0.607	0	0	0.8	0.571	0	0	0	0	0	0	0	0	0.6	0	0.117	0.401
9.59	0	1.845	0	0	10.509	0.914	3.725	0	0	1.859	0.914	2.79	0	0	0.091	0	0	0	0	0.091	0	0	0	0	0	0	0	0	0	0.222	0.5	0.2	0.6	1	0.333	1	0.2	0.4	1	0.115	0.381
0.91	0.921	0	7.681	0	2.874	2.956	1.027	8.734	0	1.963	2.035	1.027	2.008	0	0.667	0.333	0	0.611	0	0.667	0.333	0	0.611	0	0	0	0	0	0	0	0	0.143	0	0	0	0.286	0	0	0	0.3	0.294
0	0	0	0	0	0	0	0	0	0	0	0	0	0	0	0	0	0	0	0	0	0	0	0	0	0	0	0	0	0	0	0	0.143	0	0.25	1	1	0.857	0.143	1	0.42	0.377
6.362	12.911	30.634	0	2.814	7.284	18.358	36.408	0	3.753	1.897	7.314	7.695	0	0.939	0.667	0.516	0.291	0	0.833	0.667	0.516	0.291	0	0.833	0	0.19	0.333	0	0	0.429	0	0.5	0.4	0.2	0.429	0	0	0	0.2	0.299	0.565
0	-1	0	-1	0	0	-1	0	-1	0	0	-1	0	-1	0	0	-1	0	-1	0	0	-1	0	-1	0	0	-1	0	-1	0	0	-1	0	-1	0	0	-1	0	-1	0	0.899	0.997
0	0	0	0	9.059	0	0	0	0	13.331	0	0	0	0	0	0	0	0	0	0.705	0	0	0	0	0.705	0	0	0	0	0	0	0	0	0	0	0	0	0	0	0	0.717	0.267
0	0	0	0.916	0	0	0	0	0.916	0	0	0	0	0	0	0	0	0	0	0	0	0	0	0	0	0	0	0	0	0	1	0	0.5	0	0.8	1	1	1	0.4	0.8	0	0.872
0	0	0	4.858	0.986	0	0	0	6.837	0.986	0	0	0	5.913	0	0	0	0	0.381	0	0	0	0	0.381	0	0	0	0	0.267	0	0.5	0.333	0.2	0	0	0	1	0.2	0.2	0	0	0.844
0	0	0	0	0	0	0	0	0	0	0	0	0	0	0	0	0	0	0	0	0	0	0	0	0	0	0	0	0	0	0	0	0	0	0	0	0	0	0	0	0.715	0.484
17.363	7.593	0	0	0	17.363	7.593	0	0	0	2.046	2.791	0	0	0	0.386	0.393	0	0	0	0.386	0.393	0	0	0	0	0.333	0	0	0	0	0	0.4	0.4	0	0	0	0.2	0	0	0.419	0.323
28.306	0	14.971	0	0	31.672	0	19.331	0	0	7.624	0	5.321	0	0	0.306	0	0.333	0	0	0.306	0	0.333	0	0	0.238	0	0.5	0	0	0	1	0.4	0.6	0	0	0.8	0	0	0	0.298	0.433
0	0	0	1.952	0	0	0	0	2.864	0	0	0	0	0	0	0	0	0	1	0	0	0	0	1	0	0	0	0	0	0	0	0	0	0	0.4	0.2	0	0	0	1	0.298	0.425
0	0	0	0	0	0	0	0	0	0	0	0	0	0	0	0	0	0	0	0	0	0	0	0	0	0	0	0	0	0	0	0	0	0	0	0	0	0	0	0	0.897	0.519
0	0	0.946	0	0	0	0	0.946	0	0	0	0	0	0	0	0	0	0	0	0	0	0	0	0	0	0	0	0	0	0	0.8	0.5	0.889	1	0	0.8	1	0.889	1	0	0	0.776
0	0	0	0	0	0	0	0	0	0	0	0	0	0	0	0	0	0	0	0	0	0	0	0	0	0	0	0	0	0	0	0	0.625	0	0.4	0.143	0	0.125	0	0.4	0.557	0.410
0	0	5.851	0	28.4	0	0.947	7.891	0	32.536	0	0.947	5.928	0	10.062	0	0	0.786	0	0.299	0	0	0.786	0	0.299	0	0	0.6	0	0.267	0	0.111	0	0	0.111	0	0	0	0	0	0.558	0.572
30.634	6.362	2.814	12.911	22.109	36.408	7.284	3.753	18.358	26.309	7.695	1.897	0.939	7.314	5.256	0.291	0.667	0.833	0.516	0.332	0.291	0.667	0.833	0.516	0.332	0.333	0	0	0.19	0.3	0.5	0.429	0.2	0	0	0	0.429	0.2	0	0	0.119	0.385
0	0	0	0	0	1.885	0	0	0	0	1.885	0	0	0	0	0	0	0	0	0	0	0	0	0	0	0	0	0	0	0	0.2	0	0.25	1	0.2	0.4	0	0	1	0.4	0	0.760
0	0	0	0	0	0	0	0	0	0	0	0	0	0	0	0	0	0	0	0	0	0	0	0	0	0	0	0	0	0	0	0	0	0	0	0	0	0	0	0	0.717	0.490
0	0.932	0	0	0	0	0.932	0	0	0	0	0	0	0	0	0	0	0	0	0	0	0	0	0	0	0	0	0	0	0	0	0	0	1	0.5	0	0	0	1	0	0.554	0.290
0	0	0	0	0	0	0	0	0	0	0	0	0	0	0	0	0	0	0	0	0	0	0	0	0	0	0	0	0	0	0	0	0	0	0	0	0	0	0	0	0.415	0.432
0	3.152	0	0	0	0	6.356	0	0	0	0	4.291	0	0	0	0	0.933	0	0	0	0	0.933	0	0	0	0	0.333	0	0	0	0.4	0	0.75	0.444	0.875	0.4	0.75	1	0.889	0.875	0	0.619
0	3.754	0	0	0.919	0	3.754	0	0	0.919	0	0.946	0	0	0	0	0.5	0	0	0	0	0.5	0	0	0	0	0	0	0	0	0.2	0	0.25	0.2	0	0.4	0	0.25	0.4	0	0	0.721
0	0	0	0	0	0	0	0	0	0	0	0	0	0	0	0	0	0	0	0	0	0	0	0	0	0	0	0	0	0	0.667	0.2	0	0.25	0.6	0.333	0	0.2	0.75	1	0.117	0.887
12.909	0.917	0	2.943	0	16.083	0.917	0	5.064	0	6.299	0.917	0	3.031	0	0.458	0	0	0.9	0	0.458	0	0	0.9	0	0.467	0	0	0.667	0	0.222	0	0.5	0.4	0.4	0	0	0	0	0.2	0.298	0.359
0.939	0.95	0	0	0	0.939	0.95	0	0	0	0	0	0	0	0	0	0	0	0	0	0	0	0	0	0	0	0	0	0	0	0	0	0.333	0	0.667	0	0	0.333	0	0	0.299	0.283
0	0	0	0.919	6.609	0	0	0	0.919	6.609	0	0	0	0	0	0	0	0	0	0.714	0	0	0	0	0.714	0	0	0	0	0	0.429	0	0.375	0	0	0.286	1	0	0	0	0.557	0.956
3.893	0	2.943	14.971	0.917	6.963	0	5.064	19.331	0.917	4.135	0	3.031	5.321	0.917	0.81	0	0.9	0.333	0	0.81	0	0.9	0.333	0	0.833	0	0.667	0.5	0	0.4	0	0.4	0.4	0	0	0	0	0	0	0.419	0.442
10.393	0	0	9.44	0	14.419	0.99	0	13.414	0	5.031	0.99	0	4.884	0	0.362	0	0	0.495	0	0.362	0	0	0.495	0	0.8	0	0	0.7	0	0	0.333	0.2	0	0	0	0.333	0	0	0	0.296	0.315
0	0	1.117	9.709	0	0	0	1.117	9.709	0	0	0	1.117	0.977	0	0	0	0	0.6	0	0	0	0	0.6	0	0	0	0	0	0	0	0.2	0	0	0	0.25	0	0	0	0	0	0.840
0	0	0	0	0	0	0	0	0	0	0	0	0	0	0	0	0	0	0	0	0	0	0	0	0	0	0	0	0	0	0.25	0	0.4	0	0	0	0	0.2	0	0	0	0.926
3.816	1.883	0	0	0	4.828	2.919	0	0	0	1.979	1.996	0	0	0	1	1	0	0	0	1	1	0	0	0	1	1	0	0	0	0	0	0.222	0.6	0.4	0	0	0	0.2	0.2	0.554	0.242
0	0	3.754	0	0	0	0	3.754	0	0	0	0	0.946	0	0	0	0	0.5	0	0	0	0	0.5	0	0	0	0	0	0	0	0.2	0	0	0	0.2	0.4	0	0	0	0.4	0	0.608
0	0	0	0	0	0	0	0	0	0	0	0	0	0	0	0	0	0	0	0	0	0	0	0	0	0	0	0	0	0	0	0	0	0	0	0	0	0.2	0	0	0.419	0.698
0	0	0	0	0	0	0	0	0	0	0	0	0	0	0	0	0	0	0	0	0	0	0	0	0	0	0	0	0	0	0	0.667	0.6	0.2	0	0.2	0.333	1	0	0	0.556	0.411
0	0	0	3.152	0	0	0	0	6.356	0	0	0	0	4.291	0	0	0	0	0.933	0	0	0	0	0.933	0	0	0	0	0.333	0	0.75	0.4	0.875	0	0.5	1	0.4	0.875	0.75	0.75	0	0.920
0	0.919	0	0	0	0	0.919	0	0	0	0	0	0	0	0	0	0	0	0	0	0	0	0	0	0	0	0	0	0	0	0	0	0.429	0.25	0.375	1	0	0.286	0.25	0	0.119	0.930
0	0	16.979	0	0	0	0	17.895	0	0	0	0	6.964	0	0	0	0	0.392	0	0	0	0	0.392	0	0	0	0	0.095	0	0	0.2	0	0.25	0.2	0.4	0	0	0	0	1	0	0.681
0	0	0	0	0	0	0	0	0	0	0	0	0	0	0	0	0	0	0	0	0	0	0	0	0	0	0	0	0	0	0	0	0	0	0	0	0	0	0	0	0.718	0.513
0	0	0.986	0	0	0	0	0.986	0	1.05	0	0	0	0	1.05	0	0	0	0	0	0	0	0	0	0	0	0	0	0	0	0.2	0.5	0	0.333	0	0.2	0	0	1	0	0	0.496
0	0	0	0	0	0	0	0	0	0	0	0	0	0	0	0	0	0	0	0	0	0	0	0	0	0	0	0	0	0	0	0	0	0.2	0.2	0	0	0	0.2	0	0.299	0.363
0	4.917	0	0	0	0	4.917	0	0	0	0	1.125	0	0	0	0	0.2	0	0	0	0	0.2	0	0	0	0	0	0	0	0	0.4	0	0	0.4	0	0	0	0	0.4	0	0.12	0.384
0	0	0	0	8.796	0	2.979	0	1.041	12.739	0	2.979	0	1.041	3.957	0	0.667	0	0	0.423	0	0.667	0	0	0.423	0	0	0	0	0	0	0	0	0	0	0.5	0	0.667	0	0	0.018	0.793
8.382	1.897	0	28.4	18.368	15.848	3.905	0	32.536	25.819	11.798	2.967	0	10.062	8.64	0.562	0.833	0	0.299	0.35	0.562	0.833	0	0.299	0.35	0.364	0.667	0	0.267	0.536	0.2	0	0.4	0.111	0.333	0	0	0	0	0	0	0.457
1.845	4.843	0	0	12.911	3.774	7.04	0	0	18.358	1.93	1.072	0	0	7.314	0.833	0.952	0	0	0.516	0.833	0.952	0	0	0.516	1	0	0	0	0.19	0	0	0.4	0.4	0	0	0	0	0.2	0	0	0.515
0	0	0.919	3.754	0	0	0	0.919	3.754	0	0	0	0	0.946	0	0	0	0	0.5	0	0	0	0	0.5	0	0	0	0	0	0	0.25	0.2	0	0	0	0.25	0.4	0	0	1	0.294	0.816
3.937	9.714	1.956	5.122	9.44	7.219	15.922	7.118	10.4	13.414	5.348	7.304	5.162	7.377	4.884	0.571	0.292	0.524	0.467	0.495	0.571	0.292	0.524	0.467	0.495	0.8	0.381	0.5	0.571	0.7	0	0	0	0	0	0	0	0	0	0	0.296	0.290
0	3.737	0	10.835	0	1.041	7.621	2.979	14.74	0	1.041	3.835	2.979	7.862	0	0	0.393	0.667	0.248	0	0	0.393	0.667	0.248	0	0	0	0	0.107	0	0	0	0	0	0	0	0	0	0	0.5	0.12	0.541
0	0	0	0	3.754	0	0	0	0	3.754	0	0	0	0	0.946	0	0	0	0	0.5	0	0	0	0	0.5	0	0	0	0	0	0	0	0.2	0.25	0	0	0	0.4	0.125	0	0	0.784
1.885	0	21.572	0	18.591	5.797	1.988	27.988	0	24.754	0.919	0	0	0	0	0.8	0	0.294	0	0.243	0.8	0	0.294	0	0.243	0	0	0	0	0	0	0	0	0	0	0	0	0	0	0	0.896	0.154
0.956	0	0	9.025	1.846	4.974	0	0	10.895	7.99	4.974	0	0	7.986	7.99	0.8	0	0	0.418	0.714	0.8	0	0	0.418	0.714	0.8	0	0	0.286	0.607	0	0.2	0	0.25	0	0.6	0	0	0	0	0.298	0.418
0	0	0	0	0	0	0	0	0	0	0	0	0	0	0	0	0	0	0	0	0	0	0	0	0	0	0	0	0	0	0.4	0.25	0	0	0	0.2	0	0	0	0	0	0.466
0	0	0	0	0	0	0	0	0	0	0	0	0	0	0	0	0	0	0	0	0	0	0	0	0	0	0	0	0	0	0.5	0.25	0	0.4	0.333	0.25	0.5	0	1	1	0	0.909
0	0	0	0	0	0	0	0	0	0	0	0	0	0	0	0	0	0	0	0	0	0	0	0	0	0	0	0	0	0	0	0	0	0	0	0	0	0	0	0	0.717	0.490
0	0	0	0	0	0	1.885	0	0	0	0	1.885	0	0	0	0	0	0	0	0	0	0	0	0	0	0	0	0	0	0	0.25	0.2	0.2	0	0.429	0	0.4	0.4	0	0.286	0	0.652
0.946	0	0	0	0	1.871	0	0	0	0	0.946	0	0	0	0	1	0	0	0	0	1	0	0	0	0	0	0	0	0	0	0.2	0	0.2	0.2	0.625	0.2	0.667	0.2	0	0.875	0	0.581
0	0.956	1.846	0	0	0	4.974	7.99	0	0.956	0	4.974	7.99	0	0.956	0	0.8	0.714	0	0	0	0.8	0.714	0	0	0	0.8	0.607	0	0	0	0	0	0.2	0	0	0.6	0	0	0	0.417	0.775
0	0	0	0	0	0	0	0	0	0	0	0	0	0	0	0	0	0	0	0	0	0	0	0	0	0	0	0	0	0	0.6	0	0	0.667	0	1	0.2	0	0.333	0	0.717	0.923
0.921	7.681	0.91	8.796	0	2.956	8.734	2.874	12.739	1.027	2.035	2.008	1.963	3.957	1.027	0.333	0.611	0.667	0.423	0	0.333	0.611	0.667	0.423	0	0	0	0	0	0	0	0	0	0	0.143	0.286	0	0	0	0	0.716	0.275
9.041	18.368	7.63	0	2.153	15.355	25.819	11.915	0	6.588	7.23	8.64	7.066	0	4.435	0.505	0.35	0.682	0	0.933	0.505	0.35	0.682	0	0.933	0.476	0.536	0.619	0	0.833	0	0.333	0	0.4	0.25	0	0	0	0	0	0.299	0.356
0	0	0	0	0	0	0	0	0	0	0	0	0	0	0	0	0	0	0	0	0	0	0	0	0	0	0	0	0	0	0.75	0	0	0.333	0	1	0.6	0	1	0	0.294	0.980
12.911	0	6.362	1.845	30.634	18.358	0	7.284	3.774	36.408	7.314	0	1.897	1.93	7.695	0.516	0	0.667	0.833	0.291	0.516	0	0.667	0.833	0.291	0.19	0	0	1	0.333	0	0.4	0.429	0	0.5	0	0	0.429	0	0	0.299	0.247
0	0	0	0	0	0	0	0	0	0	0	0	0	0	0	0	0	0	0	0	0	0	0	0	0	0	0	0	0	0	0	0	0	0	0	0	0	0	0	0	0.717	0.291
3.8	4.762	10.515	0	0	4.795	4.762	12.477	0	0	0	0	0.977	0	0	0.8	0.8	0.603	0	0	0.8	0.8	0.603	0	0	0	0	0	0	0	0	0	0	0.6	0	0	0	0	0	0	0.557	0.208
0	0	0	0	0	0	0	0	0	0	0	0	0	0	0	0	0	0	0	0	0	0	0	0	0	0	0	0	0	0	0.2	0.25	0.667	0	0	0	0.75	0.333	0	0.2	0.717	0.299
0	0	0	0	0	0	0	0	0	0	0	0	0	0	0	0	0	0	0	0	0	0	0	0	0	0	0	0	0	0	0	0	0	0.4	1	0	0	0	0	1	0.898	0.565
1.897	28.4	8.382	5.851	0	3.905	32.536	15.848	7.891	0	2.967	10.062	11.798	5.928	0	0.833	0.299	0.562	0.786	0	0.833	0.299	0.562	0.786	0	0.667	0.267	0.364	0.6	0	0	0.111	0.2	0	0.4	0	0	0	0	0	0.556	0.307
0	0	0	0	0	0	0	0	0	0	0	0	0	0	0	0	0	0	0	0	0	0	0	0	0	0	0	0	0	0	0	0	0	0	0	0	0	0	0	0	0.898	0.678
0	1.952	0	16.503	0	0	2.864	0	19.54	0	0	0	0	0.919	0	0	1	0	0.421	0	0	1	0	0.421	0	0	0	0	0	0	0	0	0	0	0	0	0	0.2	0	0	0.419	0.447
3.754	0	0	0	0	3.754	0	0	0	0	0.946	0	0	0	0	0.5	0	0	0	0	0.5	0	0	0	0	0	0	0	0	0	0	0.2	0.2	0	0.25	0	0.4	0.4	0	0.25	0.418	0.366
0	0	0	0	0	0	0	0	0	0	0	0	0	0	0	0	0	0	0	0	0	0	0	0	0	0	0	0	0	0	0	0.333	0.75	0	0	0.6	1	1	0	0	0	0.653
0	0	0	0	0.979	0	0	0	0	0.979	0	0	0	0	0	0	0	0	0	0	0	0	0	0	0	0	0	0	0	0	0	0	0	0	0	0	0	0	0	0	0.716	0.345
0	0	0	0	0	0	0	0	1.027	0	0	0	0	1.027	0	0	0	0	0	0	0	0	0	0	0	0	0	0	0	0	0	0	0	0.143	0	0	0	0	0	0	0.556	0.360
0.919	0	9.709	0	0	0.919	0	9.709	0	0	0	0	0.977	0	0	0	0	0.6	0	0	0	0	0.6	0	0	0	0	0	0	0	0	0.25	0	0.143	0.2	0	1	0	0.857	0	0	0.454
4.762	0	3.8	0	10.515	4.762	0	4.795	0	12.477	0	0	0	0	0.977	0.8	0	0.8	0	0.603	0.8	0	0.8	0	0.603	0	0	0	0	0	0	0.6	0	0	0	0	0	0	0	0	0.197	0.291
29.711	10.483	4.186	20.485	0	34.377	14.509	8.322	25.872	0	0	0	0	0	0	0.298	0.505	0.714	0.271	0	0.298	0.505	0.714	0.271	0	0	0	0	0	0	0	0	0	0	0	0	0	0	0	0	0.717	0.114
0	0	0	0	3.806	0	0	0	0	3.806	0	0	0	0	0	0	0	0	0	0.667	0	0	0	0	0.667	0	0	0	0	0	0	0.4	0	0.25	0	0	0.2	0	0	0	0.419	0.391
12.835	0	0	0	0	16.209	0	0	0	0	6.335	0	0	0	0	0.5	0	0	0	0	0.5	0	0	0	0	0.533	0	0	0	0	0.2	0.5	0.6	0.875	1	0	0.75	0	0.875	0.8	0.298	0.419
0	0	0	0	0	0	0	0	0	0	0	0	0	0	0	0	0	0	0	0	0	0	0	0	0	0	0	0	0	0	0	0	0	0	0	0	0	0	0	0	0.717	0.764
0	0	0	0	0	0	0	0	0	0	0	0	0	0	0	0	0	0	0	0	0	0	0	0	0	0	0	0	0	0	0	0	0	0	0	0	0	0	0	0	0.713	0.487
0	0	0.946	0	0	0	0	1.871	0	0	0	0	0.946	0	0	0	0	1	0	0	0	0	1	0	0	0	0	0	0	0	0	0.2	0.2	0	0.2	0.667	0	0.2	0	0.2	0	0.844
9.597	0	0	16.979	0	10.692	0	0	17.895	0.947	3.078	0	0	6.964	0.947	0.636	0	0	0.392	0	0.636	0	0	0.392	0	0.667	0	0	0.095	0	0	0.4	0	0.25	0.111	0	1	0	0	0	0.292	0.294
0.979	0	0.962	0	0.92	0.979	0	0.962	0	0.92	0	0	0	0	0	0	0	0	0	0	0	0	0	0	0	0	0	0	0	0	0	0	0	0	0.2	0	0	0	0	0	0.197	0.343
0	0	0	0	0	0	0	0	0	0	0	0	0	0	0	0	0	0	0	0	0	0	0	0	0	0	0	0	0	0	0	0	0	0	0	0	0	0	0	0	0.715	0.350
0	0	0	0	0	0	0	0	0	0	0	0	0	0	0	0	0	0	0	0	0	0	0	0	0	0	0	0	0	0	0	0	0	0	0	0	0	0	0	0	0.715	0.384
9.059	0	4.835	0	8.607	13.331	0	5.788	0	13.886	0	0	0	0	0	0.705	0	0.8	0	0.615	0.705	0	0.8	0	0.615	0	0	0	0	0	0	0	0	0	0	0	0	0	0	0	0.116	0.094
0	0	0	0	0	0	0	0	0	0	0	0	0	0	0	0	0	0	0	0	0	0	0	0	0	0	0	0	0	0	0	0	0.2	1	0	0	0	0.2	1	0	0	0.316
14.971	28.306	0	0	3.893	19.331	31.672	0	0	6.963	5.321	7.624	0	0	4.135	0.333	0.306	0	0	0.81	0.333	0.306	0	0	0.81	0.5	0.238	0	0	0.833	0.4	0	0	1	0.4	0	0	0	0.8	0	0	0.510
0	3.816	0	1.883	4.843	0	4.828	0	2.919	7.04	0	1.979	0	1.996	1.072	0	1	0	1	0.952	0	1	0	1	0.952	0	1	0	1	0	0.222	0	0.4	0	0	0	0	0.2	0	0	0.019	0.805
0	0	2.955	0.92	0.916	0	0	2.955	0.92	0.916	0	0	0	0	0	0	0	0	0	0	0	0	0	0	0	0	0	0	0	0	0.25	0	0	0.2	0	0	0.2	0	0	0.4	0	0.725
0	0	0	0	0	0	0	0	0	0	0	0	0	0	0	0	0	0	0	0	0	0	0	0	0	0	0	0	0	0	0	0	0	0	0	0	0	0	0	0	0.419	0.547
0	1.921	0	0	0	1.922	3.806	0	0	0	1.922	2.88	0	0	0	0	0.5	0	0	0	0	0.5	0	0	0	0	0.333	0	0	0	0	0	0.333	0.2	0.4	0	0	1	0.8	0.4	0.418	0.301
0	10.393	0	0	0	0	14.419	0	0.99	0	0	5.031	0	0.99	0	0	0.362	0	0	0	0	0.362	0	0	0	0	0.8	0	0	0	0.2	0	0	0.333	0.2	0	0	0	0.333	0	0	0.706
0	0	0	0	0.946	0	0	0	0	0.946	0	0	0	0	0	0	0	0	0	0	0	0	0	0	0	0	0	0	0	0	0.5	1	0.8	0	0.889	1	1	0.8	1	0.889	0	0.797
0.912	17.352	0	0	1.883	0.912	23.551	0	0	2.919	0.912	12.495	0	0	1.996	0	0.379	0	0	1	0	0.379	0	0	1	0	0.364	0	0	1	0	0	0.6	0.25	0	0	0	0.2	0	0	0.556	0.370
0	0	0	0	0	0	0	0	0	0	0	0	0	0	0	0	0	0	0	0	0	0	0	0	0	0	0	0	0	0	0.25	0.4	0.5	0	0	0.5	1	0.25	0	0	0	0.902
0.917	2.943	12.909	3.893	0	0.917	5.064	16.083	6.963	0	0.917	3.031	6.299	4.135	0	0	0.9	0.458	0.81	0	0	0.9	0.458	0.81	0	0	0.667	0.467	0.833	0	0	0.4	0.222	0.4	0.5	0	0	0	0	0	0.56	0.608
3.152	0	0	22.109	0	6.356	0	0	26.309	0	4.291	0	0	5.256	0	0.933	0	0	0.332	0	0.933	0	0	0.332	0	0.333	0	0	0.3	0	0	0.444	0.4	0	0.75	0.75	0.889	0.4	0	1	0.294	0.577
0	6.609	0	0	0	0	6.609	0	0	0	0	0	0	0	0	0	0.714	0	0	0	0	0.714	0	0	0	0	0	0	0	0	0.222	0	0	0.375	0	0	0	0	0	0.143	0.197	0.743
7.593	0	17.363	0	0	7.593	0	17.363	0	0	2.791	0	2.046	0	0	0.393	0	0.386	0	0	0.393	0	0.386	0	0	0.333	0	0	0	0	0	0.4	0	0.5	0.4	0	0	0	0	0.2	0.415	0.295
0	0	9.025	0	0	0	0	10.895	0	0	0	0	7.986	0	0	0	0	0.418	0	0	0	0	0.418	0	0	0	0	0.286	0	0	0.429	0.2	0.25	0.25	0.2	0.286	0.4	0	0	0	0.196	0.739
0.916	2.955	0	0	0	0.916	2.955	0	0	0	0	0	0	0	0	0	0	0	0	0	0	0	0	0	0	0	0	0	0	0	0	0	0	0.25	1	0.4	0	1	0	1	0	0.702
0	0	0	0	0	0	0	0	0	0	0	0	0	0	0	0	0	0	0	0	0	0	0	0	0	0	0	0	0	0	0	0	0	0	0	0	0	0	0	0	0.897	0.498
2.955	0	0.916	0	0	2.955	0	0.916	0	0	0	0	0	0	0	0	0	0	0	0	0	0	0	0	0	0	0	0	0	0	0	0.25	0	0	0	0	0	0.4	0.2	1	0	0.536
0	14.971	3.893	28.306	2.943	0	19.331	6.963	31.672	5.064	0	5.321	4.135	7.624	3.031	0	0.333	0.81	0.306	0.9	0	0.333	0.81	0.306	0.9	0	0.5	0.833	0.238	0.667	0	0.4	0.4	0	0.4	0	0	0	0	0	0	0.683
0	0	0	4.917	0	0	0	0	4.917	0	0	0	0	1.125	0	0	0	0	0.2	0	0	0	0	0.2	0	0	0	0	0	0	0	0.4	0	0	0	0	0	0	0	0	0.118	0.877
0	0	0	0	0	0	0	0	0	0	0	0	0	0	0	0	0	0	0	0	0	0	0	0	0	0	0	0	0	0	0	0	0	0	0	0	0	0	0	0	0.716	0.542
0	0.912	1.883	17.352	3.816	0	0.912	2.919	23.551	4.828	0	0.912	1.996	12.495	1.979	0	0	1	0.379	1	0	0	1	0.379	1	0	0	1	0.364	1	0.6	0	0	0	0	0.2	0	0	0	0	0.196	0.483
28.4	5.851	1.897	0	8.382	32.536	7.891	3.905	0	15.848	10.062	5.928	2.967	0	11.798	0.299	0.786	0.833	0	0.562	0.299	0.786	0.833	0	0.562	0.267	0.6	0.667	0	0.364	0.111	0	0	0	0.2	0	0	0	0	0	0.419	0.189
0	0	0.919	0	9.709	0	0	0.919	0	9.709	0	0	0	0	0.977	0	0	0	0	0.6	0	0	0	0	0.6	0	0	0	0	0	0.25	0.143	0	0	0	1	0.857	0	1	0	0	0.928
0	0.939	0	0.95	1.855	0	0.939	0	0.95	2.77	0	0	0	0	0.916	0	0	0	0	1	0	0	0	0	1	0	0	0	0	0	0.333	0	0.667	0	0.25	0.333	0	0	0	0	0.059	0.632
0	0	0	0	9.025	0	0	0	1.885	10.895	0	0	0	1.885	7.986	0	0	0	0	0.418	0	0	0	0	0.418	0	0	0	0	0.286	0.2	0.25	0.429	0.2	0.25	0.4	0	0.286	0.4	0	0	0.774
0.95	0	0.939	0	0	0.95	0	0.939	0	0	0	0	0	0	0	0	0	0	0	0	0	0	0	0	0	0	0	0	0	0	0	0	0	0.4	0.333	0	0	0	0.2	0.333	0.557	0.509
0	0	0	3.737	0	2.979	1.041	0	7.621	0	2.979	1.041	0	3.835	0	0.667	0	0	0.393	0	0.667	0	0	0.393	0	0	0	0	0	0	0	0	0	0	0	0	0	0.5	0	0.667	0.554	0.304
0	0	0	0	0	0	0	0	0	0	0	0	0	0	0	0	0	0	0	0	0	0	0	0	0	0	0	0	0	0	0	0	0	0	0	0.2	0	0	0	0	0.556	0.757
0	3.806	0	0	0	0	3.806	0	0	0	0	0	0	0	0	0	0.667	0	0	0	0	0.667	0	0	0	0	0	0	0	0	0.2	0	1	0	0	0.4	0	1	0	0	0	0.761
0	0	1.885	10.515	21.572	1.988	0	5.797	12.477	27.988	0	0	0.919	0.977	0	0	0	0.8	0.603	0.294	0	0	0.8	0.603	0.294	0	0	0	0	0	0	0	0	0	0	0	0	0	0	0	0.418	0.420
0	0	0	0	12.835	0	0	0	0	16.209	0	0	0	0	6.335	0	0	0	0	0.5	0	0	0	0	0.5	0	0	0	0	0.533	0.875	0.75	0.5	0.4	0.2	0.875	1	0.75	0.4	0	0	0.757
2.814	30.634	22.109	6.362	0	3.753	36.408	26.309	7.284	0	0.939	7.695	5.256	1.897	0	0.833	0.291	0.332	0.667	0	0.833	0.291	0.332	0.667	0	0	0.333	0.3	0	0	0.2	0.5	0	0.429	0.444	0.2	0	0	0.429	0.889	0	0.579
4.843	0	1.845	0	0	7.04	0	3.774	0	0	1.072	0	1.93	0	0	0.952	0	0.833	0	0	0.952	0	0.833	0	0	0	0	1	0	0	0	0.4	0	0.222	0.4	0	0.2	0	0	0	0.196	0.292
0	0	0	0	0	0	0	0	0	0	0	0	0	0	0	0	0	0	0	0	0	0	0	0	0	0	0	0	0	0	0	0	0	0	0	0	0	0	0	0	0.717	0.283
0	4.858	0	0	0	0	6.837	0	0	0	0	5.913	0	0	0	0	0.381	0	0	0	0	0.381	0	0	0	0	0.267	0	0	0	0.333	0	0.5	0.4	0.2	1	0.2	0	0.2	0.2	0.117	0.851
0	0	9.59	0	1.845	0.914	0	10.509	0	3.725	0.914	0	1.859	0	2.79	0	0	0.091	0	0	0	0	0.091	0	0	0	0	0	0	0	0.5	0.6	0.222	0	0.2	1	0.4	0.333	0	0.2	0	0.818
0	1.846	5.122	0	9.714	0.956	7.99	10.4	0	15.922	0.956	7.99	7.377	0	7.304	0	0.714	0.467	0	0.292	0	0.714	0.467	0	0.292	0	0.607	0.571	0	0.381	0	0	0	0	0	0	0	0	0	0	0	0.394
0	0	0	0	0	0	0	0	0	0	0	0	0	0	0	0	0	0	0	0	0	0	0	0	0	0	0	0	0	0	0	0	0	0	0	0	0	0	0	0	0.72	0.474
0	0	0	0	0	0	0	0	0	0	0	0	0	0	0	0	0	0	0	0	0	0	0	0	0	0	0	0	0	0	0	0	0	0	0	0	0	0	0	0	0.419	0.506
0	0	0	0	0	0	0	0	0	0	0	0	0	0	0	0	0	0	0	0	0	0	0	0	0	0	0	0	0	0	0	0	0	0	0	0	0	0	0	0	0	0.608
0	1.845	12.911	4.843	6.362	0	3.774	18.358	7.04	7.284	0	1.93	7.314	1.072	1.897	0	0.833	0.516	0.952	0.667	0	0.833	0.516	0.952	0.667	0	1	0.19	0	0	0.4	0	0	0	0.429	0	0	0	0	0.429	0	0.630
0	0	0	0	0	0	0	0	0	0	0	0	0	0	0	0	0	0	0	0	0	0	0	0	0	0	0	0	0	0	0	0	0	0	0	0	0	0	0	0	0.896	0.896
0	9.025	0.956	0	0	0	10.895	4.974	0	0	0	7.986	4.974	0	0	0	0.418	0.8	0	0	0	0.418	0.8	0	0	0	0.286	0.8	0	0	0.2	0.25	0	0.429	0	0	0	0.6	0.286	0	0	0.855
4.917	0	0	0	0	4.917	0	0	0	0	1.125	0	0	0	0	0.2	0	0	0	0	0.2	0	0	0	0	0	0	0	0	0	0	0.4	0.4	0.625	0	0	0.4	0	0.125	0	0.557	0.348
10.782	0	0	0.986	1.921	10.782	1.05	0	0.986	3.806	2.974	1.05	0	0	2.88	0.655	0	0	0	0.5	0.655	0	0	0	0.5	0.333	0	0	0	0.333	0	0	0.2	0	0	0	0	0.8	0	0	0	0.272
7.681	8.796	0.921	0	0.91	8.734	12.739	2.956	0	2.874	2.008	3.957	2.035	0	1.963	0.611	0.423	0.333	0	0.667	0.611	0.423	0.333	0	0.667	0	0	0	0	0	0	0	0	0	0	0	0	0.286	0.667	0	0.715	0.184
0	0	0	0	0	0	0	0	0	0	0	0	0	0	0	0	0	0	0	0	0	0	0	0	0	0	0	0	0	0	0	0	0	0	0	0	0	0	0	0	0.292	0.677
7.63	9.041	2.153	18.368	6.854	11.915	15.355	6.588	25.819	10.908	7.066	7.23	4.435	8.64	6.06	0.682	0.505	0.933	0.35	0.8	0.682	0.505	0.933	0.35	0.8	0.619	0.476	0.833	0.536	0.533	0	0	0.25	0.333	0	0	0	0	0	0	0	0.537
0	0	0	0	0	0	0	0	0	0	0	0	0	0	0	0	0	0	0	0	0	0	0	0	0	0	0	0	0	0	0	0	0	0.222	0	0.143	0	1	0	1	0.418	0.257
5.007	7.176	7.853	8.607	16.503	7.926	11.103	10.801	13.886	19.54	0	0	0	0	0.919	0.929	0.745	0.764	0.615	0.421	0.929	0.745	0.764	0.615	0.421	0	0	0	0	0	0	0	0	0	0	0	0	0	0	0	0.894	0.136
0	0	0	0	0	0	0	0	0	0	0	0	0	0	0	0	0	0	0	0	0	0	0	0	0	0	0	0	0	0	0	0	0.25	0.25	0	0	0	0.125	0	0	0.414	0.445
0	1.845	0	9.59	0	0	3.725	0	10.509	1.885	0	2.79	0	1.859	1.885	0	0	0	0.091	0	0	0	0	0.091	0	0	0	0	0	0	1	0.2	0	0.222	0.2	1	0.2	0	0.333	0.4	0	0.878
3.737	10.835	0	0	0	7.621	14.74	1.041	0	2.979	3.835	7.862	1.041	0	2.979	0.393	0.248	0	0	0.667	0.393	0.248	0	0	0.667	0	0.107	0	0	0	0	0	0	0.4	0	0	0	0	0.4	0	0.556	0.292
21.572	1.885	18.591	0	20.485	27.988	5.797	24.754	1.988	25.872	0	0.919	0	0	0	0.294	0.8	0.243	0	0.271	0.294	0.8	0.243	0	0.271	0	0	0	0	0	0	0	0	0	0	0	0	0	0	0	0.715	0.158
0	0	0	0	0	0	0	0	0	0	0	0	0	0	0	0	0	0	0	0	0	0	0	0	0	0	0	0	0	0	0	0	0.2	0	0.25	0	0	0	0	0	0	0.743
0	0.986	10.782	0	0	1.05	0.986	10.782	0	0	1.05	0	2.974	0	0	0	0	0.655	0	0	0	0	0.655	0	0	0	0	0.333	0	0	0	0	0	0.2	0.2	0	0	0	0.2	0.8	0.558	0.477
0.932	0	0	0	0	0.932	0	0	0	0	0	0	0	0	0	0	0	0	0	0	0	0	0	0	0	0	0	0	0	0	0	1	0	0	0	0	1	0	0	0	0.42	0.346
0	0	0	0	0	0	0	0	0	0	0	0	0	0	0	0	0	0	0	0	0	0	0	0	0	0	0	0	0	0	0.25	0	0.2	0.2	0.667	0.75	0	0	0.6	0.333	0.718	0.864
0	0	3.806	0	0	0	0	3.806	0	0	0	0	0	0	0	0	0	0.667	0	0	0	0	0.667	0	0	0	0	0	0	0	0	0	0	0.4	0.2	0	0	0	0.2	0.4	0	0.671
0	0	0.932	0	0	0	0	0.932	0	0	0	0	0	0	0	0	0	0	0	0	0	0	0	0	0	0	0	0	0	0	1	0	0	0	0	1	0	0	0	0	0.057	0.973
0	0.92	0	0.962	2.955	0	0.92	0	0.962	2.955	0	0	0	0	0	0	0	0	0	0	0	0	0	0	0	0	0	0	0	0	0	0.2	0.25	0	0	0.2	0	0	0	0	0	0.596
0	0	4.762	1.117	3.8	0	0	4.762	1.117	4.795	0	0	0	1.117	0	0	0	0.8	0	0.8	0	0	0.8	0	0.8	0	0	0	0	0	0.6	0	0	0	0	0	0	0	0	0	0	0.557
0	0	0	1.921	10.835	0	1.922	0	3.806	14.74	0	1.922	0	2.88	7.862	0	0	0	0.5	0.248	0	0	0	0.5	0.248	0	0	0	0.333	0.107	0.333	0	0.4	0	0	1	0	0.4	0	0	0	0.864
0	0	10.835	0	3.737	0	0	14.74	1.922	7.621	0	0	7.862	1.922	3.835	0	0	0.248	0	0.393	0	0	0.248	0	0.393	0	0	0.107	0	0	0.4	0.333	0	0	0	0.4	1	0	0	0	0	0.847
0	0	0	0	0.946	0	0	0	0	1.871	0	0	0	0	0.946	0	0	0	0	1	0	0	0	0	1	0	0	0	0	0	0.2	0	0	0.2	0.2	0	0	0.667	0	0.2	0.117	0.541
0	0	12.835	0	0	0	0	16.209	0	0	0	0	6.335	0	0	0	0	0.5	0	0	0	0	0.5	0	0	0	0	0.533	0	0	0.5	0.875	0.2	0.75	0.6	0.75	0.875	0	1	0	0	0.870
4.186	29.711	0	10.483	0	8.322	34.377	0	14.509	0	0	0	0	0	0	0.714	0.298	0	0.505	0	0.714	0.298	0	0.505	0	0	0	0	0	0	0	0	0	0	0	0	0	0	0	0	0.899	0.119
9.44	1.956	0	3.937	10.393	13.414	7.118	0.99	7.219	14.419	4.884	5.162	0.99	5.348	5.031	0.495	0.524	0	0.571	0.362	0.495	0.524	0	0.571	0.362	0.7	0.5	0	0.8	0.8	0	0	0.333	0	0	0	0	0.333	0	0	0.419	0.206
18.368	0	9.041	8.382	7.63	25.819	0	15.355	15.848	11.915	8.64	0	7.23	11.798	7.066	0.35	0	0.505	0.562	0.682	0.35	0	0.505	0.562	0.682	0.536	0	0.476	0.364	0.619	0.333	0.4	0	0.2	0	0	0	0	0	0	0.117	0.236
0.919	0	0	0	0	0.919	0	0	0	0	0	0	0	0	0	0	0	0	0	0	0	0	0	0	0	0	0	0	0	0	0	0.25	0	0.2	0.429	0	0.25	1	0.4	0.286	0.415	0.369
0	0	0	0	0	0	0	0	0	0	0	0	0	0	0	0	0	0	0	0	0	0	0	0	0	0	0	0	0	0	0	0	0	0	0	0	0	0	0	0	0.718	0.434
1.952	16.503	0	7.853	0	2.864	19.54	0	10.801	0	0	0.919	0	0	0	1	0.421	0	0.764	0	1	0.421	0	0.764	0	0	0	0	0	0	0	0	0	0	0	0	0	0	0	0.2	0.12	0.181
0	0	28.306	12.835	14.971	0	0	31.672	16.209	19.331	0	0	7.624	6.335	5.321	0	0	0.306	0.5	0.333	0	0	0.306	0.5	0.333	0	0	0.238	0.533	0.5	1	0.6	0	0.2	0.4	0.8	0	0	0	0	0	0.936
10.835	0	3.737	0	0	14.74	0	7.621	0	1.041	7.862	0	3.835	0	1.041	0.248	0	0.393	0	0	0.248	0	0.393	0	0	0.107	0	0	0	0	0	0.4	0	0.333	0	0	0.4	0	1	0	0.557	0.250
0	0	0.95	17.363	0.939	0	0	0.95	17.363	0.939	0	0	0	2.046	0	0	0	0	0.386	0	0	0	0	0.386	0	0	0	0	0	0	0	0.4	0	0	0	0	0.2	0	0	0	0	0.640
9.025	0	0	0	0.956	10.895	0	0	0	4.974	7.986	0	0	0	4.974	0.418	0	0	0	0.8	0.418	0	0	0	0.8	0.286	0	0	0	0.8	0.25	0.429	0.2	0.2	0	0	0.286	0	0.4	0.6	0	0.428
0	0	0	0	0	0	0	0	0	0	0	0	0	0	0	0	0	0	0	0	0	0	0	0	0	0	0	0	0	0	0.333	0	0	0.5	0.75	1	0	0.6	0.25	1	0	0.980
9.709	0.919	0	0	0	9.709	0.919	0	0	0	0.977	0	0	0	0	0.6	0	0	0	0	0.6	0	0	0	0	0	0	0	0	0	0	0	0.2	0.25	0	0	0	0	1	0.25	0.42	0.274
20.485	18.591	10.483	21.572	29.711	25.872	24.754	14.509	27.988	34.377	0	0	0	0	0	0.271	0.243	0.505	0.294	0.298	0.271	0.243	0.505	0.294	0.298	0	0	0	0	0	0	0	0	0	0	0	0	0	0	0	0.2	0.191
0	0	0	0	0	0	0	0	0	0	0	0	0	0	0	0	0	0	0	0	0	0	0	0	0	0	0	0	0	0	0	1	0	0.2	0.2	0	1	0	0.4	0.2	0	0.483
17.352	0	0.912	6.854	0	23.551	0	0.912	10.908	0	12.495	0	0.912	6.06	0	0.379	0	0	0.8	0	0.379	0	0	0.8	0	0.364	0	0	0.533	0	0	0.25	0	0	0.6	0	0	0	0	0.2	0.3	0.207
9.714	5.122	3.937	0	1.956	15.922	10.4	7.219	0.956	7.118	7.304	7.377	5.348	0.956	5.162	0.292	0.467	0.571	0	0.524	0.292	0.467	0.571	0	0.524	0.381	0.571	0.8	0	0.5	0	0	0	0	0	0	0	0	0	0	0.714	0.157
2.943	3.893	0.917	0	12.909	5.064	6.963	0.917	0	16.083	3.031	4.135	0.917	0	6.299	0.9	0.81	0	0	0.458	0.9	0.81	0	0	0.458	0.667	0.833	0	0	0.467	0.4	0.4	0	0	0.222	0	0	0	0	0	0.298	0.652
8.796	0	7.681	0	0.921	12.739	0	8.734	0	2.956	3.957	0	2.008	0	2.035	0.423	0	0.611	0	0.333	0.423	0	0.611	0	0.333	0	0	0	0	0	0	0	0	0	0	0	0.667	0	0.5	0.286	0.3	0.148
0	0	0	0	0	0	0	0	0	0	0	0	0	0	0	0	0	0	0	0	0	0	0	0	0	0	0	0	0	0	0	0	0	0	0	0	0	0	0	0	0.419	0.484
0	0	0	0	0	0	0	0	0	0	0	0	0	0	0	0	0	0	0	0	0	0	0	0	0	0	0	0	0	0	0	0.2	0	0	0	0	0.2	0	0	0	0	0.509
6.609	0	0	0	0	6.609	0	0	0	0	0	0	0	0	0	0.714	0	0	0	0	0.714	0	0	0	0	0	0	0	0	0	0	0.375	0.222	0.429	0	0	0	0	0.286	0	0.299	0.208
0	0	0	0.91	0	0	1.027	0	2.874	0	0	1.027	0	1.963	0	0	0	0	0.667	0	0	0	0	0.667	0	0	0	0	0	0	0	0.143	0	0	0	0	0	0	0	0	0.718	0.193
0	0	4.843	3.816	1.845	0	0	7.04	4.828	3.774	0	0	1.072	1.979	1.93	0	0	0.952	1	0.833	0	0	0.952	1	0.833	0	0	0	1	1	0.4	0.222	0	0	0	0.2	0	0	0	0	0	0.784
0	0	0	1.855	16.979	0	0	0	2.77	17.895	0	0	0	0.916	6.964	0	0	0	1	0.392	0	0	0	1	0.392	0	0	0	0	0.095	0	0.2	0.2	0.25	0.25	0	0	0	0	0	0	0.603
8.607	4.835	7.176	9.059	5.007	13.886	5.788	11.103	13.331	7.926	0	0	0	0	0	0.615	0.8	0.745	0.705	0.929	0.615	0.8	0.745	0.705	0.929	0	0	0	0	0	0	0	0	0	0	0	0	0	0	0	0.897	0.139
0	0	0	0	0	0	0	0	0	0	0	0	0	0	0	0	0	0	0	0	0	0	0	0	0	0	0	0	0	0	0.2	0	0	0	0	0.2	0	0	0	0	0	0.865
0	0	0	0	0	0	0	0	0	0	0	0	0	0	0	0	0	0	0	0	0	0	0	0	0	0	0	0	0	0	0	0	0	0	0	0	0	0	0	0	0.717	0.503
0	10.515	0	3.8	1.885	0	12.477	1.988	4.795	5.797	0	0.977	0	0	0.919	0	0.603	0	0.8	0.8	0	0.603	0	0.8	0.8	0	0	0	0	0	0	0	0	0	0	0	0	0	0	0	0	0.536
0	0	0	9.597	5.851	0.947	0	0	10.692	7.891	0.947	0	0	3.078	5.928	0	0	0	0.636	0.786	0	0	0	0.636	0.786	0	0	0	0.667	0.6	0.111	0	0	0	0	0	0	0	0	0	0.898	0.364
0	0	0	0	0	0	0	0	0	0	0	0	0	0	0	0	0	0	0	0	0	0	0	0	0	0	0	0	0	0	0	0	0	0.75	0.625	0	0	0.143	1	0.125	0	0.652
0	0	0	0	0	0	0	0	0	0	0	0	0	0	0	0	0	0	0	0	0	0	0	0	0	0	0	0	0	0	0	0	0	0	0	0	0	0	0	0	0.197	0.581
0	0	0	10.393	0	0	0	0	14.419	0	0	0	0	5.031	0	0	0	0	0.362	0	0	0	0	0.362	0	0	0	0	0.8	0	0	0.2	0.2	0	0	0	0	0	0	0.667	0	0.550
0	0	0	0	0	0	0	0	0	0	0	0	0	0	0	0	0	0	0	0	0	0	0	0	0	0	0	0	0	0	0	0	0.25	0.6	0.4	0	0	0	1	0.2	0.417	0.666
0	0	0	0	0	0	0	0	0	0	0	0	0	0	0	0	0	0	0	0	0	0	0	0	0	0	0	0	0	0	0	0	0	0	0.143	1	0.143	1	0	0.857	0	0.695
0	0	0	0	0	0	0	0	0	0	0	0	0	0	0	0	0	0	0	0	0	0	0	0	0	0	0	0	0	0	0	0.2	0.25	0	0.2	0	0.6	0.75	0	0	0.298	0.506
4.858	0	0	0	0	6.837	0	0	0	0	5.913	0	0	0	0	0.381	0	0	0	0	0.381	0	0	0	0	0.267	0	0	0	0	0	0.4	0.333	0.5	0.5	0.2	0.2	1	0	0	0.298	0.482
0	0	4.917	0	0	0	0	4.917	0	0	0	0	1.125	0	0	0	0	0.2	0	0	0	0	0.2	0	0	0	0	0	0	0	0.4	0.625	0	0	0.4	0.4	0.125	0	0.143	0	0	0.724
5.851	0	28.4	0	1.897	7.891	0	32.536	0.947	3.905	5.928	0	10.062	0.947	2.967	0.786	0	0.299	0	0.833	0.786	0	0.299	0	0.833	0.6	0	0.267	0	0.667	0	0	0.111	0.111	0	0	0	0	0	0	0	0.377
0	0	0	0	0.919	0	0	0	0	0.919	0	0	0	0	0	0	0	0	0	0	0	0	0	0	0	0	0	0	0	0	0.143	0	0.25	0	0	0.857	1	1	1	0	0.418	0.494
0	0	0	0	0	0	0	0	0	0	0	0	0	0	0	0	0	0	0	0	0	0	0	0	0	0	0	0	0	0	0	0	0	0	0	0	0	0	0	0	0.3	0.527
0	0.916	0	2.955	0	0	0.916	0	2.955	0	0	0	0	0	0	0	0	0	0	0	0	0	0	0	0	0	0	0	0	0	0	0	1	0	0.5	1	0.4	1	0	1	0	0.800
0	6.854	17.352	2.153	0.912	0	10.908	23.551	6.588	0.912	0	6.06	12.495	4.435	0.912	0	0.8	0.379	0.933	0	0	0.8	0.379	0.933	0	0	0.533	0.364	0.833	0	0.25	0	0	0.25	0	0	0	0	0	0	0	0.861
5.122	0	9.714	1.846	3.937	10.4	0.956	15.922	7.99	7.219	7.377	0.956	7.304	7.99	5.348	0.467	0	0.292	0.714	0.571	0.467	0	0.292	0.714	0.571	0.571	0	0.381	0.607	0.8	0	0	0	0	0	0	0	0	0	0	0.554	0.264
0	0	0	0	0	0	0	0	0	0	0	0	0	0	0	0	0	0	0	0	0	0	0	0	0	0	0	0	0	0	0	0	0	0	0	0	0.2	0	0	0	0.299	0.738
0	0	0	0	0	0	0	0	0	0	0	0	0	0	0	0	0	0	0	0	0	0	0	0	0	0	0	0	0	0	0.2	0	0.25	0	0	0	0	0	0	0	0	0.871
0	0	7.593	0	17.363	0	0	7.593	0	17.363	0	0	2.791	0	2.046	0	0	0.393	0	0.386	0	0	0.393	0	0.386	0	0	0.333	0	0	0.4	0.5	0	0	0	0	0	0	0	0	0	0.600
0	0	0	3.806	0	0	0	0	3.806	0	0	0	0	0	0	0	0	0	0.667	0	0	0	0	0.667	0	0	0	0	0	0	1	0.2	0	0	0	1	0.4	0	0	0	0	0.943
7.176	8.607	5.007	4.835	7.853	11.103	13.886	7.926	5.788	10.801	0	0	0	0	0	0.745	0.615	0.929	0.8	0.764	0.745	0.615	0.929	0.8	0.764	0	0	0	0	0	0	0	0	0	0	0	0	0	0	0	0.898	0.190
0	22.109	3.152	2.814	0	0	26.309	6.356	3.753	0	0	5.256	4.291	0.939	0	0	0.332	0.933	0.833	0	0	0.332	0.933	0.833	0	0	0.3	0.333	0	0	0.444	0	0	0.2	0.4	0.889	0	0.75	0.2	0.4	0.299	0.832
0	0.946	0	0	0	0	0.946	0	0	0.914	0	0	0	0	0.914	0	0	0	0	0	0	0	0	0	0	0	0	0	0	0	0	0.889	0.6	0.8	0.5	0	0.889	0.4	0.8	1	0	0.876
0	0	0	0	0	0	0	0	0	0	0	0	0	0	0	0	0	0	0	0	0	0	0	0	0	0	0	0	0	0	0	0	0	0	0	0	0	0	0	0	0.195	0.472
0	10.782	1.921	0	0	0	10.782	3.806	1.05	1.922	0	2.974	2.88	1.05	1.922	0	0.655	0.5	0	0	0	0.655	0.5	0	0	0	0.333	0.333	0	0	0.2	0	0	0	0	0.8	0	0	0	0	0	0.876
0	0	0	0	0	0	0	0	0	0	0	0	0	0	0	0	0	0	0	0	0	0	0	0	0	0	0	0	0	0	0	0	0	0	0	0	0	0	0	0	0	0.753
0	0	0	0	0	0	0	0	0	0	0	0	0	0	0	0	0	0	0	0	0	0	0	0	0	0	0	0	0	0	0	0	0	0	0	0	0	0	0	0	0.897	0.849
0	12.909	0	0.917	4.858	0	16.083	0	0.917	6.837	0	6.299	0	0.917	5.913	0	0.458	0	0	0.381	0	0.458	0	0	0.381	0	0.467	0	0	0.267	0.5	0.222	0.4	0	0	0	0	0.2	0	0.2	0	0.825
0	0	0	0	4.917	0	0	0	0	4.917	0	0	0	0	1.125	0	0	0	0	0.2	0	0	0	0	0.2	0	0	0	0	0	0.625	0	0.4	0	0	0.125	0.143	0.4	0	0	0	0.759
0	0	0	6.609	0	0	0	0	6.609	0	0	0	0	0	0	0	0	0	0.714	0	0	0	0	0.714	0	0	0	0	0	0	0	0.222	0	0	0	0	0	0.143	0	1	0.556	0.218
0	0	0	0	0	0	0	0	0	0	0	0	0	0	0	0	0	0	0	0	0	0	0	0	0	0	0	0	0	0	0	0.75	0	0	0	0	1	0	0.6	0.143	0	0.668
0	0	0	0	7.593	0	0	0	0	7.593	0	0	0	0	2.791	0	0	0	0	0.393	0	0	0	0	0.393	0	0	0	0	0.333	0.5	0	0.4	0	0	0	0	0	0	0	0.294	0.738
16.503	7.853	1.952	5.007	0	19.54	10.801	2.864	7.926	0	0.919	0	0	0	0	0.421	0.764	1	0.929	0	0.421	0.764	1	0.929	0	0	0	0	0	0	0	0	0	0	0	0	0	0	0	0	0.896	0.162
0	8.382	18.368	1.897	9.041	0	15.848	25.819	3.905	15.355	0	11.798	8.64	2.967	7.23	0	0.562	0.35	0.833	0.505	0	0.562	0.35	0.833	0.505	0	0.364	0.536	0.667	0.476	0.4	0.2	0.333	0	0	0	0	0	0	0	0	0.572
0	0	0	0	-1	0	0	0	0	-1	0	0	0	0	-1	0	0	0	0	-1	0	0	0	0	-1	0	0	0	0	-1	0	0	0	0	-1	0	0	0	0	-1	0.898	0.950
0	0	0	0	0	0	0	0	0	0	0	0	0	0	0	0	0	0	0	0	0	0	0	0	0	0	0	0	0	0	0	0.25	0	0	0.2	0	0.125	0	0	0.4	0.556	0.358
3.806	0	0	0	0	3.806	0	0	0	0	0	0	0	0	0	0.667	0	0	0	0	0.667	0	0	0	0	0	0	0	0	0	0	0	0.2	0	1	0	0	0.4	0	1	0.198	0.175
0	0	0	0	0	0	0	0	0	0	0	0	0	0	0	0	0	0	0	0	0	0	0	0	0	0	0	0	0	0	0	0	0	0	0	0	0	0	0	0	0	0.710
1.117	0	0	0	0	1.117	0	0	0	0	1.117	0	0	0	0	0	0	0	0	0	0	0	0	0	0	0	0	0	0	0	0	0	0	0.2	0.6	0	0.25	0	0	0	0.419	0.462
1.855	0	0	0	0	2.77	0	0	0	0	0.916	0	0	0	0	1	0	0	0	0	1	0	0	0	0	0	0	0	0	0	0.25	0.667	0.2	0.333	0	0	0	0	0.333	0	0	0.423
0	0	0	4.186	0	0	0	0	8.322	0	0	0	0	0	0	0	0	0	0.714	0	0	0	0	0.714	0	0	0	0	0	0	0	0	0	0	0	0	0	0	0	0	0.898	0.484
0	0	6.609	0	0	0	0	6.609	0	0	0	0	0	0	0	0	0	0.714	0	0	0	0	0.714	0	0	0	0	0	0	0	0.375	0.429	0	0	0.222	0	0.286	0	1	0	0.554	0.439
0	0	0	-1	0	0	0	0	-1	0	0	0	0	-1	0	0	0	0	-1	0	0	0	0	-1	0	0	0	0	-1	0	0	0	0	-1	0	0	0	0	-1	0	0.716	0.878
0	0	0	0	0	0	0	0	0	0	0	0	0	0	0	0	0	0	0	0	0	0	0	0	0	0	0	0	0	0	0	0	0.4	0	0.25	0	0.2	1	0	0.5	0	0.606
0.962	0.979	0.92	0	0	0.962	0.979	0.92	0	0	0	0	0	0	0	0	0	0	0	0	0	0	0	0	0	0	0	0	0	0	0	0	0.2	0	0	0	0	0	0	0.2	0.299	0.485
0	9.709	0	0.919	1.117	0	9.709	0	0.919	1.117	0	0.977	0	0	1.117	0	0.6	0	0	0	0	0.6	0	0	0	0	0	0	0	0	0.2	0	0	0	0	0	0	0.25	0	0	0	0.797
0	0	0	0	0	0	0	0	0	0	0	0	0	0	0	0	0	0	0	0	0	0	0	0	0	0	0	0	0	0	0.25	0.2	0	0	0	0	0	0	0	0	0	0.426
0	0.91	0	0.921	0	1.027	2.874	0	2.956	0	1.027	1.963	0	2.035	0	0	0.667	0	0.333	0	0	0.667	0	0.333	0	0	0	0	0	0	0.143	0	0	0	0	0	0	0	0.286	0	0.716	0.305
0	0	0	1.845	0	0	0	1.885	3.725	0	0	0	1.885	2.79	0	0	0	0	0	0	0	0	0	0	0	0	0	0	0	0	0	1	0.2	0.2	0.25	0	1	0.4	0.2	0	0	0.680
1.883	0	3.816	0.912	0	2.919	0	4.828	0.912	0	1.996	0	1.979	0.912	0	1	0	1	0	0	1	0	1	0	0	1	0	1	0	0	0	0.6	0	0	0.222	0	0.2	0	0	0	0.298	0.416
0	4.186	0	29.711	0	0	8.322	0	34.377	0	0	0	0	0	0	0	0.714	0	0.298	0	0	0.714	0	0.298	0	0	0	0	0	0	0	0	0	0	0	0	0	0	0	0	0.717	0.364
0	0	0	0	0	0	0	0	0	0	0	0	0	0	0	0	0	0	0	0	0	0	0	0	0	0	0	0	0	0	0.4	0	0.25	0	0.5	1	0	0.5	0.2	0.25	0.2	0.490
0.986	0	0	0	10.782	0.986	0	1.05	0	10.782	0	0	1.05	0	2.974	0	0	0	0	0.655	0	0	0	0	0.655	0	0	0	0	0.333	0	0.2	0	0.5	0	0	0.2	0	0	0	0.294	0.655
2.153	7.63	6.854	9.041	0	6.588	11.915	10.908	15.355	0	4.435	7.066	6.06	7.23	0	0.933	0.682	0.8	0.505	0	0.933	0.682	0.8	0.505	0	0.833	0.619	0.533	0.476	0	0.25	0	0	0	0.25	0	0	0	0	0	0.294	0.535
0	0	0	0	0	0	0	0	0	0	0	0	0	0	0	0	0	0	0	0	0	0	0	0	0	0	0	0	0	0	0	0	0	0	0	0	0	0	0	0	0.893	0.491
0	9.597	0	0	0	0	10.692	0.947	0	0	0	3.078	0.947	0	0	0	0.636	0	0	0	0	0.636	0	0	0	0	0.667	0	0	0	0	0	0.111	0.4	0	0	0	0	1	0	0.893	0.785
0	0	0	0	0	0	0	0	0	0	0	0	0	0	0	0	0	0	0	0	0	0	0	0	0	0	0	0	0	0	0	0	0	0	0	0	0	0	0	0	0.415	0.466
0.946	0	0	0	0	0.946	0	0	0	0	0	0	0	0	0	0	0	0	0	0	0	0	0	0	0	0	0	0	0	0	0.889	0.8	0	0.5	0.6	0.889	0.8	0	1	0.4	0.115	0.673
0	0	0	0	0	0	0	0	0	0	0	0	0	0	0	0	0	0	0	0	0	0	0	0	0	0	0	0	0	0	0	0	0	0	0	0	0	0	0	0	0.198	0.482
0	0	0	0	0	0	0	0	0	0	0	0	0	0	0	0	0	0	0	0	0	0	0	0	0	0	0	0	0	0	0.2	0	0	0.625	0.25	0.6	0	0	0.875	0.75	0	0.834
16.979	0	0	0	9.597	17.895	0	0	0	10.692	6.964	0	0	0	3.078	0.392	0	0	0	0.636	0.392	0	0	0	0.636	0.095	0	0	0	0.667	0.25	0.2	0.4	0	0	0	0	1	0	0	0	0.462
1.921	0	0	10.782	0	3.806	0	1.922	10.782	0	2.88	0	1.922	2.974	0	0.5	0	0	0.655	0	0.5	0	0	0.655	0	0.333	0	0	0.333	0	0	0.2	0	0	0.333	0	0.8	0	0	1	0	0.505
0	0	0	0	0	0	0	0	0	0	0	0	0	0	0	0	0	0	0	0	0	0	0	0	0	0	0	0	0	0	0.25	0	0	0	0	0.125	0	0	0	0	0.015	0.757
0	9.44	10.393	1.956	0	0.99	13.414	14.419	7.118	0	0.99	4.884	5.031	5.162	0	0	0.495	0.362	0.524	0	0	0.495	0.362	0.524	0	0	0.7	0.8	0.5	0	0.333	0	0	0	0.2	0.333	0	0	0	0	0.059	0.496
0	0.946	0	0	0	0	1.871	0	0	0	0	0.946	0	0	0	0	1	0	0	0	0	1	0	0	0	0	0	0	0	0	0.2	0.2	0.625	0	0	0.2	0.2	0.875	0.667	0	0	0.434
0	0	0	0	0	0	0	0	0	0	0	0	0	0	0	0	0	0	0	0	0	0	0	0	0	0	0	0	0	0	0	0	0	0	0	0	0	0	0	0	0.714	0.573
0	0	-1	0	-1	0	0	-1	0	-1	0	0	-1	0	-1	0	0	-1	0	-1	0	0	-1	0	-1	0	0	-1	0	-1	0	0	-1	0	-1	0	0	-1	0	-1	0.894	0.997
0	0	0	0	0	0	0	0	0	0	0	0	0	0	0	0	0	0	0	0	0	0	0	0	0	0	0	0	0	0	0	0.5	0.333	0.25	0	0	0.25	1	0.5	0.6	0	0.707
1.956	3.937	9.44	9.714	0	7.118	7.219	13.414	15.922	0.99	5.162	5.348	4.884	7.304	0.99	0.524	0.571	0.495	0.292	0	0.524	0.571	0.495	0.292	0	0.5	0.8	0.7	0.381	0	0	0	0	0	0.333	0	0	0	0	0.333	0.56	0.500
4.835	9.059	8.607	0	7.176	5.788	13.331	13.886	0	11.103	0	0	0	0	0	0.8	0.705	0.615	0	0.745	0.8	0.705	0.615	0	0.745	0	0	0	0	0	0	0	0	0	0	0	0	0	0	0	0.557	0.101
0	17.363	0	7.593	0.95	0	17.363	0	7.593	0.95	0	2.046	0	2.791	0	0	0.386	0	0.393	0	0	0.386	0	0.393	0	0	0	0	0.333	0	0.4	0	0	0	0	0.2	0	0	0	0	0	0.834
0	0	0	0	0.932	0	0	0	0	0.932	0	0	0	0	0	0	0	0	0	0	0	0	0	0	0	0	0	0	0	0	0	0	1	0	0	0	0	1	0	0	0.116	0.675
0	0	8.796	0	7.681	0	0	12.739	2.979	8.734	0	0	3.957	2.979	2.008	0	0	0.423	0.667	0.611	0	0	0.423	0.667	0.611	0	0	0	0	0	0	0	0	0	0	0.667	0.5	0	0	0	0.117	0.835
10.483	20.485	29.711	18.591	4.186	14.509	25.872	34.377	24.754	8.322	0	0	0	0	0	0.505	0.271	0.298	0.243	0.714	0.505	0.271	0.298	0.243	0.714	0	0	0	0	0	0	0	0	0	0	0	0	0	0	0	0.718	0.263
0	0	9.059	0	4.835	0	0	13.331	0	5.788	0	0	0	0	0	0	0	0.705	0	0.8	0	0	0.705	0	0.8	0	0	0	0	0	0	0	0	0	0	0	0	0	0	0	0.715	0.222
0	0	0	0	0	0	0	0	0	0	0	0	0	0	0	0	0	0	0	0	0	0	0	0	0	0	0	0	0	0	0	0	0	0	0	0	0	0	0	0.2	0	0.740
18.591	21.572	20.485	1.885	10.483	24.754	27.988	25.872	5.797	14.509	0	0	0	0.919	0	0.243	0.294	0.271	0.8	0.505	0.243	0.294	0.271	0.8	0.505	0	0	0	0	0	0	0	0	0	0	0	0	0	0	0	0.718	0.145
0	16.979	9.597	0	0	0	17.895	10.692	0	0	0	6.964	3.078	0	0	0	0.392	0.636	0	0	0	0.392	0.636	0	0	0	0.095	0.667	0	0	0.4	0.25	0	0.2	0	1	0	0	0	0	0	0.958
0	0	0	0	0	0	0	0	0	0	0	0	0	0	0	0	0	0	0	0	0	0	0	0	0	0	0	0	0	0	0	0.6	0	0	0.25	0	1	0	0.2	0	0.898	0.386
10.515	3.8	0	4.762	0	12.477	4.795	0	4.762	1.988	0.977	0	0	0	0	0.603	0.8	0	0.8	0	0.603	0.8	0	0.8	0	0	0	0	0	0	0	0	0	0	0	0	0	0	0	0	0.42	0.324
0	0	0	0	0	0	0	0	0	0	0	0	0	0	0	0	0	0	0	0	0	0	0	0	0	0	0	0	0	0	0	0.625	0.2	0.2	0	0	0.875	0.6	0.2	0	0	0.888
0	0	0	0	0	0	0	0	0	0	0	0	0	0	0	0	0	0	0	0	0	0	0	0	0	0	0	0	0	0	0	0	0	0	0	0	0	0	0	0	0.899	0.478
0.92	0.962	0	0.979	0	0.92	0.962	0	0.979	0	0	0	0	0	0	0	0	0	0	0	0	0	0	0	0	0	0	0	0	0	0.2	0	0	0	0.25	0	0	0.2	0	0	0	0.576
0	0	0.979	0	0.962	0	0	0.979	0	0.962	0	0	0	0	0	0	0	0	0	0	0	0	0	0	0	0	0	0	0	0	0	0	0	0	0	0	0	0	0	0	0.556	0.488
0	0	0	0	0	0	0	0	0	0	0	0	0	0	0	0	0	0	0	0	0	0	0	0	0	0	0	0	0	0	0	0	0	0	0	0	0	0	0.2	0	0.415	0.774
6.854	2.153	0	7.63	17.352	10.908	6.588	0	11.915	23.551	6.06	4.435	0	7.066	12.495	0.8	0.933	0	0.682	0.379	0.8	0.933	0	0.682	0.379	0.533	0.833	0	0.619	0.364	0	0.25	0.25	0	0	0	0	0	0	0	0	0.307
0	1.855	0	0	0	0	2.77	0	0	0	0	0.916	0	0	0	0	1	0	0	0	0	1	0	0	0	0	0	0	0	0	0.2	0.25	0	0.667	0.2	0	0	0	0	0	0	0.558
0	0	4.858	12.909	0	0	0	6.837	16.083	0	0	0	5.913	6.299	0	0	0	0.381	0.458	0	0	0	0.381	0.458	0	0	0	0.267	0.467	0	0.4	0.5	0	0.222	0.333	0.2	0	0.2	0	1	0	0.691
0	0	0	0.946	0	0	0	0	1.871	0	0	0	0	0.946	0	0	0	0	1	0	0	0	0	1	0	0	0	0	0	0	0.625	0.2	0	0.2	0.2	0.875	0.2	0	0.2	0.6	0	0.929
