0.828	0.837	0	3.705	0	2.503	1.706	0.869	6.226	1.852	2.503	1.706	0.869	6.226	1.852	0.333	0	0	0.429	0	0.333	0	0	0.286	0	0.333	0	0	0.429	0	0	0	0	0	0.2	0	0	0	0	0.2	0.415	0.204
3.705	0	0.837	0.813	0.828	6.226	1.865	1.706	1.649	2.503	6.226	1.865	1.706	1.649	2.503	0.429	1	0	1	0.333	0.286	1	0	0	0.333	0.429	1	0	1	0.333	0	0	0	0	0	0	0	0	0	0	0.556	0.193
0	0	0	0	0	0	0	0	0	0	0	0	0	0	0	0	0	0	0	0	0	0	0	0	0	0	0	0	0	0	0	0	0	0	0	0	0	0	0	0	0.718	0.853
19.398	16.722	7.378	0	4.715	21.039	22.642	9.249	0	5.837	10.432	12.648	7.232	0	4.847	0.526	0.542	0.311	0	0.933	0.511	0.532	0.311	0	0.8	0.5	0.583	0.25	0	0.9	0.4	0	0	0	0.4	0.6	0.333	0	0	0	0.015	0.416
2.647	0	0.894	0	0	4.442	0.815	0.894	0	0	4.442	0.815	0.894	0	0	0	0	0	0	0	0	0	0	0	0	0	0	0	0	0	0	0	0	0	0	0	0	0	0	0	0	0.369
15.565	0	0	0	0	14.603	0	0	0	0	5.101	0	0	0	0	0.596	0	0	0	0	0.743	0	0	0	0	0.2	0	0	0	0	0.2	0.2	0.2	0	0	0	0.2	0	0	0	0	0.380
0	0.827	0	0	4.277	0	0.827	0	0	6.268	0	0.827	0	0	1.99	0	0	0	0	0.667	0	0	0	0	0.667	0	0	0	0	0	0	0	0	0	0	0	0	0	0	0	0.898	0.157
0	0	0	0	0	0	0	0	0	0	0	0	0	0	0	0	0	0	0	0	0	0	0	0	0	0	0	0	0	0	0	0.2	0	0	0	0	0	0	0	0	0	0.511
0	0	0	0	0	0	0	0	0	0	0	0	0	0	0	0	0	0	0	0	0	0	0	0	0	0	0	0	0	0	0	0	0	0	0	0	0	0	0	0	0.896	0.996
0	0	0	0	0	0	0	0	0	0	0	0	0	0	0	0	0	0	0	0	0	0	0	0	0	0	0	0	0	0	0	0	0.625	0.2	0	0	0	0.125	0	0	0	0.501
0	0.968	0	0	0	0	0.968	0	0	0	0	0.968	0	0	0	0	0	0	0	0	0	0	0	0	0	0	0	0	0	0	0.333	0.333	0.2	0	0	1	0.667	0.4	0	0	0	0.977
0	0	0.827	22.082	1.666	0.992	0.827	2.004	23.217	2.801	0.992	0.827	2.004	5.988	2.07	0	0	1	0.498	1	0	0	1	0.486	1	0	0	1	0.267	1	0	0	0.6	0	0.2	0	0	0.2	0.2	0	0	0.399
0	3.784	4.38	0	4.785	0	5.476	6.08	0	5.688	0	2.821	5.246	0	1.865	0	0.933	0.714	0	0.667	0	0.933	0.714	0	0.667	0	0.667	0.333	0	0	0	0	0.6	1	0.8	1	0	0	1	1	0.298	0.963
0	0	0	0	0	0	0	0	0	0	0	0	0	0	0	0	0	0	0	0	0	0	0	0	0	0	0	0	0	0	0	0	0	0	0.5	0	0	0	0	0	0	0.302
0	13.764	0	14.966	0	0	13.764	0	15.797	0	0	1.065	0	2.209	0	0	0.705	0	0.625	0	0	0.686	0	0.608	0	0	0	0	1	0	0	0.2	0	0.5	0	0	0	0	0	0.125	0.896	0.325
0.814	0	0	1.42	1.886	3.54	0	0.901	1.42	0.977	3.54	0	0.901	1.42	3.234	0.167	0	0	0	1	0.167	0	0	0	0	0.167	0	0	0	1	0	1	0	0.625	0	0	1	0	0.25	0	0.415	0.152
16.458	0	0	9.406	6.633	18.569	0	0	13.401	7.554	16.618	0	0	8.174	6.235	0.457	0	0	0.637	0.694	0.399	0	0	0.604	0.643	0.341	0	0	0.643	0.733	0	0.2	0	0	0	0	0	0	0	0	0.3	0.184
19.237	0	0	29.835	3.784	25.634	0.827	0	31.391	5.476	10.541	0.827	0	15.67	2.821	0.457	0	0	0.26	0.933	0.449	0	0	0.287	0.933	0.25	0	0	0.165	0.667	0	0.2	1	0.75	0	0.333	0	1	0	0	0.297	0.266
0.894	0	0	0	9.406	1.97	1.852	0	0.869	13.401	1.97	1.852	0	0.869	8.174	1	0	0	0	0.637	0	0	0	0	0.604	1	0	0	0	0.643	0	0.2	0	0	0	0	0.2	0	0	0	0.713	0.392
7.378	19.398	4.715	16.722	0.859	9.249	21.039	5.837	22.642	1.683	7.232	10.432	4.847	12.648	1.683	0.311	0.526	0.933	0.542	1	0.311	0.511	0.8	0.532	1	0.25	0.5	0.9	0.583	1	0	0.4	0.4	0	0.8	0	0.6	0	0.333	1	0	0.582
16.799	0	22.082	0	0	19.796	0	23.217	0	0.827	8.545	0	5.988	0	0.827	0.421	0	0.498	0	0	0.421	0	0.486	0	0	0.107	0	0.267	0	0	0.444	0	0	0	0	0.556	0	0.2	0.333	0	0	0.194
0	0	0	0	0	0	0	0	0	0	0	0	0	0	0	0	0	0	0	0	0	0	0	0	0	0	0	0	0	0	0	0	0	0	0	0	0	0	0	0	0	0.466
0	17.702	0	11.833	0	0	25.966	0	16.139	0	0	10.624	0	8.227	0	0	0.455	0	0.59	0	0	0.443	0	0.581	0	0	0.762	0	0.667	0	0	0	0	0	0	0	0	0	0	0	0.898	0.652
0	0	2.695	0	0.894	0	0	2.695	0	0.894	0	0	1.783	0	0.894	0	0	1	0	0	0	0	1	0	0	0	0	1	0	0	0.778	0.333	0.25	0	0	1	1	0	0	0	0	0.984
0	0.828	0	0.837	0.894	0.869	2.503	1.852	1.706	1.97	0.869	2.503	1.852	1.706	1.97	0	0.333	0	0	1	0	0.333	0	0	0	0	0.333	0	0	1	0	0	0.2	0	0	0	0	0.2	0	0	0	0.490
0	0	0.836	3.46	0	1.636	2.014	3.931	5.176	0	0	0.933	0	0	0	0	1	0.5	0.467	0	0	1	0.5	0.467	0	0	0	0	0	0	0	0	0	0	0	0.2	0	0	0	0	0.419	0.266
0	1.42	15.792	0	3.43	0	1.42	20.395	0	5.653	0	1.42	14.327	0	5.653	0	0	0.579	0	0.533	0	0	0.561	0	0.533	0	0	0.47	0	0.467	0.2	0.4	0	1	0	0	0.6	0	1	0	0	0.546
0	0	0.968	0	0	0	0	0.968	0	0	0	0	0.968	0	0	0	0	0	0	0	0	0	0	0	0	0	0	0	0	0	0	0	0.333	0	0.333	0	0	0.667	0	1	0	0.474
0	0.894	0	2.647	0	0	0.894	0	4.442	0	0	0.894	0	4.442	0	0	0	0	0	0	0	0	0	0	0	0	0	0	0	0	0	0	0	0	0.75	0	0	0	0	1	0	0.374
0	3.46	0	10.796	0.836	2.014	5.176	1.636	13.662	3.931	0.933	0	0	3.079	0	1	0.467	0	0.429	0.5	1	0.467	0	0.429	0.5	0	0	0	0	0	0	0	0	0.5	0	0	0	0.2	0	0	0	0.350
0	0	14.966	2.144	13.764	0	0	15.797	2.144	13.764	0	0	2.209	0	1.065	0	0	0.625	0	0.705	0	0	0.608	0	0.686	0	0	1	0	0	0.4	0.75	0.5	0.2	0.2	0.2	1	0	0.6	0	0	0.435
0.843	0	1.679	0	0	1.692	0	1.679	0	0	1.692	0	1.679	0	0	1	0	0	0	0	1	0	0	0	0	1	0	0	0	0	0.75	1	0	0.8	0.6	0.5	1	0	0.8	0	0	0.373
0	0	10.796	0	3.46	0	0	13.662	0	5.176	0	0	3.079	0	0	0	0	0.429	0	0.467	0	0	0.429	0	0.467	0	0	0	0	0	0	0	0.5	0	0	0	0	0	0	0	0	0.400
0	0	0	-1	0	0	0	0	-1	0	0	0	0	-1	0	0	0	0	-1	0	0	0	0	-1	0	0	0	0	-1	0	0	0	0	-1	0	0	0	0	-1	0	0.713	1.000
0	0	0	5.581	0	0	0	0	6.43	0	0	0	0	3.033	0	0	0	0	0.524	0	0	0	0	0.524	0	0	0	0	0.333	0	0.333	0	0.4	0	0	1	0	0	0	0	0	0.835
0	15.565	0	0	0	0	14.603	0	0	0	0	5.101	0	0	0	0	0.596	0	0	0	0	0.743	0	0	0	0	0.2	0	0	0	0.2	0.2	0	0.2	0	0	0	0	0.2	0	0	0.373
0	0.859	0	4.715	0	0	1.683	0	5.837	0	0	1.683	0	4.847	0	0	1	0	0.933	0	0	1	0	0.8	0	0	1	0	0.9	0	1	0.8	0	0.4	0.8	1	1	0	0	0.8	0	0.995
0	1.666	0	0.827	15.565	0	2.801	0	2.004	14.603	0	2.07	0	2.004	5.101	0	1	0	1	0.596	0	1	0	1	0.743	0	1	0	1	0.2	0	0.2	0.2	0.6	0.2	0	0	0.2	0.2	0	0	0.332
0.894	2.647	0	0	0	0.894	4.442	0	0.815	0	0.894	4.442	0	0.815	0	0	0	0	0	0	0	0	0	0	0	0	0	0	0	0	0	0	0	0	0	0	0	0	0	0	0	0.394
0	0	0	0	0	0	0	0	0	0	0	0	0	0	0	0	0	0	0	0	0	0	0	0	0	0	0	0	0	0	0	0	0	0	0	0	0	0	0	0	0.299	0.717
0	0	0	17.702	16.722	0	0	0	25.966	22.642	0	0	0	10.624	12.648	0	0	0	0.455	0.542	0	0	0	0.443	0.532	0	0	0	0.762	0.583	0	0	0	0	0	0	0	0	0	0.333	0.419	0.289
4.566	10.507	0	0.898	0	4.569	12.489	0	0.898	0	2.662	4.925	0	0.898	0	0.533	0.397	0	0	0	0.7	0.397	0	0	0	0.333	0	0	0	0	0	0	0	0	0	0	0	0	0	0	0	0.152
0	11.761	0.833	1.886	1.948	0.941	12.711	1.734	0.977	4.459	0.941	5.825	1.734	3.234	6.917	0	0.667	0	1	0.333	0	0.628	0	0	0.2	0	0.5	0	1	0.333	0	0	0	0	0	0	0	0	0	0	0.557	0.152
0	0.962	0	0	1.767	0	0	0	0	2.735	0	0.962	0	0	1.816	0	0	0	0	1	0	0	0	0	1	0	0	0	0	1	0	0.8	0	0.5	0	0	1	0	1	0	0	0.407
0	22.082	0	16.799	0.827	0.827	23.217	0.992	19.796	2.004	0.827	5.988	0.992	8.545	2.004	0	0.498	0	0.421	1	0	0.486	0	0.421	1	0	0.267	0	0.107	1	0	0	0	0.444	0.6	0	0.2	0	0.556	0.2	0	0.335
0	0.814	1.886	0	11.761	0.901	3.54	0.977	0	12.711	0.901	3.54	3.234	0	5.825	0	0.167	1	0	0.667	0	0.167	0	0	0.628	0	0.167	1	0	0.5	0	0	0	1	0	0	0	0	1	0	0.198	0.340
6.633	0	29.835	16.458	0	7.554	0	31.391	18.569	0.827	6.235	0	15.67	16.618	0.827	0.694	0	0.26	0.457	0	0.643	0	0.287	0.399	0	0.733	0	0.165	0.341	0	0	0	0.75	0	0.2	0	0	0	0	0	0	0.259
0	0	0	0	0	0	0	0	0	0	0	0	0	0	0	0	0	0	0	0	0	0	0	0	0	0	0	0	0	0	0.2	0	0	0.4	0	0	0	0	0	0	0	0.418
0	0	2.647	0	0.894	0.815	0	4.442	4.375	0.894	0.815	0	4.442	4.375	0.894	0	0	0	0.1	0	0	0	0	0.1	0	0	0	0	0.1	0	0	0	0	0.25	0	0	0	0	0	0	0	0.349
4.38	0	4.785	3.784	2.144	6.08	0	5.688	5.476	2.144	5.246	0	1.865	2.821	0	0.714	0	0.667	0.933	0	0.714	0	0.667	0.933	0	0.333	0	0	0.667	0	0.6	0	0.8	0	0.2	0	1	1	0	0.6	0	0.619
1.679	0.843	0	0	5.581	1.679	1.692	0	0	6.43	1.679	1.692	0	0	3.033	0	1	0	0	0.524	0	1	0	0	0.524	0	1	0	0	0.333	0	0.75	0.6	1	0	0	0.5	0	1	0	0	0.428
0	16.458	6.633	0	29.835	0	18.569	7.554	0	31.391	0	16.618	6.235	0	15.67	0	0.457	0.694	0	0.26	0	0.399	0.643	0	0.287	0	0.341	0.733	0	0.165	0	0	0	0.2	0.75	0	0	0	0	0	0	0.575
0.968	0	0	0	0	0.968	0	0	0	0	0.968	0	0	0	0	0	0	0	0	0	0	0	0	0	0	0	0	0	0	0	0.333	0	0.333	0	0.2	0.667	0	1	0	0.4	0	0.710
0	0.813	3.705	2.747	0.837	1.865	1.649	6.226	5.527	1.706	1.865	1.649	6.226	5.527	1.706	1	1	0.429	0.467	0	1	0	0.286	0.267	0	1	1	0.429	0.467	0	0	0	0	0	0	0	0	0	0	0	0.717	0.246
11.761	1.886	0	0	0.833	12.711	0.977	0.941	0.901	1.734	5.825	3.234	0.941	0.901	1.734	0.667	1	0	0	0	0.628	0	0	0	0	0.5	1	0	0	0	0	0	0	0	0	0	0	0	0	0	0.419	0.226
0	0	0	0.859	0	0	0	0	1.683	0	0	0	0	1.683	0	0	0	0	1	0	0	0	0	1	0	0	0	0	1	0	0	1	0.8	0.8	1	0	1	0.8	1	1	0	0.519
0	0.894	9.406	0	0	0	1.97	13.401	1.852	0	0	1.97	8.174	1.852	0	0	1	0.637	0	0	0	0	0.604	0	0	0	1	0.643	0	0	0	0	0	0.2	0.2	0	0	0	0.2	0	0.896	0.378
9.406	0	0	0.894	16.458	13.401	0	0	1.97	18.569	8.174	0	0	1.97	16.618	0.637	0	0	1	0.457	0.604	0	0	0	0.399	0.643	0	0	1	0.341	0	0	0.2	0	0	0	0	0	0	0	0	0.314
0	0	0	4.566	0	0	0	0	4.569	0	0	0	0	2.662	0	0	0	0	0.533	0	0	0	0	0.7	0	0	0	0	0.333	0	0	0	0	0	0	0	0	0	0	0	0	0.450
0	0	0	13.764	0	0	0	0	13.764	0	0	0	0	1.065	0	0	0	0	0.705	0	0	0	0	0.686	0	0	0	0	0	0	0	0	0	0.2	0	0	0	0.125	0	0.333	0.415	0.475
0	29.835	19.237	6.633	0	0.827	31.391	25.634	7.554	0	0.827	15.67	10.541	6.235	0	0	0.26	0.457	0.694	0	0	0.287	0.449	0.643	0	0	0.165	0.25	0.733	0	0.2	0.75	0	0	1	0	0	0.333	0	1	0	0.345
7.89	0	0	0	0	10.718	0	1.671	0	1.956	4.572	0	1.671	0	1.956	0.348	0	0	0	1	0.318	0	0	0	1	0.2	0	0	0	1	0	0	0	0	0.5	0	0	0	0	0	0	0.202
0	0	0	0	0	0	0	0	0	0	0	0	0	0	0	0	0	0	0	0	0	0	0	0	0	0	0	0	0	0	0	0	0	0	0	0	0	0	0	0	0.718	0.933
0	20.255	1.854	0	0	0	21.222	1.009	0	0	0	9.667	1.854	0	0	0	0.589	1	0	0	0	0.579	0	0	0	0	0.321	1	0	0	0.6	0.2	0.2	0	1	0.6	0	0.4	0.667	1	0	0.988
5.581	0	0	1.679	0	6.43	0	0	1.679	0	3.033	0	0	1.679	0	0.524	0	0	0	0	0.524	0	0	0	0	0.333	0	0	0	0	0	0.6	0	0	0.333	0	0	0	0	1	0	0.397
4.277	0	0	0	0	6.268	0	0.866	0	0	1.99	0	0.866	0	0	0.667	0	0	0	0	0.667	0	0	0	0	0	0	0	0	0	0	0	0	0	0	0	0	0	0	0	0.714	0.152
1.42	0	0	0	0.814	1.42	0	0	0.835	3.54	1.42	0	0	0.835	3.54	0	0	0	0	0.167	0	0	0	0	0.167	0	0	0	0	0.167	0.625	0	1	0.111	0	0.25	0	1	0.111	0	0.3	0.492
0	0	0	0	0	0	0	0	0	0	0	0	0	0	0	0	0	0	0	0	0	0	0	0	0	0	0	0	0	0	0	0	0	0	0	0	0	0	0	0	0.716	0.989
0	0	0	0	0	0	0	0	0	0	0	0	0	0	0	0	0	0	0	0	0	0	0	0	0	0	0	0	0	0	0	0	0	0	0	0	0	0	0	0	0.714	0.574
22.082	16.799	0	0	0	23.217	19.796	0.827	0	0.992	5.988	8.545	0.827	0	0.992	0.498	0.421	0	0	0	0.486	0.421	0	0	0	0.267	0.107	0	0	0	0	0.444	0	0	0	0.2	0.556	0	0	0	0.198	0.268
0	0	0	0	0	0	0	0	0	0	0	0	0	0	0	0	0	0	0	0	0	0	0	0	0	0	0	0	0	0	0	0	0	0	0	0	0	0	0	0	0.896	0.999
10.507	0.898	4.566	0	0	12.489	0.898	4.569	0	0	4.925	0.898	2.662	0	0	0.397	0	0.533	0	0	0.397	0	0.7	0	0	0	0	0.333	0	0	0	0	0	0	0	0	0	0	0	0	0.195	0.148
2.695	0	0.894	0	0	2.695	0	0.894	0	0	1.783	0	0.894	0	0	1	0	0	0	0	1	0	0	0	0	1	0	0	0	0	0.25	0.778	0	0.333	0.5	0	1	0	1	1	0	0.452
0.859	4.715	0	7.378	0	1.683	5.837	0	9.249	0	1.683	4.847	0	7.232	0	1	0.933	0	0.311	0	1	0.8	0	0.311	0	1	0.9	0	0.25	0	0.8	0.4	1	0	0	1	0	1	0	0	0	0.876
0	0	0	0.836	0	0	0	0	3.931	0	0	0	0	0	0	0	0	0	0.5	0	0	0	0	0.5	0	0	0	0	0	0	0	0	0	0	0	0	0	0	0	0	0.898	0.519
1.854	0	0	20.255	1.42	1.009	0	0	21.222	1.42	1.854	0	0	9.667	1.42	1	0	0	0.589	0	0	0	0	0.579	0	1	0	0	0.321	0	0.2	0.6	1	0.2	0.4	0.4	0.6	1	0	0.6	0	0.611
0	0	0.894	0.828	0	1.852	0.869	1.97	2.503	0	1.852	0.869	1.97	2.503	0	0	0	1	0.333	0	0	0	0	0.333	0	0	0	1	0.333	0	0.2	0	0	0	0	0.2	0	0	0	0	0	0.373
4.715	7.378	0.859	19.398	0	5.837	9.249	1.683	21.039	0	4.847	7.232	1.683	10.432	0	0.933	0.311	1	0.526	0	0.8	0.311	1	0.511	0	0.9	0.25	1	0.5	0	0.4	0	0.8	0.4	1	0	0	1	0.6	1	0	0.528
0	0	16.799	0	22.082	0	0	19.796	0	23.217	0	0	8.545	0	5.988	0	0	0.421	0	0.498	0	0	0.421	0	0.486	0	0	0.107	0	0.267	0	0	0.444	0	0	0	0.333	0.556	0.125	0.2	0	0.411
1.666	0.827	0	0	0	2.801	2.004	0	0.992	0	2.07	2.004	0	0.992	0	1	1	0	0	0	1	1	0	0	0	1	1	0	0	0	0.2	0.6	0	0	0.2	0	0.2	0	0	0.2	0	0.283
29.835	6.633	0	0	19.237	31.391	7.554	0.827	0	25.634	15.67	6.235	0.827	0	10.541	0.26	0.694	0	0	0.457	0.287	0.643	0	0	0.449	0.165	0.733	0	0	0.25	0.75	0	0.2	0	0	0	0	0	0	0.333	0	0.327
0.837	3.705	0.828	0	0	1.706	6.226	2.503	1.865	0.869	1.706	6.226	2.503	1.865	0.869	0	0.429	0.333	1	0	0	0.286	0.333	1	0	0	0.429	0.333	1	0	0	0	0	0	0	0	0	0	0	0	0.118	0.323
11.833	28.084	17.702	3.43	0	16.139	29.789	25.966	5.653	0	8.227	13.546	10.624	5.653	0	0.59	0.39	0.455	0.533	0	0.581	0.369	0.443	0.533	0	0.667	0.611	0.762	0.467	0	0	0.4	0	0	0	0	0.8	0	0	0	0	0.192
2.144	4.785	0	4.38	0	2.144	5.688	0	6.08	0	0	1.865	0	5.246	0	0	0.667	0	0.714	0	0	0.667	0	0.714	0	0	0	0	0.333	0	0.2	0.8	0.75	0.6	0.4	0.6	1	1	0	0.2	0	0.701
0	0	0	0	0	0	0	0	0	0	0	0	0	0	0	0	0	0	0	0	0	0	0	0	0	0	0	0	0	0	0.625	0	0	0	0	0.125	0	0	0	0	0	0.338
0.833	0	1.948	11.761	0.994	1.734	0.941	4.459	12.711	0.994	1.734	0.941	6.917	5.825	0.994	0	0	0.333	0.667	0	0	0	0.2	0.628	0	0	0	0.333	0.5	0	0	0	0	0	0	0	0	0	0	0	0.418	0.114
0	1.679	5.581	0.843	0	0	1.679	6.43	1.692	0	0	1.679	3.033	1.692	0	0	0	0.524	1	0	0	0	0.524	1	0	0	0	0.333	1	0	0.6	0	0	0.75	0	0	0	0	0.5	0	0	0.722
0	0	0	0	1.42	0.835	0	0	0	1.42	0.835	0	0	0	1.42	0	0	0	0	0	0	0	0	0	0	0	0	0	0	0	0.111	0.75	0	0	0.625	0.111	1	0	0	0.25	0.419	0.652
0	0	0	0	0.968	0	0	0	0	0.968	0	0	0	0	0.968	0	0	0	0	0	0	0	0	0	0	0	0	0	0	0	0	0	0	0	0.333	0	0	0	0	0.667	0	0.567
0	0	0	15.565	0	0	0	0	14.603	0	0	0	0	5.101	0	0	0	0	0.596	0	0	0	0	0.743	0	0	0	0	0.2	0	0	0.2	0	0.2	0.625	0	0	0	0	0.125	0	0.395
0	0	0	0	0	0	0	0	0	0	0	0	0	0	0	0	0	0	0	0	0	0	0	0	0	0	0	0	0	0	0	0.625	0	0	0	0	0.125	0	0	0	0	0.355
0	1.854	1.42	0	0	0	1.009	1.42	0	0	0	1.854	1.42	0	0	0	1	0	0	0	0	0	0	0	0	0	1	0	0	0	1	0.2	0.4	0.6	0.2	1	0.4	0.6	0.6	0	0	0.998
1.886	0	11.761	0.814	0	0.977	0.901	12.711	3.54	0.941	3.234	0.901	5.825	3.54	0.941	1	0	0.667	0.167	0	0	0	0.628	0.167	0	1	0	0.5	0.167	0	0	0	0	0	0	0	0	0	0	0	0	0.503
10.796	0	3.46	0	0	13.662	0	5.176	0	2.014	3.079	0	0	0	0.933	0.429	0	0.467	0	1	0.429	0	0.467	0	1	0	0	0	0	0	0.5	0	0	0	0	0	0	0	0	0	0.417	0.157
0	0	15.565	1.666	0	0	0	14.603	2.801	0	0	0	5.101	2.07	0	0	0	0.596	1	0	0	0	0.743	1	0	0	0	0.2	1	0	0.2	0	0.2	0.2	0.2	0.2	0	0	0	0	0	0.443
0	0	0	0	0	0	0	0	0	0	0	0	0	0	0	0	0	0	0	0	0	0	0	0	0	0	0	0	0	0	0	0	0	0	0	0	0	0	0	0	0.893	0.883
0.836	0	0	0	0	3.931	1.636	0	2.014	0	0	0	0	0.933	0	0.5	0	0	1	0	0.5	0	0	1	0	0	0	0	0	0	0	0	0	0	0	0	0.2	0	0	0	0.715	0.160
0	0	0	0	0	0	0	0	0	0	0	0	0	0	0	0	0	0	0	0	0	0	0	0	0	0	0	0	0	0	0.4	0.333	0	0	0.2	0	1	0	0	0	0	0.466
0	1.767	20.255	0	0	0	2.735	21.222	0	0	0	1.816	9.667	0	0	0	1	0.589	0	0	0	1	0.579	0	0	0	1	0.321	0	0	0	0	0.2	0	0.6	0.667	0	0	0	0.6	0	0.760
14.966	0	13.764	0	0	15.797	0	13.764	0	0	2.209	0	1.065	0	0	0.625	0	0.705	0	0	0.608	0	0.686	0	0	1	0	0	0	0	0.5	0.4	0.2	0.75	0	0	0.2	0	1	0	0	0.448
0	0	0	0	7.89	0	0	0	0	10.718	0	0	0	0	4.572	0	0	0	0	0.348	0	0	0	0	0.318	0	0	0	0	0.2	0	0	0	0	0	0	0	0	0	0	0.055	0.331
0	0	0	0	2.647	0	4.375	0.815	2.553	4.442	0	4.375	0.815	2.553	4.442	0	0.1	0	0	0	0	0.1	0	0	0	0	0.1	0	0	0	0	0.25	0	0	0	0	0	0	0	0	0	0.366
0.994	1.948	2.747	0.833	0.813	0.994	4.459	5.527	1.734	1.649	0.994	6.917	5.527	1.734	1.649	0	0.333	0.467	0	1	0	0.2	0.267	0	0	0	0.333	0.467	0	1	0	0	0	0	0	0	0	0	0	0	0.554	0.105
0	0	0	0	0	0	0	0	0	0	0	0	0	0	0	0	0	0	0	0	0	0	0	0	0	0	0	0	0	0	0	0.4	0.2	0.333	0	0	0	0	1	0	0	0.383
0	0	1.767	0.962	0	0	0	2.735	0	0	0	0	1.816	0.962	0	0	0	1	0	0	0	0	1	0	0	0	0	1	0	0	0	0	0	0.8	0	0	0	0	1	0.667	0	0.235
0	0	0	0	0.843	0	0	0	0	1.692	0	0	0	0	1.692	0	0	0	0	1	0	0	0	0	1	0	0	0	0	1	0.8	0	1	1	0.75	0.8	0	1	1	0.5	0	0.955
0	0	0	0	0	0	0	0	0	0	0	0	0	0	0	0	0	0	0	0	0	0	0	0	0	0	0	0	0	0	0	0	0	0	0	0	0	0	0	0	0	0.594
20.255	0	0	1.767	1.854	21.222	0	0	2.735	1.009	9.667	0	0	1.816	1.854	0.589	0	0	1	1	0.579	0	0	1	0	0.321	0	0	1	1	0.2	0	0.6	0	0.2	0	0.667	0.6	0	0.4	0.196	0.275
0.813	2.747	0	0.994	3.705	1.649	5.527	1.865	0.994	6.226	1.649	5.527	1.865	0.994	6.226	1	0.467	1	0	0.429	0	0.267	1	0	0.286	1	0.467	1	0	0.429	0	0	0	0	0	0	0	0	0	0	0.198	0.265
17.702	11.833	0	28.084	0	25.966	16.139	0	29.789	0	10.624	8.227	0	13.546	0	0.455	0.59	0	0.39	0	0.443	0.581	0	0.369	0	0.762	0.667	0	0.611	0	0	0	0	0.4	0	0	0	0	0.8	0	0.419	0.136
0	0	2.567	0	0	0	0	1.696	0	0	0	0	2.567	0	0	0	0	0.333	0	0	0	0	0	0	0	0	0	0.333	0	0	0.5	0	0	0	0	0	0	0	0	0	0	0.289
0	1.42	0.814	0	0	0	1.42	3.54	0	0.901	0	1.42	3.54	0	0.901	0	0	0.167	0	0	0	0	0.167	0	0	0	0	0.167	0	0	1	0.625	0	0	0	1	0.25	0	0	0	0.556	0.961
0	0	0	0	0	0	0	0	0	0	0	0	0	0	0	0	0	0	0	0	0	0	0	0	0	0	0	0	0	0	0	0.2	0.333	0.333	0.778	0	0.4	1	1	1	0	0.479
0.898	0	10.507	0	4.566	0.898	0	12.489	0.866	4.569	0.898	0	4.925	0.866	2.662	0	0	0.397	0	0.533	0	0	0.397	0	0.7	0	0	0	0	0.333	0	0	0	0	0	0	0	0	0	0	0.057	0.217
0	0	0	0	-1	0	0	0	0	-1	0	0	0	0	-1	0	0	0	0	-1	0	0	0	0	-1	0	0	0	0	-1	0	0	0	0	-1	0	0	0	0	-1	0.897	1.000
1.948	0.833	0.994	0	2.747	4.459	1.734	0.994	0.941	5.527	6.917	1.734	0.994	0.941	5.527	0.333	0	0	0	0.467	0.2	0	0	0	0.267	0.333	0	0	0	0.467	0	0	0	0	0	0	0	0	0	0	0	0.455
3.784	0	0	19.237	4.38	5.476	0	0	25.634	6.08	2.821	0	0	10.541	5.246	0.933	0	0	0.457	0.714	0.933	0	0	0.449	0.714	0.667	0	0	0.25	0.333	0	1	0	0	0.6	0	1	1	0.333	0	0.296	0.236
15.792	0	3.43	1.42	28.084	20.395	0	5.653	1.42	29.789	14.327	0	5.653	1.42	13.546	0.579	0	0.533	0	0.39	0.561	0	0.533	0	0.369	0.47	0	0.467	0	0.611	0	0.2	0	0.4	0.4	0	0	0	0.6	0.8	0	0.275
0	0	0	0	0	0	0	0	0	0	0	0	0	0	0	0	0	0	0	0	0	0	0	0	0	0	0	0	0	0	0	0	0	0	0	0.125	0	0.333	0	0	0.715	0.488
0	7.89	0	0	0	1.671	10.718	1.956	0	2.553	1.671	4.572	1.956	0	2.553	0	0.348	1	0	0	0	0.318	1	0	0	0	0.2	1	0	0	0	0	0.5	0	0	0	0	0	0	0	0	0.296
0	0	16.722	0	19.398	0	0	22.642	0	21.039	0	0	12.648	0	10.432	0	0	0.542	0	0.526	0	0	0.532	0	0.511	0	0	0.583	0	0.5	0	0	0	0	0.4	0	0	0.333	0	0.6	0.119	0.323
0	0	0	0	0	0	0	0	0	0	0	0	0	0	0	0	0	0	0	0	0	0	0	0	0	0	0	0	0	0	0	0	0	0	0	0	0	0	0	0	0.718	0.993
0	5.581	0	0	0	0	6.43	0	0	0	0	3.033	0	0	0	0	0.524	0	0	0	0	0.524	0	0	0	0	0.333	0	0	0	0	0	0.333	0.6	0.4	0	0	1	0	0	0	0.382
0.827	0	0	0	0	0.827	0	0	0	0	0.827	0	0	0	0	0	0	0	0	0	0	0	0	0	0	0	0	0	0	0	0	0	0	0	0	0	0	0	0	0	0.195	0.117
0	0	4.277	0.827	0	0	0	6.268	0.827	0.866	0	0	1.99	0.827	0.866	0	0	0.667	0	0	0	0	0.667	0	0	0	0	0	0	0	0	0	0	0	0	0	0	0	0	0	0.898	0.296
0	0	0	0	0	0	0	0.835	0	0	0	0	0.835	0	0	0	0	0	0	0	0	0	0	0	0	0	0	0	0	0	0.75	0	0.111	0	0	1	0	0.111	0	0	0.417	0.956
2.567	0	0	0	0	1.696	0	0	0	0	2.567	0	0	0	0	0.333	0	0	0	0	0	0	0	0	0	0.333	0	0	0	0	0	0.5	0	0	0	0	0	0	0	0	0	0.312
3.46	10.796	0	0	0	5.176	13.662	2.014	0	1.636	0	3.079	0.933	0	0	0.467	0.429	1	0	0	0.467	0.429	1	0	0	0	0	0	0	0	0	0.5	0	0	0	0	0	0	0	0.2	0.298	0.140
13.764	14.966	0	0	0	13.764	15.797	0	0	0	1.065	2.209	0	0	0	0.705	0.625	0	0	0	0.686	0.608	0	0	0	0	1	0	0	0	0.2	0.5	0	0.4	0	0	0	0	0.2	0	0	0.232
0	0	0	0	0	0	0	0	0	0	0	0	0	0	0	0	0	0	0	0	0	0	0	0	0	0	0	0	0	0	0	0	0	0	0	0	0	0	0	0	0	0.478
0	0	0	0	0	0	0	0	0	0	0	0	0	0	0	0	0	0	0	0	0	0	0	0	0	0	0	0	0	0	0	0	0	0	0	0	0	0	0	0	0.9	0.669
0	0	0	0.894	0	0	0	0	0.894	0.835	0	0	0	0.894	0.835	0	0	0	0	0	0	0	0	0	0	0	0	0	0	0	0	0	0.75	0	0.111	0	0	1	0	0.111	0	0.450
0.827	0	1.666	0	0	2.004	0.992	2.801	0.827	0	2.004	0.992	2.07	0.827	0	1	0	1	0	0	1	0	1	0	0	1	0	1	0	0	0.6	0	0.2	0	0	0.2	0	0	0	0	0	0.610
1.767	0	0	0	20.255	2.735	0	0	0	21.222	1.816	0	0	0	9.667	1	0	0	0	0.589	1	0	0	0	0.579	1	0	0	0	0.321	0	0	0	0	0.2	0	0	0.667	0	0	0.195	0.231
16.722	0	19.398	0	7.378	22.642	0	21.039	0	9.249	12.648	0	10.432	0	7.232	0.542	0	0.526	0	0.311	0.532	0	0.511	0	0.311	0.583	0	0.5	0	0.25	0	0	0.4	0	0	0.333	0	0.6	0	0	0.198	0.190
0	0	0	0	0	0	0	0	0	0	0	0	0	0	0	0	0	0	0	0	0	0	0	0	0	0	0	0	0	0	0	0	0	0	0	0	0	0	0	0	0.419	0.386
0	0	1.42	0	0	0	0.835	1.42	0	0	0	0.835	1.42	0	0	0	0	0	0	0	0	0	0	0	0	0	0	0	0	0	0	0.111	0.625	0.75	1	0	0.111	0.25	1	1	0	0.316
0	0	0	0.968	0	0	0	0	0.968	0	0	0	0	0.968	0	0	0	0	0	0	0	0	0	0	0	0	0	0	0	0	0.2	0.333	0	0.333	0.333	0.4	1	0	0.667	1	0	0.757
28.084	3.43	11.833	15.792	17.702	29.789	5.653	16.139	20.395	25.966	13.546	5.653	8.227	14.327	10.624	0.39	0.533	0.59	0.579	0.455	0.369	0.533	0.581	0.561	0.443	0.611	0.467	0.667	0.47	0.762	0.4	0	0	0	0	0.8	0	0	0	0	0.12	0.186
0	0.836	0	0	0	0	3.931	0	1.636	0	0	0	0	0	0	0	0.5	0	0	0	0	0.5	0	0	0	0	0	0	0	0	0	0	0	0	0	0	0	0	0.2	0	0.717	0.307
0	0	7.89	0	0	0	0	10.718	0	1.671	0	0	4.572	0	1.671	0	0	0.348	0	0	0	0	0.318	0	0	0	0	0.2	0	0	0	0	0	0	0	0	0	0	0	0	0.294	0.188
0	0	0	7.89	0	1.956	1.671	2.553	10.718	4.375	1.956	1.671	2.553	4.572	4.375	1	0	0	0.348	0.1	1	0	0	0.318	0.1	1	0	0	0.2	0.1	0.5	0	0	0	0.25	0	0	0	0	0	0	0.273
0	4.566	0	10.507	0	0	4.569	0	12.489	0	0	2.662	0	4.925	0	0	0.533	0	0.397	0	0	0.7	0	0.397	0	0	0.333	0	0	0	0	0	0	0	0	0	0	0	0	0	0	0.336
0	0.894	0.962	2.695	0	0	0.894	0	2.695	0	0	0.894	0.962	1.783	0	0	0	0	1	0	0	0	0	1	0	0	0	0	1	0	0.5	0	0.8	0.25	0	1	0	1	0	0	0.294	0.975
0	9.406	16.458	0	0	0	13.401	18.569	0	0	0	8.174	16.618	0	0	0	0.637	0.457	0	0	0	0.604	0.399	0	0	0	0.643	0.341	0	0	0.2	0	0	0	0	0	0	0	0	0	0	0.575
0.962	0	0	0.894	0	0	0	0	0.894	0	0.962	0	0	0.894	0	0	0	0	0	0	0	0	0	0	0	0	0	0	0	0	0.8	0.5	0	0	0	1	1	0	0	0	0.117	0.864
0	0	0	0	0	0	0	0	0	0	0	0	0	0	0	0	0	0	0	0	0	0	0	0	0	0	0	0	0	0	0	0	0	0	0	0	0	0	0	0	0	0.454
0	0	0	0	10.796	0	0	0	0	13.662	0	0	0	0	3.079	0	0	0	0	0.429	0	0	0	0	0.429	0	0	0	0	0	0	0	0	0.2	0.5	0	0	0	0	0	0	0.423
0	0	-1	0	-1	0	0	-1	0	-1	0	0	-1	0	-1	0	0	-1	0	-1	0	0	-1	0	-1	0	0	-1	0	-1	0	0	-1	0	-1	0	0	-1	0	-1	0.893	1.000
0	19.237	3.784	0	0	0	25.634	5.476	0.827	0	0	10.541	2.821	0.827	0	0	0.457	0.933	0	0	0	0.449	0.933	0	0	0	0.25	0.667	0	0	1	0	0	0.2	0	1	0.333	0	0	1	0	0.995
0	0	0	0	0	2.553	1.956	4.375	1.671	0	2.553	1.956	4.375	1.671	0	0	1	0.1	0	0	0	1	0.1	0	0	0	1	0.1	0	0	0	0.5	0.25	0	0	0	0	0	0	0	0	0.367
0	4.277	0	0	0.898	0.866	6.268	0	0	0.898	0.866	1.99	0	0	0.898	0	0.667	0	0	0	0	0.667	0	0	0	0	0	0	0	0	0	0	0	0	0	0	0	0	0	0	0.557	0.163
0	0	0	0	2.695	0	0	0	0	2.695	0	0	0	0	1.783	0	0	0	0	1	0	0	0	0	1	0	0	0	0	1	0.333	0	0.778	0.2	0.25	1	0	1	0.4	0	0	0.873
0	0	0	0	0	4.375	2.553	0	1.956	0.815	4.375	2.553	0	1.956	0.815	0.1	0	0	1	0	0.1	0	0	1	0	0.1	0	0	1	0	0.25	0	0	0.5	0	0	0	0	0	0	0	0.409
1.42	0	0	1.854	15.792	1.42	0	0	1.009	20.395	1.42	0	0	1.854	14.327	0	0	0	1	0.579	0	0	0	0	0.561	0	0	0	1	0.47	0.4	1	0.2	0.2	0	0.6	1	0	0.4	0	0	0.707
0	2.144	0	4.785	14.966	0	2.144	0	5.688	15.797	0	0	0	1.865	2.209	0	0	0	0.667	0.625	0	0	0	0.667	0.608	0	0	0	0	1	0.75	0.2	0.4	0.8	0.5	1	0.6	0.2	1	0	0	0.738
2.747	0.994	0.813	1.948	0	5.527	0.994	1.649	4.459	1.865	5.527	0.994	1.649	6.917	1.865	0.467	0	1	0.333	1	0.267	0	0	0.2	1	0.467	0	1	0.333	1	0	0	0	0	0	0	0	0	0	0	0.298	0.199
0	-1	0	-1	0	0	-1	0	-1	0	0	-1	0	-1	0	0	-1	0	-1	0	0	-1	0	-1	0	0	-1	0	-1	0	0	-1	0	-1	0	0	-1	0	-1	0	0.899	1.000
0	0	0	0	0	0	0	0	0	0	0	0	0	0	0	0	0	0	0	0	0	0	0	0	0	0	0	0	0	0	0	0	0	0.625	0	0	0	0	0.125	0	0	0.323
0.894	2.695	0	0	0.962	0.894	2.695	0	0	0	0.894	1.783	0	0	0.962	0	1	0	0	0	0	1	0	0	0	0	1	0	0	0	0	0.25	0.5	0.778	0.8	0	0	1	1	1	0	0.448
0	0	0	0	2.567	0	0	0	0	1.696	0	0	0	0	2.567	0	0	0	0	0.333	0	0	0	0	0	0	0	0	0	0.333	0	0	0.5	0	0	0	0	0	0	0	0	0.279
0	2.567	0	0	0.827	0	1.696	0	0	0.827	0	2.567	0	0	0.827	0	0.333	0	0	0	0	0	0	0	0	0	0.333	0	0	0	0	0	0	0.5	0	0	0	0	0	0	0.42	0.137
0	0	0	0	16.799	0	0	0	0	19.796	0	0	0	0	8.545	0	0	0	0	0.421	0	0	0	0	0.421	0	0	0	0	0.107	0	0	0	0	0.444	0.333	0.125	0	0	0.556	0.298	0.467
0	0	0.898	4.277	10.507	0	0.866	0.898	6.268	12.489	0	0.866	0.898	1.99	4.925	0	0	0	0.667	0.397	0	0	0	0.667	0.397	0	0	0	0	0	0	0	0	0	0	0	0	0	0	0	0.415	0.185
0	0	0.827	2.567	0	0	0	0.827	1.696	0	0	0	0.827	2.567	0	0	0	0	0.333	0	0	0	0	0	0	0	0	0	0.333	0	0	0	0	0	0	0	0	0	0	0	0.419	0.375
4.785	4.38	2.144	0	0	5.688	6.08	2.144	0	0	1.865	5.246	0	0	0	0.667	0.714	0	0	0	0.667	0.714	0	0	0	0	0.333	0	0	0	0.8	0.6	0.2	0	0.75	1	0	0.6	1	1	0	0.732
0	0	0	0	0	0	0	0	0	0	0	0	0	0	0	0	0	0	0	0	0	0	0	0	0	0	0	0	0	0	0	0	0	0	0	0	0	0	0	0	0.718	1.000
0	0	0.843	0	1.679	0	0	1.692	0	1.679	0	0	1.692	0	1.679	0	0	1	0	0	0	0	1	0	0	0	0	1	0	0	1	0.8	0.75	0	0	1	0.8	0.5	0	0	0.196	0.994
3.43	15.792	28.084	0	11.833	5.653	20.395	29.789	0	16.139	5.653	14.327	13.546	0	8.227	0.533	0.579	0.39	0	0.59	0.533	0.561	0.369	0	0.581	0.467	0.47	0.611	0	0.667	0	0	0.4	0.2	0	0	0	0.8	0	0	0	0.389
