0	0	0	0	0	0	0	0	0	0	0	0	0	0	0	0	0	0	0	0	0	0	0	0	0	0	0	0	0	0	0.2	0	0.2	0	0.2	0.2	0	0	0	0	0	0.770
0	0	0	0	0	0	0	0	0	0	0	0	0	0	0	0	0	0	0	0	0	0	0	0	0	0	0	0	0	0	0.2	0	0	0.222	0.4	0	0	0	0.667	0	0	0.321
0.976	16.867	30.87	18.207	34.353	4.837	24.451	40.3	26.289	42.713	0	0	0	0	0	0.8	0.612	0.563	0.637	0.59	0.8	0.612	0.563	0.637	0.59	0	0	0	0	0	0	0	0.2	0.2	0	0	0	0.2	0.6	0.75	0	0.369
4.084	0	1.992	0	3.9	8.319	1.943	7.355	0	9.205	0	0	0	0	0	0.786	0	0.571	0	0.639	0.786	0	0.571	0	0.639	0	0	0	0	0	0	0	0	0	0	0	0	0	0	0	0.117	0.116
2.161	2.061	0	0	4.093	6.557	7.826	4.045	0	8.828	4.396	3.298	4.045	0	5.67	0.8	0.667	0.667	0	0.476	0.8	0.667	0.667	0	0.476	0.333	0	0	0	0.333	0	0	0	0	0	0	0	0	0	0	0.716	0.258
0	0	0	0	0	0	0	0	0	0	0	0	0	0	0	0	0	0	0	0	0	0	0	0	0	0	0	0	0	0	0	0	0	0	0	0	0	0	0	0	0.415	0.262
2.115	0	0	0	0	2.115	0	0	0	0	2.115	0	0	0	0	1	0	0	0	0	1	0	0	0	0	1	0	0	0	0	0	0.286	0.25	0	0	0	0	0.25	0	0	0.417	0.204
0	0	0	0	0	0	0	0	0	0	0	0	0	0	0	0	0	0	0	0	0	0	0	0	0	0	0	0	0	0	0.4	0.857	0	0.2	0.667	0	1	0	0	0.444	0	0.629
2.026	2.079	0	0	0	6.146	5.974	0.965	1.002	3.014	3.096	3.991	0.965	1.002	0	0.2	0.133	0	0	0.667	0.2	0.133	0	0	0.667	0	0	0	0	0	0	0	0	0	0	0	0.4	0	0	0	0	0.235
7.786	34.353	14.516	30.87	50.734	15.887	42.713	20.564	40.3	58.956	0	0	0	0	0	0.792	0.59	0.852	0.563	0.438	0.792	0.59	0.852	0.563	0.438	0	0	0	0	0	0	0	0	0.2	0	0	0.75	0	0.2	0.2	0	0.244
0	4.922	0	0	0	0	4.922	0	0	0	0	2.011	0	0	0	0	0.3	0	0	0	0	0.3	0	0	0	0	0	0	0	0	0.4	0.4	0.571	0.25	0.2	0	0.8	0.857	0.5	0	0	0.777
0	0	0	0	0	0	0	0	0	0	0	0	0	0	0	0	0	0	0	0	0	0	0	0	0	0	0	0	0	0	0	0	0	0	0	0	0	0	0	0	0.893	0.188
0	0	0	0	0	4.169	4.211	4.167	4.993	4.041	0	0	0	0	0	0.167	0.333	0.333	0.1	0.167	0.167	0.333	0.333	0.1	0.167	0	0	0	0	0	0	0	0	0	0	0	0	0	0	0	0.713	0.206
12.388	25.121	21.591	20.635	10.511	19.053	33.473	29.561	27.744	18.186	0	0	0	0	0	0.895	0.773	0.837	0.844	0.895	0.895	0.773	0.837	0.844	0.895	0	0	0	0	0	0	0	0	0	0	0	0	0	0	0	0	0.322
0	0	0	0	0	0	0	0	0.957	0	0	0	0	0	0	0	0	0	0	0	0	0	0	0	0	0	0	0	0	0	0	0	0	0.333	0	0	0	0	0.333	0	0	0.254
0	0	0	0	0	0	0	0	0	0	0	0	0	0	0	0	0	0	0	0	0	0	0	0	0	0	0	0	0	0	0.6	0.75	0.5	0.6	0.25	0.2	0	0	0.8	0.5	0	0.924
0	0	0	0	0	0	0	0	0	0	0	0	0	0	0	0	0	0	0	0	0	0	0	0	0	0	0	0	0	0	0	0	0	0	0	0	0	0	0	0	0.055	0.289
0	2.887	0	0	0	0	2.887	0	0	0	0	1.939	0	0	0	0	0.667	0	0	0	0	0.667	0	0	0	0	0	0	0	0	0.75	0.111	0.25	0.571	1	0	0	0	0.429	0	0	0.979
0	0	0	0	0	0	0	0	0	0	0	0	0	0	0	0	0	0	0	0	0	0	0	0	0	0	0	0	0	0	0.2	0.6	0.2	0	0	0	0	0.2	0	0	0.198	0.204
0	0	2.079	0	2.026	1.002	2.965	5.974	4.046	6.146	1.002	2.021	3.991	4.046	3.096	0	0.667	0.133	0.333	0.2	0	0.667	0.133	0.333	0.2	0	0	0	0	0	0	0	0	0	0	0	0	0.4	0	0	0.294	0.260
0	0.968	0	1.101	2.816	0	0.968	0	2.103	4.848	0	0	0	2.103	3.908	0	0	0	1	0.1	0	0	0	1	0.1	0	0	0	1	0.167	0	0.25	0.4	0.333	0	0.143	0.75	0	0.333	0	0.299	0.485
0	0	0	0	0	0	0	0	0	0	0	0	0	0	0	0	0	0	0	0	0	0	0	0	0	0	0	0	0	0	0	0	0.4	0.667	0	0	0	0	0.333	0	0	0.591
0	0	0	0	0	0	0	0	0	0	0	0	0	0	0	0	0	0	0	0	0	0	0	0	0	0	0	0	0	0	0	0.25	0	0	0.2	0	0	0	0	0.2	0	0.943
0	0	0	2.015	0	0	0	0	2.015	0	0	0	0	0	0	0	0	0	1	0	0	0	0	1	0	0	0	0	0	0	0	0.375	0.6	0	0.4	0	0	1	0	0	0	0.629
0	0	0	0	0.94	0	0	0	0	1.888	0	0	0	0	1.888	0	0	0	0	1	0	0	0	0	1	0	0	0	0	1	0.25	0.6	0	1	0	0	0.2	0.667	1	0	0	0.975
0	0	0	0	0	0	0	0	0	0	0	0	0	0	0	0	0	0	0	0	0	0	0	0	0	0	0	0	0	0	0.75	0.6	0.6	0.875	0.5	0	0.8	0.2	0.125	0	0	0.783
0	0	0	0	0	0	0	0	0	0	0	0	0	0	0	0	0	0	0	0	0	0	0	0	0	0	0	0	0	0	0.6	0.2	0.25	0.667	0	0.8	0.2	0	0	0	0	0.763
0	0	0	0	0	0	0	0	0	0	0	0	0	0	0	0	0	0	0	0	0	0	0	0	0	0	0	0	0	0	0	0	0	0	0.25	0	0	0	0	0	0.3	0.348
0	2.115	0	0	0	0	2.115	0	0	0	0	2.115	0	0	0	0	1	0	0	0	0	1	0	0	0	0	1	0	0	0	0.25	0	0	0.286	0	0.25	0	0	0	0	0.196	0.695
10.959	3.815	0	0.973	0.929	17.082	9.504	0	5.764	7.746	0	0	0	0	0	0.537	0.4	0	0.467	0.393	0.537	0.4	0	0.467	0.393	0	0	0	0	0	0	0	0	0	0	1	0	0	0	0	0	0.178
0	0	0	0	0	0	0	0	0	0	0	0	0	0	0	0	0	0	0	0	0	0	0	0	0	0	0	0	0	0	0.25	0.25	0.625	0.2	0	0	0	0.375	0.2	0	0	0.411
0	0	0	0	0	4.36	4.466	5.147	3.474	2.994	0	0	0	0	0	0.167	0.333	0.3	0.667	0	0.167	0.333	0.3	0.667	0	0	0	0	0	0	0	0	0	0	0	0	0	0	0	0	0.557	0.167
10.522	27.581	0	57.586	45.583	18.784	35.249	0	66.026	55.285	0	0	0	0	0	0.854	0.738	0	0.372	0.502	0.854	0.738	0	0.372	0.502	0	0	0	0	0	0	0	0.333	0	0	0	0	1	0	0	0	0.448
0	0	0	0	0	0	0	0	0	0	0	0	0	0	0	0	0	0	0	0	0	0	0	0	0	0	0	0	0	0	0.4	1	0.5	0	0.857	0	0.8	0	0	1	0	0.541
0	0	0	0	0	0	0	0	0.978	0	0	0	0	0	0	0	0	0	0	0	0	0	0	0	0	0	0	0	0	0	0	0	0	0	0	0	0	0	0	0	0.415	0.237
17.618	43.343	17.63	20.398	28.844	25.784	52.155	25.962	28.455	37.44	0	0	0	0	0	0.898	0.52	0.892	0.847	0.692	0.898	0.52	0.892	0.847	0.692	0	0	0	0	0	0	0	0	0	0.2	0	0	0	0	0	0	0.306
28.844	17.63	39.285	17.618	31.506	37.44	25.962	48.252	25.784	40.068	0	0	0	0	0	0.692	0.892	0.528	0.898	0.633	0.692	0.892	0.528	0.898	0.633	0	0	0	0	0	0.2	0	0	0	0	0	0	0	0	0	0.298	0.211
0	0	0	0	0	0	0	0	0	0	0	0	0	0	0	0	0	0	0	0	0	0	0	0	0	0	0	0	0	0	0	0	0	0	0	0	0	0	0	0	0.558	0.429
0	0	0	0	0	0	0	0	0	0	0	0	0	0	0	0	0	0	0	0	0	0	0	0	0	0	0	0	0	0	0.6	1	0.25	1	0	0.2	1	0	1	0.667	0	0.762
0	0	0	0	0	0	0	0	0	0	0	0	0	0	0	0	0	0	0	0	0	0	0	0	0	0	0	0	0	0	0	0	0	0	0	0	0	0	0	0	0.055	0.628
0	0	0	0	0	0	0	0	0	0	0	0	0	0	0	0	0	0	0	0	0	0	0	0	0	0	0	0	0	0	0	0	0	0	0	0	0	0	0.333	0	0.897	0.221
0	0	0	0	0	0	0	0	0	0	0	0	0	0	0	0	0	0	0	0	0	0	0	0	0	0	0	0	0	0	0	0	0	0	0	0	0	0	0	0	0	0.506
0	0	3.041	5.921	0	0	0	3.089	6.943	0	0	0	1.996	2.965	0	0	0	0.5	0.286	0	0	0	1	0.286	0	0	0	0	0	0	0	1	0.4	0	0.4	0	1	0.6	0	0.2	0	0.994
0	0	0	0	0	0	0	0	0	0	0	0	0	0	0	0	0	0	0	0	0	0	0	0	0	0	0	0	0	0	0	0.2	0.5	0.25	0	0.2	0	1	0	0.25	0.298	0.529
0	0	0	0	0	0	0	0	0	0	0	0	0	0	0	0	0	0	0	0	0	0	0	0	0	0	0	0	0	0	0.2	0	0.333	0.4	0.6	0	0	0	0	0	0	0.601
0	0	0	0	0	0	0	0	0	0	0	0	0	0	0	0	0	0	0	0	0	0	0	0	0	0	0	0	0	0	0	1	0.5	0	0.6	0	1	1	0.25	0.2	0.299	0.600
0	0	0	0	0	0	0	0	0	0	0	0	0	0	0	0	0	0	0	0	0	0	0	0	0	0	0	0	0	0	0.5	1	1	0.6	0.667	0.5	1	1	0	1	0	0.625
0	0.982	0	1.863	0.953	1.902	6.8	4.837	7.871	3.982	0	0	0	0	0	1	0.286	0.1	0.286	0.333	1	0.286	0.1	0.286	0.333	0	0	0	0	0	0	0	0	0	0	0	0	0	0	0	0.557	0.114
0	0	0	0	0	0	0.986	0	1.033	0	0	0	0	0	0	0	0	0	0	0	0	0	0	0	0	0	0	0	0	0	0	0	0	0	0	0	0	0	0	0	0.556	0.204
0	0	0	0	1.046	0	0	0	0	2.086	0	0	0	0	2.086	0	0	0	0	1	0	0	0	0	0	0	0	0	0	1	0	0	0	0	0	0	0	0	0	0	0.717	0.235
0	2.837	0	0.94	0	0	7.604	0	3.336	0	0	4.767	0	2.396	0	0	0.238	0	0.333	0	0	0.238	0	0.333	0	0	0.5	0	1	0	1	0	0	0.333	0.6	1	0	0.143	0	0	0.117	0.962
0	0	0	0	0	0	0	0	0	0	0	0	0	0	0	0	0	0	0	0	0	0	0	0	0	0	0	0	0	0	0	0.8	0	0	0.4	0	0	0	0	0	0.298	0.578
0	0	0	0	0	0	0	0	0	0	0	0	0	0	0	0	0	0	0	0	0	0	0	0	0	0	0	0	0	0	0	0.571	1	1	0.667	0	0.286	0.4	0.4	0.667	0.198	0.345
0	0	0	0	0	0	0	0	0	0	0	0	0	0	0	0	0	0	0	0	0	0	0	0	0	0	0	0	0	0	1	0.2	0.333	0	0.556	0.667	0.4	1	0	1	0	0.967
0	0	0	0	0	0	0	0	0	0	0	0	0	0	0	0	0	0	0	0	0	0	0	0	0	0	0	0	0	0	1	0	0.25	0.6	0.5	1	0	0	0	0.25	0	1.000
0	1.028	0	0	0	0	1.028	0	0	0	0	0	0	0	0	0	0	0	0	0	0	0	0	0	0	0	0	0	0	0	0	0.2	0.2	0.4	0.5	0	0	0	0	0	0.299	0.189
0	0	0	0	0.974	0	0	0	0	0	0	0	0	0	0.974	0	0	0	0	0	0	0	0	0	0	0	0	0	0	0	1	0	0	0	0.8	1	0	0	0	0.8	0	0.987
3.804	0.937	9.494	24.115	24.148	8.678	5.678	16.396	29.963	30.114	0	0	0	0	0	0.972	0.8	0.706	0.52	0.413	0.972	0.8	0.706	0.52	0.413	0	0	0	0	0	0	0	0	0.25	0	0	0	0	0.25	0	0	0.254
0	0	0	0	0	0	0	0	0	0	0	0	0	0	0	0	0	0	0	0	0	0	0	0	0	0	0	0	0	0	0	0	0	0	0	0	0	0	0	0	0.415	0.130
0	0	0	0	0	0	0	0	0	0	0	0	0	0	0	0	0	0	0	0	0	0	0	0	0	0	0	0	0	0	0.857	0	0.4	0.25	0.2	0.714	0	0	0	0	0.299	0.896
24.148	9.494	27.941	3.804	10.618	30.114	16.396	35.978	8.678	17.635	0	0	0	0	0	0.413	0.706	0.398	0.972	0.582	0.413	0.706	0.398	0.972	0.582	0	0	0	0	0	0	0	0	0	0	0	0	0	0	0.625	0	0.247
0	5.921	0	0	3.041	0	6.943	0	0	3.089	0	2.965	0	0	1.996	0	0.286	0	0	0.5	0	0.286	0	0	1	0	0	0	0	0	1	0	0	0	0.4	1	0	0	0	0.6	0	0.997
0	0	0	0	0	0	0	0	0	0	0	0	0	0	0	0	0	0	0	0	0	0	0	0	0	0	0	0	0	0	0	0	0	0	0	0	0	0	0	0	0.557	0.333
2.015	0	0	0	0	2.015	0	0	0	0	0	0	0	0	0	1	0	0	0	0	1	0	0	0	0	0	0	0	0	0	0	0	0.375	0.2	0	0	0	0	0	0	0	0.161
0	0	0	3.084	0	0	0	0	4.049	0	0	0	0	2.13	0	0	0	0	0.667	0	0	0	0	0.667	0	0	0	0	1	0	1	0.4	1	0.2	0	0.333	0	0.8	0	0.2	0	0.964
0	0	0	0	0	0	0	0	0	0	0	0	0	0	0	0	0	0	0	0	0	0	0	0	0	0	0	0	0	0	0.667	0	0.4	0.4	0	1	0	0.8	0.4	0	0	0.966
0	0	3.006	0	0	0	0	4.112	0	0	0	0	1.106	0	0	0	0	0.667	0	0	0	0	0.667	0	0	0	0	0	0	0	0.4	0.2	0.333	0.2	0.4	0.6	0.4	0.778	0	0.2	0	0.901
0	0	0	0	0	0	0	0	0	0	0	0	0	0	0	0	0	0	0	0	0	0	0	0	0	0	0	0	0	0	0	0	0	0	0	0	0	0	0	0.4	0.299	0.490
0	0	0	0	2.061	0	0	0	0	7.826	0	0	0	0	3.298	0	0	0	0	0.667	0	0	0	0	0.667	0	0	0	0	0	0	0	0	0	0	0	0	0	0	0	0.713	0.398
0	0	0	0	0	0	0	0	0	0	0	0	0	0	0	0	0	0	0	0	0	0	0	0	0	0	0	0	0	0	0	0	0	0	0	0	0	0	0	0	0.893	0.809
0	0	0	0	0	0	0	0	0	0	0	0	0	0	0	0	0	0	0	0	0	0	0	0	0	0	0	0	0	0	0	0	0	0	0	1	0	0	0	0	0.117	0.760
0	0	0	0	0	0	0	0	0	0	0	0	0	0	0	0	0	0	0	0	0	0	0	0	0	0	0	0	0	0	0	0	0	0	0	0	0	0	0	0	0.116	0.095
0	0	0	0	0	0	0	0	0	0	0	0	0	0	0	0	0	0	0	0	0	0	0	0	0	0	0	0	0	0	0.2	0.8	1	0.4	0.2	0	0.8	1	0.4	0.2	0	0.816
0	0	0	0	0	0	0	0	0	0	0	0	0	0	0	0	0	0	0	0	0	0	0	0	0	0	0	0	0	0	0.5	0.6	0.4	0.2	0.2	1	0	0.2	0	0	0	0.972
0	0	0	0	0	0	0	0	0	0	0	0	0	0	0	0	0	0	0	0	0	0	0	0	0	0	0	0	0	0	0	0	0	0	0	0	0	0	0	0	0.718	0.251
0	0	0	0	0	0	0	0	0	0	0	0	0	0	0	0	0	0	0	0	0	0	0	0	0	0	0	0	0	0	0	0	0	0.25	0	0	0	0	0	0	0.713	0.172
0	0	0	0	0	0	0	0	0	0	0	0	0	0	0	0	0	0	0	0	0	0	0	0	0	0	0	0	0	0	0.2	0.4	0.6	0	1	0	0.2	0	0	1	0	0.744
0	0	0	0	0	0.984	0.994	2.931	0	3.11	0	0	0	0	0	0	0	0	0	0	0	0	0	0	0	0	0	0	0	0	0	0	0	0	0	0	0	0	0	0	0.717	0.193
0	0	0	0	0	0	0	0	0	0	0	0	0	0	0	0	0	0	0	0	0	0	0	0	0	0	0	0	0	0	0.6	0	0	1	0.2	0	0.143	0.2	1	0	0	0.760
0	0	0	0	0	0	0	0	0	0	0	0	0	0	0	0	0	0	0	0	0	0	0	0	0	0	0	0	0	0	0.2	0	0	0.6	0.2	0	0	0	0.2	0	0.014	0.746
0	0	0	0	0	0	0	0	0	0	0	0	0	0	0	0	0	0	0	0	0	0	0	0	0	0	0	0	0	0	0.25	0.667	0.4	0.75	0.8	0	0.667	0.4	0.5	0.8	0	0.586
0	0	0	0	0	0	0	0	0	0	0	0	0	0	0	0	0	0	0	0	0	0	0	0	0	0	0	0	0	0	0.4	0	0	0	0	1	0	0	1	0	0	0.735
0	0	0	0	0	0	0	0	0	0	0	0	0	0	0	0	0	0	0	0	0	0	0	0	0	0	0	0	0	0	0	0.8	0.75	1	0.4	0	1	0	1	0	0	0.986
0	2.937	1.007	0	0	0	2.937	1.007	0	0	0	0	0	0	0	0	0.333	0	0	0	0	0.333	0	0	0	0	0	0	0	0	0.6	0.5	0.4	0	0.6	0	0	0	0	0.8	0	0.865
0	0	0	0	0	0	0	0	0	0	0	0	0	0	0	0	0	0	0	0	0	0	0	0	0	0	0	0	0	0	0	0	0	0	0	0	0	0	0	0	0.715	0.799
0	0	0	0	13.934	0	0	0	0	13.934	0	0	0	0	4.044	0	0	0	0	0.154	0	0	0	0	0.154	0	0	0	0	0	0.6	0	0.4	0.375	0.4	1	0	0	0	0	0	0.968
0	0	0	0	0	0	0	0	0	0	0	0	0	0	0	0	0	0	0	0	0	0	0	0	0	0	0	0	0	0	0.222	0.8	0	0.6	0.2	0.667	1	0	0.2	0	0	0.635
0	0	0	0	0	0	0	0	0	0	0	0	0	0	0	0	0	0	0	0	0	0	0	0	0	0	0	0	0	0	0	0.25	0	0.4	0.6	0	0	0	0	0.2	0.717	0.212
4.2	0	0	0	0	8.711	0	1.945	0	3.779	4.511	0	1.945	0	3.779	0.25	0	1	0	0.667	0.25	0	1	0	0.667	0.5	0	1	0	0.667	0	0	0	0.25	0	0	0	0	0	0	0.117	0.232
0	0	0	0	0	0	0	0	0	0	0	0	0	0	0	0	0	0	0	0	0	0	0	0	0	0	0	0	0	0	0	0.4	0.4	0	0.5	0	0	1	0	0	0	0.867
0	0	0	0	0	0	0	0	0	0	0	0	0	0	0	0	0	0	0	0	0	0	0	0	0	0	0	0	0	0	1	0.6	0.8	1	0.2	1	0.2	0.6	0.2	0	0	0.986
0	0	0	3.006	6.301	0	0	0	4.112	7.407	0	0	0	1.106	3.305	0	0	0	0.667	0.333	0	0	0	0.667	0.333	0	0	0	0	0	0.375	0.4	0.375	0.333	0.4	0.375	0.2	0.375	0.778	0	0	0.584
0	0	0	0	0	0	0	0	0	0	0	0	0	0	0	0	0	0	0	0	0	0	0	0	0	0	0	0	0	0	0	0	0	0	0	0	0	0	0	0	0.718	0.893
6.74	31.772	0	7.704	20.358	10.542	38.663	0.938	11.476	25.134	0	0	0	0	0	0.545	0.435	0	0.485	0.582	0.545	0.435	0	0.485	0.582	0	0	0	0	0	0	0	0	0	0	0	0	0	0	0	0	0.332
0	0	0	0	0	0	0	1.933	0	1.021	0	0	0	0	0	0	0	0	0	0	0	0	0	0	0	0	0	0	0	0	0	0	0	0	0	0	0	0	0	0	0.419	0.192
0	0	0	1.14	0	0	0	0	1.14	0	0	0	0	1.14	0	0	0	0	0	0	0	0	0	0	0	0	0	0	0	0	0	0.625	0.2	1	0.571	0	0	0	1	0.714	0	0.759
0	0.939	0	0	0	0	0.939	0	0	0	0	0.939	0	0	0	0	0	0	0	0	0	0	0	0	0	0	0	0	0	0	0	0	0	0.333	0	0	0	0	0	0	0.419	0.149
0	0	0	0	0	0	0	0	0	0	0	0	0	0	0	0	0	0	0	0	0	0	0	0	0	0	0	0	0	0	0	0	0	0	0	0	0	0	0	0	0	0.549
0	7.754	1.863	0	0.982	1.947	13.678	7.871	4.9	6.8	0	0	0	0	0	0	0.418	0.286	0.2	0.286	0	0.418	0.286	0.2	0.286	0	0	0	0	0	0	0	0	0	0	0	0	0	0	0	0.417	0.098
0	0.94	0	1.064	3.087	0	0.94	0	2.261	4.284	0	0.94	0	2.261	4.284	0	0	0	1	0.333	0	0	0	1	0.333	0	0	0	1	0.333	0.714	0.6	0	0	0.2	0.714	0	0	0	0	0.418	0.857
0	10.563	10.653	16.53	14.474	0.955	15.365	15.455	22.653	18.429	0	0	0	0	0	0	0.792	0.75	0.688	0.789	0	0.792	0.75	0.688	0.789	0	0	0	0	0	0	0	0	0	0	0	0	0.444	0	0	0	0.391
0	0	0	0	0	0	0	0	0	0	0	0	0	0	0	0	0	0	0	0	0	0	0	0	0	0	0	0	0	0	0.4	0.667	0	0	0	0.8	1	0	0	0	0.42	0.774
0	0	0	0	0	0	0	0	0	0	0	0	0	0	0	0	0	0	0	0	0	0	0	0	0	0	0	0	0	0	0.25	0.8	0.4	0.4	0.25	0.25	0.6	0.2	0.2	0	0	0.791
0	0	0	0	0	0	0	0	0	0	0	0	0	0	0	0	0	0	0	0	0	0	0	0	0	0	0	0	0	0	1	1	0.875	0.5	0.4	1	1	0.875	0.75	0	0.2	1.000
1.931	0.933	7.713	16.369	6.696	5.802	3.865	13.474	22.368	10.713	0	0	0	0	0	0.467	0.5	0.637	0.625	0.764	0.467	0.5	0.637	0.625	0.764	0	0	0	0	0	0	0	0	0	0	0	0	0	0	0.75	0	0.274
0	0	0	0	0	0	0	0	0	0	0	0	0	0	0	0	0	0	0	0	0	0	0	0	0	0	0	0	0	0	0.5	0	0	0.2	0.2	1	0.2	0.25	0	0	0.117	0.832
37.008	0	27.331	11.498	12.689	44.513	1.883	34.472	16.61	18.864	0	0	0	0	0	0.426	1	0.496	0.787	0.649	0.426	1	0.496	0.787	0.649	0	0	0	0	0	0	0	0	0	0	0	0	0	0	0	0	0.214
0	20.358	1.899	0	0	1.927	25.134	3.789	0.938	0	0	0	0	0	0	1	0.582	1	0	0	1	0.582	1	0	0	0	0	0	0	0	0	0	0	0	0	0	0	0	0	0	0	0.300
25.526	31.506	28.351	39.285	28.054	33.972	40.068	35.816	48.252	35.503	0	0	0	0	0	0.731	0.633	0.716	0.528	0.709	0.731	0.633	0.716	0.528	0.709	0	0	0	0	0	0	0	0	0	0	0	0	0	0	0	0.898	0.138
0	0	0	0	4.05	0	0	0	0	3.034	0	0	0	0	3.008	0	0	0	0	0.1	0	0	0	0	0	0	0	0	0	0.333	0.2	0.25	0.2	0	0.125	0	0	0.2	0	0	0	0.551
0	0	0	0	0	0	0	0	0	0	0	0	0	0	0	0	0	0	0	0	0	0	0	0	0	0	0	0	0	0	0	0.6	1	0	0.25	0	0	1	0	0	0	0.988
19.429	35.199	3.866	21.5	9.581	24.547	42.567	6.721	28.639	14.369	0	0	0	0	0	0.83	0.606	0.762	0.8	0.762	0.83	0.606	0.762	0.8	0.762	0	0	0	0	0	0	0	0	0	0	0	0	0	0	0	0.198	0.117
0	0	0	0	0	0	0	0	0	0	0	0	0	0	0	0	0	0	0	0	0	0	0	0	0	0	0	0	0	0	0	0	0	0	0	0	0	0	0	0	0.717	0.256
0	0	0	0	0	0	0	0	0	0	0	0	0	0	0	0	0	0	0	0	0	0	0	0	0	0	0	0	0	0	0	0	0	0	0	0	0	0	0	0.2	0.556	0.513
0	0	0	0	0	0	0	0	0	0	0	0	0	0	0	0	0	0	0	0	0	0	0	0	0	0	0	0	0	0	0	0	0	0	0	0	0	0	0	0	0.893	0.362
0	0	0	0	0	0.994	0	0.984	0	2.931	0	0	0	0	0	0	0	0	0	0	0	0	0	0	0	0	0	0	0	0	0	0	0	0	0	0	0	0	0	0	0.197	0.175
0	0	0	0	0	0	0	0	0	0	0	0	0	0	0	0	0	0	0	0	0	0	0	0	0	0	0	0	0	0	0	0	0	0	0	0	0	0	0	0	0.056	0.577
0	0	0	0	0	0	0	0	0	0	0	0	0	0	0	0	0	0	0	0	0	0	0	0	0	0	0	0	0	0	0	0	0	0	0	0	0	0	0	0	0	0.460
0	0	0	0	0	0	0	0	0	0	0	0	0	0	0	0	0	0	0	0	0	0	0	0	0	0	0	0	0	0	0	0.2	0.4	0	0.667	0	0	0	0	0.444	0	0.423
0	0	6.947	0	0	0	3.168	7.911	0	0	0	3.168	3.988	0	0	0	0.333	0.179	0	0	0	0.333	0.179	0	0	0	0.333	0.167	0	0	0	0	0	0	0	0	0	0	0	0	0.714	0.394
0	0	0	0	0	0	0	0	0	0	0	0	0	0	0	0	0	0	0	0	0	0	0	0	0	0	0	0	0	0	0.8	0	0	0.25	0	0	0	0	0.5	0	0	0.524
0	0	0	0	0	0	0.978	0	0.944	0	0	0	0	0	0	0	0	0	0	0	0	0	0	0	0	0	0	0	0	0	0	0	0	0	0	0	0	0	0	0	0.897	0.209
0.937	24.115	3.804	0	9.494	5.678	29.963	8.678	0	16.396	0	0	0	0	0	0.8	0.52	0.972	0	0.706	0.8	0.52	0.972	0	0.706	0	0	0	0	0	0	0.25	0	0	0	0	0.25	0	0	0	0	0.328
0	0	0	3.087	0	0	0	0	4.284	0	0	0	0	4.284	0	0	0	0	0.333	0	0	0	0	0.333	0	0	0	0	0.333	0	0.2	0.667	0.6	0.2	0.25	0.2	0	0.8	0	0	0	0.556
0	4.2	0	0	0	1.945	8.711	3.779	0	3.518	1.945	4.511	3.779	0	3.518	1	0.25	0.667	0	0.667	1	0.25	0.667	0	0.667	1	0.5	0.667	0	0.667	0	0	0	0	0.222	0	0	0	0	0	0.898	0.356
0	0	0	0	0	0	0	0	0	0	0	0	0	0	0	0	0	0	0	0	0	0	0	0	0	0	0	0	0	0	0	0	0	0	0	0	0	0	0	0	0.415	0.288
0	0	0	0	0	0	0	0	0	0	0	0	0	0	0	0	0	0	0	0	0	0	0	0	0	0	0	0	0	0	0	0	0	0	0	0	0	0	0	0	0	0.485
0	0	0	0	0	0	0	0	0	0	0	0	0	0	0	0	0	0	0	0	0	0	0	0	0	0	0	0	0	0	0	0	0	0	0	0	0	0	0	0	0.556	0.238
0	0	0	0	0	0	0	0	0	0	0	0	0	0	0	0	0	0	0	0	0	0	0	0	0	0	0	0	0	0	0.75	0.6	0.667	0.8	0.25	0.5	0	0.667	0.6	0	0	0.956
0	2.015	0	0	0	0	2.015	0	0	0	0	0	0	0	0	0	1	0	0	0	0	1	0	0	0	0	0	0	0	0	0.375	0	0	0	0.6	0	0	0	0	1	0	0.418
0	0	0	0	0	1.933	0	1.021	0	4.032	0	0	0	0	0	0	0	0	0	0.167	0	0	0	0	0.167	0	0	0	0	0	0	0	0	0	0	0	0	0	0	0	0.557	0.179
0	0	0	0	0.959	0	0	0	0	0.959	0	0	0	0	0.959	0	0	0	0	0	0	0	0	0	0	0	0	0	0	0	0.5	0.6	0.25	0.75	0.667	0	0.2	0.5	0	0.333	0	0.867
0	0	0	1.028	0	0	0	0	1.028	0	0	0	0	0	0	0	0	0	0	0	0	0	0	0	0	0	0	0	0	0	0.2	0	0.5	0.2	0	0	0	0	0	0.2	0	0.720
0	0	0	0	0	0	0.957	0	0	0	0	0	0	0	0	0	0	0	0	0	0	0	0	0	0	0	0	0	0	0	0	0.333	0	0	0	0	0.333	0	0	0	0	0.275
0	0	1.046	0	0	0	0	2.086	0	0	0	0	2.086	0	0	0	0	1	0	0	0	0	0	0	0	0	0	1	0	0	0	0	0	0	0	0	0	0	0	0	0.717	0.220
0	0	2.887	0	0	0	0	2.887	0	0	0	0	1.939	0	0	0	0	0.667	0	0	0	0	0.667	0	0	0	0	0	0	0	0.571	0.6	0.111	1	0.75	0.429	0	0	0	0	0.119	0.849
0	0	0	0	0	0	0	0	0	0	0	0	0	0	0	0	0	0	0	0	0	0	0	0	0	0	0	0	0	0	0	0	0	0	0	0	0	0	0	0	0.718	0.858
0	0	0.94	0	0	0	0	1.888	0	0	0	0	1.888	0	0	0	0	1	0	0	0	0	1	0	0	0	0	1	0	0	0	0.25	0	0.6	0	0.667	0	0	0.2	0	0	0.662
0	0	0	0	0	0	0	0	0	0	0	0	0	0	0	0	0	0	0	0	0	0	0	0	0	0	0	0	0	0	0.333	1	0.556	0.2	0.6	1	0.667	1	0.4	1	0	0.784
0	0	0	0	0	0	0	0	0	0	0	0	0	0	0	0	0	0	0	0	0	0	0	0	0	0	0	0	0	0	0.8	0	0.2	0	0.2	1	0	0	0	0.4	0.016	0.981
0	0	0	0	0	0	0	0	0	0	0	0	0	0	0	0	0	0	0	0	0	0	0	0	0	0	0	0	0	0	0.333	0.2	0.6	0	0	0	0	0	0	0	0	0.539
1.14	0	0	0	0	1.14	0	0	0	0	1.14	0	0	0	0	0	0	0	0	0	0	0	0	0	0	0	0	0	0	0	1	0	0.625	0.5	0	1	0.2	0	0	0	0	0.678
0	0	0	0	0	0	0	0	0.933	0.957	0	0	0	0	0	0	0	0	0	0	0	0	0	0	0	0	0	0	0	0	0	0	0	0	0	0	0	0	0	0.8	0	0.313
1.016	0	0	0	0	1.039	0	0	0	0	2.055	0	0	0	0	1	0	0	0	0	0	0	0	0	0	1	0	0	0	0	0	0	0	0	0	0	0	0	0	0	0	0.317
0	0	0	0	0	0	0	0	0	0	0	0	0	0	0	0	0	0	0	0	0	0	0	0	0	0	0	0	0	0	0	0	0	0	0	0	0	0	0	0	0	0.284
0	1.899	3.817	0	0	0	3.789	6.649	1.927	0	0	0	0	0	0	0	1	0.762	1	0	0	1	0.762	1	0	0	0	0	0	0	0	0	0	0	0	0	0	0	0	0	0	0.311
20.358	0	0	6.74	1.899	25.134	0.938	1.927	10.542	3.789	0	0	0	0	0	0.582	0	1	0.545	1	0.582	0	1	0.545	1	0	0	0	0	0	0	0	0	0	0	0	0	0	0	0	0	0.308
3.815	0.973	10.959	6.696	0	9.504	5.764	17.082	10.713	0	0	0	0	0	0	0.4	0.467	0.537	0.764	0	0.4	0.467	0.537	0.764	0	0	0	0	0	0	0	0	0	0	0	0	0	1	0.75	0	0	0.233
0	0	0	0	0	0	0	0	0	0	0	0	0	0	0	0	0	0	0	0	0	0	0	0	0	0	0	0	0	0	0.6	0	0.2	0	0.2	0	0	0	0	0.2	0	0.899
0	0	0	0	0	0	0	0	0	0	0	0	0	0	0	0	0	0	0	0	0	0	0	0	0	0	0	0	0	0	0.4	0.857	0.2	0	0	0	0.714	0	0	0	0	0.719
0	0	0	0	0	0	0	0	0	0	0	0	0	0	0	0	0	0	0	0	0	0	0	0	0	0	0	0	0	0	1	0	0.667	0.571	0	0.4	0	0.667	0.286	0	0	0.999
0	0	0	0	0	0	0	0	0	0	0	0	0	0	0	0	0	0	0	0	0	0	0	0	0	0	0	0	0	0	0	0	0	0	0	0	0	0	0	0	0.717	0.830
0	0	0	0	0	0	0	0	0	0	0	0	0	0	0	0	0	0	0	0	0	0	0	0	0	0	0	0	0	0	1	0.6	0.5	0.4	1	1	0	0.5	0	1	0	1.000
0	0	0	0	0	0	0	0	0	0	0	0	0	0	0	0	0	0	0	0	0	0	0	0	0	0	0	0	0	0	0.2	0.8	0.2	0	0.4	0	1	0.4	0	0.6	0	0.634
0	0	0	0	0	0	0	0	0	0	0	0	0	0	0	0	0	0	0	0	0	0	0	0	0	0	0	0	0	0	0	0	0	0	0	0	0	0	0	0	0.196	0.226
0	0	0	0	0	0	0.968	0.931	2.848	4.515	0	0	0	0	0	0	0	0	0	0.5	0	0	0	0	0.5	0	0	0	0	0	0	0	0	0	0	0	0	0	0	0	0.419	0.118
0	1.017	0	0	0	0	1.017	1.03	0	0	0	1.017	1.03	0	0	0	0	0	0	0	0	0	0	0	0	0	0	0	0	0	0.4	0	0.25	0	0	0	0	0	0	0	0	0.708
1.962	0	0	0	0	1.882	0	0	0	0	2.896	0	0	0	0	0.667	0	0	0	0	1	0	0	0	0	0.667	0	0	0	0	0	0.6	0	0	0	0	0	0	0	0	0	0.372
0	0	0	0	0	0	0	0	0	0	0	0	0	0	0	0	0	0	0	0	0	0	0	0	0	0	0	0	0	0	0.2	0.25	0	0.111	0.5	0	0	0.2	0	1	0	0.386
0	0	0	0	0	0	0	0	0	0	0	0	0	0	0	0	0	0	0	0	0	0	0	0	0	0	0	0	0	0	0.5	0.667	1	1	1	0.75	1	1	1	1	0	0.791
0	0	0	0	0	4.167	4.169	4.041	4.211	3.904	0	0	0	0	0	0.333	0.167	0.167	0.333	0.167	0.333	0.167	0.167	0.333	0.167	0	0	0	0	0	0	0	0	0	0	0	0	0	0	0	0.717	0.175
2.837	0.94	0	0	0	7.604	3.336	0	3.518	0	4.767	2.396	0	3.518	0	0.238	0.333	0	0.667	0	0.238	0.333	0	0.667	0	0.5	1	0	0.667	0	0	0.333	1	0.222	0	0	0	1	0	0.143	0.415	0.421
0	0	0	0	0	0	0	0	0	0	0	0	0	0	0	0	0	0	0	0	0	0	0	0	0	0	0	0	0	0	0	0.25	0.667	0.5	0	0	0	0.333	0	0	0	0.360
0	0	0	0	0	0	0	0	0	0	0	0	0	0	0	0	0	0	0	0	0	0	0	0	0	0	0	0	0	0	0	0.222	0.2	0.8	0	0	0.667	0	1	0	0	0.699
0	0	0	0	0	4.466	3.474	4.36	3.329	5.147	0	0	0	0	0	0.333	0.667	0.167	0.333	0.3	0.333	0.667	0.167	0.333	0.3	0	0	0	0	0	0	0	0	0	0	0	0	0	0	0	0.419	0.159
0	0	0	0	0	0	0	0	0	0	0	0	0	0	0	0	0	0	0	0	0	0	0	0	0	0	0	0	0	0	0.8	0.4	0.25	1	0.4	0.6	0.2	0.25	1	0.2	0	0.978
0	0	0	0	0	0	0	0	0	0	0	0	0	0	0	0	0	0	0	0	0	0	0	0	0	0	0	0	0	0	0.778	0.2	0	0.333	0.2	1	0	0	0.333	0.2	0	0.935
0	0	0	0	0	0	0	0	0	0	0	0	0	0	0	0	0	0	0	0	0	0	0	0	0	0	0	0	0	0	0	0	0	0	0	0	0	0	0	0	0.559	0.079
0	0	0	0	0	0	0	0	0	0	0	0	0	0	0	0	0	0	0	0	0	0	0	0	0	0	0	0	0	0	0.5	0.4	0.25	0	0	0	1	0	0	0	0	0.854
0	0	0	0	0	0	0	0	0	0	0	0	0	0	0	0	0	0	0	0	0	0	0	0	0	0	0	0	0	0	0	0	0	0	0	0	0	0	0	0	0.298	0.535
0	0	0	0	0	0	0	0	0	0	0	0	0	0	0	0	0	0	0	0	0	0	0	0	0	0	0	0	0	0	1	0.4	1	0.6	0.6	0.667	0	0.2	0.2	0.2	0.197	0.952
0	0	0	0	0	0	0	0	0	0	0	0	0	0	0	0	0	0	0	0	0	0	0	0	0	0	0	0	0	0	0	0.8	0	0.2	0	0	0.4	0	0	0.6	0	0.532
0	0	24.413	62.602	3.888	0	1.904	30.691	69.302	8.868	0	0	0	0	0	0	1	0.57	0.316	0.889	0	1	0.57	0.316	0.889	0	0	0	0	0	0	0	0	0	0	1	1	0	0	0.2	0	0.795
0	0	0	0	0	0	0	0	0	0	0	0	0	0	0	0	0	0	0	0	0	0	0	0	0	0	0	0	0	0	0	0	0	0	0	0	0	0	0	0	0.716	0.177
0.939	0	0	0	0	0.939	0	0	0	0	0.939	0	0	0	0	0	0	0	0	0	0	0	0	0	0	0	0	0	0	0	0	0.333	0	0	0	0	0	0	0	0	0.415	0.267
0	0	0	0	0	0	0	0	0	0	0	0	0	0	0	0	0	0	0	0	0	0	0	0	0	0	0	0	0	0	0.667	0.75	0.25	0.6	0.4	0.667	0.5	0	0	0.4	0	0.966
0	0	0	0	0	0	0	0	0	0	0	0	0	0	0	0	0	0	0	0	0	0	0	0	0	0	0	0	0	0	0.4	0	0.2	0.6	0.6	0.2	0	0	0.8	0	0	0.604
0	0	0	0	0	0	0	0	0	0	0	0	0	0	0	0	0	0	0	0	0	0	0	0	0	0	0	0	0	0	1	0.75	0.2	0	0.6	1	1	0	0	0	0	0.992
0	0	2.115	0	0	0	0	2.115	0	0	0	0	2.115	0	0	0	0	1	0	0	0	0	1	0	0	0	0	1	0	0	0.286	0	0	0	0.25	0	0	0	0	0.25	0.716	0.310
0	0	0	0	0	0	0	0	0	0	0	0	0	0	0	0	0	0	0	0	0	0	0	0	0	0	0	0	0	0	0	0.2	0	0.4	0	0	0	0	0	0	0.298	0.316
0	0	0	0	0	0	0	0	0	0	0	0	0	0	0	0	0	0	0	0	0	0	0	0	0	0	0	0	0	0	0	0	0	0	0	0	0	0	0	0	0.296	0.469
0	0	0	0	0	0	0	0	0	0	0	0	0	0	0	0	0	0	0	0	0	0	0	0	0	0	0	0	0	0	0.6	0.8	0.75	0.5	0.667	0	0.6	0.5	0.25	0.667	0	0.772
31.506	39.285	25.526	28.844	28.351	40.068	48.252	33.972	37.44	35.816	0	0	0	0	0	0.633	0.528	0.731	0.692	0.716	0.633	0.528	0.731	0.692	0.716	0	0	0	0	0	0	0	0	0.2	0	0	0	0	0	0	0.298	0.178
0	0.953	0	0	0	2.823	3.982	0.929	4.837	1.914	0	0	0	0	0	0.333	0.333	0	0.1	0	0.333	0.333	0	0.1	0	0	0	0	0	0	0	0	0	0	0	0	0	0	0	0	0.298	0.094
0.94	1.064	0	0	0	0.94	2.261	0	0	0	0.94	2.261	0	0	0	0	1	0	0	0	0	1	0	0	0	0	1	0	0	0	0.6	0	0.714	0.571	0	0	0	0.714	0	0	0	0.744
4.922	0	0	0	0	4.922	0	0	0	0	2.011	0	0	0	0	0.3	0	0	0	0	0.3	0	0	0	0	0	0	0	0	0	0.4	0.25	0.4	0.4	0.571	0.8	0.5	0	0.2	0.857	0	0.507
2.887	0	0	0	0	2.887	0	0	0	0	1.939	0	0	0	0	0.667	0	0	0	0	0.667	0	0	0	0	0	0	0	0	0	0.111	0.571	0.75	0.6	0.25	0	0.429	0	0	0	0.298	0.439
27.331	37.008	12.689	0	3.818	34.472	44.513	18.864	1.883	6.772	0	0	0	0	0	0.496	0.426	0.649	1	0.905	0.496	0.426	0.649	1	0.905	0	0	0	0	0	0	0	0	0	0	0	0	0	0	0	0.419	0.119
0	0	0	0	0	0	0	0	0	0	0	0	0	0	0	0	0	0	0	0	0	0	0	0	0	0	0	0	0	0	0	0	0	0	0	0.25	0.4	0	0	0.571	0	0.450
0	0	0	0	0	0	0	0	0	0	0	0	0	0	0	0	0	0	0	0	0	0	0	0	0	0	0	0	0	0	0	0	0	0	0	0	0	0	0	0	0.557	0.217
0	0	6.301	0	0	0	0	7.407	0	0	0	0	3.305	0	0	0	0	0.333	0	0	0	0	0.333	0	0	0	0	0	0	0	0.375	0.375	0.4	0.4	0	0.375	0.375	0	0.2	0	0	0.863
0	0	0	0	0	0	0	0	0	0	0	0	0	0	0	0	0	0	0	0	0	0	0	0	0	0	0	0	0	0	0	0	0	0	0	0	1	0	0	0	0.713	0.630
0	0	0	0	0	3.066	3.147	2.989	2.94	1.033	0	0	0	0	0	0	0	0	0	0	0	0	0	0	0	0	0	0	0	0	0	0	0	0	0	0	0	0	0	0	0.718	0.178
0	0	0	0	0	0	0	0	0	0	0	0	0	0	0	0	0	0	0	0	0	0	0	0	0	0	0	0	0	0	0.2	0.2	0	0.6	0.143	0.2	0	0	0	0.714	0	0.658
0	0	1.016	1.046	0	0	0	1.039	2.086	0	0	0	2.055	2.086	0	0	0	1	1	0	0	0	0	0	0	0	0	1	1	0	0	0	0	0	0	0	0	0	0	0	0	0.761
0	0	0	0	1.928	0	0	0	0	1.928	0	0	0	0	0	0	0	0	0	1	0	0	0	0	1	0	0	0	0	0	0	0.667	0	0	0.8	0	0.444	0	0	0.8	0.716	0.201
0	0	0	0	0	0	0	0	0	0	0	0	0	0	0	0	0	0	0	0	0	0	0	0	0	0	0	0	0	0	0	0.25	0	0	0	0	0	0	0	0	0.417	0.182
4.911	0	2.989	7.989	0	9.412	2.051	8.305	12.499	5.499	0	0	0	0	0	0.778	0	0.643	0.727	0.6	0.778	0	0.643	0.727	0.6	0	0	0	0	0	0	0.333	0	0	1	0	1	0	0	1	0.198	0.164
0	0	0	0	0	0	0	0	0.986	0	0	0	0	0	0	0	0	0	0	0	0	0	0	0	0	0	0	0	0	0	0	0	0	0	0	0	0	0	0	0	0.554	0.223
0	0	0	0	1.921	0	0	0	0	1.921	0	0	0	0	0	0	0	0	0	0	0	0	0	0	0	0	0	0	0	0	0	0.5	0.2	0	1	0.25	1	0	0.2	1	0	0.745
0	0	0	0	0	0	0	0	0	0	0	0	0	0	0	0	0	0	0	0	0	0	0	0	0	0	0	0	0	0	1	0.6	0	0.2	1	1	0	0	0	0.8	0	0.998
32.433	45.583	45.158	0	27.032	40.089	55.285	53.005	0	34.481	0	0	0	0	0	0.648	0.502	0.499	0	0.759	0.648	0.502	0.499	0	0.759	0	0	0	0	0	0	0	0.2	0.333	0	0	0	0	1	0.333	0	0.239
0	10.522	45.583	27.581	32.433	0	18.784	55.285	35.249	40.089	0	0	0	0	0	0	0.854	0.502	0.738	0.648	0	0.854	0.502	0.738	0.648	0	0	0	0	0	0.333	0	0	0	0	1	0	0	0	0	0	0.818
0	0	2.937	0	0	0	0	2.937	0	0	0	0	0	0	0	0	0	0.333	0	0	0	0	0.333	0	0	0	0	0	0	0	0	0.714	0.5	0.2	0.6	0	0.286	0	0	0	0.299	0.318
0	0	0	0	0	0	0	0	0	0	0	0	0	0	0	0	0	0	0	0	0	0	0	0	0	0	0	0	0	0	0.6	0.2	0.5	1	0.4	0	0	1	1	0.2	0	0.900
0	0	0	0	0	0	0	0	0	0	0	0	0	0	0	0	0	0	0	0	0	0	0	0	0	0	0	0	0	0	0.8	1	0	1	0.75	1	1	0	1	0	0.117	0.957
0	0	0	0	0	0	0	0	0	0	0	0	0	0	0	0	0	0	0	0	0	0	0	0	0	0	0	0	0	0	0	0	0	0	0	0	0	0	0	0	0.557	0.215
0.933	16.369	1.931	17.774	7.713	3.865	22.368	5.802	23.649	13.474	0	0	0	0	0	0.5	0.625	0.467	0.547	0.637	0.5	0.625	0.467	0.547	0.637	0	0	0	0	0	0	0	0	0	0	0	0	0	0	0	0.298	0.139
0	0	0	0	0	0	0	0	0	0	0	0	0	0	0	0	0	0	0	0	0	0	0	0	0	0	0	0	0	0	0	0	0	0	0	0	0	0	0	0	0	0.529
0	0	0	0	0	0	0	0	0	0	0	0	0	0	0	0	0	0	0	0	0	0	0	0	0	0	0	0	0	0	0	0	0	0.333	0	0	0	0	0.333	0	0	0.381
1.028	0	0	0	0	1.028	0	0	0	0	0	0	0	0	0	0	0	0	0	0	0	0	0	0	0	0	0	0	0	0	0.2	0.4	0	0	0.2	0	0	0	0	0	0	0.442
0	0	0	0	0	0	0	0	0	0	0	0	0	0	0	0	0	0	0	0	0	0	0	0	0	0	0	0	0	0	0.4	0	0	0	0.4	0	0	0	0	1	0	0.819
0	0	0	0	0	0.957	0	0	0	0	0	0	0	0	0	0	0	0	0	0	0	0	0	0	0	0	0	0	0	0	0	0	0	0	0	0.8	0	0	0	0	0	0.222
0	0	0	0	0	0	0	0	0	0	0	0	0	0	0	0	0	0	0	0	0	0	0	0	0	0	0	0	0	0	0	0	0	0	0	0	0	0	0	0	0.117	0.100
0	0	0	0	0	4.515	0.931	3.329	0	3.474	0	0	0	0	0	0.5	0	0.333	0	0.667	0.5	0	0.333	0	0.667	0	0	0	0	0	0	0	0	0	0	0	0	0	0	0	0.197	0.164
0	0	0	0	0	0	0	0	0	0	0	0	0	0	0	0	0	0	0	0	0	0	0	0	0	0	0	0	0	0	0	0	0.25	0.4	0	0	0	0	1	0	0.3	0.507
50.734	14.516	57.586	7.786	27.581	58.956	20.564	66.026	15.887	35.249	0	0	0	0	0	0.438	0.852	0.372	0.792	0.738	0.438	0.852	0.372	0.792	0.738	0	0	0	0	0	0	0	0	0	0	0.2	0	0	0	0	0	0.191
0	0	0	0	0	0	0	0	0	0	0	0	0	0	0	0	0	0	0	0	0	0	0	0	0	0	0	0	0	0	0	0	0	0	0	0	0	0	0	0	0.715	0.462
0	0	0	0	0	0	0	0	0	0	0	0	0	0	0	0	0	0	0	0	0	0	0	0	0	0	0	0	0	0	0.75	0	1	0.2	0.2	1	0	1	0	0	0	0.990
0	0	0	0	4.084	0	0	1.943	0	8.319	0	0	0	0	0	0	0	0	0	0.786	0	0	0	0	0.786	0	0	0	0	0	0	0	0	0	0	0	0	0	0	0	0.714	0.162
0	0	0	0	0	0	0	0.994	0	0.984	0	0	0	0	0	0	0	0	0	0	0	0	0	0	0	0	0	0	0	0	0	0	0	0	0	0	0	0	0	0	0.296	0.196
0	0	0	0	0	0	0	0	0	0	0	0	0	0	0	0	0	0	0	0	0	0	0	0	0	0	0	0	0	0	0.2	0.8	1	1	0.4	0	0.6	1	1	0.2	0	0.617
0	0	0	0.981	0	0	0	0	0.981	0	0	0	0	0	0	0	0	0	0	0	0	0	0	0	0	0	0	0	0	0	0	0.4	0.667	0.2	0.4	0	0.4	1	0.2	0.8	0	0.915
0	0	0	0	0	0	0	0	0	0	0	0	0	0	0	0	0	0	0	0	0	0	0	0	0	0	0	0	0	0	0	0	0	0	0	0	0	0	0	0	0.12	0.159
0	5.502	0	3.848	0	0	6.663	0	3.848	0	0	3.344	0	3.848	0	0	0.8	0	0.167	0	0	0.8	0	0.167	0	0	0.667	0	0.167	0	0	0	0	0	0	0	0	0	0	0	0.415	0.576
1.921	0	0	0	0	1.921	0	0	0	0	0	0	0	0	0	0	0	0	0	0	0	0	0	0	0	0	0	0	0	0	1	0.2	0.25	0	0	1	0	0.625	0.25	0	0.198	0.597
0	0	0	0	0	0	0	0	0	0	0	0	0	0	0	0	0	0	0	0	0	0	0	0	0	0	0	0	0	0	0	0	0	0	0	0	0	0	0	0	0.717	0.104
0	0	0	0	0	0	0	0	0	0	0	0	0	0	0	0	0	0	0	0	0	0	0	0	0	0	0	0	0	0	0.2	0.4	0	0.857	0	0	0	0	0.714	0	0	0.356
0	0	0	0	0	0	0	0	0	0	0	0	0	0	0	0	0	0	0	0	0	0	0	0	0	0	0	0	0	0	0	0	0	0	0	0	0	0	0	0	0.893	0.301
0	0	0	0	0	0	0	0	0	0	0	0	0	0	0	0	0	0	0	0	0	0	0	0	0	0	0	0	0	0	0	0	0	0.2	0	0	0	0	0	0	0	0.672
0	1.007	0	0	0	0	1.007	0	0	0	0	0	0	0	0	0	0	0	0	0	0	0	0	0	0	0	0	0	0	0	0.6	0.4	0.6	0.6	0.4	0.8	0	0.2	0	0	0.117	0.972
0	0	0	0	0	0	0	0	0	0	0	0	0	0	0	0	0	0	0	0	0	0	0	0	0	0	0	0	0	0	0	0	0	0	0	0	0	0	0	0	0.716	0.452
0	0	0	0	0	0	0	0	0	0	0	0	0	0	0	0	0	0	0	0	0	0	0	0	0	0	0	0	0	0	0	0	0	0	0	0	0	0	0	0	0.557	0.310
0	0	0	1.017	2.201	1.03	0	0	1.017	3.197	1.03	0	0	1.017	2.162	0	0	0	0	1	0	0	0	0	1	0	0	0	0	1	0.25	0.4	0	0	0	0	0	0	0	0	0	0.366
0	0	0	0	0	0	0	0	0	0	0	0	0	0	0	0	0	0	0	0	0	0	0	0	0	0	0	0	0	0	0.6	0.333	0	0.2	0.2	0	0	0	0	0	0.42	0.468
0	0	0	0	0	0	0	0	0	0	0	0	0	0	0	0	0	0	0	0	0	0	0	0	0	0	0	0	0	0	0	0	0	0	0	0.333	0	0	0	0	0.117	0.460
0	0	0	0	0	0	0	0	0	0	0	0	0	0	0	0	0	0	0	0	0	0	0	0	0	0	0	0	0	0	0	0	0	0	0	0	0	0	0	0	0	0.427
0	0	0	0	0	0	0	0	0	0	0	0	0	0	0	0	0	0	0	0	0	0	0	0	0	0	0	0	0	0	0.667	1	0.5	0.5	1	1	1	0.75	0.5	1	0.19	0.983
24.413	0	3.888	0	0	30.691	0	8.868	1.904	0	0	0	0	0	0	0.57	0	0.889	1	0	0.57	0	0.889	1	0	0	0	0	0	0	0	0	0	0	0.333	0	1	0.2	1	0.667	0	0.238
0	0	0	0	0	0	0	0	0	0	0	0	0	0	0	0	0	0	0	0	0	0	0	0	0	0	0	0	0	0	0	0	0	0.2	0	0	0	0	0.8	0	0	0.262
0	0	0	0	0	0	0	0	0	0	0	0	0	0	0	0	0	0	0	0	0	0	0	0	0	0	0	0	0	0	0	0	0	0	0	0	0	0	0	0	0.9	0.234
0	1.962	0	0	5.21	0	1.882	0	0	7.305	0	2.896	0	0	4.184	0	0.667	0	0	0.667	0	1	0	0	0.619	0	0.667	0	0	0.667	0	0	0	0.6	0.2	0	0	0	0	0	0.42	0.211
0	0	0	0	0	0	0	0	0	0	0	0	0	0	0	0	0	0	0	0	0	0	0	0	0	0	0	0	0	0	0	0.6	0.2	0.333	0.714	0	0	0	0	0.286	0.42	0.582
0	0	0	0	0	0	0	0	1.008	0	0	0	0	0	0	0	0	0	0	0	0	0	0	0	0	0	0	0	0	0	0	0	0	0	0	0	0	0	0	0	0.419	0.205
0	0	0	0	0	0.978	0.944	0	3.904	0	0	0	0	0	0	0	0	0	0.167	0	0	0	0	0.167	0	0	0	0	0	0	0	0	0	0	0	0	0	0	0	0	0.897	0.208
0	0	0	0	0	0	0	0	0	0	0	0	0	0	0	0	0	0	0	0	0	0	0	0	0	0	0	0	0	0	0	0	0	0	0	0	0	0	0	0	0.715	0.210
3.087	0	0	0	0	4.284	0	0	0	0	4.284	0	0	0	0	0.333	0	0	0	0	0.333	0	0	0	0	0.333	0	0	0	0	0.2	0	0.667	0.714	0.2	0	0	0	0.714	0.2	0.198	0.274
4.093	0	3.928	2.161	4.286	8.828	4.045	7.984	6.557	8.069	5.67	4.045	6.662	4.396	7.938	0.476	0.667	0.333	0.8	0.429	0.476	0.667	0.333	0.8	0.524	0.333	0	0.133	0.333	0.19	0	0	0	0	0	0	0	0	0	0	0.713	0.225
0	0	0	0	0	0	0	0	0	0	0	0	0	0	0	0	0	0	0	0	0	0	0	0	0	0	0	0	0	0	0.2	0.4	0.2	0.25	0	0	0	0	0	0.2	0	0.517
0	0	0	4.2	0.94	3.779	1.945	3.518	8.711	3.336	3.779	1.945	3.518	4.511	2.396	0.667	1	0.667	0.25	0.333	0.667	1	0.667	0.25	0.333	0.667	1	0.667	0.5	1	0	0	0.222	0	0.333	0	0	0	0	0	0.894	0.599
0	0	0	0	0	0	0	0	0	0	0	0	0	0	0	0	0	0	0	0	0	0	0	0	0	0	0	0	0	0	0	0	0	0.8	0.4	0	0	0.6	0.4	0.2	0	0.634
0	0	0	0	0	0	0	0	0	0	0	0	0	0	0	0	0	0	0	0	0	0	0	0	0	0	0	0	0	0	0.667	1	0	0	0.25	0.667	0.4	0	0	0	0	0.943
0	0	0	0	-1	0	0	0	0	-1	0	0	0	0	-1	0	0	0	0	-1	0	0	0	0	-1	0	0	0	0	-1	0	0	0	0	-1	0	0	0	0	-1	0.899	1.000
0	0	0	0	0	4.041	4.167	3.904	4.169	0.944	0	0	0	0	0	0.167	0.333	0.167	0.167	0	0.167	0.333	0.167	0.167	0	0	0	0	0	0	0	0	0	0	0	0	0	0	0	0	0.118	0.262
31.772	7.704	6.74	1.897	0	38.663	11.476	10.542	4.779	0.938	0	0	0	0	0	0.435	0.485	0.545	0.7	0	0.435	0.485	0.545	0.7	0	0	0	0	0	0	0	0	0	0.333	0	0	0	0	0.667	0	0	0.155
0	0	0	0	0	0	0	0	0	0	0	0	0	0	0	0	0	0	0	0	0	0	0	0	0	0	0	0	0	0	0	0.778	0.2	0.2	0.25	0	1	0.2	0	0	0	0.460
5.21	0	3.848	0	5.502	7.305	0	3.848	0	6.663	4.184	0	3.848	0	3.344	0.667	0	0.167	0	0.8	0.619	0	0.167	0	0.8	0.667	0	0.167	0	0.667	0.2	0	0	0	0	0	0	0	0	0	0	0.210
0	0	0	0	0	0	0	0.957	0	0	0	0	0	0	0	0	0	0	0	0	0	0	0	0	0	0	0	0	0	0	0	0	0	0	0	0	0	0.8	0	0	0	0.259
0	0	7.989	0	0	0	0	12.499	0	2.051	0	0	0	0	0	0	0	0.727	0	0	0	0	0.727	0	0	0	0	0	0	0	0	0	0	0	0.333	0	1	0	0	1	0	0.235
0	0	2.03	0	0	0	0.976	5.103	0	0	0	0.976	3.074	0	0	0	0	0.3	0	0	0	0	0.3	0	0	0	0	0	0	0	0	0	0	0	0	0	0.333	0	0.2	0	0.415	0.240
0.973	6.696	3.815	7.713	10.959	5.764	10.713	9.504	13.474	17.082	0	0	0	0	0	0.467	0.764	0.4	0.637	0.537	0.467	0.764	0.4	0.637	0.537	0	0	0	0	0	0	0	0	0	0	0	0.75	0	0	1	0.197	0.148
0	0	0	0	0	0	0	0	0	0	0	0	0	0	0	0	0	0	0	0	0	0	0	0	0	0	0	0	0	0	0.2	1	0.6	0.75	0.5	0	1	0	1	1	0	0.691
0	0	0	0	2.015	0	0	0	0	2.015	0	0	0	0	0	0	0	0	0	1	0	0	0	0	1	0	0	0	0	0	0.2	0	0	0.25	0	0	0	0	0.625	0	0	0.595
10.618	27.941	17.774	24.148	16.369	17.635	35.978	23.649	30.114	22.368	0	0	0	0	0	0.582	0.398	0.547	0.413	0.625	0.582	0.398	0.547	0.413	0.625	0	0	0	0	0	0	0	0	0	0	0.625	0	0	0	0	0	0.307
0	0	0	2.204	0	0	0	0	4.164	0	0	0	0	1.96	0	0	0	0	0.5	0	0	0	0	0.5	0	0	0	0	1	0	0.75	0.2	0.8	0	0.625	1	0	0.8	0.4	1	0	0.962
0	0	0	0	0	2.848	1.914	0.968	0.929	0	0	0	0	0	0	0	0	0	0	0	0	0	0	0	0	0	0	0	0	0	0	0	0	0	0	0	0	0	0	0	0	0.078
0	0.929	7.754	0	0	4.9	7.746	13.678	0	1.947	0	0	0	0	0	0.2	0.393	0.418	0	0	0.2	0.393	0.418	0	0	0	0	0	0	0	0	0	0	0	0	0	0	0	0	0	0	0.139
0	0	1.921	0	0	0	0	1.921	0	0	0	0	0	0	0	0	0	0	0	0	0	0	0	0	0	0	0	0	0	0	0.2	0	1	0.5	0.25	0	0.25	1	1	0.625	0	0.767
12.689	27.331	3.818	37.008	23.269	18.864	34.472	6.772	44.513	29.42	0	0	0	0	0	0.649	0.496	0.905	0.426	0.545	0.649	0.496	0.905	0.426	0.545	0	0	0	0	0	0	0	0	0	0	0	0	0	0	0	0.12	0.195
0	0	1.028	0	0	0	0	1.028	0	0	0	0	0	0	0	0	0	0	0	0	0	0	0	0	0	0	0	0	0	0	0.4	0	0.2	0	0	0	0	0	0	0	0	0.824
1.017	0	0	0	0	1.017	0	0	0	0	1.017	0	0	0	0	0	0	0	0	0	0	0	0	0	0	0	0	0	0	0	0.5	0	0	1	0.2	0	0.2	0	0.8	0.4	0	0.697
0	0	0	0	0	0	0	0	0	0	0	0	0	0	0	0	0	0	0	0	0	0	0	0	0	0	0	0	0	0	0	0	0	0	0	0	0	0	0	0	0.299	0.256
0	0	0	0	2.115	0	0	0	0	2.115	0	0	0	0	2.115	0	0	0	0	1	0	0	0	0	1	0	0	0	0	1	0	0	0.286	0	0	0	0	0	0	0	0.715	0.288
0	0	0	0	0	0	0	0	0	0	0	0	0	0	0	0	0	0	0	0	0	0	0	0	0	0	0	0	0	0	0.25	0	0	0	0.857	0	0	0	0	0.714	0.294	0.665
0	0	0	0	0.928	0	0	0	0	0.928	0	0	0	0	0	0	0	0	0	0	0	0	0	0	0	0	0	0	0	0	0	0	0	0	0	0	0	0	0	0	0	0.291
0	0	0	0	0	0	0	0	0	0	0	0	0	0	0	0	0	0	0	0	0	0	0	0	0	0	0	0	0	0	1	0.25	0.2	0.75	1	0	0	0	0	1	0	0.972
0	0	0	0	0	0	0	0	0	0	0	0	0	0	0	0	0	0	0	0	0	0	0	0	0	0	0	0	0	0	0.25	0.5	0	0.4	0	0	0	0	1	0	0	0.662
0	0	0	0.953	0	0.929	2.823	1.914	3.982	2.848	0	0	0	0	0	0	0.333	0	0.333	0	0	0.333	0	0.333	0	0	0	0	0	0	0	0	0	0	0	0	0	0	0	0	0.414	0.112
0	0	0	0	0	0	0	0	0	0	0	0	0	0	0	0	0	0	0	0	0	0	0	0	0	0	0	0	0	0	0	0.4	0.667	0.857	0	0	0	0.444	1	0	0.199	0.958
0	0	0	6.301	0	0	0	0	7.407	0	0	0	0	3.305	0	0	0	0	0.333	0	0	0	0	0.333	0	0	0	0	0	0	0.5	0	0.875	0.4	0.6	1	0	0.125	0	0.8	0.294	0.961
0	0	0.928	0	0	0	0	0.928	0	0	0	0	0	0	0	0	0	0	0	0	0	0	0	0	0	0	0	0	0	0	0	0	0	0	0	0	0	0	0	0	0	0.229
24.115	0	0.937	24.151	3.804	29.963	0	5.678	28.075	8.678	0	0	0	0	0	0.52	0	0.8	0.608	0.972	0.52	0	0.8	0.608	0.972	0	0	0	0	0	0.25	0	0	0	0	0.25	0	0	0.333	0	0	0.259
0	0	0	0	0.945	0	0	0	0	0.945	0	0	0	0	0.945	0	0	0	0	0	0	0	0	0	0	0	0	0	0	0	0	0	0.4	0	0	0.6	0	0.2	0	0	0.298	0.647
0	0	0	0	0	0	0	0	0	0	0.946	0	0	0	0	0	0	0	0	0	0	0	0	0	0	0	0	0	0	0	0	0	0.6	0	0	0	0	0.8	0	0	0	0.675
0	0	0	0	0	0	0	0	0	0	0	0	0	0	0	0	0	0	0	0	0	0	0	0	0	0	0	0	0	0	0	0	0	0	0	0	0	0	0	0	0.118	0.638
0	0	0	0	0	0	0	0	0	0	0	0	0	0	0	0	0	0	0	0	0	0	0	0	0	0	0	0	0	0	0	0	0	0	0	0	0	0	0	0	0.893	0.181
0	0	0	0	0	0	0	0	0	0	0	0	0	0	0	0	0	0	0	0	0	0	0	0	0	0	0	0	0	0	0	0	0	0	0	0	0	0	1	0.625	0.415	0.620
0	0	0	0	0	0	0	0	0	0	0	0	0	0	0	0	0	0	0	0	0	0	0	0	0	0	0	0	0	0	0.333	0	0	0.6	0	0.333	0	0	0.2	0	0.298	0.882
0	0	0	0	0	0	0	0	0	0	0	0	0	0	0	0	0	0	0	0	0	0	0	0	0	0	0	0	0	0	0	0	0	0	0	0	0	0	0	0	0	0.501
0	0	0	0	0	0	0	0	0	0	0	0	0	0	0	0	0	0	0	0	0	0	0	0	0	0	0	0	0	0	0	0	0	0	0	0	0	0	0	0	0.298	0.465
0	0	0	0	0	0	0	0	0	0	0	0	0	0	0	0	0	0	0	0	0	0	0	0	0	0	0	0	0	0	0	0	0	0	0	0	0	0	0	0	0	0.471
25.121	20.635	12.388	13.484	21.591	33.473	27.744	19.053	20.43	29.561	0	0	0	0	0	0.773	0.844	0.895	0.876	0.837	0.773	0.844	0.895	0.876	0.837	0	0	0	0	0	0	0	0	0	0	0	0	0	0	0	0	0.423
0	0	0	0	0	0	0	0.976	0	0	0	0	0.976	0	0	0	0	0	0	0	0	0	0	0	0	0	0	0	0	0	0	0	0	0	0	0.2	0	0.333	0	0	0.419	0.501
0	0	0	0	0	0	0	0	0	0	0	0	0	0	0	0	0	0	0	0	0	0	0	0	0	0	0	0	0	0	0	0	0	0	0	0	0	0	0	0	0	0.469
0	0	0	0	0	0	0	0	0	0	0	0	0	0	0	0	0	0	0	0	0	0	0	0	0	0	0	0	0	0	0.25	0.5	0	0.857	0.667	0	0	0	1	0.333	0	0.513
0	0	0	0	0	0	0	0	0	0	0	0	0	0	0	0	0	0	0	0	0	0	0	0	0	0	0	0	0	0	0	0	0	0	0	0	0	0	0	0	0.292	0.733
0	0	5.921	0	0	0	0	6.943	0	0	0	0	2.965	0	0	0	0	0.286	0	0	0	0	0.286	0	0	0	0	0	0	0	0	0	0	0	1	0	0	0	0	1	0.196	0.214
0	0	0.953	0.982	0	4.837	1.902	3.982	6.8	2.823	0	0	0	0	0	0.1	1	0.333	0.286	0.333	0.1	1	0.333	0.286	0.333	0	0	0	0	0	0	0	0	0	0	0	0	0	0	0	0.195	0.095
0.94	0	0	0	3.825	1.888	0	0	0	5.081	1.888	0	0	0	1.256	1	0	0	0	0.4	1	0	0	0	0.4	1	0	0	0	0	0	0	0	0.25	0	0	0.667	0	0	0	0	0.361
0	0	0	0	0	0	0	0	0	0	0	0	0	0	0	0	0	0	0	0	0	0	0	0	0	0	0	0	0	0	0	0	0	0	0	0	0	0	0	0	0.717	0.980
0	0	0	0	0	0	0	0	0	0	0	0	0	0	0	0	0	0	0	0	0	0	0	0	0	0	0	0	0	0	0	0	0	0	0	0	0	0	0	0	0.717	0.300
0	1.921	0	0	0	0	1.921	0	0	0	0	0	0	0	0	0	0	0	0	0	0	0	0	0	0	0	0	0	0	0	0.25	1	0	0.2	0.2	0.625	1	0	0	0	0	0.576
0	0	0	0	0	0	0	0	0	0	0	0	0	0	0	0	0	0	0	0	0	0	0	0	0	0	0	0	0	0	0	0	0	0	0	0	0	0	0	0	0	0.385
0	0	0	0	0	0	0	0	0	0	0	0	0	0	0	0	0	0	0	0	0	0	0	0	0	0	0	0	0	0	0	0	0	0	0	0	0	0	0	0	0.198	0.426
0	0	0	0	0	0	0	0	0	0	0	0	0	0	0	0	0	0	0	0	0	0	0	0	0	0	0	0	0	0	0	0	0	0	0	0	0	0	0	0	0.415	0.136
23.269	3.818	16.53	12.689	10.563	29.42	6.772	22.653	18.864	15.365	0	0	0	0	0	0.545	0.905	0.688	0.649	0.792	0.545	0.905	0.688	0.649	0.792	0	0	0	0	0	0	0	0	0	0	0	0	0	0	0	0	0.121
0.982	1.863	0	0	0	6.8	7.871	1.902	1.947	4.837	0	0	0	0	0	0.286	0.286	1	0	0.1	0.286	0.286	1	0	0.1	0	0	0	0	0	0	0	0	0	0	0	0	0	0	0	0	0.092
0	0	0	0.933	0	0	0	0	0.933	0	0	0	0	0.933	0	0	0	0	0	0	0	0	0	0	0	0	0	0	0	0	0.25	0	0	0	0	0	0	0	0	0	0.018	0.621
0	0	0	0	0	0	0	0	0	0	0	0	0	0	0	0	0	0	0	0	0	0	0	0	0	0	0	0	0	0	0.6	0.2	1	0.4	0	0	0	1	0.2	0	0	0.772
45.583	0	32.433	10.522	45.158	55.285	0	40.089	18.784	53.005	0	0	0	0	0	0.502	0	0.648	0.854	0.499	0.502	0	0.648	0.854	0.499	0	0	0	0	0	0	0.333	0	0	0.2	0	1	0	0	0	0	0.137
0	0	0	0	0	0	0	0	0	0	0	0	0	0	0	0	0	0	0	0	0	0	0	0	0	0	0	0	0	0	0	0	0	0	0	0	0	0	0	0	0.897	0.446
0	0	0	0	0	0	0	0	0	0	0	0	0	0	0	0	0	0	0	0	0	0	0	0	0	0	0	0	0	0	0	0	0	0	0	0	0.25	0.571	0.4	0	0.42	0.436
0	0.981	0	0	0	0	0.981	0	0	0	0	0	0	0	0	0	0	0	0	0	0	0	0	0	0	0	0	0	0	0	0.4	0.2	0	0.714	0.667	0.4	0.2	0	0.857	1	0	0.823
0	0	0	0	0	0	0	0	0	0	0	0	0	0	0	0	0	0	0	0	0	0	0	0	0	0	0	0	0	0	0	0	0	0	0	0	0	0	0	0	0.292	0.271
0	0	3.087	0.94	0	0	0	4.284	0.94	0	0	0	4.284	0.94	0	0	0	0.333	0	0	0	0	0.333	0	0	0	0	0.333	0	0	0	0.714	0.2	0.6	0.667	0	0.714	0	0	0	0.718	0.244
0	0	0.94	0	2.837	3.518	3.779	3.336	1.945	7.604	3.518	3.779	2.396	1.945	4.767	0.667	0.667	0.333	1	0.238	0.667	0.667	0.333	1	0.238	0.667	0.667	1	1	0.5	0.222	0	0.333	0	0	0	0	0	0	0	0.898	0.497
0	0	0	0	0	0	0	0	0	0	0	0	0	0	0	0	0	0	0	0	0	0	0	0	0	0	0	0	0	0	0.2	0	0.714	0.6	0	0	0	0.286	0	0	0	0.739
0	0	0	0	0	0	0	0	0	0	0	0	0	0	0	0	0	0	0	0	0	0	0	0	0	0	0	0	0	0	0	0	0	0	0	0	0	0	0	0	0.419	0.200
62.602	40.881	0	17.922	0	69.302	48.236	1.904	23.387	0	0	0	0	0	0	0.316	0.398	1	0.625	0	0.316	0.398	1	0.625	0	0	0	0	0	0	0	0	0	0	0	0	0	1	0	1	0.717	0.272
0	0	0	0	0	0	0	0	0	0.994	0	0	0	0	0	0	0	0	0	0	0	0	0	0	0	0	0	0	0	0	0	0	0	0	0	0	0	0	0	0	0.716	0.218
0	0	0	5.502	0	0	0	0	6.663	0	0	0	0	3.344	0	0	0	0	0.8	0	0	0	0	0.8	0	0	0	0	0.667	0	0	0	0	0	0	0	0	0	0	0	0.893	0.705
0	0	0	0	0	0	0	0	0	0	0	0	0	0	0	0	0	0	0	0	0	0	0	0	0	0	0	0	0	0	0	0	0	0	0	0	0	0	0	0	0.716	0.210
0	0	0	0	0	0	0	0	0	0	0	0	0	0	0	0	0	0	0	0	0	0	0	0	0	0	0	0	0	0	1	1	0.8	0.4	0	1	1	1	0.6	0	0	0.985
0	0	0	0	0	0	0	0	0	0	0	0	0	0	0	0	0	0	0	0	0	0	0	0	0	0	0	0	0	0	0.2	0.667	0.857	0.4	0.4	0	0.667	1	0	0	0	0.779
0	0	0	0	5.921	0	0	0	0	6.943	0	0	0	0	2.965	0	0	0	0	0.286	0	0	0	0	0.286	0	0	0	0	0	0	0	0	0	0	0	0	0	0	0	0	0.418
0.974	0	0	0	0	0	0	0	0	0	0.974	0	0	0	0	0	0	0	0	0	0	0	0	0	0	0	0	0	0	0	0.8	0	0	1	0	0.8	0	1	1	0	0	0.767
0	-1	0	-1	0	0	-1	0	-1	0	0	-1	0	-1	0	0	-1	0	-1	0	0	-1	0	-1	0	0	-1	0	-1	0	0	-1	0	-1	0	0	-1	0	-1	0	0.899	1.000
0	0	0	0	0	0	0	0	0	0	0	0	0	0	0	0	0	0	0	0	0	0	0	0	0	0	0	0	0	0	0.2	0.2	0	0.4	0	0	0	0.2	0	0	0	0.244
11.498	50.974	0	0	37.008	16.61	57.306	1.883	0	44.513	0	0	0	0	0	0.787	0.36	1	0	0.426	0.787	0.36	1	0	0.426	0	0	0	0	0	0	0	0	0.333	0	0	0	0	0.667	0	0	0.189
0	0	0	0	0	0	0	0	0	0	0	0	0	0	0	0	0	0	0	0	0	0	0	0	0	0	0	0	0	0	0	0	0	0	0	0	0	0	0	0	0.556	0.561
0	0	0	0	0	0	0	0	0	0	0	0	0	0	0	0	0	0	0	0	0	0	0	0	0	0	0	0	0	0	0	0	0	0	0	0	0.333	0	0	0	0.558	0.165
0	0	0	0	0	0	0.957	0	0	0.957	0	0	0	0	0	0	0	0	0	0	0	0	0	0	0	0	0	0	0	0	0	0	0	0	0.333	0	0.8	0	0	0.333	0	0.285
0	0	0	0	0	0	0	0	0	0	0	0	0	0	0	0	0	0	0	0	0	0	0	0	0	0	0	0	0	0	0	0	0	0	0	0	0	0	0	0	0.713	0.211
0	0	1.017	0	0	0	0	1.017	0	0	0	0	1.017	0	0	0	0	0	0	0	0	0	0	0	0	0	0	0	0	0	0	1	0.5	1	0	0.2	0.8	0	0.333	0	0.298	0.500
0	0	0	0	0	0	0	0	0	0	0	0	0	0	0	0	0	0	0	0	0	0	0	0	0	0	0	0	0	0	0	0	0	0	0	0.571	0	0	0.25	0	0.418	0.507
0	0	0	0	0	0	0	0	0	0	0	0	0	0	0	0	0	0	0	0	0	0	0	0	0	0	0	0	0	0	0	0.25	0	0.25	0.4	0.143	0	0	0	0	0.418	0.395
0	0	0	0	0	0	0	0	0	0	0	0	0	0	0	0	0	0	0	0	0	0	0	0	0	0	0	0	0	0	0	0	0	0	0	0	0	0	0	0	0.893	0.154
0	0	0	0	0	0.944	3.904	0.978	4.041	0	0	0	0	0	0	0	0.167	0	0.167	0	0	0.167	0	0.167	0	0	0	0	0	0	0	0	0	0	0	0	0	0	0	0	0.713	0.192
0	0	0	0	0	0	0	0	0	0	0	0	0	0	0	0	0	0	0	0	0	0	0	0	0	0	0	0	0	0	0	0.2	0	1	0.8	0	0.2	0	1	1	0	0.936
0	0	0	0	0	0	0	0	0	0	0	0	0	0	0	0	0	0	0	0	0	0	0	0	0	0	0	0	0	0	0.25	0.25	0	0	0	0	0	0.143	0	0	0	0.716
4.743	9.581	0	3.866	0	6.687	14.369	0.933	6.721	0	0	0	0	0	0	0.857	0.762	0	0.762	0	0.857	0.762	0	0.762	0	0	0	0	0	0	0	0	0	0	0	0	0	0	0	0	0	0.174
0	0	0	0	0	0	0	0	0	0	0	0	0	0	0	0	0	0	0	0	0	0	0	0	0	0	0	0	0	0	0	0	0	0	0	0	0	0	0	0	0.893	0.174
28.351	25.526	28.054	31.506	21.5	35.816	33.972	35.503	40.068	28.639	0	0	0	0	0	0.716	0.731	0.709	0.633	0.8	0.716	0.731	0.709	0.633	0.8	0	0	0	0	0	0	0	0	0	0	0	0	0	0	0	0.72	0.094
20.635	13.484	25.121	27.032	12.388	27.744	20.43	33.473	34.481	19.053	0	0	0	0	0	0.844	0.876	0.773	0.759	0.895	0.844	0.876	0.773	0.759	0.895	0	0	0	0	0	0	0	0	0	0	0	0	0	0.333	0	0	0.317
30.87	0.976	34.353	16.867	7.786	40.3	4.837	42.713	24.451	15.887	0	0	0	0	0	0.563	0.8	0.59	0.612	0.792	0.563	0.8	0.59	0.612	0.792	0	0	0	0	0	0.2	0	0	0	0	0.2	0	0.75	0	0	0	0.289
0	0	0	0	0	0	0	0	0	0	0	0	0	0	0	0	0	0	0	0	0	0	0	0	0	0	0	0	0	0	0	0	0	0	0	0	0	0	0	0	0.2	0.242
0	0	0	0	0	0	0	0	0	0	0	0	0	0	0	0	0	0	0	0	0	0	0	0	0	0	0	0	0	0	1	0.5	0.667	1	0.5	1	0.5	1	1	0.75	0	0.997
0	0	0	0	0	0	0	0	3.014	0	0	0	0	0	0	0	0	0	0.667	0	0	0	0	0.667	0	0	0	0	0	0	0	0	0	0	0	0	0	0	0	0	0.718	0.177
0	0	4.084	0	1.992	1.943	0	8.319	0	7.355	0	0	0	0	0	0	0	0.786	0	0.571	0	0	0.786	0	0.571	0	0	0	0	0	0	0	0	0	0	0	0	0	0	0	0.56	0.169
0	0	0	0	0	0	0	0	0	0	0	0	0	0	0	0	0	0	0	0	0	0	0	0	0	0	0	0	0	0	0	0.667	0	0	0.4	0	0.333	0	0	0	0.196	0.487
0	0	0	0	0	0	0	0	0	0	0	0	0	0	0	0	0	0	0	0	0	0	0	0	0	0	0	0	0	0	0	0	0	0	0	0	0	0	0	0	0	0.487
0	0	0	0	0	0	0	0	0	0	0	0	0	0	0	0	0	0	0	0	0	0	0	0	0	0	0	0	0	0	0.5	0.857	0.25	0.5	0	0	1	0	0	0	0	0.855
0	0	0	0	0	3.904	4.041	0.944	4.167	0.978	0	0	0	0	0	0.167	0.167	0	0.333	0	0.167	0.167	0	0.333	0	0	0	0	0	0	0	0	0	0	0	0	0	0	0	0	0.718	0.194
0	3.006	0	0	0	0	4.112	0	0	0	0	1.106	0	0	0	0	0.667	0	0	0	0	0.667	0	0	0	0	0	0	0	0	0.4	0.333	0.375	0.4	0.375	0.2	0.778	0.375	0.6	0.375	0	0.844
28.054	28.351	21.5	25.526	35.199	35.503	35.816	28.639	33.972	42.567	0	0	0	0	0	0.709	0.716	0.8	0.731	0.606	0.709	0.716	0.8	0.731	0.606	0	0	0	0	0	0	0	0	0	0	0	0	0	0	0	0.897	0.145
2.03	0	0	0	0	5.103	0	0	0.976	2.015	3.074	0	0	0.976	2.015	0.3	0	0	0	1	0.3	0	0	0	1	0	0	0	0	0	0	0	0	0	0.333	0	0	0	0.333	0.667	0.199	0.510
0	24.151	24.115	1.871	0.937	0	28.075	29.963	1.871	5.678	0	0	0	0	0	0	0.608	0.52	1	0.8	0	0.608	0.52	1	0.8	0	0	0	0	0	0	0	0.25	0	0	0	0.333	0.25	0	0	0	0.325
31.325	22.452	20.757	12.346	20.398	39.498	30.413	28.708	18.158	28.455	0	0	0	0	0	0.668	0.83	0.825	0.924	0.847	0.668	0.83	0.825	0.924	0.847	0	0	0	0	0	0	0	0	0	0	0	0	0	0	0	0	0.176
0	0	0	0	0	0	0	0	0	0	0	0	0	0	0	0	0	0	0	0	0	0	0	0	0	0	0	0	0	0	0	0	0	0	0	0	0	0	0	0	0	0.649
0	0	0	2.837	0	0	0	0	7.604	0	0	0	0	4.767	0	0	0	0	0.238	0	0	0	0	0.238	0	0	0	0	0.5	0	0	1	0.6	0	0	0.143	1	0	0	0.2	0.299	0.472
7.989	0	0	0	4.911	12.499	0	2.051	0	9.412	0	0	0	0	0	0.727	0	0	0	0.778	0.727	0	0	0	0.778	0	0	0	0	0	0	0	0.333	0	0	0	0	1	1	0	0	0.244
0	0	0	0	1.028	0	0	0	0	1.028	0	0	0	0	0	0	0	0	0	0	0	0	0	0	0	0	0	0	0	0	0	0	0.4	0.8	0.2	0	0	0	0	0	0.418	0.516
0	0	0	0	0	0	0	0	0	0	0	0	0	0	0	0	0	0	0	0	0	0	0	0	0	0	0	0	0	0	0	0	0	0	0	0	0	0	0	0	0.417	0.218
1.863	0	0.982	7.754	0	7.871	1.947	6.8	13.678	1.902	0	0	0	0	0	0.286	0	0.286	0.418	1	0.286	0	0.286	0.418	1	0	0	0	0	0	0	0	0	0	0	0	0	0	0	0	0	0.144
0	2.204	0	0	0	0	4.164	0	0	0	0	1.96	0	0	0	0	0.5	0	0	0	0	0.5	0	0	0	0	1	0	0	0	0.2	0	0.75	0.2	0.8	0	0.4	1	0.6	0.8	0	0.574
0	0	0	0	0	0	0	0	0	0	0	0	0	0	0	0	0	0	0	0	0	0	0	0	0	0	0	0	0	0	0	0	0	0	0	0	0	0	0	0	0.197	0.222
0	0	0	1.016	0	0	0	0	1.039	0	0	0	0	2.055	0	0	0	0	1	0	0	0	0	0	0	0	0	0	1	0	0	0	0	0	1	0	0	0.25	0	1	0	0.508
0	0	0	0	0	0	0	0	0	0	0	0	0	0	0	0	0	0	0	0	0	0	0	0	0	0	0	0	0	0	0.333	0.4	0.2	0.875	0.778	0.333	0	0	0.875	1	0	0.489
0	0	0	6.947	0	0	0	0	7.911	0	0	0	0	3.988	0	0	0	0	0.179	0	0	0	0	0.179	0	0	0	0	0.167	0	0	0	1	0	0	0	0	1	0	0	0	0.276
0	0	0	0	0	0	0	0	0	0	0	0	0	0	0	0	0	0	0	0	0	0	0	0	0	0	0	0	0	0	0	0	0	0	0	0	0	0	0	0	0.418	0.768
1.899	0	0	20.358	3.817	3.789	1.927	0	25.134	6.649	0	0	0	0	0	1	1	0	0.582	0.762	1	1	0	0.582	0.762	0	0	0	0	0	0	0	0	0	0	0	0	0	0	0	0	0.287
0	0	0	0	2.03	0.976	0	0	0	5.103	0.976	0	0	0	3.074	0	0	0	0	0.3	0	0	0	0	0.3	0	0	0	0	0	0	0	0	0	0	0.333	0.2	0	0	0	0.893	0.312
0	0	0	0	0	0	0	0	0	0	0	0	0	0	0	0	0	0	0	0	0	0	0	0	0	0	0	0	0	0	0	0.2	0.2	0	0	0	0	0	0	0	0.418	0.276
27.941	24.148	10.618	9.494	17.774	35.978	30.114	17.635	16.396	23.649	0	0	0	0	0	0.398	0.413	0.582	0.706	0.547	0.398	0.413	0.582	0.706	0.547	0	0	0	0	0	0	0	0	0	0	0	0	0.625	0	0	0	0.177
0	0	0	0	0	0	0	0	0	0	0	0	0	0	0	0	0	0	0	0	0	0	0	0	0	0	0	0	0	0	0.4	0.25	0.25	0.8	0.4	0.2	0.25	0	0.6	0.6	0	0.705
0	0	0	0	0	0	0	0	0	0	0	0	0	0	0	0	0	0	0	0	0	0	0	0	0	0	0	0	0	0	0	0	0	0	0.286	0	0	0	0	0	0.714	0.182
0	0	0	4.922	0	0	0	0	4.922	0	0	0	0	2.011	0	0	0	0	0.3	0	0	0	0	0.3	0	0	0	0	0	0	0.571	0.4	0.2	0.4	0	0.857	0	0	0.8	0	0	0.828
0	0	0	0	0	0	0	0	0	0	0	0	0	0	0	0	0	0	0	0	0	0	0	0	0	0	0	0	0	0	0	0	0	0	0	0	0	0.4	0	0.25	0.554	0.519
0	0	0	0	0	0	0	0	0	0	0	0	0	0	0	0	0	0	0	0	0	0	0	0	0	0	0	0	0	0	0	0.667	0.25	1	0.4	0	0.667	0	0.4	0	0.198	0.356
0	0	0	0	0	0	0	0	0	0	0	0	0	0	0	0	0	0	0	0	0	0	0	0	0	0	0	0	0	0	0	0	0	0	0	0	0	0	0	0	0.717	0.195
0	0	4.05	0	0	0	0	3.034	0	0	0	0	3.008	0	0	0	0	0.1	0	0	0	0	0	0	0	0	0	0.333	0	0	0.2	0.2	0.125	0.25	0	0.2	0	0	0	0	0.556	0.622
0	0	0.959	0	1.226	0	0	0.959	0	1.226	0	0	0.959	0	1.226	0	0	0	0	0	0	0	0	0	0	0	0	0	0	0	0.25	0.5	0.667	0.6	0	0.5	0	0.333	0.2	0	0	0.847
0	0	2.061	0	2.161	0	0	7.826	0	6.557	0	0	3.298	0	4.396	0	0	0.667	0	0.8	0	0	0.667	0	0.8	0	0	0	0	0.333	0	0	0	0	0	0	0	0	0	0	0.896	0.392
0	0	2.015	0	0	0	0	2.015	0	0	0	0	0	0	0	0	0	1	0	0	0	0	1	0	0	0	0	0	0	0	0	0.2	0	0	0.375	0	0	0	0	0	0	0.577
0	0	0	0	0	0	0	0	0	0	0	0	0	0	0	0	0	0	0	0	0	0	0	0	0	0	0	0	0	0	0	0	0	0	0	0	0	0	0	0	0.716	0.147
0	0	0	0	0	0	0	0	0	0	0	0	0	0	0	0	0	0	0	0	0	0	0	0	0	0	0	0	0	0	0.556	0.333	0.6	1	0.6	1	1	1	0.667	0.2	0	0.638
0	0	0	0	0	0	0	0	0	0	0	0	0	0	0	0	0	0	0	0	0	0	0	0	0	0	0	0	0	0	0	0	0.25	0	0	0.75	0	0.25	0	0	0	0.669
0	0	0	0	0	0	0	0	0	0	0	0	0	0	0	0	0	0	0	0	0	0	0	0	0	0	0	0	0	0	0	0.25	0.857	0	0.4	0	0	0.714	0	0	0.718	0.266
0	0	0	0	3.006	0	0	0	0	4.112	0	0	0	0	1.106	0	0	0	0	0.667	0	0	0	0	0.667	0	0	0	0	0	0.2	0.2	0.4	0.8	0.333	0.4	0	0.6	1	0.778	0	0.781
2.937	0	0	0	1.007	2.937	0	0	0	1.007	0	0	0	0	0	0.333	0	0	0	0	0.333	0	0	0	0	0	0	0	0	0	0.5	0	0.6	0.714	0.4	0	0	0	0.286	0	0	0.397
0	0.94	3.825	0	0	0	1.888	5.081	0	0	0	1.888	1.256	0	0	0	1	0.4	0	0	0	1	0.4	0	0	0	1	0	0	0	0	0	0	0	0	0	0	0	0.667	0	0	0.459
0	0	0	0	0	0	0	0	0	0	0	0	0	0	0	0	0	0	0	0	0	0	0	0	0	0	0	0	0	0	0	0	0	0	0	0	0	0	0	0	0.417	0.673
0	0	0	2.887	0	0	0	0	2.887	0	0	0	0	1.939	0	0	0	0	0.667	0	0	0	0	0.667	0	0	0	0	0	0	0.25	0.75	1	0.111	0.2	0	0	0	0	0	0	0.750
0	0	0	0	0	0	0	0	0	0	0	0	0	0	0	0	0	0	0	0	0	0	0	0	0	0	0	0	0	0	0	0.25	0	0.5	0.8	0	0	0	0	0.8	0	0.432
0	0	0	0	0	1.914	0.929	2.848	2.823	0.968	0	0	0	0	0	0	0	0	0.333	0	0	0	0	0.333	0	0	0	0	0	0	0	0	0	0	0	0	0	0	0	0	0	0.107
3.006	0	0	0	0	4.112	0	0	0	0	1.106	0	0	0	0	0.667	0	0	0	0	0.667	0	0	0	0	0	0	0	0	0	0.333	0.4	0.4	0.2	0.375	0.778	0.6	0.2	0.4	0.375	0	0.388
0	0	0	0	0	0	0	0	0	0	0	0	0	0	0	0	0	0	0	0	0	0	0	0	0	0	0	0	0	0	0.25	0	0.2	0.625	0.2	0	0	0	0.375	0.2	0	0.846
0	0	0	0	0	0	0	0	0	1.943	0	0	0	0	0	0	0	0	0	0	0	0	0	0	0	0	0	0	0	0	0	0	0	0	0	0	0	0	0	0	0.554	0.253
0	1.016	0	0	0	0	1.039	0	0	0	0	2.055	0	0	0	0	1	0	0	0	0	0	0	0	0	0	1	0	0	0	0	0	0	0	0	0	0	0	0	0.25	0	0.447
0	0	0	0	0	0	0	0	0	0	0	0	0	0	0	0	0	0	0	0	0	0	0	0	0	0	0	0	0	0	0.857	0.2	0.4	0.667	0	1	0	0	0.667	0	0	0.986
0	0	0	1.921	0	0	0	0	1.921	0	0	0	0	0	0	0	0	0	0	0	0	0	0	0	0	0	0	0	0	0	0	0.25	0.2	1	0	0	0.625	0	1	0	0	0.708
0	0	0	0	0	0	0	0	0	0	0	0	0	0	0	0	0	0	0	0	0	0	0	0	0	0	0	0	0	0	0	0	0	0	0	0	0	0	0	0	0.556	0.124
5.921	0	0	0	0	6.943	0	0	0	0	2.965	0	0	0	0	0.286	0	0	0	0	0.286	0	0	0	0	0	0	0	0	0	0	0	1	0	0	0	0	1	0	0	0.294	0.285
0	0	0	0	0	0	0	0	0	0	0	0	0	0	0	0	0	0	0	0	0	0	0	0	0	0	0	0	0	0	0	0	0	0	0	0	0	0	0	0	0.718	0.152
0	0	0	0	0	0	0	0	0	0	0	0	0	0	0	0	0	0	0	0	0	0	0	0	0	0	0	0	0	0	0	0	0	0	0	0	0	0	0	0	0.717	0.225
0	0	0	0	0	0	0	0	0	0	0	0	0	0	0	0	0	0	0	0	0	0	0	0	0	0	0	0	0	0	0	0.25	0	0	0.6	0	0.25	0	0.75	0	0	0.481
0	0	0	0	0	0	0	0	0	0	0	0	0	0	0	0	0	0	0	0	0	0	0	0	0	0	0	0	0	0	0	0	0.8	0.2	0.2	0	0	1	0.2	0	0	0.600
0	0	0	0	0	0	0	0	0	0	0	0	0.946	0	0	0	0	0	0	0	0	0	0	0	0	0	0	0	0	0	0	0	0	0	0.6	0	0	0	0	0.8	0.418	0.569
0	0	0	0	0	0	0	0	0	0	0	0	0	0	0	0	0	0	0	0	0	0	0	0	0	0	0	0	0	0	0	0	0	0	0	0.667	0.25	0	0	0	0.059	0.608
3.818	12.689	23.269	27.331	16.53	6.772	18.864	29.42	34.472	22.653	0	0	0	0	0	0.905	0.649	0.545	0.496	0.688	0.905	0.649	0.545	0.496	0.688	0	0	0	0	0	0	0	0	0	0	0	0	0	0	0	0	0.373
0	0	1.064	0	0.94	0	0	2.261	0	0.94	0	0	2.261	0	0.94	0	0	1	0	0	0	0	1	0	0	0	0	1	0	0	0.571	0.4	0	0.2	0.6	0	0	0	0	0	0.299	0.737
0	0	0	0	0	0	0	0	0	0	0	0	0	0	0	0	0	0	0	0	0	0	0	0	0	0	0	0	0	0	0	1	1	0.6	0.4	0	1	0.8	0	0	0	0.991
0	0	0	0	0	0	0	0.957	0.957	0	0	0	0	0	0	0	0	0	0	0	0	0	0	0	0	0	0	0	0	0	0	0	0.333	0	0	0	0	0.333	0.8	0	0	0.313
9.581	3.866	4.743	19.429	0	14.369	6.721	6.687	24.547	0.933	0	0	0	0	0	0.762	0.762	0.857	0.83	0	0.762	0.762	0.857	0.83	0	0	0	0	0	0	0	0	0	0	0	0	0	0	0	0	0.296	0.224
2.201	0	0	0	2.204	3.197	0	0	1.03	4.164	2.162	0	0	1.03	1.96	1	0	0	0	0.5	1	0	0	0	0.5	1	0	0	0	1	0	0	0.2	0.25	0	0	0	0.6	0	0.4	0	0.223
0	0	0	0	0	2.081	1.971	1.04	2.994	1.008	0	0	0	0	0	0	0	0	0	0	0	0	0	0	0	0	0	0	0	0	0	0	0	0	0	0	0	0	0	0	0.556	0.190
0	0	0	0	0	0	0	0	0	0	0	0	0	0	0	0	0	0	0	0	0	0	0	0	0	0	0	0	0	0	0	0.2	0	0.2	0.6	0.2	0	0	0	0.2	0	0.209
0	0	0	0	0	0	0	0	0	0	0	0	0	0	0	0	0	0	0	0	0	0	0	0	0	0	0	0	0	0	0	0	0	0	0	0	0	0	0	0	0.195	0.995
0	0	0	0	0	0	0	0	0	0	0	0	0	0	0	0	0	0	0	0	0	0	0	0	0	0	0	0	0	0	0	0	0	0.2	0	0	0	0	0	0	0.292	0.673
0	0	0	0	0	0	0	0	0	0	0	0	0	0	0	0	0	0	0	0	0	0	0	0	0	0	0	0	0	0	0.2	0.333	0.8	0.2	0	0	1	0.4	0	0	0.12	0.695
0	0	0	0	0	0	0	0	0	0	0	0	0	0	0	0	0	0	0	0	0	0	0	0	0	0	0	0	0	0	0	0	0	0	0	0	0	0.625	0	0	0.119	0.557
0	0	0	0	0	0	0	0	0	0	0	0	0	0	0	0	0	0	0	0	0	0	0	0	0	0	0	0	0	0	0	0	0	0	0	0	0	1	0	0	0.298	0.321
24.151	1.871	0	0	24.115	28.075	1.871	0	0	29.963	0	0	0	0	0	0.608	1	0	0	0.52	0.608	1	0	0	0.52	0	0	0	0	0	0	0	0	0	0.25	0.333	0	0	0	0.25	0	0.354
0.981	0	0	13.934	0	0.981	0	0	13.934	0	0	0	0	4.044	0	0	0	0	0.154	0	0	0	0	0.154	0	0	0	0	0	0	0.2	0.714	0.4	0.4	0	0.2	0.857	0.4	0	0	0	0.671
0	0	0	0	0	0	0	0	0	0	0	0	0	0	0	0	0	0	0	0	0	0	0	0	0	0	0	0	0	0	0	0	0	0	0	0	0	0	0	0	0.556	0.092
0	0	0	0	0	0	0	0	0	0	0	0	0	0	0	0	0	0	0	0	0	0	0	0	0	0	0	0	0	0	0	0	0	0	0	0	0	0	0	1	0	0.448
0	0	0	0	0	0	0	0	0	0	0	0	0	0	0	0	0	0	0	0	0	0	0	0	0	0	0	0	0	0	0	0	0	0	0	0	0	0	0	0	0.557	0.699
0	0	0	0	0	0	0	0	0	0	0	0	0	0	0	0	0	0	0	0	0	0	0	0	0	0	0	0	0	0	0.4	0.25	1	0.4	1	0.6	0	1	0.2	1	0	0.945
0	0	0	0	0	0	0	0	0	0	0	0	0	0	0	0	0	0	0	0	0	0	0	0	0	0	0	0	0	0	0.5	0.4	0.857	1	0.5	0	0	1	0.8	0	0	0.753
0	0	0	0	0	0	0	0	0	0	0	0	0	0	0	0	0	0	0	0	0	0	0	0	0	0	0	0	0	0	0.875	0.5	0.6	0	0.75	0.125	1	0.8	0	0	0	0.980
0	0	0	0	1.962	0	0	0	0	1.882	0	0	0	0	2.896	0	0	0	0	0.667	0	0	0	0	1	0	0	0	0	0.667	0	0.667	0.6	0.4	0	0	0.444	0	0	0	0.419	0.280
0	0	0	0.939	0	0	0	0	0.939	0	0	0	0	0.939	0	0	0	0	0	0	0	0	0	0	0	0	0	0	0	0	0	0	0	0	0	0	0	0	0	0	0.557	0.280
50.974	0	11.498	3.888	0	57.306	0	16.61	8.868	1.883	0	0	0	0	0	0.36	0	0.787	0.889	1	0.36	0	0.787	0.889	1	0	0	0	0	0	0	0.333	0	0	0	0	0.667	0	0.2	0	0.197	0.157
0	0	0	0	0	0	0	0	0	0	0	0	0	0	0	0	0	0	0	0	0	0	0	0	0	0	0	0	0	0	0	0	0	0	0	0	0	0	0.333	0	0	0.461
0	62.602	0	40.881	24.413	1.904	69.302	0	48.236	30.691	0	0	0	0	0	1	0.316	0	0.398	0.57	1	0.316	0	0.398	0.57	0	0	0	0	0	0	0	0	0	0	1	0	1	0	0	0	0.666
0	0	0.974	0	0	0	0	0	0	0	0	0	0.974	0	0	0	0	0	0	0	0	0	0	0	0	0	0	0	0	0	0	1	0.8	0	0	0	1	0.8	0	1	0	0.568
0	0	0	-1	0	0	0	0	-1	0	0	0	0	-1	0	0	0	0	-1	0	0	0	0	-1	0	0	0	0	-1	0	0	0	0	-1	0	0	0	0	-1	0	0.718	1.000
0	0	0	0	0	0	0	0	0	0	0	0	0	0	0	0	0	0	0	0	0	0	0	0	0	0	0	0	0	0	0	0	0	0	0	0	0	0	0	0	0	0.623
0	0	0	0	0	0	0	0	0	0	0	0	0	0	0	0	0	0	0	0	0	0	0	0	0	0	0	0	0	0	0	0	0	0	0	0	0	0	0	0.75	0	0.433
0	13.934	0.981	0	0	0	13.934	0.981	0	0	0	4.044	0	0	0	0	0.154	0	0	0	0	0.154	0	0	0	0	0	0	0	0	0.714	0.4	0.2	0.4	0.4	0.857	0	0.2	0	0.4	0	0.648
0	0	0	0	0	0	0	0	0	0	0	0	0	0	0	0	0	0	0	0	0	0	0	0	0	0	0	0	0	0	0	0	0	0	0	0	0	0	0	0	0.557	0.104
0	0	0	0	0	0	0	0	0	0	0	0	0	0	0	0	0	0	0	0	0	0	0	0	0	0	0	0	0	0	0	0.2	0	0.571	0.4	0	0	0	0.857	0	0.116	0.332
0	0	0	0	0	0	0	0	0	0	0	0	0	0	0	0	0	0	0	0	0	0	0	0	0	0	0	0	0	0	0	0	0	0	0	0	0	0	0	0	0.055	0.494
0	0	-1	0	-1	0	0	-1	0	-1	0	0	-1	0	-1	0	0	-1	0	-1	0	0	-1	0	-1	0	0	-1	0	-1	0	0	-1	0	-1	0	0	-1	0	-1	0.896	1.000
0	0	0	0	0	0	0	0	0	0	0	0	0	0	0	0	0	0	0	0	0	0	0	0	0	0	0	0	0	0	0.2	0	0.571	0.625	1	0	0	0.714	0	0.4	0	0.191
0.94	0	2.837	0	0	3.336	3.518	7.604	3.779	0	2.396	3.518	4.767	3.779	0	0.333	0.667	0.238	0.667	0	0.333	0.667	0.238	0.667	0	1	0.667	0.5	0.667	0	0.333	0.222	0	0	1	0	0	0	0	1	0.19	0.683
0	0	0	0	0	0	0	0	0	0	0	0	0	0	0	0	0	0	0	0	0	0	0	0	0	0	0	0	0	0	0	0	0	0	0	0	0	0	0	0	0.897	0.201
22.452	12.346	31.325	10.511	20.757	30.413	18.158	39.498	18.186	28.708	0	0	0	0	0	0.83	0.924	0.668	0.895	0.825	0.83	0.924	0.668	0.895	0.825	0	0	0	0	0	0	0	0	0	0	0	0	0	0	0	0	0.231
0	0	0	0	0	0	0	0	0	0	0	0	0	0	0	0	0	0	0	0	0	0	0	0	0	0	0	0	0	0	0	0.2	0.2	0	0	0	0	0.8	0	0	0.2	0.288
0	0	0	0	0	0	0	0	0	0	0	0	0	0	0	0	0	0	0	0	0	0	0	0	0	0	0	0	0	0	0	0	0.4	0.25	0.25	0	0.143	0	0	0	0.296	0.208
0	0	0	0	2.937	0	0	0	0	2.937	0	0	0	0	0	0	0	0	0	0.333	0	0	0	0	0.333	0	0	0	0	0	0.714	0.2	0	0	0.5	0.286	0	0	0	0	0.418	0.955
0	3.041	0	0	4.922	0	3.089	0	0	4.922	0	1.996	0	0	2.011	0	0.5	0	0	0.3	0	1	0	0	0.3	0	0	0	0	0	0.4	0.4	0.25	0	0.4	0.2	0.6	0.5	0	0.8	0	0.801
0	0	0	0	0	4.993	4.032	4.211	1.021	4.169	0	0	0	0	0	0.1	0.167	0.333	0	0.167	0.1	0.167	0.333	0	0.167	0	0	0	0	0	0	0	0	0	0	0	0	0	0	0	0.713	0.178
2.079	0	2.026	0	0	5.974	1.002	6.146	2.965	0.965	3.991	1.002	3.096	2.021	0.965	0.133	0	0.2	0.667	0	0.133	0	0.2	0.667	0	0	0	0	0	0	0	0	0	0	0	0.4	0	0	0	0	0	0.352
0	0	0	0	0	0	0	0	0	0	0	0	0	0	0	0	0	0	0	0	0	0	0	0	0	0	0	0	0	0	0	0	0	0	0	0	0	0	0	0	0.415	0.592
2.989	4.911	0	0	18.207	8.305	9.412	5.499	2.051	26.289	0	0	0	0	0	0.643	0.778	0.6	0	0.637	0.643	0.778	0.6	0	0.637	0	0	0	0	0	0	0	1	0.333	0.2	0	0	1	1	0.6	0	0.322
0	0	0	0	0	0	0	0	0	0	0	0	0	0	0	0	0	0	0	0	0	0	0	0	0	0	0	0	0	0	0.25	0.4	0.4	0.25	1	0	0.2	0.6	0.25	1	0	0.578
0	10.959	0.929	3.815	0	0	17.082	7.746	9.504	4.9	0	0	0	0	0	0	0.537	0.393	0.4	0.2	0	0.537	0.393	0.4	0.2	0	0	0	0	0	0	0	0	0	0	0	1	0	0	0	0.42	0.125
0	0	0	0	0	0	0	0	0	0	0	0	0	0	0	0	0	0	0	0	0	0	0	0	0	0	0	0	0	0	0.25	0	0.4	0.667	0.2	0	0	0	0.667	0	0	0.457
0	0	0	0	0	2.989	3.066	1.033	3.147	0.986	0	0	0	0	0	0	0	0	0	0	0	0	0	0	0	0	0	0	0	0	0	0	0	0	0	0	0	0	0	0	0.556	0.157
0	0	0	0	0	0	0	0	0	0	0	0	0	0	0	0	0	0	0	0	0	0	0	0	0	0	0	0	0	0	0	0	0	0	0	0	0	0.333	0	0	0.418	0.195
0	0	0	0	1.017	0	0	0	0	1.017	0	0	0	0	1.017	0	0	0	0	0	0	0	0	0	0	0	0	0	0	0	1	1	0	0.4	0.5	0.8	0.333	0.2	0	0	0	0.956
0	0	0	0	0	0	0	0	0	0	0	0	0	0	0	0	0	0	0	0	0	0	0	0	0	0	0	0	0	0	0	0	0	0	0	0	0	0	0	0	0.419	0.599
0	0	0	0	0	0	0	0	0	0	0	0	0	0	0	0	0	0	0	0	0	0	0	0	0	0	0	0	0	0	0	0	0	0	0	0	0	0	0	0	0.557	0.314
0	0	0	0	0	0	0	0	0	0	0	0	0	0	0	0	0	0	0	0	0	0	0	0	0	0	0	0	0	0	0.25	0	0.25	0.25	0	0	0	0	0.375	0.143	0	0.258
0	0	0	0	0	0	0	0	0	0	0	0	0	0	0	0	0	0	0	0	0	0	0	0	0	0	0	0	0	0	0.2	0	0	0.2	0	0.8	0	0	0	0	0	0.605
0	0	0	0	0	0	0	0	0	0	0	0	0	0	0	0	0	0	0	0	0	0	0	0	0	0	0	0	0	0	1	0	0	0	0.5	1	0.25	0	0	1	0	0.999
0	0	0	0	0	0	0	0	0	0	0	0	0	0	0	0	0	0	0	0	0	0	0	0	0	0	0	0	0	0	0.6	0.5	0	0	0.333	0.2	1	0	0	0.333	0	0.745
0	0	0	0	0	0	0	0	0	0	0	0	0	0	0	0	0	0	0	0	0	0	0	0	0	0	0	0	0	0	0	0	0	0	0	0	0	0	0	0	0.718	0.106
0	0	0	0	0	0	0	0	0	0	0	0	0	0	0	0	0	0	0	0	0	0	0	0	0	0	0	0	0	0	0.8	0	0.6	0	0.25	0.8	0	0	0	0.5	0	0.802
0.959	0	1.226	0	0	0.959	0	1.226	0	0	0.959	0	1.226	0	0	0	0	0	0	0	0	0	0	0	0	0	0	0	0	0	0.667	0.25	0	0.5	1	0.333	0.5	0	0	0	0	0.330
0	0	0	0	0	0	0	0	0	0	0	0	0	0	0	0	0	0	0	0	0	0	0	0	0	0	0	0	0	0	0	0	0	0	0	0	0	0	0	0	0.415	0.275
0	0	0	0	0	0	0	0	0	0	0	0	0	0	0	0	0	0	0	0	0	0	0	0	0	0	0	0	0	0	0	0	0	0	0	0	0	0	0.625	0	0.9	0.528
0	0	0	0	0	0	0	0	0	0	0	0	0	0	0	0	0	0	0	0	0	0	0	0	0	0	0	0	0	0	0	0.2	0.75	0.2	1	0	0	1	0	1	0	0.733
0	0	0	0	0	0	0	0	0	0	0	0	0	0	0	0	0	0	0	0	0	0	0	0	0	0	0	0	0	0	0	0	0	0	0	0	0	0	0	0	0.897	0.262
0	0	0	0	0	3.329	4.515	3.474	0.931	4.466	0	0	0	0	0	0.333	0.5	0.667	0	0.333	0.333	0.5	0.667	0	0.333	0	0	0	0	0	0	0	0	0	0	0	0	0	0	0	0.56	0.197
0	0	0	2.026	0	3.014	0.965	0	6.146	0	0	0.965	0	3.096	0	0.667	0	0	0.2	0	0.667	0	0	0.2	0	0	0	0	0	0	0	0	0	0	0	0	0	0	0	0	0.56	0.127
0	0	0	0	3.084	0	0	0	0	4.049	0	0	0	0	2.13	0	0	0	0	0.667	0	0	0	0	0.667	0	0	0	0	1	0.8	0.75	0.625	0.2	0.2	0.8	1	1	0	0	0	0.547
16.369	17.774	0.933	10.618	1.931	22.368	23.649	3.865	17.635	5.802	0	0	0	0	0	0.625	0.547	0.5	0.582	0.467	0.625	0.547	0.5	0.582	0.467	0	0	0	0	0	0	0	0	0	0	0	0	0	0.625	0	0	0.120
27.581	57.586	10.522	50.734	0	35.249	66.026	18.784	58.956	0	0	0	0	0	0	0.738	0.372	0.854	0.438	0	0.738	0.372	0.854	0.438	0	0	0	0	0	0	0	0	0	0	0.333	0	0	0	0.2	1	0	0.244
0	0	0	0	0	0	0	0	0	0	0	0	0	0	0	0	0	0	0	0	0	0	0	0	0	0	0	0	0	0	0.2	0.4	0.4	0.5	0	0	0.2	0	1	0	0	0.866
0	0	0	0	0	0	0	0	0	0	0	0	0	0	0	0	0	0	0	0	0	0	0	0	0	0	0	0	0	0	1	0.4	1	0.25	0.8	1	0.6	1	0	1	0	0.985
0.945	0	0	0	0	0.945	0	0	0	0	0.945	0	0	0	0	0	0	0	0	0	0	0	0	0	0	0	0	0	0	0	0	0.4	0.111	0	0.25	0	0.2	0	0.6	0	0.3	0.376
0	0	0	0	0	0	0	0	0	0	0	0	0	0	0	0	0	0	0	0	0	0	0	0	0	0	0	0	0	0	0.25	0	0	0	0	0.25	0.75	0	0	0	0	0.827
0	0	0	0	0	0	0	0	0	0	0	0	0	0	0	0	0	0	0	0	0	0	0	0	0	0	0	0	0	0	0.2	1	1	0.25	1	0	0	1	0	1	0	0.382
3.928	4.093	4.286	0	0.933	7.984	8.828	8.069	4.045	0.933	6.662	5.67	7.938	4.045	0.933	0.333	0.476	0.429	0.667	0	0.333	0.476	0.524	0.667	0	0.133	0.333	0.19	0	0	0	0	0	0	0	0	0	0	0	0	0.556	0.147
1.897	5.685	7.704	14.474	31.772	4.779	7.626	11.476	18.429	38.663	0	0	0	0	0	0.7	0.75	0.485	0.789	0.435	0.7	0.75	0.485	0.789	0.435	0	0	0	0	0	0.333	0	0	0	0	0.667	0	0	0	0	0	0.512
0	0	0	0	0	0	0	0	0	0	0	0	0	0	0	0	0	0	0	0	0	0	0	0	0	0	0	0	0	0	0	0	0	0	0	0	0	0	0	0	0	0.289
0	0	0	0	0	0	0	0	0	0	0	0	0	0	0	0	0	0	0	0	0	0	0	0	0	0	0	0	0	0	0.2	0.333	0.778	0.4	0	0	0.333	1	0	0	0	0.647
0	0	0	0	0	0	0	0	0	0	0	0	0	0	0	0	0	0	0	0	0	0	0	0	0	0	0	0	0	0	0	0	0	0	0	0	0	0	0	0	0.118	0.956
0	0	0	0	0	0	0	0	0	0	0	0	0	0	0	0	0	0	0	0	0	0	0	0	0	0	0	0	0	0	0.25	0.2	0.25	0	0.625	0	0.2	0	0	0.375	0	0.763
16.867	18.207	0.976	0	30.87	24.451	26.289	4.837	5.499	40.3	0	0	0	0	0	0.612	0.637	0.8	0.6	0.563	0.612	0.637	0.8	0.6	0.563	0	0	0	0	0	0	0.2	0	1	0.2	0	0.6	0	1	0.2	0	0.194
0	2.816	1.017	0	0	0	4.848	1.017	0	0	0	3.908	1.017	0	0	0	0.1	0	0	0	0	0.1	0	0	0	0	0.167	0	0	0	0	0	0	0.4	0.4	0	0	0	0	0	0.419	0.318
0	0	0	0	0	0	0	0	0	0	0	0	0	0	0	0	0	0	0	0	0	0	0	0	0	0	0	0	0	0	0.4	1	0.8	0.2	0.25	0.2	1	0.6	0	0.25	0	0.851
0	0	0	0	0	0	0	0	0	0	0	0	0	0	0	0	0	0	0	0	0	0	0	0	0	0	0	0	0	0	0	0	0	0	0	0	0	0	0	0	0.419	0.202
0	0	0	0	0	0	0	0	0	0	0	0	0	0	0	0	0	0	0	0	0	0	0	0	0	0	0	0	0	0	0	0	0	0	0	0	0	0	0	0	0.556	0.514
0	0	0	4.05	0	0	0	0	3.034	0	0	0	0	3.008	0	0	0	0	0.1	0	0	0	0	0	0	0	0	0	0.333	0	0	0	0	0.125	0	0	0	0	0	0	0.713	0.931
0.953	0	0	0	0	3.982	4.837	2.823	1.902	0.929	0	0	0	0	0	0.333	0.1	0.333	1	0	0.333	0.1	0.333	1	0	0	0	0	0	0	0	0	0	0	0	0	0	0	0	0	0	0.091
0	0	0	0	0	0	0	0	0	0	0	0	0	0	0	0	0	0	0	0	0	0	0	0	0	0	0	0	0	0	0.4	0.6	0.2	0.6	0.2	0	0.2	0.6	1	0	0	0.729
0	0	0	0	0	0	0	0	0	0	0	0	0	0	0	0	0	0	0	0	0	0	0	0	0	0	0	0	0	0	0	0	0	0	0	0	0	0	0	0	0.717	0.107
0	0	0	0	0	0	0	0	0	0	0	0	0	0	0	0	0	0	0	0	0	0	0	0	0	0	0	0	0	0	1	1	0.6	0.4	1	0.2	0.667	0.2	0	1	0.2	0.633
6.301	0	0	0	0	7.407	0	0	0	0	3.305	0	0	0	0	0.333	0	0	0	0	0.333	0	0	0	0	0	0	0	0	0	0.4	0.375	0	0.375	0.5	0	0.375	0	0.375	1	0.298	0.369
0	0	0	0	0	0	0	0	0	0	0	0	0	0	0	0	0	0	0	0	0	0	0	0	0	0	0	0	0	0	0.2	0	0.2	0	0.25	0	0	0	0	0.375	0.292	0.220
0	0	0	0	0	0	0	0	0	0	0	0	0	0	0	0	0	0	0	0	0	0	0	0	0	0	0	0	0	0	0	0	0.2	0	0.2	0	0	0	0	0	0.418	0.275
0	0	0	0	0	0	0	0	0	0	0	0	0	0	0	0	0	0	0	0	0	0	0	0	0	0	0	0	0	0	0	0	0	0	0	0.625	0	0	0	0	0	0.539
0	0	0	0	0	0	0	0	0	0	0	0	0	0	0	0	0	0	0	0	0	0	0	0	0	0	0	0	0	0	0.8	0.2	0	0.333	0	0.4	0	0	1	0	0.42	0.834
0	0	0	0	0	4.211	4.993	4.169	4.032	4.167	0	0	0	0	0	0.333	0.1	0.167	0.167	0.333	0.333	0.1	0.167	0.167	0.333	0	0	0	0	0	0	0	0	0	0	0	0	0	0	0	0.713	0.177
0	0	0	0	0	0	0	0	0	0	0	0	0	0	0	0	0	0	0	0	0	0	0	0	0	0	0	0	0	0	0.571	0.2	1	0	0.571	0.714	0	0.4	0	0.286	0	0.910
0	0	0	0	0	0	0	0	0	0	0	0	0	0	0	0	0	0	0	0	0	0	0	0	0	0	0	0	0	0	0	0	0	0	0	0	0	0	0	0	0.893	0.194
0	0	0	0	0	0	0	0	0	0	0	0	0	0	0	0	0	0	0	0	0	0	0	0	0	0	0	0	0	0	0	0.625	0.25	0.25	0.2	0	0.375	0	0	0	0	0.652
0	0	0	0	0	0	0	0	0	0	0	0	0	0	0	0	0	0	0	0	0	0	0	0	0	0	0	0	0	0	0.5	0	0.6	1	0	1	0	0.2	1	0	0.196	0.686
0	0	0	0	0	0	0	0	0	0	0	0	0	0	0	0	0	0	0	0	0	0	0	0	0	0	0	0	0	0	0	0	0	0	0	0	0	0	0	0	0.419	0.551
12.346	10.511	22.452	21.591	31.325	18.158	18.186	30.413	29.561	39.498	0	0	0	0	0	0.924	0.895	0.83	0.837	0.668	0.924	0.895	0.83	0.837	0.668	0	0	0	0	0	0	0	0	0	0	0	0	0	0	0	0	0.283
0	0	0	0	0	1.971	2.994	2.081	5.147	1.04	0	0	0	0	0	0	0	0	0.3	0	0	0	0	0.3	0	0	0	0	0	0	0	0	0	0	0	0	0	0	0	0	0.556	0.180
0	0	0	0	0	0	0	0	0	0	0	0	0	0	0	0	0	0	0	0	0	0	0	0	0	0	0	0	0	0	0.6	0.556	0.6	0.333	0.4	1	1	0.2	1	0	0	0.781
0	0	0	0	0	0	0	0	0	0	0	0	0	0	0	0	0	0	0	0	0	0	0	0	0	0	0	0	0	0	0	0	0	0	0	0	0	0	0	0	0.415	0.657
0	6.947	0	0	0	0	7.911	0	0	0	0	3.988	0	0	0	0	0.179	0	0	0	0	0.179	0	0	0	0	0.167	0	0	0	0	0	0	0	1	0	0	0	0	1	0	0.578
0	0	0	0	0	0	0	0	0	0	0	0	0	0	0	0	0	0	0	0	0	0	0	0	0	0	0	0	0	0	0	0	0	0	0.25	0	0	0.75	0	0.25	0	0.444
0	0	0	0	0	0	0	0	0	0	0	0	0	0	0	0	0	0	0	0	0	0	0	0	0	0	0	0	0	0	0	0	0	0	0	0	0	0	0	0	0.296	0.102
0	0	0	0	0	0	0	0	0	0	0	0	0	0	0	0	0	0	0	0	0	0	0	0	0	0	0	0	0	0	0	0	0	0	0	0	0	0	0	0.333	0	0.487
0	0	0	0	0	0	0	0	0	0	0	0	0	0	0	0	0	0	0	0	0	0	0	0	0	0	0	0	0	0	0	0.143	0	0	0	0	0.714	0	0	0	0	0.573
0	0	0	0	0	0	0	0	0	0	0	0	0	0	0	0	0	0	0	0	0	0	0	0	0	0	0	0	0	0	0	0	0.2	0.25	0.2	0	0	0.2	0	0	0	0.525
0	0	0	0	0	0	0	0	0	0	0	0	0	0	0	0	0	0	0	0	0	0	0	0	0	0	0	0	0	0	0.875	1	0.4	1	0.333	0.875	1	0	1	0.333	0	0.984
3.041	0	0	0	0	3.089	0	0	0	0	1.996	0	0	0	0	0.5	0	0	0	0	1	0	0	0	0	0	0	0	0	0	0.4	0	0.4	1	0.25	0.6	0	0.2	1	0.5	0	0.533
0	0	0	0	0	2.94	3.11	3.147	2.931	3.066	0	0	0	0	0	0	0	0	0	0	0	0	0	0	0	0	0	0	0	0	0	0	0	0	0	0	0	0	0	0	0.197	0.309
4.286	3.928	0.933	4.093	0	8.069	7.984	0.933	8.828	0	7.938	6.662	0.933	5.67	0	0.429	0.333	0	0.476	0	0.524	0.333	0	0.476	0	0.19	0.133	0	0.333	0	0	0	0	0	0	0	0	0	0	0	0.055	0.241
0	0	0	0	0	0	0	0	0	0	0	0	0	0	0	0	0	0	0	0	0	0	0	0	0	0	0	0	0	0	0	0	0	0	0	0	0	0	0	0	0.417	0.739
0	0	0	0	0	0	0	0	0	0	0	0	0	0	0	0	0	0	0	0	0	0	0	0	0	0	0	0	0	0	0.25	0	0	0	0	0	0	0	0	0	0	0.932
0	0	0	0	0	0	0	0	0	0	0	0	0	0	0	0	0	0	0	0	0	0	0	0	0	0	0	0	0	0	0	0	0	0	0	0	0	0	0	0	0.419	0.379
0	0	0	0	0	0	0	0	0	0	0	0	0	0.946	0	0	0	0	0	0	0	0	0	0	0	0	0	0	0	0	0	0.6	0.4	0	0.2	0	0.8	0.2	0	0	0	0.633
0	0	0	0	0	0	0	0	0	0	0	0	0	0	0	0	0	0	0	0	0	0	0	0	0	0	0	0	0	0	0.8	1	0.2	0.6	1	0.6	1	0	0.2	1	0	0.981
20.757	31.325	20.398	22.452	43.343	28.708	39.498	28.455	30.413	52.155	0	0	0	0	0	0.825	0.668	0.847	0.83	0.52	0.825	0.668	0.847	0.83	0.52	0	0	0	0	0	0	0	0	0	0	0	0	0	0	0	0	0.402
45.158	32.433	27.032	45.583	13.484	53.005	40.089	34.481	55.285	20.43	0	0	0	0	0	0.499	0.648	0.759	0.502	0.876	0.499	0.648	0.759	0.502	0.876	0	0	0	0	0	0.2	0	0	0	0	0	0	0.333	0	0	0	0.347
0	0	0	0	0	0	0	0	0	0	0	0	0	0	0	0	0	0	0	0	0	0	0	0	0	0	0	0	0	0	0.2	0	0	0.6	0	0	0.2	0	0	0	0	0.339
0	0	0	0	0	0	0	0	0	0	0	0	0	0	0	0	0	0	0	0	0	0	0	0	0	0	0	0	0	0	0.5	0.25	0.4	1	0.6	0.25	0	0	1	0	0	0.977
43.343	20.398	17.618	20.757	17.63	52.155	28.455	25.784	28.708	25.962	0	0	0	0	0	0.52	0.847	0.898	0.825	0.892	0.52	0.847	0.898	0.825	0.892	0	0	0	0	0	0	0	0	0	0	0	0	0	0	0	0.197	0.159
0	0	0	0	1.064	0	0	0	0	2.261	0	0	0	0	2.261	0	0	0	0	1	0	0	0	0	1	0	0	0	0	1	0.4	0.2	0.571	0.2	0	0	0	0	0.6	0	0	0.567
0	0	0	0	0	0	0	0	0	0	0	0	0	0	0	0	0	0	0	0	0	0	0	0	0	0	0	0	0	0	0.4	0.6	1	0.6	1	0	0.2	0.667	0.8	0.2	0	0.765
0	2.161	4.093	2.061	3.928	4.045	6.557	8.828	7.826	7.984	4.045	4.396	5.67	3.298	6.662	0.667	0.8	0.476	0.667	0.333	0.667	0.8	0.476	0.667	0.333	0	0.333	0.333	0	0.133	0	0	0	0	0	0	0	0	0	0	0.199	0.276
0	0	0	0	0	0	0	0	0	0	0	0	0	0	0	0	0	0	0	0	0	0	0	0	0	0	0	0	0	0	0	0	0	0	0	0	0	0	0	0	0.9	0.515
0	0	0	0	0	0	1.008	0	1.04	0	0	0	0	0	0	0	0	0	0	0	0	0	0	0	0	0	0	0	0	0	0	0	0	0	0	0	0	0	0	0	0.557	0.206
0	0	0	0	0	0	0	0	0	0	0	0	0	0	0	0	0	0	0	0	0	0	0	0	0	0	0	0	0	0	0	0.2	0	0	0	0	0	0	0.2	0	0.199	0.250
0	0	0	0	0	0	0	0	0	0	0	0	0	0	0	0	0	0	0	0	0	0	0	0	0	0	0	0	0	0	0	0	0	0	0	0	0	0	0	0	0.556	1.000
0	0	0	0	0	0	0	0	0	0	0	0	0	0	0	0	0	0	0	0	0	0	0	0	0	0	0	0	0	0	0	0	0	0	0	0.4	0	0.25	0	0	0.298	0.494
0	0	0	0	0	0	0	0	0	0	0	0	0	0	0	0	0	0	0	0	0	0	0	0	0	0	0	0	0	0	0	0	0.6	0.2	0.8	0	0.2	0.2	0	1	0	0.592
10.563	16.53	0	23.269	10.653	15.365	22.653	0.955	29.42	15.455	0	0	0	0	0	0.792	0.688	0	0.545	0.75	0.792	0.688	0	0.545	0.75	0	0	0	0	0	0	0	0	0	0	0	0	0	0	0.444	0	0.243
0	0	0	0	0	0	0	0	0	0	0	0	0	0	0	0	0	0	0	0	0	0	0	0	0	0	0	0	0	0	0	0	0	0	0	0	0.333	0	0	0	0	0.510
0	0	0	0	0	0	0	0	0	0	0	0	0	0	0	0	0	0	0	0	0	0	0	0	0	0	0	0	0	0	0	0.2	0	0	0	0	0.8	0	0	0	0	0.363
0	0	0	0	0	1.04	2.081	1.008	1.971	0	0	0	0	0	0	0	0	0	0	0	0	0	0	0	0	0	0	0	0	0	0	0	0	0	0	0	0	0	0	0	0.195	0.177
0	0	0	0	0	0	0	0	0	0	0	0	0	0	0	0	0	0	0	0	0	0	0	0	0	0	0	0	0	0	0	0	0	0	0	0	0	0	0	0	0.897	0.234
0	0	0	0.974	0	0	0	0	0	0	0	0	0	0.974	0	0	0	0	0	0	0	0	0	0	0	0	0	0	0	0	0	0	0.4	0.8	0	0	1	1	0.8	0	0	0.613
0	0	0	0	0	0	0	0	0	0	0	0	0	0	0	0	0	0	0	0	0	0	0	0	0	0	0	0	0	0	1	0.2	0.2	0.8	0	1	0	0.2	0.8	0	0	0.987
0	0	0	0	0	0	0	0	0	0	0	0	0	0	0	0	0	0	0	0	0	0	0	0	0	0	0	0	0	0	0	0	0	0	0	0	0	0	0	0	0.897	0.197
0	0	0	0	0	0	0	0	0	0	0	0	0	0	0	0	0	0	0	0	0	0	0	0	0	0	0	0	0	0	0	0	0	0	0	0	0	0	0	0	0.298	0.609
0	0.928	0	0	0	0	0.928	0	0	0	0	0	0	0	0	0	0	0	0	0	0	0	0	0	0	0	0	0	0	0	0	0	0	0	0	0	0	0	0	0	0	0.284
0.928	0	0	0	0	0.928	0	0	0	0	0	0	0	0	0	0	0	0	0	0	0	0	0	0	0	0	0	0	0	0	0	0	0	0	0	0	0	0	0	0	0	0.243
0	0	0	0	0	0	0	0	0	0	0	0	0	0	0	0	0	0	0	0	0	0	0	0	0	0	0	0	0	0	0.2	0	0	0.2	0.2	0	0	0	0	0.8	0	0.567
0	0	1.962	0	0	0	0	1.882	0	0	0	0	2.896	0	0	0	0	0.667	0	0	0	0	1	0	0	0	0	0.667	0	0	0.6	0	0	0.667	0	0	0	0	0.444	0	0.42	0.396
0	0	0	0	0	0	0	0	0	0	0	0	0	0	0	0	0	0	0	0	0	0	0	0	0	0	0	0	0	0	0	0	0	0	0	0	0.571	0	0	0	0	0.467
0	0	0	0	0	0	0	0	0	0	0	0	0	0	0	0	0	0	0	0	0	0	0	0	0	0	0	0	0	0	0	0	0	0	0	0	0	0	0	0	0.898	0.258
0	0	0	0	7.989	0	0	0	0	12.499	0	0	0	0	0	0	0	0	0	0.727	0	0	0	0	0.727	0	0	0	0	0	0	0	0	0	0	1	0	0	0	0	0	0.486
0	0	0	0	0	0	0	0	0	0	0	0	0	0	0	0	0	0	0	0	0	0	0	0	0	0	0	0	0	0	0	0	0	0	0	0	0	0	0	0	0.557	0.302
0	0	0	0	0	0	0	0	0	0	0	0	0	0	0	0	0	0	0	0	0	0	0	0	0	0	0	0	0	0	0	0.25	0.25	0.2	0.25	0	0.375	0	0	0	0.298	0.249
0	0	0	0	0	0	0	0	0	0	0	0	0	0	0	0	0	0	0	0	0	0	0	0	0	0	0	0	0	0	0	0	0.8	0.25	0.6	0	0	0.8	0	0	0	0.791
1.928	0	0	0	0	1.928	0	0	0	0	0	0	0	0	0	1	0	0	0	0	1	0	0	0	0	0	0	0	0	0	0.8	0	0	0	0	0.8	0	0	0	0	0.117	0.429
0	0	0	0	0	0	0	0	0	0	0	0	0	0	0	0	0	0	0	0	0	0	0	0	0	0	0	0	0	0	0	0	0	0	0	0	0	0	0	0	0.415	0.173
13.484	27.032	20.635	45.158	25.121	20.43	34.481	27.744	53.005	33.473	0	0	0	0	0	0.876	0.759	0.844	0.499	0.773	0.876	0.759	0.844	0.499	0.773	0	0	0	0	0	0	0	0	0.2	0	0	0.333	0	0	0	0	0.307
0	0	1.101	0	0.968	0	0	2.103	0	0.968	0	0	2.103	0	0	0	0	1	0	0	0	0	1	0	0	0	0	1	0	0	0	0	0.333	0.25	0.25	0	0	0.333	0.25	0.75	0	0.590
0.929	0	0	10.959	7.754	7.746	0	4.9	17.082	13.678	0	0	0	0	0	0.393	0	0.2	0.537	0.418	0.393	0	0.2	0.537	0.418	0	0	0	0	0	0	0	0	0	0	0	0	0	1	0	0.059	0.111
0	0	0	0	0	0	0	0	0	0	0	0	0	0	0	0	0	0	0	0	0	0	0	0	0	0	0	0	0	0	0	0	0	0	0	0	0	0	0	0	0	0.356
35.199	21.5	19.429	28.054	3.866	42.567	28.639	24.547	35.503	6.721	0	0	0	0	0	0.606	0.8	0.83	0.709	0.762	0.606	0.8	0.83	0.709	0.762	0	0	0	0	0	0	0	0	0	0	0	0	0	0	0	0.897	0.115
0	0	0	0	0	0	0	0	0	0	0	0	0	0	0	0	0	0	0	0	0	0	0	0	0	0	0	0	0	0	0.4	0.75	0.5	0	0.8	0	0	0.25	0	0.6	0	0.857
3.825	0	0	0.94	0	5.081	0	0	1.888	3.168	1.256	0	0	1.888	3.168	0.4	0	0	1	0.333	0.4	0	0	1	0.333	0	0	0	1	0.333	0	0	0	0	0	0	0	0	0	0	0.713	0.300
21.452	3.9	17.922	1.992	40.881	25.931	9.205	23.387	7.355	48.236	0	0	0	0	0	0.634	0.639	0.625	0.571	0.398	0.634	0.639	0.625	0.571	0.398	0	0	0	0	0	0	0	0	0	0	0	0	0	0	0	0.715	0.113
14.516	7.786	50.734	34.353	57.586	20.564	15.887	58.956	42.713	66.026	0	0	0	0	0	0.852	0.792	0.438	0.59	0.372	0.852	0.792	0.438	0.59	0.372	0	0	0	0	0	0	0	0	0	0	0	0	0.2	0.75	0	0	0.328
0	0	0	0	0	0	0	0	0	0	0	0	0	0	0	0	0	0	0	0	0	0	0	0	0	0	0	0	0	0	0	0	0	0	0	0	0	0	0	0.333	0.559	0.211
0	0	0	0	0	0	0	0	0	0	0	0	0	0	0	0	0	0	0	0	0	0	0	0	0	0	0	0	0	0	0.4	0.5	0.2	0.6	0.4	0.2	1	0	0	0	0	0.854
7.754	0	0	0.929	1.863	13.678	4.9	1.947	7.746	7.871	0	0	0	0	0	0.418	0.2	0	0.393	0.286	0.418	0.2	0	0.393	0.286	0	0	0	0	0	0	0	0	0	0	0	0	0	0	0	0	0.101
0	0	0	0	0	0	0	0	0	0	0	0	0	0	0	0	0	0	0	0	0	0	0	0	0	0	0	0	0	0	0	0	0	0	0	0	0	0	0	0	0.713	0.560
17.774	10.618	16.369	27.941	0.933	23.649	17.635	22.368	35.978	3.865	0	0	0	0	0	0.547	0.582	0.625	0.398	0.5	0.547	0.582	0.625	0.398	0.5	0	0	0	0	0	0	0	0	0	0	0	0.625	0	0	0	0	0.244
0	0	0.945	0	0	0	0	0.945	0	0	0	0	0.945	0	0	0	0	0	0	0	0	0	0	0	0	0	0	0	0	0	0.4	0	0	0	0.111	0.2	0.6	0	0	0	0	0.780
13.934	0	0	0	0.981	13.934	0	0	0	0.981	4.044	0	0	0	0	0.154	0	0	0	0	0.154	0	0	0	0	0	0	0	0	0	0.4	0.4	0.714	0.6	0.2	0	0	0.857	1	0.2	0	0.445
0	0	0	0	0	0	0	0	0	0	0	0	0	0	0	0	0	0	0	0	0	0	0	0	0	0	0	0	0	0	0.2	0.2	0	0.2	0.75	0	0	0	0	1	0	0.681
0	2.03	0	0	0	0	5.103	2.015	0	4.046	0	3.074	2.015	0	4.046	0	0.3	1	0	0.333	0	0.3	1	0	0.333	0	0	0	0	0	0	0	0.333	0	0	0	0	0.667	0	0	0.558	0.226
0	0	3.084	0	0	0	0	4.049	0	0	0	0	2.13	0	0	0	0	0.667	0	0	0	0	0.667	0	0	0	0	1	0	0	0.625	0.8	0.2	0.75	0.4	1	0.8	0	1	0	0	0.905
7.704	1.897	31.772	5.685	6.74	11.476	4.779	38.663	7.626	10.542	0	0	0	0	0	0.485	0.7	0.435	0.75	0.545	0.485	0.7	0.435	0.75	0.545	0	0	0	0	0	0	0.333	0	0	0	0	0.667	0	0	0	0	0.340
0	0	0	0	0	0	0	0	0	0	0	0	0	0	0	0	0	0	0	0	0	0	0	0	0	0	0	0	0	0	0	0	0	0	0	0	0	0	0	0	0.294	0.610
0	0	0	0	0	0	0	0	0	0	0	0	0	0	0	0	0	0	0	0	0	0	0	0	0	0	0	0	0	0	0.4	0.25	0.2	0	0.2	0	0	0	0	0	0	0.626
17.922	21.452	40.881	3.9	62.602	23.387	25.931	48.236	9.205	69.302	0	0	0	0	0	0.625	0.634	0.398	0.639	0.316	0.625	0.634	0.398	0.639	0.316	0	0	0	0	0	0	0	0	0	0	0	0	0	0	0	0.896	0.101
0	0	0	0	0	0	0	0	0	0	0	0	0	0	0	0	0	0	0	0	0	0	0	0	0	0	0	0	0	0	0.6	0.6	0.4	0.556	0.2	0.2	1	0	1	0.6	0	0.943
0	0	0	0	0	0	0	0	0	0	0	0	0	0	0	0	0	0	0	0	0	0	0	0	0	0	0	0	0	0	0	0	0	0	0	0	0	0	0	0	0.718	1.000
0	0	0	0	0	0	0	0	0	0	0	0	0	0	0	0	0	0	0	0	0	0	0	0	0	0	0	0	0	0	0	0.6	0.2	0	0	0.2	0	0	0.143	0	0	0.709
0	0	0	0	0	1.033	2.989	0.986	3.066	0	0	0	0	0	0	0	0	0	0	0	0	0	0	0	0	0	0	0	0	0	0	0	0	0	0	0	0	0	0	0	0.556	0.171
0	3.084	0	0	0	0	4.049	0	0	0	0	2.13	0	0	0	0	0.667	0	0	0	0	0.667	0	0	0	0	1	0	0	0	0.4	0.2	1	0.625	1	0	0	0.333	1	0.8	0	0.656
0	1.928	0	0	0	0	1.928	0	0	0	0	0	0	0	0	0	1	0	0	0	0	1	0	0	0	0	0	0	0	0	0	0.8	0	0	0.6	0	0.8	0	0	0	0.298	0.370
0	0	0	0	0	0	0	0	0	0	0	0	0	0	0	0	0	0	0	0	0	0	0	0	0	0	0	0	0	0	0	0	0	0	0	0	0	0	0	0	0	0.282
0	0	0	0	0	3.474	3.329	4.466	4.515	4.36	0	0	0	0	0	0.667	0.333	0.333	0.5	0.167	0.667	0.333	0.333	0.5	0.167	0	0	0	0	0	0	0	0	0	0	0	0	0	0	0	0.292	0.170
0	0	0	0	0	0	0	0	0	0	0	0	0	0	0	0	0	0	0	0	0	0	0	0	0	0	0	0	0	0	0	0	0	0	0	0	0	0	0	0	0.12	0.194
18.207	0	16.867	2.989	0.976	26.289	5.499	24.451	8.305	4.837	0	0	0	0	0	0.637	0.6	0.612	0.643	0.8	0.637	0.6	0.612	0.643	0.8	0	0	0	0	0	0.2	1	0	0	0	0.6	1	0	0	0	0	0.313
0	0	0	0	0	0	0	0	0	0	0	0	0	0	0	0	0	0	0	0	0	0	0	0	0	0	0	0	0	0	0	0	0	0	0	0	0	0	0	0	0.118	0.383
0	0	0	0	0	2.994	5.147	1.971	4.36	2.081	0	0	0	0	0	0	0.3	0	0.167	0	0	0.3	0	0.167	0	0	0	0	0	0	0	0	0	0	0	0	0	0	0	0	0.419	0.179
0	0	0	0	0	0	0	0	0	0	0	0	0	0	0	0	0	0	0	0	0	0	0	0	0	0	0	0	0	0	0	0	0	0	0.333	0	0	0	0	0	0.898	0.146
1.017	0	0	2.816	0	1.017	0	0	4.848	1.03	1.017	0	0	3.908	1.03	0	0	0	0.1	0	0	0	0	0.1	0	0	0	0	0.167	0	0	0	0.4	0	0.25	0	0	0	0	0	0	0.400
0	0	0	0	0	0	0	0	0	0	0	0	0	0	0	0	0	0	0	0	0	0	0	0	0	0	0	0	0	0	0	0	0	0	0	0	0	0	0	0	0.292	0.236
1.007	0	0	2.937	0	1.007	0	0	2.937	0	0	0	0	0	0	0	0	0	0.333	0	0	0	0	0.333	0	0	0	0	0	0	0.4	0.6	0.6	0.5	0.6	0	0	0.8	0	0.2	0	0.376
6.947	0	0	0	0	7.911	0	0	3.168	0	3.988	0	0	3.168	0	0.179	0	0	0.333	0	0.179	0	0	0.333	0	0.167	0	0	0.333	0	0	0	0	0	0	0	0	0	0	0	0.055	0.295
0	0	0	0	0	0	0	0	0	0	0	0	0	0	0	0	0	0	0	0	0	0	0	0	0	0	0	0	0	0	0.667	0	0	0.25	0	0.333	0	0	0	0	0	0.923
0	0	0	0	0	1.021	1.933	4.032	0	4.993	0	0	0	0	0	0	0	0.167	0	0.1	0	0	0.167	0	0.1	0	0	0	0	0	0	0	0	0	0	0	0	0	0	0	0.898	0.184
0	0	0	0	0	0	0	0	0	0	0	0	0	0	0	0	0	0	0	0	0	0	0	0	0	0	0	0	0	0	0	0	0	0	0	0.333	0	0	0	0	0	0.482
0	0	0	0	1.14	0	0	0	0	1.14	0	0	0	0	1.14	0	0	0	0	0	0	0	0	0	0	0	0	0	0	0	0.5	0.2	0	0	1	0	0	0.2	0	1	0	0.983
0	0	0	0	0	0	0	0	0	0	0	0	0	0	0	0	0	0	0	0	0	0	0	0	0	0	0	0	0	0	0	0	0	0	0	0	0	0	0	0	0	0.302
0	0	0	0	0	0	0	0	0	0	0	0	0	0	0	0	0	0	0	0	0	0	0	0	0	0	0	0	0	0	0	0	0	0	0	0	0	0	0	0	0	0.592
0	0	0	0	0	0	0	0	0	0	0	0	0	0	0	0	0	0	0	0	0	0	0	0	0	0	0	0	0	0	0	0	0	0	0.2	0	0	0	0	0	0	0.452
0	0	0	0	0	1.008	1.04	0	2.081	0	0	0	0	0	0	0	0	0	0	0	0	0	0	0	0	0	0	0	0	0	0	0	0	0	0	0	0	0	0	0	0.197	0.179
5.502	3.848	0	5.21	0	6.663	3.848	0	7.305	0	3.344	3.848	0	4.184	0	0.8	0.167	0	0.667	0	0.8	0.167	0	0.619	0	0.667	0.167	0	0.667	0	0	0	0	0.2	0	0	0	0	0	0	0.716	0.176
0	0	0.939	0	0	0	0	0.939	0	0	0	0	0.939	0	0	0	0	0	0	0	0	0	0	0	0	0	0	0	0	0	0.333	0	0	0	0	0	0	0	0	0	0.117	0.107
0	0	0	0	4.2	0	0	0	0	8.711	0	0	0	0	4.511	0	0	0	0	0.25	0	0	0	0	0.25	0	0	0	0	0.5	0.25	0.6	0	0.2	0	0	0.8	0	0.2	0	0	0.706
0	0	0	0	0	0	0	0	0	0.976	0	0	0	0	0.976	0	0	0	0	0	0	0	0	0	0	0	0	0	0	0	0	0	0	0	0	0	0	0.2	0	0.333	0.896	0.216
1.101	0	0.968	0	0	2.103	0	0.968	0	0	2.103	0	0	0	0	1	0	0	0	0	1	0	0	0	0	1	0	0	0	0	0.333	0	0.25	0	0	0.333	0	0.75	0	0.143	0	0.557
0	0	0	0	0	0	0	0	0	0	0	0	0	0	0	0	0	0	0	0	0	0	0	0	0	0	0	0	0	0	0	0	0.4	0.4	0.667	0	0	0	0.8	0.667	0	0.423
0	0	0	0	0	0	0	0	0	0	0	0	0	0	0	0	0	0	0	0	0	0	0	0	0	0	0	0	0	0	0	0	0	0	0	0	0	0	0	0	0.558	0.434
0	0	0	0	0	0	0	0	0	0	0	0	0	0	0	0	0	0	0	0	0	0	0	0	0	0	0	0	0	0	0	0	0	0	0	0	0	0	0	0	0.196	0.238
0	0	0	0	0	3.11	2.931	2.94	0.984	3.147	0	0	0	0	0	0	0	0	0	0	0	0	0	0	0	0	0	0	0	0	0	0	0	0	0	0	0	0	0	0	0.9	0.158
0	0	0	0	0	0	0	0	0	0	0	0	0	0	0	0	0	0	0	0	0	0	0	0	0	0	0	0	0	0	1	0.571	0.571	0.2	0	0.4	0.714	0.286	0	0	0	0.993
0	0	0	0	0	0	0	0	0	0	0	0	0	0	0	0	0	0	0	0	0	0	0	0	0	0	0	0	0	0	0	0	0	0	0	0	0	0	0	0	0.056	0.214
0	6.301	0	0	0	0	7.407	0	0	0	0	3.305	0	0	0	0	0.333	0	0	0	0	0.333	0	0	0	0	0	0	0	0	0	0.4	0.5	0.375	0.875	0	0	1	0.375	0.125	0	0.505
0	0	0	0	0	0	0	0	0	0	0	0	0	0	0	0	0	0	0	0	0	0	0	0	0	0	0	0	0	0	0	0	0	0	0	0	0	0	0	0	0.896	0.953
2.061	0	2.161	0	0	7.826	0	6.557	0	4.045	3.298	0	4.396	0	4.045	0.667	0	0.8	0	0.667	0.667	0	0.8	0	0.667	0	0	0.333	0	0	0	0	0	0	0	0	0	0	0	0	0.896	0.269
0	0	0	0	0	0	0	0	0	0	0	0	0	0	0	0	0	0	0	0	0	0	0	0	0	0	0	0	0	0	0	0	0	0	0	0	0.625	0	0	0	0.299	0.496
6.696	7.713	0.973	1.931	3.815	10.713	13.474	5.764	5.802	9.504	0	0	0	0	0	0.764	0.637	0.467	0.467	0.4	0.764	0.637	0.467	0.467	0.4	0	0	0	0	0	0	0	0	0	0	0.75	0	0	0	0	0.417	0.169
0	0	0	0.928	0	0	0	0	0.928	0	0	0	0	0	0	0	0	0	0	0	0	0	0	0	0	0	0	0	0	0	0	0	0	0	0	0	0	0	0	0	0	0.254
0	0	0	1.928	0	0	0	0	1.928	0	0	0	0	0	0	0	0	0	1	0	0	0	0	1	0	0	0	0	0	0	0	0	0.6	0.8	0.2	0	0	0	0.8	0	0	0.308
0	0	0	0	0	0	0	0	0	0	0	0	0	0	0	0	0	0	0	0	0	0	0	0	0	0	0	0	0	0	0	0	0	0	0	0.25	0	0.667	0	0	0	0.597
3.888	24.413	0	0	50.974	8.868	30.691	0	0	57.306	0	0	0	0	0	0.889	0.57	0	0	0.36	0.889	0.57	0	0	0.36	0	0	0	0	0	0	0	0.333	0	0	0.2	0	0.667	1	0	0	0.359
0	1.14	0	0	0	0	1.14	0	0	0	0	1.14	0	0	0	0	0	0	0	0	0	0	0	0	0	0	0	0	0	0	0.625	1	0	0	0.2	0	1	0	0.2	0	0	0.428
0	0	5.21	1.962	3.848	0	0	7.305	1.882	3.848	0	0	4.184	2.896	3.848	0	0	0.667	0.667	0.167	0	0	0.619	1	0.167	0	0	0.667	0.667	0.167	0	0	0.2	0	0	0	0	0	0	0	0.417	0.226
0	0	0	0	0	0	0	0	0	0	0	0	0	0	0	0	0	0	0	0	0	0	0	0	0	0	0	0	0	0	0.2	0.2	0.25	0	0	0	0	0.375	0	0	0	0.317
0	0	0	0	0	0	0	0	0	0	0	0	0	0	0	0	0	0	0	0	0	0	0	0	0	0	0	0	0	0	0.6	0	0.8	0	0.222	0.2	0	1	0.2	0.667	0	0.565
0	2.989	18.207	4.911	16.867	5.499	8.305	26.289	9.412	24.451	0	0	0	0	0	0.6	0.643	0.637	0.778	0.612	0.6	0.643	0.637	0.778	0.612	0	0	0	0	0	1	0	0.2	0	0	1	0	0.6	0	0	0	0.683
0	0	0	0	0	0	0	0	0	0	0	0	0	0	0	0	0	0	0	0	0	0	0	0	0	0	0	0	0	0	0.2	1	0	0.2	0	0.2	1	0	0	0	0	0.575
0	0	0	0	0	0	0	0	0	0	0	0.946	0	0	0	0	0	0	0	0	0	0	0	0	0	0	0	0	0	0	0.6	0	0	0	0.4	0.8	0	0	0	0.2	0.016	0.751
0	0	0	0	0	0	0	0	0	0	0	0	0	0	0	0	0	0	0	0	0	0	0	0	0	0	0	0	0	0	0	0	1	0	0	0.25	0	1	0	0	0	0.713
0	6.74	20.358	31.772	0	0.938	10.542	25.134	38.663	1.927	0	0	0	0	0	0	0.545	0.582	0.435	1	0	0.545	0.582	0.435	1	0	0	0	0	0	0	0	0	0	0	0	0	0	0	0	0	0.374
0	0	0	0	0	0.968	2.848	0	1.914	0.931	0	0	0	0	0	0	0	0	0	0	0	0	0	0	0	0	0	0	0	0	0	0	0	0	0	0	0	0	0	0	0.554	0.125
0	0	0	0	0	0	0	0	0	0	0	0	0	0	0	0	0	0	0	0	0	0	0	0	0	0	0	0	0	0	0.6	0	0	0	1	0	0	0	0	1	0	0.820
0	4.05	0	0	0	0	3.034	0	0	0	0	3.008	0	0	0	0	0.1	0	0	0	0	0	0	0	0	0	0.333	0	0	0	0	0.125	0	0.2	0	0	0	0	0.2	0	0.556	0.356
0	0	0	0	0	0	0	0	0	0	0	0	0	0	0	0	0	0	0	0	0	0	0	0	0	0	0	0	0	0	0	0	0	0	0	0	0	0	0	0	0.556	0.159
1.046	0	0	0	0	2.086	0	0	0	0	2.086	0	0	0	0	1	0	0	0	0	0	0	0	0	0	1	0	0	0	0	0	0	0	0	0	0	0	0	0	0	0	0.342
0	1.017	0	0	0	0	1.017	0	0	0	0	1.017	0	0	0	0	0	0	0	0	0	0	0	0	0	0	0	0	0	0	0	0.5	0.2	0	1	0	0	0.4	0.2	0.667	0.298	0.502
1.226	0.959	0	0	0	1.226	0.959	0	0	0	1.226	0.959	0	0	0	0	0	0	0	0	0	0	0	0	0	0	0	0	0	0	0	0.667	1	0.25	0.6	0	0.333	0	0.5	0	0.19	0.268
16.53	23.269	10.563	3.818	0	22.653	29.42	15.365	6.772	0.955	0	0	0	0	0	0.688	0.545	0.792	0.905	0	0.688	0.545	0.792	0.905	0	0	0	0	0	0	0	0	0	0	0	0	0	0	0	0	0.417	0.103
0	0	0	0	0	0	0	0	0	0	0	0	0	0	0	0	0	0	0	0	0	0	0	0	0	0	0	0	0	0	0	0	0	0	0	0	0	0.25	0	0.667	0	0.435
0	0	13.934	0	0	0	0	13.934	0	0	0	0	4.044	0	0	0	0	0.154	0	0	0	0	0.154	0	0	0	0	0	0	0	0.4	0.6	0.4	0	0.714	0	1	0	0	0.857	0	0.687
0	0	0	0	0	0	0	0	0	0	0	0	0	0	0	0	0	0	0	0	0	0	0	0	0	0	0	0	0	0	0.6	0.4	1	0.5	0.5	0	0	1	0.25	0.5	0	0.976
0	0	0	0	0	0	0	0	0	0	0	0	0	0	0	0	0	0	0	0	0	0	0	0	0	0	0	0	0	0	0.25	0.2	0	0.2	0.25	0.375	0	0	0	0	0	0.378
0	0	0	0	0	0	0	0	0	0	0	0	0	0	0	0	0	0	0	0	0	0	0	0	0	0	0	0	0	0	0	0	0	0	0	0	0	0	0	0	0.556	1.000
0	0	1.928	0	0	0	0	1.928	0	0	0	0	0	0	0	0	0	1	0	0	0	0	1	0	0	0	0	0	0	0	0	0	0.8	0.667	0	0	0	0.8	0.444	0	0.718	0.225
0	0	0	2.115	1.101	0	0	0	2.115	2.103	0	0	0	2.115	2.103	0	0	0	1	1	0	0	0	1	1	0	0	0	1	1	0	0.25	0	0	0.333	0	0.25	0	0	0.333	0.559	0.410
0	0	0	0	0	0	0	0	0	0	0	0	0	0	0	0	0	0	0	0	0	0	0	0	0	0	0	0	0	0	0.25	0.4	0	0	0	0	0	0	0	0	0	0.806
0	0	0	0	0	0	0	0	0	0	0	0	0	0	0	0	0	0	0	0	0	0	0	0	0	0	0	0	0	0	1	1	0.6	0.2	0.25	1	1	0.2	0	0	0	0.988
1.871	0	24.151	3.817	0	1.871	0	28.075	6.649	0	0	0	0	0	0	1	0	0.608	0.762	0	1	0	0.608	0.762	0	0	0	0	0	0	0	0	0	0	0	0	0	0.333	0	0	0	0.278
0	3.087	0	0	0	0	4.284	0	0	0	0	4.284	0	0	0	0	0.333	0	0	0	0	0.333	0	0	0	0	0.333	0	0	0	0.667	0.2	0.2	0	0.6	0	0	0.2	0	0.8	0	0.779
0	0	0	0	0	0	0	0	0	0	0	0	0	0	0.946	0	0	0	0	0	0	0	0	0	0	0	0	0	0	0	0	0	0	0	0	0	0	0	0	0	0.715	0.397
0	0	0	0	0	0	0	0	0	0	0	0	0	0	0	0	0	0	0	0	0	0	0	0	0	0	0	0	0	0	0	0	0	0	0	0	0	0	0	0	0.296	0.512
0	0	4.922	3.041	0	0	0	4.922	3.089	0	0	0	2.011	1.996	0	0	0	0.3	0.5	0	0	0	0.3	1	0	0	0	0	0	0	0.25	0.4	0.4	0.4	0.4	0.5	0.2	0.8	0.6	0	0	0.951
14.474	10.653	5.685	0	1.897	18.429	15.455	7.626	0.955	4.779	0	0	0	0	0	0.789	0.75	0.75	0	0.7	0.789	0.75	0.75	0	0.7	0	0	0	0	0	0	0	0	0	0.333	0	0.444	0	0	0.667	0.056	0.100
0	3.825	0	0	0	0	5.081	3.168	0	0	0	1.256	3.168	0	0	0	0.4	0.333	0	0	0	0.4	0.333	0	0	0	0	0.333	0	0	0	0	0	0	0	0	0	0	0	0	0.19	0.630
39.285	28.844	31.506	17.63	25.526	48.252	37.44	40.068	25.962	33.972	0	0	0	0	0	0.528	0.692	0.633	0.892	0.731	0.528	0.692	0.633	0.892	0.731	0	0	0	0	0	0	0.2	0	0	0	0	0	0	0	0	0.419	0.146
0	0	0	4.743	0	0	0.933	0	6.687	0	0	0	0	0	0	0	0	0	0.857	0	0	0	0	0.857	0	0	0	0	0	0	0	0	0	0	0	0	0	0	0	0	0	0.199
0	0	0	0	0	0	0	0	0	0	0	0	0	0	0	0	0	0	0	0	0	0	0	0	0	0	0	0	0	0	0	0	0	0	0	0	0	0	0	0	0.894	1.000
0	0	0	0	0	0	0	0	0	0	0	0	0	0	0	0	0	0	0	0	0	0	0	0	0	0	0	0	0	0	0	0	0	0	0	0	0	0	0	0	0.555	0.134
27.032	45.158	13.484	32.433	20.635	34.481	53.005	20.43	40.089	27.744	0	0	0	0	0	0.759	0.499	0.876	0.648	0.844	0.759	0.499	0.876	0.648	0.844	0	0	0	0	0	0	0.2	0	0	0	0.333	0	0	0	0	0	0.283
0	0	0	0	0	0	0	0	0	0	0	0	0	0	0	0	0	0	0	0	0	0	0	0	0	0	0	0	0	0	0.25	0.6	0	0.8	0.8	0.5	0	0	0.8	0	0	0.842
0	0	0	0	0	0	0	0	0	0	0	0	0	0	0	0	0	0	0	0	0	0	0	0	0	0	0	0	0	0	0.333	0.2	0.2	0.4	0.8	1	0	0	0	0.4	0.893	0.879
0	0	0	0	0	0.986	1.033	0	2.989	0	0	0	0	0	0	0	0	0	0	0	0	0	0	0	0	0	0	0	0	0	0	0	0	0	0	0	0	0	0	0	0.557	0.189
0	0	0	0.945	0	0	0	0	0.945	0	0	0	0	0.945	0	0	0	0	0	0	0	0	0	0	0	0	0	0	0	0	0.25	0.111	0.2	0	0	0	0	0	0	0.2	0	0.926
21.591	12.388	10.511	25.121	12.346	29.561	19.053	18.186	33.473	18.158	0	0	0	0	0	0.837	0.895	0.895	0.773	0.924	0.837	0.895	0.895	0.773	0.924	0	0	0	0	0	0	0	0	0	0	0	0	0	0	0	0	0.273
0	0	0	0	0	4.046	2.015	2.965	0	1.002	4.046	2.015	2.021	0	1.002	0.333	1	0.667	0	0	0.333	1	0.667	0	0	0	0	0	0	0	0	0.333	0	0	0	0	0.667	0	0	0	0	0.163
0	0	0	0	0	0	0	0	0	0	0	0	0	0	0	0	0	0	0	0	0	0	0	0	0	0	0	0	0	0	0	0	0	0	0	0	0	0	0	0	0.715	1.000
0	7.989	4.911	0	2.989	2.051	12.499	9.412	0	8.305	0	0	0	0	0	0	0.727	0.778	0	0.643	0	0.727	0.778	0	0.643	0	0	0	0	0	0.333	0	0	0	0	1	0	0	0	0	0	0.705
0	0	0	0	0	0	0	0	0	0	0	0	0	0	0	0	0	0	0	0	0	0	0	0	0	0	0	0	0	0	0	0	0	0	0	0	0	0	0.667	1	0.715	0.521
0.968	1.101	0	0	0	0.968	2.103	0	0	0	0	2.103	0	0	0	0	1	0	0	0	0	1	0	0	0	0	1	0	0	0	0.25	0.333	0	0	0.4	0.75	0.333	0.143	0	0	0.196	0.274
3.9	1.992	21.452	4.084	17.922	9.205	7.355	25.931	8.319	23.387	0	0	0	0	0	0.639	0.571	0.634	0.786	0.625	0.639	0.571	0.634	0.786	0.625	0	0	0	0	0	0	0	0	0	0	0	0	0	0	0	0.292	0.129
0	0	0	0	0	0.957	0	0	0	0	0	0	0	0	0	0	0	0	0	0	0	0	0	0	0	0	0	0	0	0	0.333	0	0	0	0	0.333	0	0	0	0	0	0.276
0	0	0	0	0	0	0	0	0	0	0	0	0	0	0	0	0	0	0	0	0	0	0	0	0	0	0	0	0	0	0.4	0	0.667	0.2	0	0	0	0.444	0	0	0	0.766
0	0	0	0	0	0	0	0	0	0	0	0	0	0	0	0	0	0	0	0	0	0	0	0	0	0	0	0	0	0	0	0	0	0	0	0	0	0	0	0	0	0.517
0	0	0	0	0	0	0	0	0	0	0	0	0	0	0	0	0	0	0	0	0	0	0	0	0	0	0	0	0	0	0	0	0	0.143	0	0	0	0	0.714	0	0	0.597
40.881	17.922	62.602	21.452	0	48.236	23.387	69.302	25.931	1.904	0	0	0	0	0	0.398	0.625	0.316	0.634	1	0.398	0.625	0.316	0.634	1	0	0	0	0	0	0	0	0	0	0	0	0	0	0	1	0.3	0.125
3.866	19.429	9.581	35.199	4.743	6.721	24.547	14.369	42.567	6.687	0	0	0	0	0	0.762	0.83	0.762	0.606	0.857	0.762	0.83	0.762	0.606	0.857	0	0	0	0	0	0	0	0	0	0	0	0	0	0	0	0.554	0.134
0	0	0	0	0	0	0	0	0	0	0	0	0	0	0	0	0	0	0	0	0	0	0	0	0	0	0	0	0	0	0	0	0	0	0	0	0	0	0	0	0	0.205
0	0	0	0	0	0	0	0	0	0	0	0	0	0	0	0	0	0	0	0	0	0	0	0	0	0	0	0	0	0	0	0	0	0	0	0	0	0	0	0	0.556	0.487
0	0	0	0	0	0	0	0	0	0	0	0	0	0	0	0	0	0	0	0	0	0	0	0	0	0	0	0	0	0	0	0.6	0.2	0	0	0	0.2	0	0	0	0.56	0.532
0	0	0	0	0	0	0	0	0	0	0	0	0	0	0	0	0	0	0	0	0	0	0	0	0	0	0	0	0	0	0	0	0	0	0	0	0	0	0	0	0	0.299
0	0	0	2.03	0	2.015	0	4.046	5.103	2.965	2.015	0	4.046	3.074	2.021	1	0	0.333	0.3	0.667	1	0	0.333	0.3	0.667	0	0	0	0	0	0.333	0	0	0	0	0.667	0	0	0	0	0.059	0.663
0	0	0	0	0	0	0	0	0	0	0	0	0	0	0	0	0	0	0	0	0	0	0	0	0	0	0	0	0	0	0.2	0.2	0.2	0.2	0	0	0	0	0.2	0	0	0.624
0	0	0	0	0	0	0	0	0	0	0	0	0	0	0	0	0	0	0	0	0	0	0	0	0	0	0	0	0	0	0	0	0.4	0.2	0.2	0	0	0	0	0	0.294	0.726
0.933	4.286	0	3.928	0	0.933	8.069	0	7.984	0	0.933	7.938	0	6.662	0	0	0.429	0	0.333	0	0	0.524	0	0.333	0	0	0.19	0	0.133	0	0	0	0	0	0.25	0	0	0	0	0	0.715	0.212
0	0	0	1.226	2.887	0	0	0	1.226	2.887	0	0	0	1.226	1.939	0	0	0	0	0.667	0	0	0	0	0.667	0	0	0	0	0	0.6	1	0.571	0	0.111	0	0	0.429	0	0	0	0.971
0	0	0	0	0	0	0	0	0	0	0	0	0	0	0	0	0	0	0	0	0	0	0	0	0	0	0	0	0	0	0.4	0.875	0.333	1	0.2	0	0.875	0.333	1	0	0	0.815
0	0	0	0	0	0	0	0	0	0	0	0	0	0	0	0	0	0	0	0	0	0	0	0	0	0	0	0	0	0	0	0.2	0.143	0.2	0	0	0.2	0.714	0	0	0	0.468
0	0	0	0	0	0	0	0	0	0	0	0	0	0	0	0	0	0	0	0	0	0	0	0	0	0	0	0	0	0	0	0	0	0	0	0	0	0	0	0	0.415	0.580
0	0	0	0	0	0	0	0	0	0	0	0	0	0	0	0	0	0	0	0	0	0	0	0	0	0	0	0	0	0	0	0	0.6	0.25	0	0	0	0	0.25	0	0.42	0.710
0	0	2.816	0.968	0	0	0	4.848	0.968	0	0	0	3.908	0	0	0	0	0.1	0	0	0	0	0.1	0	0	0	0	0.167	0	0	0.4	0	0	0.25	0	0	0.143	0	0.75	0	0	0.841
0	0	0	0	0	0	0	0	0	0	0	0	0	0	0	0	0	0	0	0	0	0	0	0	0	0	0	0	0	0	0	0	0	0	0	0	0	0	0	0	0.198	0.107
0	0	0	0	0	0	0	0	0	0	0	0	0	0	0	0	0	0	0	0	0	0	0	0	0	0	0	0	0	0	0	0	0	0	0	0	0	0.333	0	0	0	0.505
3.817	0	0	1.899	1.871	6.649	0	0	3.789	1.871	0	0	0	0	0	0.762	0	0	1	1	0.762	0	0	1	1	0	0	0	0	0	0	0	0	0	0	0	0	0	0	0	0	0.246
0	0	0	1.017	0	0	0	0	1.017	0	0	0	0	1.017	0	0	0	0	0	0	0	0	0	0	0	0	0	0	0	0	0.2	0	1	0.5	0.333	0.4	0	0.667	0	1	0	0.683
0	0	0	0	0	0	0	0	0	0	0	0	0	0	0	0	0	0	0	0	0	0	0	0	0	0	0	0	0	0	0	0	0	0	0	0	0	0	0	0	0.717	0.087
0	0	0	0	0	0	0	0	0	0	0	0	0	0	0	0	0	0	0	0	0	0	0	0	0	0	0	0	0	0	0	0.4	0	0.667	0.4	0	0.8	0	1	0	0	0.419
0	0	0	0	0	0	0	0	0	0	0	0	0	0	0	0	0	0	0	0	0	0	0	0	0	0	0	0	0	0	0.2	0.2	0.4	0.4	0.571	0	0.6	0	0	0	0	0.675
0	0	0	0	0	0	0	0	0	0	0	0	0	0	0	0	0	0	0	0	0	0	0	0	0	0	0	0	0	0	0	0	0	0	0	0	0	0	0	0	0	0.276
7.713	1.931	6.696	0.933	0.973	13.474	5.802	10.713	3.865	5.764	0	0	0	0	0	0.637	0.467	0.764	0.5	0.467	0.637	0.467	0.764	0.5	0.467	0	0	0	0	0	0	0	0	0	0	0	0	0.75	0	0	0	0.162
0	0	0	0	0	0	0	0	0	0	0	0	0	0	0	0	0	0	0	0	0	0	0	0	0	0	0	0	0	0	0	0	0	0	0	0	0	0	0	0	0.556	0.561
5.685	14.474	1.897	10.653	7.704	7.626	18.429	4.779	15.455	11.476	0	0	0	0	0	0.75	0.789	0.7	0.75	0.485	0.75	0.789	0.7	0.75	0.485	0	0	0	0	0	0	0	0.333	0	0	0	0	0.667	0.444	0	0.197	0.172
0	0	0	0	0	5.147	4.36	2.994	4.466	1.971	0	0	0	0	0	0.3	0.167	0	0.333	0	0.3	0.167	0	0.333	0	0	0	0	0	0	0	0	0	0	0	0	0	0	0	0	0.418	0.177
1.992	4.084	3.9	0	21.452	7.355	8.319	9.205	1.943	25.931	0	0	0	0	0	0.571	0.786	0.639	0	0.634	0.571	0.786	0.639	0	0.634	0	0	0	0	0	0	0	0	0	0	0	0	0	0	0	0.559	0.126
0	0	0	0	0	0	0	0	0	0	0	0	0	0	0	0	0	0	0	0	0	0	0	0	0	0	0	0	0	0	0	0	0	0	0	0	0	0	0	0	0.716	0.507
0	0	0	0	0	0	0	0	0	0	0	0	0	0	0	0	0	0	0	0	0	0	0	0	0	0	0	0	0	0	0.667	0.4	0.2	0	0.857	0.667	0	0	0	1	0	0.958
0	0	0	0	0	0	0	0	0	0	0	0	0	0	0	0	0	0	0	0	0	0	0	0	0	0	0	0	0	0	0.25	1	0.5	0	0.4	0	1	0.25	0	0	0	0.670
0	0	0	0	0	0	0	0	0	0	0	0	0	0	0	0	0	0	0	0	0	0	0	0	0	0	0	0	0	0	1	0.5	1	0.667	0.875	1	0.75	1	1	0.875	0.298	0.998
21.5	28.054	35.199	28.351	19.429	28.639	35.503	42.567	35.816	24.547	0	0	0	0	0	0.8	0.709	0.606	0.716	0.83	0.8	0.709	0.606	0.716	0.83	0	0	0	0	0	0	0	0	0	0	0	0	0	0	0	0.899	0.109
0	0	4.2	0	0	0	0	8.711	0	1.945	0	0	4.511	0	1.945	0	0	0.25	0	1	0	0	0.25	0	1	0	0	0.5	0	1	0	0.25	0	0.6	0	0	0	0	0.8	0	0.294	0.505
0	0	0	0	0	0	0	0	0	0	0	0	0	0	0	0	0	0	0	0	0	0	0	0	0	0	0	0	0	0	0	0	0	0	0	0	0	0	0	0	0	0.471
0	0	0	0	0	0	0	0	0	0	0	0	0	0	0	0	0	0	0	0	0	0	0	0	0	0	0	0	0	0	0	0	0	0	0	0	0	0	0	0.25	0	0.561
0	3.888	50.974	24.413	11.498	0	8.868	57.306	30.691	16.61	0	0	0	0	0	0	0.889	0.36	0.57	0.787	0	0.889	0.36	0.57	0.787	0	0	0	0	0	0.333	0	0	0	0	0.667	0.2	0	0	0	0	0.742
0	0	0	0	0	0	0	0	0	0	0	0	0	0	0	0	0	0	0	0	0	0	0	0	0	0	0	0	0	0	0	0	0	0	0	0	0	0	0.571	0	0	0.418
3.848	5.21	5.502	0	0	3.848	7.305	6.663	0	0	3.848	4.184	3.344	0	0	0.167	0.667	0.8	0	0	0.167	0.619	0.8	0	0	0.167	0.667	0.667	0	0	0	0.2	0	0	0	0	0	0	0	0	0.418	0.166
0	0	0	0	0.939	0	0	0	0	0.939	0	0	0	0	0.939	0	0	0	0	0	0	0	0	0	0	0	0	0	0	0	0	0	0.333	0	0	0	0	0	0	0	0.715	0.132
0	0	0	0	0	0	0	0	0	0	0	0	0	0	0	0	0	0	0	0	0	0	0	0	0	0	0	0	0	0	0	0	0	0	0	0	0	0	0	0	0.419	1.000
0	0	1.14	0	0	0	0	1.14	0	0	0	0	1.14	0	0	0	0	0	0	0	0	0	0	0	0	0	0	0	0	0	0	0.5	1	0.2	0.625	0.2	0	1	0	0	0	0.358
0	0	0	0	0	0	0	0	0	1.933	0	0	0	0	0	0	0	0	0	0	0	0	0	0	0	0	0	0	0	0	0	0	0	0	0	0	0	0	0	0	0.557	0.238
0	0	0	0	0	0	0	0	0	0	0	0	0	0	0	0	0	0	0	0	0	0	0	0	0	0	0	0	0	0	0	0	0	0	0	0	0	0	0	0	0.298	0.419
0	0	0	0	0	3.147	2.94	3.066	3.11	2.989	0	0	0	0	0	0	0	0	0	0	0	0	0	0	0	0	0	0	0	0	0	0	0	0	0	0	0	0	0	0	0.713	0.183
0	0	0	0	0	0	0	0	0	0	0	0	0	0	0	0	0	0	0	0	0	0	0	0	0	0	0	0	0	0	0.667	0	0	0.4	0	0.444	0	0	0	0	0.898	0.972
0	0	0	0	0	0	0	0	0	0	0	0	0	0	0	0	0	0	0	0	0	0	0	0	0	0	0	0	0	0	0.6	0.8	0.25	0	0	0	0.8	0.5	0	0	0	0.764
0	0	0	0	0	0	0	0	0	0	0	0	0	0	0	0	0	0	0	0	0	0	0	0	0	0	0	0	0	0	0.8	0.5	0.6	0.4	0.75	0.6	0.25	0	0	0.5	0	0.899
0	1.046	0	0	1.016	0	2.086	0	0	1.039	0	2.086	0	0	2.055	0	1	0	0	1	0	0	0	0	0	0	1	0	0	1	0	0	0	0	0	0	0	0	0	0	0.296	0.321
0	0	0	0	0	0	0	0	0	0	0	0	0	0	0	0	0	0	0	0	0	0	0	0	0	0	0	0	0	0	0.2	0.4	0.333	0	0.2	0	0	1	0	0	0.557	0.364
0	0	0	0	0	0	0	0	0	0	0	0	0	0	0	0	0	0	0	0	0	0	0	0	0	0	0	0	0	0	0.2	0	0.25	0.778	0.25	0.2	0	0	1	0	0	0.586
0	0	0	0	0	0	0	0	0	0	0	0	0	0	0	0	0	0	0	0	0	0	0	0	0	0	0	0	0	0	0.4	0.5	0.6	0.25	1	0	0.25	0	0	1	0	0.720
0	0	0	0	0	0	0	0	0	0	0	0	0	0	0	0	0	0	0	0	0	0	0	0	0	0	0	0	0	0	0.2	0.2	0.2	0	0.2	0	0.2	0	0	0	0	0.795
0	1.226	0	0.959	0	0	1.226	0	0.959	0	0	1.226	0	0.959	0	0	0	0	0	0	0	0	0	0	0	0	0	0	0	0	1	0	0.6	0.667	0.571	0	0	0	0.333	0.429	0	0.985
0	0	0	0	0	0	0	0	0	0	0	0	0	0	0	0	0	0	0	0	0	0	0	0	0	0	0	0	0	0	0.8	0.4	0.2	0.25	1	0.8	0.4	0	0	1	0.298	0.983
0	2.026	0	2.079	0	0.965	6.146	3.014	5.974	0	0.965	3.096	0	3.991	0	0	0.2	0.667	0.133	0	0	0.2	0.667	0.133	0	0	0	0	0	0	0	0	0	0	0	0	0	0	0.4	0	0.557	0.220
17.63	17.618	28.844	43.343	39.285	25.962	25.784	37.44	52.155	48.252	0	0	0	0	0	0.892	0.898	0.692	0.52	0.528	0.892	0.898	0.692	0.52	0.528	0	0	0	0	0	0	0	0.2	0	0	0	0	0	0	0	0	0.284
0	0	0	0	0	0	0	0	0	0	0	0	0	0	0	0	0	0	0	0	0	0	0	0	0	0	0	0	0	0	0.857	0.5	0.5	0.4	0.25	1	0	0	0	0	0	0.996
0	0	0	0	0	0	0	0	0	0	0	0	0	0	0	0	0	0	0	0	0	0	0	0	0	0	0	0	0	0	0.4	0.25	0.8	0.667	0.2	0.4	0	0.8	0.667	0	0	0.960
0	2.201	2.204	0	0	0	3.197	4.164	0	0	0	2.162	1.96	0	0	0	1	0.5	0	0	0	1	0.5	0	0	0	1	1	0	0	0.2	0	0	0	0.2	0.6	0	0.4	0	0	0.117	0.453
0	0	0	0	0	0	0	0	0	0	0	0	0	0	0	0	0	0	0	0	0	0	0	0	0	0	0	0	0	0	0	0	0	0	0	0	0	0	0	0	0.9	0.929
0	0	0	0	0	0	0	0	0	0	0	0	0	0	0	0	0	0	0	0	0	0	0	0	0	0	0	0	0	0	0.571	1	0	0.571	1	0.286	0.4	0	0.714	0.4	0	0.683
0	0	0	0	0	0	0	0	0	0	0	0	0	0	0	0	0	0	0	0	0	0	0	0	0	0	0	0	0	0	0.8	0.6	0.222	0	0	1	0.2	0.667	0	0	0.016	0.884
0	0	0	0	0	0	0	0	0	0	0	0	0	0	0	0	0	0	0	0	0	0	0	0	0	0	0	0	0	0	0	0.4	0.2	0.2	0.333	0	0	0	0	0	0	0.533
9.494	3.804	24.148	0.937	27.941	16.396	8.678	30.114	5.678	35.978	0	0	0	0	0	0.706	0.972	0.413	0.8	0.398	0.706	0.972	0.413	0.8	0.398	0	0	0	0	0	0	0	0	0	0	0	0	0	0	0	0	0.339
4.05	0	0	0	0	3.034	0	0	0	0	3.008	0	0	0	0	0.1	0	0	0	0	0	0	0	0	0	0.333	0	0	0	0	0.125	0.2	0	0.2	0	0	0.2	0	0	0	0.2	0.402
0	0	2.201	0	0	0	1.03	3.197	0	0	0	1.03	2.162	0	0	0	0	1	0	0	0	0	1	0	0	0	0	1	0	0	0	0.25	0	0.4	0.2	0	0	0	0	0.6	0.418	0.274
0	0	0	0	0	0	0	0	0	0	0	0	0	0	0	0	0	0	0	0	0	0	0	0	0	0	0	0	0	0	0.4	0	0.667	0	0.2	0	0	0.667	0	0	0	0.685
0	0	0	0	0	0	0	0	0	0	0	0	0	0	0	0	0	0	0	0	0	0	0	0	0	0	0	0	0	0	0	0	0	0	0	0	0	1	0	0	0.896	0.496
0	0	0	0	0	0	0	0	0	0	0	0	0	0	0	0	0	0	0	0	0	0	0	0	0	0	0	0	0	0	0	0	0	0	0	0	0	0	0	0	0.414	1.000
34.353	30.87	7.786	0.976	14.516	42.713	40.3	15.887	4.837	20.564	0	0	0	0	0	0.59	0.563	0.792	0.8	0.852	0.59	0.563	0.792	0.8	0.852	0	0	0	0	0	0	0.2	0	0	0	0.75	0.2	0	0	0	0	0.215
0	0	0	0	0	0	0	0	0	0	0	0	0	0	0	0	0	0	0	0	0	0	0	0	0	0	0	0	0	0	0	0	0	0	0	0	0	0	0	0	0.419	0.207
0	0	0	0	0	0	0	0	0	0	0	0	0	0	0	0	0	0	0	0	0	0	0	0	0	0	0	0	0	0	0	0	0.6	0.25	0	0	0	0.2	0	0	0.557	0.374
0	0	0	0	0	0	0	0	0	0	0	0	0	0	0	0	0	0	0	0	0	0	0	0	0	0	0	0	0	0	1	0.2	1	1	0.6	1	0	1	0	0.2	0	0.986
10.653	0	14.474	10.563	5.685	15.455	0.955	18.429	15.365	7.626	0	0	0	0	0	0.75	0	0.789	0.792	0.75	0.75	0	0.789	0.792	0.75	0	0	0	0	0	0	0	0	0	0	0.444	0	0	0	0	0.414	0.384
0	0.974	0	0	0	0	0	0	0	0	0	0.974	0	0	0	0	0	0	0	0	0	0	0	0	0	0	0	0	0	0	0	0.8	0	0	0.4	1	0.8	0	0	1	0	0.799
10.511	21.591	12.346	12.388	22.452	18.186	29.561	18.158	19.053	30.413	0	0	0	0	0	0.895	0.837	0.924	0.895	0.83	0.895	0.837	0.924	0.895	0.83	0	0	0	0	0	0	0	0	0	0	0	0	0	0	0	0	0.362
0	0	0	0	0	0	0	0	0	0	0	0	0	0	0	0	0	0	0	0	0	0	0	0	0	0	0	0	0	0	0	0	0	0	0	0	0	0	0	0	0.195	0.161
2.204	0	0	2.201	0	4.164	0	0	3.197	0	1.96	0	0	2.162	0	0.5	0	0	1	0	0.5	0	0	1	0	1	0	0	1	0	0	0.2	0.2	0	0.75	0.4	0.6	0	0	1	0.419	0.319
0	0	0	0	0	0	0	0	0	0	0	0	0	0	0	0	0	0	0	0	0	0	0	0	0	0	0	0	0	0	0	0	0.25	0	0	0	0	0	0	0	0	0.706
0	0	0	0	0	0	0	0	0	0	0	0	0	0	0	0	0	0	0	0	0	0	0	0	0	0	0	0	0	0	0	0	0	0	0	0	0	0	0	0	0.115	0.474
0	0	0	0	0	0	0	0	0	0	0	0	0	0	0	0	0	0	0	0	0	0	0	0	0	0	0	0	0	0	0.5	0.4	0.8	0.75	0.6	0.25	0	0.6	0	0	0	0.784
0	0	0	0	0	0.931	0	4.515	0.968	3.329	0	0	0	0	0	0	0	0.5	0	0.333	0	0	0.5	0	0.333	0	0	0	0	0	0	0	0	0	0	0	0	0	0	0	0	0.086
0	0	0	0	0	0	0	0	0	0	0	0	0	0	0	0	0	0	0	0	0	0	0	0	0	0	0	0	0	0	0.6	1	1	1	0.8	0.2	0.2	1	0.667	0.6	0	0.877
0	0	0	0	0	0	0	0	0	0	0	0	0	0	0	0	0	0	0	0	0	0	0	0	0	0	0	0	0	0	0.2	0.4	0.2	0.6	0.4	0.6	0	0	0.2	0	0	0.744
0	0	0	0	0	0	0	0	0	0	0	0	0	0	0	0	0	0	0	0	0	0	0	0	0	0	0	0	0	0	0.4	0	0.5	0.4	0.25	1	0	0	0	0	0	0.978
0	0	0	0	0	0	0	0	0	0	0	0	0	0	0	0	0	0	0	0	0	0	0	0	0	0	0	0	0	0	0	0	0	0	0	0	0	0	0	0	0	0.247
0	0	0	0	2.079	2.965	4.046	1.002	2.015	5.974	2.021	4.046	1.002	2.015	3.991	0.667	0.333	0	1	0.133	0.667	0.333	0	1	0.133	0	0	0	0	0	0	0	0	0.333	0	0	0	0	0.667	0.4	0.418	0.308
0	0	0	0	0	0	0	0	0	0	0	0	0	0	0	0	0	0	0	0	0	0	0	0	0	0	0	0	0	0	0	0	0	0	0	0	0	0	0	0	0.554	0.246
0	0.945	0	0	0	0	0.945	0	0	0	0	0.945	0	0	0	0	0	0	0	0	0	0	0	0	0	0	0	0	0	0	0.111	0	0.25	0.4	0.2	0	0	0	0.2	0	0.414	0.489
0	0	0	0	0	0	0	0	0	0	0	0	0	0	0	0	0	0	0	0	0	0	0	0	0	0	0	0	0	0	1	0	0.4	1	0.5	0.8	0	0	1	0	0.298	0.994
0	0	0	0	0	0	0	0	0	0	0	0	0	0	0	0	0	0	0	0	0	0	0	0	0	0	0	0	0	0	0.625	0.25	0	0.25	0.25	0.375	0	0	0	0	0	0.933
0	0	0	0	0	0	0	0	0	0	0	0	0	0	0	0	0	0	0	0	0	0	0	0	0	0	0	0	0	0	0	0.4	0	0	0.25	0	1	0	0	0	0	0.638
0	0	0	0	0	4.032	1.021	4.993	1.933	4.211	0	0	0	0	0	0.167	0	0.1	0	0.333	0.167	0	0.1	0	0.333	0	0	0	0	0	0	0	0	0	0	0	0	0	0	0	0.718	0.168
0	0	0	0	0	0	0	0	0	0	0	0	0	0	0	0	0	0	0	0	0	0	0	0	0	0	0	0	0	0	0.2	0.571	0	0.4	0	0	0.857	0	0	0	0	0.547
0	0	0	0	0	0	0	0	0	0	0	0	0	0	0	0	0	0	0	0	0	0	0	0	0	0	0	0	0	0	0	0	0	0	0	0	0	0	0	0	0.198	0.495
0	0	0	0	0	0	0	0	0	0	0	0	0	0	0	0	0	0	0	0	0	0	0	0	0	0	0	0	0	0	0.4	0	0.2	0	0.333	0	0	0	0	1	0	0.498
0	0	0	0	0	0	0	0	0	0	0	0	0	0	0	0	0	0	0	0	0	0	0	0	0	0	0	0	0	0	0	0.6	0.333	0.5	0	0	0.2	0.333	1	0	0.714	0.319
0	0	0	0	0	0	0	0	0	0	0	0	0	0	0	0	0	0	0	0	0	0	0	0	0	0	0	0	0	0	0.4	0.2	0	0.4	0.2	0	0	0	0.2	0	0	0.766
0	0	0	0	0	0	0	0	0	0	0	0	0	0	0	0	0	0	0	0	0	0	0	0	0	0	0	0	0	0	0.667	0.4	0	0	0.6	0.444	0	0	0	0	0.299	0.956
0	0	0	0	0	0	3.014	0	0.965	0	0	0	0	0.965	0	0	0.667	0	0	0	0	0.667	0	0	0	0	0	0	0	0	0	0	0	0	0	0	0	0	0	0	0.197	0.135
0	0	0	0	0	0	0	0	0	0	0	0	0	0	0	0	0	0	0	0	0	0	0	0	0	0	0	0	0	0	0.4	0	0.25	0	0	0	0	0	0.143	0	0.298	0.494
0	3.817	1.871	0	24.151	0	6.649	1.871	0	28.075	0	0	0	0	0	0	0.762	1	0	0.608	0	0.762	1	0	0.608	0	0	0	0	0	0	0	0	0	0	0	0	0	0	0.333	0	0.330
0	0	0	0	0	0	0	0	0	0	0	0	0	0	0	0	0	0	0	0	0	0	0	0	0	0	0	0	0	0	0.6	0.875	0.75	0.5	0.6	0.8	0.125	0	1	0.2	0.117	0.922
0	11.498	37.008	50.974	27.331	1.883	16.61	44.513	57.306	34.472	0	0	0	0	0	1	0.787	0.426	0.36	0.496	1	0.787	0.426	0.36	0.496	0	0	0	0	0	0	0	0	0	0	0	0	0	0	0	0	0.337
0	0	0	0	0	0	0	0	0	0	0	0	0	0	0	0	0	0	0	0	0	0	0	0	0	0	0	0	0	0	0	0.25	0.8	0.6	0	0	0.5	0	0	0	0.196	0.656
3.084	0	0	0	0	4.049	0	0	0	0	2.13	0	0	0	0	0.667	0	0	0	0	0.667	0	0	0	0	1	0	0	0	0	0.2	0.625	0.4	0.8	1	0	1	0	0.8	0.333	0	0.348
0	0	0	0	0	0	0	0	0	0	0	0	0	0	0	0	0	0	0	0	0	0	0	0	0	0	0	0	0	0	0.75	0	0.4	0.8	0.5	0	0	0	1	0.25	0	0.898
0	0	0	0	0	0	0	0	0	0	0	0	0	0	0	0	0	0	0	0	0	0	0	0	0	0	0	0	0	0	1	0.2	0.4	0.8	0.8	1	0	0.2	0.6	0.6	0	0.989
0	0	0	0	0	2.931	0.984	3.11	0.994	2.94	0	0	0	0	0	0	0	0	0	0	0	0	0	0	0	0	0	0	0	0	0	0	0	0	0	0	0	0	0	0	0.897	0.202
0	0	0	0	0	0	0	0	0	0	0	0	0	0	0	0	0	0	0	0	0	0	0	0	0	0	0	0	0	0	0.6	0	0	0	0.2	0.2	0	0	0	0	0.056	0.852
57.586	50.734	27.581	14.516	10.522	66.026	58.956	35.249	20.564	18.784	0	0	0	0	0	0.372	0.438	0.738	0.852	0.854	0.372	0.438	0.738	0.852	0.854	0	0	0	0	0	0	0	0	0	0	0	0.2	0	0	0	0	0.166
0	0	0	3.825	6.947	3.168	0	0	5.081	7.911	3.168	0	0	1.256	3.988	0.333	0	0	0.4	0.179	0.333	0	0	0.4	0.179	0.333	0	0	0	0.167	0	0	0	0	0	0	0	0	0	0	0.894	0.261
0	0.933	0	4.286	0	0	0.933	0	8.069	0	0	0.933	0	7.938	0	0	0	0	0.429	0	0	0	0	0.524	0	0	0	0	0.19	0	0	0	0.25	0	0	0	0	0	0	0	0.718	0.271
0	0	0	0	0	0	0	0	0	0	0	0	0	0	0	0	0	0	0	0	0	0	0	0	0	0	0	0	0	0	0	0	0	0	0	0	0.667	0	0.25	0	0.294	0.503
0	0	0	0	0	0	0	0	0	0	0	0	0	0	0	0	0	0	0	0	0	0	0	0	0	0	0	0	0	0	0	0	0	0	0	0	0	0	0	0	0.415	0.118
0	0	0	1.007	0	0	0	0	1.007	0	0	0	0	0	0	0	0	0	0	0	0	0	0	0	0	0	0	0	0	0	0.6	0.6	0.4	0.4	1	0.2	0.8	0	0	0.667	0	0.767
0	0	0	0	0	0	0	0	0	0	0	0	0	0	0	0	0	0	0	0	0	0	0	0	0	0	0	0	0	0	0.143	0	0	0.2	0	0.714	0	0	0.2	0	0.196	0.593
2.816	0	0	0	1.017	4.848	0	0	0	1.017	3.908	0	0	0	1.017	0.1	0	0	0	0	0.1	0	0	0	0	0.167	0	0	0	0	0	0.4	0	0	0	0	0	0	0.143	0	0	0.417
20.398	20.757	43.343	31.325	17.618	28.455	28.708	52.155	39.498	25.784	0	0	0	0	0	0.847	0.825	0.52	0.668	0.898	0.847	0.825	0.52	0.668	0.898	0	0	0	0	0	0	0	0	0	0	0	0	0	0	0	0	0.259
0	4.743	0	9.581	0	0.933	6.687	0	14.369	0	0	0	0	0	0	0	0.857	0	0.762	0	0	0.857	0	0.762	0	0	0	0	0	0	0	0	0	0	0	0	0	0	0	0	0	0.178
1.064	0	0.94	0	0	2.261	0	0.94	0	0	2.261	0	0.94	0	0	1	0	0	0	0	1	0	0	0	0	1	0	0	0	0	0	0.571	0.6	0.4	0.714	0	0	0	0	0.714	0.198	0.296
0	0	0	0	0	0	0	0	0	0	0	0	0	0	0	0	0	0	0	0	0	0	0	0	0	0	0	0	0	0	0	0.333	0	0	0	0	0.333	0	0	0	0.298	0.253
