15.449	23.13	2.18	0	3.356	17.929	25.979	2.18	0	5.085	9.029	15.502	2.18	0	5.085	0.31	0.353	1	0	0.6	0.307	0.353	1	0	0.6	0.194	0.269	1	0	0.4	0	0	0.625	1	0	0.125	0	0.375	1	0	0	0.448
2.06	1.097	0	1.786	0	2.06	0	0	1.786	0	2.06	1.097	0	1.786	0	0	0	0	0	0	0	0	0	0	0	0	0	0	0	0	0	0	0.75	0.2	0	0	0	1	0	0	0	0.469
25.368	0	1.034	13.656	1.031	33.441	0	3.542	19.161	2.235	13.958	0	2.749	14.887	1.204	0.292	0	0.167	0.363	1	0.287	0	0.167	0.358	1	0.291	0	0	0.229	0	0	0	0	0	0	0	0	0	0	0	0.418	0.358
0.944	0	0	1.217	0	0.944	1.041	0	2.139	0.956	0.944	1.041	0	2.139	0.956	0	0	0	0	0	0	0	0	0	0	0	0	0	0	0	0	0	0.25	0	0.25	0	0	0.25	0	0	0.298	0.318
3.818	7.783	10.337	3.754	5.827	6.67	9.638	11.286	6.53	8.905	6.67	7.121	9.516	6.641	6.015	0.619	0.745	0.551	0.357	0.639	0.619	0.733	0.6	0.381	0.639	0.476	0.667	0.417	0.286	0.533	0	0	0.111	0	0	0	0	0	0	0.2	0.716	0.236
1.026	1.934	0.846	0	0.997	4.926	5.547	4.945	2.885	5.672	4.926	5.547	4.945	2.091	4.878	0.3	0.2	0.3	0.333	0.267	0.3	0.2	0.2	0.333	0.267	0.2	0.2	0.3	0	0.3	0	0	0.25	0	0	0	0	0	0	0	0.559	0.250
1.92	4.541	7.026	0	0	2.932	4.541	7.026	1.969	0	2.932	3.725	2.91	1.969	0	0.333	1	0.81	0	0	0.333	1	0.81	0	0	0.333	0.833	1	0	0	0	0.2	0	0	0	0	0	0	0	0.2	0.198	0.360
26.878	0	27.77	10.668	13.656	32.081	0	31.155	14.656	19.161	11.914	0	10.852	5.662	14.887	0.262	0	0.246	0.375	0.363	0.256	0	0.241	0.367	0.358	0.444	0	0.361	0.6	0.229	0	0.4	0	0	0	0	0.2	0	0	0	0	0.212
0	0	0	0	0	0	0	0	0	0	0	0	0	0	0	0	0	0	0	0	0	0	0	0	0	0	0	0	0	0	0	0	1	1	0	0.4	0	1	0.375	0	0.899	0.769
0	2.442	0	0	0	0	3.248	0	0	0	0	0.806	0	0	0	0	1	0	0	0	0	1	0	0	0	0	0	0	0	0	0	0.4	1	0	0.667	0	0.2	1	0	1	0	0.660
0	8.546	0	0	0.842	1.981	8.546	0	0	4.743	2.93	1.874	0	0	4.743	0.667	0.583	0	0	0.333	1	0.583	0	0	0.167	0.667	0	0	0	0.333	0	0	0	0.4	0	0	0	0	1	0	0	0.582
8.657	4.678	0	31.963	4.771	10.84	5.74	0	39.215	6.587	5.949	2.935	0	16.5	2.896	0.545	0.667	0	0.262	0.476	0.545	0.667	0	0.259	0.476	0.333	0.333	0	0.269	0.333	0	0.333	0.75	0	0	0	0.889	0.5	0	0	0.116	0.332
2.592	4.383	0	4.456	0	4.775	4.383	0	6.639	0	2.182	0	0	4.008	0	0.833	1	0	0.6	0	0.833	1	0	0.6	0	0	0	0	0.333	0	0	0	0.5	0.2	0	0	0	0.75	0	0	0.116	0.463
0	0	0	0	0	0	0	0	0	0	0	0	0	0	0	0	0	0	0	0	0	0	0	0	0	0	0	0	0	0	0	0	0	0	0	0	0	0	0.333	0	0.055	0.852
0	0	1.827	0	1.217	0.922	0	2.868	0	2.139	0.922	0	2.868	0	2.139	0	0	0.333	0	0	0	0	0.333	0	0	0	0	0.333	0	0	1	0	0.143	0.333	0	0	0	0	0	0	0.057	0.563
0.939	0	0	0	1.085	0	0	0	0	1.085	0.939	0	0	0	1.085	0	0	0	0	0	0	0	0	0	0	0	0	0	0	0	0.2	0.667	0.8	1	0	0.2	1	1	1	0.8	0	0.686
0	0	3.627	1.639	2.792	0.846	0.79	4.525	2.502	4.429	0.846	0.79	0.899	2.502	2.716	0	0	0.6	0	0.3	0	0	0.6	0	0.3	0	0	0	0	0	0	0	0	0	0	0	0	0	0	0	0.893	0.193
0	0	0	0	1.639	0.863	0	0	0	2.502	0.863	0	0	0	2.502	0	0	0	0	0	0	0	0	0	0	0	0	0	0	0	0	0.4	0.5	0.6	0	0	0.2	0	0	0	0.718	0.308
0	0	4.763	0.959	3.504	0.784	0	6.899	3.841	3.504	0.784	0	6.899	3.841	2.724	0	0	0.524	0.167	0.833	0	0	0.524	0.167	0.833	0	0	0.524	0.167	0.333	0	0	0	0	0.714	0	0	0	0	0.714	0.717	0.312
0	2.816	0.911	0	0.939	0	2.816	0	0	0	0	2.816	0.911	0	0.939	0	0.667	0	0	0	0	0.667	0	0	0	0	0.667	0	0	0	0.333	0.571	0	0	0.667	1	0	0	0.25	0.667	0	0.906
6.755	1.034	6.835	6.638	0.991	9.693	1.034	8.011	10.208	2.053	5.161	1.034	3.051	7.026	1.062	0.75	0	0.667	0.709	1	0.75	0	0.667	0.709	1	1	0	1	0.476	0	0	0	0	0	0.778	0	0	0.2	0	0.556	0	0.617
0	2.635	0	0	0	0	4.505	0	1.023	0	0	2.788	0	1.023	0	0	0.5	0	0	0	0	0.5	0	0	0	0	0.667	0	0	0	0	0	0	0	0	0	0	0	0	0	0.419	0.426
0.859	0	0	0.931	2.635	2.732	0	1.023	4.652	4.505	2.732	0	1.023	4.652	2.788	0.333	0	0	0.3	0.5	0.333	0	0	0.3	0.5	0.333	0	0	0.3	0.667	0.2	0	0	0	0	0	0	0	0	0	0.557	0.246
0	10.668	26.878	0	27.77	0	14.656	32.081	0	31.155	0	5.662	11.914	0	10.852	0	0.375	0.262	0	0.246	0	0.367	0.256	0	0.241	0	0.6	0.444	0	0.361	0.4	0	0	1	0	0.2	0	0	1	0	0	0.892
0	11.234	5.536	1.085	0.86	0	14.791	11.656	1.085	2.646	0	8.114	8.95	1.085	2.646	0	0.309	0.491	0	1	0	0.35	0.473	0	1	0	0.429	0.429	0	1	0	0	0	0	0	0	0	0	0.8	0	0.558	0.305
0	0.959	0	0	4.763	0	3.841	0.784	0	6.899	0	3.841	0.784	0	6.899	0	0.167	0	0	0.524	0	0.167	0	0	0.524	0	0.167	0	0	0.524	0	0	0	0	0	0	0	0	0	0	0.199	0.646
0.991	6.835	31.963	6.755	4.678	2.053	8.011	39.215	9.693	5.74	1.062	3.051	16.5	5.161	2.935	1	0.667	0.262	0.75	0.667	1	0.667	0.259	0.75	0.667	0	1	0.269	1	0.333	0.778	0	0	0	0.333	0.556	0.2	0	0	0.889	0.298	0.918
2.792	3.627	0	0	0	4.429	4.525	0.899	0.846	0	2.716	0.899	0.899	0.846	0	0.3	0.6	0	0	0	0.3	0.6	0	0	0	0	0	0	0	0	0	0	0	0	0	0	0	0	0	0	0.897	0.350
4.456	0	4.383	2.011	2.592	6.639	0	4.383	2.011	4.775	4.008	0	0	2.011	2.182	0.6	0	1	0	0.833	0.6	0	1	0	0.833	0.333	0	0	0	0	0.2	0.2	0	0	0	0	0.4	0	0	0	0.299	0.237
0	0	1.639	0	0	0	0.863	2.502	0	0.79	0	0.863	2.502	0	0.79	0	0	0	0	0	0	0	0	0	0	0	0	0	0	0	0.5	0	0	0.4	0	0	0	0	0.2	0	0.057	0.916
4.003	0	5.038	0	3.373	6.517	0.832	7.553	3.622	5.255	5.73	0.832	2.709	3.622	4.448	0.156	0	0.417	0.5	0.333	0.214	0	0.389	0.5	0.333	0.19	0	0.333	0.5	0.4	0	0.667	0	0	0.286	0	0	0	0	0.143	0	0.507
0	0	0	0	0	0	0	0	0	0	0	0	0	0	0	0	0	0	0	0	0	0	0	0	0	0	0	0	0	0	0	0	0	0	0	0	0	0	0	0	0.415	0.854
0	0.842	1.601	0	0	0	4.743	3.773	0	1.685	0	4.743	3.773	0	2.634	0	0.333	0.167	0	1	0	0.167	0.167	0	0	0	0.333	0.167	0	1	0	0	0	0	0.6	0	0	0	0	0	0.718	0.536
4.541	0	1.92	0	7.026	4.541	1.969	2.932	0	7.026	3.725	1.969	2.932	0	2.91	1	0	0.333	0	0.81	1	0	0.333	0	0.81	0.833	0	0.333	0	1	0.2	0	0	0	0	0	0	0	0	0	0.298	0.281
0	0	0.939	0	0	0	0	0	0	0	0	0	0.939	0	0	0	0	0	0	0	0	0	0	0	0	0	0	0	0	0	0.667	1	0.2	0	0.8	1	1	0.2	0	1	0	0.968
0	0	0	0	0	0	0	0	0	0	0	0	0	0	0	0	0	0	0	0	0	0	0	0	0	0	0	0	0	0	0	0	0	0	0	0	0	0	0	0	0	0.832
0	0	0	0	0	0	0	0	0	0	0	0	0	0	0	0	0	0	0	0	0	0	0	0	0	0	0	0	0	0	0	0	0	0	0	0	0	0	0.333	0	0.894	0.985
0	0	15.084	0	0	0	0	16.022	0	0	0	0	6.489	0	0	0	0	0.368	0	0	0	0	0.36	0	0	0	0	0.133	0	0	0	0	0.2	1	0	0	0	0	1	0	0.896	0.175
4.383	4.456	2.592	0	0	4.383	6.639	4.775	0	0	0	4.008	2.182	0	0	1	0.6	0.833	0	0	1	0.6	0.833	0	0	0	0.333	0	0	0	0	0.2	0	0.2	0.5	0	0	0	0.4	0.75	0.419	0.526
2.442	0	0	0	0	3.248	0	0	0	0	0.806	0	0	0	0	1	0	0	0	0	1	0	0	0	0	0	0	0	0	0	0.4	0	0	0	1	0.2	0	0	0	1	0	0.670
0	0	0.79	2.06	0	0	0	0	2.06	0	0	0	0.79	2.06	0	0	0	0	0	0	0	0	0	0	0	0	0	0	0	0	0	0.75	0	0	0.4	0	1	0	0	0.2	0	0.776
7.026	1.92	0	4.541	1.619	7.026	2.932	0	4.541	0	2.91	2.932	0	3.725	1.619	0.81	0.333	0	1	0	0.81	0.333	0	1	0	1	0.333	0	0.833	0	0	0	0	0.2	0	0	0	0.2	0	0.333	0	0.498
11.234	1.085	0	0	5.536	14.791	1.085	0	0	11.656	8.114	1.085	0	0	8.95	0.309	0	0	0	0.491	0.35	0	0	0	0.473	0.429	0	0	0	0.429	0	0	0	0.8	0	0	0.8	0	1	0	0	0.685
0	13.656	25.368	27.77	1.034	0	19.161	33.441	31.155	3.542	0	14.887	13.958	10.852	2.749	0	0.363	0.292	0.246	0.167	0	0.358	0.287	0.241	0.167	0	0.229	0.291	0.361	0	0	0	0	0	0	0	0	0	0	0	0	0.591
0	2.06	0	1.097	0.79	0	2.06	0	0	0	0	2.06	0	1.097	0.79	0	0	0	0	0	0	0	0	0	0	0	0	0	0	0	0.75	0	0	0	0	1	0	0	0	0	0	0.856
0	5.545	0	3.155	23.13	1.762	6.439	0	4.059	25.979	1.762	3.089	0	3.196	15.502	0	0.571	0	0.5	0.353	0	0.762	0	0.5	0.353	0	0.333	0	0.333	0.269	0	0	1	0.25	0	0	0	1	0	0	0	0.220
0.911	0	0.939	2.816	0	0	0	0	2.816	0	0.911	0	0.939	2.816	0	0	0	0	0.667	0	0	0	0	0.667	0	0	0	0	0.667	0	0	0.333	0.667	0.571	0.6	0	1	0.667	0	1	0	0.657
1.031	1.034	5.819	25.368	0	2.235	3.542	9.075	33.441	0	1.204	2.749	6.096	13.958	0	1	0.167	0.694	0.292	0	1	0.167	0.667	0.287	0	0	0	0.533	0.291	0	0	0	0	0	0	0	0	0	0	0	0.558	0.232
6.835	6.755	0.991	1.034	31.963	8.011	9.693	2.053	1.034	39.215	3.051	5.161	1.062	1.034	16.5	0.667	0.75	1	0	0.262	0.667	0.75	1	0	0.259	1	1	0	0	0.269	0	0	0.778	0	0	0.2	0	0.556	0	0	0	0.543
1.034	6.638	6.755	0	6.835	1.034	10.208	9.693	0	8.011	1.034	7.026	5.161	0	3.051	0	0.709	0.75	0	0.667	0	0.709	0.75	0	0.667	0	0.476	1	0	1	0	0	0	0	0	0	0	0	0	0.2	0.419	0.148
1.786	0	1.097	0.804	2.06	1.786	0	0	0.804	2.06	1.786	0	1.097	0.804	2.06	0	0	0	0	0	0	0	0	0	0	0	0	0	0	0	0.2	1	0	0	0	0	1	0	0	0	0.198	0.394
7.487	3.356	0	2.18	0.959	8.422	5.085	0	2.18	3.841	4.552	5.085	0	2.18	3.841	0.667	0.6	0	1	0.167	0.667	0.6	0	1	0.167	0.6	0.4	0	1	0.167	0	0	0	0.625	0	0	0	0	0.375	0	0.556	0.292
2.589	0	0	0.79	0	2.589	0	0	0.79	0	1.786	0	0	0.79	0	1	0	0	0	0	1	0	0	0	0	1	0	0	0	0	0	0.2	0	0.333	0	0	0	0	0.667	0	0.197	0.577
0	0.804	1.786	0	1.097	0	0.804	1.786	0	0	0	0.804	1.786	0	1.097	0	0	0	0	0	0	0	0	0	0	0	0	0	0	0	1	0	0.2	0	0	1	0	0	0	0	0	0.999
0	0.789	0	5.827	0	0	4.267	0.794	8.905	0	0	4.267	0.794	6.015	0	0	0.5	0	0.639	0	0	0.5	0	0.639	0	0	0.5	0	0.533	0	1	0	0	0	1	1	0	0	0.2	1	0.896	0.969
0.997	0.846	0	1.026	0	5.672	4.945	0.846	4.926	3.622	4.878	4.945	1.65	4.926	3.622	0.267	0.3	1	0.3	0.5	0.267	0.2	0	0.3	0.5	0.3	0.3	1	0.2	0.5	0	0.25	0.2	0	0	0	0	0	0	0	0.56	0.194
0	0	0	0	15.084	0	0	0	0	16.022	0	0	0	0	6.489	0	0	0	0	0.368	0	0	0	0	0.36	0	0	0	0	0.133	0	1	0	0	0.2	0	1	0	0.4	0	0.899	0.259
13.656	27.77	0	26.878	25.368	19.161	31.155	0	32.081	33.441	14.887	10.852	0	11.914	13.958	0.363	0.246	0	0.262	0.292	0.358	0.241	0	0.256	0.287	0.229	0.361	0	0.444	0.291	0	0	0	0	0	0	0	0	0	0	0.198	0.379
0	0	0	0	0	0	0	0	0	0	0	0	0	0	0	0	0	0	0	0	0	0	0	0	0	0	0	0	0	0	0	0	0	0	0	0	0	0	0	0	0.897	0.995
5.773	4.771	0	0	0	7.68	6.587	0	0	0	0.806	2.896	0	0	0	0.786	0.476	0	0	0	0.786	0.476	0	0	0	0	0.333	0	0	0	0.75	0	0	0.75	0	0.625	0	0	0.5	0	0	0.809
0	0	0	0	0	0	0	0	0	0	0	0	0	0	0	0	0	0	0	0	0	0	0	0	0	0	0	0	0	0	0	0	0	0	0	0	0	0	0	0	0.419	0.825
0	15.084	0.931	0	0	0	16.022	4.652	0	0	0	6.489	4.652	0	0	0	0.368	0.3	0	0	0	0.36	0.3	0	0	0	0.133	0.3	0	0	0	0.2	0	0	0	0	0	0	0	0	0.555	0.417
0	0	0	0	0	0	0	0	0.899	0	0	0	0	0.899	0	0	0	0	0	0	0	0	0	0	0	0	0	0	0	0	1	0	0	0	0	0.375	0	0	0	0.4	0.3	0.892
3.356	2.18	7.487	15.449	0	5.085	2.18	8.422	17.929	0	5.085	2.18	4.552	9.029	0	0.6	1	0.667	0.31	0	0.6	1	0.667	0.307	0	0.4	1	0.6	0.194	0	0	0.625	0	0	0	0	0.375	0	0.125	0	0.298	0.338
0	7.026	1.619	1.92	0	0	7.026	0	2.932	0	0	2.91	1.619	2.932	0	0	0.81	0	0.333	0	0	0.81	0	0.333	0	0	1	0	0.333	0	0	0	0	0	0	0.2	0	0.333	0	0	0	0.577
0	1.217	0.944	1.827	0	1.041	2.139	0.944	2.868	0	1.041	2.139	0.944	2.868	0	0	0	0	0.333	0	0	0	0	0.333	0	0	0	0	0.333	0	0	0	0	0.143	0.25	0	0	0	0	0.25	0	0.400
0	0	1.934	0	1.026	2.885	2.05	5.547	0	4.926	2.091	2.05	5.547	0	4.926	0.333	0	0.2	0	0.3	0.333	0	0.2	0	0.3	0	0	0.2	0	0.2	0	0	0	0	0	0	0	0	0	0	0.116	0.401
0	0	0	0	0	0.797	0	0	0.905	0	0.797	0	0	0.905	0	0	0	0	0	0	0	0	0	0	0	0	0	0	0	0	0	0	0	0	0.333	0	0	0	0	0	0	0.257
0	0	0	0	0	0	0	0	0	0	0	0	0	0	0	0	0	0	0	0	0	0	0	0	0	0	0	0	0	0	0	1	0	0	1	0	0.375	0.4	0	1	0.897	0.363
0	0	0	0	0	0	0	0	0	0	0	0	0	0	0	0	0	0	0	0	0	0	0	0	0	0	0	0	0	0	1	0.667	0	0	0.5	0.875	0	0	0	0	0	0.926
5.827	10.337	0.789	3.818	0	8.905	11.286	4.267	6.67	0	6.015	9.516	4.267	6.67	0	0.639	0.551	0.5	0.619	0	0.639	0.6	0.5	0.619	0	0.533	0.417	0.5	0.476	0	0	0.111	0	0	1	0.2	0	0	0	1	0.298	0.547
0	0	0	0.859	0	0	0	0	0.859	0.863	0	0	0	0.859	0.863	0	0	0	0	0	0	0	0	0	0	0	0	0	0	0	0.6	0	0.4	0	0	0	0	0.2	0	0	0	0.492
5.536	0	0.86	11.234	14.201	11.656	0	2.646	14.791	18.886	8.95	0	2.646	8.114	9.303	0.491	0	1	0.309	0.337	0.473	0	1	0.35	0.337	0.429	0	1	0.429	0.333	0	0	0	0	0	0	0	0	0	0	0.12	0.135
1.085	0	11.234	0.939	0	1.085	0	14.791	0	0	1.085	0	8.114	0.939	0	0	0	0.309	0	0	0	0	0.35	0	0	0	0	0.429	0	0	0	0.8	0	0.2	0	0.8	1	0	0.2	0	0	0.551
1.934	0	1.026	0	0.846	5.547	2.885	4.926	2.05	4.945	5.547	2.091	4.926	2.05	4.945	0.2	0.333	0.3	0	0.3	0.2	0.333	0.3	0	0.2	0.2	0	0.2	0	0.3	0	0	0	0	0.25	0	0	0	0	0	0.419	0.270
0	0.79	2.589	0	0	0	0.79	2.589	0	0	0	0.79	1.786	0	0	0	0	1	0	0	0	0	1	0	0	0	0	1	0	0	0.2	0.333	0	0.6	0	0	0.667	0	1	0	0	0.818
0	0	0	0	0	0	0	0	0	0	0	0	0	0	0	0	0	0	0	0	0	0	0	0	0	0	0	0	0	0	0.667	0	1	1	0	0	0	0.875	1	0	0	0.449
0.86	5.536	14.201	0	4.936	2.646	11.656	18.886	0	8.391	2.646	8.95	9.303	0	5.161	1	0.491	0.337	0	0.389	1	0.473	0.337	0	0.389	1	0.429	0.333	0	0.5	0	0	0	0	0.333	0	0	0	0	0.333	0.419	0.418
4.763	0	3.504	0	5.627	6.899	0.784	3.504	0	6.515	6.899	0.784	2.724	0	5.676	0.524	0	0.833	0	0.476	0.524	0	0.833	0	0.476	0.524	0	0.333	0	0.4	0	0	0.714	0	0	0	0	0.714	0	0	0.296	0.195
27.77	26.878	13.656	0	0	31.155	32.081	19.161	0	0	10.852	11.914	14.887	0	0	0.246	0.262	0.363	0	0	0.241	0.256	0.358	0	0	0.361	0.444	0.229	0	0	0	0	0	0.4	0	0	0	0	0.2	0	0.558	0.743
23.13	0	15.449	0	2.18	25.979	0	17.929	1.762	2.18	15.502	0	9.029	1.762	2.18	0.353	0	0.31	0	1	0.353	0	0.307	0	1	0.269	0	0.194	0	1	0	1	0	0	0.625	0	1	0.125	0	0.375	0	0.588
0	1.601	3.155	0	5.545	1.685	3.773	4.059	0	6.439	2.634	3.773	3.196	0	3.089	1	0.167	0.5	0	0.571	0	0.167	0.5	0	0.762	1	0.167	0.333	0	0.333	0.6	0	0.25	0	0	0	0	0	0	0	0	0.580
0	0	0	0	0	0	0	0	0	0	0	0	0	0	0	0	0	0	0	0	0	0	0	0	0	0	0	0	0	0	0	0	0	0	0	0.333	0	0	0	0	0.893	0.978
1.097	1.786	2.06	0	0	0	1.786	2.06	0	0	1.097	1.786	2.06	0	0	0	0	0	0	0	0	0	0	0	0	0	0	0	0	0	0	0.2	0	1	0.75	0	0	0	1	1	0	0.639
0.804	0	0	0	1.786	0.804	0	0	0	1.786	0.804	0	0	0	1.786	0	0	0	0	0	0	0	0	0	0	0	0	0	0	0	0	0	1	0	0.2	0	0	1	0	0	0.419	0.242
4.771	0	5.773	8.657	0	6.587	0	7.68	10.84	0	2.896	0	0.806	5.949	0	0.476	0	0.786	0.545	0	0.476	0	0.786	0.545	0	0.333	0	0	0.333	0	0	0.75	0.75	0	0	0	0.5	0.625	0	0	0	0.240
0	0	0	0	0	0	0	0	0	0	0	0	0	0	0	0	0	0	0	0	0	0	0	0	0	0	0	0	0	0	0	0	0	0	0	0	0	0	0	0	0.556	0.842
0	0.939	1.085	0	11.234	0	0	1.085	0	14.791	0	0.939	1.085	0	8.114	0	0	0	0	0.309	0	0	0	0	0.35	0	0	0	0	0.429	0.8	0.2	0	0.667	0	1	0.2	0.8	1	0	0	0.986
0	0	4.541	0	1.92	1.969	0	4.541	0	2.932	1.969	0	3.725	0	2.932	0	0	1	0	0.333	0	0	1	0	0.333	0	0	0.833	0	0.333	0	0	0.2	0.25	0	0	0	0	0	0	0.715	0.556
0	0	0	-1	1.934	2.05	0	2.885	-1	5.547	2.05	0	2.091	-1	5.547	0	0	0.333	-1	0.2	0	0	0.333	-1	0.2	0	0	0	-1	0.2	0	0	0	-1	0	0	0	0	-1	0	0.419	0.344
0	0.939	0	0.911	0	0	0	0	0	0	0	0.939	0	0.911	0	0	0	0	0	0	0	0	0	0	0	0	0	0	0	0	0.6	0.667	0.333	0	0.4	1	0.667	0.333	0	1	0	0.904
1.217	1.827	0	0	0.944	2.139	2.868	1.041	0.922	0.944	2.139	2.868	1.041	0.922	0.944	0	0.333	0	0	0	0	0.333	0	0	0	0	0.333	0	0	0	0	0.143	0	1	0	0	0	0	0	0	0	0.467
0	0	0.842	8.546	0	0	1.981	4.743	8.546	0	0	2.93	4.743	1.874	0	0	0.667	0.333	0.583	0	0	1	0.167	0.583	0	0	0.667	0.333	0	0	0	0	0	0	0	0	0	0	0	0	0	0.749
0	0	0	2.442	0.939	0	0	0	3.248	0	0	0	0	0.806	0.939	0	0	0	1	0	0	0	0	1	0	0	0	0	0	0	1	0	0.667	0.4	0.2	1	0	1	0.2	0.2	0	0.964
1.619	0	0	7.026	0	0	0	0	7.026	0	1.619	0	0	2.91	0	0	0	0	0.81	0	0	0	0	0.81	0	0	0	0	1	0	0	0	0	0	0	0.333	0.2	0	0	0.25	0	0.514
3.504	4.763	5.627	0	2.011	3.504	6.899	6.515	0.784	2.011	2.724	6.899	5.676	0.784	2.011	0.833	0.524	0.476	0	0	0.833	0.524	0.476	0	0	0.333	0.524	0.4	0	0	0.714	0	0	0	0	0.714	0	0	0	0	0.716	0.627
1.827	0	1.217	0	0	2.868	0.922	2.139	0	1.041	2.868	0.922	2.139	0	1.041	0.333	0	0	0	0	0.333	0	0	0	0	0.333	0	0	0	0	0.143	1	0	0	0	0	0	0	0	0	0.299	0.308
0	0	0	0	0	0	0	0.863	0	0	0	0	0.863	0	0	0	0	0	0	0	0	0	0	0	0	0	0	0	0	0	0.4	0.6	0	0	0.5	0.2	0	0	0	0	0	0.771
0	0	0	0	0	0	0	0	0	0	0	0	0	0	0	0	0	0	0	0	0	0	0	0	0	0	0	0	0	0	0	1	0.667	0.25	1	0	1	0	0	0.875	0	0.303
0	0	0	0	10.668	0	0.794	0	0	14.656	0	0.794	0	0	5.662	0	0	0	0	0.375	0	0	0	0	0.367	0	0	0	0	0.6	1	0	1	1	0	1	0	1	1	0	0.419	0.966
1.601	0	0	0.842	3.155	3.773	0	1.685	4.743	4.059	3.773	0	2.634	4.743	3.196	0.167	0	1	0.333	0.5	0.167	0	0	0.167	0.5	0.167	0	1	0.333	0.333	0	0	0.6	0	0.25	0	0	0	0	0	0.716	0.197
0	0	0	0	0	0	0	0	0	0	0	0	0	0	0	0	0	0	0	0	0	0	0	0	0	0	0	0	0	0	0	0	0	0	0	0	0	0	0	0	0.117	0.817
0	0	0	0	0	0	0	0	0	0	0	0	0	0	0	0	0	0	0	0	0	0	0	0	0	0	0	0	0	0	0	0.5	0.333	0	0	0	0	0	0	0	0	0.731
0	0.997	0	0.846	0	0.846	5.672	3.622	4.945	0.832	1.65	4.878	3.622	4.945	0.832	1	0.267	0.5	0.3	0	0	0.267	0.5	0.2	0	1	0.3	0.5	0.3	0	0.2	0	0	0.25	0.667	0	0	0	0	0	0	0.636
5.819	1.031	0	1.034	0	9.075	2.235	0	3.542	0.905	6.096	1.204	0	2.749	0.905	0.694	1	0	0.167	0	0.667	1	0	0.167	0	0.533	0	0	0	0	0	0	0	0	0	0	0	0	0	0	0.419	0.174
0	0	0.859	2.592	0	0	0	0.859	4.775	0	0	0	0.859	2.182	0	0	0	0	0.833	0	0	0	0	0.833	0	0	0	0	0	0	0	0.5	0	0	0	0	0.75	0	0	0	0.713	0.577
0	0	0	0	5.259	0	0.797	0	0	6.463	0	0.797	0	0	2.201	0	0	0	0	0.81	0	0	0	0	0.81	0	0	0	0	1	0	0	0.333	0	0	0	0	0	0	0	0	0.460
0	5.773	0	4.771	0	0	7.68	0	6.587	0	0	0.806	0	2.896	0	0	0.786	0	0.476	0	0	0.786	0	0.476	0	0	0	0	0.333	0	0	0.75	0	0	0	0	0.625	0	0	0	0.197	0.201
0	0	0	0	0	0	0	0	0	0	0	0	0	0	0	0	0	0	0	0	0	0	0	0	0	0	0	0	0	0	0	0	0	0	0	0	0	0	0	0	0.893	0.990
3.373	5.038	0	4.003	3.754	5.255	7.553	0	6.517	6.53	4.448	2.709	0	5.73	6.641	0.333	0.417	0	0.156	0.357	0.333	0.389	0	0.214	0.381	0.4	0.333	0	0.19	0.286	0.286	0	0	0	0	0.143	0	0	0	0	0.418	0.444
0	0.931	0.859	0	0	0	4.652	2.732	0	1.023	0	4.652	2.732	0	1.023	0	0.3	0.333	0	0	0	0.3	0.333	0	0	0	0.3	0.333	0	0	0	0	0.2	0	0	0	0	0	0	0	0	0.622
2.011	5.627	0	3.504	4.456	2.011	6.515	0	3.504	6.639	2.011	5.676	0	2.724	4.008	0	0.476	0	0.833	0.6	0	0.476	0	0.833	0.6	0	0.4	0	0.333	0.333	0	0	0.2	0.714	0.2	0	0	0.4	0.714	0	0.56	0.443
0	0.79	0	0	0	0	0	0	0	0	0	0.79	0	0	0	0	0	0	0	0	0	0	0	0	0	0	0	0	0	0	0.4	0	1	0	0.25	0.2	0	1	0	0	0	0.847
0	0	0	0	0	0	0	0	0	0	0	0	0	0	0	0	0	0	0	0	0	0	0	0	0	0	0	0	0	0	0	0	0	0	0	0	0	0	0	0	0.415	0.915
0	0	0	0	0	0	0	0	0	0	0	0	0	0	0	0	0	0	0	0	0	0	0	0	0	0	0	0	0	0	0	0	0	0	0	0	0	0.333	0	0	0.415	0.744
0.79	0	0	10.134	2.589	0.79	0	0	9.208	2.589	0.79	0	0	8.535	1.786	0	0	0	0.424	1	0	0	0	0.489	1	0	0	0	0.179	1	0.333	0.6	0.2	0.4	0	0.667	1	0	0	0	0.198	0.730
0.846	1.026	0.997	1.934	0	4.945	4.926	5.672	5.547	0.846	4.945	4.926	4.878	5.547	1.65	0.3	0.3	0.267	0.2	1	0.2	0.3	0.267	0.2	0	0.3	0.2	0.3	0.2	1	0.25	0	0	0	0.2	0	0	0	0	0	0	0.576
0	0	0	2.635	0	0	0	0	4.505	0	0	0	0	2.788	0	0	0	0	0.5	0	0	0	0	0.5	0	0	0	0	0.667	0	0	0	0	0	0	0	0	0	0	0.333	0.718	0.742
0	0	0	0.79	0	0	0	0	0	0	0	0	0	0.79	0	0	0	0	0	0	0	0	0	0	0	0	0	0	0	0	1	0.4	0.25	0	1	1	0.2	0	0	1	0	0.991
0	0	0	0	4.541	0	0	1.969	0.956	4.541	0	0	1.969	0.956	3.725	0	0	0	0	1	0	0	0	0	1	0	0	0	0	0.833	0	0.25	0	0.25	0.2	0	0	0	0	0	0.894	0.371
0	-1	0	-1	0	0	-1	2.05	-1	2.885	0	-1	2.05	-1	2.091	0	-1	0	-1	0.333	0	-1	0	-1	0.333	0	-1	0	-1	0	0	-1	0	-1	0	0	-1	0	-1	0	0.899	0.792
0	0	0	0	0	0	0	0	0	0	0	0	0	0	0	0	0	0	0	0	0	0	0	0	0	0	0	0	0	0	0.25	1	1	0.4	0	0	1	1	0.2	0	0	0.601
0	0	0.804	2.589	0	0	0	0.804	2.589	0	0	0	0.804	1.786	0	0	0	0	1	0	0	0	0	1	0	0	0	0	1	0	0	0	0	0	1	0	0	0	0	1	0	0.382
0.939	0.911	0	0	0	0	0	0	0	0	0.939	0.911	0	0	0	0	0	0	0	0	0	0	0	0	0	0	0	0	0	0	0.667	0	0.6	0.333	0.333	0.667	0	1	1	0.333	0	0.758
0	2.792	0	3.627	0	0.899	4.429	0	4.525	0	0.899	2.716	0	0.899	0	0	0.3	0	0.6	0	0	0.3	0	0.6	0	0	0	0	0	0	0	0	0	0	1	0	0	0	0	0.375	0.299	0.284
0	0	0	0	0	0	0	0	0	0	0	0	0	0	0	0	0	0	0	0	0	0	0	0	0	0	0	0	0	0	0	0	0	0	0	0	0	0	0	0.333	0.896	0.941
0	7.487	0.959	3.356	0	0	8.422	3.841	5.085	0	0	4.552	3.841	5.085	0	0	0.667	0.167	0.6	0	0	0.667	0.167	0.6	0	0	0.6	0.167	0.4	0	0	0	0	0	0	0	0	0	0	0	0.117	0.765
0	0	0	0	0	0	0	0	0	0	0	0	0	0	0	0	0	0	0	0	0	0	0	0	0	0	0	0	0	0	0	0	0	0	0	0	0	0	0	0	0.294	0.840
5.038	4.003	3.373	0	0	7.553	6.517	5.255	0.832	0	2.709	5.73	4.448	0.832	0	0.417	0.156	0.333	0	0	0.389	0.214	0.333	0	0	0.333	0.19	0.4	0	0	0	0	0.286	0.667	0	0	0	0.143	0	0	0	0.271
6.638	0	1.034	5.259	6.755	10.208	0	1.034	6.463	9.693	7.026	0	1.034	2.201	5.161	0.709	0	0	0.81	0.75	0.709	0	0	0.81	0.75	0.476	0	0	1	1	0	0	0	0	0	0	0	0	0	0	0.018	0.116
0	0	0	0	0	0	0	0	0	0	0	0	0	0	0	0	0	0	0	0	0	0	0	0	0	0	0	0	0	0	0	0	0	0	0	0	0.333	0	0	0	0.116	0.768
0.959	0	0	7.487	0	3.841	0	0	8.422	0.784	3.841	0	0	4.552	0.784	0.167	0	0	0.667	0	0.167	0	0	0.667	0	0.167	0	0	0.6	0	0	0	0	0	0	0	0	0	0	0	0.417	0.280
4.936	14.201	27.168	0.86	10.134	8.391	18.886	29.215	2.646	9.208	5.161	9.303	10.737	2.646	8.535	0.389	0.337	0.302	1	0.424	0.389	0.337	0.299	1	0.489	0.5	0.333	0.311	1	0.179	0.333	0	0.333	0	0.4	0.333	0	0	0	0	0.893	0.408
5.627	3.504	2.011	4.763	0	6.515	3.504	2.011	6.899	0	5.676	2.724	2.011	6.899	0	0.476	0.833	0	0.524	0	0.476	0.833	0	0.524	0	0.4	0.333	0	0.524	0	0	0.714	0	0	0.2	0	0.714	0	0	0.4	0.196	0.266
0	1.619	0	0	2.816	0	0	0	0	2.816	0	1.619	0	0	2.816	0	0	0	0	0.667	0	0	0	0	0.667	0	0	0	0	0.667	0	0	0	0	0.571	0	0.333	0.25	0.2	0	0	0.663
4.678	31.963	8.657	0.991	0	5.74	39.215	10.84	2.053	0	2.935	16.5	5.949	1.062	0	0.667	0.262	0.545	1	0	0.667	0.259	0.545	1	0	0.333	0.269	0.333	0	0	0.333	0	0	0.778	0.75	0.889	0	0	0.556	0.5	0.414	0.826
0	0	8.546	0	0	0	0	8.546	0	1.981	0	0	1.874	0	2.93	0	0	0.583	0	0.667	0	0	0.583	0	1	0	0	0	0	0.667	0.4	0.333	0	0.6	0	1	0.333	0	1	0	0	0.845
0.789	5.827	0	10.337	0	4.267	8.905	0	11.286	0.794	4.267	6.015	0	9.516	0.794	0.5	0.639	0	0.551	0	0.5	0.639	0	0.6	0	0.5	0.533	0	0.417	0	0	0	1	0.111	0	0	0.2	1	0	0	0.896	0.374
0	0	0	0	0	0	0	0	0	0	0	0	0	0	0	0	0	0	0	0	0	0	0	0	0	0	0	0	0	0	0.5	0	0	1	0.333	0	0	0	0.875	0	0	0.746
15.084	0	0	0	0.931	16.022	0	0	0	4.652	6.489	0	0	0	4.652	0.368	0	0	0	0.3	0.36	0	0	0	0.3	0.133	0	0	0	0.3	0.2	0	0	0	0	0	0	0	0	0	0	0.346
8.546	0	0	0	0	8.546	0	1.981	0	0	1.874	0	2.93	0	0	0.583	0	0.667	0	0	0.583	0	1	0	0	0	0	0.667	0	0	0	0.4	0	0.333	0	0	1	0	0.333	0	0	0.322
0	0	0	0	0	0	0.956	0	0	1.969	0	0.956	0	0	1.969	0	0	0	0	0	0	0	0	0	0	0	0	0	0	0	0.25	0.25	0	0.25	0	0	0	0	0.25	0	0.896	0.427
0	0	0	0	0	0	0	0	0	0	0	0	0	0	0	0	0	0	0	0	0	0	0	0	0	0	0	0	0	0	0	0	0	0	0	0	0	0	0	0	0.415	0.763
0	0	0	0	0	0	0	0	0	0	0	0	0	0	0	0	0	0	0	0	0	0	0	0	0	0	0	0	0	0	0	0	0	0	0	0	0	0	0	0	0	0.841
0	5.259	6.638	0	1.034	0	6.463	10.208	0	1.034	0	2.201	7.026	0	1.034	0	0.81	0.709	0	0	0	0.81	0.709	0	0	0	1	0.476	0	0	0	0	0	0.333	0	0	0	0	0	0	0.559	0.184
0	10.134	0.79	27.168	0	0	9.208	0.79	29.215	0	0	8.535	0.79	10.737	0	0	0.424	0	0.302	0	0	0.489	0	0.299	0	0	0.179	0	0.311	0	0.6	0.4	0.333	0.333	0.2	1	0	0.667	0	0	0.42	0.955
0	0	0	0	0	0	0	0	0	0	0	0	0	0	0	0	0	0	0	0	0	0	0	0	0	0	0	0	0	0	0	0	0	0	0	0	0	0	0	0	0.557	0.812
0.859	0	0	0	0	0.859	0	0	0	0	0.859	0	0	0	0	0	0	0	0	0	0	0	0	0	0	0	0	0	0	0	0	0	0	0.5	0.6	0	0	0	0.75	0	0.716	0.280
2.18	15.449	3.356	23.13	7.487	2.18	17.929	5.085	25.979	8.422	2.18	9.029	5.085	15.502	4.552	1	0.31	0.6	0.353	0.667	1	0.307	0.6	0.353	0.667	1	0.194	0.4	0.269	0.6	0.625	0	0	0	0	0.375	0.125	0	0	0	0	0.552
0	0	0	0	0	0	0	0	0	0	0	0	0	0	0	0	0	0	0	0	0	0	0	0	0	0	0	0	0	0	0	1	0.5	0.667	0	0	0.875	0	0	0	0	0.622
10.337	3.818	5.827	7.783	0.789	11.286	6.67	8.905	9.638	4.267	9.516	6.67	6.015	7.121	4.267	0.551	0.619	0.639	0.745	0.5	0.6	0.619	0.639	0.733	0.5	0.417	0.476	0.533	0.667	0.5	0.111	0	0	0	0	0	0	0.2	0	0	0.556	0.416
0	0	0	0	0	0	0	0	0	0	0	0	0	0	0	0	0	0	0	0	0	0	0	0	0	0	0	0	0	0	0	0	0	0	0	0	0	0.333	0	0	0.713	0.963
0	2.589	0	0	0.804	0	2.589	0	0	0.804	0	1.786	0	0	0.804	0	1	0	0	0	0	1	0	0	0	0	1	0	0	0	0	0	0	0.2	0	0	0	0	0	0	0	0.679
0	0	0	0	0	0	0	0	0	0	0	0	0	0	0	0	0	0	0	0	0	0	0	0	0	0	0	0	0	0	1	0.25	0	1	0.667	1	0	0	1	0	0.117	0.972
0	0	0	0	0	0	0	0	0	0	0	0	0	0	0	0	0	0	0	0	0	0	0	0	0	0	0	0	0	0	0	0	0	0	0	0	0	0	0	0	0.897	0.926
14.201	0.86	4.936	5.536	27.168	18.886	2.646	8.391	11.656	29.215	9.303	2.646	5.161	8.95	10.737	0.337	1	0.389	0.491	0.302	0.337	1	0.389	0.473	0.299	0.333	1	0.5	0.429	0.311	0	0	0.333	0	0.333	0	0	0.333	0	0	0.897	0.184
0	0.859	0	0	0	0	0.859	0	0	0	0	0.859	0	0	0	0	0	0	0	0	0	0	0	0	0	0	0	0	0	0	0	0	0.6	0	0.4	0	0	0	0	0.2	0	0.588
0	0	5.259	0	0	0	0	6.463	0.797	0	0	0	2.201	0.797	0	0	0	0.81	0	0	0	0	0.81	0	0	0	0	1	0	0	0.333	0	0	0	0	0	0	0	0	0	0.893	0.614
0	0	0	0	0	0	0	0	0	0	0	0	0	0	0	0	0	0	0	0	0	0	0	0	0	0	0	0	0	0	0	0	0	0	0	0	0	0	0	0	0.415	0.820
0	0	0	0	0	0	0	0	0	0	0	0	0	0	0	0	0	0	0	0	0	0	0	0	0	0	0	0	0	0	0	0	0	0	0	0	0.333	0	0	0	0.9	0.982
0.842	0	0	0	1.601	4.743	0	0	1.981	3.773	4.743	0	0	2.93	3.773	0.333	0	0	0.667	0.167	0.167	0	0	1	0.167	0.333	0	0	0.667	0.167	0	0	0	0	0	0	0	0	0	0	0.3	0.490
10.134	27.168	0	4.936	0.79	9.208	29.215	0	8.391	0.79	8.535	10.737	0	5.161	0.79	0.424	0.302	0	0.389	0	0.489	0.299	0	0.389	0	0.179	0.311	0	0.5	0	0.4	0.333	0.6	0.333	0.333	0	0	1	0.333	0.667	0	0.449
0	0	2.816	1.619	0	0	0	2.816	0	0	0	0	2.816	1.619	0	0	0	0.667	0	0	0	0	0.667	0	0	0	0	0.667	0	0	0	0	0.571	0	0.333	0.25	0	0	0.333	1	0	0.861
2.635	0	0	0.859	0	4.505	1.023	0	2.732	0	2.788	1.023	0	2.732	0	0.5	0	0	0.333	0	0.5	0	0	0.333	0	0.667	0	0	0.333	0	0	0	0	0.2	0	0	0	0	0	0	0	0.328
0	0	0	0	0	0	0.905	0.797	0	0	0	0.905	0.797	0	0	0	0	0	0	0	0	0	0	0	0	0	0	0	0	0	0	0	0	0	0	0	0	0	0	0	0.557	0.347
0	0	10.668	0	0	0	0	14.656	0.794	0	0	0	5.662	0.794	0	0	0	0.375	0	0	0	0	0.367	0	0	0	0	0.6	0	0	1	1	0	0	0.4	1	1	0	0	0.2	0	0.974
0	0	0	0.944	0	0.956	0	0	0.944	0	0.956	0	0	0.944	0	0	0	0	0	0	0	0	0	0	0	0	0	0	0	0	0.25	0.25	0.25	0	0	0	0.25	0	0	0	0.294	0.584
0	0	4.003	0	5.038	0.832	3.622	6.517	0.846	7.553	0.832	3.622	5.73	1.65	2.709	0	0.5	0.156	1	0.417	0	0.5	0.214	0	0.389	0	0.5	0.19	1	0.333	0.667	0	0	0.2	0	0	0	0	0	0	0.298	0.634
1.639	0	0	0	0	2.502	0	0.79	0.863	0.846	2.502	0	0.79	0.863	0.846	0	0	0	0	0	0	0	0	0	0	0	0	0	0	0	0	0.5	0	0	0	0	0	0	0	0	0.294	0.615
10.668	0	0	0	26.878	14.656	0	0	0	32.081	5.662	0	0	0	11.914	0.375	0	0	0	0.262	0.367	0	0	0	0.256	0.6	0	0	0	0.444	0	1	0.4	1	0	0	1	0.2	1	0	0.197	0.378
0	0	0	0	0	0	0	0	0	0	0	0	0	0	0	0	0	0	0	0	0	0	0	0	0	0	0	0	0	0	0	0	0	0	0	0	0	0	0	0	0.896	0.993
3.754	0	7.783	3.373	3.818	6.53	0	9.638	5.255	6.67	6.641	0	7.121	4.448	6.67	0.357	0	0.745	0.333	0.619	0.381	0	0.733	0.333	0.619	0.286	0	0.667	0.4	0.476	0	0	0	0.286	0	0	0	0	0.143	0	0.296	0.421
0	0	0	0.939	8.546	0	0	0	0	8.546	0	0	0	0.939	1.874	0	0	0	0	0.583	0	0	0	0	0.583	0	0	0	0	0	0.333	0.6	0.4	0.667	0	0.333	1	1	0.667	0	0	0.822
0	8.657	4.771	4.678	5.773	0	10.84	6.587	5.74	7.68	0	5.949	2.896	2.935	0.806	0	0.545	0.476	0.667	0.786	0	0.545	0.476	0.667	0.786	0	0.333	0.333	0.333	0	0.75	0	0	0.333	0.75	0.5	0	0	0.889	0.625	0	0.863
0	0	2.442	0	0	0	0	3.248	0	0	0	0	0.806	0	0	0	0	1	0	0	0	0	1	0	0	0	0	0	0	0	0	0	0.4	0	0	0	0	0.2	0	0	0	0.791
1.034	25.368	1.031	0	5.819	3.542	33.441	2.235	0	9.075	2.749	13.958	1.204	0	6.096	0.167	0.292	1	0	0.694	0.167	0.287	1	0	0.667	0	0.291	0	0	0.533	0	0	0	0	0	0	0	0	0	0	0.296	0.231
0	0	0	0	1.827	0	0	0.922	0	2.868	0	0	0.922	0	2.868	0	0	0	0	0.333	0	0	0	0	0.333	0	0	0	0	0.333	0	0.333	1	0	0.143	0	0	0	0	0	0.296	0.416
7.783	3.754	3.818	0	10.337	9.638	6.53	6.67	0	11.286	7.121	6.641	6.67	0	9.516	0.745	0.357	0.619	0	0.551	0.733	0.381	0.619	0	0.6	0.667	0.286	0.476	0	0.417	0	0	0	0	0.111	0	0	0	0	0	0.294	0.666
0	0	23.13	5.545	15.449	0	1.762	25.979	6.439	17.929	0	1.762	15.502	3.089	9.029	0	0	0.353	0.571	0.31	0	0	0.353	0.762	0.307	0	0	0.269	0.333	0.194	1	0	0	0	0	1	0	0	0	0.125	0	0.962
0	0	-1	0	-1	0	0	-1	0	-1	0	0	-1	0	-1	0	0	-1	0	-1	0	0	-1	0	-1	0	0	-1	0	-1	0	0	-1	0	-1	0	0	-1	0	-1	0.897	1.000
0	0	0	0.997	4.003	3.622	0.846	0.832	5.672	6.517	3.622	1.65	0.832	4.878	5.73	0.5	1	0	0.267	0.156	0.5	0	0	0.267	0.214	0.5	1	0	0.3	0.19	0	0.2	0.667	0	0	0	0	0	0	0	0.716	0.357
27.168	4.936	10.134	14.201	0	29.215	8.391	9.208	18.886	0	10.737	5.161	8.535	9.303	0	0.302	0.389	0.424	0.337	0	0.299	0.389	0.489	0.337	0	0.311	0.5	0.179	0.333	0	0.333	0.333	0.4	0	0.6	0	0.333	0	0	1	0.419	0.700
0	1.639	0	0	3.627	0.79	2.502	0.846	0	4.525	0.79	2.502	0.846	0	0.899	0	0	0	0	0.6	0	0	0	0	0.6	0	0	0	0	0	0	0	0	0.5	0	0	0	0	0	0	0.894	0.278
0	0	0	5.773	2.442	0	0	0	7.68	3.248	0	0	0	0.806	0.806	0	0	0	0.786	1	0	0	0	0.786	1	0	0	0	0	0	0	0	0	0.75	0.4	0	0	0	0.625	0.2	0.298	0.353
0	0.944	0	0	0	0	0.944	0.956	1.041	0	0	0.944	0.956	1.041	0	0	0	0	0	0	0	0	0	0	0	0	0	0	0	0	0.25	0	0.25	0	0.25	0.25	0	0	0	0	0	0.875
0	5.819	0	1.031	0	0	9.075	0.905	2.235	0	0	6.096	0.905	1.204	0	0	0.694	0	1	0	0	0.667	0	1	0	0	0.533	0	0	0	0	0	0	0	0	0	0	0	0	0	0	0.574
0	0	0	0	-1	0	0	0	0	-1	0	0	0	0	-1	0	0	0	0	-1	0	0	0	0	-1	0	0	0	0	-1	0	0	0	0	-1	0	0	0	0	-1	0.893	1.000
0	2.011	4.456	5.627	4.383	0	2.011	6.639	6.515	4.383	0	2.011	4.008	5.676	0	0	0	0.6	0.476	1	0	0	0.6	0.476	1	0	0	0.333	0.4	0	0.2	0	0.2	0	0	0.4	0	0	0	0	0	0.599
5.545	3.155	0	0	0	6.439	4.059	1.762	1.685	0	3.089	3.196	1.762	2.634	0	0.571	0.5	0	1	0	0.762	0.5	0	0	0	0.333	0.333	0	1	0	0	0.25	0	0.6	1	0	0	0	0	1	0	0.491
0.79	0	0	0	0	0	0	0	0	0	0.79	0	0	0	0	0	0	0	0	0	0	0	0	0	0	0	0	0	0	0	0	0	0.4	0.75	1	0	0	0.2	1	1	0	0.575
0	0	0	0	0	0	0	0	0	0	0	0	0	0	0	0	0	0	0	0	0	0	0	0	0	0	0	0	0	0	1	0	0	0	0	1	0.4	0	0	0	0.417	0.972
0.931	0	0	15.084	0.859	4.652	0	0	16.022	2.732	4.652	0	0	6.489	2.732	0.3	0	0	0.368	0.333	0.3	0	0	0.36	0.333	0.3	0	0	0.133	0.333	0	0	0	0.2	0.2	0	0	0	0	0	0.415	0.166
5.259	0	0	0	6.638	6.463	0	0	0	10.208	2.201	0	0	0	7.026	0.81	0	0	0	0.709	0.81	0	0	0	0.709	1	0	0	0	0.476	0	0.333	0	0	0	0	0	0	0	0	0.298	0.163
0	0	0	5.819	0	0.905	0	0	9.075	0.797	0.905	0	0	6.096	0.797	0	0	0	0.694	0	0	0	0	0.667	0	0	0	0	0.533	0	0	0	0	0	0	0	0	0	0	0	0.292	0.204
0	2.592	0	4.383	0.859	0	4.775	0	4.383	0.859	0	2.182	0	0	0.859	0	0.833	0	1	0	0	0.833	0	1	0	0	0	0	0	0	0.5	0	0	0	0	0.75	0	0	0	0	0.417	0.901
3.627	0	2.792	0	0	4.525	0.846	4.429	0.79	0.899	0.899	0.846	2.716	0.79	0.899	0.6	0	0.3	0	0	0.6	0	0.3	0	0	0	0	0	0	0	0	0	0	0	0	0	0	0	0	0	0.296	0.172
0	3.373	3.754	5.038	7.783	0	5.255	6.53	7.553	9.638	0	4.448	6.641	2.709	7.121	0	0.333	0.357	0.417	0.745	0	0.333	0.381	0.389	0.733	0	0.4	0.286	0.333	0.667	0	0.286	0	0	0	0	0.143	0	0	0	0	0.507
0	0	0	2.792	0	0	0.899	0	4.429	0	0	0.899	0	2.716	0	0	0	0	0.3	0	0	0	0	0.3	0	0	0	0	0	0	0	0	1	0	0	0	0	0.375	0	0	0.055	0.613
0	0	0	0	0	0	0	0	0	0	0	0	0	0	0	0	0	0	0	0	0	0	0	0	0	0	0	0	0	0	0	0	0	0	0	0.333	0	0	0	0	0.893	0.805
0	0	0	0	0	0	0	0	0	0	0	0	0	0	0	0	0	0	0	0	0	0	0	0	0	0	0	0	0	0	0	0	0	0	0	0	0	0	0	0	0.713	0.862
2.816	0	0	0	0.911	2.816	0	0	0	0	2.816	0	0	0	0.911	0.667	0	0	0	0	0.667	0	0	0	0	0.667	0	0	0	0	0.571	0	0.333	0	0	0	0.25	1	0	0	0.418	0.363
0	0	0	0.789	0	0.794	0	0	4.267	0	0.794	0	0	4.267	0	0	0	0	0.5	0	0	0	0	0.5	0	0	0	0	0.5	0	0	1	1	0	1	0	1	1	0	1	0.897	0.297
0	0	0	0	0	0	0	0	0	0.922	0	0	0	0	0.922	0	0	0	0	0	0	0	0	0	0	0	0	0	0	0	0.333	0	0	0.5	1	0	0	0	0	0	0	0.766
31.963	0.991	4.678	6.835	8.657	39.215	2.053	5.74	8.011	10.84	16.5	1.062	2.935	3.051	5.949	0.262	1	0.667	0.667	0.545	0.259	1	0.667	0.667	0.545	0.269	0	0.333	1	0.333	0	0.778	0.333	0	0	0	0.556	0.889	0.2	0	0	0.489
3.155	0	5.545	1.601	0	4.059	1.685	6.439	3.773	1.762	3.196	2.634	3.089	3.773	1.762	0.5	1	0.571	0.167	0	0.5	0	0.762	0.167	0	0.333	1	0.333	0.167	0	0.25	0.6	0	0	0	0	0	0	0	0	0	0.326
0	0.859	2.635	0	0	1.023	2.732	4.505	0	0	1.023	2.732	2.788	0	0	0	0.333	0.5	0	0	0	0.333	0.5	0	0	0	0.333	0.667	0	0	0	0.2	0	0	0	0	0	0	0	0	0.418	0.351
0	0	0	0	0	0	0	0	0	0	0	0	0	0	0	0	0	0	0	0	0	0	0	0	0	0	0	0	0	0	0	0	0	0	0	0	0	0	0	0	0	0.847
