0	0	23.908	8.235	0	0	0.826	23.149	10.027	0	0	0.826	7.941	1.792	0	0	0	0.467	0.527	0	0	0	0.494	0.527	0	0	0	0.19	0	0	0.2	0	0.2	0	0	0	0	0.2	0	0	0	0.555
1.772	0	0	23.908	4.443	1.772	0	0	23.149	5.596	1.772	0	0	7.941	2.798	0	0	0	0.467	0.8	0	0	0	0.494	0.733	0	0	0	0.19	0.667	0	0	0.2	0.2	0.4	0	0	0	0.2	0	0	0.183
0	24.589	5.498	13.69	0	0.794	28.651	9.987	17.47	0	0.794	10.118	8.305	3.068	0	0	0.368	0.667	0.418	0	0	0.33	0.639	0.379	0	0	0.429	0.429	0.333	0	0	0	0	0	0	0	0.2	0	0	0	0.294	0.258
0.998	0	0	0	0	0.998	0	0	0	0	0.998	0	0	0	0	0	0	0	0	0	0	0	0	0	0	0	0	0	0	0	0	0	0.6	0	0.4	0	0.286	0.4	0	0.2	0.299	0.276
0	1.788	0.943	0	0	0	1.788	1.964	0	0	0	1.788	1.964	0	0	0	0	0	0	0	0	0	0	0	0	0	0	0	0	0	0	0	0	0	0	0.6	0	0.2	0	0	0	0.665
4.443	0	0.836	0	0	2.728	0	1.798	0	0	1.715	0	1.798	0	0	0.2	0	0	0	0	0.333	0	0	0	0	1	0	0	0	0	1	0	0	0	0.25	1	0	0.4	0	0	0.417	0.566
0	0	0	0.791	1.639	0	0	0	0.791	1.639	0	0	0	0.791	1.639	0	0	0	0	0	0	0	0	0	0	0	0	0	0	0	0.25	0	0.4	0	0	0.75	0.2	0.2	0	0	0	0.698
0.937	0	0.898	0	0	2.076	0	0	0	0	2.076	0	0.898	0	0	1	0	0	0	0	1	0	0	0	0	1	0	0	0	0	0	1	0.4	0.25	0	0	1	0	0.25	0	0.296	0.417
0	0	0.834	0	0	0	0	0.834	0	0.796	0	0	0.834	0	0.796	0	0	0	0	0	0	0	0	0	0	0	0	0	0	0	0	0.25	0	0.25	0	0	0	0	0	0.6	0.716	0.188
1.035	0	0	1.639	0	1.035	0	0	1.639	0	1.035	0	0.929	1.639	0	0	0	0	0	0	0	0	0	0	0	0	0	0	0	0	0	0.4	0	0	0	0	0	0	0	0	0.119	0.133
0	13.676	2.692	0	0.851	0	18.668	3.521	0	1.683	0	8.594	3.521	0	1.683	0	0.509	0.333	0	1	0	0.474	0.333	0	1	0	0.429	0.333	0	1	1	0	0	0	0	1	0.286	0	0	0	0.299	0.984
0	0	0	0.998	3.54	0	0	0	0.998	3.54	0	0	0	0.998	1.944	0	0	0	0	0.333	0	0	0	0	0.333	0	0	0	0	0	0.4	0.6	0	0	0	0.2	0.4	0	0	0	0	0.582
14.9	2.649	2.926	0	16.088	16.966	3.671	6.045	0	20.258	8.886	1.9	4.224	0	11.108	0.581	0.833	0.8	0	0.575	0.574	0.833	0.8	0	0.529	0.357	1	0.5	0	0.306	0	0	0	1	0.2	0	0	0	1	0	0.72	0.213
0	0	0	0	0	0	0	0	0	0	0	0	0	0	0	0	0	0	0	0	0	0	0	0	0	0	0	0	0	0	0	0	0	0	0	0	0	0	0	0	0.557	0.928
2.384	0	0	0	0	1.595	0	0	0	0	2.71	0	0	0.929	0	0.2	0	0	0	0	1	0	0	0	0	0.333	0	0	0	0	0	0	0	0	0	0	0	0	0	0	0	0.275
0	0	0	0	0	0	0	0	0.818	0	0	0	0	0.818	0	0	0	0	0	0	0	0	0	0	0	0	0	0	0	0	0	0	0	0	0	0	0.8	0	0	0	0.72	0.627
0	0	0	0	0	0	0	0	0	0	0	0	0	0	0	0	0	0	0	0	0	0	0	0	0	0	0	0	0	0	0	0	0	0	0	0	0	0	0	0	0.557	0.818
0.867	0	4.285	9.869	0	0.867	0	5.083	9.022	0	0	0	1.618	10.026	0	0	0	0.933	0.705	0	0	0	0.933	0.75	0	0	0	1	0.444	0	0.4	1	0	1	0	0	1	0	1	0	0	0.532
7.29	2.157	19.178	2.93	4.793	5.58	2.157	18.441	1.811	3.622	7.111	1.329	14.726	2.261	5.01	0.564	1	0.547	1	0.714	0.733	1	0.544	1	0.667	0.143	0	0.295	1	0.6	0.4	0	0	0	0.667	0.2	0	0	0	1	0	0.395
0	0	2.036	1.672	0	0	0	2.036	2.468	0	0	0	2.036	0.796	0	0	0	0	0.333	0	0	0	0	0.333	0	0	0	0	0	0	0	0.2	0	0	0	0	0.4	0	0	0	0.299	0.125
1.044	1.986	0	0	0	1.044	2.803	0.818	0	0	0	2.803	0.818	0	0	0	0	0	0	0	0	0	0	0	0	0	0	0	0	0	0.6	0	0	0.4	0	1	0	0	0.2	0.8	0.198	0.604
24.589	13.69	0	22.55	5.498	28.651	17.47	0.794	27.667	9.987	10.118	3.068	0.794	6.382	8.305	0.368	0.418	0	0.403	0.667	0.33	0.379	0	0.37	0.639	0.429	0.333	0	0.6	0.429	0	0	0	0	0	0.2	0	0	0	0	0.059	0.260
0	0	0	1.01	0.937	0	0	0	1.01	2.076	0	0	0	1.01	2.076	0	0	0	0	1	0	0	0	0	1	0	0	0	0	1	0.25	0.75	1	0	0	0.25	0.75	1	0	0	0	0.603
1.937	11.074	8.276	9.814	11.263	1.937	13.607	9.258	12.827	9.625	0.841	10.466	5.567	7.224	10.573	1	0.818	0.75	0.725	0.833	1	0.727	0.722	0.692	0.917	0	0.571	0.4	0.476	0.472	0.556	1	0	0.5	0.4	0.667	0.333	0	0	0.2	0.056	0.780
0	0	0	0	0	0.878	0	0	0	0	0.878	0	0	0	0	0	0	0	0	0	0	0	0	0	0	0	0	0	0	0	0	0	0.25	0.25	0.2	0	0	0.75	0	0.2	0.417	0.304
0	16.088	0	2.926	0	0	20.258	0	6.045	0	0	11.108	0	4.224	0	0	0.575	0	0.8	0	0	0.529	0	0.8	0	0	0.306	0	0.5	0	0	0.2	0	0	0	0	0	0.2	0	0	0.896	0.983
8.766	6.857	1.01	18.261	0	13.304	6.857	1.01	22.167	0	7.309	4.364	1.01	9.099	0	0.341	0.75	0	0.364	0	0.341	0.714	0	0.34	0	0.19	0.6	0	0.278	0	0	0	0	0	0.75	0.2	0	0	0	0.75	0.419	0.273
0	1.691	0	4.468	18.261	0	2.742	1.82	6.479	22.167	0	2.846	1.82	4.808	9.099	0	0.5	1	0.571	0.364	0	1	1	0.571	0.34	0	0.333	1	0.2	0.278	0.143	0	0.333	0.2	0	0	0	0	0	0	0.716	0.303
0	0	0	0	0	0	0	0	0	0	0	0	0	0	0	0	0	0	0	0	0	0	0	0	0	0	0	0	0	0	0	0	0	0	0	0	0	0	0	0	0.419	0.975
0	0	0	0	0	0	0	0	0	0	0	0	0	0	0	0	0	0	0	0	0	0	0	0	0	0	0	0	0	0	0	0	0	0	0	0	0	0	0	0	0.894	0.989
0	0	0	0	0	0	0.878	0	0	1.651	0	0.878	0	0	1.651	0	0	0	0	0	0	0	0	0	0	0	0	0	0	0	0.25	0	0.2	0	0.75	0.75	0	0.2	0	0	0	0.584
0.851	2.692	9.814	0	11.074	1.683	3.521	12.827	0	13.607	1.683	3.521	7.224	0	10.466	1	0.333	0.725	0	0.818	1	0.333	0.692	0	0.727	1	0.333	0.476	0	0.571	0	0	0.5	1	1	0	0	0	1	0.333	0.718	0.193
0	4.122	0.943	0	0	0	5.796	0.943	0	0	0	2.901	0.943	0	0	0	0.619	0	0	0	0	0.467	0	0	0	0	1	0	0	0	0.2	0.333	0	0	0.4	0.6	0.333	0	0	0.2	0	0.692
0	1.772	4.443	0	0	0	1.772	5.596	0	0	0	1.772	2.798	0	0	0	0	0.8	0	0	0	0	0.733	0	0	0	0	0.667	0	0	0.2	0	0.4	0	0	0	0	0	0	0	0	0.510
4.793	19.178	16.939	7.29	9.869	3.622	18.441	19.404	5.58	9.022	5.01	14.726	11.49	7.111	10.026	0.714	0.547	0.462	0.564	0.705	0.667	0.544	0.444	0.733	0.75	0.6	0.295	0.309	0.143	0.444	0.667	0	0.4	0.4	1	1	0	0.8	0.2	1	0	0.493
0	0.998	0	0	0	0	0.998	0	0	0	0	0.998	0	0	0	0	0	0	0	0	0	0	0	0	0	0	0	0	0	0	0.6	0	0.4	0	0	0.4	0	0.2	0.286	0	0	0.614
0	1.639	1.035	0	0	0	1.639	1.035	0	0	0	1.639	1.035	0	0.929	0	0	0	0	0	0	0	0	0	0	0	0	0	0	0	0.4	0	0	0.4	0	0	0	0	0.2	0	0	0.464
0	0	0.998	0.898	0	0	0	0.998	0	0	0	0	0.998	0.898	0	0	0	0	0	0	0	0	0	0	0	0	0	0	0	0	0	0	0	0.4	0.6	0.286	0	0	0	0.4	0.557	0.333
0	0	0	0.925	0	0.878	0	0	0	0	0.878	0	0	1.917	0	0	0	0	1	0	0	0	0	0	0	0	0	0	1	0	0.5	0	0.75	0	0	0	0	0.25	0.333	0	0.9	0.372
13.676	0	0	4.285	2.692	18.668	0	0	5.083	3.521	8.594	0	0	1.618	3.521	0.509	0	0	0.933	0.333	0.474	0	0	0.933	0.333	0.429	0	0	1	0.333	0	0	1	0	0	0.286	0	1	0	0	0.557	0.347
0.943	0	0	1.788	14.631	1.964	0	0	1.788	16.73	1.964	0	0	1.788	10.924	0	0	0	0	0.392	0	0	0	0	0.408	0	0	0	0	0.178	0	0	0	0	0	0.2	0.6	0	0	0	0.298	0.313
0	23.908	1.772	0	0	0	23.149	1.772	0	0	0	7.941	1.772	0	0	0	0.467	0	0	0	0	0.494	0	0	0	0	0.19	0	0	0	0	0.2	0	0.2	0.2	0	0.2	0	0	0	0.415	0.255
0	0	0	3.54	0.834	0	0	0	3.54	0.834	0	0	0	1.944	0.834	0	0	0	0.333	0	0	0	0	0.333	0	0	0	0	0	0	0.25	0.25	0	0	0	0	0	0	0	0	0	0.441
0	8.235	0	0	23.908	0.826	10.027	0	0	23.149	0.826	1.792	0	0	7.941	0	0.527	0	0	0.467	0	0.527	0	0	0.494	0	0	0	0	0.19	0	0	0.2	0.667	0.2	0	0	0	0.667	0.2	0.417	0.205
1.986	0	1.044	0.943	0	2.803	0	1.044	0.943	0.818	2.803	0	0	0.943	0.818	0	0	0	0	0	0	0	0	0	0	0	0	0	0	0	0	0.4	0.6	0	0	0	0.2	1	0	0	0.299	0.225
0	0	0	1.044	0	0	0.818	0	1.044	0	0	0.818	0	0	0	0	0	0	0	0	0	0	0	0	0	0	0	0	0	0	0	0	0	0.6	0	0.8	0	0	1	0	0.298	0.488
2.036	0	0	0	1.788	2.036	0	0	0	1.788	2.036	0	0	0	1.788	0	0	0	0	0	0	0	0	0	0	0	0	0	0	0	0	0	0	0.2	0	0	0	0	0.4	0	0.292	0.191
2.649	0	14.9	14.631	2.926	3.671	0	16.966	16.73	6.045	1.9	0	8.886	10.924	4.224	0.833	0	0.581	0.392	0.8	0.833	0	0.574	0.408	0.8	1	0	0.357	0.178	0.5	0	1	0	0	0	0	1	0	0	0	0.897	0.592
2.926	14.9	16.088	2.649	0	6.045	16.966	20.258	3.671	0	4.224	8.886	11.108	1.9	0	0.8	0.581	0.575	0.833	0	0.8	0.574	0.529	0.833	0	0.5	0.357	0.306	1	0	0	0	0.2	0	0	0	0	0	0	0	0.718	0.562
0	0	0	0	0	0	0	0	0	0	0	0	0	0	0	0	0	0	0	0	0	0	0	0	0	0	0	0	0	0	0	0	0	0	0	0	0	0	0	0	0.419	0.876
0	-1	0	-1	0	0	-1	0	-1	0	0	-1	0	-1	0	0	-1	0	-1	0	0	-1	0	-1	0	0	-1	0	-1	0	0	-1	0	-1	0	0	-1	0	-1	0	0.899	0.996
4.122	0	0	5.498	0.943	5.796	0	0	9.987	0.943	2.901	0	0	8.305	0.943	0.619	0	0	0.667	0	0.467	0	0	0.639	0	1	0	0	0.429	0	0.333	0	0.2	0	0	0.333	0	0.6	0	0	0	0.407
2.157	2.93	7.29	0	19.178	2.157	1.811	5.58	0	18.441	1.329	2.261	7.111	0	14.726	1	1	0.564	0	0.547	1	1	0.733	0	0.544	0	1	0.143	0	0.295	0	0	0.4	0	0	0	0	0.2	0	0	0.42	0.264
0	0	0	0	0	0	0	0	0	0	0	0	0	0	0	0	0	0	0	0	0	0	0	0	0	0	0	0	0	0	0	0	0	0	0	0	0	0	0	0	0.715	0.995
0.925	0	0	0	0	0	0	0	0	0.878	1.917	0	0	0	0.878	1	0	0	0	0	0	0	0	0	0	1	0	0	0	0	0	0	0	0	0.5	0.333	0.2	0	0	0	0.56	0.348
0	0	2.384	1.035	0	0	0	1.595	1.035	0	0	0.929	2.71	1.035	0	0	0	0.2	0	0	0	0	1	0	0	0	0	0.333	0	0	0	0	0	0	0	0	0	0	0	0	0.3	0.509
0	0.943	14.631	0	0	0	1.964	16.73	0	0	0	1.964	10.924	0	0	0	0	0.392	0	0	0	0	0.408	0	0	0	0	0.178	0	0	0	0	0	0	1	0	0.2	0	0.6	1	0	0.611
0	0	0	0	0	0	0	0	0	0	0	0	0	0	0	0	0	0	0	0	0	0	0	0	0	0	0	0	0	0	0	0	0	0	0	0	0	0	0	0	0.9	0.999
1.6	0	0	2.208	2.93	2.433	0	0	4.003	1.811	2.433	0	0	1.795	2.261	0.667	0	0	0.333	1	0.667	0	0	0.167	1	0.333	0	0	0	1	0	0	0	0	0	0	0	0	0	0	0.556	0.289
8.276	1.937	11.263	11.074	0.791	9.258	1.937	9.625	13.607	0.791	5.567	0.841	10.573	10.466	0.791	0.75	1	0.833	0.818	0	0.722	1	0.917	0.727	0	0.4	0	0.472	0.571	0	0	0.556	0.4	1	0	0	0.667	0.2	0.333	0	0.298	0.241
0.836	4.443	0	0	2.208	1.798	2.728	0	0	4.003	1.798	1.715	0	0	1.795	0	0.2	0	0	0.333	0	0.333	0	0	0.167	0	1	0	0	0	0	1	0.25	0	0	0.4	1	0	0	0	0.298	0.254
11.263	8.276	0.791	1.937	0	9.625	9.258	0.791	1.937	0	10.573	5.567	0.791	0.841	0	0.833	0.75	0	1	0	0.917	0.722	0	1	0	0.472	0.4	0	0	0	0.4	0	0	0.556	0	0.2	0	0	0.667	0.2	0	0.551
0	1.01	0	8.766	0	0	1.01	0	13.304	0	0	1.01	0	7.309	0	0	0	0	0.341	0	0	0	0	0.341	0	0	0	0	0.19	0	0.75	0	0.25	0	1	0.75	0	0.25	0.2	1	0	0.923
0	0	0	0	0	0	0.878	0	0	0	0	0.878	0	0	0	0	0	0	0	0	0	0	0	0	0	0	0	0	0	0	0.75	0.5	0	0	0.25	0.25	0	0	0	0	0.896	0.848
0	0	0.925	0	0	0	0	0	0	0	0	0	1.917	0	0	0	0	1	0	0	0	0	0	0	0	0	0	1	0	0	0	0	0	0	0	0.2	0	0.333	0	0	0	0.587
1.639	0	0	0	1.035	1.639	0	0	0	1.035	1.639	0	0	0	1.035	0	0	0	0	0	0	0	0	0	0	0	0	0	0	0	0	0.4	0.4	0.25	0	0	0.2	0	0.75	0	0.294	0.296
0	0	0	0	0	0	0	0	0	0	0	0	0	0	0	0	0	0	0	0	0	0	0	0	0	0	0	0	0	0	0	0	0	0	0	0	0	0	0	0	0.415	0.994
1.691	4.468	0	0	0	2.742	6.479	0	0	1.82	2.846	4.808	0	0	1.82	0.5	0.571	0	0	1	1	0.571	0	0	1	0.333	0.2	0	0	1	0	0.2	0.143	0	0.333	0	0	0	0	0	0	0.418
0	9.869	0.867	16.939	4.285	0	9.022	0.867	19.404	5.083	0	10.026	0	11.49	1.618	0	0.705	0	0.462	0.933	0	0.75	0	0.444	0.933	0	0.444	0	0.309	1	1	1	0.4	0.4	0	1	1	0	0.8	0	0	0.991
0	3.54	0	0	0	0	3.54	0	0	0	0	1.944	0	0	0	0	0.333	0	0	0	0	0.333	0	0	0	0	0	0	0	0	0.25	0	0.25	0	0	0	0	0	0	0	0	0.461
0	0	0	0	0	0	0	0	0	0	0	0	0	0	0	0	0	0	0	0	0	0	0	0	0	0	0	0	0	0	0	0	0	0	0	0	0	0	0	0	0.557	0.968
0	0	0	16.088	22.55	0	0	0	20.258	27.667	0	0	0	11.108	6.382	0	0	0	0.575	0.403	0	0	0	0.529	0.37	0	0	0	0.306	0.6	0	0	0	0.2	0	0.2	0	0	0	0	0.059	0.534
0	2.208	1.6	0	0	0	4.003	2.433	0	0	0	1.795	2.433	0	0	0	0.333	0.667	0	0	0	0.167	0.667	0	0	0	0	0.333	0	0	0	0	0	0.25	0	0	0	0	0	0	0	0.612
1.672	0	0	0	0	2.468	0	0	0.796	0	0.796	0	0	0.796	0	0.333	0	0	0	0	0.333	0	0	0	0	0	0	0	0	0	0	0	0.2	0	0	0	0	0.4	0.6	0	0.556	0.185
0	0	0	0	0	0	0	0	0	0	0	0	0	0	0	0	0	0	0	0	0	0	0	0	0	0	0	0	0	0	0	0	0	0	0	0	0	0	0	0	0.9	0.999
0	0	0	0	0	0	0	0	0	0	0	0	0	0	0	0	0	0	0	0	0	0	0	0	0	0	0	0	0	0	0	0	0	0	0	0	0	0	0	0	0.718	0.986
0	0	22.55	0	13.69	0	0	27.667	0	17.47	0	0	6.382	0	3.068	0	0	0.403	0	0.418	0	0	0.37	0	0.379	0	0	0.6	0	0.333	0	0	0	0	0	0	0.2	0	0	0	0.898	0.358
6.857	18.261	8.766	0	1.01	6.857	22.167	13.304	1.82	1.01	4.364	9.099	7.309	1.82	1.01	0.75	0.364	0.341	1	0	0.714	0.34	0.341	1	0	0.6	0.278	0.19	1	0	0	0	0	0.333	0	0	0	0.2	0	0	0.419	0.309
0	0	0	0	0	0	0	0	0	0	0	0	0	0	0	0	0	0	0	0	0	0	0	0	0	0	0	0	0	0	0	0	0	0	0	0	0	0	0	0	0.556	0.900
0	0	0	0	0	0	0	0	0	0	0	0	0	0	0	0	0	0	0	0	0	0	0	0	0	0	0	0	0	0	0	0	0	0	0	0	0	0	0	0	0.415	0.955
0	0	0	0	0	0	0	0	0	0	0	0	0	0	0	0	0	0	0	0	0	0	0	0	0	0	0	0	0	0	0	0	0	0	0	0	0	0	0.8	0	0.894	0.996
8.235	0	0	0	0	10.027	0	0.826	1.651	0	1.792	0	0.826	1.651	0	0.527	0	0	0	0	0.527	0	0	0	0	0	0	0	0	0	0	0.667	0	0.75	0.2	0	0.667	0	0	0	0	0.343
0	0.898	0	0.937	0.998	0	0	0	2.076	0.998	0	0.898	0	2.076	0.998	0	0	0	1	0	0	0	0	1	0	0	0	0	1	0	0	0.4	0	0	0	0	0	0.286	0	0	0	0.698
1.01	8.766	0	6.857	0	1.01	13.304	0	6.857	0	1.01	7.309	0	4.364	0	0	0.341	0	0.75	0	0	0.341	0	0.714	0	0	0.19	0	0.6	0	0	0	0.75	0	0.25	0	0.2	0.75	0	0.25	0.414	0.223
0	0	0	0	0	0	0	0	0	0	0	0	0	0	0	0	0	0	0	0	0	0	0	0	0	0	0	0	0	0	0	0	0	0	0	0	0	0	0	0	0.3	0.996
0	0	0	0	0	0	0	0	0	0.878	0	0	0	0	0.878	0	0	0	0	0	0	0	0	0	0	0	0	0	0	0	0.25	0	0	0.75	0	0	0	0	0.25	0	0	0.583
0.791	11.263	0	8.276	0	0.791	9.625	0	9.258	0	0.791	10.573	0	5.567	0	0	0.833	0	0.75	0	0	0.917	0	0.722	0	0	0.472	0	0.4	0	0	0.4	0	0	0.25	0	0.2	0.2	0	0.75	0	0.231
0	0	0	0	0	0	0	0	0	0	0	0	0	0	0	0	0	0	0	0	0	0	0	0	0	0	0	0	0	0	0	0	0	0	0	0	0	0	0	0	0.554	0.659
0.834	0	0	0	0	0.834	0	0.796	0	0	0.834	0	0.796	0	0	0	0	0	0	0	0	0	0	0	0	0	0	0	0	0	0	0	0	0.25	0	0	0	0.6	0	0	0.556	0.204
0	0	0	0	0	0	0	0	0	0	0	0	0	0	0	0	0	0	0	0	0	0	0	0	0	0	0	0	0	0	0	0	0	0	0	0	0	0	0	0	0.9	0.762
0	4.285	13.676	0.867	0	0	5.083	18.668	0.867	0	0	1.618	8.594	0	0	0	0.933	0.509	0	0	0	0.933	0.474	0	0	0	1	0.429	0	0	0	0	0	0.4	1	0	0	0.286	0	1	0.557	0.367
22.55	0	13.69	0	24.589	27.667	0	17.47	0	28.651	6.382	0	3.068	0	10.118	0.403	0	0.418	0	0.368	0.37	0	0.379	0	0.33	0.6	0	0.333	0	0.429	0	0	0	0	0	0	0	0	0.2	0.2	0.9	0.206
0	2.036	1.788	0	0	0	2.036	1.788	0	0	0	2.036	1.788	0	0	0	0	0	0	0	0	0	0	0	0	0	0	0	0	0	0	0	0	0	0	0	0	0	0	0.6	0	0.515
0	0	0	2.384	0.925	0	0	0	1.595	0	0	0	0	2.71	1.917	0	0	0	0.2	1	0	0	0	1	0	0	0	0	0.333	1	0	0	0	0	0	0	0	0.2	0	0.333	0.717	0.178
0	0	0	0	4.443	0	0	0	0	2.728	0	0	0	0	1.715	0	0	0	0	0.2	0	0	0	0	0.333	0	0	0	0	1	0	0	0	0	1	0	0	0	0	1	0.116	0.532
18.261	0	6.857	0	8.766	22.167	1.82	6.857	0	13.304	9.099	1.82	4.364	0	7.309	0.364	1	0.75	0	0.341	0.34	1	0.714	0	0.341	0.278	1	0.6	0	0.19	0	0.333	0	0.143	0	0	0	0	0	0.2	0.554	0.159
0	14.631	2.649	0	14.9	0	16.73	3.671	0	16.966	0	10.924	1.9	0	8.886	0	0.392	0.833	0	0.581	0	0.408	0.833	0	0.574	0	0.178	1	0	0.357	1	0	0	0	0	1	0	0	0	0	0.42	0.984
0	0.791	0	11.263	0	0	0.791	0	9.625	0	0	0.791	0	10.573	0	0	0	0	0.833	0	0	0	0	0.917	0	0	0	0	0.472	0	0	0	0.25	0.4	0.4	0.2	0	0.75	0.2	0.2	0	0.542
0	0	0	0	0	0	0	0	0	0	0	0	0	0	0	0	0	0	0	0	0	0	0	0	0	0	0	0	0	0	0	0	0	0	0	0	0	0	0	0	0.716	0.989
0	1.672	0	0	2.036	0	2.468	0	0	2.036	0	0.796	0	0	2.036	0	0.333	0	0	0	0	0.333	0	0	0	0	0	0	0	0	0.2	0	0	0	0	0.4	0	0	0	0	0.018	0.522
9.814	0.851	11.074	2.692	1.937	12.827	1.683	13.607	3.521	1.937	7.224	1.683	10.466	3.521	0.841	0.725	1	0.818	0.333	1	0.692	1	0.727	0.333	1	0.476	1	0.571	0.333	0	0.5	0	1	0	0.556	0	0	0.333	0	0.667	0.055	0.232
0	2.384	0	0	0	0	1.595	0	0	0	0	2.71	0	0	0	0	0.2	0	0	0	0	1	0	0	0	0	0.333	0	0	0	0	0	0	0	0	0	0	0	0	0.2	0.717	0.195
0	5.498	4.122	0	0	0	9.987	5.796	0.794	0	0	8.305	2.901	0.794	0	0	0.667	0.619	0	0	0	0.639	0.467	0	0	0	0.429	1	0	0	0	0	0.333	0	0.2	0	0	0.333	0	0.6	0	0.630
0	0	0.937	0	0.898	0	0	2.076	0	0	0	0	2.076	0	0.898	0	0	1	0	0	0	0	1	0	0	0	0	1	0	0	1	0.25	0	0.75	0.4	1	0.25	0	0.75	0	0.418	0.993
0	0.943	1.986	0	1.044	0	0.943	2.803	0	1.044	0	0.943	2.803	0	0	0	0	0	0	0	0	0	0	0	0	0	0	0	0	0	0.4	0	0	0.2	0.6	0.2	0	0	0.6	1	0	0.505
1.788	0	0	2.036	0.943	1.788	0	0	2.036	1.964	1.788	0	0	2.036	1.964	0	0	0	0	0	0	0	0	0	0	0	0	0	0	0	0	0	0	0	0	0	0	0.6	0	0.2	0.298	0.272
0	0	0	0	8.235	1.651	0	0	0	10.027	1.651	0	0	0	1.792	0	0	0	0	0.527	0	0	0	0	0.527	0	0	0	0	0	0.75	0.2	0.667	0.25	0	0	0.2	0.667	0.75	0	0.415	0.538
9.869	16.939	0	4.793	0.867	9.022	19.404	0	3.622	0.867	10.026	11.49	0	5.01	0	0.705	0.462	0	0.714	0	0.75	0.444	0	0.667	0	0.444	0.309	0	0.6	0	1	0.4	1	0.667	0.4	1	0.8	1	1	0	0	0.636
23.908	0	0	0	1.772	23.149	0	0	0.826	1.772	7.941	0	0	0.826	1.772	0.467	0	0	0	0	0.494	0	0	0	0	0.19	0	0	0	0	0.2	0.2	0	0	0	0.2	0	0	0	0	0.117	0.256
0	0	0	0	0	0	0	0	0	0	0	0	0	0	0	0	0	0	0	0	0	0	0	0	0	0	0	0	0	0	0	0	0	0	0	0	0	0	0	0	0.113	0.981
3.54	0	0	0	0	3.54	0	0	0	0	1.944	0	0	0	0	0.333	0	0	0	0	0.333	0	0	0	0	0	0	0	0	0	0	0	0.25	0.4	0.25	0	0	0	0.2	0	0.42	0.148
0	4.443	4.468	0	1.691	0	5.596	6.479	0	2.742	0	2.798	4.808	0	2.846	0	0.8	0.571	0	0.5	0	0.733	0.571	0	1	0	0.667	0.2	0	0.333	0	0.4	0.2	0.2	0	0	0	0	0	0	0.418	0.253
0	0	1.672	0.834	0	0	0.796	2.468	0.834	0	0	0.796	0.796	0.834	0	0	0	0.333	0	0	0	0	0.333	0	0	0	0	0	0	0	0	0	0	0	0.2	0	0.6	0	0	0.4	0.418	0.278
0	0	0	0	0	0	0	0.878	0	0	0	0	0.878	0	0	0	0	0	0	0	0	0	0	0	0	0	0	0	0	0	0	0.25	0	0	0.25	0	0	0	0	0.75	0.716	0.227
0	0	0	0	0	0	0	0	0.878	0	0	0	0	0.878	0	0	0	0	0	0	0	0	0	0	0	0	0	0	0	0	0	0.75	0.25	0.5	0	0	0.25	0	0	0	0.554	0.415
0.943	0	0	4.122	1.986	0.943	0	0	5.796	2.803	0.943	0	0	2.901	2.803	0	0	0	0.619	0	0	0	0	0.467	0	0	0	0	1	0	0	0.2	0.4	0.333	0	0	0.6	0.2	0.333	0	0.294	0.325
4.468	0	1.691	4.443	0	6.479	0	2.742	5.596	0	4.808	0	2.846	2.798	0	0.571	0	0.5	0.8	0	0.571	0	1	0.733	0	0.2	0	0.333	0.667	0	0.2	0	0	0.4	0.143	0	0	0	0	0	0	0.243
0	0.836	2.208	4.443	0	0	1.798	4.003	2.728	0	0	1.798	1.795	1.715	0	0	0	0.333	0.2	0	0	0	0.167	0.333	0	0	0	0	1	0	0.25	0	0	1	0	0	0.4	0	1	0	0	0.675
0	1.035	0	0	2.384	0	1.035	0	0	1.595	0.929	1.035	0	0	2.71	0	0	0	0	0.2	0	0	0	0	1	0	0	0	0	0.333	0	0	0	0.4	0	0	0	0	0	0	0	0.272
5.498	0	0	24.589	4.122	9.987	0.794	0	28.651	5.796	8.305	0.794	0	10.118	2.901	0.667	0	0	0.368	0.619	0.639	0	0	0.33	0.467	0.429	0	0	0.429	1	0	0	0	0	0.333	0	0	0	0.2	0.333	0.117	0.226
0	0	3.54	0	0	0	0	3.54	0	0	0	0	1.944	0	0	0	0	0.333	0	0	0	0	0.333	0	0	0	0	0	0	0	0	0.4	0	0.6	0.25	0	0.2	0	0.4	0	0.415	0.233
0	0	8.235	0	0	0	1.651	10.027	0	0.826	0	1.651	1.792	0	0.826	0	0	0.527	0	0	0	0	0.527	0	0	0	0	0	0	0	0.667	0.75	0	0.2	0	0.667	0	0	0.2	0	0	0.983
0.898	0.937	0	0	0	0	2.076	0	0	0	0.898	2.076	0	0	0	0	1	0	0	0	0	1	0	0	0	0	1	0	0	0	0.4	0	0	1	0	0	0	0	1	0.286	0	0.600
19.178	7.29	4.793	2.157	16.939	18.441	5.58	3.622	2.157	19.404	14.726	7.111	5.01	1.329	11.49	0.547	0.564	0.714	1	0.462	0.544	0.733	0.667	1	0.444	0.295	0.143	0.6	0	0.309	0	0.4	0.667	0	0.4	0	0.2	1	0	0.8	0.198	0.207
0	1.6	2.93	0	2.157	0	2.433	1.811	0	2.157	0	2.433	2.261	0	1.329	0	0.667	1	0	1	0	0.667	1	0	1	0	0.333	1	0	0	0	0	0	0	0	0	0	0	0	0	0.56	0.452
14.631	0	0	0.943	2.649	16.73	0	0	1.964	3.671	10.924	0	0	1.964	1.9	0.392	0	0	0	0.833	0.408	0	0	0	0.833	0.178	0	0	0	1	0	0	1	0	0	0	0	1	0.2	0	0.3	0.197
0	0	0	0	-1	0	0	0	0	-1	0	0	0	0	-1	0	0	0	0	-1	0	0	0	0	-1	0	0	0	0	-1	0	0	0	0	-1	0	0	0	0	-1	0.898	0.999
13.69	22.55	24.589	0	0	17.47	27.667	28.651	0	0.794	3.068	6.382	10.118	0	0.794	0.418	0.403	0.368	0	0	0.379	0.37	0.33	0	0	0.333	0.6	0.429	0	0	0	0	0	0	0	0	0	0.2	0	0	0.415	0.108
16.939	4.793	9.869	19.178	0	19.404	3.622	9.022	18.441	0	11.49	5.01	10.026	14.726	0	0.462	0.714	0.705	0.547	0	0.444	0.667	0.75	0.544	0	0.309	0.6	0.444	0.295	0	0.4	0.667	1	0	1	0.8	1	1	0	1	0	0.219
0	0.834	0	0	1.672	0.796	0.834	0	0	2.468	0.796	0.834	0	0	0.796	0	0	0	0	0.333	0	0	0	0	0.333	0	0	0	0	0	0	0	0	0	0	0.6	0	0	0	0	0.117	0.406
0	0	0	0	0	0	0	0	0	0	0	0	0	0	0	0	0	0	0	0	0	0	0	0	0	0	0	0	0	0	0	0	0	0	0	0	0	0	0	0	0.195	0.942
16.088	2.926	0	14.9	0	20.258	6.045	0	16.966	0	11.108	4.224	0	8.886	0	0.575	0.8	0	0.581	0	0.529	0.8	0	0.574	0	0.306	0.5	0	0.357	0	0.2	0	0	0	0	0	0	0	0	0.2	0.896	0.499
0	0	18.261	1.691	6.857	1.82	0	22.167	2.742	6.857	1.82	0	9.099	2.846	4.364	1	0	0.364	0.5	0.75	1	0	0.34	1	0.714	1	0	0.278	0.333	0.6	0.333	0.143	0	0	0	0	0	0	0	0	0.893	0.247
4.285	0.867	0	0	13.676	5.083	0.867	0	0	18.668	1.618	0	0	0	8.594	0.933	0	0	0	0.509	0.933	0	0	0	0.474	1	0	0	0	0.429	0	0.4	0	1	0	0	0	0	1	0.286	0.118	0.372
2.208	0	0	0.836	1.6	4.003	0	0	1.798	2.433	1.795	0	0	1.798	2.433	0.333	0	0	0	0.667	0.167	0	0	0	0.667	0	0	0	0	0.333	0	0.25	0	0	0	0	0	0	0.4	0	0	0.159
0	0	0	-1	0	0	0	0	-1	0	0	0	0	-1	0	0	0	0	-1	0	0	0	0	-1	0	0	0	0	-1	0	0	0	0	-1	0	0	0	0	-1	0	0.897	0.995
0	0.925	0	0	0	0	0	0.878	0	0	0	1.917	0.878	0	0	0	1	0	0	0	0	0	0	0	0	0	1	0	0	0	0	0	0.5	0	0.75	0	0.333	0	0.2	0.25	0.716	0.156
0	1.044	0	1.986	0	0.818	1.044	0	2.803	0	0.818	0	0	2.803	0	0	0	0	0	0	0	0	0	0	0	0	0	0	0	0	0	0.6	0	0	0	0	1	0.8	0	0	0.419	0.185
0	0	4.443	0	0.836	0	0	2.728	0	1.798	0	0	1.715	0	1.798	0	0	0.2	0	0	0	0	0.333	0	0	0	0	1	0	0	0	0	1	0	0	0	0	1	0	0.4	0.714	0.356
11.074	9.814	1.937	0.851	8.276	13.607	12.827	1.937	1.683	9.258	10.466	7.224	0.841	1.683	5.567	0.818	0.725	1	1	0.75	0.727	0.692	1	1	0.722	0.571	0.476	0	1	0.4	1	0.5	0.556	0	0	0.333	0	0.667	0	0	0.417	0.474
0	0	0	0	0	0	0	1.651	0.878	0	0	0	1.651	0.878	0	0	0	0	0	0	0	0	0	0	0	0	0	0	0	0	0.2	0.25	0.75	0	0.667	0.2	0.75	0	0	0.667	0	0.567
4.443	0	0	1.772	4.468	5.596	0	0	1.772	6.479	2.798	0	0	1.772	4.808	0.8	0	0	0	0.571	0.733	0	0	0	0.571	0.667	0	0	0	0.2	0.4	0.2	0	0	0.2	0	0	0	0	0	0.42	0.205
0	0	-1	0	-1	0	0	-1	0	-1	0	0	-1	0	-1	0	0	-1	0	-1	0	0	-1	0	-1	0	0	-1	0	-1	0	0	-1	0	-1	0	0	-1	0	-1	0.898	0.999
0	0	1.639	0	0	0	0	1.639	0	0	0	0	1.639	0	0	0	0	0	0	0	0	0	0	0	0	0	0	0	0	0	0.4	0.25	0	0	0.4	0.2	0.75	0	0.2	0	0	0.525
2.692	0	0.851	13.676	9.814	3.521	0	1.683	18.668	12.827	3.521	0	1.683	8.594	7.224	0.333	0	1	0.509	0.725	0.333	0	1	0.474	0.692	0.333	0	1	0.429	0.476	0	1	0	0	0.5	0	1	0	0.286	0	0.718	0.363
2.93	0	2.157	1.6	7.29	1.811	0	2.157	2.433	5.58	2.261	0	1.329	2.433	7.111	1	0	1	0.667	0.564	1	0	1	0.667	0.733	1	0	0	0.333	0.143	0	0	0	0	0.4	0	0	0	0	0.2	0	0.522
