0	0	0	0	0	0	0	0	0	0	0	0	0	0	0	0	0	0	0	0	0	0	0	0	0	0	0	0	0	0	0	0	0	0	0	0	1	0.286	0.5	0	0.3	0.605
0	0	13.671	20.304	0	0	0	17.705	21.521	0	0	0	10.823	10.832	0	0	0	0.536	0.522	0	0	0	0.536	0.576	0	0	0	0.236	0.4	0	0	0.2	0	0.4	0.2	0	0	0	0	0.2	0.557	0.293
0	0	0	0	0	0	0	0	0	0	0	0	0	0	0	0	0	0	0	0	0	0	0	0	0	0	0	0	0	0	0	0	0	0	0	0	0	0	0	0.8	0.19	0.588
0	0	13.458	0	0.956	0	0	12.36	0	0.956	0	0	4.287	0	0	0	0	0.736	0	0	0	0	0.727	0	0	0	0	0	0	0	0	0.2	0	0.8	0	0	0	0	0.8	0	0.196	0.374
0	15.146	6.591	0	0	0	20.556	8.465	0	0	0	6.394	4.799	0	0	0	0.616	0.944	0	0	0	0.611	0.944	0	0	0	0.467	0.5	0	0	0.2	0	0	0	0.857	0	0	0	0	0.429	0	0.707
0	0	0	0	0	0	1.794	1.834	0	0.887	0	1.794	1.834	0	0.887	0	0	0	0	0	0	0	0	0	0	0	0	0	0	0	0	0	0	0.25	0	0	0	0	0	0	0.716	0.270
0	0	0	0	2.834	0	0	0	0.912	3.747	0	0	0	0.912	0.912	0	0	0	0	0.5	0	0	0	0	0.5	0	0	0	0	0	0.8	0	0.4	0	0	0.8	0	0.4	0	0	0.42	0.932
0	0	24.807	0	0	0	0	30.835	0	0	0	0	10.319	0	0	0	0	0.401	0	0	0	0	0.377	0	0	0	0	0.306	0	0	0.5	0	0.667	0.6	1	0.75	0	1	0.6	0.8	0	0.713
0	0	5.491	28.217	22.029	1.828	0	8.625	33.868	27.279	1.828	0	4.04	11.318	8.323	1	0	0.722	0.373	0.459	1	0	0.722	0.365	0.45	1	0	0.5	0.289	0.286	0	0.2	0	0	0	0	0.2	0	0	0	0.717	0.219
14.925	9.887	3.765	0	8.608	19.512	13.691	7.716	0	12.833	6.832	5.78	3.951	0	6.24	0.643	0.747	0.964	0	0.782	0.637	0.736	0.929	0	0.769	0.667	0.667	0.833	0	0.733	0	0	0.25	0.5	0	0	0	0	0	0	0.717	0.303
0	4.005	0	0	0	0	5.004	0	0	0	0	1.941	0	0	0	0	1	0	0	0	0	1	0	0	0	0	1	0	0	0	0.2	0	0	0.2	0.143	0	0	0	0	0	0	0.530
0	0	0	7.516	9.419	0	0	0	8.53	11.433	0	0	0	0	2.01	0	0	0	0.833	0.742	0	0	0	0.806	0.712	0	0	0	0	1	0	0	0.143	0.2	0	0	0	0	0	0	0.714	0.408
0	0	4.644	3.702	14.329	0	0	6.644	4.603	15.361	0	0	2	1.837	0.942	0	0	0.571	0.7	0.717	0	0	0.571	0.7	0.717	0	0	0	0	0	0	0	0	0	0.111	0	0	0	0	0	0.896	0.209
15.146	0	0	29.284	6.591	20.556	0	0	31.593	8.465	6.394	0	0	12.183	4.799	0.616	0	0	0.321	0.944	0.611	0	0	0.306	0.944	0.467	0	0	0.182	0.5	0	0	0.2	0	0	0	0	0	0	0	0.414	0.366
13.695	0	0	0	0	15.616	0	0	0.894	1.027	6.027	0	0	0.894	1.027	0.517	0	0	0	0	0.492	0	0	0	0	0.2	0	0	0	0	0	0	0	0	0	0	0	0.4	0.333	0.111	0.297	0.341
2.672	22.135	5.119	0	1.798	3.866	22.501	5.403	0	4.739	2.097	9.885	6.563	0	3.85	1	0.463	0.964	0	1	1	0.489	1	0	0.9	0	0.333	0.667	0	0.5	0.625	0	0.6	1	0	0	0	0	0.8	0	0	0.488
9.419	0	0	0	0	11.433	0	0	0	0	2.01	0	0	0	0	0.742	0	0	0	0	0.712	0	0	0	0	1	0	0	0	0	0	0.143	0.143	0	0.2	0	0	0	0	0	0.197	0.294
1.805	0	0	8.366	0	1.805	0	0	6.883	0	0.893	0	0	6.393	0	1	0	0	0.778	0	1	0	0	0.762	0	0	0	0	0.733	0	0	0	0	0.2	0.4	0	0	0	0	0	0	0.305
0	23.447	0	0	0	0	23.447	0	0	0	0	1.1	0	0	0	0	0.46	0	0	0	0	0.442	0	0	0	0	0	0	0	0	0.143	0	0.8	0.2	0.75	0	0	1	0	0.25	0.557	0.408
0	0	0	0	0	0	0	0	0	0	0	0	0	0	0	0	0	0	0	0	0	0	0	0	0	0	0	0	0	0	0.6	0.667	1	0	1	0.4	1	1	0	1	0.296	0.621
0	7.877	0	0	0	0	11.01	0	0.923	0	0	8.136	0	0.923	0	0	0.709	0	0	0	0	0.709	0	0	0	0	0.286	0	0	0	0	0	0	0	0	0	0	0	0	0	0.718	0.319
0	0	0	0	0	0	0	0	0	0	0	0	0	0	0	0	0	0	0	0	0	0	0	0	0	0	0	0	0	0	0	0.8	0.333	0.143	0	0	1	0.333	0	0	0.893	0.602
0	0	0	0	0	0	0	0	0	0	0	0	0	0	0	0	0	0	0	0	0	0	0	0	0	0	0	0	0	0	0	0	0	0	0	0	0	0	0.667	0	0.418	0.867
0	0	0	23.447	0	0	0	0	23.447	0	0	0	0	1.1	0	0	0	0	0.46	0	0	0	0	0.442	0	0	0	0	0	0	0.8	0.143	0.75	0	0	1	0	0.25	0	0	0.117	0.874
13.671	0	0	0	0	17.705	0	0	0	1.823	10.823	0	0	0	1.823	0.536	0	0	0	1	0.536	0	0	0	1	0.236	0	0	0	1	0	0	0.2	0.2	0	0	0	0.2	0	0	0.299	0.227
6.759	0	0	0	0	5.875	0	0	0	0	4.01	0	0	0	0	0.857	0	0	0	0	0.867	0	0	0	0	0.5	0	0	0	0	0	0.25	0	0.75	0	0	0.75	0.2	0.75	0.2	0	0.343
0	1.805	0	0	0	0	1.805	0	0	0	0	0.893	0	0	0	0	1	0	0	0	0	1	0	0	0	0	0	0	0	0	0	0	0.4	0	0.6	0	0	0	0	0.4	0	0.757
22.135	0	2.672	24.807	5.119	22.501	0	3.866	30.835	5.403	9.885	0	2.097	10.319	6.563	0.463	0	1	0.401	0.964	0.489	0	1	0.377	1	0.333	0	0	0.306	0.667	0	1	0.625	0.667	0.6	0	0.8	0	1	0	0	0.312
4.005	0	0	0	0	5.004	0	0	0	0	1.941	0	0	0	0	1	0	0	0	0	1	0	0	0	0	1	0	0	0	0	0	0.2	0.2	0.143	0	0	0	0	0	0	0.418	0.198
5.491	0	22.029	0	0	8.625	1.828	27.279	0	1.838	4.04	1.828	8.323	0	1.838	0.722	1	0.459	0	1	0.722	1	0.45	0	1	0.5	1	0.286	0	1	0	0	0	0.2	0	0	0	0	0.2	0	0.715	0.211
0	29.284	15.146	14.412	0	0	31.593	20.556	18.674	0	0	12.183	6.394	6.079	0	0	0.321	0.616	0.608	0	0	0.306	0.611	0.602	0	0	0.182	0.467	0.267	0	0	0	0	0	0.2	0	0	0	0	0	0.716	0.412
9.887	0	14.925	13.632	3.765	13.691	0	19.512	16.496	7.716	5.78	0	6.832	7.511	3.951	0.747	0	0.643	0.641	0.964	0.736	0	0.637	0.658	0.929	0.667	0	0.667	0.381	0.833	0	0.5	0	0	0.25	0	0	0	0	0	0.898	0.125
0	0	0	0	0	1.834	0	0.887	1.794	0	1.834	0	0.887	1.794	0	0	0	0	0	0	0	0	0	0	0	0	0	0	0	0	0	0	0	0	0	0	0	0	0	0	0.556	0.238
0	0	0	0	0	0	0	0	0	0	0	0	0	0	0	0	0	0	0	0	0	0	0	0	0	0	0	0	0	0	0	0	0	0	0	0	0	0.8	0	0.5	0.296	0.464
2.74	0	0	1.852	0	4.654	0	0.886	2.751	0	2.801	0	0.886	1.847	0	0.5	0	0	0.333	0	0.5	0	0	0.333	0	0.333	0	0	0	0	0	0	0	0	0	0	0	0	0	0	0.418	0.493
0.949	1.798	0.901	5.119	8.366	0.949	4.739	0.901	5.403	6.883	0.949	3.85	0.901	6.563	6.393	0	1	0	0.964	0.778	0	0.9	0	1	0.762	0	0.5	0	0.667	0.733	0.2	0	0	0.6	0.2	0.2	0	0	0	0	0	0.585
0	0	-1	0	-1	0	0	-1	0	-1	0	0	-1	0	-1	0	0	-1	0	-1	0	0	-1	0	-1	0	0	-1	0	-1	0	0	-1	0	-1	0.143	0	-1	0	-1	0.897	0.998
0	0	0	0	0	0	0	0	0	0	0	0	0	0	0	0	0	0	0	0	0	0	0	0	0	0	0	0	0	0	0.571	0.2	0.4	1	0.857	0.429	0.4	0	0.333	0.857	0.299	0.498
0	0	9.419	0	0	0	0	11.433	0	0	0	0	2.01	0	0	0	0	0.742	0	0	0	0	0.712	0	0	0	0	1	0	0	0.143	0	0	0	0.143	0	0	0	0	0	0.716	0.399
2.021	0	8.766	0	6.422	2.021	0	8.763	0	7.668	1.025	0	2.193	0	1.246	1	0	0.933	0	1	1	0	0.917	0	0.964	0	0	0	0	0	0	0.857	0	0.4	0	0	0.857	0	0	0	0	0.637
0	0	2.834	0	0	0	0	3.747	0	0	0	0	0.912	0	0	0	0	0.5	0	0	0	0	0.5	0	0	0	0	0	0	0	0.4	0.8	0	0	0.714	0.4	0.8	0	0	0	0	0.528
4.644	0	14.329	0	1.837	6.644	0	15.361	0	2.937	2	0	0.942	0	1.1	0.571	0	0.717	0	0.667	0.571	0	0.717	0	0.667	0	0	0	0	0	0	0	0.111	0	0	0	0	0	0	0.2	0.556	0.499
1.837	14.329	0	4.644	0	2.937	15.361	0	6.644	0	1.1	0.942	0	2	0	0.667	0.717	0	0.571	0	0.667	0.717	0	0.571	0	0	0	0	0	0	0	0.111	0.6	0	0	0.2	0	0.6	0	0	0	0.163
0	6.759	0	0	0	0	5.875	0	0	0.928	0	4.01	0	0	0.928	0	0.857	0	0	0	0	0.867	0	0	0	0	0.5	0	0	0	0	0	0	0.25	0	0.2	0	0.2	0.75	0	0	0.451
0	0	0	0	0	0	0	0	0	0	0	0	0	0	0	0	0	0	0	0	0	0	0	0	0	0	0	0	0	0	0	0	0	0	0	0	0	0	0	0.667	0.059	0.901
0	0	0	0	0	0	0	0	0	0	0	0	0	0	0	0	0	0	0	0	0	0	0	0	0	0	0	0	0	0	0.75	0.8	0	0.143	0.143	0.25	1	0	0	0	0	0.892
0	0	0	0	0	0	0	0	0	0	0	0	0	0	0	0	0	0	0	0	0	0	0	0	0	0	0	0	0	0	0	0	0.25	0	0	0	0.2	0	0.5	0	0	0.550
0	0	3.702	2.74	0	0	0.886	4.603	4.654	0	0	0.886	1.837	2.801	0	0	0	0.7	0.5	0	0	0	0.7	0.5	0	0	0	0	0.333	0	0	0	0	0	0	0	0	0	0	0	0.299	0.122
8.766	2.021	6.422	0	0	8.763	2.021	7.668	0	0	2.193	1.025	1.246	0	0	0.933	1	1	0	0	0.917	1	0.964	0	0	0	0	0	0	0	0	0	0	0.857	0	0	0	0	0.857	0	0	0.500
0	0	0	0	0	0.912	0	0	0	0	0.912	0	0	0	0	0	0	0	0	0	0	0	0	0	0	0	0	0	0	0	0	0	0	0.333	0.8	0	0	0	0.333	0.8	0.556	0.272
0	0	0	13.671	28.217	1.823	0	1.855	17.705	33.868	1.823	0	1.855	10.823	11.318	1	0	1	0.536	0.373	1	0	1	0.536	0.365	1	0	1	0.236	0.289	0	0.2	0	0	0	0	0.2	0	0	0	0.118	0.166
8.608	3.765	0	14.925	0	12.833	7.716	0	19.512	0	6.24	3.951	0	6.832	0	0.782	0.964	0	0.643	0	0.769	0.929	0	0.637	0	0.733	0.833	0	0.667	0	0	0.25	0	0	0.143	0	0	0	0	0.286	0.294	0.317
0	0	0	0	8.442	0	0	0	0	11.235	0	0	0	0	5.572	0	0	0	0	0.5	0	0	0	0	0.5	0	0	0	0	0.067	0.143	0	0	0.2	0	0	0	0	0	0	0.418	0.361
24.807	0	0	0	22.135	30.835	0	0	0	22.501	10.319	0	0	0	9.885	0.401	0	0	0	0.463	0.377	0	0	0	0.489	0.306	0	0	0	0.333	0.667	0.5	1	0	0	1	0.75	0.8	0	0	0	0.406
0	0	28.217	0	0	1.855	1.823	33.868	0	0	1.855	1.823	11.318	0	0	1	1	0.373	0	0	1	1	0.365	0	0	1	1	0.289	0	0	0	0	0	0.2	0.2	0	0	0	0.2	0.2	0.56	0.210
0	2.74	0	0	3.702	0.886	4.654	0	0	4.603	0.886	2.801	0	0	1.837	0	0.5	0	0	0.7	0	0.5	0	0	0.7	0	0.333	0	0	0	0	0	0	0	0	0	0	0	0	0	0.556	0.236
0	7.516	0	0	0	0	8.53	0	0	0	0	0	0	0	0	0	0.833	0	0	0	0	0.806	0	0	0	0	0	0	0	0	0	0.2	0	0	0.143	0	0	0	0	0	0.718	0.729
0	0	0	13.695	0	1.027	0	0	15.616	0	1.027	0	0	6.027	0	0	0	0	0.517	0	0	0	0	0.492	0	0	0	0	0.2	0	0	0	0	0	0	0.111	0.4	0	0	0.2	0.299	0.371
0	0	0	0	0	0	0	0	0	0	0	0	0	0	0	0	0	0	0	0	0	0	0	0	0	0	0	0	0	0	1	1	0.75	0.6	0.25	1	1	0.75	0.4	0.75	0.298	0.948
0	28.217	0	0	5.491	0	33.868	1.828	1.855	8.625	0	11.318	1.828	1.855	4.04	0	0.373	1	1	0.722	0	0.365	1	1	0.722	0	0.289	1	1	0.5	0.2	0	0	0	0	0.2	0	0	0	0	0	0.416
13.458	0	0.956	0	0	12.36	0	0.956	0	0	4.287	0	0	0	0	0.736	0	0	0	0	0.727	0	0	0	0	0	0	0	0	0	0	0	0	0.2	0	0	0	0	0	0	0.294	0.474
29.284	14.412	0	0	15.146	31.593	18.674	0	0	20.556	12.183	6.079	0	0	6.394	0.321	0.608	0	0	0.616	0.306	0.602	0	0	0.611	0.182	0.267	0	0	0.467	0	0	0	0	0	0	0	0	0	0	0.299	0.473
0	0	0	1.805	0	0	0	0	1.805	0	0	0	0	0.893	0	0	0	0	1	0	0	0	0	1	0	0	0	0	0	0	0.4	0	0.6	0	0	0	0	0.4	0	0	0	0.537
0	0	0	0	0	0	0	0	0	0	0	0	0	0	0	0	0	0	0	0	0	0	0	0	0	0	0	0	0	0	0	0	0	0	0	0.8	0	0.5	0	1	0.12	0.657
0	0	0	0	0	0	0	0	0	0	0	0	0	0	0	0	0	0	0	0	0	0	0	0	0	0	0	0	0	0	0.6	0.4	0	0	0.8	0.4	0	0	0	0.8	0	0.848
0	0	0	0	0	0	0	0	0	0	0	0	0	0	0	0	0	0	0	0	0	0	0	0	0	0	0	0	0	0	0	0.75	0.143	0.8	0.8	0	0.25	0	1	1	0.556	0.270
0	0	0	0	0	0	0.887	0.894	1.834	0	0	0.887	0.894	1.834	0	0	0	0	0	0	0	0	0	0	0	0	0	0	0	0	0	0	0	0	0	0	0	0.333	0	0	0.714	0.340
0	0	0	0	0	0	0.912	0	0	0	0	0.912	0	0	0	0	0	0	0	0	0	0	0	0	0	0	0	0	0	0	0	0	0.8	0	0.4	0	0	0.8	0	0.4	0.716	0.286
1.798	5.119	0.949	2.672	0.901	4.739	5.403	0.949	3.866	0.901	3.85	6.563	0.949	2.097	0.901	1	0.964	0	1	0	0.9	1	0	1	0	0.5	0.667	0	0	0	0	0.6	0.2	0.625	0	0	0	0.2	0	0	0	0.355
3.765	14.925	8.608	9.887	0	7.716	19.512	12.833	13.691	0	3.951	6.832	6.24	5.78	0	0.964	0.643	0.782	0.747	0	0.929	0.637	0.769	0.736	0	0.833	0.667	0.733	0.667	0	0.25	0	0	0	0	0	0	0	0	0	0.415	0.371
0	0	2.021	0	8.766	0	0	2.021	0	8.763	0	0	1.025	0	2.193	0	0	1	0	0.933	0	0	1	0	0.917	0	0	0	0	0	0.857	0.4	0	0.571	0	0.857	0	0	0.429	0	0	0.950
0	0	0	0	0	0	0	0	0	0	0	0	0	0	0	0	0	0	0	0	0	0	0	0	0	0	0	0	0	0	0	0	0	0	0	0	0	0.667	0	0	0.559	0.915
6.591	0	0	15.146	0.971	8.465	0	0	20.556	0	4.799	0	0	6.394	1.937	0.944	0	0	0.616	1	0.944	0	0	0.611	0	0.5	0	0	0.467	1	0	0.2	0.857	0	0.4	0	0	0.429	0	0.4	0	0.251
6.422	8.766	0	2.021	0	7.668	8.763	0	2.021	0	1.246	2.193	0	1.025	0	1	0.933	0	1	0	0.964	0.917	0	1	0	0	0	0	0	0	0	0	0	0	0.4	0	0	0	0	0.2	0.196	0.456
0	0	0	0	6.759	0	0	0	0	5.875	0	0	0	0	4.01	0	0	0	0	0.857	0	0	0	0	0.867	0	0	0	0	0.5	0.75	1	0.25	1	0	0.75	1	0.75	1	0	0.415	0.703
0	8.608	0	3.765	20.304	0	12.833	0	7.716	21.521	0	6.24	0	3.951	10.832	0	0.782	0	0.964	0.522	0	0.769	0	0.929	0.576	0	0.733	0	0.833	0.4	0	0	0.143	0.25	0.4	0	0	0.286	0	0	0.557	0.413
0	0	0	4.005	0	0	0	0	5.004	0	0	0	0	1.941	0	0	0	0	1	0	0	0	0	1	0	0	0	0	1	0	0	0.2	0.143	0	0	0	0	0	0	0	0.558	0.580
0	13.671	0	0	0	0	17.705	1.823	0	1.855	0	10.823	1.823	0	1.855	0	0.536	1	0	1	0	0.536	1	0	1	0	0.236	1	0	1	0.2	0	0	0	0	0.2	0	0	0	0	0	0.622
0.901	0.949	8.366	1.798	0	0.901	0.949	6.883	4.739	0	0.901	0.949	6.393	3.85	0	0	0	0.778	1	0	0	0	0.762	0.9	0	0	0	0.733	0.5	0	0	0.2	0.2	0	0	0	0.2	0	0	0	0.559	0.556
0	0	0	0	0.947	0	0	0	0	0.947	0	0	0	0	0.947	0	0	0	0	0	0	0	0	0	0	0	0	0	0	0	0.25	0	0	0	0	0	0	0	0.2	0	0.415	0.393
0	0	0	0	0	0	0	0	0	0	0	0	0	0	0	0	0	0	0	0	0	0	0	0	0	0	0	0	0	0	0.25	1	0	0.25	0.667	0.75	1	0	0.5	1	0.296	0.811
14.412	0	29.284	5.783	0	18.674	0	31.593	9.952	0	6.079	0	12.183	5.077	0	0.608	0	0.321	0.867	0	0.602	0	0.306	0.867	0	0.267	0	0.182	0.5	0	0	0	0	0	0	0	0	0	0	0	0.716	0.301
28.217	0	0	0	0	33.868	1.855	0	1.823	1.828	11.318	1.855	0	1.823	1.828	0.373	1	0	1	1	0.365	1	0	1	1	0.289	1	0	1	1	0	0	0.2	0	0	0	0	0.2	0	0	0.195	0.423
0	0	0	7.877	0	0	0	0	11.01	0	0	0	0	8.136	0	0	0	0	0.709	0	0	0	0	0.709	0	0	0	0	0.286	0	0	0	0	0	0	0	0	0	0	0	0.296	0.363
14.329	4.644	1.837	0	0	15.361	6.644	2.937	0	0	0.942	2	1.1	0	0	0.717	0.571	0.667	0	0	0.717	0.571	0.667	0	0	0	0	0	0	0	0.111	0	0	0	0.6	0	0	0.2	0	0.6	0.414	0.456
0.956	13.458	0	0	0	0.956	12.36	0	0	0	0	4.287	0	0	0	0	0.736	0	0	0	0	0.727	0	0	0	0	0	0	0	0	0	0	0	0	0.2	0	0	0	0	0	0.556	0.267
0	0	0	0	0	0	0	0	0	0	0	0	0	0	0	0	0	0	0	0	0	0	0	0	0	0	0	0	0	0	0	0	0	0	0	0.5	0.8	1	0	0	0.417	0.720
0.971	0	9.122	6.591	13.632	0	0	13.153	8.465	16.496	1.937	0	7.163	4.799	7.511	1	0	0.756	0.944	0.641	0	0	0.744	0.944	0.658	1	0	0.429	0.5	0.381	0.4	0.857	0.25	0	0	0.4	0.429	0	0	0	0	0.593
0	0	0	0	0	0	0	0	0	0	0	0	0	0	0	0	0	0	0	0	0	0	0	0	0	0	0	0	0	0	0	0	0	0	0	0.667	0	0	0	0.2	0	0.922
0	0	0.947	0	0	0	0	0.947	0	0	0	0	0.947	0	0	0	0	0	0	0	0	0	0	0	0	0	0	0	0	0	0	0.25	0	0	0	0	0	0	0	0	0.557	0.438
0	0	20.304	8.608	0	0	0	21.521	12.833	0	0	0	10.832	6.24	0	0	0	0.522	0.782	0	0	0	0.576	0.769	0	0	0	0.4	0.733	0	0.143	0	0.4	0	0.2	0.286	0	0	0	0	0.418	0.257
7.516	0	0	0	0	8.53	0	0	0	0	0	0	0	0	0	0.833	0	0	0	0	0.806	0	0	0	0	0	0	0	0	0	0.2	0	0	0	0	0	0	0	0	0	0.296	0.297
0	0	0	0	0	0	0	0	0	0	0	0	0	0	0	0	0	0	0	0	0	0	0	0	0	0	0	0	0	0	0	0.6	0.8	0.4	0.2	0	0.4	0.8	0	0	0	0.846
0	0	0	0	0	0	0	0	0	0	0	0	0	0	0	0	0	0	0	0	0	0	0	0	0	0	0	0	0	0	1	0.6	1	0.667	0.75	1	0.4	1	1	0.75	0.298	0.940
0.908	8.442	1.852	0	0	1.814	11.235	2.751	0	0	0.907	5.572	1.847	0	0	1	0.5	0.333	0	0	1	0.5	0.333	0	0	0	0.067	0	0	0	0.667	0	0	0	0	0	0	0	0	0	0.559	0.511
0	0	10.004	0	0	0	0	6.843	0	0	0	0	7.244	0	0	0	0	0.8	0	0	0	0	0.81	0	0	0	0	0.571	0	0	0.6	0	0	0	0.4	0	0	0	0	0.6	0	0.689
0	0	6.759	0	0	0	0	5.875	0	0	0	0	4.01	0	0	0	0	0.857	0	0	0	0	0.867	0	0	0	0	0.5	0	0	0.25	0.75	0	1	0	0.75	0.75	0	1	0.2	0.296	0.595
0	2.834	0	0	0	0	3.747	0	0	0	0	0.912	0	0	0	0	0.5	0	0	0	0	0.5	0	0	0	0	0	0	0	0	0.714	0	1	0.4	0.2	0	0	0.333	0.4	0.4	0.557	0.646
0	5.783	14.412	0	29.284	0	9.952	18.674	0	31.593	0	5.077	6.079	0	12.183	0	0.867	0.608	0	0.321	0	0.867	0.602	0	0.306	0	0.5	0.267	0	0.182	0	0	0	0.2	0	0	0	0	0.2	0	0.718	0.419
10.004	0	0	0	0	6.843	0	0	0	0	7.244	0	0	0	0	0.8	0	0	0	0	0.81	0	0	0	0	0.571	0	0	0	0	0	0.6	0.4	0	0.25	0	0	0.6	0	0.5	0	0.435
0	0	13.695	0	0	0	0.894	15.616	0	0	0	0.894	6.027	0	0	0	0	0.517	0	0	0	0	0.492	0	0	0	0	0.2	0	0	0	0	0	0	0	0	0.333	0	0	0.4	0.557	0.231
0	0	4.005	9.419	0	0	0	5.004	11.433	0	0	0	1.941	2.01	0	0	0	1	0.742	0	0	0	1	0.712	0	0	0	1	1	0	0.2	0.143	0	0	0.2	0	0	0	0	0	0.056	0.428
0	6.422	0	8.766	0	0	7.668	0	8.763	0	0	1.246	0	2.193	0	0	1	0	0.933	0	0	0.964	0	0.917	0	0	0	0	0	0	0	0	0.4	0	0.25	0	0	0.2	0	0	0	0.538
0	0	5.783	38.335	0	0	0	9.952	42.987	0	0	0	5.077	10.002	0	0	0	0.867	0.284	0	0	0	0.867	0.272	0	0	0	0.5	0.139	0	0.2	0.429	0	0	0	0.2	0	0	0	0	0	0.732
0	0	0	1.837	24.807	0	0	0	2.937	30.835	0	0	0	1.1	10.319	0	0	0	0.667	0.401	0	0	0	0.667	0.377	0	0	0	0	0.306	0	0.6	0.5	0	0.667	0	0.6	0.75	0.2	1	0	0.607
0	0	0	0	0	0	0	0	0	0	0	0	0	0	0	0	0	0	0	0	0	0	0	0	0	0	0	0	0	0	0	0.25	0.667	1	0.6	0	0.75	1	1	0.4	0.713	0.935
0	0	7.877	22.029	0	0.923	1.838	11.01	27.279	0	0.923	1.838	8.136	8.323	0	0	1	0.709	0.459	0	0	1	0.709	0.45	0	0	1	0.286	0.286	0	0	0	0	0	0	0	0	0	0	0	0.898	0.260
0	0	0	0	0	0.887	1.834	0	0	0.894	0.887	1.834	0	0	0.894	0	0	0	0	0	0	0	0	0	0	0	0	0	0	0	0	0	0	0	0	0	0	0	0	0.333	0.116	0.324
0	0.956	0	13.458	23.447	0	0.956	0	12.36	23.447	0	0	0	4.287	1.1	0	0	0	0.736	0.46	0	0	0	0.727	0.442	0	0	0	0	0	0	0	0.2	0	0	0	0	0	0	0	0.296	0.275
0	0	0	0	7.516	0	0	0	0	8.53	0	0	0	0	0	0	0	0	0	0.833	0	0	0	0	0.806	0	0	0	0	0	0	0	0	0	0.2	0	0	0	0	0	0.718	0.291
0	0	0	0	0	0	0	0	0	0	0	0	0	0	0	0	0	0	0	0	0	0	0	0	0	0	0	0	0	0	0	0	0	0	0	0	0.667	0	0	0	0.558	0.828
0	0	0	0	0	0	1.027	0	0	0	0	1.027	0	0	0	0	0	0	0	0	0	0	0	0	0	0	0	0	0	0	0	0	0	0	0	0	0.111	0.2	0.4	0.5	0	0.532
0	0	0	0	0	0	0	0	0	0	0	0	0	0	0	0	0	0	0	0	0	0	0	0	0	0	0	0	0	0	0	0	0	0	0	0	0.2	0	0	0	0.116	0.975
0	0	8.442	0	0.908	0	0	11.235	0	1.814	0	0	5.572	0	0.907	0	0	0.5	0	1	0	0	0.5	0	1	0	0	0.067	0	0	0	0.143	0	0	0.667	0	0	0	0	0	0	0.584
0.947	0	0	0	0	0.947	0	0	0	0	0.947	0	0	0	0	0	0	0	0	0	0	0	0	0	0	0	0	0	0	0	0	0	0	0.25	0	0	0	0	0	0	0.42	0.231
0	6.591	0.971	0	9.122	0	8.465	0	0	13.153	0	4.799	1.937	0	7.163	0	0.944	1	0	0.756	0	0.944	0	0	0.744	0	0.5	1	0	0.429	0.857	0	0.4	0.2	0.25	0.429	0	0.4	0	0	0.299	0.591
8.366	0.901	0	0.949	1.805	6.883	0.901	0	0.949	1.805	6.393	0.901	0	0.949	0.893	0.778	0	0	0	1	0.762	0	0	0	1	0.733	0	0	0	0	0.2	0	0	0.2	0	0	0	0	0.2	0	0.014	0.431
0	0	7.516	0	0	0	0	8.53	0	0	0	0	0	0	0	0	0	0.833	0	0	0	0	0.806	0	0	0	0	0	0	0	0	0	0.2	0	0	0	0	0	0	0	0.897	0.435
0	0	0	0	13.695	0.894	0	0	0.887	15.616	0.894	0	0	0.887	6.027	0	0	0	0	0.517	0	0	0	0	0.492	0	0	0	0	0.2	0	0	0	0	0	0.333	0	0	0	0	0.059	0.388
0	0	0	0	0	0	0.928	1.794	0	0	0	0.928	1.794	0	0	0	0	0	0	0	0	0	0	0	0	0	0	0	0	0	0.25	0	0	0	0	0	0	0	0.2	0	0	0.719
2.834	0	0	0	0	3.747	0	0	0	0	0.912	0	0	0	0	0.5	0	0	0	0	0.5	0	0	0	0	0	0	0	0	0	0	0.4	0.714	0.8	1	0	0.4	0	0.8	0.333	0.417	0.232
0	0	0	0	0	0	0	0	0	0	0	0	0	0	0	0	0	0	0	0	0	0	0	0	0	0	0	0	0	0	0	0	0	0	0	0	0.667	0.2	0	0	0	0.924
0	1.837	0	14.329	0	0	2.937	0	15.361	0	0	1.1	0	0.942	0	0	0.667	0	0.717	0	0	0.667	0	0.717	0	0	0	0	0	0	0.6	0	0	0.111	0.5	0.6	0.2	0	0	0.75	0	0.663
0	0	0	0	0	0	0	0	0	0.912	0	0	0	0	0.912	0	0	0	0	0	0	0	0	0	0	0	0	0	0	0	0.333	0	0	0.8	0	0.333	0	0	1	0	0.117	0.777
5.783	0	0	0	14.412	9.952	0	0	0	18.674	5.077	0	0	0	6.079	0.867	0	0	0	0.608	0.867	0	0	0	0.602	0.5	0	0	0	0.267	0	0.2	0	0.429	0	0	0.2	0	0	0	0	0.258
0	0	23.447	0.956	0	0	0	23.447	0.956	0	0	0	1.1	0	0	0	0	0.46	0	0	0	0	0.442	0	0	0	0	0	0	0	0.2	0	0	0	0.143	0	0	0	0	0	0	0.875
0	10.004	0	0	0	0	6.843	0	0	0	0	7.244	0	0	0	0	0.8	0	0	0	0	0.81	0	0	0	0	0.571	0	0	0	0.4	0	0.25	0.6	1	0.6	0	0.5	0	1	0	0.621
0	38.335	0	0	5.783	0	42.987	0	0	9.952	0	10.002	0	0	5.077	0	0.284	0	0	0.867	0	0.272	0	0	0.867	0	0.139	0	0	0.5	0.429	0	0.2	0.25	0	0	0	0.2	0	0	0.418	0.752
0	0	0	0	0	0	0	0	0	0	0	0	0	0	0	0	0	0	0	0	0	0	0	0	0	0	0	0	0	0	0	0	0	0	0	0.2	0	0	0.667	0	0.419	0.941
0	0	0	0	0	0	0	0	0	0	0	0	0	0	0	0	0	0	0	0	0	0	0	0	0	0	0	0	0	0	0.8	0	0.2	0.6	0	0.8	0	0	0.4	0	0	0.731
0	0	0	0	0	0	0	0	1.027	0	0	0	0	1.027	0	0	0	0	0	0	0	0	0	0	0	0	0	0	0	0	0	0	0	0	0	0.2	0	0.5	0.111	0.2	0.298	0.492
0	1.852	2.74	0.908	0	0	2.751	4.654	1.814	0.886	0	1.847	2.801	0.907	0.886	0	0.333	0.5	1	0	0	0.333	0.5	1	0	0	0	0.333	0	0	0	0	0	0.667	0	0	0	0	0	0	0	0.519
0	0	0	6.422	38.335	0	0	0	7.668	42.987	0	0	0	1.246	10.002	0	0	0	1	0.284	0	0	0	0.964	0.272	0	0	0	0	0.139	0.4	0	0.25	0	0	0.2	0	0	0	0	0	0.479
0	0	0	0	0	0	0	0	0	0	0	0	0	0	0	0	0	0	0	0	0	0	0	0	0	0	0	0	0	0	0.143	0	0.8	0.75	0	0	0	1	0.25	0	0.897	0.285
8.442	0	0.908	0	1.852	11.235	0	1.814	0	2.751	5.572	0	0.907	0	1.847	0.5	0	1	0	0.333	0.5	0	1	0	0.333	0.067	0	0	0	0	0	0	0.667	0.143	0	0	0	0	0	0	0.198	0.253
0	0	0	0	0	0	0	0	0	0	0	0	0	0	0	0	0	0	0	0	0	0	0	0	0	0	0	0	0	0	0	0	0	0	0	0.667	0	0	0.286	0	0	0.761
0	0	0	0	0	0	0	0.912	0	0	0	0	0.912	0	0	0	0	0	0	0	0	0	0	0	0	0	0	0	0	0	0	0.333	0	0	0	0	0.333	0	0	0	0.415	0.287
7.877	0	0	0	0	11.01	0.923	0	1.838	0	8.136	0.923	0	1.838	0	0.709	0	0	1	0	0.709	0	0	1	0	0.286	0	0	1	0	0	0	0	0	0	0	0	0	0	0	0.899	0.264
0	0	0	0	0	1.794	0	0	0.928	1.834	1.794	0	0	0.928	1.834	0	0	0	0	0	0	0	0	0	0	0	0	0	0	0	0	0.25	0	0	0	0	0	0	0	0	0.292	0.387
0	0	0	0	0	0	0	0	0	0	0	0	0	0	0	0	0	0	0	0	0	0	0	0	0	0	0	0	0	0	0	0	0	0	0	0	0	0	0	0	0	0.881
0	0	0	0	2.021	0	0	0	0	2.021	0	0	0	0	1.025	0	0	0	0	1	0	0	0	0	1	0	0	0	0	0	0.4	0.571	0.857	0.2	0	0	0.429	0.857	0.4	0	0	0.597
13.632	9.122	0	0.971	9.887	16.496	13.153	0	0	13.691	7.511	7.163	0	1.937	5.78	0.641	0.756	0	1	0.747	0.658	0.744	0	0	0.736	0.381	0.429	0	1	0.667	0	0.25	0.5	0.4	0	0	0	0	0.4	0	0.197	0.514
0	0	0	0	0	0	0	0	0	0	0	0	0	0	0	0	0	0	0	0	0	0	0	0	0	0	0	0	0	0	0	0	0	0	0	0.5	0.2	0.2	0	0	0.417	0.385
0	0	0	0	0	0	0	0	0	0	0	0	0	0	0	0	0	0	0	0	0	0	0	0	0	0	0	0	0	0	0	0	0	0	0	0	0.286	0.667	0	0	0.197	0.548
0	24.807	22.135	0	2.672	0	30.835	22.501	0	3.866	0	10.319	9.885	0	2.097	0	0.401	0.463	0	1	0	0.377	0.489	0	1	0	0.306	0.333	0	0	1	0.667	0	0.5	0.625	0.8	1	0	0.75	0	0	0.903
0	0	0	0	-1	0	0	0	0	-1	0	0	0	0	-1	0	0	0	0	-1	0	0	0	0	-1	0	0	0	0	-1	0	0	0	0	-1	0	0	0.143	0	-1	0.893	0.994
0	0	0	2.834	0	0	0	0	3.747	0	0	0	0	0.912	0	0	0	0	0.5	0	0	0	0	0.5	0	0	0	0	0	0	1	0.714	0.2	0	0.571	0.333	0	0.4	0	0.429	0.197	0.948
0	13.632	9.887	9.122	14.925	0	16.496	13.691	13.153	19.512	0	7.511	5.78	7.163	6.832	0	0.641	0.747	0.756	0.643	0	0.658	0.736	0.744	0.637	0	0.381	0.667	0.429	0.667	0.5	0	0	0.25	0	0	0	0	0	0	0.894	0.499
3.702	0	0	0	0	4.603	0	0	0.886	0	1.837	0	0	0.886	0	0.7	0	0	0	0	0.7	0	0	0	0	0	0	0	0	0	0	0	0	0	0	0	0	0	0	0	0.055	0.248
0	0	0	-1	10.004	0	0	0	-1	6.843	0	0	0	-1	7.244	0	0	0	-1	0.8	0	0	0	-1	0.81	0	0	0	-1	0.571	0	0	0.6	-1	0	0	0	0	-1	0	0.195	0.629
22.029	5.491	0	0	0	27.279	8.625	1.838	1.828	0.923	8.323	4.04	1.838	1.828	0.923	0.459	0.722	1	1	0	0.45	0.722	1	1	0	0.286	0.5	1	1	0	0	0	0	0	0	0	0	0	0	0	0.714	0.389
0	8.366	1.805	0.901	0	0	6.883	1.805	0.901	0	0	6.393	0.893	0.901	0	0	0.778	1	0	0	0	0.762	1	0	0	0	0.733	0	0	0	0	0.2	0	0	0	0	0	0	0	0	0.294	0.648
38.335	0	0	0	0	42.987	0	0	0	0	10.002	0	0	0	0	0.284	0	0	0	0	0.272	0	0	0	0	0.139	0	0	0	0	0	0.25	0.429	0.4	0.2	0	0	0	0.2	0.2	0	0.269
20.304	0	0	0	0	21.521	0	0	0	0	10.832	0	0	0	0	0.522	0	0	0	0	0.576	0	0	0	0	0.4	0	0	0	0	0.4	0.143	0.2	0	0	0	0.286	0	0	0	0	0.518
0	0	0	6.759	0	0	0	0.928	5.875	0	0	0	0.928	4.01	0	0	0	0	0.857	0	0	0	0	0.867	0	0	0	0	0.5	0	0	0	0	0	0.25	0.2	0.2	0	0	0	0.556	0.272
0	0	0	10.004	0	0	0	0	6.843	0	0	0	0	7.244	0	0	0	0	0.8	0	0	0	0	0.81	0	0	0	0	0.571	0	0.25	0.4	1	0	0.25	0.5	0.6	1	0	0.75	0	0.766
0	0	0	0.947	0	0	0	0	0.947	0	0	0	0	0.947	0	0	0	0	0	0	0	0	0	0	0	0	0	0	0	0	0	0	0	0	0	0	0	0	0	0	0.119	0.510
0	0	0	0	0	0	0	0	0	0	0	0	0	0	0	0	0	0	0	0	0	0	0	0	0	0	0	0	0	0	0.2	1	0.571	0.714	0.4	0.4	0.333	0.429	0	0	0	0.401
0	20.304	0	0	13.671	0	21.521	0	0	17.705	0	10.832	0	0	10.823	0	0.522	0	0	0.536	0	0.576	0	0	0.536	0	0.4	0	0	0.236	0.2	0.4	0	0.143	0	0	0	0	0.286	0	0	0.420
9.122	0.971	13.632	0	0	13.153	0	16.496	0	0	7.163	1.937	7.511	0	0	0.756	1	0.641	0	0	0.744	0	0.658	0	0	0.429	1	0.381	0	0	0.25	0.4	0	0.857	0.5	0	0.4	0	0.429	0	0.294	0.238
0	0.947	0	0	0	0	0.947	0	0	0	0	0.947	0	0	0	0	0	0	0	0	0	0	0	0	0	0	0	0	0	0	0	0	0	0	0	0	0	0	0	0	0.714	0.264
0	0	0	0	0	0	0	0	0	0	0	0	0	0	0	0	0	0	0	0	0	0	0	0	0	0	0	0	0	0	1	0.25	0.25	0.4	0	1	0.5	0.75	0.6	0	0	0.932
0	0	0	0	13.458	0	0	0	0	12.36	0	0	0	0	4.287	0	0	0	0	0.736	0	0	0	0	0.727	0	0	0	0	0	0.2	0.8	0	0	0	0	0.8	0	0	0	0	0.469
1.852	0.908	0	8.442	2.74	2.751	1.814	0	11.235	4.654	1.847	0.907	0	5.572	2.801	0.333	1	0	0.5	0.5	0.333	1	0	0.5	0.5	0	0	0	0.067	0.333	0	0.667	0	0	0	0	0	0	0	0	0.198	0.240
0	3.702	0	0	4.644	0	4.603	0	0	6.644	0	1.837	0	0	2	0	0.7	0	0	0.571	0	0.7	0	0	0.571	0	0	0	0	0	0	0	0	0	0	0	0	0	0	0	0.717	0.154
0	0	0	0	0	0	0	0	0	0	0	0	0	0	0	0	0	0	0	0	0	0	0	0	0	0	0	0	0	0	0	0	0	0	0	1	0.5	0	0.8	0.286	0	0.693
23.447	0	0	0	0	23.447	0	0	0	0	1.1	0	0	0	0	0.46	0	0	0	0	0.442	0	0	0	0	0	0	0	0	0	0	0.2	0.143	0	0.8	0	0	0	0	1	0.298	0.339
5.119	2.672	1.798	22.135	0.949	5.403	3.866	4.739	22.501	0.949	6.563	2.097	3.85	9.885	0.949	0.964	1	1	0.463	0	1	1	0.9	0.489	0	0.667	0	0.5	0.333	0	0.6	0.625	0	0	0.2	0	0	0	0	0.2	0.12	0.507
0	0	38.335	0	0	0	0	42.987	0	0	0	0	10.002	0	0	0	0	0.284	0	0	0	0	0.272	0	0	0	0	0.139	0	0	0.25	0.4	0	0	0.429	0	0.2	0	0	0	0	0.504
0	22.029	0	5.491	7.877	1.838	27.279	0.923	8.625	11.01	1.838	8.323	0.923	4.04	8.136	1	0.459	0	0.722	0.709	1	0.45	0	0.722	0.709	1	0.286	0	0.5	0.286	0	0	0	0	0	0	0	0	0	0	0.197	0.221
0	-1	0	-1	0	0	-1	0	-1	0	0	-1	0	-1	0	0	-1	0	-1	0	0	-1	0	-1	0	0	-1	0	-1	0	0	-1	0	-1	0.6	0	-1	0	-1	0	0.298	0.824
0	0	0	0	0	0	0	0	0	0	0	0	0	0	0	0	0	0	0	0	0	0	0	0	0	0	0	0	0	0	0.8	0.143	0	0	0.333	1	0	0	0	0.333	0.298	0.939
0	9.419	0	0	4.005	0	11.433	0	0	5.004	0	2.01	0	0	1.941	0	0.742	0	0	1	0	0.712	0	0	1	0	1	0	0	1	0.143	0	0.2	0.143	0	0	0	0	0	0	0.418	0.361
0	0	0	0	0	0	0	0	0	0	0	0	0	0	0	0	0	0	0	0	0	0	0	0	0	0	0	0	0	0	0	0	0	0	0	0	0	0	0	0	0.417	0.306
0	13.695	0	0	0	0	15.616	1.027	0	0	0	6.027	1.027	0	0	0	0.517	0	0	0	0	0.492	0	0	0	0	0.2	0	0	0	0	0	0	0	0	0.4	0	0.111	0	0	0	0.477
0	0	0	0	0	0	0	0	0	0	0	0	0	0	0	0	0	0	0	0	0	0	0	0	0	0	0	0	0	0	0	0	0	0	0.25	0.2	0.5	0	0.2	0	0	0.380
0	0	0	0	0	0.928	0	0	0	1.794	0.928	0	0	0	1.794	0	0	0	0	0	0	0	0	0	0	0	0	0	0	0	0	0	0.25	0	0	0	0.2	0	0.2	0	0.195	0.221
0	0	0	0	0	0	0	0	0	0	0	0	0	0	0	0	0	0	0	0	0	0	0	0	0	0	0	0	0	0	0.667	0	0.6	0.25	1	1	0	0.4	0.75	1	0.298	0.903
0	0	0	0	0	0	0	0	0	0	0	0	0	0	0	0	0	0	0	0	0	0	0	0	0	0	0	0	0	0	0	0	0	0	0	0.286	0	0	1	0.667	0.557	0.587
0	0	0	0	0	0	0	0	0	0	0	0	0	0	0	0	0	0	0	0	0	0	0	0	0	0	0	0	0	0	0	0	0	0	0	0	0	0	0.2	0.143	0.893	0.976
