0	0.86	0	3.37	0	0	0	0	3.37	0	0	0.86	0	0.869	0	0	0	0	1	0	0	0	0	1	0	0	0	0	0	0	0.2	0	0	0	0.667	0	0	0	0	0.667	0.718	0.324
4.312	5.229	4.767	7.866	0	7.852	9.828	9.288	14.797	0	5.293	6.445	8.403	8.872	0	0.806	0.782	0.8	0.695	0	0.75	0.764	0.733	0.686	0	0.733	0.667	0.639	0.556	0	0	0	0	0	0	0	0	0	0	0	0.556	0.168
0	0	-1	0	-1	0	0	-1	0	-1	0	0	-1	0	-1	0	0	-1	0	-1	0	0	-1	0	-1	0	0	-1	0	-1	0	0	-1	0	-1	0	0	-1	0	-1	0.897	0.998
7.211	0	0	0	0	8.341	0	0	0	0	3.96	0	0	0	0	0.306	0	0	0	0	0.306	0	0	0	0	0.333	0	0	0	0	0.2	0	0	0	0	0	0	0	0	0	0	0.237
0	0	0	7.018	0	0	0	0	9.004	0	0	0	0	3.812	0	0	0	0	0.689	0	0	0	0	0.667	0	0	0	0	0.5	0	0	0.25	0	0	0	0	0.25	0	0	0	0.718	0.584
20.583	15.721	35.954	24.766	10.713	28.746	21.628	39.086	30.039	19.789	15.315	10.87	19.094	12.897	11.086	0.499	0.645	0.262	0.479	0.663	0.49	0.628	0.257	0.463	0.658	0.423	0.533	0.342	0.418	0.6	0	0	0.25	0	0	0	0	0.25	0	0	0	0.160
0	0	0	0	0	0	0	0	0	0	0	0	0	0	0	0	0	0	0	0	0	0	0	0	0	0	0	0	0	0	1	0.4	0.6	0	0	1	0.2	0.6	0	0	0.294	0.867
0	0	0	7.144	3.45	0	0	0	6.318	2.612	0	1.028	0	3.635	1.68	0	0	0	0.6	0.6	0	0	0	0.714	1	0	0	0	0.5	0	0.4	0.2	0	0.375	0	0.2	0	0	0	0	0	0.708
0.86	0	0	5.916	0	0	0	0	5.916	0	0.86	0	0	2.552	0	0	0	0	0.762	0	0	0	0	0.762	0	0	0	0	0.667	0	0.2	0.25	0.2	0	0.2	0.2	0	0	0	0	0	0.400
0.824	0	0	0	0	0.824	0	0	0	0	0	0	0	0	0	0	0	0	0	0	0	0	0	0	0	0	0	0	0	0	0	0	0	0	0	0	0	0	0	0	0.117	0.179
0	0	0	5.162	0	0.939	0	0	7.867	0	0.939	0	0	6.146	0	0	0	0	0.667	0	0	0	0	0.639	0	0	0	0	0.571	0	0.2	0	0	0	0	0	0	0	0	0.2	0.197	0.271
0	7.211	0	0	1.725	0	8.341	0	0	2.854	0	3.96	0	0	2.858	0	0.306	0	0	0.167	0	0.306	0	0	0.333	0	0.333	0	0	0.333	0	0.2	0	0	0.333	0	0	0	0	0	0.556	0.363
22.364	0	24.766	0	15.721	25.348	0	30.039	0	21.628	14.186	0	12.897	0	10.87	0.591	0	0.479	0	0.645	0.572	0	0.463	0	0.628	0.424	0	0.418	0	0.533	0.2	0	0	0	0	0	0	0	0	0	0	0.245
18.131	6.222	17.81	10.713	3.973	28.326	15.018	27.159	19.789	11.339	17.404	11.611	18.439	11.086	10.419	0.556	0.752	0.442	0.663	0.8	0.541	0.733	0.413	0.658	0.764	0.448	0.545	0.368	0.6	0.578	0	0.333	0	0	0	0	0	0	0	0	0.196	0.163
10.93	15.897	14.172	16.031	23.638	17.224	19.92	25.026	23.096	36.64	12.895	11.42	12.27	7.065	14.078	0.833	0.647	0.69	0.754	0.399	0.879	0.676	0.671	0.719	0.383	0.444	0.5	0.429	0.5	0.389	0.625	0	0.333	0.4	0.4	0.25	0	0	0	0.2	0.715	0.366
0	0	0	0	0	0	0	0	0	0	0	0	0	0	0	0	0	0	0	0	0	0	0	0	0	0	0	0	0	0	0	0	0	0	0	0	0	0	0	0	0.197	0.605
5.916	0	0	0	0.86	5.916	0	0	0	0	2.552	0	0	0	0.86	0.762	0	0	0	0	0.762	0	0	0	0	0.667	0	0	0	0	0	0	0.25	0	0.2	0	0	0	0	0.2	0	0.655
0	1.015	1.809	0.934	0.893	0	1.015	0.891	0	0	0	1.015	0.917	0.934	0.893	0	0	0	0	0	0	0	0	0	0	0	0	0	0	0	0	0	0.25	0	0.2	0	0	0	0	0	0.419	0.270
0	0	2.648	0.849	0	0	0	3.484	0	0	0	0	3.484	1.806	0	0	0	0.333	1	0	0	0	0.333	0	0	0	0	0.333	0	0	0.25	0.5	0.4	0.667	0.571	0	0.25	0	0.667	0.714	0	0.737
0	0	0	0	1.671	0.999	0	0	0	2.67	0.999	0	0	0	0.999	0	0	0	0	0.333	0	0	0	0	0.333	0	0	0	0	0	0	0	0	0	0	0	0	0	0	0	0.42	0.165
0	0	0.83	2.648	0	0	0	2.491	3.484	0	0	0	2.491	3.484	0	0	0	0.333	0.333	0	0	0	0.333	0.333	0	0	0	0.333	0.333	0	0	0.571	0	0.4	0	0	0.714	0	0	0	0	0.535
0	0	0	0	0	0	0	0	0	0	0	0	0	0	0	0	0	0	0	0	0	0	0	0	0	0	0	0	0	0	0	0	0	0	0	0	0	0	0	0	0.556	0.807
0	2.755	0	3.453	0	0	2.755	0	2.468	1.692	0	2.755	0	2.628	1.692	0	0.667	0	0.333	0	0	0.667	0	0	0	0	0.667	0	0.333	0	0.5	0	0	0.143	0.2	0	0	0	0.429	0	0	0.670
0	0	0	0	0	0	0	0	4	0	0	0	0	4	0	0	0	0	0.5	0	0	0	0	0.167	0	0	0	0	0.5	0	0	0	0	0	0	0	0	0	0	0.2	0.419	0.985
0	0	0	0	0	0	0	0	0	0	0	0	0	0	0	0	0	0	0	0	0	0	0	0	0	0	0	0	0	0	0	0	0	0	0	0	0	0	0	0	0.417	0.544
0	1.851	4.552	0	0	0	2.843	3.563	0	0	0	1.986	4.552	0	0	0	0.667	0.4	0	0	0	0.667	0.333	0	0	0	1	0.3	0	0	0.2	0	0	0	0	0	0	0	0	0	0	0.479
0	0	2.57	0.826	0	0	0	2.57	0	0	0	0	0.957	0.826	0	0	0	0.667	0	0	0	0	0.667	0	0	0	0	0	0	0	0.2	0	0.6	0	0	0.2	0	0.6	0	0	0	0.365
0	0	0	2.755	0	0	0	1.692	2.755	0	0	0	1.692	2.755	0	0	0	0	0.667	0	0	0	0	0.667	0	0	0	0	0.667	0	0	0.5	0.2	0	0	0	0	0	0	0	0.198	0.242
0	0	0	0	7.211	0	0	0	0	8.341	0	0	0	0	3.96	0	0	0	0	0.306	0	0	0	0	0.306	0	0	0	0	0.333	0	0.2	0	0	0.2	0	0	0	0	0	0.197	0.161
0	0	0	0	3.453	0	0	0	0	2.468	0	0.843	0	0	2.628	0	0	0	0	0.333	0	0	0	0	0	0	0	0	0	0.333	0.4	0.25	0.2	0.4	0.143	0.2	0.5	0.2	0.6	0.429	0	0.476
0	15.245	5.991	0	0	0	15.279	7.937	0	0	0	4.685	3.658	0	0.918	0	0.281	0.2	0	0	0	0.316	0.222	0	0	0	0.1	0	0	0	0	0.625	0.25	0.75	0.2	0	0.375	0	0.75	0.8	0.556	0.335
0	0	0	0	0	0	0	0	0	0	0	0	0	0	0	0	0	0	0	0	0	0	0	0	0	0	0	0	0	0	0	0	0	0	0	0	0	0	0	0	0.898	0.178
0	0	0	5.183	0.832	3.989	4.245	3.029	10.366	6.234	3.989	5.272	3.029	7.819	5.417	0.667	0.5	0.667	0.273	0.238	0.667	0.333	0.333	0.273	0.238	0.5	0.4	0.667	0.25	0.2	0	0	0	0	0	0	0	0	0	0	0.718	0.200
0.848	0	1.691	6.085	0	2.602	0.863	3.828	9.915	0	1.754	0.863	2.981	5.58	0	0.667	0	0.833	0.236	0	0.667	0	0.833	0.236	0	0	0	0.667	0.067	0	0	0	0	0	0	0	0	0	0	0	0.3	0.221
0	1.529	1.76	0	0	0	1.529	0.842	0	0	0	1.529	1.76	0	0	0	0	0	0	0	0	0	0	0	0	0	0	0	0	0	0	0.333	0	1	0	0	0.222	0	1	0	0	0.754
25.844	0	1.678	0	7.144	23.215	0	0.83	0	6.318	11.43	0	1.678	0	3.635	0.269	0	1	0	0.6	0.267	0	0	0	0.714	0.182	0	1	0	0.5	0.5	0	0	0	0.375	0.375	0	0	0	0	0	0.335
1.809	0	0.893	1.015	0	0.891	0	0	1.015	0	0.917	0	0.893	1.015	0	0	0	0	0	0	0	0	0	0	0	0	0	0	0	0	0.25	0	0.2	0	0	0	0	0	0	0	0	0.543
0	1.7	0	0	0	0	1.7	0	0	0	0	1.7	0	0	0	0	1	0	0	0	0	1	0	0	0	0	1	0	0	0	0	0	0.6	0.4	0	0	0	0	0.2	0	0.299	0.291
0	0	0.824	0.928	0	0	0	0.824	0.928	0	0	0	0	0.928	0	0	0	0	0	0	0	0	0	0	0	0	0	0	0	0	0	0	0	0.5	0	0	0	0	0	0	0.557	0.187
0	0	35.658	0.82	0	0	0	33.84	1.678	0	0	0	7.522	1.678	0	0	0	0.165	1	0	0	0	0.179	1	0	0	0	0.071	1	0	0	0	0	0	0.875	0	0	0	0	0.75	0.715	0.291
0	0	0	0	0	0	0	0	0	0	0	0	0	0	0	0	0	0	0	0	0	0	0	0	0	0	0	0	0	0	0	0	0	0	0	0	0	0	0	0	0.718	0.161
0	0.819	0	0	0	0	0.819	0	0	0	0	0.819	0	0	0	0	0	0	0	0	0	0	0	0	0	0	0	0	0	0	0	0	0	0	0	0	0	0	0	0	0	0.470
5.229	7.866	4.312	15.544	4.767	9.828	14.797	7.852	19.122	9.288	6.445	8.872	5.293	13.621	8.403	0.782	0.695	0.806	0.557	0.8	0.764	0.686	0.75	0.62	0.733	0.667	0.556	0.733	0.41	0.639	0	0	0	0	0	0	0	0	0	0	0.716	0.260
0	0	1.725	7.211	0	0	0	2.854	8.341	0	0	0	2.858	3.96	0	0	0	0.167	0.306	0	0	0	0.333	0.306	0	0	0	0.333	0.333	0	0	0	0.333	0.2	0.75	0	0	0	0	1	0.893	0.431
0	0	0	0	0	0	0	0	0	0	0	0	0	0	0	0	0	0	0	0	0	0	0	0	0	0	0	0	0	0	0	0.333	0	0.667	0	0	0.667	0	1	0	0.716	0.255
6.016	0	16.031	0	15.897	8.268	0	23.096	0	19.92	4.608	0	7.065	0	11.42	0.8	0	0.754	0	0.647	0.75	0	0.719	0	0.676	0.5	0	0.5	0	0.5	0.667	0	0.4	0	0	0.667	0	0	0	0	0.117	0.736
0	0	0	0	0	0	0	0	0	0	0	0	0	0	0	0	0	0	0	0	0	0	0	0	0	0	0	0	0	0	0	0	0.2	0	0.667	0	0.2	0	0	1	0	0.474
0	2.648	0	0	0.83	0	3.484	0	0	2.491	0	3.484	0	0	2.491	0	0.333	0	0	0.333	0	0.333	0	0	0.333	0	0.333	0	0	0.333	0.571	0.4	0	0.25	0	0.714	0	0	0	0	0.418	0.793
0	1.76	0	0	0	0	0.842	0	0	0	0	1.76	0	0	0	0	0	0	0	0	0	0	0	0	0	0	0	0	0	0	0	0	0.111	0	0.4	0	0	0	0	0.6	0	0.922
6.222	10.713	18.131	35.954	17.81	15.018	19.789	28.326	39.086	27.159	11.611	11.086	17.404	19.094	18.439	0.752	0.663	0.556	0.262	0.442	0.733	0.658	0.541	0.257	0.413	0.545	0.6	0.448	0.342	0.368	0.333	0	0	0.25	0	0	0	0	0.25	0	0.556	0.249
0	1.66	0	0	0	3.714	3.985	4	2.71	0	3.714	5.168	4	3.675	0	0.5	0.267	0.5	0.5	0	0.333	0.333	0.167	0.333	0	0.5	0.3	0.5	0.5	0	0	0.5	0	0	0	0	0.25	0	0	0	0.419	0.262
0	0	0.826	6.406	0	0	0	0	8.171	0	0	0	0.826	4.517	0	0	0	0	0.528	0	0	0	0	0.5	0	0	0	0	0.5	0	0.5	0.2	0	0	0	0	0.6	0	0	0	0.198	0.302
5.347	0	1.673	0	7.018	6.191	0	1.673	0	9.004	2.78	0	0.825	0	3.812	0.571	0	1	0	0.689	0.571	0	0	0	0.667	0.333	0	0	0	0.5	0.444	1	0	0.667	0	0	1	0	1	0	0.197	0.380
2.755	3.453	0	0	0	2.755	2.468	0	0	0	2.755	2.628	0	0	0	0.667	0.333	0	0	0	0.667	0	0	0	0	0.667	0.333	0	0	0	0	0.143	0.5	0.2	0	0	0.429	0	0.2	0	0.557	0.187
15.721	24.766	20.583	22.364	35.954	21.628	30.039	28.746	25.348	39.086	10.87	12.897	15.315	14.186	19.094	0.645	0.479	0.499	0.591	0.262	0.628	0.463	0.49	0.572	0.257	0.533	0.418	0.423	0.424	0.342	0	0	0	0.2	0.25	0	0	0	0	0.25	0.419	0.254
0	0	0	0.86	0	0	0	0	0	0	0	0	0	0.86	0	0	0	0	0	0	0	0	0	0	0	0	0	0	0	0	1	1	1	0	0.6	1	1	1	0	0.8	0	0.776
0	0	0	0	2.732	0	0	0	0	2.732	0	0	0	0	1.011	0	0	0	0	1	0	0	0	0	1	0	0	0	0	0	0.6	1	0	0.4	0.333	0.6	1	0	0.2	0	0	0.459
0	0	0	0	0	0	0	0	0	0	0	0	0	0	0	0	0	0	0	0	0	0	0	0	0	0	0	0	0	0	0	0	0	0	0	0	0	0	0	0	0.558	0.457
0	0	0	0	0	0	0	0	0	0	0	0	0	0	0	0	0	0	0	0	0	0	0	0	0	0	0	0	0	0	0	0	0	0	0	0	0	0.2	0	0	0.554	0.989
0	0	0	0	0	1.692	0	0	0	4.497	1.692	0	0	0	4.497	0	0	0	0	0.3	0	0	0	0	0.3	0	0	0	0	0.3	0.2	0	0	0.5	0	0	0	0	0	0	0.716	0.259
5.991	0	0	15.245	2.604	7.937	0	0	15.279	4.403	3.658	0	0.918	4.685	2.658	0.2	0	0	0.281	0.5	0.222	0	0	0.316	0.5	0	0	0	0.1	0	0.25	0	0.2	0.625	0.4	0	0	0.8	0.375	0	0.556	0.408
0	0	0	0	0	0	0	0	0	0.918	0	0	0	0	0.918	0	0	0	0	0	0	0	0	0	0	0	0	0	0	0	0	0.25	0	0	0	0	0.25	0	0	0.333	0.2	0.379
0	0	0	0	0	0	0	0	0	0	0	0	0	0	0	0	0	0	0	0	0	0	0	0	0	0	0	0	0	0	0	0	0	0	0	0	0	0	0	0	0.716	0.929
1.702	0	18.755	0	0	1.702	0	18.755	0	0	0	0	3.825	0	0	1	0	0.3	0	0	1	0	0.286	0	0	0	0	0	0	0	0	0.667	0.4	0	0.2	0	0.667	0.6	0	0.4	0	0.280
0	0	0	0	0.819	0	0	0	1.039	0.819	0	0.894	0	1.039	0.819	0	0	0	0	0	0	0	0	0	0	0	0	0	0	0	0.375	0.444	0	0.286	0	0.5	0	0	0.143	0	0	0.465
0	0	0	0	0	0	0	0	0	0	0	0	0	0	0	0	0	0	0	0	0	0	0	0	0	0	0	0	0	0	0.2	0	0	0	0	0	0	0	0	0	0	0.154
0	0	0.849	0	0	0	0	0	0	0	0	0	1.806	0	0	0	0	1	0	0	0	0	0	0	0	0	0	0	0	0	0.2	0.667	0.667	0	0.5	0.6	1	0.667	0	0.25	0	0.517
1.671	0	0	0	0	2.67	0	0	0.999	0	0.999	0	0	0.999	0	0.333	0	0	0	0	0.333	0	0	0	0	0	0	0	0	0	0	0	0	0	0	0	0	0	0	0	0.117	0.121
0	0	0	0	0	0	0	0	0	0	0	0	0	0	0	0	0	0	0	0	0	0	0	0	0	0	0	0	0	0	0.25	0.6	0.25	0.8	0	0	0.6	0.25	0	0	0	0.787
0.819	0	0	0	0	0.819	0	0	0	0	0.819	0	0	0	0	0	0	0	0	0	0	0	0	0	0	0	0	0	0	0	0	0	0	0.375	0	0	0	0	0.5	0	0.299	0.185
0	0	0	0	0	0	0	0	0	0	0	0	0	0	0	0	0	0	0	0	0	0	0	0	0	0	0	0	0	0	0	0	0	0	0	0	0	0	0	0	0.3	0.141
0.86	0	0	1.653	0	0	0	0	0.827	0	0.86	0	0	1.653	0	0	0	0	0	0	0	0	0	0	0	0	0	0	0	0	0	0.4	1	0	1	0	0.4	1	0	1	0	0.356
0	0.854	0	0	0	0	0	0	0	0	0	0.854	0	0	0	0	0	0	0	0	0	0	0	0	0	0	0	0	0	0	0.4	0	0.25	0.4	1	0.4	0.2	0	0	1	0	0.455
8.999	0	0.859	0	0	9.917	0	0.859	0.918	0	2.9	0	0.859	0.918	0	0.491	0	0	0	0	0.473	0	0	0	0	0	0	0	0	0	0	0.4	0.2	0	0.8	0	0.4	0	0.333	0.6	0	0.282
0	0	25.844	0	1.678	0	0	23.215	0	0.83	0	0	11.43	0	1.678	0	0	0.269	0	1	0	0	0.267	0	0	0	0	0.182	0	1	0	0	0.5	0	0	0	0	0.375	0	0	0.298	0.208
0	0	7.211	0	0	0	0	8.341	0	0	0	0	3.96	0	0	0	0	0.306	0	0	0	0	0.306	0	0	0	0	0.333	0	0	0	0	0.2	0.2	0	0	0	0	0	0	0.299	0.174
0	0	2.732	0	1.029	0	0	2.732	0	1.029	0	0	1.011	0	1.029	0	0	1	0	0	0	0	1	0	0	0	0	0	0	0	0	0.6	0.333	1	0	0	0.6	0	1	0	0	0.580
1.732	0	4.253	0	0	2.589	0	6.977	0	0	0.857	0	4.497	0	0	1	0	0.321	0	0	1	0	0.286	0	0	0	0	0.5	0	0	0	0	0	0.2	0	0	0	0	0	0	0	0.202
15.245	0	0	0	5.991	15.279	0	0	0	7.937	4.685	0	0	0	3.658	0.281	0	0	0	0.2	0.316	0	0	0	0.222	0.1	0	0	0	0	0.625	0.75	0	0	0.25	0.375	0.75	0	0	0	0.3	0.381
0	0	0	0	5.347	0	0	0	0	6.191	0	0	0	0	2.78	0	0	0	0	0.571	0	0	0	0	0.571	0	0	0	0	0.333	0.667	1	1	1	0.444	1	1	1	1	0	0	0.639
1.529	0	0	0.893	1.7	1.529	0	0	0	1.7	1.529	0	0	0.893	1.7	0	0	0	0	1	0	0	0	0	1	0	0	0	0	1	0.333	0	0.4	0.2	0	0.778	0	0.2	0	0	0	0.550
0	0	0	1.66	0	4	3.714	0	3.985	0	4	3.714	0	5.168	0	0.5	0.5	0	0.267	0	0.167	0.333	0	0.333	0	0.5	0.5	0	0.3	0	0	0	0	0.5	0	0	0	0	0.25	0	0	0.239
0	2.57	0	0	0	0	2.57	0	0	0	0	0.957	0	0	0	0	0.667	0	0	0	0	0.667	0	0	0	0	0	0	0	0	0	0.6	0	0.2	0.667	0	0.6	0	0.2	1	0	0.558
35.658	0	0	0	0	33.84	0	0	0	0	7.522	0	0	0	0	0.165	0	0	0	0	0.179	0	0	0	0	0.071	0	0	0	0	0	0	0.875	0	0	0	0	0.75	0	0	0.12	0.226
0	0	0	0	0	0	0	0	0	0	0	0	0	0	0	0	0	0	0	0	0	0	0	0	0	0	0	0	0	0	0	0	0.25	0	0	0	0	0.25	0	0	0.715	0.177
12.7	20.375	13.692	10.736	0	18.264	28.418	19.181	19.813	0	9.559	14.051	5.489	16.576	0	0.817	0.62	0.831	0.825	0	0.775	0.583	0.794	0.783	0	0.714	0.289	0.5	0.321	0	0.333	0.6	0	0.6	0	0	0.8	0	1	0	0.717	0.243
0	2.604	0	0	0	1.039	4.403	0	0	0	1.039	2.658	0.894	0.918	0	0	0.5	0	0	0	0	0.5	0	0	0	0	0	0	0	0	0.286	0.4	0.444	0.2	0.375	0.143	0	0	0.8	0.5	0.418	0.413
0.832	0	6.11	0	0	6.234	3.029	9.124	3.989	0.923	5.417	3.029	7.775	3.989	0.923	0.238	0.667	0.288	0.667	0	0.238	0.333	0.311	0.667	0	0.2	0.667	0.357	0.5	0	0	0	0	0	0	0	0	0	0	0	0.899	0.175
0	0.928	0	0	0.824	0	0.928	0	0	0.824	0	0.928	0	0	0	0	0	0	0	0	0	0	0	0	0	0	0	0	0	0	0	0.5	0	0	0	0	0	0	0	0	0.119	0.200
6.068	3.973	15.544	17.81	7.866	14.16	11.339	19.122	27.159	14.797	11.344	10.419	13.621	18.439	8.872	0.725	0.8	0.557	0.442	0.695	0.714	0.764	0.62	0.413	0.686	0.564	0.578	0.41	0.368	0.556	0	0	0	0	0	0	0	0	0	0	0.418	0.220
0	1.653	0.86	0	0	0	0.827	0	0	0	0	1.653	0.86	0	0	0	0	0	0	0	0	0	0	0	0	0	0	0	0	0	0.4	0	0	0	1	0.4	0	0	0	1	0	0.598
0	0	0	0	0	0	0	0	0	0	0	0	0	0	0	0	0	0	0	0	0	0	0	0	0	0	0	0	0	0	0	0	0	0	0	0	0	0	0	0	0.556	0.679
1.653	0	0	1.691	0.86	0.827	0	0	3.828	0	1.653	0	0	2.981	0.86	0	0	0	0.833	0	0	0	0	0.833	0	0	0	0	0.667	0	0	0	0.4	0	0	0	0	0.4	0	0	0	0.235
2.732	0	1.029	0	0	2.732	0	1.029	0	0	1.011	0	1.029	0	0	1	0	0	0	0	1	0	0	0	0	0	0	0	0	0	0.333	0	0	0.6	0	0	0	0	0.6	0	0	0.194
0	0	0	0	16.634	0	0	0	0	17.491	0	0	0	0	3.031	0	0	0	0	0.357	0	0	0	0	0.351	0	0	0	0	0	0.25	0.25	0	0.6	0.111	0.25	0	0	0.6	0	0	0.561
0	0	22.364	0	24.766	0	0	25.348	0	30.039	0	0	14.186	0	12.897	0	0	0.591	0	0.479	0	0	0.572	0	0.463	0	0	0.424	0	0.418	0	0	0.2	0	0	0	0	0	0	0	0.196	0.543
0	0	0.82	0	0	0	0	1.678	0	0	0	0	1.678	0	0	0	0	1	0	0	0	0	1	0	0	0	0	1	0	0	0	0	0	0	0	0	0	0	0	0	0.299	0.273
0	0	0	13.692	0	0	0	0	19.181	0	0	0	0	5.489	0	0	0	0	0.831	0	0	0	0	0.794	0	0	0	0	0.5	0	0	0	0	0	0	0	0	0	0	0	0.897	0.941
0	7.144	0	1.678	0	0	6.318	0	0.83	0	1.028	3.635	0	1.678	0	0	0.6	0	1	0	0	0.714	0	0	0	0	0.5	0	1	0	0.2	0.375	0.4	0	0	0	0	0.2	0	0	0	0.327
0	0	0	0	0.849	0	0	0	0	0.849	0	0	0	0	0	0	0	0	0	0	0	0	0	0	0	0	0	0	0	0	0	0	0	0	0.25	0	0	0	0	0	0.417	0.241
0	0	1.66	3.543	0	2.71	4.005	3.985	6.214	3.714	3.675	4.005	5.168	6.627	3.714	0.5	0.5	0.267	0.139	0.5	0.333	0.5	0.333	0.095	0.333	0.5	0.5	0.3	0.19	0.5	0	0	0.5	0.375	0	0	0	0.25	0	0	0	0.475
1.678	25.844	7.144	0	0	0.83	23.215	6.318	0	0	1.678	11.43	3.635	0	1.028	1	0.269	0.6	0	0	0	0.267	0.714	0	0	1	0.182	0.5	0	0	0	0.5	0.375	0	0.2	0	0.375	0	0	0	0	0.379
0	0	15.245	0	0	0	0	15.279	0	0	0	0	4.685	0	0	0	0	0.281	0	0	0	0	0.316	0	0	0	0	0.1	0	0	0.75	0	0.625	0.429	0	0.75	0	0.375	0.571	0	0.294	0.752
0	0	0	0	0	0	0	0	0	0	0	0	0	0	0	0	0	0	0	0	0	0	0	0	0	0	0	0	0	0	0	0	0	0	0	0	0.2	0	0	0	0.557	0.992
0.82	0	0	0	0	1.678	0	0	0	0	1.678	0	0	0	0	1	0	0	0	0	1	0	0	0	0	1	0	0	0	0	0	0	0	0	0	0	0	0	0	0	0	0.464
0	0	0	0	0	0	0	0	0	0	0	0	0	0	0	0	0	0	0	0	0	0	0	0	0	0	0	0	0	0	0	0	0	0	0	0	0	0	0	0	0.116	0.725
0	0.82	0	0	35.658	0	1.678	0	0	33.84	0	1.678	0	0	7.522	0	1	0	0	0.165	0	1	0	0	0.179	0	1	0	0	0.071	0	0	0	0	0	0	0	0	0	0	0.418	0.189
0	0	0	0	0	0	0	0	0	0	0	0	0	0	0	0	0	0	0	0	0	0	0	0	0	0	0	0	0	0	1	0.6	0.8	1	0.6	1	0.8	0	1	0.6	0	0.994
17.81	18.131	3.973	6.222	6.068	27.159	28.326	11.339	15.018	14.16	18.439	17.404	10.419	11.611	11.344	0.442	0.556	0.8	0.752	0.725	0.413	0.541	0.764	0.733	0.714	0.368	0.448	0.578	0.545	0.564	0	0	0	0.333	0	0	0	0	0	0	0	0.455
1.015	0.934	0	0	1.809	1.015	0	0	0	0.891	1.015	0.934	0	0	0.917	0	0	0	0	0	0	0	0	0	0	0	0	0	0	0	0	0	0	0.25	0.25	0	0	0	0	0	0.557	0.287
10.788	0	0	0	0	11.65	0	0	0	0	3.743	0	0	0	0	0.359	0	0	0	0	0.346	0	0	0	0	0.167	0	0	0	0	0.4	0	0	0	0	0	0.222	0	0	0	0	0.134
0	1.529	1.7	0	0	0	1.529	1.7	0	0	0	1.529	1.7	0	0	0	0	1	0	0	0	0	1	0	0	0	0	1	0	0	0.4	0.333	0	0	0	0.2	0.778	0	0	0	0	0.355
0	0	0	0	5.916	0	0	0	0	5.916	0	0	0	0	2.552	0	0	0	0	0.762	0	0	0	0	0.762	0	0	0	0	0.667	0	0	0	0	0	0	0	0	0	0	0.717	0.237
0	0	0	35.658	0.928	0	0	0	33.84	0.928	0	0	0	7.522	0.928	0	0	0	0.165	0	0	0	0	0.179	0	0	0	0	0.071	0	0	0.875	0	0	0.5	0	0.75	0	0	0	0.294	0.829
0	0	0	0	0	0	0	0	0	0	0	0	0	0	0	0	0	0	0	0	0	0	0	0	0	0	0	0	0	0	0	0	0	0	0	0	0	0	0	0	0.556	0.544
1.76	0	0	1.529	0	0.842	0	0	1.529	0	1.76	0	0	1.529	0	0	0	0	0	0	0	0	0	0	0	0	0	0	0	0	0	0	0	0.333	0.111	0	0	0	0.222	0	0	0.498
0	0	0	0	0	0	0	0	0	0	0	0	0	0	0	0	0	0	0	0	0	0	0	0	0	0	0	0	0	0	0.6	0.2	1	0.2	1	0	0	1	0	1	0	0.549
0	0	0	0.854	1.529	0	0	0	0	1.529	0	0	0	0.854	1.529	0	0	0	0	0	0	0	0	0	0	0	0	0	0	0	0.25	0.4	1	0	0.333	0	0.4	1	0.2	0.222	0	0.420
15.897	16.031	10.93	6.016	14.172	19.92	23.096	17.224	8.268	25.026	11.42	7.065	12.895	4.608	12.27	0.647	0.754	0.833	0.8	0.69	0.676	0.719	0.879	0.75	0.671	0.5	0.5	0.444	0.5	0.429	0	0.4	0.625	0.667	0.333	0	0	0.25	0.667	0	0.294	0.443
4.253	1.732	0	0	0.866	6.977	2.589	0	0	5.007	4.497	0.857	0	0	4.19	0.321	1	0	0	0.6	0.286	1	0	0	0.5	0.5	0	0	0	0.667	0	0	0	0	0	0	0	0	0	0	0.298	0.179
0	0	0	0	0	0	0	0	0	0	0	0	0	0	0	0	0	0	0	0	0	0	0	0	0	0	0	0	0	0	0	0	0	0	0.25	0	0	0	0	0.25	0.898	0.106
1.529	0	0	0	1.76	1.529	0	0	0	0.842	1.529	0	0	0	1.76	0	0	0	0	0	0	0	0	0	0	0	0	0	0	0	0.333	1	0	0.25	0	0.222	1	0	0	0	0.197	0.339
0	0	0	0	0	0	0	0	0	0	0	0	0	0	0	0	0	0	0	0	0	0	0	0	0	0	0	0	0	0	0	0	0	0.333	0.222	0	0	0	0.667	0	0.714	0.298
0.928	0	0	0	0	0.928	0	0	0	0	0.928	0	0	0	0	0	0	0	0	0	0	0	0	0	0	0	0	0	0	0	0.5	0	0	0	0	0	0	0	0	0	0.116	0.217
1.673	5.347	7.018	0	0	1.673	6.191	9.004	0	0	0.825	2.78	3.812	0	0	1	0.571	0.689	0	0	0	0.571	0.667	0	0	0	0.333	0.5	0	0	0	0.444	0	1	0.25	0	0	0	1	0.25	0.557	0.243
0	0	0	2.604	0	0	1.039	0	4.403	0	0.894	1.039	0	2.658	0	0	0	0	0.5	0	0	0	0	0.5	0	0	0	0	0	0	0.444	0.286	0.375	0.4	0	0	0.143	0.5	0	0	0	0.669
0	0	0	0	0	0	0.939	0	0	0	0	0.939	0	0	0	0	0	0	0	0	0	0	0	0	0	0	0	0	0	0	0	0.2	0	0	0	0	0	0.2	0	0	0.417	0.435
1.66	0	0	0	0	3.985	2.71	3.714	4.005	4	5.168	3.675	3.714	4.005	4	0.267	0.5	0.5	0.5	0.5	0.333	0.333	0.333	0.5	0.167	0.3	0.5	0.5	0.5	0.5	0.5	0	0	0	0	0.25	0	0	0	0	0.2	0.219
1.725	0	0	0	0	2.854	0	0	0	0	2.858	0	0	0	0	0.167	0	0	0	0	0.333	0	0	0	0	0.333	0	0	0	0	0.333	0	0.75	0	1	0	0	1	0	1	0.198	0.166
0	0	0	2.57	0	0	0	0	2.57	0	0	0	0	0.957	0	0	0	0	0.667	0	0	0	0	0.667	0	0	0	0	0	0	0	0	0.667	0.6	0.2	0	0	1	0.6	0.6	0	0.790
0	0	1.529	0	0	0	0	1.529	0	0	0	0	1.529	0	0	0	0	0	0	0	0	0	0	0	0	0	0	0	0	0	1	0.25	0.333	0.4	0	1	0	0.222	0.4	0	0	0.926
0	3.543	0	0	1.66	4.005	6.214	2.71	4.497	3.985	4.005	6.627	3.675	4.497	5.168	0.5	0.139	0.5	0.3	0.267	0.5	0.095	0.333	0.3	0.333	0.5	0.19	0.5	0.3	0.3	0	0.375	0	0	0.5	0	0	0	0	0.25	0.417	0.171
0	1.691	1.653	0.848	0	0	3.828	0.827	2.602	0	0	2.981	1.653	1.754	0	0	0.833	0	0.667	0	0	0.833	0	0.667	0	0	0.667	0	0	0	0	0	0	0	0.4	0	0	0	0	0.4	0	0.578
3.453	0	2.755	0	0	2.468	0	2.755	0	0	2.628	0	2.755	0	0	0.333	0	0.667	0	0	0	0	0.667	0	0	0.333	0	0.667	0	0	0.143	0.2	0	0.4	0.5	0.429	0.2	0	0.2	0	0.418	0.239
0	0	0	0	0	0	0	0	0	0	0	0	0	0	0	0	0	0	0	0	0	0	0	0	0	0	0	0	0	0	0.333	0.667	0	0.2	0	0.667	1	0	0	0	0	0.779
0.83	0	0	0	0	2.491	0	0	0	0.825	2.491	0	0	0	0.825	0.333	0	0	0	0	0.333	0	0	0	0	0.333	0	0	0	0	0	0	0	0.571	0.5	0	0	0	0.714	0	0.2	0.182
0	35.658	0	0	0	0	33.84	0	0	0	0	7.522	0	0	0	0	0.165	0	0	0	0	0.179	0	0	0	0	0.071	0	0	0	0.875	0	0	0	0	0.75	0	0	0	0	0	0.792
0	0	10.788	0	0	0	0	11.65	0	0	0	0	3.743	0	0	0	0	0.359	0	0	0	0	0.346	0	0	0	0	0.167	0	0	0	0	0.4	0	0	0.222	0	0	0	0	0.299	0.886
0	0	1.671	0	0	0	0.999	2.67	0	0	0	0.999	0.999	0	0	0	0	0.333	0	0	0	0	0.333	0	0	0	0	0	0	0	0	0	0	0	0	0	0	0	0	0	0.714	0.460
1.851	0	0	0	4.552	2.843	0	0	0	3.563	1.986	0	0	0	4.552	0.667	0	0	0	0.4	0.667	0	0	0	0.333	1	0	0	0	0.3	0	0	0.2	0	0	0	0	0	0	0	0.057	0.338
1.029	2.732	0	0	0	1.029	2.732	0	0	0	1.029	1.011	0	0	0	0	1	0	0	0	0	1	0	0	0	0	0	0	0	0	0	0.333	0	0	0	0	0	0	0	0	0.2	0.459
0	0.83	0	0	0	0	2.491	0.825	0	0	0	2.491	0.825	0	0	0	0.333	0	0	0	0	0.333	0	0	0	0	0.333	0	0	0	0	0	0.5	0	0	0	0	0	0	0	0.554	0.115
0	0	0.832	0	6.11	3.029	3.989	6.234	4.245	9.124	3.029	3.989	5.417	5.272	7.775	0.667	0.667	0.238	0.5	0.288	0.333	0.667	0.238	0.333	0.311	0.667	0.5	0.2	0.4	0.357	0	0	0	0	0	0	0	0	0	0	0.896	0.184
0	13.692	0	12.7	0	0	19.181	0	18.264	0	0	5.489	0	9.559	0	0	0.831	0	0.817	0	0	0.794	0	0.775	0	0	0.5	0	0.714	0	0	0	0	0.333	0	0	0	0	0	0	0.899	0.913
0	4.253	0.866	1.732	5.183	0	6.977	5.007	2.589	10.366	0	4.497	4.19	0.857	7.819	0	0.321	0.6	1	0.273	0	0.286	0.5	1	0.273	0	0.5	0.667	0	0.25	0	0	0	0	0	0	0	0	0	0	0.419	0.553
0	0	0	0	0	0	0	0	0	0	0	0	0	0	0	0	0	0	0	0	0	0	0	0	0	0	0	0	0	0	0	0	0	0	0	0	0	0	0	0	0.12	0.695
0	4.767	5.162	4.312	0	0	9.288	7.867	7.852	0	0	8.403	6.146	5.293	0	0	0.8	0.667	0.806	0	0	0.733	0.639	0.75	0	0	0.639	0.571	0.733	0	0	0	0	0	0	0	0	0	0	0	0.714	0.195
35.954	20.583	10.713	15.721	6.222	39.086	28.746	19.789	21.628	15.018	19.094	15.315	11.086	10.87	11.611	0.262	0.499	0.663	0.645	0.752	0.257	0.49	0.658	0.628	0.733	0.342	0.423	0.6	0.533	0.545	0.25	0	0	0	0.333	0.25	0	0	0	0	0	0.255
0	0	0	0.824	0	0	0	0	0.824	0	0	0	0	0	0	0	0	0	0	0	0	0	0	0	0	0	0	0	0	0	0	0	0	0	0	0	0	0	0	0	0.718	0.724
0	0	0	0	0	0	0	0	0	0	0	0	0	0	0	0	0	0	0	0	0	0	0	0	0	0	0	0	0	0	0	0	0.222	0	0	0	0	0	0	0	0.298	0.354
0	0	0	1.671	0	0	0	0	2.67	0	0	0	0	0.999	0	0	0	0	0.333	0	0	0	0	0.333	0	0	0	0	0	0	0	0	0	0	0.2	0	0	0	0	0	0.057	0.343
0	0	3.45	0	3.37	0	0	2.612	0	3.37	0	0	1.68	1.028	0.869	0	0	0.6	0	1	0	0	1	0	1	0	0	0	0	0	0	0.4	0	0.2	0	0	0.2	0	0	0	0.19	0.206
0	0	5.916	0	0	0	0	5.916	0	0	0	0	2.552	0	0	0	0	0.762	0	0	0	0	0.762	0	0	0	0	0.667	0	0	0	0	0	0	0.25	0	0	0	0	0	0.019	0.275
0	0	0	0	0	0	0	0	0	0	0	0	0	0	0	0	0	0	0	0	0	0	0	0	0	0	0	0	0	0	0.8	1	0.6	0.6	0.25	0	1	0.6	0.8	0	0	0.763
0	0	0	0	0	0	0	0	0	0	0	0	0	0	0	0	0	0	0	0	0	0	0	0	0	0	0	0	0	0	1	0.6	1	0.2	1	1	0	1	0	1	0	0.870
0	0	0	0	-1	0	0	0	0	-1	0	0	0	0	-1	0	0	0	0	-1	0	0	0	0	-1	0	0	0	0	-1	0	0	0	0	-1	0	0	0	0.2	-1	0.195	0.998
0	0	0	0	0	0	0	0	0	0	0	0	0	0	0	0	0	0	0	0	0	0	0	0	0	0	0	0	0	0	0	0	0	0	0	0	0	0	0	0	0.414	0.986
0	0	13.357	0	6.085	0	0	18.331	2.083	9.915	0	0	9.464	2.083	5.58	0	0	0.253	0	0.236	0	0	0.232	0	0.236	0	0	0.067	0	0.067	0	0	0	0	0	0	0	0	0	0	0.718	0.268
0	1.029	0	2.732	0	0	1.029	0	2.732	0	0	1.029	0	1.011	0	0	0	0	1	0	0	0	0	1	0	0	0	0	0	0	0	0	0	0.333	0	0	0	0	0	0	0.557	0.179
0	0	0	0	0	0	0	0	0	0	0	0	0	0	0	0	0	0	0	0	0	0	0	0	0	0	0	0	0	0	0	0	0	0	0	0	0	0	0	0	0	0.451
0	0	0	0.859	0	0	0	0	0.859	0	0	0	0	0.859	0	0	0	0	0	0	0	0	0	0	0	0	0	0	0	0	0.429	0.8	0	0.2	0.75	0.571	0.6	0	0	0.75	0.299	0.340
0	5.162	0	0	0	0	7.867	0.939	0	0	0	6.146	0.939	0	0	0	0.667	0	0	0	0	0.639	0	0	0	0	0.571	0	0	0	0	0	0.2	0	0	0	0	0	0	0	0.415	0.135
1.691	0.848	0	0	1.653	3.828	2.602	0	0.863	0.827	2.981	1.754	0	0.863	1.653	0.833	0.667	0	0	0	0.833	0.667	0	0	0	0.667	0	0	0	0	0	0	0	0	0	0	0	0	0	0	0.2	0.398
10.736	8.683	20.375	12.075	12.7	19.813	18.52	28.418	21.375	18.264	16.576	9.836	14.051	13.792	9.559	0.825	0.825	0.62	0.726	0.817	0.783	0.8	0.583	0.686	0.775	0.321	0.524	0.289	0.472	0.714	0.6	0	0.6	0.25	0.333	1	0	0.8	0	0	0.419	0.376
0	1.725	0	0	0	0	2.854	0	0	0	0	2.858	0	0	0	0	0.167	0	0	0	0	0.333	0	0	0	0	0.333	0	0	0	0.75	0.333	1	0	0.4	1	0	1	0	0.6	0.417	0.491
0.854	0	0	0	0	0	0	0	0	0	0.854	0	0	0	0	0	0	0	0	0	0	0	0	0	0	0	0	0	0	0	0	0.4	0.4	0.2	0.25	0.2	0	0.4	0.4	0	0	0.346
14.172	10.93	23.638	15.897	12.075	25.026	17.224	36.64	19.92	21.375	12.27	12.895	14.078	11.42	13.792	0.69	0.833	0.399	0.647	0.726	0.671	0.879	0.383	0.676	0.686	0.429	0.444	0.389	0.5	0.472	0.333	0.625	0.4	0	0.25	0	0.25	0.2	0	0	0.297	0.263
16.634	0	0	0	0	17.491	0	0	0	0	3.031	0	0	0	0	0.357	0	0	0	0	0.351	0	0	0	0	0	0	0	0	0	0.111	0	0.2	0.25	0	0	0	0	0.25	0	0	0.341
0	0	5.347	0	1.673	0	0	6.191	0	1.673	0	0	2.78	0	0.825	0	0	0.571	0	1	0	0	0.571	0	0	0	0	0.333	0	0	1	0.667	0.444	1	0	1	1	0	1	0	0	0.949
0	0	0	0	0	0	0	0	0	0	0	0	0	0	0	0	0	0	0	0	0	0	0	0	0	0	0	0	0	0	0	0	0	0	0	0	0	0	0	0	0	0.641
0	0	0	0	10.788	0	0	0	0	11.65	0	0	0	0	3.743	0	0	0	0	0.359	0	0	0	0	0.346	0	0	0	0	0.167	0	0	0	0.778	0.4	0	0	0.222	0.444	0	0.717	0.891
0	0	1.732	16.634	4.253	0	0	2.589	17.491	6.977	0	0	0.857	3.031	4.497	0	0	1	0.357	0.321	0	0	1	0.351	0.286	0	0	0	0	0.5	0	0.2	0	0.111	0	0	0	0	0	0	0	0.377
7.866	15.544	5.229	6.068	4.312	14.797	19.122	9.828	14.16	7.852	8.872	13.621	6.445	11.344	5.293	0.695	0.557	0.782	0.725	0.806	0.686	0.62	0.764	0.714	0.75	0.556	0.41	0.667	0.564	0.733	0	0	0	0	0	0	0	0	0	0	0.296	0.422
0	0	0	0	13.357	0	2.083	0	2.958	18.331	0	2.083	0	2.958	9.464	0	0	0	0.667	0.253	0	0	0	0.667	0.232	0	0	0	0.333	0.067	0	0	0	0.667	0	0	0	0	0	0	0.716	0.298
3.543	0	0	0	0	6.214	4.497	4.005	0	2.71	6.627	4.497	4.005	0	3.675	0.139	0.3	0.5	0	0.5	0.095	0.3	0.5	0	0.333	0.19	0.3	0.5	0	0.5	0.375	0	0	0	0	0	0	0	0	0	0.554	0.299
0	6.11	0	0.832	6.406	0.923	9.124	0	6.234	8.171	0.923	7.775	0	5.417	4.517	0	0.288	0	0.238	0.528	0	0.311	0	0.238	0.5	0	0.357	0	0.2	0.5	0	0	0	0	0	0	0	0	0	0	0.415	0.124
0	0	0	0	0	0	0	0	0	0	0	0	0	0	0	0	0	0	0	0	0	0	0	0	0	0	0	0	0	0	0	0.111	0	0.25	0	0	0	0	0	0	0.418	0.205
0	0	0	0	0.849	0	0	0	0	0	0	0	0	0	1.806	0	0	0	0	1	0	0	0	0	0	0	0	0	0	0	0.667	0	0.2	0	0.667	1	0	0.6	0	0.667	0	0.866
0	0	0	0	0	0	0	0	0	0	0	0	0	0	0	0	0	0	0	0	0	0	0	0	0	0	0	0	0	0	0.2	0	0.667	0	0.333	0	0	1	0.2	0.667	0.419	0.346
0	0	0	1.725	0	0	0	0	2.854	0	0	0	0	2.858	0.843	0	0	0	0.167	0	0	0	0	0.333	0	0	0	0	0.333	0	1	0.75	0.4	0.333	0.25	1	1	0.6	0	0.5	0	0.977
0	0.859	0	8.999	0	0	0.859	0	9.917	0	0	0.859	0	2.9	0	0	0	0	0.491	0	0	0	0	0.473	0	0	0	0	0	0	0.8	0.2	0.429	0	0	0.6	0	0.571	0	0	0	0.794
0	0	0.934	0	1.015	0	0	0	0	1.015	0	0	0.934	0	1.015	0	0	0	0	0	0	0	0	0	0	0	0	0	0	0	0.25	0.4	0	0.111	0	0	0.6	0	0	0	0.296	0.353
0	0.849	0	0	2.648	0	0	0	0	3.484	0	1.806	0	0	3.484	0	1	0	0	0.333	0	0	0	0	0.333	0	0	0	0	0.333	0.5	0.667	0.25	0.2	0.4	0.25	0.667	0	0.6	0	0	0.751
0	0	6.016	0	16.031	0	0	8.268	0	23.096	0	0	4.608	0	7.065	0	0	0.8	0	0.754	0	0	0.75	0	0.719	0	0	0.5	0	0.5	0	0	0.667	0	0.4	0	0	0.667	0	0	0.417	0.424
0	0	3.543	0	0	4.497	0	6.214	1.692	4.005	4.497	0	6.627	1.692	4.005	0.3	0	0.139	0	0.5	0.3	0	0.095	0	0.5	0.3	0	0.19	0	0.5	0	0	0.375	0.2	0	0	0	0	0	0	0.558	0.247
0	5.991	2.604	0	0	0	7.937	4.403	0	1.039	0.918	3.658	2.658	0	1.039	0	0.2	0.5	0	0	0	0.222	0.5	0	0	0	0	0	0	0	0.2	0.25	0.4	0	0.286	0.8	0	0	0	0.143	0	0.538
0	0	1.851	0	0	0	0	2.843	0	0	0	0	1.986	0	0	0	0	0.667	0	0	0	0	0.667	0	0	0	0	1	0	0	0	0	0	0.6	0.2	0	0	0	0	0	0.414	0.258
13.357	0	6.085	0	0	18.331	0	9.915	0	0.863	9.464	0	5.58	0	0.863	0.253	0	0.236	0	0	0.232	0	0.236	0	0	0.067	0	0.067	0	0	0	0	0	0	0	0	0	0	0	0	0.415	0.243
0	0	0	0	0	0	0	0	0	0	0	0	0	0	0	0	0	0	0	0	0	0	0	0	0	0	0	0	0	0	0	0	0	0	0	0	0	0	0	0	0.419	0.981
0	0	0.854	18.755	0	0	0	0	18.755	0	0	0	0.854	3.825	0	0	0	0	0.3	0	0	0	0	0.286	0	0	0	0	0	0	0.4	0.2	0	0.4	0.4	0	0.4	0.2	0.6	0.4	0	0.603
4.767	4.312	0	5.229	5.162	9.288	7.852	0	9.828	7.867	8.403	5.293	0	6.445	6.146	0.8	0.806	0	0.782	0.667	0.733	0.75	0	0.764	0.639	0.639	0.733	0	0.667	0.571	0	0	0	0	0	0	0	0	0	0	0.298	0.157
0	0	8.999	0	0.859	0	0.918	9.917	0	0.859	0	0.918	2.9	0	0.859	0	0	0.491	0	0	0	0	0.473	0	0	0	0	0	0	0	0.4	0	0	0	0.2	0.4	0.333	0	0	0	0	0.425
0.859	8.999	0	0	0	0.859	9.917	0	0	0	0.859	2.9	0	0	0	0	0.491	0	0	0	0	0.473	0	0	0	0	0	0	0	0	0.2	0	0.8	0.4	0.429	0	0	0.6	0.4	0.571	0	0.443
0	0	0	0	15.245	0	0	0	0	15.279	0	0	0	0	4.685	0	0	0	0	0.281	0	0	0	0	0.316	0	0	0	0	0.1	0	0.429	0.75	0.8	0.625	0	0.571	0.75	0.6	0.375	0.299	0.157
0	0	0	0	1.851	0	0	0	0	2.843	0	0	0	0	1.986	0	0	0	0	0.667	0	0	0	0	0.667	0	0	0	0	1	0	0.6	0	0	0	0	0	0	0	0	0	0.447
0	1.671	0	0	0	0	2.67	0	0	0	0	0.999	0	0	0	0	0.333	0	0	0	0	0.333	0	0	0	0	0	0	0	0	0	0	0	0	0	0	0	0	0	0	0.556	0.171
0	0	0	0	0	0	0	0	0	0	0	0	0	0	0	0	0	0	0	0	0	0	0	0	0	0	0	0	0	0	0.25	0	0	0	0	0.25	0	0	0	0	0.056	0.234
0	0	0	0	0	0	0	0	0	0	0	0	0	0	0	0	0	0	0	0	0	0	0	0	0	0	0	0	0	0	0.222	0	0	0	0.4	0	0	0	0	0.2	0.197	0.412
0	0.824	0	0	0	0	0.824	0	0	0	0	0	0	0	0	0	0	0	0	0	0	0	0	0	0	0	0	0	0	0	0	0	0	0	0	0	0	0	0	0	0.894	0.761
0	0	3.453	0	2.755	0	0	2.468	0	2.755	0	0	2.628	0.843	2.755	0	0	0.333	0	0.667	0	0	0	0	0.667	0	0	0.333	0	0.667	0.2	0.4	0.143	0.25	0	0.2	0.2	0.429	0.5	0	0	0.441
0	0	0	0	0.82	0	0	0	0	1.678	0	0	0	0	1.678	0	0	0	0	1	0	0	0	0	1	0	0	0	0	1	0	0	0	0.111	0	0	0	0	0	0	0.556	0.307
3.45	0	3.37	0	0.86	2.612	0	3.37	0	0	1.68	0	0.869	0	0.86	0.6	0	1	0	0	1	0	1	0	0	0	0	0	0	0	0	0	0	0.4	0	0	0	0	0.2	0	0	0.339
0	0	1.732	0	5.419	0	0.825	1.732	0	6.28	0	0.825	1.732	0	0.862	0	0	1	0	0.762	0	0	1	0	0.714	0	0	1	0	0	0	0.5	0	0	0.4	0	0	0	0	0	0.557	0.793
0	0	0	10.788	0	0	0	0	11.65	0	0	0	0	3.743	0	0	0	0	0.359	0	0	0	0	0.346	0	0	0	0	0.167	0	0	0	0.25	0.4	0.111	0	0	0	0	0	0.56	0.234
23.638	14.172	12.075	10.93	8.683	36.64	25.026	21.375	17.224	18.52	14.078	12.27	13.792	12.895	9.836	0.399	0.69	0.726	0.833	0.825	0.383	0.671	0.686	0.879	0.8	0.389	0.429	0.472	0.444	0.524	0.4	0.333	0.25	0.625	0	0.2	0	0	0.25	0	0.12	0.217
0	0.86	0	0	0	0	0	0	0	0	0	0.86	0	0	0	0	0	0	0	0	0	0	0	0	0	0	0	0	0	0	0.2	0.2	0.2	0.25	0.6	0	0.2	0	0	0	0	0.596
0	0	0	5.419	0	0	0	0	6.28	0	0	0	0	0.862	0	0	0	0	0.762	0	0	0	0	0.714	0	0	0	0	0	0	0	0.778	0	0.4	0	0	0.444	0	0	0.222	0.294	0.252
13.692	12.7	0	20.375	0	19.181	18.264	0	28.418	0	5.489	9.559	0	14.051	0	0.831	0.817	0	0.62	0	0.794	0.775	0	0.583	0	0.5	0.714	0	0.289	0	0	0.333	0	0.6	0	0	0	0	0.8	0	0.896	0.265
6.11	0.832	0	0	0	9.124	6.234	0.923	3.029	0	7.775	5.417	0.923	3.029	0	0.288	0.238	0	0.667	0	0.311	0.238	0	0.333	0	0.357	0.2	0	0.667	0	0	0	0	0	0	0	0	0	0	0	0.419	0.205
8.683	12.075	10.736	23.638	20.375	18.52	21.375	19.813	36.64	28.418	9.836	13.792	16.576	14.078	14.051	0.825	0.726	0.825	0.399	0.62	0.8	0.686	0.783	0.383	0.583	0.524	0.472	0.321	0.389	0.289	0	0.25	0.6	0.4	0.6	0	0	1	0.2	0.8	0.296	0.339
0	0	16.634	0	0	0	0	17.491	0	0	0	0	3.031	0	0	0	0	0.357	0	0	0	0	0.351	0	0	0	0	0	0	0	0	0.25	0.111	0.25	0.2	0	0.25	0	0	0	0	0.544
0	0	0	0	22.364	0	0	0	0	25.348	0	0	0	0	14.186	0	0	0	0	0.591	0	0	0	0	0.572	0	0	0	0	0.424	0	0	0	0	0.2	0	0	0	0	0	0.418	0.602
0	0	0	0	0	2.083	2.958	0	0	0	2.083	2.958	0	0	0	0	0.667	0	0	0	0	0.667	0	0	0	0	0.333	0	0	0	0	0.667	0	0	0	0	0	0	0	0	0	0.305
3.973	17.81	6.068	18.131	15.544	11.339	27.159	14.16	28.326	19.122	10.419	18.439	11.344	17.404	13.621	0.8	0.442	0.725	0.556	0.557	0.764	0.413	0.714	0.541	0.62	0.578	0.368	0.564	0.448	0.41	0	0	0	0	0	0	0	0	0	0	0.556	0.291
0	0.893	1.529	1.809	0	0	0	1.529	0.891	0	0	0.893	1.529	0.917	0	0	0	0	0	0	0	0	0	0	0	0	0	0	0	0	0	0.2	0.333	0.25	0.4	0	0	0.778	0	0.2	0.415	0.238
0	0	0	0	0	0	0	0	0	0	0	0	0	0	0	0	0	0	0	0	0	0	0	0	0	0	0	0	0	0	0	0	0	0	0	0	0	0	0	0	0.292	0.747
0	0	0	1.7	0	0	0	0	1.7	0	0	0	0	1.7	0	0	0	0	1	0	0	0	0	1	0	0	0	0	1	0	0.6	0	0	0	0	0	0	0	0	0	0	0.657
4.552	0	0	1.851	0	3.563	0	0	2.843	2.958	4.552	0	0	1.986	2.958	0.4	0	0	0.667	0.667	0.333	0	0	0.667	0.667	0.3	0	0	1	0.333	0	0.2	0	0	0.667	0	0	0	0	0	0	0.192
0	0	0.928	0	0	0	0	0.928	0	0	0	0	0.928	0	0	0	0	0	0	0	0	0	0	0	0	0	0	0	0	0	0	0	0.5	0.875	0	0	0	0	0.75	0	0.117	0.302
0	0	0	0	3.543	0	1.692	4.497	0	6.214	0	1.692	4.497	0	6.627	0	0	0.3	0	0.139	0	0	0.3	0	0.095	0	0	0.3	0	0.19	0	0.2	0	0	0.375	0	0	0	0	0	0.558	0.377
0.849	0	0	0	0	0	0	0	0	0	1.806	0	0	0	0	1	0	0	0	0	0	0	0	0	0	0	0	0	0	0	0.667	0.2	0.5	0.667	0.25	0.667	0.6	0.25	1	0	0	0.543
0	0	0	0	0	0	0	0	0	0	0	0	0.843	0	0	0	0	0	0	0	0	0	0	0	0	0	0	0	0	0	0.4	1	0.25	0.75	0.4	0.6	1	0.5	1	0.2	0	0.582
0	0	0	0.819	0	0	0	0	0.819	0	0	0	0	0.819	0	0	0	0	0	0	0	0	0	0	0	0	0	0	0	0	0	0	0	0	0	0	0	0	0	0	0	0.294
0.934	0	1.015	0	0	0	0	1.015	0	0	0.934	0	1.015	0	0	0	0	0	0	0	0	0	0	0	0	0	0	0	0	0	0	0.25	0	0.4	0	0	0	0	0.6	0	0	0.464
0	4.552	0	0	0	0	3.563	2.958	0	2.083	0	4.552	2.958	0	2.083	0	0.4	0.667	0	0	0	0.333	0.667	0	0	0	0.3	0.333	0	0	0	0	0.667	0.2	0	0	0	0	0	0	0.417	0.238
0	0	0	0	0	0	0	0	0.939	0	0	0	0	0.939	0	0	0	0	0	0	0	0	0	0	0	0	0	0	0	0	0	0	0	0.2	0.2	0.2	0	0	0	0	0.196	0.910
0	0	1.702	0	18.755	0	0	1.702	0	18.755	0	0	0	0	3.825	0	0	1	0	0.3	0	0	1	0	0.286	0	0	0	0	0	0.667	0	0	0.2	0.4	0.667	0	0	0	0.6	0	0.841
6.406	0	0	0	0	8.171	0	0	0.923	0	4.517	0	0	0.923	0	0.528	0	0	0	0	0.5	0	0	0	0	0.5	0	0	0	0	0	0	0.2	0	0.5	0	0	0.6	0	0	0.117	0.177
0	7.018	0	1.673	0	0	9.004	0	1.673	0	0	3.812	0	0.825	0	0	0.689	0	1	0	0	0.667	0	0	0	0	0.5	0	0	0	0.25	0	0	0	0	0.25	0	0	0	0	0.558	0.409
0	5.183	0	0.866	0	4.245	10.366	3.989	5.007	3.029	5.272	7.819	3.989	4.19	3.029	0.5	0.273	0.667	0.6	0.667	0.333	0.273	0.667	0.5	0.333	0.4	0.25	0.5	0.667	0.667	0	0	0	0	0	0	0	0	0	0	0.296	0.241
0	5.419	0	1.732	0	0	6.28	0	1.732	0	0	0.862	0	1.732	0	0	0.762	0	1	0	0	0.714	0	1	0	0	0	0	1	0	0.778	0.4	0	0	0	0.444	0	0	0	0	0.414	0.490
2.57	0	0	0	0	2.57	0	0	0	0	0.957	0	0	0	0	0.667	0	0	0	0	0.667	0	0	0	0	0	0	0	0	0	0.6	0.2	0	0	0	0.6	0.2	0	0	0	0	0.413
12.075	23.638	8.683	14.172	10.736	21.375	36.64	18.52	25.026	19.813	13.792	14.078	9.836	12.27	16.576	0.726	0.399	0.825	0.69	0.825	0.686	0.383	0.8	0.671	0.783	0.472	0.389	0.524	0.429	0.321	0.25	0.4	0	0.333	0.6	0	0.2	0	0	1	0.12	0.426
0	0	0	0	0	0	0	0	0	0	0	0	0	0	0	0	0	0	0	0	0	0	0	0	0	0	0	0	0	0	0	0	0	0	0	0	0	0	0	0	0.718	0.361
0	0	0	0	0	0	0	0	0	0	0	0	0	0	0	0	0	0	0	0	0	0	0	0	0	0	0	0	0	0	0	0	0	0	0	0.2	0	0	0	0	0.118	0.990
0	0	0	0	0	0	0	0	0	0	0	0	0	0	0	0	0	0	0	0	0	0	0	0	0	0	0	0	0	0	0	0.222	0.4	0	1	0	0	0.2	0	1	0.299	0.301
16.031	6.016	15.897	0	10.93	23.096	8.268	19.92	0	17.224	7.065	4.608	11.42	0	12.895	0.754	0.8	0.647	0	0.833	0.719	0.75	0.676	0	0.879	0.5	0.5	0.5	0	0.444	0.4	0.667	0	0	0.625	0	0.667	0	0	0.25	0.056	0.371
1.732	0	5.419	0	0	1.732	0	6.28	0.825	0	1.732	0	0.862	0.825	0	1	0	0.762	0	0	1	0	0.714	0	0	1	0	0	0	0	0	0	0.4	0.5	0.778	0	0	0	0	0.444	0.9	0.187
0	0	0	0	0	0	0	0	0	0	0	0	0	0	0	0	0	0	0	0	0	0	0	0	0	0	0	0	0	0	0.25	0	0.111	0	0	0	0	0	0	0	0.018	0.515
1.7	0	0	1.529	0	1.7	0	0	1.529	0	1.7	0	0	1.529	0	1	0	0	0	0	1	0	0	0	0	1	0	0	0	0	0	0.4	0	0.333	0.6	0	0.2	0	0.778	0	0.296	0.308
0	0.86	0	0	0	0	0	0	0	0	0	0.86	0	0	0	0	0	0	0	0	0	0	0	0	0	0	0	0	0	0	1	0	1	0.4	1	1	0	1	0.4	1	0	0.989
0	0	0.849	0	0	0	0	0.849	0	0	0	0	0	0	0	0	0	0	0	0	0	0	0	0	0	0	0	0	0	0	0	0	0.25	0	0	0	0	0	0	0	0.197	0.268
0.893	1.809	0	0	1.529	0	0.891	0	0	1.529	0.893	0.917	0	0	1.529	0	0	0	0	0	0	0	0	0	0	0	0	0	0	0	0.2	0.25	0	0	0.333	0	0	0	0	0.778	0	0.475
0	0	0	0.86	0	0	0	0	0	0	0	0	0	0.86	0	0	0	0	0	0	0	0	0	0	0	0	0	0	0	0	0.2	0.2	0.6	0.2	1	0	0	0	0.2	1	0	0.756
24.766	22.364	15.721	0	20.583	30.039	25.348	21.628	0	28.746	12.897	14.186	10.87	0	15.315	0.479	0.591	0.645	0	0.499	0.463	0.572	0.628	0	0.49	0.418	0.424	0.533	0	0.423	0	0.2	0	0	0	0	0	0	0	0	0	0.229
0.826	0	0	0	0	0	0	0	0	0	0.826	0	0	0	0	0	0	0	0	0	0	0	0	0	0	0	0	0	0	0	0	0.5	0	0.2	0.2	0	0	0	0.6	0.2	0	0.419
3.37	3.45	0.86	0	0	3.37	2.612	0	0	0	0.869	1.68	0.86	0	0	1	0.6	0	0	0	1	1	0	0	0	0	0	0	0	0	0	0	0	0	0.2	0	0	0	0	0	0	0.390
10.713	35.954	6.222	20.583	18.131	19.789	39.086	15.018	28.746	28.326	11.086	19.094	11.611	15.315	17.404	0.663	0.262	0.752	0.499	0.556	0.658	0.257	0.733	0.49	0.541	0.6	0.342	0.545	0.423	0.448	0	0.25	0.333	0	0	0	0.25	0	0	0	0.556	0.214
0	0	0	0	0	0	0	0	0	0	0	0	0	0	0	0	0	0	0	0	0	0	0	0	0	0	0	0	0	0	0	0	0.2	0	0	0	0	0	0	0	0.415	0.177
0	10.788	0	0	0	0	11.65	0	0	0	0	3.743	0	0	0	0	0.359	0	0	0	0	0.346	0	0	0	0	0.167	0	0	0	0	0.4	0	0	0.25	0	0	0	0.222	0	0	0.561
0	0.849	0	0	0	0	0.849	0	0	0.999	0	0	0	0	0.999	0	0	0	0	0	0	0	0	0	0	0	0	0	0	0	0	0.25	0	0	0	0	0	0	0	0	0.419	0.159
0	-1	0	-1	0	0	-1	0	-1	0	0	-1	0	-1	0	0	-1	0	-1	0	0	-1	0	-1	0	0	-1	0	-1	0	0	-1	0	-1	0	0	-1	0	-1	0	0.899	0.998
0	0	0	0	0	0	0	0.918	0	0	0	0	0.918	0	0	0	0	0	0	0	0	0	0	0	0	0	0	0	0	0	0	0	0	0.25	0.4	0	0	0.333	0.25	0.4	0	0.336
7.144	1.678	0	25.844	0	6.318	0.83	0	23.215	0	3.635	1.678	1.028	11.43	0	0.6	1	0	0.269	0	0.714	0	0	0.267	0	0.5	1	0	0.182	0	0.375	0	0.2	0.5	0.4	0	0	0	0.375	0.2	0	0.414
0	0	0	0	0	0	0	0	0	0	0	0	0	0	0	0	0	0	0	0	0	0	0	0	0	0	0	0	0	0	0	0	0	0	0	0	0	0	0	0	0.419	0.925
0	0	0	1.76	0	0	0	0	0.842	0	0	0	0	1.76	0	0	0	0	0	0	0	0	0	0	0	0	0	0	0	0	0.111	0	0.4	0	0.25	0	0	0.6	0	0	0.556	0.250
0	6.406	0	0	0.826	0	8.171	0	0	0	0	4.517	0	0	0.826	0	0.528	0	0	0	0	0.5	0	0	0	0	0.5	0	0	0	0.2	0	0.5	0	0	0.6	0	0	0	0	0	0.529
0	0	0	0	0	0	0	0	0	0	0	0	0	0	0	0	0	0	0	0	0	0	0	0	0	0	0	0	0	0	1	1	0.667	1	1	1	1	1	1	1	0	0.980
0	0	0	0	0	0	0	0	0	0	0	0	0	0	0	0	0	0	0	0	0	0	0	0	0	0	0	0	0	0	1	1	0.6	1	1	1	1	0.8	1	1	0	0.991
0	0	0	0.86	1.702	0	0	0	0	1.702	0	0	0	0.86	0	0	0	0	0	1	0	0	0	0	1	0	0	0	0	0	0	0.2	0.667	0	0	0	0	0.667	0	0	0.298	0.299
2.648	0	0	0	0	3.484	0	0	0	0	3.484	0	0	0	0	0.333	0	0	0	0	0.333	0	0	0	0	0.333	0	0	0	0	0.4	0.25	0.571	0.5	0	0	0	0.714	0.25	0	0.419	0.292
6.085	13.357	0	0	0.848	9.915	18.331	0.863	0	2.602	5.58	9.464	0.863	0	1.754	0.236	0.253	0	0	0.667	0.236	0.232	0	0	0.667	0.067	0.067	0	0	0	0	0	0	0	0	0	0	0	0	0	0.717	0.357
0	0	0	0	0	0	0	0	0	0	0	0	0	0	0	0	0	0	0	0	0	0	0	0	0	0	0	0	0	0	0.6	0.8	0.25	1	0.25	0.6	0	0	1	0.25	0	0.764
0	0	0	0	0	0	0	0	0	0	0.843	0	0	0	0	0	0	0	0	0	0	0	0	0	0	0	0	0	0	0	0.25	0.4	0.4	1	0.2	0.5	0.6	0.2	1	0.2	0.417	0.396
7.018	1.673	0	5.347	0	9.004	1.673	0	6.191	0	3.812	0.825	0	2.78	0	0.689	1	0	0.571	0	0.667	0	0	0.571	0	0.5	0	0	0.333	0	0	0	0.25	0.444	0	0	0	0.25	0	0	0.117	0.385
0	0	6.406	6.11	0	0	0.923	8.171	9.124	0	0	0.923	4.517	7.775	0	0	0	0.528	0.288	0	0	0	0.5	0.311	0	0	0	0.5	0.357	0	0	0	0	0	0.2	0	0	0	0	0.6	0.717	0.197
18.755	1.702	0	0	0	18.755	1.702	0	0	0	3.825	0	0	0	0	0.3	1	0	0	0	0.286	1	0	0	0	0	0	0	0	0	0.4	0	0.2	0.667	0.4	0.6	0	0.4	0.667	0	0	0.254
0	0	0	0	0	0	0	0	0	0	0	0	0	0	0	0	0	0	0	0	0	0	0	0	0	0	0	0	0	0	0.667	0.2	0.333	0	0	1	0	0.667	0	0	0.117	0.863
0	0	0	4.552	0	2.958	0	2.083	3.563	0	2.958	0	2.083	4.552	0	0.667	0	0	0.4	0	0.667	0	0	0.333	0	0.333	0	0	0.3	0	0.667	0	0	0	0	0	0	0	0	0	0	0.246
0	0	0	0	0	0	0	0	0	0	0	0	0	0	0	0	0	0	0	0	0	0	0	0	0	0	0	0	0	0	0.4	0	1	0.222	0.6	0.2	0	1	0	0.6	0	0.488
0	0	0	0	0	0	0	0	0	0	0	0	0	0	0	0	0	0	0	0	0	0	0	0	0	0	0	0	0	0	0.111	0.25	0	0	0	0	0	0	0	0	0.414	0.428
0	0	0	0.83	1.732	0.825	0	0	2.491	1.732	0.825	0	0	2.491	1.732	0	0	0	0.333	1	0	0	0	0.333	1	0	0	0	0.333	1	0.5	0	0	0	0	0	0	0	0	0	0.055	0.425
0	0	0	0	0	0	4	0	3.714	0	0	4	0	3.714	0	0	0.5	0	0.5	0	0	0.167	0	0.333	0	0	0.5	0	0.5	0	0	0	0	0	0	0	0	0	0	0	0	0.519
0	0	0	1.029	0	0	0	0	1.029	0	0	0	0	1.029	0	0	0	0	0	0	0	0	0	0	0	0	0	0	0	0	0	0	0	0	0	0	0	0	0	0	0.898	0.509
20.375	10.736	12.7	8.683	13.692	28.418	19.813	18.264	18.52	19.181	14.051	16.576	9.559	9.836	5.489	0.62	0.825	0.817	0.825	0.831	0.583	0.783	0.775	0.8	0.794	0.289	0.321	0.714	0.524	0.5	0.6	0.6	0.333	0	0	0.8	1	0	0	0	0.056	0.218
0	0	0	0	25.844	0	0	0	0	23.215	0	0	0	0	11.43	0	0	0	0	0.269	0	0	0	0	0.267	0	0	0	0	0.182	0	0	0	0.25	0.5	0	0	0	0.25	0.375	0.9	0.303
5.162	0	0	4.767	0	7.867	0	0	9.288	0.939	6.146	0	0	8.403	0.939	0.667	0	0	0.8	0	0.639	0	0	0.733	0	0.571	0	0	0.639	0	0	0	0	0	0.2	0	0	0	0	0	0.118	0.103
0	5.916	0.86	0	0	0	5.916	0	0	0	0	2.552	0.86	0	0	0	0.762	0	0	0	0	0.762	0	0	0	0	0.667	0	0	0	0.25	0	0.2	0	0.2	0	0	0.2	0	0	0	0.451
0.849	0	0	0	0	0.849	0	0	0	0	0	0	0	0	0	0	0	0	0	0	0	0	0	0	0	0	0	0	0	0	0.25	0	0	0	0	0	0	0	0	0	0	0.504
5.419	1.732	0	0	0	6.28	1.732	0	0	0	0.862	1.732	0	0	0	0.762	1	0	0	0	0.714	1	0	0	0	0	1	0	0	0	0.4	0	0.778	0	0	0	0	0.444	0	0	0.12	0.341
0	0	0	0	0	0	0	0	0	0	0	0	0	0	0	0	0	0	0	0	0	0	0	0	0	0	0	0	0	0	0	0	0	0	0	0	0	0	0	0	0.414	0.890
0	0	0	0	0	0	0	0	0	0	0	0	0	0	0	0	0	0	0	0	0	0	0	0	0	0	0	0	0	0	0	0	0	0	0	0	0	0	0	0	0	0.664
0.866	0	5.183	4.253	0	5.007	0	10.366	6.977	4.245	4.19	0	7.819	4.497	5.272	0.6	0	0.273	0.321	0.5	0.5	0	0.273	0.286	0.333	0.667	0	0.25	0.5	0.4	0	0	0	0	0	0	0	0	0	0	0.72	0.251
0	0	0.819	0	0	0	0	0.819	0	0	0	0	0.819	0.894	0	0	0	0	0	0	0	0	0	0	0	0	0	0	0	0	0	0.375	0	0.444	0	0	0.5	0	0	0	0.298	0.215
0	0	0	0	0	0	0	0	0	0	0	0	0	0	0	0	0	0	0	0	0	0	0	0	0	0	0	0	0	0	0.6	1	1	1	0.8	0.8	1	1	1	0	0	0.907
5.183	0.866	0	0	0	10.366	5.007	4.245	0	3.989	7.819	4.19	5.272	0	3.989	0.273	0.6	0.5	0	0.667	0.273	0.5	0.333	0	0.667	0.25	0.667	0.4	0	0.5	0	0	0	0	0	0	0	0	0	0	0.12	0.405
0	0	0	0	0	0	0	0	0	0	0	0	0	0	0	0	0	0	0	0	0	0	0	0	0	0	0	0	0	0	0	0	0	0	0	0	0	0	0	0	0.296	0.655
0	0	0	0	8.999	0.918	0	0	0	9.917	0.918	0	0	0	2.9	0	0	0	0	0.491	0	0	0	0	0.473	0	0	0	0	0	0	0	0.4	0	0	0.333	0	0.4	0	0	0	0.234
0	0	0	0.849	0	0	0	0.999	0.849	0	0	0	0.999	0	0	0	0	0	0	0	0	0	0	0	0	0	0	0	0	0	0	0	0	0.25	0	0	0	0	0	0	0.898	0.211
0	0	0	0	0.934	0	0	0	0	0	0	0	0	0	0.934	0	0	0	0	0	0	0	0	0	0	0	0	0	0	0	0.4	0.111	0.25	0	0	0.6	0	0	0	0	0.056	0.441
0	16.634	0	0	1.732	0	17.491	0	0	2.589	0	3.031	0	0	0.857	0	0.357	0	0	1	0	0.351	0	0	1	0	0	0	0	0	0.2	0.111	0	0	0	0	0	0	0	0	0	0.395
0	0.826	0	0	2.57	0	0	0	0	2.57	0	0.826	0	0	0.957	0	0	0	0	0.667	0	0	0	0	0.667	0	0	0	0	0	0	0	0.2	0.5	0.6	0	0	0.2	0	0.6	0	0.354
15.544	6.068	7.866	3.973	5.229	19.122	14.16	14.797	11.339	9.828	13.621	11.344	8.872	10.419	6.445	0.557	0.725	0.695	0.8	0.782	0.62	0.714	0.686	0.764	0.764	0.41	0.564	0.556	0.578	0.667	0	0	0	0	0	0	0	0	0	0	0	0.285
0	6.085	0.848	13.357	1.691	0.863	9.915	2.602	18.331	3.828	0.863	5.58	1.754	9.464	2.981	0	0.236	0.667	0.253	0.833	0	0.236	0.667	0.232	0.833	0	0.067	0	0.067	0.667	0	0	0	0	0	0	0	0	0	0	0.056	0.255
0.86	3.37	0	3.45	0	0	3.37	0	2.612	0	0.86	0.869	0	1.68	0	0	1	0	0.6	0	0	1	0	1	0	0	0	0	0	0	0	0	0.2	0	0	0	0	0	0	0	0	0.319
0	0	0	0	6.016	0	0	0	0	8.268	0	0	0	0	4.608	0	0	0	0	0.8	0	0	0	0	0.75	0	0	0	0	0.5	0	0	0	0	0.667	0	0	0	0	0.667	0.556	0.283
0	18.755	0	1.702	0.854	0	18.755	0	1.702	0	0	3.825	0	0	0.854	0	0.3	0	1	0	0	0.286	0	1	0	0	0	0	0	0	0.2	0.4	0.4	0	0	0.4	0.6	0	0	0.2	0	0.533
0	0	0	-1	0	0	0	0	-1	0	0	0	0	-1	0	0	0	0	-1	0	0	0	0	-1	0	0	0	0	-1	0	0	0	0	-1	0	0	0	0	-1	0	0.297	0.986
2.604	0	0	5.991	0	4.403	0	1.039	7.937	0	2.658	0.918	1.039	3.658	0.894	0.5	0	0	0.2	0	0.5	0	0	0.222	0	0	0	0	0	0	0.4	0.2	0.286	0.25	0.444	0	0.8	0.143	0	0	0.195	0.214
0	0	0	0	0	0	0	0	0	0	0	0	0	0	0	0	0	0	0	0	0	0	0	0	0	0	0	0	0	0	1	1	1	0.6	0.667	1	1	1	0	1	0	0.965
