0	0	0	0	0	0	0	0	0	0	0	0	0	0	0	0	0	0	0	0	0	0	0	0	0	0	0	0	0	0	0	0	0	0	0	0	0	0	0	0	0.557	0.442
0	0	2.697	8.889	0	0	0	3.601	10.793	0	0	0	0.904	4.103	0	0	0	0.667	0.327	0	0	0	0.667	0.327	0	0	0	0	0	0	0	0	0	0	0	0	0	0	0	0	0.556	0.302
0	0	0	1.984	0	0	0	0	1.984	0	0	0	0	1.984	0	0	0	0	0	0	0	0	0	0	0	0	0	0	0	0	0	0.25	0	0	1	0	0	0.4	0	1	0	0.391
5.119	0	0	1.909	3.77	5.119	2.661	0	1.909	7.402	2.082	2.661	0	1.008	4.64	1	0	0	0	0.286	1	0	0	0	0.286	1	0	0	0	0	0.5	0	0	0	0	0	0	0	0	0	0	0.670
0	5.119	3.77	0	5.803	0	5.119	7.402	2.661	9.495	0	2.082	4.64	2.661	7.548	0	1	0.286	0	0.267	0	1	0.286	0	0.267	0	1	0	0	0.143	0	0.5	0	0	0	0	0	0	0	0	0	0.479
7.606	0	0	1.166	0	8.522	0	0	1.166	0	1.87	0	0	1.166	0	0.556	0	0	0	0	0.556	0	0	0	0	0	0	0	0	0	0	0	0.75	0	1	0	0	0.125	0	0.333	0.42	0.352
0	0	0	0	0	0	0	0	0	0	0	0	0	0	0	0	0	0	0	0	0	0	0	0	0	0	0	0	0	0	0	0	0.8	0.2	1	0.2	0	0.2	0	1	0	0.731
0	4.86	0	0	0	0	4.86	0	0	0	0	1.998	0	0	0	0	0.2	0	0	0	0	0.2	0	0	0	0	0	0	0	0	0.2	0	0.2	0	0	0.2	0	0	0	0	0	0.754
0	0	0	0	-1	0	0	0	0	-1	0	0	0	0	-1	0	0	0	0	-1	0	0	0	0	-1	0	0	0	0	-1	0	0	0	0	-1	0	0	0	0	-1	0.897	0.999
0	0	1.036	1.73	4.1	0	0	2.019	2.645	5.045	0	0	2.019	0.915	2.327	0	0	1	1	0.7	0	0	1	1	0.7	0	0	1	0	1	1	1	1	0	0.333	0.667	0.333	1	0	0.667	0	0.991
0	0.867	0	0	1.166	0	0.867	0	0	1.166	0	0	0	0	1.166	0	0	0	0	0	0	0	0	0	0	0	0	0	0	0	0	0	0	0	0	0.6	0	0	0	0	0.014	0.718
5.79	0	11.511	7.799	7.72	10.655	0.918	14.073	11.777	11.496	6.111	0	3.898	6.887	6.762	0.218	0	0.769	0.485	0.561	0.218	0	0.736	0.485	0.561	0.133	0	0.667	0.286	0.238	1	0	0.25	0	0	0.2	0	0	0	0	0.196	0.845
0	0	0	0	0	0	0	0	0	0	0	0	0	0	0	0	0	0	0	0	0	0	0	0	0	0	0	0	0	0	0	0	0	0	0	0	0	0	0	0	0.56	0.978
0	0	1.902	0	0.988	0	1.02	0.855	0	1.942	0	1.02	1.902	0	0.988	0	0	0	0	1	0	0	0	0	1	0	0	0	0	0	0.2	0	0	0	0	0.2	0	0.25	0	0	0	0.501
0	0	0	0	0	0	0	0	0	0	0	0	0	0	0	0	0	0	0	0	0	0	0	0	0	0	0	0	0	0	0	0	0	0	0	0.2	0	0	0	0	0.298	0.696
13.982	13.589	0	8.191	0	15.534	16.074	0	12.161	0	6.188	4.45	0	5.029	0	0.581	0.525	0	0.909	0	0.562	0.508	0	0.855	0	0.7	0.5	0	0.833	0	0	0	0	0	0	0	0	0	0	0	0.059	0.295
0	5.803	3.728	3.77	3.499	0	9.495	6.563	7.402	5.377	0	7.548	3.868	4.64	1.878	0	0.267	0.238	0.286	0.467	0	0.267	0.238	0.286	0.467	0	0.143	0	0	0	0.556	0	0	0	0	0.111	0	0	0	0	0.197	0.533
4.679	0.935	0	0	1.909	4.679	2.746	0	0	1.909	3.934	1.811	0	0	1.008	0.2	0	0	0	0	0.3	0	0	0	0	0	0	0	0	0	0	0	0.5	1	0	0	0	0	0.2	0	0.417	0.379
0	0	0	13.982	0	0	0	0	15.534	0	0	0	0	6.188	0	0	0	0	0.581	0	0	0	0	0.562	0	0	0	0	0.7	0	0	0	0	0	0	0	0	0	0	0	0.718	0.389
8.315	0	0	13.417	0	9.375	0	0	13.417	0	5.804	0	0	9.631	0	0.773	0	0	0.593	0	0.8	0	0	0.59	0	0.467	0	0	0.25	0	0.4	0	0.125	0	0.25	0	0.5	0	0	0.75	0.556	0.263
0	0	0	0	4.86	0	0	0	0	4.86	0	0	0	0	1.998	0	0	0	0	0.2	0	0	0	0	0.2	0	0	0	0	0	0	0	0	0	0	0	0	0	0	0	0.556	0.514
0	1.913	0	0	2.804	0	1.913	0	0	2.804	0	1.048	0	0	1.808	0	1	0	0	1	0	1	0	0	1	0	0	0	0	1	1	0	0	0.5	0	0.6	0	0	0	0	0.198	0.913
0	0	0	0	0	0	0	0	0	0	0	0	0	0	0	0	0	0	0	0	0	0	0	0	0	0	0	0	0	0	0	0	0	0	0	0	0	0	0	0	0.12	0.968
0	0	0	0	0	0	0	0	0	0	0	0	0	0	0	0	0	0	0	0	0	0	0	0	0	0	0	0	0	0	0	0	0	0	0	0	0	0	0	0	0.116	0.545
0	1.166	7.606	0	0	0	1.166	8.522	0	0	0	1.166	1.87	0	0	0	0	0.556	0	0	0	0	0.556	0	0	0	0	0	0	0	0	0	0	0	0.75	0	0	0	0	0.125	0	0.443
0	0	0	0	0	0	0	0	0	0	0	0	0	0	0	0	0	0	0	0	0	0	0	0	0	0	0	0	0	0	0	0	0	0	0	0	0	0	0	0.2	0.418	0.574
7.065	10.28	8.191	0	13.589	9.375	15.751	12.161	0	16.074	4.971	8.201	5.029	0	4.45	0.836	0.567	0.909	0	0.525	0.861	0.55	0.855	0	0.508	0.5	0.429	0.833	0	0.5	0.125	0	0	0.2	0	0.375	0	0	0.2	0	0	0.411
2.773	0	17.826	0	1.858	7.55	0	21.335	0	4.439	2.847	0	4.889	0	2.581	0.5	0	0.4	0	0.8	0.5	0	0.381	0	0.8	0.667	0	0.667	0	0.667	0	0	0	0.5	0	0	0	0	1	0	0	0.626
0	0	2.176	4.1	0	0	0	3.121	5.045	0	0	0	3.121	2.327	0	0	0	0.333	0.7	0	0	0	0.333	0.7	0	0	0	0.333	1	0	0.2	0.667	0.333	0.333	0	0	1	0.333	0.667	0	0	0.727
0	0	0.867	2.697	0	0	0	0.867	3.601	0	0	0	0	0.904	0	0	0	0	0.667	0	0	0	0	0.667	0	0	0	0	0	0	0	0	0	0	0	0	0	0	0	0.6	0.055	0.699
0.882	0.988	0	1.902	0	0.882	1.942	0	0.855	0	0.882	0.988	0	1.902	0	0	1	0	0	0	0	1	0	0	0	0	0	0	0	0	0.25	0	0.2	0	0.8	0	0	0	0.25	0.6	0	0.593
0	0	0	0	0	0	0	0	0	0	0	0	0	0	0	0	0	0	0	0	0	0	0	0	0	0	0	0	0	0	0	0	0	0	0	0	0	0	0	0	0.197	0.975
0	0	2.773	37.457	17.826	0	0	7.55	41.667	21.335	0	0	2.847	15.322	4.889	0	0	0.5	0.222	0.4	0	0	0.5	0.215	0.381	0	0	0.667	0.167	0.667	0	0.5	0	0	0	0	1	0	1	0	0.199	0.904
0	12.93	0	0	0	0	14.031	0	0	0	0	1.101	0	0	0	0	0.736	0	0	0	0	0.703	0	0	0	0	0	0	0	0	0	0	0.4	0	0	0.444	0.333	0.2	0	0	0	0.480
0	0	0	0	0	0	0	0	0	0	0	0	0	0	0	0	0	0	0	0	0	0	0	0	0	0	0	0	0	0	0	0	0	0	0	0	0.2	0	0	0	0	0.776
1.036	0	4.1	0	0	2.019	0	5.045	0	0	2.019	0	2.327	0	0	1	0	0.7	0	0	1	0	0.7	0	0	1	0	1	0	0	1	1	0.333	1	0.667	1	0.667	0.667	0.333	1	0.294	0.830
10.307	26.835	0	0.928	1.913	11.193	30.521	0	1.976	1.913	4.324	10.097	0	1.048	1.048	0.418	0.325	0	1	1	0.418	0.312	0	1	1	0.167	0.214	0	0	0	0.4	0	0.5	0.4	0	0	0	0	0	0	0	0.653
0	1.873	8.889	0	0	0	2.873	10.793	0	0	0	2.008	4.103	0	0	0	0.333	0.327	0	0	0	0.333	0.327	0	0	0	0	0	0	0	0	0	0	0	0	0	0	0	0	0	0	0.627
7.872	0	0	0	0	8.795	0	0	0	0	4.298	0	1.012	0	0	0.472	0	0	0	0	0.472	0	0	0	0	0.5	0	0	0	0	0	0.5	0	1	1	0	0	0	1	0.2	0.718	0.241
8.889	0	0	1.873	0	10.793	0	0	2.873	0	4.103	0	0	2.008	0	0.327	0	0	0.333	0	0.327	0	0	0.333	0	0	0	0	0	0	0	0	0	0	0	0	0	0	0	0	0.419	0.186
0	0	0	0	0	0	0	0	0	0	0	0	0	0	0	0	0	0	0	0	0	0	0	0	0	0	0	0	0	0	0	0	0	0	0	0	0	0	0	0	0.718	0.415
0	0	0	0	0	0	0	0	0	0	0	0	0	0	0	0	0	0	0	0	0	0	0	0	0	0	0	0	0	0	0	0.2	0	0.2	0.8	0	0	0.2	0.2	0.2	0	0.818
0	0	0	0	0.876	0	0	0	0	0.876	0	0	0	0	0	0	0	0	0	0	0	0	0	0	0	0	0	0	0	0	0	0	1	0.25	0	0.4	0	1	0	1	0	0.719
0	4.1	0	1.036	2.176	0	5.045	0	2.019	3.121	0	2.327	0	2.019	3.121	0	0.7	0	1	0.333	0	0.7	0	1	0.333	0	1	0	1	0.333	0.667	0.333	0.2	1	0.333	1	0.667	0	1	0.333	0	0.853
26.835	0.928	10.307	0	0	30.521	1.976	11.193	0.986	0	10.097	1.048	4.324	0.986	0	0.325	1	0.418	0	0	0.312	1	0.418	0	0	0.214	0	0.167	0	0	0	0.4	0.4	0.5	0.5	0	0	0	1	0	0.42	0.359
11.511	5.79	7.72	0	0	14.073	10.655	11.496	0.918	0.986	3.898	6.111	6.762	0	0.986	0.769	0.218	0.561	0	0	0.736	0.218	0.561	0	0	0.667	0.133	0.238	0	0	0.25	1	0	0	0.5	0	0.2	0	0	1	0.417	0.704
0	10.307	1.913	26.835	0	0	11.193	1.913	30.521	0	0	4.324	1.048	10.097	0	0	0.418	1	0.325	0	0	0.418	1	0.312	0	0	0.167	0	0.214	0	0.5	0.4	0	0	1	0	0	0	0	0.6	0	0.871
7.72	11.511	0	5.79	0.928	11.496	14.073	0.986	10.655	1.976	6.762	3.898	0.986	6.111	1.048	0.561	0.769	0	0.218	1	0.561	0.736	0	0.218	1	0.238	0.667	0	0.133	0	0	0.25	0.5	1	0.4	0	0	1	0.2	0	0.894	0.684
10.28	0	7.065	0	8.191	15.751	0	9.375	0	12.161	8.201	0	4.971	0	5.029	0.567	0	0.836	0	0.909	0.55	0	0.861	0	0.855	0.429	0	0.5	0	0.833	0	0.2	0.125	0	0	0	0.2	0.375	0	0	0	0.194
0	0	-1	0	-1	0	0	-1	0	-1	0	0	-1	0	-1	0	0	-1	0	-1	0	0	-1	0	-1	0	0	-1	0	-1	0	0	-1	0	-1	0	0	-1	0	-1	0.894	0.999
0	0	0	0	0	0	0	0	0	0	0	0	0	0	0	0	0	0	0	0	0	0	0	0	0	0	0	0	0	0	0	0	0	0	0	0	0	0	0	0	0.556	0.950
0	0	4.86	0	0	0	0	4.86	0	0	0	0	1.998	0	0	0	0	0.2	0	0	0	0	0.2	0	0	0	0	0	0	0	0	0	0	0	0.2	0	0	0	0	0.2	0.42	0.537
3.728	0	3.499	5.803	1.761	6.563	0	5.377	9.495	3.512	3.868	0	1.878	7.548	3.512	0.238	0	0.467	0.267	0.833	0.238	0	0.467	0.267	0.833	0	0	0	0.143	0.333	0	0.556	0	0	0	0	0.111	0	0	0	0.195	0.275
0	7.606	0	0	4.871	0	8.522	0	0	5.854	0	1.87	0	0	3.099	0	0.556	0	0	0.467	0	0.556	0	0	0.467	0	0	0	0	0.667	0.75	0	1	0	0	0.125	0	0.333	0	0	0.9	0.828
2.697	0	0	0	0	3.601	0	0	0	0	0.904	0	0	0	0	0.667	0	0	0	0	0.667	0	0	0	0	0	0	0	0	0	0	0	0	0	0	0	0	0	0	0	0.116	0.485
0	4.679	1.909	0.935	0	0	4.679	1.909	2.746	2.661	0	3.934	1.008	1.811	2.661	0	0.2	0	0	0	0	0.3	0	0	0	0	0	0	0	0	0.5	0	0	0	0	0	0	0	0	0	0	0.679
0	0	2.804	1.913	20.353	0	0	2.804	1.913	21.454	0	0	1.808	1.048	5.07	0	0	1	1	0.567	0	0	1	1	0.538	0	0	1	0	0.167	0	1	0	0	0	0	0.6	0	0	0	0	0.566
0	0	0	2.176	1.861	0	0	0	3.121	1.861	0	0	0	3.121	0	0	0	0	0.333	1	0	0	0	0.333	1	0	0	0	0.333	0	0	0	0.4	0.333	0	0	0	0.2	0.333	0	0.197	0.389
0	7.872	0	0	0.935	0	8.795	0	0	2.746	1.012	4.298	0	0	1.811	0	0.472	0	0	0	0	0.472	0	0	0	0	0.5	0	0	0	0	0	1	0.5	0	0	0	0.2	0	0	0.419	0.600
0	13.982	0	13.589	0	0	15.534	0	16.074	0	0	6.188	0	4.45	0	0	0.581	0	0.525	0	0	0.562	0	0.508	0	0	0.7	0	0.5	0	0	0	0	0	0	0	0	0	0	0	0.898	0.345
0	1.73	0	4.871	1.036	0	2.645	0	5.854	2.019	0	0.915	0	3.099	2.019	0	1	0	0.467	1	0	1	0	0.467	1	0	0	0	0.667	1	1	0	1	0	1	0.333	0	0.667	0	1	0.417	0.994
0	13.417	8.315	0	0	0	13.417	9.375	0	0	0	9.631	5.804	0	0	0	0.593	0.773	0	0	0	0.59	0.8	0	0	0	0.25	0.467	0	0	0	0	0.4	0.4	0.125	0.5	0	0	0.2	0	0.556	0.860
0	0	0	0	0	0	0	0	0	0	0	0	0	0	0	0	0	0	0	0	0	0	0	0	0	0	0	0	0	0	0	0	0	0	0	0	0	0	0	0	0.418	0.510
1.902	0	0.988	0	0.882	0.855	0	1.942	1.02	0.882	1.902	0	0.988	1.02	0.882	0	0	1	0	0	0	0	1	0	0	0	0	0	0	0	0	0.2	0	0	0.25	0.25	0.2	0	0	0	0.294	0.658
0	-1	0	-1	0	0	-1	0	-1	0	0	-1	0	-1	0	0	-1	0	-1	0	0	-1	0	-1	0	0	-1	0	-1	0	0	-1	0	-1	0	0	-1	0	-1	0	0.899	0.937
0	0	10.28	13.21	7.065	0	0	15.751	14.366	9.375	0	0	8.201	8.925	4.971	0	0	0.567	0.566	0.836	0	0	0.55	0.549	0.861	0	0	0.429	0.286	0.5	0.2	0	0	0.2	0.125	0.2	0	0	0	0.375	0	0.540
0	0	0	0	0	0	0	0	0	0	0	0	0	0	0	0	0	0	0	0	0	0	0	0	0	0	0	0	0	0	0	0	0	0	0	0	0	0	0	0	0.414	0.543
0.895	0.876	0	0	0	0.895	0.876	0	0	0	0.895	0	0	0	0	0	0	0	0	0	0	0	0	0	0	0	0	0	0	0	0	0	0.5	1	0.333	1	1	1	1	0.667	0.296	0.859
3.77	0	5.803	5.119	0	7.402	0	9.495	5.119	0	4.64	0	7.548	2.082	0	0.286	0	0.267	1	0	0.286	0	0.267	1	0	0	0	0.143	1	0	0	0	0	0.5	0.556	0	0	0	0	0.111	0.554	0.161
0.867	0	0	0	0	0.867	0	0	0	0	0	0	0	0	0	0	0	0	0	0	0	0	0	0	0	0	0	0	0	0	0	0	0	0	0	0	0	0.6	0	0	0.556	0.228
17.826	2.773	1.858	0	7.799	21.335	7.55	4.439	0	11.777	4.889	2.847	2.581	0	6.887	0.4	0.5	0.8	0	0.485	0.381	0.5	0.8	0	0.485	0.667	0.667	0.667	0	0.286	0	0	0	0	0	0	0	0	0	0	0.557	0.329
0	0	4.871	7.606	1.73	0	0	5.854	8.522	2.645	0	0	3.099	1.87	0.915	0	0	0.467	0.556	1	0	0	0.467	0.556	1	0	0	0.667	0	0	1	0.75	0	0	0	0.333	0.125	0	0	0	0.298	0.942
13.21	12.269	0	0	0	14.366	15.225	0	0	0	8.925	8.142	0	0	0	0.566	0.648	0	0	0	0.549	0.629	0	0	0	0.286	0.321	0	0	0	0.2	0	0	0.8	0.2	0	0	0	0.8	0.2	0	0.312
0	8.889	0	0	2.697	0	10.793	0	0	3.601	0	4.103	0	0	0.904	0	0.327	0	0	0.667	0	0.327	0	0	0.667	0	0	0	0	0	0	0	0	0	0	0	0	0	0	0	0.716	0.429
1.913	0	0	10.307	0	1.913	0	0	11.193	0	1.048	0	0	4.324	0	1	0	0	0.418	0	1	0	0	0.418	0	0	0	0	0.167	0	0	0.5	1	0.4	0	0	0	0.6	0	0	0	0.482
0	0	0	0	0	0	0	0	0	0	0	0	0	0	0	0	0	0	0	0	0	0	0	0	0	0	0	0	0	0	0	0	0	0	0	0	0	0.2	0	0	0.556	0.604
0	0	0	0	0	0	0	0	0	0	0	0	0	0	0	0	0	0	0	0	0	0	0	0	0	0	0	0	0	0	0	0	0	0	0	0	0	0	0	0	0.716	0.980
0	1.761	0	3.499	0	0	3.512	0.912	5.377	0	0	3.512	0.912	1.878	0	0	0.833	0	0.467	0	0	0.833	0	0.467	0	0	0.333	0	0	0	0.25	0	0	0	0	0	0	0	0	0	0	0.839
1.917	0	1.984	0	0	0.869	0	1.984	0.912	0	1.917	0	1.984	0.912	0	0	0	0	0	0	0	0	0	0	0	0	0	0	0	0	0	0	0	0	0.25	0.4	0	0	0	0	0.12	0.505
2.176	0	0	0	0	3.121	0	0	0	0	3.121	0	0	0	0	0.333	0	0	0	0	0.333	0	0	0	0	0.333	0	0	0	0	0.333	0.2	0	0.667	0	0.333	0	0	1	0	0	0.784
0	0	0	0	0	0	0	0	0	0	0	0	0	0	0	0	0	0	0	0	0	0	0	0	0	0	0	0	0	0	0	0	0	0	0	0	0	0	0	0	0.296	0.398
0	0	0	0	0	0	0	0	0	0	0	0	0	0	0	0	0	0	0	0	0	0	0	0	0	0	0	0	0	0	0	0	0	0	0	0	0	0	0	0	0.557	0.535
37.457	0	0	0	0	41.667	0	0	0	0	15.322	0	0	0	0	0.222	0	0	0	0	0.215	0	0	0	0	0.167	0	0	0	0	0	0.4	0.5	0.8	0	1	0.6	1	0.6	0	0	0.452
5.803	3.77	0	0	3.728	9.495	7.402	0	0	6.563	7.548	4.64	0	0	3.868	0.267	0.286	0	0	0.238	0.267	0.286	0	0	0.238	0.143	0	0	0	0	0	0	0.556	0	0	0	0	0.111	0	0	0.416	0.267
0	0	0	0	7.872	0	0	0	0	8.795	0	0	0	0	4.298	0	0	0	0	0.472	0	0	0	0	0.472	0	0	0	0	0.5	1	0.8	0.5	0	0	1	0.2	0	0.2	0	0.196	0.955
13.589	8.191	13.982	7.065	0	16.074	12.161	15.534	9.375	0	4.45	5.029	6.188	4.971	0	0.525	0.909	0.581	0.836	0	0.508	0.855	0.562	0.861	0	0.5	0.833	0.7	0.5	0	0	0	0	0.125	0	0	0	0	0.375	0	0.116	0.204
0	20.353	12.93	2.804	0	0	21.454	14.031	2.804	0	0	5.07	1.101	1.808	0	0	0.567	0.736	1	0	0	0.538	0.703	1	0	0	0.167	0	1	0	0	0	0	0	0	0	0	0.333	0	0.444	0	0.653
3.499	3.728	1.761	0	0	5.377	6.563	3.512	0	0	1.878	3.868	3.512	0	0	0.467	0.238	0.833	0	0	0.467	0.238	0.833	0	0	0	0	0.333	0	0	0	0	0	0.556	0.25	0	0	0	0.111	0	0.714	0.237
0	0	0	0	0	0	0	0	0	0	0	0	0	0	0	0	0	0	0	0	0	0	0	0	0	0	0	0	0	0	0	0	0	0	0	0	0	0	0	0	0.117	0.494
0	2.176	0	0	0	0	3.121	0	0	0	0	3.121	0	0	0	0	0.333	0	0	0	0	0.333	0	0	0	0	0.333	0	0	0	0	0.333	0	0.2	0.4	0	0.333	0	0	0.2	0	0.703
0	13.21	0	12.269	10.28	0	14.366	0	15.225	15.751	0	8.925	0	8.142	8.201	0	0.566	0	0.648	0.567	0	0.549	0	0.629	0.55	0	0.286	0	0.321	0.429	0	0.2	0.2	0	0	0	0	0.2	0	0	0	0.563
1.861	0	14.601	0	0	1.861	0	15.62	0	0	0	0	1.02	0	0	1	0	0.316	0	0	1	0	0.309	0	0	0	0	0	0	0	0	0.4	0	0	0	0	0.2	0	0	0	0	0.556
8.191	7.065	13.589	10.28	13.982	12.161	9.375	16.074	15.751	15.534	5.029	4.971	4.45	8.201	6.188	0.909	0.836	0.525	0.567	0.581	0.855	0.861	0.508	0.55	0.562	0.833	0.5	0.5	0.429	0.7	0	0.125	0	0	0	0	0.375	0	0	0	0.419	0.346
13.417	0	0	1.119	8.315	13.417	0	0	1.119	9.375	9.631	0	0	1.119	5.804	0.593	0	0	0	0.773	0.59	0	0	0	0.8	0.25	0	0	0	0.467	0	0.4	0	0	0.4	0	0.2	0.5	0	0	0.296	0.562
0	0	0	0.882	37.457	0	0	0	0.882	41.667	0	0	0	0.882	15.322	0	0	0	0	0.222	0	0	0	0	0.215	0	0	0	0	0.167	0.8	0.2	0.4	0.25	0	0.6	0	0.6	0	1	0	0.955
0	0	12.269	0	13.21	0	0	15.225	0	14.366	0	0	8.142	0	8.925	0	0	0.648	0	0.566	0	0	0.629	0	0.549	0	0	0.321	0	0.286	0.8	0.25	0	0.125	0.2	0.8	0.75	0	0	0	0	0.945
0	0.895	0	0.876	0	0	0.895	0	0.876	0	0	0.895	0	0	0	0	0	0	0	0	0	0	0	0	0	0	0	0	0	0	0.5	0	0.333	0	0	1	1	0.667	1	0	0	0.962
0	0	0	0	0	0	0	0	0	0	0	0	0	0	0	0	0	0	0	0	0	0	0	0	0	0	0	0	0	0	0	0	0	0	0	0	0	0	0	0	0.557	0.984
4.86	0	0	0	0	4.86	0	0	0	0	1.998	0	0	0	0	0.2	0	0	0	0	0.2	0	0	0	0	0	0	0	0	0	0	0	0.2	0	0.2	0	0	0.2	0	0	0.298	0.308
0	0	0	0	0	0	0	0	0	0	0	0	0	0	0	0	0	0	0	0	0	0	0	0	0	0	0	0	0	0	0.8	0	1	0	0.5	0.2	0.2	1	0	0	0	0.951
0	0	0	-1	0	0	0	0	-1	0	0	0	0	-1	0	0	0	0	-1	0	0	0	0	-1	0	0	0	0	-1	0	0	0	0	-1	0	0	0	0	-1	0	0.718	0.837
0	0	0	0	0	0	0	0	0	0	0	0	0	0	0	0	0	0	0	0	0	0	0	0	0	0	0	0	0	0	0	0	0	0	0	0	0	0	0	0	0.417	0.607
2.804	0	20.353	0	0	2.804	0	21.454	0	0	1.808	0	5.07	0	0	1	0	0.567	0	0	1	0	0.538	0	0	1	0	0.167	0	0	0	0	0	1	0	0	0	0	0.6	0	0	0.640
14.601	1.861	0	0	0	15.62	1.861	0	0	1.02	1.02	0	0	0	1.02	0.316	1	0	0	0	0.309	1	0	0	0	0	0	0	0	0	0	0	0	0.4	0	0	0	0	0.2	0	0.716	0.381
0	0	0	1.761	1.917	0.912	0	0	3.512	0.869	0.912	0	0	3.512	1.917	0	0	0	0.833	0	0	0	0	0.833	0	0	0	0	0.333	0	0	0.25	0	0	0	0	0	0	0	0.4	0.554	0.281
0.928	0	26.835	7.72	10.307	1.976	0.986	30.521	11.496	11.193	1.048	0.986	10.097	6.762	4.324	1	0	0.325	0.561	0.418	1	0	0.312	0.561	0.418	0	0	0.214	0.238	0.167	0.4	0.5	0	0	0.4	0	1	0	0	0	0	0.676
0	0	1.873	0	0	0	0	2.873	0	0	0	0	2.008	0	0	0	0	0.333	0	0	0	0	0.333	0	0	0	0	0	0	0	0	0.333	0	0.5	0	0	0.667	0	1	0	0.415	0.239
0	0	0	12.93	1.119	0	0	0	14.031	1.119	0	0	0	1.101	1.119	0	0	0	0.736	0	0	0	0	0.703	0	0	0	0	0	0	0.4	0	0	0	0	0.2	0.444	0	0.333	0	0	0.674
0	0	0.876	0	0.895	0	0	0.876	0	0.895	0	0	0	0	0.895	0	0	0	0	0	0	0	0	0	0	0	0	0	0	0	1	0	0	0	0	1	0.4	1	0	1	0.12	0.976
1.858	17.826	7.799	2.773	0	4.439	21.335	11.777	7.55	0.918	2.581	4.889	6.887	2.847	0	0.8	0.4	0.485	0.5	0	0.8	0.381	0.485	0.5	0	0.667	0.667	0.286	0.667	0	0	0	0	0	0	0	0	0	0	0	0.897	0.537
0	0	1.166	0.867	0	0	0	1.166	0.867	0	0	0	1.166	0	0	0	0	0	0	0	0	0	0	0	0	0	0	0	0	0	0	0	0	0	0	0	0.6	0	0	0	0.299	0.285
0	2.697	0	0	0.867	0	3.601	0	0	0.867	0	0.904	0	0	0	0	0.667	0	0	0	0	0.667	0	0	0	0	0	0	0	0	0	0	0	0	0	0	0	0	0	0	0.893	0.474
7.799	1.858	0	17.826	5.79	11.777	4.439	0.918	21.335	10.655	6.887	2.581	0	4.889	6.111	0.485	0.8	0	0.4	0.218	0.485	0.8	0	0.381	0.218	0.286	0.667	0	0.667	0.133	0	0	0	0	1	0	0	0	0	0.2	0.298	0.472
0	0	0	0	0	0	0	0	0	0	0	0	0	0	0	0	0	0	0	0	0	0	0	0	0	0	0	0	0	0	0	0	0	0	0	0	0	0	0	0	0.897	0.997
1.119	0	0	0	13.417	1.119	0	0	0	13.417	1.119	0	0	0	9.631	0	0	0	0	0.593	0	0	0	0	0.59	0	0	0	0	0.25	0	0	0.4	0.4	0	0	0	0.2	0.2	0	0	0.438
0	1.909	5.119	0	0	2.661	1.909	5.119	0	0	2.661	1.008	2.082	0	0	0	0	1	0	0	0	0	1	0	0	0	0	1	0	0	0	0	0.5	0.5	0	0	0	0	0	0	0.557	0.261
0	1.984	0	1.917	0	0	1.984	0	0.869	0	0	1.984	0	1.917	0	0	0	0	0	0	0	0	0	0	0	0	0	0	0	0	0.25	0	0	0	0	0	0	0	0.4	0.4	0	0.779
12.269	0	13.21	0	0	15.225	0	14.366	0	0	8.142	0	8.925	0	0	0.648	0	0.566	0	0	0.629	0	0.549	0	0	0.321	0	0.286	0	0	0	0.8	0.2	0.25	0	0	0.8	0	0.75	0	0.294	0.495
0	0	0	0	0	0	0	0	0	0	0	0	0	0	0	0	0	0	0	0	0	0	0	0	0	0	0	0	0	0	0	0	0	0	0	0	0	0	0	0	0.196	0.639
0	0	0	0	0	0	0	0	0	0	0	0	0	0	0	0	0	0	0	0	0	0	0	0	0	0	0	0	0	0	0	0	0	0	0	0	0	0	0	0	0	0.621
0.876	0	0.895	0	0	0.876	0	0.895	0	0	0	0	0.895	0	0	0	0	0	0	0	0	0	0	0	0	0	0	0	0	0	0	1	0	0	0.5	1	1	1	0.4	1	0	0.838
0	0	0	14.601	1.902	1.02	0	0	15.62	0.855	1.02	0	0	1.02	1.902	0	0	0	0.316	0	0	0	0	0.309	0	0	0	0	0	0	0	0	0.2	0	0	0	0	0.2	0	0.25	0.556	0.341
0	0	0	0	0	0	0	0	0	0	0	0	0	0	0	0	0	0	0	0	0	0	0	0	0	0	0	0	0	0	0	0	0	0	0	0	0	0	0	0	0.717	0.410
12.93	0	0	20.353	0	14.031	0	0	21.454	0	1.101	0	0	5.07	0	0.736	0	0	0.567	0	0.703	0	0	0.538	0	0	0	0	0.167	0	0	0	0	0	0.4	0.333	0	0.444	0	0.2	0	0.488
0	0	37.457	0	0	0	0	41.667	0	0	0	0	15.322	0	0	0	0	0.222	0	0	0	0	0.215	0	0	0	0	0.167	0	0	0.4	0.8	0	0.2	0.5	0.6	0.6	1	0	1	0	0.768
0	0	0	0	0	0	0	0	0	0	0	0	0	0	0	0	0	0	0	0	0	0	0	0	0	0	0	0	0	0	0	0	0	0	0	0	0	0	0	0	0.717	0.701
1.984	1.917	0	0	0	1.984	0.869	0	0	0	1.984	1.917	0	0	0	0	0	0	0	0	0	0	0	0	0	0	0	0	0	0	0	0	0.25	0	0	0	0.4	0	0	0	0.418	0.180
0.988	1.902	0.882	0	0	1.942	0.855	0.882	0	0	0.988	1.902	0.882	0	0	1	0	0	0	0	1	0	0	0	0	0	0	0	0	0	0	0	0.25	0.2	0.2	0	0.25	0	0.2	0	0	0.322
0	1.119	13.417	0	0	0	1.119	13.417	0	0	0	1.119	9.631	0	0	0	0	0.593	0	0	0	0	0.59	0	0	0	0	0.25	0	0	0.4	0	0	0	0	0.2	0	0	0	0.5	0	0.892
0	0	0.935	7.872	4.679	0	0	2.746	8.795	4.679	0	1.012	1.811	4.298	3.934	0	0	0	0.472	0.2	0	0	0	0.472	0.3	0	0	0	0.5	0	1	0	0	0	0	0.2	0	0	0	0	0.42	0.960
0	7.799	5.79	1.858	11.511	0.918	11.777	10.655	4.439	14.073	0	6.887	6.111	2.581	3.898	0	0.485	0.218	0.8	0.769	0	0.485	0.218	0.8	0.736	0	0.286	0.133	0.667	0.667	0	0	1	0	0.25	0	0	0.2	0	0	0.896	0.727
0	8.315	0	0	0	0	9.375	0	0	0	0	5.804	0	0	0	0	0.773	0	0	0	0	0.8	0	0	0	0	0.467	0	0	0	0.125	0.4	0.25	0	0.8	0	0	0.75	0.5	0.8	0.9	0.524
0.935	0	4.679	0	0	2.746	0	4.679	0	0	1.811	0	3.934	1.012	0	0	0	0.2	0	0	0	0	0.3	0	0	0	0	0	0	0	0	1	0	0	0.5	0	0.2	0	0	0	0.556	0.240
0	0	0	0	0	0	0	0	0	0	0	0	0	0	0	0	0	0	0	0	0	0	0	0	0	0	0	0	0	0	0	0	0	0	0	0	0	0	0	0	0	0.617
4.871	0	1.73	0	0	5.854	0	2.645	0	0	3.099	0	0.915	0	0	0.467	0	1	0	0	0.467	0	1	0	0	0.667	0	0	0	0	0	1	0	0.75	1	0	0.333	0	0.125	0.333	0.713	0.791
0	0.882	0	0.988	0	0	0.882	0	1.942	0	0	0.882	0	0.988	0	0	0	0	1	0	0	0	0	1	0	0	0	0	0	0	0.2	0.25	0.8	0	0.4	0	0	0.6	0	0.6	0	0.669
0	37.457	0	0	2.773	0	41.667	0	0	7.55	0	15.322	0	0	2.847	0	0.222	0	0	0.5	0	0.215	0	0	0.5	0	0.167	0	0	0.667	0.5	0	0	0.4	0	1	1	0	0.6	0	0.117	0.964
4.1	1.036	0	0	0	5.045	2.019	0	0	0	2.327	2.019	0	0	0	0.7	1	0	0	0	0.7	1	0	0	0	1	1	0	0	0	0.333	1	0.667	1	0.2	0.667	1	1	0.667	0	0.116	0.669
0	0	0	8.315	12.269	0	0	0	9.375	15.225	0	0	0	5.804	8.142	0	0	0	0.773	0.648	0	0	0	0.8	0.629	0	0	0	0.467	0.321	0.25	0.125	0.8	0.4	0	0.75	0	0.8	0	0	0.415	0.673
0	0	1.861	0	14.601	0	0	1.861	0	15.62	0	0	0	0	1.02	0	0	1	0	0.316	0	0	1	0	0.309	0	0	0	0	0	0.4	0	0	0	0	0.2	0	0	0	0	0	0.719
0	0	0	0	0	0	0	0	0	0	0	0	0	0	0	0	0	0	0	0	0	0	0	0	0	0	0	0	0	0	0	0	0	0	0	0	0	0	0	0	0.716	0.988
20.353	2.804	0	0	12.93	21.454	2.804	0	0	14.031	5.07	1.808	0	0	1.101	0.567	1	0	0	0.736	0.538	1	0	0	0.703	0.167	1	0	0	0	0	0	0	0	0	0	0	0	0	0.333	0	0.436
0	0	0	0	0	0	0	0	0	0	0	0	0	0	0	0	0	0	0	0	0	0	0	0	0	0	0	0	0	0	0	0	0	0	0	0	0	0	0.2	0	0.556	0.922
0	0	1.119	0	0	0	0	1.119	0	0	0	0	1.119	0	0	0	0	0	0	0	0	0	0	0	0	0	0	0	0	0	0	0.4	0	0	0.4	0	0.2	0	0.444	0.2	0	0.827
0	0	7.872	0	0	0	0	8.795	0	0	0	0	4.298	0	1.012	0	0	0.472	0	0	0	0	0.472	0	0	0	0	0.5	0	0	0.5	1	0	0.8	0	0	1	0	0.2	0	0.417	0.920
0	0	1.917	0	1.984	0	0.912	0.869	0	1.984	0	0.912	1.917	0	1.984	0	0	0	0	0	0	0	0	0	0	0	0	0	0	0	0	0	0	0.25	0	0	0	0.4	0	0	0.717	0.248
1.909	0	0	4.679	5.119	1.909	0	2.661	4.679	5.119	1.008	0	2.661	3.934	2.082	0	0	0	0.2	1	0	0	0	0.3	1	0	0	0	0	1	0	0.5	0	0	0.5	0	0	0	0	0	0.116	0.446
1.873	0	0	0	8.889	2.873	0	0	0	10.793	2.008	0	0	0	4.103	0.333	0	0	0	0.327	0.333	0	0	0	0.327	0	0	0	0	0	0	0	0	0.333	0	0	0	0	0.667	0	0.195	0.450
0	0	0	4.86	0	0	0	0	4.86	0	0	0	0	1.998	0	0	0	0	0.2	0	0	0	0	0.2	0	0	0	0	0	0	0.2	0.2	0	0	0	0	0.2	0	0	0.2	0	0.837
0	0	0	0.895	1.873	0	0	0	0.895	2.873	0	0	0	0.895	2.008	0	0	0	0	0.333	0	0	0	0	0.333	0	0	0	0	0	0.333	0.5	0	0	0	0.667	1	0	1	0	0	0.868
1.761	3.499	0	3.728	0	3.512	5.377	0	6.563	0.912	3.512	1.878	0	3.868	0.912	0.833	0.467	0	0.238	0	0.833	0.467	0	0.238	0	0.333	0	0	0	0	0	0	0.25	0	0	0	0	0	0	0	0.415	0.275
0	7.72	0.928	11.511	26.835	0.986	11.496	1.976	14.073	30.521	0.986	6.762	1.048	3.898	10.097	0	0.561	1	0.769	0.325	0	0.561	1	0.736	0.312	0	0.238	0	0.667	0.214	0.5	0	0.4	0.25	0	1	0	0	0	0	0.294	0.892
1.166	0	0	0	7.606	1.166	0	0	0	8.522	1.166	0	0	0	1.87	0	0	0	0	0.556	0	0	0	0	0.556	0	0	0	0	0	0	0	0	0	0	0	0	0	0.6	0	0.419	0.393
1.73	4.871	0	0	0	2.645	5.854	0	0	0	0.915	3.099	0	0	0	1	0.467	0	0	0	1	0.467	0	0	0	0	0.667	0	0	0	0	0	1	1	1	0	0	0.333	0.333	0.667	0.116	0.570
0	14.601	0	1.861	0	0	15.62	1.02	1.861	0	0	1.02	1.02	0	0	0	0.316	0	1	0	0	0.309	0	1	0	0	0	0	0	0	0	0	0	0	0.2	0	0	0	0	0.2	0.56	0.481
