0	0	4.442	0	0	0	0	6.406	0	0	0	0	3.721	0	0	0	0	0.524	0	0	0	0	0.524	0	0	0	0	0.167	0	0	0	0	0	0.6	0.4	0	0.2	0	0.6	0	0.556	0.255
0.9	0	0	0	0.868	0.9	0	0	0	0.868	0	0	0	0	0.868	0	0	0	0	0	0	0	0	0	0	0	0	0	0	0	0	0	0	0.2	0	0	0	0	0.2	0	0.419	0.257
22.321	44.98	2.666	28.612	0	28.347	50.491	8.151	34.331	0	16.359	13.908	7.253	19.745	0	0.362	0.169	0.643	0.291	0	0.357	0.167	0.607	0.287	0	0.39	0.318	0.524	0.327	0	0	0	0	0	0	0	0	0	0	0	0.298	0.157
0	0	0	0	0	0	0	0	0	0	0	0	0	0	0	0	0	0	0	0	0	0	0	0	0	0	0	0	0	0	1	0.4	0.8	0.2	0	1	0.4	1	0.6	0	0.42	0.986
2.671	0	0	0	3.758	2.671	0	0	0	5.721	2.671	0	0	0	2.978	0.667	0	0	0	0.4	0.667	0	0	0	0.4	0.667	0	0	0	0	0	0.667	0	0.6	0	0	0.111	0	0.2	0	0.554	0.180
0.94	0	0	0	0	0.94	0	1.039	0	0	0.94	0	1.039	0	0	0	0	0	0	0	0	0	0	0	0	0	0	0	0	0	0	0	0.25	0	0.2	0	0	0	0	1	0.556	0.235
0	0	3.662	0	0.875	0	0	5.507	1.766	0.875	0.871	0	2.738	1.766	0	0	0	0.467	0	0	0	0	0.467	0	0	0	0	0	0	0	0	0	0	0	0	0	0	0	0	0	0	0.382
0.873	7.985	16.939	0	7.202	3.668	15.091	24.029	0	12.401	2.795	10.713	10.121	0	7.044	0.667	0.467	0.293	0	0.449	0.667	0.467	0.293	0	0.449	0.333	0.382	0.472	0	0.429	0	0.4	0.8	0.6	0	0	1	0	1	0	0.42	0.300
0	0.905	0	1.898	0	7.065	5.645	5.745	7.02	8.004	6.101	5.223	6.162	3.953	8.004	0.733	0.733	0.733	0.667	0.571	0.733	0.7	0.7	0.667	0.571	0.4	0.667	0.3	0.333	0.238	0	0	0	0	0	0	0	0	0	0	0.714	0.351
0	0	0	0	3.13	0	0	0	0	8.342	0	0	0	0	6.373	0	0	0	0	0.714	0	0	0	0	0.667	0	0	0	0	0.6	0	0	0	0	0	0	0	0	0	0	0	0.505
0	0	0	0	0	0	0	0	0	0	0	0	0	0	0	0	0	0	0	0	0	0	0	0	0	0	0	0	0	0	0	0	0	0	0	0	0	0	0	0	0.415	0.265
2.674	6.374	3.763	2.792	0	2.674	11.646	8.499	6.072	0.989	1.809	8.144	5.663	5.182	0.989	1	0.409	0.667	0.933	0	1	0.409	0.667	0.933	0	1	0.393	0.467	0.8	0	0.2	0.333	0	0	0.286	0.2	0	0.333	0	0.571	0.419	0.415
3.662	0	0.875	0	0	5.507	0	0.875	0	0	2.738	0.871	0	0	0	0.467	0	0	0	0	0.467	0	0	0	0	0	0	0	0	0	0	0	0	0	0.2	0	0	0	0	0.8	0.298	0.209
0.875	3.662	0	0	0	0.875	5.507	0	0	0	0	2.738	0	0.871	0	0	0.467	0	0	0	0	0.467	0	0	0	0	0	0	0	0	0	0	0.2	0	0	0	0	0.8	0	0	0.418	0.295
6.752	5.066	0	0	0	6.752	6.104	0	0	0	3.053	3.191	0	0	0	0.429	0.4	0	0	0	0.429	0.4	0	0	0	0	0	0	0	0	0.8	0	1	0.2	0.8	0.6	0	1	1	0.8	0.299	0.317
0	18.791	7.985	6.362	0.873	0	27.38	15.091	11.087	3.668	0	12.51	10.713	4.725	2.795	0	0.265	0.467	0.439	0.667	0	0.265	0.467	0.439	0.667	0	0.303	0.382	0.3	0.333	0.6	0.2	0.4	0.2	0	1	0.6	1	0.4	0	0	0.877
0	0.875	0	3.662	0	0	0.875	0	5.507	0	0	0	0	2.738	0	0	0	0	0.467	0	0	0	0	0.467	0	0	0	0	0	0	0.2	0	0	0	0	0.8	0	0	0	0	0	0.644
0	0	0	3.575	0	0	0	0	3.575	0	0	0	0	0.865	0	0	0	0	0.833	0	0	0	0	0.833	0	0	0	0	0	0	0	0	0.2	0	0.8	0.111	0	0.4	0	0	0.298	0.647
6.482	11.587	10.037	8.595	9.016	12.882	20.923	17.31	16.961	17.127	6.4	8.296	10.091	9.39	11.191	0.718	0.505	0.783	0.412	0.775	0.692	0.489	0.767	0.39	0.767	0.533	0.571	0.556	0.333	0.489	0	0	0	0	0	0	0	0	0	0	0.896	0.185
0	3.763	6.53	2.674	0	0.989	8.499	6.53	2.674	0	0.989	5.663	0.968	1.809	0	0	0.667	0.667	1	0	0	0.667	0.667	1	0	0	0.467	0	1	0	0.286	0	0.2	0.2	0.4	0.571	0.333	0	0.2	0	0.418	0.661
0	6.394	0	8.331	0	1.824	8.428	0	10.125	0	1.824	2.033	0	2.672	0	0	0.583	0	0.455	0	0	0.583	0	0.455	0	0	1	0	0	0	0	0	0	0	0.4	0	0	0	0	0.2	0.118	0.571
0	0	1.933	0	0	0	0	1.933	0	0	0	0	1.933	0	0	0	0	1	0	0	0	0	1	0	0	0	0	0	0	0	0.667	0.5	0	1	0.75	0.667	0	0.6	1	1	0	0.934
0	0	0	0	0	0	0	0	0	0	0	0	0	0	0	0	0	0	0	0	0	0	0	0	0	0	0	0	0	0	0	0	0	0	0.125	0	0	0	0	0.5	0.292	0.391
0	0	3.567	0	7.454	0	0	3.567	0	7.454	0	0	2.692	0	3.771	0	0	1	0	0.464	0	0	1	0	0.464	0	0	1	0	0.167	0.4	0.25	0.125	0	0	0.4	0	0	0	0	0	0.875
0	0	0	0	0	0	0	0	0	0	0	0	0	0	0	0	0	0	0	0	0	0	0	0	0	0	0	0	0	0	0.2	0.222	0.125	0	0.6	0.2	0	0	0	0	0.42	0.837
0	0	4.504	0	0	0	0	4.504	0	0	0	0	0.893	0	0	0	0	0.7	0	0	0	0	0.7	0	0	0	0	0	0	0	0	0.6	0.667	0	0	0	0.2	0	0	0	0	0.655
0	0	0	0	11.52	0	0	0	0	11.52	0	0	0	0	3.226	0	0	0	0	0.333	0	0	0	0	0.333	0	0	0	0	0	0.8	1	0	0.4	0.25	1	1	0	0.4	0	0.117	0.839
0	0.868	0.908	0	0	0	0.868	0.908	0	0	0	0.868	0	0	0	0	0	0	0	0	0	0	0	0	0	0	0	0	0	0	0	0	0	0	0	0	0	0	0	0	0.896	0.424
0	0	0	0	0	0	0	0	0	0	0	0	0	0	0	0	0	0	0	0	0	0	0	0	0	0	0	0	0	0	0	0	0	0	0	0	0	0	0	0	0.294	0.651
0	1.866	0	5.387	0	0	2.736	0	7.312	0	0	1.738	0	2.786	0	0	0.333	0	0.321	0	0	0.333	0	0.321	0	0	0	0	0	0	0	0	0	0.2	0	0	0	0	0	0	0.417	0.247
0	0.94	0	0	5.066	1.039	0.94	0	0	6.104	1.039	0.94	0	0	3.191	0	0	0	0	0.4	0	0	0	0	0.4	0	0	0	0	0	0.25	0	0.2	0	0	0	0	1	0	0	0.296	0.630
1.866	5.387	0	0	0	2.736	7.312	0	0	0	1.738	2.786	0	0	0	0.333	0.321	0	0	0	0.333	0.321	0	0	0	0	0	0	0	0	0	0.2	0	0.25	0	0	0	0	0	0	0.558	0.314
10.295	10.135	8.653	11.985	3.571	17.61	16.594	14.157	18.987	7.343	8.316	6.254	5.372	14.505	2.852	0.725	0.758	0.868	0.661	0.857	0.708	0.758	0.846	0.618	0.821	0.619	0.533	0.9	0.455	0.333	0	0	0	0	0	0	0	0	0	0	0.296	0.255
0	0	0	0	0	0	0	0	0	0	0	0	0	0	0	0	0	0	0	0	0	0	0	0	0	0	0	0	0	0	0	0	0	0	0	0	0	0	0	0	0.415	0.267
9.016	10.037	9.644	6.482	12.66	17.127	17.31	16.319	12.882	21.296	11.191	10.091	12.364	6.4	17.674	0.775	0.783	0.742	0.718	0.626	0.767	0.767	0.724	0.692	0.602	0.489	0.556	0.455	0.533	0.381	0	0	0	0	0	0	0	0	0	0	0.294	0.153
0	6.752	0	5.066	0	0	6.752	0	6.104	0	0	3.053	0	3.191	0	0	0.429	0	0.4	0	0	0.429	0	0.4	0	0	0	0	0	0	1	0.8	0.8	0	1	1	0.6	0.8	0	1	0.419	0.977
0	0	0	3.591	4.442	0	0	0	5.507	6.406	0	0	0	3.711	3.721	0	0	0	0.533	0.524	0	0	0	0.533	0.524	0	0	0	0.167	0.167	0	0.6	0	0	0	0.2	0.6	0	0	0	0	0.457
0	0	0	2.704	0	0	0	0	2.704	0	0	0	0	0.878	0	0	0	0	1	0	0	0	0	1	0	0	0	0	0	0	0.2	0.8	0.2	0	0.4	0.2	0.8	0.6	0	0.4	0	0.836
0	0.908	0	0	1.059	0	0.908	0	0	1.059	0	0	0	0	1.059	0	0	0	0	0	0	0	0	0	0	0	0	0	0	0	0	0	0	0	0	0	0	0	0	0	0.717	0.357
0	0	0	0	0	0	0	0	0	0	0	0	0	0	0	0	0	0	0	0	0	0	0	0	0	0	0	0	0	0	0	0	0	0	0	0	0	0	0	0	0.717	0.449
0	0	0	5.153	6.501	0	0	0	8.012	7.445	0	0	0	6.969	2.796	0	0	0	0.679	0.679	0	0	0	0.679	0.679	0	0	0	0.571	1	0.25	0.4	0.2	0	0	0.5	0.2	0.8	0	0	0	0.781
2.666	22.321	0	44.98	0.9	8.151	28.347	0	50.491	5.247	7.253	16.359	0	13.908	4.346	0.643	0.362	0	0.169	0.6	0.607	0.357	0	0.167	0.6	0.524	0.39	0	0.318	0.667	0	0	0	0	0	0	0	0	0	0	0.718	0.375
0	0	0	0	0	0	0	0	0	0	0	0	0	0	0	0	0	0	0	0	0	0	0	0	0	0	0	0	0	0	0	0	0.4	0.333	0	0	0	0.4	0.667	0	0.419	0.273
11.587	8.595	6.482	11.042	10.037	20.923	16.961	12.882	20.376	17.31	8.296	9.39	6.4	13.572	10.091	0.505	0.412	0.718	0.526	0.783	0.489	0.39	0.692	0.509	0.767	0.571	0.333	0.533	0.348	0.556	0	0	0	0	0	0	0	0	0	0	0.897	0.139
0	2.666	0.9	22.321	5.365	0	8.151	5.247	28.347	9.818	0	7.253	4.346	16.359	5.402	0	0.643	0.6	0.362	0.444	0	0.607	0.6	0.357	0.444	0	0.524	0.667	0.39	0.6	0	0	0	0	0	0	0	0	0	0	0.716	0.321
0	0	0	0	0	0	0	0	0	0	0	0	0	0	0	0	0	0	0	0	0	0	0	0	0	0	0	0	0	0	0.4	0.25	0.2	0.6	0.6	0	0	0.8	0	0.2	0	0.750
6.53	0	0	3.763	2.88	6.53	0.989	0	8.499	3.787	0.968	0.989	0	5.663	1.976	0.667	0	0	0.667	0.833	0.667	0	0	0.667	0.833	0	0	0	0.467	0	0.2	0.286	0.4	0	0.4	0	0.571	0	0.333	0	0.113	0.344
0	2.017	0	0	0	0	2.017	0	0	0	0	2.017	0	0	0	0	0	0	0	0	0	0	0	0	0	0	0	0	0	0	0	0	0	0.333	0	0	0	0	1	0	0.298	0.615
0	3.628	0	1.059	0.94	0	3.628	0	1.059	0.94	0	0.958	0	1.059	0.94	0	0.333	0	0	0	0	0.333	0	0	0	0	0	0	0	0	0	0	0	0	0	0	0	0	0	0	0.415	0.340
0	0	6.501	0	5.411	0	0	7.445	0	6.386	0	0	2.796	0	1.866	0	0	0.679	0	0.524	0	0	0.679	0	0.524	0	0	1	0	0	0.2	0.25	0	0.4	0	0.8	0.5	0	0.2	0	0	0.734
0	0	0	6.394	0	0	1.824	0	8.428	0	0	1.824	0	2.033	0	0	0	0	0.583	0	0	0	0	0.583	0	0	0	0	1	0	0	0	0.4	0	0.2	0	0	0.2	0	0.2	0.294	0.227
0	2.671	3.758	0	0	0	2.671	5.721	0	0.989	0	2.671	2.978	0	0.989	0	0.667	0.4	0	0	0	0.667	0.4	0	0	0	0.667	0	0	0	0	0	0	0.667	0	0	0	0	0.111	0	0.116	0.724
0	0	0	0	0	0	0	0	0	0	0	0	0	0	0	0	0	0	0	0	0	0	0	0	0	0	0	0	0	0	0	0	0	0	0	0	0	0	0	0	0	0.781
0.926	0	7.244	0	0	0.926	0	11.025	0	0	0	0	5.532	0	0	0	0	0.485	0	0	0	0	0.485	0	0	0	0	0.133	0	0	0.333	0	0	0.6	0.2	0	0	0	0.8	0.2	0	0.676
0	0	0	0	0	0	0	0	0	0	0	0	0	0	0	0	0	0	0	0	0	0	0	0	0	0	0	0	0	0	0.667	0	0	0	0	1	0	0	0	0	0	0.707
0	0	0	0	0	0	0	0	0	0	0	0	0	0	0	0	0	0	0	0	0	0	0	0	0	0	0	0	0	0	0	0	0	0	0	0	0	0	0	0	0	0.274
9.656	0	0	9.84	28.612	16.735	0	0	18.147	34.331	14.018	0	0	8.406	19.745	0.725	0	0	0.794	0.291	0.708	0	0	0.779	0.287	0.474	0	0	0.714	0.327	0.143	0.5	0.25	0	0	0	0	0	0	0	0.418	0.250
0	3.643	0	0	0	0	4.513	0	0	0	0	2.682	0	0	0	0	0.4	0	0	0	0	0.4	0	0	0	0	0	0	0	0	0	0	0	0	0	0	0	0	0	0	0	0.603
0	0	0	0	0	0	0	0	0	0	0	0	0	0	0	0	0	0	0	0	0	0	0	0	0	0	0	0	0	0	0.6	0.75	1	0.2	0.5	0.2	1	1	0.4	0	0	0.853
0	0	0	0	0	0	0	0	0	0	0	0	0	0	0	0	0	0	0	0	0	0	0	0	0	0	0	0	0	0	0	0	0.2	0	0	0	0	0	0	0	0	0.482
8.331	12.06	6.394	0	0	10.125	15.02	8.428	0.949	1.824	2.672	3.906	2.033	0.949	1.824	0.455	0.433	0.583	0	0	0.455	0.433	0.583	0	0	0	0.333	1	0	0	0	0	0	0	0	0	0	0	0	0	0.559	0.138
0	0	0	0	0	0	0	0	0	0	0	0	0	0	0	0	0	0	0	0	0	0	0	0	0	0	0	0	0	0	0	1	1	0	0.8	0	1	0.6	0	0.6	0	0.995
0	0	0	1.866	0	0	0	0	2.736	0	0	0	0	1.738	0	0	0	0	0.333	0	0	0	0	0.333	0	0	0	0	0	0	0	0	0	0	0	0	0	0	0	0	0	0.877
0	0	0	0	0	0	0	0	0	0	0	0	0	0	0	0	0	0	0	0	0	0	0	0	0	0	0	0	0	0	0	0	0	0	0	0	0	0	0	0	0.418	0.198
0	3.575	0	0	0	0	3.575	0	0	0	0	0.865	0	0	0	0	0.833	0	0	0	0	0.833	0	0	0	0	0	0	0	0	0	0	0	0	0.2	0	0	0.111	0	0.4	0.059	0.537
4.442	0	0	0	8.268	6.406	0	0	0	9.185	3.721	0	0	0	1.851	0.524	0	0	0	0.4	0.524	0	0	0	0.4	0.167	0	0	0	1	0	0	0.4	0	0	0	0	0	0.2	0	0.195	0.291
0	0	5.066	0.94	6.752	0	1.039	6.104	0.94	6.752	0	1.039	3.191	0.94	3.053	0	0	0.4	0	0.429	0	0	0.4	0	0.429	0	0	0	0	0	0.2	0.25	0	0	0.8	1	0	0	0	0.6	0.717	0.728
0	0	0	0	0	0	0	0	0	0	0	0	0	0	0	0	0	0	0	0	0	0	0	0	0	0	0	0	0	0	0	0.5	0	0.75	0.667	0	0	0	0	1	0.417	0.302
0	0	0	0	0	0	0	0	0	0	0	0	0	0	0	0	0	0	0	0	0	0	0	0	0	0	0	0	0	0	0.2	0	0.8	0	0.333	0.4	0.111	0	0	0.667	0	0.738
0	0	0	0	0	0	0	0	0	0	0	0	0	0	0	0	0	0	0	0	0	0	0	0	0	0	0	0	0	0	0	0	0	0	0	0	0	0	0	0	0.415	0.371
0	0	0	0	0	0	0	0	0	0	0	0	0	0	0	0	0	0	0	0	0	0	0	0	0	0	0	0	0	0	0	0	0	0	0	0	0	0	0	0	0.418	0.633
2.792	7.202	6.374	16.939	2.674	6.072	12.401	11.646	24.029	2.674	5.182	7.044	8.144	10.121	1.809	0.933	0.449	0.409	0.293	1	0.933	0.449	0.409	0.293	1	0.8	0.429	0.393	0.472	1	0	0	0.333	0.8	0.2	0	0	0	0	0.2	0.893	0.553
10.135	11.985	10.295	0	8.653	16.594	18.987	17.61	0	14.157	6.254	14.505	8.316	0	5.372	0.758	0.661	0.725	0	0.868	0.758	0.618	0.708	0	0.846	0.533	0.455	0.619	0	0.9	0	0	0	0	0	0	0	0	0	0	0	0.219
0	0	3.591	0	0	0	0	5.507	0	0	0	0	3.711	0	0	0	0	0.533	0	0	0	0	0.533	0	0	0	0	0.167	0	0	0	0	0	0	0.6	0	0	0	0	0.6	0.418	0.272
0	7.454	0	3.567	0	0	7.454	0	3.567	0	0	3.771	0	2.692	0	0	0.464	0	1	0	0	0.464	0	1	0	0	0.167	0	1	0	0.333	0	0	0.125	0	0.667	0	0	0	0	0.298	0.966
3.571	8.653	9.84	10.295	0	7.343	14.157	18.147	17.61	0	2.852	5.372	8.406	8.316	0	0.857	0.868	0.794	0.725	0	0.821	0.846	0.779	0.708	0	0.333	0.9	0.714	0.619	0	0	0	0	0	0.5	0	0	0	0	0	0.899	0.241
9.84	3.571	0	8.653	9.656	18.147	7.343	0	14.157	16.735	8.406	2.852	0	5.372	14.018	0.794	0.857	0	0.868	0.725	0.779	0.821	0	0.846	0.708	0.714	0.333	0	0.9	0.474	0	0	0.5	0	0.143	0	0	0	0	0	0.418	0.330
0	2.733	0	1.777	0	1.766	4.546	0	3.591	0	1.766	1.813	0	2.685	0.871	0	0.5	0	0.2	0	0	0.5	0	0.333	0	0	0	0	0	0	0	0	0	0	0	0	0	0	0	0	0.56	0.181
0	0	0	0	0	0	0	0	0	0	0	0	0	0	0	0	0	0	0	0	0	0	0	0	0	0	0	0	0	0	0	0.6	0.6	0.4	0.667	0	0.8	0.2	0.4	0.111	0	0.422
0	0	0	0	0	0	0	0	0	0	0	0	0	0	0	0	0	0	0	0	0	0	0	0	0	0	0	0	0	0	0.4	0	0	0	0.4	0.4	0	0	0	0.2	0	0.832
1.777	0.889	2.733	0	0	3.591	2.647	4.546	0	1.766	2.685	1.758	1.813	0	1.766	0.2	0.333	0.5	0	0	0.333	0.333	0.5	0	0	0	0	0	0	0	0	0	0	0.2	0	0	0	0	0	0	0	0.306
3.13	0	1.898	0	0.905	8.342	0	7.02	0	5.645	6.373	0	3.953	0	5.223	0.714	0	0.667	0	0.733	0.667	0	0.667	0	0.7	0.6	0	0.333	0	0.667	0	0	0	0	0	0	0	0	0	0	0.557	0.293
0	0	0	0	0	0	0	0	0	0	0	0	0	0	0	0	0	0	0	0	0	0	0	0	0	0	0	0	0	0	0	0	0	0	0	0	0	0	0	0	0.713	0.997
0	0	0.9	6.379	0	0	0	0.9	6.379	0	0	0	0	1.952	0	0	0	0	0.476	0	0	0	0	0.476	0	0	0	0	0	0	0	0.2	0	0.333	0	0	0.2	0	0	0	0.713	0.457
0	0	0	0	0	0	0	0	0	0	0	0	0	0	0	0	0	0	0	0	0	0	0	0	0	0	0	0	0	0	0	0	0	0	0	0	0	0	0	0	0	0.818
0	0	1.059	0.908	3.628	0	0	1.059	0.908	3.628	0	0	1.059	0	0.958	0	0	0	0	0.333	0	0	0	0	0.333	0	0	0	0	0	0	0	0	0	0	0	0	0	0	0	0.296	0.772
10.037	6.482	9.016	11.587	9.644	17.31	12.882	17.127	20.923	16.319	10.091	6.4	11.191	8.296	12.364	0.783	0.718	0.775	0.505	0.742	0.767	0.692	0.767	0.489	0.724	0.556	0.533	0.489	0.571	0.455	0	0	0	0	0	0	0	0	0	0	0.197	0.212
0	0	0	0	4.724	0	0	0	0	4.724	0	0	0	0	2.057	0	0	0	0	0.4	0	0	0	0	0.4	0	0	0	0	0	0.2	0.4	0.6	0.25	0.143	0.8	0	0.2	0	0.429	0.298	0.839
2.872	7.652	0	49.829	5.153	4.929	9.568	0	56.073	8.012	4.929	5.951	0	12.713	6.969	0.9	0.578	0	0.145	0.679	0.9	0.578	0	0.144	0.679	0.9	0.533	0	0.436	0.571	0	0	0	0	0	0	0	0.2	0	0	0.19	0.332
0	0	0	0	3.591	0	0	0	0	5.507	0	0	0	0	3.711	0	0	0	0	0.533	0	0	0	0	0.533	0	0	0	0	0.167	0	0	0	0	0	0	0	0	0	0	0	0.738
12.06	0	8.331	0	6.394	15.02	0.949	10.125	0	8.428	3.906	0.949	2.672	0	2.033	0.433	0	0.455	0	0.583	0.433	0	0.455	0	0.583	0.333	0	0	0	1	0	0	0	0.2	0	0	0	0	0.2	0	0.896	0.295
0	0	0	1.933	0	0	0	0	1.933	0	0	0	0	1.933	0	0	0	0	1	0	0	0	0	1	0	0	0	0	0	0	0.4	0.75	0.2	0	0	0.2	1	0	0.6	0	0	0.714
0	0	0	0	0	0	0	0	0	0	0	0	0	0	0	0	0	0	0	0	0	0	0	0	0	0	0	0	0	0	0.75	0.2	0.6	1	1	1	0.4	0.2	1	1	0	0.961
7.454	3.567	0	0	0	7.454	3.567	0	0	0	3.771	2.692	0	0	0	0.464	1	0	0	0	0.464	1	0	0	0	0.167	1	0	0	0	0	0.125	0.333	0.4	0	0	0	0.667	0.4	0	0	0.538
28.612	0	44.98	9.656	22.321	34.331	0	50.491	16.735	28.347	19.745	0	13.908	14.018	16.359	0.291	0	0.169	0.725	0.362	0.287	0	0.167	0.708	0.357	0.327	0	0.318	0.474	0.39	0	0.25	0	0.143	0	0	0	0	0	0	0.298	0.169
12.66	9.644	0	9.016	11.985	21.296	16.319	0	17.127	18.987	17.674	12.364	0	11.191	14.505	0.626	0.742	0	0.775	0.661	0.602	0.724	0	0.767	0.618	0.381	0.455	0	0.489	0.455	0	0	0	0	0	0	0	0	0	0	0	0.219
0	0	0	0	0	0	0	0	0	0	0	0	0	0	0	0	0	0	0	0	0	0	0	0	0	0	0	0	0	0	0.8	0.2	0.333	0	0	0	0.4	0.667	0.111	0	0	0.734
0	0	0	0	2.671	0	0	0	0	2.671	0	0	0	0	2.671	0	0	0	0	0.667	0	0	0	0	0.667	0	0	0	0	0.667	0.6	0	0.667	0.6	0	0.2	0	0.111	0.8	0	0	0.687
0	0	0	0	0	0	0	0	0	0	0	0	0	0	0	0	0	0	0	0	0	0	0	0	0	0	0	0	0	0	0.2	1	0.75	0.2	0.6	0.4	1	1	0.2	0.2	0	0.737
44.98	28.612	22.321	0	2.666	50.491	34.331	28.347	0	8.151	13.908	19.745	16.359	0	7.253	0.169	0.291	0.362	0	0.643	0.167	0.287	0.357	0	0.607	0.318	0.327	0.39	0	0.524	0	0	0	0.25	0	0	0	0	0	0	0.42	0.153
0	0	0	2.88	0.926	0	0	0	3.787	0.926	0	0	0	1.976	0	0	0	0	0.833	0	0	0	0	0.833	0	0	0	0	0	0	0.6	0.6	0	0.4	0.333	0.8	0.6	0	0	0	0	0.955
2.704	8.268	0	0	0	2.704	9.185	0	0	0	0.878	1.851	0	0	0	1	0.4	0	0	0	1	0.4	0	0	0	0	1	0	0	0	0	0	0.8	0.4	0.2	0	0	0.8	0	0.2	0.298	0.335
0	0	0	0	0	0	0	0	0	0	0	0	0	0	0	0	0	0	0	0	0	0	0	0	0	0	0	0	0	0	0.4	0.2	1	0.2	0.8	0.4	0.6	1	0.2	1	0	0.843
0	1.78	0	0	0	0	1.78	0	0	0	0	0	0	0	0	0	1	0	0	0	0	1	0	0	0	0	0	0	0	0	0	0	0.222	0	0.2	0	0	0	0	0.2	0.556	0.597
0	0	0	2.017	0	0	0	0	2.017	0	0	0	0	2.017	0	0	0	0	0	0	0	0	0	0	0	0	0	0	0	0	0	0	0	0	0	0	0	0	0	0	0.415	0.910
0	0	0	0	0	0	0	0	0	0	0	0	0	0	0	0	0	0	0	0	0	0	0	0	0	0	0	0	0	0	0	0	0.6	0.667	0	0	0	0.2	1	0	0.556	0.248
0	0	0	0	0	0	0	0	0	0	0	0	0	0	0	0	0	0	0	0	0	0	0	0	0	0	0	0	0	0	0	0	0	0	0	0	0	0	0	0	0.296	0.760
0	3.758	4.646	0	0.898	0.989	5.721	6.385	0	4.036	0.989	2.978	1.739	0	3.138	0	0.4	0.524	0	0.333	0	0.4	0.524	0	0.333	0	0	0	0	0	0	0	0	0	0.25	0	0	0	0	0	0.298	0.670
7.985	0	0.873	18.791	16.939	15.091	0	3.668	27.38	24.029	10.713	0	2.795	12.51	10.121	0.467	0	0.667	0.265	0.293	0.467	0	0.667	0.265	0.293	0.382	0	0.333	0.303	0.472	0.4	0.6	0	0.2	0.8	1	1	0	0.6	0	0.419	0.533
3.763	2.674	0	6.374	6.53	8.499	2.674	0.989	11.646	6.53	5.663	1.809	0.989	8.144	0.968	0.667	1	0	0.409	0.667	0.667	1	0	0.409	0.667	0.467	1	0	0.393	0	0	0.2	0.286	0.333	0.2	0.333	0.2	0.571	0	0	0.298	0.487
0	0	0	0	0	0	0	0	0	0	0	0	0	0	0	0	0	0	0	0	0	0	0	0	0	0	0	0	0	0	0.6	0.125	0.25	0.2	0.4	0	0	0	0.2	0	0	0.909
0	9.84	9.656	3.571	0	0	18.147	16.735	7.343	0	0	8.406	14.018	2.852	0	0	0.794	0.725	0.857	0	0	0.779	0.708	0.821	0	0	0.714	0.474	0.333	0	0.5	0	0.143	0	0.25	0	0	0	0	0	0	0.735
0	0	3.13	0	1.898	0	0	8.342	0	7.02	0	0	6.373	0	3.953	0	0	0.714	0	0.667	0	0	0.667	0	0.667	0	0	0.6	0	0.333	0	0	0	0	0	0	0	0	0	0	0	0.489
0	4.724	0	0	0	0	4.724	0	0	0	0	2.057	0	0	0	0	0.4	0	0	0	0	0.4	0	0	0	0	0	0	0	0	0.4	0.143	0.6	0.6	0	0.4	0.429	0.8	0.2	0	0	0.823
0	0	0	0	0.92	0	0	0	0	0.92	0	0	0	0	0.92	0	0	0	0	0	0	0	0	0	0	0	0	0	0	0	0	0.4	0.4	0	0	0	0.4	0.2	0	0	0.198	0.323
0	0	0	0	0	0	0	0	0	0	0	0	0	0	0	0	0	0	0	0	0	0	0	0	0	0	0	0	0	0	0	0	0	0	0	0	0	0	0	0	0.894	0.521
0	0	0	0	0	0	0	0	0	0	0	0	0	0	0	0	0	0	0	0	0	0	0	0	0	0	0	0	0	0	0	0	0.667	0.5	0	0	0	1	0	0	0.294	0.780
0	6.379	0	11.52	0.9	0	6.379	0	11.52	0.9	0	1.952	0	3.226	0	0	0.476	0	0.333	0	0	0.476	0	0.333	0	0	0	0	0	0	0.2	0.333	0	0.25	0	0.2	0	0	0	0	0	0.733
0	0	0	0	0	0	0	0	0	0	0	0	0	0	0	0	0	0	0	0	0	0	0	0	0	0	0	0	0	0	0	0	0.125	0	0	0	0	0.5	0	0	0.415	0.460
0	0	0.92	0	0	0	0	0.92	0	0	0	0	0.92	0	0	0	0	0	0	0	0	0	0	0	0	0	0	0	0	0	0.4	0	0	0.4	1	0.2	0	0	0.4	1	0	0.592
11.042	0	8.595	0	11.587	20.376	8.004	16.961	5.745	20.923	13.572	8.004	9.39	6.162	8.296	0.526	0.571	0.412	0.733	0.505	0.509	0.571	0.39	0.7	0.489	0.348	0.238	0.333	0.3	0.571	0	0	0	0	0	0	0	0	0	0	0.299	0.143
49.829	5.365	7.652	0.9	2.872	56.073	9.818	9.568	5.247	4.929	12.713	5.402	5.951	4.346	4.929	0.145	0.444	0.578	0.6	0.9	0.144	0.444	0.578	0.6	0.9	0.436	0.6	0.533	0.667	0.9	0	0	0	0	0	0	0	0	0	0	0.896	0.199
7.652	49.829	2.872	5.365	0	9.568	56.073	4.929	9.818	0	5.951	12.713	4.929	5.402	0	0.578	0.145	0.9	0.444	0	0.578	0.144	0.9	0.444	0	0.533	0.436	0.9	0.6	0	0	0	0	0	0	0	0	0	0	0.2	0.19	0.389
0	0	12.06	7.244	8.331	0.949	0	15.02	11.025	10.125	0.949	0	3.906	5.532	2.672	0	0	0.433	0.485	0.455	0	0	0.433	0.485	0.455	0	0	0.333	0.133	0	0	0.2	0	0	0	0	0.2	0	0	0	0.893	0.341
0	0	0	0	0	0	0	0	0	0	0	0	0	0	0	0	0	0	0	0	0	0	0	0	0	0	0	0	0	0	0	0.333	1	0.8	0	0	0.667	1	0	0	0	0.742
0	0	0	0	-1	0	0	0	0	-1	0	0	0	0	-1	0	0	0	0	-1	0	0	0	0	-1	0	0	0	0	-1	0	0	0	0	-1	0	0	0	0	-1	0.894	0.997
0	0	0	0	0	0	0	0	0	0	0	0	0	0	0	0	0	0	0	0	0	0	0	0	0	0	0	0	0	0	0	0	0	0	0	0	0	0	0	0	0	0.843
0	0	2.671	0	0	0	0	2.671	0	0	0	0	2.671	0	0	0	0	0.667	0	0	0	0	0.667	0	0	0	0	0.667	0	0	0.667	0.6	0	0	0	0.111	0.2	0	0	0	0.116	0.621
1.059	0	3.628	0	0	1.059	0	3.628	0	0	1.059	0	0.958	0	0	0	0	0.333	0	0	0	0	0.333	0	0	0	0	0	0	0	0	0	0	0	0	0	0	0	0	0	0.897	0.333
0	0.9	0.868	0	0	0	0.9	0.868	0	0	0	0	0.868	0	0	0	0	0	0	0	0	0	0	0	0	0	0	0	0	0	0	0	0	0	0	0	0	0	0	0	0.116	0.690
0	0	0	6.752	0	0	0	0	6.752	0	0	0	0	3.053	0	0	0	0	0.429	0	0	0	0	0.429	0	0	0	0	0	0	0.8	1	1	0.8	0.2	0.8	1	1	0.6	0.2	0.056	0.755
6.501	0	5.411	0	1.92	7.445	0	6.386	0	4.825	2.796	0	1.866	0	3.961	0.679	0	0.524	0	0.6	0.679	0	0.524	0	0.6	1	0	0	0	0.667	0	0.2	0	0.25	0	0	0.8	0	0.5	1	0	0.352
6.394	8.331	0	12.06	0	8.428	10.125	1.824	15.02	0	2.033	2.672	1.824	3.906	0	0.583	0.455	0	0.433	0	0.583	0.455	0	0.433	0	1	0	0	0.333	0	0	0	0	0	0	0	0	0	0	0	0.299	0.158
4.504	0	0	0	0	4.504	0	0	0	0	0.893	0	0	0	0	0.7	0	0	0	0	0.7	0	0	0	0	0	0	0	0	0	0.667	0	0	0.6	0	0	0	0	0.2	0	0.419	0.214
1.898	3.13	0.905	0	0	7.02	8.342	5.645	0	7.065	3.953	6.373	5.223	0	6.101	0.667	0.714	0.733	0	0.733	0.667	0.667	0.7	0	0.733	0.333	0.6	0.667	0	0.4	0	0	0	0	0	0	0	0	0	0	0.419	0.387
6.362	15.992	18.791	3.58	0	11.087	19.814	27.38	5.372	0	4.725	6.73	12.51	3.585	0	0.439	0.419	0.265	0.733	0	0.439	0.419	0.265	0.733	0	0.3	0.571	0.303	0.5	0	0.2	0	0.2	0.2	0.6	0.4	0.2	0.6	0.2	1	0.292	0.341
0	0	0	0	0	0	0	0	0	0	0	0	0	0	0	0	0	0	0	0	0	0	0	0	0	0	0	0	0	0	0.25	0.6	0.4	0.125	0.2	0	0	0	0	0.8	0.415	0.587
0	0	0	0	0	0	0	0	0	0	0	0	0	0	0	0	0	0	0	0	0	0	0	0	0	0	0	0	0	0	0	0	0	0	0	0	0	0	0	0	0.56	0.352
0	0	0	0	4.504	0	0	0	0	4.504	0	0	0	0	0.893	0	0	0	0	0.7	0	0	0	0	0.7	0	0	0	0	0	0.6	0	0	0	0.667	0.2	0	0	0	0	0.298	0.806
9.644	9.016	12.66	10.037	0	16.319	17.127	21.296	17.31	0	12.364	11.191	17.674	10.091	0	0.742	0.775	0.626	0.783	0	0.724	0.767	0.602	0.767	0	0.455	0.489	0.381	0.556	0	0	0	0	0	0	0	0	0	0	0	0	0.296
0	0	0	3.643	0.864	0	0	0	4.513	1.734	0	0	0	2.682	0.87	0	0	0	0.4	1	0	0	0	0.4	1	0	0	0	0	0	0	0	0	0	0	0	0	0	0	0	0.556	0.164
0	0	-1	0	-1	0	0	-1	0	-1	0	0	-1	0	-1	0	0	-1	0	-1	0	0	-1	0	-1	0	0	-1	0	-1	0	0	-1	0	-1	0	0	-1	0	-1	0.897	0.997
0	0	0	-1	0	0	0	0	-1	0	0	0	0	-1	0	0	0	0	-1	0	0	0	0	-1	0	0	0	0	-1	0	0	0	0	-1	0	0	0	0	-1	0	0.419	0.920
8.653	10.295	3.571	10.135	9.84	14.157	17.61	7.343	16.594	18.147	5.372	8.316	2.852	6.254	8.406	0.868	0.725	0.857	0.758	0.794	0.846	0.708	0.821	0.758	0.779	0.9	0.619	0.333	0.533	0.714	0	0	0	0	0	0	0	0	0	0	0.713	0.218
0	0	0	0.905	11.042	5.745	7.065	8.004	5.645	20.376	6.162	6.101	8.004	5.223	13.572	0.733	0.733	0.571	0.733	0.526	0.7	0.733	0.571	0.7	0.509	0.3	0.4	0.238	0.667	0.348	0	0	0	0	0	0	0	0	0	0	0.055	0.493
0.864	0	0	0	0	1.734	0	0	0	0	0.87	0	0	0	0	1	0	0	0	0	1	0	0	0	0	0	0	0	0	0	0	0	0	0	0	0	0	0	0	0	0.195	0.251
15.992	3.58	6.362	1.92	18.791	19.814	5.372	11.087	4.825	27.38	6.73	3.585	4.725	3.961	12.51	0.419	0.733	0.439	0.6	0.265	0.419	0.733	0.439	0.6	0.265	0.571	0.5	0.3	0.667	0.303	0	0.2	0.2	0	0.2	0.2	0.2	0.4	1	0.6	0	0.263
0	0	0	4.724	0	0	0	0	4.724	0	0	0	0	2.057	0	0	0	0	0.4	0	0	0	0	0.4	0	0	0	0	0	0	0.6	0.4	0	0.143	0.6	0.8	0.4	0	0.429	0.2	0.298	0.591
0	0	0	0	0	0	0	0	0	0	0	0	0	0	0	0	0	0	0	0	0	0	0	0	0	0	0	0	0	0	0.75	0.2	0.5	0	0	0	0	0	0	0	0	0.910
0	0	0	0	3.643	0	0	0	0	4.513	0	0	0	0	2.682	0	0	0	0	0.4	0	0	0	0	0.4	0	0	0	0	0	0	0.125	0	0	0	0	0.5	0	0	0	0	0.212
16.939	0.873	7.202	7.985	2.792	24.029	3.668	12.401	15.091	6.072	10.121	2.795	7.044	10.713	5.182	0.293	0.667	0.449	0.467	0.933	0.293	0.667	0.449	0.467	0.933	0.472	0.333	0.429	0.382	0.8	0.8	0	0	0.4	0	0	0	0	1	0	0.117	0.332
8.595	11.042	11.587	0	6.482	16.961	20.376	20.923	8.004	12.882	9.39	13.572	8.296	8.004	6.4	0.412	0.526	0.505	0.571	0.718	0.39	0.509	0.489	0.571	0.692	0.333	0.348	0.571	0.238	0.533	0	0	0	0	0	0	0	0	0	0	0.718	0.179
6.379	11.52	0	0	0	6.379	11.52	0	0	0	1.952	3.226	0	0	0	0.476	0.333	0	0	0	0.476	0.333	0	0	0	0	0	0	0	0	0.333	0.25	0.2	0	0	0	0	0.2	0	0	0.419	0.344
0.92	0	0	0	0	0.92	0	0	0	0	0.92	0	0	0	0	0	0	0	0	0	0	0	0	0	0	0	0	0	0	0	0	0.4	1	0	0.6	0	0.2	1	0	0.6	0	0.398
0	0	0	0	0	0	0	0	0	0	0	0	0	0	0	0	0	0	0	0	0	0	0	0	0	0	0	0	0	0	1	0	0.8	1	0	0.6	0	0.6	1	0	0	0.992
0	2.704	0	8.268	0	0	2.704	0	9.185	0	0	0.878	0	1.851	0	0	1	0	0.4	0	0	1	0	0.4	0	0	0	0	1	0	0.8	0	0.2	0	0.2	0.8	0	0.2	0	0.6	0.198	0.869
5.365	0.9	49.829	0	7.652	9.818	5.247	56.073	0	9.568	5.402	4.346	12.713	0	5.951	0.444	0.6	0.145	0	0.578	0.444	0.6	0.144	0	0.578	0.6	0.667	0.436	0	0.533	0	0	0	0	0	0	0	0	0	0	0.898	0.292
0.889	0	1.777	0	2.733	2.647	0	3.591	0	4.546	1.758	0	2.685	0	1.813	0.333	0	0.2	0	0.5	0.333	0	0.333	0	0.5	0	0	0	0	0	0	0.2	0	0	0	0	0	0	0	0	0.558	0.323
0	0	0	0	0	0	0	0	0	0	0	0	0	0	0	0	0	0	0	0	0	0	0	0	0	0	0	0	0	0	0.2	0	0.75	0.2	0.5	0	0	0	0	0	0	0.581
5.066	0	6.752	0	0	6.104	0	6.752	1.039	0	3.191	0	3.053	1.039	0	0.4	0	0.429	0	0	0.4	0	0.429	0	0	0	0	0	0	0	0	0.2	0.8	0.25	1	0	1	0.6	0	1	0.714	0.392
0	0	0.864	0	0	0	0	1.734	0	0	0	0	0.87	0	0	0	0	1	0	0	0	0	1	0	0	0	0	0	0	0	0	0	0	0	0	0	0	0	0	0	0.718	0.152
0	-1	0	-1	0	0	-1	0	-1	0	0	-1	0	-1	0	0	-1	0	-1	0	0	-1	0	-1	0	0	-1	0	-1	0	0	-1	0	-1	0	0	-1	0	-1	0	0.718	0.997
0	0	0	0	0	0	0	0	0	0	0	0	0	0	0	0	0	0	0	0	0	0	0	0	0	0	0	0	0	0	0	0	0	0	0	0	0	0	0	0	0.292	0.312
0	2.872	5.153	7.652	0	0	4.929	8.012	9.568	0	0	4.929	6.969	5.951	0	0	0.9	0.679	0.578	0	0	0.9	0.679	0.578	0	0	0.9	0.571	0.533	0	0	0	0	0	0.4	0.2	0	0	0	0.2	0	0.505
1.933	0	0	0	0	1.933	0	0	0	0	1.933	0	0	0	0	1	0	0	0	0	1	0	0	0	0	0	0	0	0	0	0	0.667	0.75	0.5	0.4	0.6	0.667	1	0	0.2	0.117	0.601
0	0	0	0	0	0	0	0	0	0	0	0	0	0	0	0	0	0	0	0	0	0	0	0	0	0	0	0	0	0	0	0	0	0	0	0	0	0	0	0	0.116	0.997
0	0	0	0	0	0	0	0	0	0	0	0	0	0	0	0	0	0	0	0	0	0	0	0	0	0	0	0	0	0	1	0.8	0.2	1	0.333	1	0.8	0.2	1	1	0.294	0.975
3.758	0	0	2.671	4.646	5.721	0	0.989	2.671	6.385	2.978	0	0.989	2.671	1.739	0.4	0	0	0.667	0.524	0.4	0	0	0.667	0.524	0	0	0	0.667	0	0	0	0	0	0	0	0	0	0	0	0	0.526
0	0	0	0	0	0	0	0	0	0	0	0	0	0	0	0	0	0	0	0	0	0	0	0	0	0	0	0	0	0	1	0.2	0.2	0.4	0.75	1	0.2	0.4	0.2	1	0	0.993
0	0	0	1.78	0	0	0	0	1.78	0	0	0	0	0	0	0	0	0	1	0	0	0	0	1	0	0	0	0	0	0	0.222	0	0.2	0	0.125	0	0	0.2	0	0	0.556	0.315
0	0	0	0	0	0	0	0	0	0	0	0	0	0	0	0	0	0	0	0	0	0	0	0	0	0	0	0	0	0	0.5	0.75	0	0.2	0	0	0	0	0	0	0	0.931
0	0	0	2.733	3.662	0	1.766	0	4.546	5.507	0	1.766	0.871	1.813	2.738	0	0	0	0.5	0.467	0	0	0	0.5	0.467	0	0	0	0	0	0	0	0	0	0	0	0	0	0	0	0.198	0.612
3.628	1.059	0	0	0	3.628	1.059	0	0	0	0.958	1.059	0	0	0	0.333	0	0	0	0	0.333	0	0	0	0	0	0	0	0	0	0	0	0	0	0	0	0	0	0	0	0.414	0.238
0	0	0	0	0	0	0	0	0	0	0	0	0	0	0	0	0	0	0	0	0	0	0	0	0	0	0	0	0	0	0	0	0	0	0	0	0	0	0	0	0.558	0.330
11.985	0	10.135	12.66	10.295	18.987	0	16.594	21.296	17.61	14.505	0	6.254	17.674	8.316	0.661	0	0.758	0.626	0.725	0.618	0	0.758	0.602	0.708	0.455	0	0.533	0.381	0.619	0	0	0	0	0	0	0	0	0	0	0	0.165
0	0	0	0	0	0	0	0	0	0	0	0	0	0	0	0	0	0	0	0	0	0	0	0	0	0	0	0	0	0	0.125	0	0	0	0	0.5	0	0	0	0	0	0.590
0	2.88	0	0	0	0	3.787	0	0	0	0	1.976	0	0	0	0	0.833	0	0	0	0	0.833	0	0	0	0	0	0	0	0	0.6	0.4	0.6	0.4	0	0.6	0	0.8	0	0	0.42	0.724
0	0	0	0	0	0	0	0	0	0	0	0	0	0	0	0	0	0	0	0	0	0	0	0	0	0	0	0	0	0	0.333	0.8	0	0.2	1	0.667	0	0	0.4	1	0	0.747
3.58	1.92	15.992	5.411	6.362	5.372	4.825	19.814	6.386	11.087	3.585	3.961	6.73	1.866	4.725	0.733	0.6	0.419	0.524	0.439	0.733	0.6	0.419	0.524	0.439	0.5	0.667	0.571	0	0.3	0.2	0	0	0	0.2	0.2	1	0.2	0	0.4	0	0.385
0	0.864	0	0	3.575	0	1.734	0	0	3.575	0	0.87	0	0	0.865	0	1	0	0	0.833	0	1	0	0	0.833	0	0	0	0	0	0	0	0	0	0	0	0	0	0	0	0.415	0.135
0.9	0	5.365	2.666	49.829	5.247	0	9.818	8.151	56.073	4.346	0	5.402	7.253	12.713	0.6	0	0.444	0.643	0.145	0.6	0	0.444	0.607	0.144	0.667	0	0.6	0.524	0.436	0	0	0	0	0	0	0	0	0	0	0.897	0.311
0	0	0	0	0	0	0	0	0	0	0	0	0	0	0	0	0	0	0	0	0	0	0	0	0	0	0	0	0	0	0.125	0.2	0.6	0.222	0.25	0	0.2	0	0	0	0.3	0.637
0	0	0	0	3.567	0	0	0	0	3.567	0	0	0	0	2.692	0	0	0	0	1	0	0	0	0	1	0	0	0	0	1	0.25	0	0.4	0.2	0.125	0	0	0.4	0	0	0	0.830
0	4.442	8.268	0	2.704	0	6.406	9.185	0	2.704	0	3.721	1.851	0	0.878	0	0.524	0.4	0	1	0	0.524	0.4	0	1	0	0.167	1	0	0	0.4	0	0	0	0	0	0	0	0	0	0	0.632
0	0	0	0	0	0	0	0	1.824	0	0	0	0	1.824	0	0	0	0	0	0	0	0	0	0	0	0	0	0	0	0	0.4	0	0.2	0	1	0.2	0	0.2	0	1	0	0.692
0	0.92	0	0	0	0	0.92	0	0	0	0	0.92	0	0	0	0	0	0	0	0	0	0	0	0	0	0	0	0	0	0	1	0	0.6	0.4	0	1	0	0.6	0.2	0	0	1.000
11.52	0	6.379	0	0	11.52	0	6.379	0	0	3.226	0	1.952	0	0	0.333	0	0.476	0	0	0.333	0	0.476	0	0	0	0	0	0	0	0.25	0	0.333	0.8	0.2	0	0	0	1	0.2	0.896	0.317
7.202	16.939	2.792	0.873	6.374	12.401	24.029	6.072	3.668	11.646	7.044	10.121	5.182	2.795	8.144	0.449	0.293	0.933	0.667	0.409	0.449	0.293	0.933	0.667	0.409	0.429	0.472	0.8	0.333	0.393	0	0.8	0	0	0.333	0	0	0	0	0	0.893	0.566
6.374	2.792	2.674	7.202	3.763	11.646	6.072	2.674	12.401	8.499	8.144	5.182	1.809	7.044	5.663	0.409	0.933	1	0.449	0.667	0.409	0.933	1	0.449	0.667	0.393	0.8	1	0.429	0.467	0.333	0	0.2	0	0	0	0	0.2	0	0.333	0.893	0.556
0	0	0	0	2.017	0	0	0	0	2.017	0	0	0	0	2.017	0	0	0	0	0	0	0	0	0	0	0	0	0	0	0	0.2	1	0.333	0.8	0	0.2	1	1	0.8	0	0	0.502
18.791	6.362	0	15.992	7.985	27.38	11.087	0	19.814	15.091	12.51	4.725	0	6.73	10.713	0.265	0.439	0	0.419	0.467	0.265	0.439	0	0.419	0.467	0.303	0.3	0	0.571	0.382	0.2	0.2	0.6	0	0.4	0.6	0.4	1	0.2	1	0.12	0.475
0	0	1.78	0	0	0	0	1.78	0	0	0	0	0	0	0	0	0	1	0	0	0	0	1	0	0	0	0	0	0	0	0	0.8	0	1	0	0	0.6	0	0.6	0	0.294	0.954
0	0	0.889	0	1.777	0	0	2.647	0	3.591	0	0	1.758	0	2.685	0	0	0.333	0	0.2	0	0	0.333	0	0.333	0	0	0	0	0	0.2	0	0	0	0	0	0	0	0	0	0.717	0.267
0	0	0	0	0	0	0	0	0	0	0	0	0	0	0	0	0	0	0	0	0	0	0	0	0	0	0	0	0	0	0	0	0	0.6	0.2	0	0	0	0.6	0	0	0.774
0	0	4.724	0	0	0	0	4.724	0	0	0	0	2.057	0	0	0	0	0.4	0	0	0	0	0.4	0	0	0	0	0	0	0	0.6	0.2	0.143	0.4	0.4	0.2	0.8	0.429	0	0.4	0.42	0.895
0.898	4.646	0	0	0	4.036	6.385	0	0.989	0	3.138	1.739	0	0.989	0	0.333	0.524	0	0	0	0.333	0.524	0	0	0	0	0	0	0	0	0.25	0	0	0	0.25	0	0	0	0	0	0.718	0.711
0	0	5.387	0.898	1.866	0	0	7.312	4.036	2.736	0	0	2.786	3.138	1.738	0	0	0.321	0.333	0.333	0	0	0.321	0.333	0.333	0	0	0	0	0	0.25	0	0.2	0.25	0	0	0	0	0	0	0.417	0.759
0	0	0	0	0	0	0	0	0	0	0	0	0	0	0	0	0	0	0	0	0	0	0	0	0	0	0	0	0	0	0.2	0	0	0	0.2	0	0	0	0	0	0	0.558
0.868	0	0	0.9	0.908	0.868	0	0	0.9	0.908	0.868	0	0	0	0	0	0	0	0	0	0	0	0	0	0	0	0	0	0	0	0	0	0	0	0	0	0	0	0	0	0.896	0.345
0	0	0	0	0	0	0	0	0	0	0	0	0	0	0	0	0	0	0	0	0	0	0	0	0	0	0	0	0	0	0	0	0	0	0	0	0	0	0	0	0	0.518
0	0	3.575	0.864	0	0	0	3.575	1.734	0	0	0	0.865	0.87	0	0	0	0.833	1	0	0	0	0.833	1	0	0	0	0	0	0	0	0	0	0	0	0	0	0	0	0	0.897	0.196
5.387	0	1.866	0	0	7.312	0	2.736	0	0	2.786	0	1.738	0	0	0.321	0	0.333	0	0	0.321	0	0.333	0	0	0	0	0	0	0	0.2	0.25	0	0	0	0	0	0	0	0	0	0.491
0	0	11.52	0	6.379	0	0	11.52	0	6.379	0	0	3.226	0	1.952	0	0	0.333	0	0.476	0	0	0.333	0	0.476	0	0	0	0	0	0	0.8	0.25	1	0.333	0	1	0	1	0	0.199	0.921
0	0	0	0	0	0	0	0	0	0	0	0	0	0	0	0	0	0	0	0	0	0	0	0	0	0	0	0	0	0	0	0	0	0	0	0	0	0	0	0	0	0.680
0	5.153	0	0	0	0	8.012	0	0	0	0	6.969	0	0	0	0	0.679	0	0	0	0	0.679	0	0	0	0	0.571	0	0	0	0.4	0	0.25	0	0.2	0.2	0	0.5	0.2	0.8	0	0.573
0	0	0	0	1.933	0	0	0	0	1.933	0	0	0	0	1.933	0	0	0	0	1	0	0	0	0	1	0	0	0	0	0	0.5	1	0.667	0.6	0	0	1	0.667	0.2	0.6	0	0.760
0	12.66	11.985	9.644	10.135	0	21.296	18.987	16.319	16.594	0	17.674	14.505	12.364	6.254	0	0.626	0.661	0.742	0.758	0	0.602	0.618	0.724	0.758	0	0.381	0.455	0.455	0.533	0	0	0	0	0	0	0	0	0	0	0	0.782
3.567	0	7.454	0	0	3.567	0	7.454	0	0	2.692	0	3.771	0	0	1	0	0.464	0	0	1	0	0.464	0	0	1	0	0.167	0	0	0.125	0.4	0	0.25	0.333	0	0.4	0	0	0.667	0	0.450
0	3.591	0	0	0	0	5.507	0	0	0	0	3.711	0	0	0	0	0.533	0	0	0	0	0.533	0	0	0	0	0.167	0	0	0	0.6	0	0	0	0	0.6	0	0.2	0	0	0	0.894
0	0	0	0	0	0	0	0	0	0	0	0	0	0	0	0	0	0	0	0	0	0	0	0	0	0	0	0	0	0	0	0.2	0.25	0.4	0.4	0	0	0	0.2	0.4	0	0.631
0	0	0	0	0	0	0	0	0	0	0	0	0	0	0	0	0	0	0	0	0	0	0	0	0	0	0	0	0	0	0.2	0.4	1	0	0.2	0.2	0.2	1	0	0.4	0	0.539
4.646	0	0.898	3.758	0	6.385	0.989	4.036	5.721	0	1.739	0.989	3.138	2.978	0	0.524	0	0.333	0.4	0	0.524	0	0.333	0.4	0	0	0	0	0	0	0	0	0.25	0	0	0	0	0	0	0	0.559	0.288
4.724	0	0	0	0	4.724	0	0	0	0	2.057	0	0	0	0	0.4	0	0	0	0	0.4	0	0	0	0	0	0	0	0	0	0.143	0.6	0.4	0.2	0.6	0.429	0.2	0.4	0.8	0.8	0.196	0.593
0	0	0	0	0	0	0	0	0	0	0	0	0	0	0	0	0	0	0	0	0	0	0	0	0	0	0	0	0	0	1	0	0	0.333	1	1	0	0	0.667	0.6	0	0.997
0	0	0	0.875	0	0	0	0	0.875	0	0	0	0	0	0	0	0	0	0	0	0	0	0	0	0	0	0	0	0	0	0	0.2	0	0	0	0	0.8	0	0	0	0	0.606
3.643	0	0	0	0	4.513	0	0	0	0	2.682	0	0	0	0	0.4	0	0	0	0	0.4	0	0	0	0	0	0	0	0	0	0	0	0	0	0	0	0	0	0	0	0.292	0.207
2.017	0	0	0	0	2.017	0	0	0	0	2.017	0	0	0	0	0	0	0	0	0	0	0	0	0	0	0	0	0	0	0	0	0.333	0	0.2	0	0	1	0	0.2	0	0	0.272
0	0	0	0.92	0	0	0	0	0.92	0	0	0	0	0.92	0	0	0	0	0	0	0	0	0	0	0	0	0	0	0	0	0.6	1	0	0	0	0.6	1	0	0	0	0.117	0.815
7.244	0.926	0	0	0	11.025	0.926	0	0	0.949	5.532	0	0	0	0.949	0.485	0	0	0	0	0.485	0	0	0	0	0.133	0	0	0	0	0	0.333	0.2	0	0	0	0	0.2	0	0	0	0.376
0	0	0.926	0	7.244	0	0	0.926	0	11.025	0	0	0	0	5.532	0	0	0	0	0.485	0	0	0	0	0.485	0	0	0	0	0.133	0	0.6	0.333	0.6	0	0	0.8	0	0.6	0	0	0.491
0	6.53	2.88	0	0	0	6.53	3.787	0.989	0	0	0.968	1.976	0.989	0	0	0.667	0.833	0	0	0	0.667	0.833	0	0	0	0	0	0	0	0.4	0.2	0.4	0.286	0.6	0	0	0	0.571	0.6	0	0.629
1.92	5.411	3.58	6.501	15.992	4.825	6.386	5.372	7.445	19.814	3.961	1.866	3.585	2.796	6.73	0.6	0.524	0.733	0.679	0.419	0.6	0.524	0.733	0.679	0.419	0.667	0	0.5	1	0.571	0	0	0.2	0	0	1	0	0.2	0	0.2	0	0.543
1.78	0	0	0	0	1.78	0	0	0	0	0	0	0	0	0	1	0	0	0	0	1	0	0	0	0	0	0	0	0	0	0	0	0	0.8	0.222	0	0	0	0.6	0	0.897	0.410
0	0	0	4.504	0.889	0	0	0	4.504	2.647	0	0	0	0.893	1.758	0	0	0	0.7	0.333	0	0	0	0.7	0.333	0	0	0	0	0	0	0	0.2	0.667	0	0	0	0	0	0	0.417	0.368
0	0	0	0	0	0	0	0	0	0	0	0	0	0	0	0	0	0	0	0	0	0	0	0	0	0	0	0	0	0	1	0.6	0.5	0.75	0.667	1	0.2	0	1	0.667	0	0.995
0	0	0	0	0	0	0	0	0	0	0	0	0	0	0	0	0	0	0	0	0	0	0	0	0	0	0	0	0	0	0	0.2	0.2	0	0.75	0	0	0	0	0	0	0.517
0	0	2.017	0	0	0	0	2.017	0	0	0	0	2.017	0	0	0	0	0	0	0	0	0	0	0	0	0	0	0	0	0	0.333	0.2	0	1	0	1	0.2	0	1	0	0	0.835
0	0	0	0	0	0	0	0	0	0	0	0	0	0	0	0	0	0	0	0	0	0	0	0	0	0	0	0	0	0	0	0.6	0	1	0	0	0.6	0	1	0	0.115	0.427
0	0	0	0	0	0	0	0	0	0	0	0	0	0	0	0	0	0	0	0	0	0	0	0	0	0	0	0	0	0	0	0	0	0	0	0	0	0	0	0	0.714	0.493
0	0.898	0	4.646	5.387	0	4.036	0	6.385	7.312	0	3.138	0	1.739	2.786	0	0.333	0	0.524	0.321	0	0.333	0	0.524	0.321	0	0	0	0	0	0	0.25	0.25	0	0.2	0	0	0	0	0	0.299	0.184
3.575	0	0	0	0	3.575	0	0	0	0	0.865	0	0	0	0	0.833	0	0	0	0	0.833	0	0	0	0	0	0	0	0	0	0	0	0	0	0	0	0	0	0	0.111	0.556	0.146
0	0	0	0	0	0	0	0	0	0	0	0	0	0	0	0	0	0	0	0	0	0	0	0	0	0	0	0	0	0	0	0.667	0	0	0.6	0	1	0	0	0.2	0	0.700
8.268	0	2.704	4.442	0	9.185	0	2.704	6.406	0	1.851	0	0.878	3.721	0	0.4	0	1	0.524	0	0.4	0	1	0.524	0	1	0	0	0.167	0	0	0.4	0	0	0.8	0	0	0	0	0.8	0.415	0.214
0	9.656	28.612	0	44.98	0	16.735	34.331	0	50.491	0	14.018	19.745	0	13.908	0	0.725	0.291	0	0.169	0	0.708	0.287	0	0.167	0	0.474	0.327	0	0.318	0.25	0.143	0	0.5	0	0	0	0	0	0	0	0.788
0.908	0	0	0.868	0	0.908	0	0	0.868	0	0	0	0	0.868	0	0	0	0	0	0	0	0	0	0	0	0	0	0	0	0	0	0	0	0	0	0	0	0	0	0	0.894	0.199
0	0	0.94	3.628	0	0	0	0.94	3.628	1.039	0	0	0.94	0.958	1.039	0	0	0	0.333	0	0	0	0	0.333	0	0	0	0	0	0	0	0	0	0	0.25	0	0	0	0	0	0.118	0.426
0.905	1.898	0	3.13	0	5.645	7.02	7.065	8.342	5.745	5.223	3.953	6.101	6.373	6.162	0.733	0.667	0.733	0.714	0.733	0.7	0.667	0.733	0.667	0.7	0.667	0.333	0.4	0.6	0.3	0	0	0	0	0	0	0	0	0	0	0.119	0.427
0	0	0	7.454	0	0	0	0	7.454	0	0	0	0	3.771	0	0	0	0	0.464	0	0	0	0	0.464	0	0	0	0	0.167	0	0	0.333	0	0	0.4	0	0.667	0	0	0.4	0	0.577
0	0	0	0	1.78	0	0	0	0	1.78	0	0	0	0	0	0	0	0	0	1	0	0	0	0	1	0	0	0	0	0	0.8	1	0	0	0	0.6	0.6	0	0	0	0.056	0.703
0	0	0	0	0	0	0	0	0	0	0	0	0	0	0	0	0	0	0	0	0	0	0	0	0	0	0	0	0	0	0.2	0.4	0	0.75	0.25	0	0.2	0	1	0	0	0.664
2.733	1.777	0	0.889	0	4.546	3.591	1.766	2.647	0	1.813	2.685	1.766	1.758	0	0.5	0.2	0	0.333	0	0.5	0.333	0	0.333	0	0	0	0	0	0	0	0	0	0	0	0	0	0	0	0	0.19	0.293
5.153	0	0	2.872	0	8.012	0	0	4.929	0	6.969	0	0	4.929	0	0.679	0	0	0.9	0	0.679	0	0	0.9	0	0.571	0	0	0.9	0	0	0	0.4	0	0.25	0	0.2	0.2	0	0.5	0	0.176
0	0	3.643	0	0	0	0	4.513	0	0	0	0	2.682	0	0	0	0	0.4	0	0	0	0	0.4	0	0	0	0	0	0	0	0	0	0	0.125	0	0	0	0	0.5	0	0.556	0.243
3.591	0	0	0	0	5.507	0	0	0	0	3.711	0	0	0	0	0.533	0	0	0	0	0.533	0	0	0	0	0.167	0	0	0	0	0	0	0.6	0	0	0	0	0.6	0	0.2	0.199	0.321
0	0	0	0	0	0	0	0	0	0	0	0	0	0	0	0	0	0	0	0	0	0	0	0	0	0	0	0	0	0	0.2	0.2	0.4	0.8	1	0.6	0.2	0.4	0.8	1	0	0.850
0	4.504	0	0	0	0	4.504	0	0	0	0	0.893	0	0	0	0	0.7	0	0	0	0	0.7	0	0	0	0	0	0	0	0	0	0.667	0	0	0.2	0	0	0	0	0	0.415	0.215
5.411	6.501	1.92	0	3.58	6.386	7.445	4.825	0	5.372	1.866	2.796	3.961	0	3.585	0.524	0.679	0.6	0	0.733	0.524	0.679	0.6	0	0.733	0	1	0.667	0	0.5	0	0	0	0.2	0.2	0	0	1	0.8	0.2	0.298	0.267
0	0	11.042	0	8.595	8.004	5.745	20.376	7.065	16.961	8.004	6.162	13.572	6.101	9.39	0.571	0.733	0.526	0.733	0.412	0.571	0.7	0.509	0.733	0.39	0.238	0.3	0.348	0.4	0.333	0	0	0	0	0	0	0	0	0	0	0.557	0.251
0	7.244	0	0.926	12.06	0	11.025	0.949	0.926	15.02	0	5.532	0.949	0	3.906	0	0.485	0	0	0.433	0	0.485	0	0	0.433	0	0.133	0	0	0.333	0.2	0	0	0.333	0	0.2	0	0	0	0	0.898	0.321
2.88	0	0	6.53	0	3.787	0	0	6.53	0	1.976	0	0	0.968	0	0.833	0	0	0.667	0	0.833	0	0	0.667	0	0	0	0	0	0	0.4	0.4	0.6	0.2	0.6	0	0	0.6	0	0.8	0	0.634
0	0	0	0	0	0	0	0	0	0	0	0	0	0	0	0	0	0	0	0	0	0	0	0	0	0	0	0	0	0	0	0	0	0.2	0	0	0	0	0.8	0	0.419	0.280
0	1.933	0	0	0	0	1.933	0	0	0	0	1.933	0	0	0	0	1	0	0	0	0	1	0	0	0	0	0	0	0	0	0.75	0	0.4	0.667	0.2	1	0.6	0.2	0.667	0	0	0.982
