0.914	0.229	0.747	0.518	0.823	0.318
0.91	0.231	0.761	0.488	0.829	0.313
0.919	0.243	0.758	0.538	0.831	0.335
0.91	0.251	0.767	0.508	0.832	0.336
0.91	0.273	0.769	0.532	0.834	0.361
0.891	0.237	0.763	0.443	0.822	0.309
0.916	0.266	0.772	0.539	0.838	0.356
0.905	0.24	0.761	0.486	0.826	0.322
0.909	0.249	0.761	0.508	0.828	0.335
0.904	0.237	0.756	0.486	0.824	0.319
0.914	0.228	0.764	0.491	0.832	0.312
0.911	0.236	0.759	0.5	0.828	0.32
0.914	0.252	0.769	0.52	0.835	0.34
0.907	0.278	0.774	0.524	0.835	0.363
0.905	0.266	0.757	0.526	0.825	0.353
0.914	0.301	0.782	0.56	0.842	0.391
0.91	0.246	0.752	0.522	0.824	0.335
0.905	0.249	0.755	0.505	0.823	0.334
0.908	0.252	0.759	0.514	0.827	0.338
0.913	0.239	0.758	0.514	0.828	0.327
0.9	0.251	0.757	0.492	0.822	0.333
0.905	0.233	0.745	0.497	0.817	0.317
0.915	0.25	0.774	0.512	0.839	0.336
0.903	0.266	0.768	0.505	0.83	0.349
0.906	0.274	0.755	0.541	0.823	0.364
0.907	0.257	0.776	0.495	0.836	0.338
0.897	0.242	0.758	0.471	0.822	0.32
0.907	0.235	0.76	0.486	0.827	0.317
0.908	0.203	0.757	0.448	0.826	0.279
0.904	0.238	0.769	0.469	0.831	0.316
0.91	0.243	0.765	0.5	0.831	0.327
0.917	0.237	0.77	0.506	0.837	0.322
0.913	0.24	0.77	0.497	0.836	0.324
0.906	0.286	0.773	0.531	0.834	0.371
0.903	0.25	0.761	0.495	0.826	0.332
0.905	0.259	0.772	0.495	0.833	0.34
0.894	0.219	0.74	0.452	0.81	0.295
0.91	0.231	0.773	0.471	0.836	0.31
0.901	0.262	0.765	0.497	0.827	0.343
0.911	0.244	0.763	0.506	0.831	0.329
0.915	0.243	0.769	0.509	0.835	0.329
0.906	0.246	0.773	0.48	0.834	0.325
0.916	0.235	0.764	0.509	0.833	0.321
0.908	0.216	0.765	0.455	0.83	0.293
0.911	0.24	0.761	0.503	0.829	0.325
0.917	0.27	0.769	0.55	0.837	0.362
0.911	0.252	0.757	0.525	0.827	0.341
0.897	0.231	0.764	0.446	0.825	0.304
0.905	0.271	0.761	0.526	0.827	0.358
0.909	0.255	0.768	0.508	0.833	0.339
0.901	0.225	0.757	0.458	0.822	0.301
0.891	0.265	0.746	0.5	0.812	0.347
0.907	0.252	0.77	0.495	0.833	0.334
0.908	0.257	0.758	0.522	0.826	0.345
0.898	0.281	0.778	0.495	0.834	0.359
0.906	0.244	0.77	0.48	0.833	0.323
0.909	0.262	0.774	0.508	0.836	0.346
0.905	0.255	0.752	0.519	0.821	0.342
0.911	0.256	0.751	0.538	0.823	0.347
0.911	0.257	0.764	0.522	0.831	0.345
0.908	0.263	0.765	0.519	0.83	0.349
0.903	0.228	0.761	0.463	0.826	0.305
0.905	0.267	0.784	0.489	0.84	0.345
0.908	0.255	0.757	0.519	0.826	0.342
0.896	0.253	0.766	0.472	0.826	0.329
0.892	0.236	0.756	0.453	0.818	0.311
0.909	0.219	0.757	0.473	0.826	0.3
0.903	0.256	0.769	0.492	0.831	0.337
0.906	0.241	0.759	0.494	0.826	0.324
0.901	0.268	0.765	0.508	0.827	0.351
0.913	0.248	0.753	0.534	0.825	0.339
0.91	0.265	0.76	0.535	0.828	0.355
0.901	0.258	0.771	0.484	0.831	0.337
0.917	0.246	0.77	0.518	0.837	0.333
0.906	0.264	0.756	0.529	0.824	0.353
0.908	0.246	0.771	0.489	0.834	0.327
0.911	0.211	0.763	0.46	0.83	0.29
0.902	0.249	0.768	0.478	0.83	0.328
0.916	0.246	0.767	0.52	0.835	0.334
0.915	0.282	0.757	0.576	0.828	0.379
0.915	0.247	0.752	0.54	0.826	0.339
0.908	0.246	0.762	0.5	0.829	0.33
0.911	0.239	0.757	0.509	0.827	0.325
0.912	0.233	0.767	0.488	0.833	0.316
0.904	0.229	0.744	0.489	0.816	0.312
0.915	0.246	0.761	0.523	0.831	0.335
0.906	0.235	0.751	0.494	0.821	0.319
0.906	0.268	0.765	0.521	0.83	0.354
0.903	0.254	0.758	0.503	0.824	0.337
0.905	0.249	0.763	0.495	0.828	0.332
0.913	0.244	0.766	0.509	0.833	0.33
0.918	0.257	0.759	0.551	0.831	0.35
0.909	0.248	0.757	0.514	0.826	0.335
0.918	0.249	0.765	0.532	0.835	0.339
0.91	0.26	0.759	0.53	0.828	0.349
0.908	0.242	0.758	0.503	0.826	0.327
0.903	0.251	0.763	0.492	0.827	0.333
0.914	0.239	0.763	0.509	0.832	0.325
0.904	0.269	0.759	0.526	0.825	0.356
0.904	0.236	0.755	0.486	0.823	0.318
0.901	0.257	0.758	0.5	0.823	0.339
0.906	0.249	0.744	0.524	0.817	0.337
0.901	0.247	0.754	0.492	0.821	0.329
0.905	0.255	0.752	0.519	0.821	0.342
0.904	0.261	0.754	0.521	0.822	0.348
0.902	0.27	0.765	0.513	0.828	0.354
0.905	0.242	0.754	0.497	0.823	0.326
0.914	0.245	0.763	0.517	0.832	0.333
0.907	0.22	0.764	0.459	0.829	0.297
0.896	0.227	0.756	0.449	0.82	0.302
0.907	0.219	0.759	0.465	0.827	0.298
0.92	0.251	0.772	0.533	0.839	0.342
0.905	0.249	0.774	0.481	0.835	0.328
0.91	0.224	0.758	0.482	0.827	0.306
0.907	0.246	0.768	0.489	0.831	0.327
0.916	0.239	0.767	0.512	0.835	0.326
0.909	0.269	0.772	0.522	0.835	0.355
0.903	0.237	0.765	0.472	0.829	0.316
0.906	0.251	0.761	0.505	0.827	0.336
0.911	0.266	0.764	0.535	0.831	0.355
0.893	0.255	0.758	0.477	0.82	0.333
0.908	0.247	0.748	0.522	0.82	0.336
0.908	0.253	0.757	0.516	0.826	0.339
0.898	0.251	0.769	0.468	0.828	0.327
0.912	0.251	0.746	0.544	0.821	0.344
0.914	0.237	0.778	0.485	0.84	0.318
0.912	0.269	0.765	0.541	0.832	0.359
0.901	0.265	0.763	0.505	0.826	0.348
0.915	0.245	0.76	0.523	0.83	0.334
0.9	0.259	0.774	0.479	0.832	0.336
0.905	0.233	0.768	0.466	0.831	0.311
0.903	0.239	0.74	0.505	0.814	0.324
0.909	0.24	0.761	0.497	0.828	0.324
0.903	0.229	0.748	0.483	0.818	0.311
0.908	0.252	0.773	0.494	0.835	0.334
0.913	0.228	0.758	0.497	0.828	0.313
0.902	0.235	0.753	0.481	0.821	0.316
0.913	0.272	0.778	0.527	0.84	0.359
0.901	0.24	0.753	0.484	0.821	0.321
0.894	0.205	0.753	0.416	0.818	0.275
0.913	0.26	0.759	0.538	0.829	0.351
0.903	0.248	0.759	0.495	0.825	0.33
0.908	0.242	0.738	0.527	0.814	0.332
0.899	0.21	0.742	0.452	0.813	0.287
0.898	0.236	0.757	0.468	0.822	0.314
0.911	0.221	0.741	0.503	0.817	0.307
0.905	0.219	0.756	0.462	0.824	0.297
0.901	0.225	0.748	0.472	0.817	0.305
0.901	0.241	0.754	0.484	0.821	0.321
0.91	0.251	0.759	0.519	0.828	0.339
0.904	0.261	0.761	0.511	0.827	0.345
0.913	0.256	0.768	0.522	0.834	0.344
0.901	0.246	0.753	0.495	0.821	0.329
0.907	0.278	0.781	0.513	0.84	0.361
0.907	0.234	0.755	0.492	0.824	0.317
0.91	0.262	0.753	0.54	0.824	0.353
0.912	0.252	0.752	0.536	0.824	0.343
0.896	0.234	0.765	0.446	0.825	0.307
0.908	0.247	0.764	0.5	0.83	0.331
0.906	0.24	0.764	0.486	0.829	0.322
0.913	0.226	0.761	0.491	0.83	0.309
0.907	0.229	0.76	0.477	0.827	0.309
0.903	0.226	0.762	0.46	0.826	0.303
0.913	0.231	0.753	0.509	0.825	0.318
0.906	0.239	0.742	0.514	0.816	0.326
0.909	0.255	0.764	0.514	0.83	0.341
0.907	0.274	0.768	0.526	0.831	0.361
0.925	0.235	0.758	0.547	0.833	0.329
0.902	0.239	0.761	0.475	0.825	0.318
0.901	0.237	0.767	0.462	0.829	0.313
0.905	0.258	0.779	0.484	0.837	0.336
0.902	0.23	0.764	0.458	0.827	0.306
0.907	0.247	0.764	0.497	0.829	0.33
0.91	0.249	0.747	0.53	0.82	0.339
0.906	0.277	0.771	0.523	0.833	0.363
0.912	0.234	0.747	0.517	0.822	0.322
0.908	0.249	0.772	0.492	0.835	0.331
0.906	0.266	0.763	0.521	0.828	0.352
0.909	0.271	0.774	0.519	0.836	0.356
0.909	0.253	0.777	0.494	0.838	0.335
0.9	0.276	0.768	0.508	0.829	0.358
0.904	0.252	0.767	0.492	0.83	0.333
0.91	0.263	0.78	0.503	0.84	0.345
0.908	0.232	0.758	0.486	0.826	0.314
0.909	0.232	0.762	0.486	0.829	0.314
0.912	0.224	0.755	0.491	0.826	0.308
0.898	0.238	0.761	0.462	0.824	0.314
0.916	0.248	0.764	0.526	0.833	0.337
0.905	0.241	0.753	0.497	0.822	0.325
0.922	0.224	0.751	0.531	0.828	0.315
0.904	0.251	0.757	0.503	0.824	0.335
0.89	0.224	0.751	0.437	0.815	0.296
0.905	0.254	0.774	0.486	0.834	0.333
0.904	0.279	0.762	0.53	0.827	0.365
0.902	0.233	0.75	0.484	0.819	0.314
0.893	0.233	0.748	0.461	0.814	0.309
0.909	0.249	0.769	0.497	0.833	0.331
0.911	0.26	0.751	0.543	0.823	0.351
0.912	0.235	0.766	0.491	0.832	0.318
0.906	0.253	0.763	0.503	0.828	0.337
0.913	0.244	0.764	0.511	0.832	0.33
0.907	0.234	0.764	0.48	0.83	0.315
0.908	0.245	0.775	0.48	0.836	0.324
0.91	0.27	0.774	0.524	0.836	0.357
0.899	0.254	0.752	0.5	0.819	0.337
0.901	0.231	0.759	0.464	0.824	0.308
0.891	0.234	0.737	0.472	0.807	0.312
0.907	0.225	0.752	0.483	0.822	0.307
0.893	0.253	0.76	0.472	0.821	0.329
0.906	0.246	0.776	0.475	0.836	0.324
0.912	0.256	0.75	0.543	0.823	0.348
0.897	0.242	0.758	0.471	0.822	0.32
0.917	0.27	0.777	0.539	0.841	0.36
0.89	0.246	0.768	0.444	0.824	0.317
0.895	0.251	0.758	0.477	0.821	0.329
0.904	0.234	0.746	0.495	0.817	0.317
0.906	0.264	0.765	0.513	0.829	0.348
0.893	0.284	0.769	0.5	0.827	0.362
0.903	0.247	0.76	0.492	0.825	0.329
0.915	0.262	0.768	0.536	0.835	0.352
0.91	0.252	0.768	0.508	0.833	0.337
0.903	0.23	0.758	0.469	0.824	0.309
0.912	0.252	0.768	0.514	0.834	0.338
0.904	0.261	0.762	0.511	0.827	0.346
0.904	0.248	0.764	0.489	0.828	0.329
0.906	0.211	0.758	0.452	0.826	0.288
0.91	0.235	0.749	0.511	0.822	0.322
0.901	0.244	0.75	0.495	0.819	0.327
0.904	0.304	0.783	0.532	0.839	0.387
0.898	0.234	0.756	0.465	0.821	0.311
0.904	0.249	0.768	0.486	0.831	0.329
0.907	0.24	0.772	0.477	0.834	0.319
0.912	0.239	0.768	0.494	0.834	0.322
0.913	0.276	0.761	0.556	0.83	0.369
0.908	0.217	0.766	0.455	0.831	0.293
0.904	0.249	0.763	0.492	0.828	0.331
0.902	0.243	0.757	0.486	0.823	0.324
0.895	0.258	0.769	0.472	0.827	0.333
0.902	0.232	0.766	0.458	0.828	0.308
0.901	0.273	0.753	0.53	0.821	0.361
0.901	0.221	0.754	0.455	0.821	0.297
0.896	0.249	0.747	0.492	0.815	0.33
0.897	0.234	0.753	0.465	0.819	0.311
0.909	0.242	0.76	0.5	0.828	0.326
0.912	0.266	0.757	0.548	0.827	0.359
0.897	0.238	0.762	0.46	0.824	0.314
0.907	0.212	0.769	0.44	0.832	0.286
0.903	0.241	0.758	0.486	0.825	0.322
0.908	0.23	0.741	0.508	0.816	0.316
0.907	0.263	0.759	0.524	0.826	0.35
0.901	0.273	0.76	0.518	0.824	0.358
0.911	0.255	0.764	0.519	0.831	0.342
0.89	0.246	0.759	0.457	0.819	0.32
0.903	0.257	0.753	0.513	0.821	0.342
0.908	0.251	0.758	0.514	0.827	0.338
0.919	0.252	0.77	0.535	0.838	0.343
0.912	0.252	0.763	0.52	0.831	0.339
0.913	0.238	0.765	0.503	0.833	0.323
0.907	0.266	0.775	0.505	0.836	0.348
0.907	0.269	0.779	0.505	0.838	0.351
0.9	0.257	0.753	0.505	0.82	0.34
0.898	0.212	0.754	0.435	0.819	0.285
0.92	0.26	0.755	0.565	0.829	0.356
0.906	0.254	0.743	0.532	0.816	0.344
0.916	0.243	0.757	0.529	0.829	0.333
0.914	0.232	0.766	0.494	0.833	0.316
0.901	0.25	0.763	0.484	0.826	0.33
0.909	0.231	0.764	0.483	0.83	0.313
0.915	0.257	0.764	0.534	0.832	0.347
0.902	0.255	0.76	0.5	0.825	0.338
0.918	0.269	0.769	0.553	0.837	0.362
0.899	0.234	0.756	0.467	0.822	0.312
0.924	0.268	0.772	0.57	0.841	0.365
0.902	0.256	0.769	0.489	0.83	0.336
0.901	0.244	0.761	0.478	0.825	0.323
0.909	0.27	0.765	0.532	0.831	0.358
0.906	0.195	0.748	0.442	0.82	0.271
0.906	0.23	0.75	0.489	0.82	0.313
0.917	0.233	0.776	0.491	0.841	0.316
0.896	0.254	0.751	0.492	0.817	0.335
0.916	0.252	0.793	0.491	0.85	0.333
0.905	0.251	0.765	0.495	0.829	0.333
0.893	0.213	0.755	0.423	0.818	0.284
0.903	0.24	0.76	0.481	0.825	0.321
0.899	0.203	0.765	0.409	0.827	0.271
0.913	0.243	0.757	0.52	0.828	0.331
0.909	0.27	0.753	0.547	0.824	0.361
0.913	0.258	0.778	0.511	0.84	0.343
0.899	0.242	0.765	0.468	0.827	0.319
0.911	0.264	0.769	0.525	0.834	0.351
0.914	0.234	0.769	0.494	0.835	0.318
0.902	0.239	0.766	0.467	0.829	0.316
0.912	0.262	0.764	0.53	0.832	0.351
0.901	0.221	0.758	0.452	0.823	0.297
0.907	0.225	0.746	0.491	0.818	0.308
0.902	0.23	0.764	0.458	0.827	0.306
0.904	0.265	0.758	0.518	0.824	0.35
0.918	0.256	0.772	0.532	0.838	0.346
0.903	0.24	0.762	0.478	0.827	0.319
0.902	0.246	0.768	0.476	0.829	0.325
0.905	0.257	0.76	0.511	0.826	0.342
0.903	0.259	0.761	0.505	0.826	0.342
0.914	0.251	0.768	0.52	0.835	0.339
0.908	0.242	0.766	0.492	0.831	0.324
0.908	0.253	0.749	0.527	0.821	0.341
0.908	0.263	0.755	0.534	0.824	0.353
0.917	0.255	0.764	0.537	0.834	0.346
0.91	0.26	0.759	0.53	0.828	0.349
0.908	0.255	0.76	0.516	0.827	0.341
0.894	0.253	0.76	0.474	0.822	0.33
0.897	0.256	0.765	0.479	0.826	0.334
0.907	0.262	0.75	0.534	0.821	0.351
0.912	0.269	0.762	0.543	0.83	0.359
0.911	0.243	0.771	0.494	0.835	0.326
0.916	0.249	0.757	0.537	0.829	0.34
0.899	0.234	0.745	0.481	0.815	0.315
0.9	0.242	0.748	0.492	0.817	0.325
0.901	0.239	0.758	0.478	0.824	0.319
0.905	0.251	0.758	0.505	0.825	0.336
0.908	0.245	0.764	0.497	0.83	0.328
0.908	0.245	0.758	0.506	0.826	0.33
0.914	0.234	0.754	0.515	0.826	0.322
0.91	0.282	0.763	0.552	0.83	0.373
0.897	0.246	0.755	0.479	0.82	0.325
0.916	0.262	0.763	0.547	0.832	0.354
0.91	0.24	0.753	0.511	0.824	0.327
0.907	0.214	0.762	0.452	0.828	0.291
0.905	0.261	0.76	0.516	0.826	0.347
0.896	0.269	0.759	0.502	0.822	0.35
0.911	0.262	0.766	0.525	0.832	0.349
0.92	0.234	0.752	0.536	0.827	0.325
0.904	0.245	0.761	0.489	0.826	0.327
0.904	0.214	0.759	0.45	0.825	0.291
0.901	0.26	0.77	0.489	0.831	0.339
0.912	0.242	0.765	0.506	0.832	0.328
0.9	0.245	0.763	0.476	0.826	0.324
0.907	0.229	0.761	0.477	0.828	0.31
0.902	0.264	0.765	0.503	0.828	0.346
0.907	0.277	0.776	0.518	0.836	0.361
0.918	0.253	0.768	0.535	0.836	0.343
0.905	0.218	0.754	0.462	0.823	0.296
0.913	0.273	0.775	0.533	0.838	0.361
0.901	0.234	0.759	0.467	0.824	0.311
0.902	0.261	0.764	0.503	0.827	0.343
0.917	0.215	0.75	0.503	0.825	0.302
0.921	0.229	0.76	0.522	0.833	0.318
0.905	0.239	0.747	0.503	0.819	0.324
0.907	0.249	0.772	0.489	0.834	0.33
0.907	0.273	0.774	0.519	0.835	0.358
0.903	0.223	0.755	0.466	0.822	0.301
0.916	0.264	0.771	0.539	0.837	0.355
0.913	0.199	0.753	0.462	0.825	0.279
0.904	0.259	0.761	0.508	0.827	0.343
0.913	0.251	0.759	0.528	0.829	0.341
0.902	0.242	0.753	0.489	0.821	0.324
0.912	0.211	0.743	0.491	0.819	0.296
0.901	0.256	0.771	0.481	0.831	0.335
0.901	0.249	0.762	0.484	0.825	0.329
0.923	0.26	0.774	0.55	0.842	0.353
0.898	0.246	0.758	0.479	0.822	0.325
0.906	0.23	0.756	0.483	0.825	0.312
0.909	0.278	0.761	0.549	0.828	0.369
0.902	0.219	0.755	0.455	0.822	0.295
0.91	0.231	0.767	0.48	0.832	0.312
0.901	0.225	0.767	0.446	0.828	0.299
0.909	0.254	0.759	0.519	0.827	0.341
0.916	0.26	0.765	0.539	0.834	0.351
0.905	0.226	0.754	0.477	0.823	0.307
0.904	0.273	0.773	0.51	0.834	0.356
0.905	0.23	0.753	0.483	0.822	0.312
0.913	0.246	0.772	0.503	0.837	0.331
0.899	0.244	0.778	0.451	0.834	0.317
0.906	0.255	0.766	0.503	0.83	0.339
0.906	0.265	0.758	0.524	0.826	0.351
0.912	0.244	0.749	0.528	0.823	0.333
0.903	0.267	0.783	0.484	0.839	0.344
0.905	0.223	0.765	0.457	0.829	0.3
0.902	0.262	0.767	0.497	0.829	0.343
0.903	0.254	0.771	0.484	0.832	0.333
0.911	0.254	0.776	0.503	0.838	0.338
0.911	0.275	0.774	0.532	0.837	0.363
0.911	0.27	0.766	0.538	0.832	0.359
0.908	0.246	0.765	0.497	0.831	0.329
0.903	0.28	0.773	0.515	0.833	0.363
0.905	0.236	0.772	0.466	0.833	0.313
0.903	0.238	0.766	0.47	0.829	0.316
0.917	0.237	0.753	0.529	0.827	0.327
0.911	0.275	0.758	0.555	0.827	0.368
0.91	0.264	0.779	0.508	0.839	0.347
0.904	0.251	0.752	0.511	0.821	0.337
0.905	0.247	0.755	0.503	0.823	0.332
0.912	0.242	0.761	0.509	0.83	0.328
0.91	0.22	0.754	0.479	0.825	0.301
0.912	0.243	0.765	0.506	0.832	0.328
0.903	0.232	0.764	0.464	0.828	0.31
0.909	0.26	0.767	0.516	0.832	0.346
0.901	0.288	0.773	0.52	0.832	0.371
0.908	0.251	0.761	0.511	0.828	0.337
0.903	0.26	0.75	0.521	0.819	0.347
0.918	0.272	0.762	0.566	0.833	0.367
0.912	0.256	0.775	0.508	0.838	0.34
0.908	0.228	0.754	0.489	0.824	0.311
0.914	0.258	0.76	0.539	0.83	0.349
0.92	0.239	0.767	0.521	0.836	0.328
0.925	0.235	0.758	0.547	0.833	0.329
0.919	0.221	0.764	0.497	0.834	0.306
0.902	0.213	0.75	0.454	0.819	0.29
0.914	0.251	0.749	0.544	0.823	0.344
0.91	0.278	0.777	0.527	0.838	0.364
0.908	0.229	0.758	0.483	0.826	0.311
0.91	0.229	0.756	0.494	0.826	0.313
0.91	0.253	0.75	0.533	0.822	0.343
0.914	0.247	0.757	0.528	0.828	0.337
0.896	0.204	0.753	0.42	0.818	0.275
0.904	0.286	0.768	0.533	0.831	0.372
0.912	0.217	0.758	0.479	0.828	0.299
0.908	0.237	0.762	0.489	0.829	0.319
0.914	0.255	0.765	0.528	0.833	0.344
0.907	0.253	0.757	0.514	0.825	0.339
0.907	0.239	0.759	0.492	0.826	0.322
0.911	0.236	0.747	0.517	0.821	0.324
0.903	0.27	0.764	0.515	0.828	0.354
0.9	0.216	0.747	0.455	0.817	0.293
0.899	0.259	0.75	0.508	0.818	0.343
0.907	0.244	0.769	0.486	0.832	0.325
0.891	0.212	0.766	0.401	0.823	0.277
0.904	0.247	0.774	0.475	0.834	0.325
0.908	0.267	0.777	0.508	0.837	0.35
0.901	0.245	0.747	0.5	0.816	0.329
0.914	0.233	0.774	0.485	0.838	0.315
0.897	0.235	0.752	0.468	0.818	0.313
0.904	0.203	0.764	0.428	0.828	0.276
0.913	0.24	0.753	0.52	0.825	0.329
0.912	0.221	0.757	0.485	0.828	0.304
0.905	0.235	0.751	0.492	0.821	0.318
0.903	0.247	0.752	0.503	0.821	0.332
0.908	0.274	0.765	0.534	0.831	0.362
0.906	0.241	0.759	0.494	0.826	0.324
0.9	0.248	0.753	0.495	0.82	0.33
0.906	0.258	0.774	0.495	0.835	0.339
0.905	0.269	0.778	0.5	0.837	0.349
0.908	0.247	0.759	0.508	0.827	0.333
0.907	0.247	0.761	0.5	0.828	0.331
0.91	0.247	0.762	0.508	0.829	0.333
0.903	0.257	0.757	0.508	0.823	0.342
0.92	0.256	0.771	0.538	0.839	0.347
0.914	0.251	0.76	0.531	0.83	0.341
0.894	0.254	0.748	0.492	0.815	0.335
0.906	0.23	0.749	0.489	0.82	0.312
0.901	0.233	0.773	0.447	0.832	0.306
0.914	0.226	0.746	0.515	0.822	0.314
0.906	0.19	0.744	0.438	0.817	0.265
0.9	0.26	0.754	0.508	0.821	0.344
0.901	0.235	0.762	0.467	0.826	0.313
0.919	0.266	0.761	0.564	0.833	0.362
0.905	0.241	0.767	0.478	0.83	0.32
0.913	0.227	0.741	0.517	0.818	0.316
0.892	0.232	0.752	0.45	0.816	0.306
0.907	0.274	0.758	0.541	0.826	0.364
0.914	0.249	0.756	0.531	0.828	0.339
0.912	0.235	0.758	0.503	0.828	0.32
0.908	0.268	0.755	0.539	0.824	0.358
0.913	0.263	0.774	0.522	0.837	0.35
0.902	0.221	0.748	0.466	0.818	0.3
0.903	0.233	0.732	0.508	0.809	0.319
0.913	0.23	0.763	0.494	0.832	0.314
0.903	0.255	0.757	0.505	0.823	0.339
0.908	0.255	0.752	0.527	0.823	0.343
0.897	0.25	0.749	0.492	0.816	0.332
0.904	0.247	0.763	0.489	0.828	0.328
0.908	0.25	0.751	0.522	0.822	0.338
0.914	0.246	0.758	0.526	0.829	0.335
0.91	0.28	0.761	0.554	0.829	0.372
0.909	0.257	0.787	0.483	0.843	0.336
0.902	0.229	0.744	0.484	0.815	0.31
0.898	0.241	0.769	0.457	0.829	0.316
0.913	0.255	0.751	0.544	0.824	0.347
0.907	0.253	0.744	0.532	0.817	0.342
0.896	0.265	0.76	0.495	0.822	0.346
0.904	0.265	0.759	0.518	0.825	0.351
0.909	0.247	0.761	0.506	0.828	0.332
0.907	0.274	0.762	0.534	0.828	0.362
0.906	0.26	0.761	0.516	0.827	0.346
0.904	0.229	0.757	0.472	0.824	0.308
0.896	0.239	0.76	0.46	0.822	0.315
0.911	0.251	0.759	0.522	0.828	0.339
0.906	0.253	0.752	0.519	0.822	0.34
0.921	0.225	0.755	0.525	0.83	0.315
0.904	0.268	0.765	0.516	0.829	0.353
0.91	0.232	0.751	0.503	0.823	0.318
0.905	0.27	0.77	0.513	0.832	0.354
0.913	0.26	0.767	0.528	0.833	0.348
0.914	0.23	0.749	0.515	0.823	0.318
0.9	0.258	0.767	0.487	0.828	0.337
0.902	0.251	0.754	0.503	0.821	0.335
0.914	0.234	0.76	0.506	0.83	0.32
0.908	0.249	0.763	0.503	0.829	0.333
0.894	0.264	0.768	0.477	0.826	0.34
0.904	0.245	0.761	0.489	0.826	0.327
0.896	0.232	0.739	0.479	0.81	0.313
0.903	0.251	0.766	0.489	0.829	0.332
0.91	0.243	0.756	0.511	0.826	0.329
0.91	0.268	0.768	0.527	0.833	0.355
0.904	0.232	0.755	0.48	0.823	0.313
0.917	0.267	0.766	0.55	0.835	0.359
0.908	0.247	0.753	0.516	0.823	0.334
0.908	0.267	0.784	0.497	0.842	0.347
0.907	0.24	0.764	0.489	0.829	0.322
0.913	0.267	0.771	0.533	0.836	0.356
0.916	0.224	0.759	0.5	0.83	0.309
0.903	0.245	0.761	0.486	0.826	0.326
0.915	0.249	0.763	0.526	0.832	0.338
0.904	0.247	0.772	0.478	0.833	0.326
0.909	0.272	0.78	0.514	0.84	0.356
0.91	0.237	0.755	0.506	0.825	0.323
0.893	0.266	0.763	0.485	0.823	0.344
0.907	0.247	0.764	0.497	0.829	0.33
0.904	0.243	0.758	0.492	0.825	0.325
0.917	0.218	0.764	0.488	0.833	0.302
0.902	0.238	0.763	0.473	0.827	0.317
0.914	0.255	0.767	0.525	0.834	0.344
0.91	0.218	0.762	0.467	0.829	0.297
0.909	0.247	0.761	0.506	0.828	0.332
0.902	0.223	0.762	0.455	0.826	0.3
0.908	0.26	0.761	0.522	0.828	0.347
0.895	0.27	0.765	0.493	0.825	0.349
0.902	0.214	0.754	0.448	0.821	0.289
0.914	0.235	0.753	0.517	0.826	0.324
0.902	0.233	0.756	0.475	0.823	0.313
0.899	0.213	0.766	0.425	0.828	0.284
0.912	0.251	0.761	0.522	0.83	0.339
0.899	0.235	0.762	0.462	0.825	0.312
0.906	0.245	0.75	0.511	0.82	0.331
0.898	0.224	0.753	0.456	0.819	0.301
0.91	0.242	0.763	0.5	0.83	0.326
0.911	0.223	0.763	0.476	0.83	0.304
0.912	0.245	0.764	0.509	0.832	0.33
0.907	0.247	0.758	0.505	0.826	0.332
0.902	0.255	0.767	0.489	0.829	0.335
0.913	0.231	0.75	0.512	0.823	0.318
0.913	0.232	0.763	0.497	0.831	0.316
0.903	0.264	0.773	0.495	0.833	0.344
0.906	0.289	0.77	0.54	0.833	0.377
0.904	0.264	0.773	0.497	0.833	0.345
0.903	0.258	0.75	0.518	0.819	0.345
0.909	0.257	0.765	0.514	0.831	0.342
0.911	0.255	0.763	0.519	0.83	0.342
0.911	0.243	0.759	0.511	0.828	0.329
0.902	0.235	0.756	0.478	0.823	0.315
0.908	0.23	0.762	0.48	0.829	0.311
0.916	0.233	0.764	0.506	0.834	0.319
0.904	0.27	0.758	0.528	0.824	0.358
0.904	0.23	0.746	0.489	0.818	0.313
0.915	0.265	0.773	0.531	0.838	0.353
0.914	0.239	0.772	0.497	0.837	0.322
0.904	0.272	0.764	0.521	0.828	0.357
0.899	0.239	0.754	0.476	0.82	0.318
0.898	0.257	0.745	0.51	0.814	0.342
0.904	0.239	0.752	0.492	0.821	0.321
0.919	0.261	0.772	0.54	0.839	0.352
0.915	0.254	0.758	0.539	0.829	0.345
0.926	0.236	0.756	0.556	0.833	0.331
0.901	0.259	0.758	0.503	0.823	0.342
0.915	0.262	0.768	0.536	0.835	0.352
0.905	0.251	0.771	0.486	0.833	0.331
0.92	0.249	0.764	0.541	0.834	0.341
0.916	0.235	0.755	0.521	0.828	0.324
0.914	0.243	0.754	0.526	0.826	0.332
0.916	0.228	0.765	0.497	0.833	0.313
0.907	0.268	0.776	0.508	0.836	0.351
0.897	0.239	0.771	0.449	0.829	0.311
0.905	0.254	0.758	0.508	0.825	0.339
0.904	0.235	0.753	0.486	0.821	0.317
0.924	0.258	0.774	0.551	0.843	0.351
0.915	0.26	0.765	0.536	0.833	0.35
0.915	0.233	0.755	0.515	0.828	0.32
0.917	0.251	0.768	0.529	0.836	0.341
0.908	0.216	0.759	0.464	0.827	0.295
0.909	0.269	0.76	0.537	0.827	0.359
0.907	0.233	0.754	0.492	0.823	0.316
0.911	0.251	0.764	0.514	0.831	0.338
0.905	0.249	0.757	0.503	0.824	0.333
0.896	0.269	0.77	0.487	0.828	0.347
0.912	0.272	0.762	0.548	0.83	0.364
0.918	0.244	0.773	0.515	0.839	0.331
0.901	0.226	0.753	0.467	0.82	0.305
0.906	0.271	0.763	0.526	0.829	0.358
0.899	0.257	0.759	0.495	0.823	0.339
0.914	0.229	0.765	0.491	0.833	0.312
0.914	0.24	0.768	0.503	0.834	0.325
0.909	0.249	0.758	0.514	0.827	0.335
0.912	0.272	0.761	0.548	0.829	0.363
0.909	0.228	0.756	0.486	0.825	0.31
0.898	0.245	0.751	0.487	0.818	0.326
0.913	0.245	0.765	0.511	0.832	0.331
0.898	0.274	0.761	0.51	0.823	0.356
0.911	0.256	0.778	0.5	0.839	0.339
0.907	0.26	0.766	0.511	0.831	0.345
0.915	0.236	0.763	0.509	0.832	0.323
0.913	0.222	0.755	0.491	0.826	0.305
0.902	0.247	0.768	0.476	0.83	0.325
0.918	0.251	0.773	0.524	0.839	0.339
0.91	0.243	0.759	0.508	0.828	0.328
0.901	0.237	0.77	0.459	0.83	0.313
0.913	0.241	0.759	0.511	0.829	0.327
0.9	0.237	0.766	0.459	0.828	0.312
0.907	0.254	0.756	0.516	0.825	0.34
0.896	0.246	0.766	0.463	0.826	0.322
0.904	0.259	0.759	0.511	0.825	0.343
0.909	0.244	0.746	0.522	0.819	0.332
0.903	0.245	0.76	0.489	0.826	0.326
0.906	0.275	0.768	0.523	0.831	0.361
0.908	0.234	0.747	0.506	0.819	0.32
0.901	0.249	0.771	0.473	0.831	0.327
0.918	0.238	0.763	0.521	0.833	0.326
0.906	0.233	0.771	0.466	0.833	0.31
0.903	0.257	0.762	0.503	0.827	0.341
0.911	0.232	0.759	0.494	0.828	0.315
0.903	0.24	0.765	0.475	0.828	0.319
0.905	0.258	0.769	0.5	0.832	0.341
0.917	0.239	0.764	0.518	0.834	0.327
0.903	0.276	0.76	0.53	0.825	0.363
0.917	0.26	0.77	0.537	0.837	0.35
0.917	0.251	0.77	0.523	0.837	0.339
0.902	0.255	0.765	0.492	0.828	0.336
0.89	0.229	0.764	0.426	0.822	0.298
0.9	0.259	0.755	0.505	0.821	0.342
0.908	0.231	0.764	0.48	0.83	0.312
0.911	0.255	0.758	0.527	0.827	0.343
0.91	0.227	0.749	0.497	0.822	0.312
0.899	0.247	0.773	0.462	0.832	0.322
0.903	0.263	0.759	0.513	0.825	0.348
0.908	0.248	0.757	0.511	0.826	0.334
0.898	0.234	0.753	0.468	0.819	0.312
0.912	0.257	0.761	0.53	0.83	0.347
0.898	0.276	0.758	0.517	0.822	0.36
0.913	0.232	0.757	0.506	0.828	0.318
0.908	0.254	0.751	0.527	0.822	0.343
0.907	0.23	0.759	0.48	0.826	0.311
0.906	0.236	0.758	0.489	0.825	0.318
0.909	0.244	0.747	0.522	0.82	0.333
0.91	0.279	0.759	0.554	0.828	0.371
0.909	0.228	0.756	0.486	0.825	0.31
0.909	0.229	0.755	0.491	0.825	0.312
0.911	0.241	0.756	0.511	0.827	0.327
0.906	0.27	0.763	0.526	0.828	0.357
0.907	0.241	0.771	0.48	0.833	0.321
0.909	0.249	0.756	0.516	0.825	0.336
0.911	0.244	0.769	0.497	0.834	0.327
0.902	0.271	0.78	0.49	0.836	0.349
0.907	0.252	0.756	0.514	0.825	0.338
0.9	0.238	0.757	0.476	0.823	0.318
0.899	0.233	0.761	0.459	0.824	0.309
0.91	0.239	0.752	0.511	0.823	0.326
0.924	0.267	0.765	0.575	0.837	0.365
0.902	0.222	0.76	0.455	0.825	0.299
0.901	0.237	0.755	0.478	0.821	0.317
0.918	0.253	0.76	0.546	0.832	0.346
0.909	0.254	0.778	0.492	0.838	0.335
0.908	0.221	0.757	0.474	0.825	0.302
0.911	0.23	0.754	0.5	0.825	0.315
0.914	0.253	0.756	0.536	0.827	0.343
0.903	0.235	0.771	0.461	0.832	0.311
0.91	0.255	0.758	0.525	0.827	0.343
0.902	0.254	0.771	0.481	0.831	0.332
0.896	0.242	0.752	0.476	0.818	0.321
0.912	0.225	0.747	0.506	0.821	0.311
0.914	0.267	0.775	0.528	0.839	0.354
0.905	0.247	0.755	0.503	0.823	0.332
0.912	0.256	0.768	0.52	0.834	0.343
0.911	0.251	0.764	0.514	0.831	0.338
0.909	0.236	0.759	0.494	0.827	0.32
0.905	0.243	0.758	0.495	0.825	0.325
0.902	0.266	0.758	0.518	0.824	0.352
0.916	0.223	0.754	0.506	0.827	0.309
0.91	0.239	0.743	0.525	0.818	0.329
0.902	0.25	0.755	0.497	0.822	0.333
0.906	0.229	0.769	0.462	0.832	0.306
0.902	0.22	0.763	0.446	0.827	0.295
0.9	0.246	0.772	0.465	0.831	0.321
0.89	0.221	0.758	0.422	0.819	0.29
0.901	0.285	0.767	0.525	0.828	0.369
0.906	0.256	0.779	0.484	0.838	0.335
0.907	0.256	0.77	0.503	0.833	0.339
0.917	0.24	0.751	0.535	0.826	0.332
0.905	0.224	0.754	0.474	0.823	0.305
0.906	0.235	0.762	0.48	0.828	0.315
0.911	0.266	0.766	0.53	0.832	0.354
0.905	0.225	0.751	0.477	0.821	0.305
0.909	0.248	0.765	0.503	0.831	0.332
0.902	0.276	0.791	0.482	0.843	0.351
0.906	0.257	0.768	0.503	0.831	0.34
0.91	0.228	0.76	0.485	0.828	0.31
0.92	0.261	0.767	0.552	0.837	0.354
0.898	0.247	0.759	0.479	0.823	0.326
0.906	0.255	0.765	0.503	0.829	0.338
0.905	0.249	0.752	0.511	0.821	0.335
0.908	0.248	0.738	0.538	0.814	0.34
0.904	0.233	0.744	0.495	0.816	0.316
0.903	0.255	0.757	0.505	0.823	0.339
0.898	0.244	0.753	0.484	0.819	0.325
0.908	0.254	0.772	0.497	0.834	0.336
0.905	0.23	0.771	0.46	0.833	0.307
0.908	0.239	0.751	0.508	0.822	0.325
0.904	0.239	0.77	0.469	0.831	0.316
0.91	0.249	0.764	0.508	0.831	0.335
0.897	0.26	0.752	0.503	0.818	0.343
0.9	0.214	0.754	0.443	0.82	0.288
0.912	0.254	0.744	0.549	0.82	0.348
0.908	0.265	0.762	0.527	0.828	0.352
0.905	0.245	0.744	0.516	0.817	0.332
0.911	0.266	0.776	0.516	0.838	0.351
0.905	0.233	0.768	0.466	0.831	0.311
0.902	0.249	0.751	0.503	0.82	0.333
0.891	0.24	0.754	0.456	0.817	0.314
0.906	0.261	0.767	0.508	0.831	0.345
0.911	0.226	0.763	0.482	0.831	0.307
0.908	0.229	0.755	0.489	0.825	0.312
0.902	0.259	0.774	0.484	0.833	0.337
0.901	0.244	0.759	0.484	0.824	0.324
0.903	0.244	0.748	0.503	0.818	0.329
0.908	0.262	0.756	0.532	0.826	0.351
0.9	0.258	0.76	0.497	0.824	0.34
0.909	0.236	0.765	0.489	0.831	0.318
0.9	0.234	0.742	0.489	0.814	0.317
0.903	0.249	0.748	0.508	0.818	0.334
0.903	0.252	0.74	0.526	0.814	0.341
0.911	0.237	0.758	0.506	0.827	0.323
0.913	0.271	0.765	0.546	0.833	0.362
0.912	0.247	0.757	0.522	0.827	0.336
0.904	0.272	0.764	0.521	0.828	0.357
0.909	0.251	0.747	0.53	0.82	0.34
0.911	0.247	0.757	0.52	0.827	0.335
0.906	0.243	0.752	0.503	0.822	0.327
0.907	0.239	0.756	0.497	0.825	0.322
0.911	0.232	0.765	0.485	0.832	0.314
0.899	0.27	0.759	0.513	0.823	0.354
0.905	0.229	0.748	0.489	0.819	0.312
0.908	0.254	0.767	0.505	0.832	0.338
0.903	0.24	0.757	0.486	0.823	0.321
0.894	0.249	0.774	0.448	0.829	0.32
0.9	0.231	0.747	0.478	0.816	0.312
0.907	0.255	0.758	0.516	0.826	0.342
0.907	0.247	0.769	0.489	0.832	0.328
0.914	0.24	0.767	0.503	0.834	0.325
0.903	0.208	0.752	0.444	0.821	0.283
0.908	0.261	0.762	0.522	0.829	0.348
0.915	0.228	0.764	0.497	0.833	0.312
0.897	0.26	0.764	0.485	0.825	0.338
0.912	0.256	0.76	0.53	0.829	0.345
0.902	0.256	0.758	0.503	0.823	0.339
0.905	0.22	0.785	0.423	0.841	0.289
0.905	0.234	0.755	0.486	0.823	0.316
0.904	0.258	0.755	0.516	0.823	0.344
0.901	0.24	0.756	0.481	0.822	0.32
0.902	0.253	0.757	0.5	0.823	0.336
0.903	0.238	0.748	0.495	0.818	0.321
0.899	0.219	0.742	0.464	0.813	0.297
0.892	0.29	0.77	0.502	0.827	0.367
0.908	0.255	0.76	0.516	0.827	0.341
0.913	0.208	0.762	0.462	0.831	0.287
0.922	0.268	0.779	0.552	0.844	0.361
0.914	0.275	0.76	0.559	0.83	0.368
0.905	0.243	0.758	0.495	0.825	0.325
0.905	0.257	0.76	0.511	0.826	0.342
0.905	0.246	0.762	0.492	0.827	0.328
0.911	0.257	0.758	0.53	0.828	0.346
0.903	0.244	0.765	0.481	0.829	0.324
0.921	0.227	0.761	0.519	0.833	0.316
0.91	0.24	0.749	0.517	0.822	0.327
0.907	0.254	0.759	0.514	0.826	0.34
0.915	0.225	0.757	0.5	0.828	0.31
0.921	0.257	0.755	0.566	0.83	0.354
0.903	0.27	0.75	0.535	0.819	0.359
0.908	0.277	0.751	0.556	0.822	0.369
0.901	0.231	0.753	0.473	0.821	0.31
0.901	0.274	0.779	0.495	0.836	0.353
0.906	0.277	0.782	0.505	0.839	0.358
0.912	0.244	0.783	0.48	0.842	0.323
0.923	0.217	0.747	0.529	0.826	0.307
0.911	0.254	0.779	0.497	0.839	0.337
0.915	0.247	0.765	0.52	0.833	0.335
0.902	0.248	0.758	0.492	0.824	0.33
0.909	0.239	0.756	0.503	0.826	0.324
0.905	0.261	0.785	0.481	0.841	0.338
0.919	0.241	0.753	0.541	0.827	0.333
0.915	0.241	0.772	0.503	0.837	0.326
0.907	0.251	0.768	0.497	0.832	0.333
0.902	0.27	0.762	0.515	0.826	0.354
0.909	0.238	0.763	0.491	0.83	0.32
0.907	0.239	0.753	0.5	0.823	0.323
0.909	0.247	0.773	0.492	0.835	0.329
0.904	0.247	0.763	0.489	0.828	0.328
0.905	0.233	0.751	0.489	0.821	0.316
0.919	0.253	0.762	0.543	0.833	0.345
0.909	0.231	0.755	0.494	0.825	0.315
0.915	0.256	0.76	0.539	0.831	0.347
0.919	0.221	0.765	0.497	0.835	0.306
0.904	0.21	0.752	0.45	0.821	0.286
0.896	0.25	0.76	0.477	0.822	0.328
0.91	0.267	0.75	0.553	0.822	0.36
0.913	0.218	0.776	0.46	0.839	0.296
0.904	0.251	0.76	0.5	0.826	0.334
0.914	0.224	0.768	0.482	0.835	0.306
0.913	0.233	0.765	0.497	0.832	0.318
0.911	0.253	0.761	0.522	0.829	0.341
0.912	0.243	0.762	0.509	0.83	0.328
0.898	0.245	0.753	0.482	0.819	0.325
0.908	0.254	0.756	0.519	0.825	0.341
0.911	0.239	0.751	0.514	0.823	0.326
0.898	0.268	0.769	0.492	0.828	0.347
0.913	0.239	0.766	0.503	0.833	0.324
0.894	0.238	0.747	0.472	0.814	0.317
0.912	0.233	0.758	0.5	0.828	0.318
0.899	0.234	0.76	0.462	0.824	0.311
0.916	0.246	0.769	0.515	0.836	0.333
0.902	0.252	0.755	0.5	0.822	0.335
0.918	0.247	0.763	0.532	0.834	0.338
0.899	0.245	0.76	0.479	0.824	0.324
0.918	0.241	0.743	0.549	0.821	0.335
0.896	0.224	0.761	0.44	0.823	0.297
0.91	0.243	0.754	0.514	0.825	0.33
0.897	0.253	0.764	0.477	0.825	0.331
0.9	0.22	0.753	0.455	0.82	0.296
0.899	0.238	0.76	0.468	0.823	0.316
0.914	0.218	0.756	0.488	0.828	0.301
0.902	0.251	0.751	0.505	0.82	0.335
0.922	0.234	0.77	0.519	0.839	0.322
0.899	0.256	0.76	0.492	0.824	0.337
0.917	0.246	0.753	0.54	0.827	0.338
0.915	0.217	0.751	0.497	0.825	0.302
0.907	0.242	0.763	0.492	0.829	0.324
0.917	0.251	0.757	0.543	0.829	0.343
0.913	0.283	0.772	0.55	0.836	0.374
0.911	0.234	0.762	0.494	0.83	0.317
0.911	0.234	0.768	0.485	0.833	0.316
0.901	0.245	0.763	0.478	0.826	0.324
0.902	0.242	0.771	0.467	0.831	0.319
0.895	0.288	0.776	0.5	0.831	0.365
0.908	0.258	0.771	0.503	0.834	0.341
0.91	0.251	0.78	0.489	0.84	0.331
0.914	0.275	0.773	0.543	0.838	0.366
0.91	0.237	0.76	0.497	0.828	0.321
0.907	0.239	0.773	0.474	0.835	0.317
0.912	0.279	0.753	0.57	0.825	0.375
0.912	0.264	0.772	0.525	0.836	0.351
0.91	0.291	0.766	0.558	0.832	0.383
0.896	0.233	0.74	0.479	0.81	0.313
0.911	0.243	0.756	0.514	0.826	0.33
0.904	0.237	0.773	0.461	0.833	0.313
0.901	0.254	0.758	0.497	0.823	0.336
0.92	0.238	0.763	0.527	0.834	0.328
0.919	0.232	0.77	0.506	0.838	0.318
0.902	0.237	0.75	0.489	0.819	0.32
0.908	0.261	0.759	0.524	0.827	0.348
0.922	0.249	0.751	0.567	0.828	0.346
0.909	0.262	0.761	0.527	0.829	0.35
0.899	0.219	0.755	0.447	0.821	0.294
0.905	0.254	0.753	0.516	0.822	0.34
0.921	0.236	0.753	0.542	0.828	0.329
0.908	0.25	0.757	0.514	0.825	0.336
0.898	0.272	0.759	0.512	0.823	0.356
0.9	0.227	0.772	0.438	0.831	0.299
0.915	0.257	0.759	0.542	0.83	0.349
0.911	0.242	0.772	0.491	0.836	0.324
0.902	0.231	0.768	0.455	0.83	0.306
0.901	0.281	0.769	0.515	0.829	0.363
0.912	0.241	0.755	0.517	0.826	0.329
0.906	0.253	0.75	0.521	0.82	0.341
0.912	0.251	0.765	0.517	0.832	0.338
0.91	0.246	0.766	0.503	0.832	0.33
0.915	0.221	0.757	0.494	0.829	0.305
0.909	0.232	0.771	0.474	0.835	0.312
0.916	0.253	0.764	0.531	0.833	0.343
0.914	0.253	0.77	0.517	0.836	0.34
0.905	0.238	0.757	0.489	0.825	0.32
0.907	0.251	0.776	0.483	0.836	0.33
0.91	0.236	0.759	0.497	0.828	0.32
0.909	0.266	0.764	0.529	0.83	0.354
0.915	0.222	0.743	0.515	0.82	0.31
0.911	0.272	0.783	0.514	0.842	0.356
0.912	0.243	0.751	0.525	0.824	0.332
0.901	0.261	0.758	0.505	0.823	0.344
0.904	0.239	0.755	0.489	0.823	0.321
0.901	0.243	0.758	0.484	0.823	0.324
0.916	0.22	0.76	0.494	0.831	0.305
0.898	0.23	0.751	0.465	0.818	0.308
0.92	0.255	0.776	0.533	0.842	0.345
0.907	0.258	0.742	0.539	0.816	0.349
0.901	0.219	0.748	0.461	0.817	0.297
0.9	0.248	0.755	0.489	0.821	0.329
0.91	0.233	0.755	0.5	0.825	0.318
0.906	0.226	0.747	0.489	0.819	0.309
0.908	0.232	0.771	0.471	0.834	0.311
0.909	0.24	0.749	0.514	0.821	0.327
0.917	0.224	0.765	0.494	0.834	0.308
0.908	0.224	0.767	0.465	0.832	0.303
0.913	0.241	0.759	0.511	0.829	0.327
0.921	0.25	0.765	0.544	0.836	0.343
0.9	0.255	0.764	0.487	0.826	0.335
0.903	0.257	0.767	0.495	0.829	0.338
0.899	0.256	0.76	0.492	0.824	0.337
0.908	0.263	0.765	0.519	0.83	0.349
0.891	0.241	0.755	0.456	0.817	0.315
0.913	0.224	0.761	0.488	0.83	0.307
0.906	0.245	0.747	0.514	0.819	0.332
0.909	0.256	0.764	0.514	0.83	0.342
0.915	0.253	0.759	0.537	0.83	0.344
0.903	0.223	0.752	0.469	0.821	0.302
0.904	0.216	0.742	0.474	0.815	0.297
0.922	0.255	0.754	0.566	0.83	0.351
0.901	0.227	0.754	0.467	0.821	0.305
0.902	0.251	0.754	0.503	0.821	0.335
0.912	0.244	0.766	0.506	0.833	0.329
0.904	0.255	0.757	0.508	0.824	0.34
0.912	0.256	0.768	0.52	0.834	0.343
0.904	0.245	0.757	0.495	0.824	0.327
0.906	0.257	0.755	0.521	0.824	0.344
0.92	0.266	0.778	0.543	0.843	0.357
0.917	0.243	0.76	0.526	0.831	0.332
0.916	0.243	0.761	0.523	0.831	0.332
0.911	0.266	0.766	0.53	0.832	0.354
0.895	0.266	0.746	0.512	0.813	0.351
0.907	0.262	0.758	0.524	0.826	0.349
0.907	0.262	0.761	0.521	0.828	0.349
0.921	0.264	0.771	0.555	0.839	0.358
0.911	0.239	0.763	0.5	0.83	0.323
0.907	0.266	0.758	0.529	0.826	0.354
0.909	0.227	0.761	0.48	0.828	0.308
0.912	0.246	0.769	0.503	0.835	0.331
0.915	0.242	0.768	0.509	0.835	0.328
0.909	0.245	0.758	0.508	0.827	0.33
0.906	0.236	0.764	0.48	0.829	0.317
0.915	0.231	0.765	0.497	0.833	0.316
0.905	0.242	0.777	0.466	0.836	0.319
0.915	0.264	0.77	0.536	0.837	0.354
0.901	0.219	0.758	0.449	0.823	0.294
0.894	0.242	0.752	0.472	0.817	0.32
0.916	0.219	0.755	0.497	0.828	0.304
0.909	0.26	0.766	0.516	0.831	0.345
0.903	0.261	0.758	0.51	0.824	0.345
0.908	0.27	0.776	0.513	0.837	0.354
0.91	0.236	0.758	0.497	0.827	0.32
0.911	0.227	0.771	0.473	0.835	0.307
0.901	0.259	0.769	0.489	0.83	0.339
0.907	0.264	0.769	0.513	0.832	0.349
0.899	0.229	0.762	0.453	0.825	0.304
0.914	0.247	0.762	0.52	0.831	0.335
0.909	0.247	0.773	0.492	0.835	0.329
0.903	0.261	0.764	0.505	0.828	0.344
0.905	0.244	0.766	0.486	0.83	0.325
0.907	0.242	0.772	0.48	0.834	0.322
0.904	0.236	0.76	0.478	0.826	0.316
0.921	0.237	0.757	0.539	0.831	0.33
0.906	0.255	0.768	0.5	0.831	0.338
0.91	0.24	0.761	0.5	0.829	0.324
0.907	0.243	0.761	0.494	0.827	0.325
0.901	0.247	0.759	0.487	0.824	0.327
0.914	0.253	0.772	0.514	0.837	0.339
0.911	0.263	0.768	0.525	0.833	0.35
0.904	0.228	0.762	0.466	0.827	0.306
0.911	0.25	0.757	0.522	0.827	0.338
0.9	0.238	0.768	0.459	0.829	0.313
0.909	0.211	0.768	0.445	0.833	0.286
0.908	0.234	0.768	0.477	0.832	0.314
0.905	0.233	0.762	0.475	0.828	0.312
0.908	0.257	0.758	0.522	0.826	0.345
0.899	0.24	0.759	0.471	0.823	0.318
0.911	0.251	0.755	0.525	0.826	0.339
0.922	0.273	0.752	0.593	0.828	0.374
0.906	0.246	0.773	0.48	0.834	0.325
0.902	0.248	0.742	0.513	0.814	0.334
0.914	0.234	0.762	0.503	0.831	0.319
0.911	0.24	0.764	0.5	0.831	0.324
0.91	0.243	0.762	0.503	0.83	0.328
0.909	0.212	0.75	0.473	0.822	0.293
0.904	0.245	0.752	0.503	0.821	0.329
0.911	0.257	0.756	0.533	0.826	0.347
0.92	0.267	0.769	0.557	0.838	0.361
0.912	0.231	0.764	0.491	0.832	0.314
0.914	0.246	0.77	0.509	0.836	0.332
0.903	0.252	0.761	0.497	0.826	0.335
0.91	0.225	0.759	0.482	0.827	0.307
0.903	0.235	0.759	0.475	0.825	0.314
0.899	0.238	0.753	0.476	0.82	0.317
0.906	0.249	0.779	0.475	0.838	0.326
0.904	0.278	0.767	0.526	0.83	0.364
0.909	0.237	0.742	0.52	0.817	0.325
0.902	0.244	0.77	0.47	0.831	0.321
0.908	0.254	0.767	0.505	0.832	0.338
0.908	0.234	0.749	0.503	0.821	0.319
0.901	0.241	0.755	0.484	0.822	0.322
0.922	0.245	0.761	0.545	0.834	0.338
0.916	0.241	0.757	0.526	0.829	0.33
0.912	0.211	0.753	0.476	0.825	0.293
0.899	0.238	0.768	0.457	0.828	0.313
0.904	0.211	0.751	0.456	0.82	0.288
0.913	0.285	0.781	0.54	0.842	0.373
0.902	0.261	0.751	0.518	0.819	0.347