0.91	0.16	0.667	0.49	0.77	0.242	0.646
0.915	0.151	0.665	0.49	0.771	0.23	0.646
0.921	0.157	0.661	0.527	0.77	0.242	0.646
0.913	0.158	0.666	0.499	0.771	0.241	0.648
0.906	0.157	0.664	0.475	0.767	0.236	0.642
0.91	0.143	0.659	0.466	0.765	0.218	0.638
0.914	0.154	0.652	0.506	0.761	0.236	0.636
0.919	0.139	0.659	0.486	0.767	0.216	0.641
0.915	0.142	0.66	0.478	0.767	0.219	0.641
0.919	0.147	0.663	0.5	0.771	0.228	0.646
0.912	0.159	0.66	0.503	0.766	0.242	0.642
0.917	0.139	0.661	0.48	0.768	0.216	0.642
0.914	0.15	0.678	0.47	0.778	0.227	0.655
0.912	0.144	0.66	0.473	0.766	0.22	0.64
0.916	0.148	0.66	0.493	0.767	0.228	0.642
0.92	0.15	0.66	0.514	0.769	0.233	0.644
0.912	0.149	0.661	0.482	0.766	0.227	0.641
0.909	0.146	0.672	0.456	0.773	0.221	0.648
0.917	0.139	0.659	0.481	0.767	0.216	0.641
0.91	0.153	0.661	0.485	0.766	0.233	0.641
0.914	0.142	0.662	0.474	0.768	0.219	0.642
0.915	0.151	0.67	0.483	0.774	0.229	0.65
0.916	0.143	0.664	0.478	0.77	0.22	0.645
0.912	0.14	0.669	0.452	0.772	0.213	0.646
0.916	0.162	0.661	0.519	0.768	0.247	0.646
0.916	0.146	0.668	0.481	0.773	0.224	0.648
0.919	0.149	0.665	0.502	0.772	0.23	0.648
0.912	0.152	0.665	0.483	0.769	0.231	0.645
0.906	0.151	0.664	0.464	0.767	0.228	0.642
0.922	0.14	0.664	0.492	0.772	0.218	0.647
0.918	0.149	0.67	0.49	0.775	0.228	0.651
0.91	0.148	0.665	0.468	0.768	0.225	0.643
0.921	0.158	0.665	0.525	0.772	0.243	0.65
0.912	0.152	0.653	0.496	0.761	0.232	0.636
0.916	0.153	0.665	0.496	0.77	0.234	0.646
0.914	0.161	0.673	0.498	0.775	0.243	0.653
0.902	0.147	0.646	0.465	0.753	0.223	0.625
0.908	0.144	0.656	0.467	0.762	0.221	0.635
0.912	0.153	0.654	0.497	0.762	0.234	0.637
0.914	0.154	0.66	0.5	0.767	0.236	0.643
0.911	0.134	0.666	0.442	0.769	0.205	0.642
0.925	0.142	0.664	0.507	0.773	0.222	0.649
0.907	0.141	0.666	0.445	0.768	0.214	0.642
0.91	0.155	0.651	0.499	0.759	0.237	0.633
0.916	0.142	0.662	0.479	0.768	0.219	0.643
0.913	0.145	0.661	0.478	0.767	0.222	0.641
0.917	0.153	0.673	0.494	0.776	0.234	0.654
0.917	0.146	0.662	0.49	0.769	0.225	0.644
0.913	0.146	0.665	0.475	0.77	0.224	0.645
0.908	0.156	0.668	0.477	0.77	0.235	0.646
0.917	0.145	0.665	0.486	0.771	0.224	0.646
0.913	0.141	0.659	0.471	0.766	0.217	0.639
0.916	0.14	0.658	0.48	0.766	0.217	0.639
0.91	0.153	0.668	0.476	0.77	0.232	0.646
0.904	0.148	0.663	0.454	0.765	0.223	0.639
0.907	0.145	0.655	0.466	0.76	0.221	0.634
0.914	0.156	0.662	0.501	0.768	0.237	0.644
0.919	0.147	0.675	0.485	0.778	0.226	0.655
0.912	0.153	0.664	0.485	0.768	0.232	0.644
0.916	0.154	0.674	0.49	0.777	0.234	0.654
0.906	0.157	0.664	0.477	0.766	0.237	0.642
0.914	0.146	0.658	0.487	0.766	0.225	0.64
0.912	0.153	0.666	0.485	0.77	0.233	0.646
0.904	0.148	0.671	0.446	0.77	0.222	0.646
0.916	0.143	0.655	0.489	0.764	0.221	0.638
0.915	0.148	0.673	0.477	0.775	0.226	0.652
0.912	0.154	0.665	0.488	0.77	0.234	0.646
0.915	0.15	0.656	0.499	0.764	0.231	0.639
0.905	0.146	0.67	0.444	0.77	0.22	0.645
0.918	0.156	0.665	0.51	0.771	0.239	0.648
0.913	0.15	0.669	0.479	0.773	0.229	0.649
0.922	0.153	0.669	0.512	0.775	0.235	0.653
0.911	0.15	0.665	0.475	0.769	0.228	0.644
0.901	0.146	0.661	0.444	0.763	0.219	0.636
0.91	0.133	0.66	0.444	0.765	0.204	0.637
0.913	0.152	0.666	0.485	0.77	0.232	0.646
0.905	0.145	0.656	0.458	0.761	0.22	0.634
0.919	0.163	0.679	0.511	0.781	0.247	0.661
0.92	0.152	0.664	0.512	0.771	0.235	0.648
0.921	0.161	0.655	0.54	0.766	0.248	0.642
0.918	0.152	0.654	0.514	0.764	0.234	0.639
0.915	0.148	0.667	0.481	0.772	0.226	0.647
0.915	0.155	0.663	0.501	0.768	0.237	0.645
0.917	0.155	0.669	0.501	0.774	0.237	0.651
0.92	0.156	0.66	0.522	0.768	0.24	0.645
0.904	0.152	0.67	0.454	0.769	0.228	0.645
0.909	0.142	0.666	0.453	0.769	0.217	0.643
0.914	0.153	0.663	0.493	0.769	0.234	0.645
0.913	0.145	0.664	0.476	0.769	0.223	0.644
0.92	0.151	0.668	0.503	0.774	0.232	0.651
0.911	0.148	0.656	0.484	0.763	0.227	0.637
0.91	0.136	0.658	0.454	0.764	0.209	0.637
0.918	0.159	0.676	0.502	0.778	0.241	0.657
0.908	0.148	0.665	0.462	0.768	0.224	0.643
0.917	0.141	0.65	0.495	0.761	0.22	0.634
0.916	0.158	0.654	0.519	0.763	0.242	0.639
0.913	0.133	0.662	0.45	0.767	0.206	0.64
0.914	0.143	0.669	0.468	0.773	0.22	0.648
0.915	0.137	0.655	0.472	0.763	0.212	0.636
0.921	0.146	0.659	0.51	0.768	0.227	0.644
0.919	0.168	0.668	0.533	0.774	0.256	0.653
0.912	0.159	0.659	0.504	0.766	0.241	0.642
0.915	0.147	0.658	0.491	0.765	0.227	0.64
0.916	0.149	0.662	0.495	0.768	0.229	0.644
0.918	0.152	0.663	0.507	0.77	0.234	0.646
0.91	0.145	0.666	0.462	0.769	0.221	0.644
0.916	0.154	0.664	0.502	0.77	0.236	0.646
0.909	0.156	0.656	0.492	0.762	0.236	0.638
0.916	0.149	0.664	0.493	0.77	0.229	0.646
0.909	0.153	0.671	0.468	0.772	0.23	0.648
0.91	0.142	0.666	0.455	0.769	0.216	0.643
0.922	0.16	0.673	0.521	0.778	0.245	0.657
0.915	0.143	0.662	0.479	0.768	0.22	0.642
0.918	0.149	0.666	0.495	0.772	0.229	0.648
0.909	0.147	0.65	0.482	0.758	0.225	0.631
0.916	0.15	0.672	0.483	0.775	0.229	0.652
0.914	0.156	0.664	0.498	0.769	0.238	0.646
0.916	0.162	0.659	0.521	0.767	0.247	0.644
0.913	0.157	0.661	0.503	0.767	0.24	0.643
0.916	0.147	0.666	0.487	0.771	0.226	0.647
0.914	0.145	0.671	0.468	0.774	0.222	0.65
0.907	0.137	0.666	0.435	0.768	0.208	0.641
0.915	0.141	0.669	0.465	0.773	0.216	0.648
0.909	0.14	0.657	0.459	0.763	0.214	0.635
0.906	0.156	0.669	0.47	0.77	0.234	0.646
0.915	0.159	0.671	0.499	0.774	0.241	0.652
0.911	0.144	0.665	0.465	0.769	0.22	0.644
0.908	0.148	0.658	0.473	0.763	0.226	0.637
0.911	0.152	0.657	0.487	0.764	0.231	0.638
0.914	0.155	0.666	0.493	0.77	0.235	0.647
0.914	0.157	0.669	0.494	0.772	0.238	0.649
0.927	0.154	0.661	0.542	0.771	0.24	0.649
0.913	0.145	0.66	0.479	0.766	0.223	0.64
0.911	0.135	0.66	0.453	0.766	0.208	0.639
0.914	0.157	0.653	0.511	0.762	0.24	0.637
0.911	0.141	0.659	0.466	0.765	0.216	0.638
0.914	0.148	0.666	0.479	0.771	0.226	0.646
0.911	0.131	0.654	0.451	0.761	0.203	0.633
0.919	0.15	0.662	0.505	0.77	0.232	0.646
0.921	0.152	0.674	0.502	0.779	0.233	0.657
0.918	0.152	0.669	0.499	0.774	0.233	0.651
0.91	0.145	0.66	0.469	0.765	0.222	0.639
0.917	0.142	0.663	0.481	0.769	0.219	0.644
0.917	0.153	0.669	0.498	0.774	0.234	0.651
0.91	0.138	0.662	0.452	0.767	0.212	0.64
0.908	0.136	0.661	0.443	0.765	0.208	0.638
0.915	0.148	0.666	0.485	0.771	0.227	0.646
0.91	0.158	0.662	0.491	0.766	0.239	0.643
0.912	0.158	0.667	0.491	0.771	0.239	0.648
0.913	0.153	0.667	0.486	0.771	0.232	0.647
0.922	0.151	0.667	0.514	0.774	0.234	0.651
0.913	0.137	0.665	0.458	0.77	0.211	0.643
0.911	0.142	0.645	0.484	0.755	0.22	0.627
0.906	0.155	0.661	0.478	0.764	0.234	0.64
0.914	0.139	0.662	0.467	0.768	0.214	0.641
0.919	0.157	0.677	0.504	0.779	0.24	0.658
0.908	0.139	0.66	0.453	0.764	0.213	0.637
0.909	0.14	0.656	0.459	0.762	0.214	0.634
0.906	0.14	0.665	0.443	0.767	0.213	0.64
0.92	0.153	0.67	0.504	0.775	0.234	0.653
0.907	0.154	0.653	0.488	0.759	0.235	0.634
0.916	0.148	0.668	0.483	0.773	0.226	0.649
0.911	0.14	0.653	0.469	0.761	0.216	0.634
0.913	0.145	0.664	0.473	0.768	0.222	0.643
0.915	0.141	0.659	0.478	0.767	0.218	0.64
0.916	0.135	0.658	0.469	0.766	0.209	0.639
0.911	0.152	0.659	0.488	0.765	0.232	0.64
0.914	0.155	0.658	0.503	0.765	0.237	0.641
0.915	0.155	0.669	0.495	0.773	0.236	0.65
0.918	0.15	0.661	0.502	0.768	0.231	0.644
0.92	0.16	0.667	0.521	0.773	0.245	0.651
0.912	0.144	0.648	0.486	0.758	0.222	0.63
0.92	0.161	0.664	0.525	0.771	0.246	0.649
0.917	0.147	0.662	0.492	0.769	0.226	0.644
0.919	0.162	0.661	0.532	0.769	0.249	0.646
0.915	0.137	0.671	0.456	0.774	0.211	0.649
0.915	0.162	0.661	0.518	0.767	0.247	0.645
0.92	0.17	0.679	0.527	0.781	0.257	0.662
0.913	0.138	0.663	0.461	0.769	0.212	0.642
0.909	0.131	0.659	0.44	0.764	0.202	0.636
0.912	0.149	0.664	0.479	0.769	0.227	0.644
0.915	0.154	0.658	0.503	0.765	0.235	0.641
0.907	0.145	0.672	0.444	0.772	0.218	0.647
0.914	0.159	0.664	0.503	0.769	0.241	0.646
0.911	0.146	0.659	0.476	0.765	0.223	0.639
0.913	0.155	0.664	0.491	0.769	0.235	0.645
0.91	0.152	0.661	0.481	0.766	0.231	0.641
0.91	0.144	0.67	0.457	0.772	0.219	0.647
0.917	0.14	0.66	0.478	0.768	0.216	0.642
0.913	0.153	0.655	0.5	0.763	0.234	0.638
0.909	0.138	0.654	0.457	0.76	0.211	0.633
0.914	0.156	0.672	0.488	0.775	0.236	0.652
0.914	0.15	0.667	0.484	0.771	0.229	0.647
0.914	0.161	0.679	0.493	0.779	0.243	0.658
0.912	0.154	0.667	0.485	0.77	0.234	0.647
0.911	0.15	0.671	0.471	0.773	0.228	0.649
0.912	0.151	0.658	0.488	0.764	0.231	0.639
0.912	0.148	0.67	0.471	0.773	0.225	0.649
0.914	0.151	0.659	0.495	0.766	0.231	0.641
0.917	0.142	0.673	0.471	0.777	0.218	0.653
0.916	0.163	0.678	0.501	0.779	0.246	0.658
0.913	0.156	0.66	0.499	0.766	0.238	0.642
0.916	0.154	0.675	0.489	0.777	0.234	0.655
0.913	0.147	0.669	0.472	0.772	0.225	0.648
0.914	0.147	0.669	0.476	0.773	0.224	0.649
0.911	0.157	0.669	0.485	0.771	0.237	0.648
0.912	0.151	0.673	0.474	0.775	0.229	0.651
0.915	0.154	0.657	0.505	0.765	0.236	0.64
0.912	0.16	0.667	0.498	0.771	0.242	0.648
0.918	0.148	0.668	0.492	0.773	0.227	0.65
0.917	0.157	0.68	0.49	0.781	0.237	0.66
0.916	0.148	0.658	0.497	0.766	0.228	0.641
0.909	0.155	0.672	0.473	0.773	0.234	0.65
0.915	0.129	0.662	0.45	0.768	0.2	0.64
0.911	0.135	0.661	0.449	0.766	0.208	0.638
0.911	0.159	0.66	0.499	0.765	0.241	0.641
0.921	0.154	0.674	0.508	0.778	0.237	0.657
0.916	0.151	0.663	0.497	0.769	0.231	0.645
0.92	0.142	0.659	0.495	0.768	0.221	0.642
0.918	0.153	0.658	0.514	0.767	0.236	0.642
0.912	0.14	0.665	0.461	0.769	0.215	0.643
0.907	0.142	0.659	0.454	0.763	0.216	0.637
0.908	0.149	0.656	0.475	0.762	0.226	0.636
0.912	0.146	0.664	0.473	0.768	0.223	0.643
0.917	0.149	0.657	0.503	0.766	0.23	0.641
0.91	0.145	0.649	0.481	0.758	0.223	0.631
0.915	0.153	0.661	0.499	0.767	0.234	0.643
0.914	0.159	0.664	0.506	0.769	0.242	0.646
0.922	0.147	0.663	0.509	0.772	0.228	0.648
0.909	0.14	0.659	0.458	0.764	0.214	0.637
0.916	0.154	0.672	0.493	0.775	0.235	0.653
0.913	0.145	0.658	0.48	0.765	0.223	0.639
0.914	0.139	0.666	0.462	0.771	0.214	0.645
0.911	0.147	0.663	0.472	0.767	0.224	0.642
0.912	0.158	0.676	0.481	0.777	0.238	0.654
0.916	0.149	0.655	0.499	0.764	0.229	0.638
0.909	0.161	0.667	0.488	0.769	0.242	0.646
0.915	0.158	0.666	0.502	0.771	0.24	0.648
0.916	0.144	0.656	0.491	0.764	0.223	0.638
0.915	0.149	0.681	0.469	0.781	0.226	0.658
0.918	0.154	0.672	0.5	0.776	0.235	0.653
0.916	0.157	0.663	0.509	0.769	0.24	0.646
0.912	0.154	0.664	0.489	0.768	0.234	0.644
0.906	0.158	0.673	0.469	0.772	0.236	0.649
0.914	0.148	0.671	0.475	0.774	0.226	0.65
0.914	0.146	0.669	0.474	0.772	0.224	0.648
0.91	0.143	0.664	0.459	0.768	0.218	0.642
0.92	0.155	0.661	0.519	0.769	0.238	0.646
0.912	0.14	0.651	0.476	0.76	0.216	0.632
0.914	0.167	0.671	0.512	0.774	0.251	0.653
0.915	0.161	0.67	0.502	0.774	0.244	0.652
0.911	0.155	0.659	0.493	0.765	0.236	0.64
0.915	0.167	0.662	0.526	0.768	0.254	0.646
0.915	0.144	0.67	0.47	0.774	0.22	0.649
0.923	0.125	0.651	0.479	0.764	0.198	0.635
0.917	0.144	0.666	0.482	0.771	0.222	0.647
0.917	0.149	0.666	0.492	0.771	0.229	0.647
0.907	0.143	0.66	0.457	0.764	0.218	0.638
0.92	0.141	0.666	0.485	0.773	0.219	0.648
0.911	0.148	0.666	0.47	0.769	0.225	0.645
0.919	0.145	0.659	0.501	0.767	0.225	0.642
0.906	0.154	0.658	0.477	0.762	0.233	0.637
0.919	0.153	0.665	0.507	0.772	0.236	0.648
0.91	0.142	0.662	0.463	0.767	0.218	0.64
0.91	0.133	0.658	0.445	0.764	0.205	0.636
0.915	0.148	0.672	0.476	0.775	0.226	0.651
0.914	0.143	0.67	0.467	0.773	0.218	0.649
0.92	0.134	0.661	0.478	0.77	0.21	0.643
0.921	0.151	0.681	0.493	0.783	0.231	0.661
0.91	0.149	0.665	0.471	0.768	0.227	0.643
0.901	0.139	0.661	0.43	0.762	0.21	0.635
0.914	0.149	0.665	0.483	0.77	0.228	0.645
0.913	0.144	0.672	0.463	0.774	0.22	0.65
0.914	0.147	0.663	0.482	0.768	0.225	0.643
0.914	0.146	0.663	0.481	0.769	0.224	0.644
0.913	0.144	0.667	0.468	0.771	0.22	0.646
0.907	0.145	0.666	0.455	0.768	0.22	0.643
0.912	0.148	0.669	0.472	0.772	0.225	0.647
0.914	0.145	0.666	0.476	0.771	0.222	0.646
0.909	0.142	0.649	0.472	0.757	0.218	0.629
0.916	0.154	0.662	0.504	0.769	0.236	0.645
0.906	0.138	0.655	0.447	0.76	0.211	0.632
0.915	0.159	0.666	0.505	0.771	0.242	0.648
0.916	0.164	0.669	0.514	0.773	0.249	0.652
0.914	0.159	0.659	0.509	0.766	0.242	0.642
0.915	0.132	0.657	0.462	0.765	0.205	0.637
0.911	0.137	0.669	0.448	0.772	0.21	0.646
0.923	0.15	0.667	0.514	0.774	0.233	0.651
0.911	0.149	0.671	0.468	0.773	0.226	0.649
0.915	0.149	0.673	0.477	0.776	0.227	0.652
0.919	0.159	0.664	0.52	0.771	0.244	0.648
0.914	0.164	0.689	0.484	0.786	0.245	0.666
0.905	0.149	0.676	0.444	0.774	0.224	0.65
0.913	0.135	0.66	0.458	0.766	0.209	0.639
0.914	0.149	0.664	0.483	0.769	0.227	0.644
0.912	0.16	0.664	0.502	0.769	0.243	0.646
0.913	0.151	0.677	0.47	0.778	0.229	0.655
0.912	0.14	0.649	0.478	0.759	0.217	0.631
0.921	0.141	0.655	0.502	0.765	0.22	0.639
0.915	0.161	0.664	0.509	0.769	0.244	0.646
0.911	0.151	0.661	0.484	0.766	0.231	0.642
0.915	0.161	0.668	0.507	0.773	0.244	0.65
0.909	0.157	0.661	0.487	0.765	0.237	0.641
0.911	0.158	0.669	0.489	0.772	0.239	0.649
0.912	0.152	0.66	0.491	0.766	0.233	0.641
0.914	0.143	0.662	0.474	0.768	0.22	0.642
0.912	0.154	0.673	0.478	0.774	0.233	0.651
0.917	0.141	0.674	0.468	0.777	0.217	0.653
0.921	0.144	0.662	0.501	0.771	0.223	0.646
0.902	0.152	0.654	0.467	0.759	0.229	0.632
0.907	0.143	0.66	0.457	0.765	0.218	0.638
0.907	0.146	0.661	0.462	0.765	0.222	0.639
0.914	0.145	0.661	0.479	0.767	0.223	0.642
0.915	0.157	0.665	0.503	0.77	0.24	0.647
0.908	0.147	0.665	0.461	0.767	0.223	0.642
0.916	0.153	0.664	0.499	0.769	0.235	0.646
0.915	0.139	0.674	0.457	0.776	0.213	0.651
0.92	0.146	0.662	0.5	0.77	0.226	0.646
0.914	0.141	0.653	0.48	0.761	0.218	0.634
0.908	0.155	0.664	0.48	0.767	0.234	0.643
0.919	0.131	0.649	0.481	0.761	0.207	0.633
0.921	0.157	0.666	0.519	0.773	0.241	0.65
0.915	0.168	0.669	0.517	0.773	0.253	0.652
0.916	0.155	0.662	0.507	0.769	0.238	0.645
0.917	0.149	0.654	0.504	0.764	0.23	0.638
0.915	0.149	0.683	0.466	0.783	0.225	0.66
0.915	0.137	0.656	0.473	0.764	0.212	0.637
0.912	0.142	0.657	0.472	0.764	0.218	0.637
0.918	0.151	0.656	0.51	0.765	0.233	0.64
0.912	0.147	0.655	0.484	0.762	0.226	0.636
0.91	0.16	0.662	0.497	0.766	0.242	0.643
0.914	0.153	0.668	0.488	0.771	0.233	0.648
0.912	0.155	0.672	0.481	0.774	0.235	0.651
0.912	0.145	0.667	0.466	0.771	0.221	0.646
0.912	0.143	0.659	0.473	0.765	0.219	0.639
0.921	0.159	0.661	0.529	0.769	0.244	0.646
0.908	0.138	0.659	0.449	0.764	0.211	0.637
0.912	0.155	0.668	0.484	0.771	0.234	0.648
0.917	0.152	0.649	0.515	0.76	0.234	0.634
0.907	0.146	0.653	0.469	0.759	0.222	0.632
0.915	0.16	0.668	0.503	0.772	0.243	0.65
0.915	0.158	0.664	0.508	0.77	0.242	0.646
0.908	0.16	0.656	0.497	0.762	0.242	0.638
0.917	0.152	0.668	0.497	0.773	0.233	0.65
0.919	0.142	0.67	0.48	0.775	0.219	0.65
0.921	0.149	0.66	0.513	0.769	0.231	0.645
0.914	0.149	0.665	0.485	0.77	0.228	0.645
0.922	0.151	0.669	0.51	0.775	0.233	0.652
0.905	0.148	0.668	0.452	0.769	0.223	0.644
0.912	0.162	0.666	0.501	0.77	0.245	0.648
0.919	0.159	0.673	0.511	0.777	0.243	0.655
0.913	0.151	0.661	0.489	0.767	0.231	0.642
0.904	0.142	0.652	0.454	0.757	0.216	0.63
0.923	0.152	0.667	0.518	0.775	0.235	0.652
0.911	0.161	0.671	0.489	0.772	0.242	0.65
0.923	0.143	0.667	0.502	0.774	0.223	0.65
0.908	0.16	0.664	0.488	0.767	0.24	0.643
0.909	0.153	0.67	0.472	0.771	0.232	0.648
0.912	0.152	0.663	0.486	0.768	0.231	0.643
0.915	0.149	0.661	0.492	0.768	0.228	0.643
0.911	0.125	0.652	0.438	0.76	0.195	0.63
0.915	0.148	0.666	0.486	0.771	0.227	0.647
0.911	0.143	0.657	0.471	0.764	0.22	0.637
0.917	0.151	0.665	0.498	0.771	0.231	0.647
0.917	0.157	0.669	0.505	0.774	0.239	0.651
0.914	0.127	0.651	0.451	0.761	0.198	0.631
0.911	0.146	0.666	0.467	0.77	0.223	0.645
0.914	0.154	0.652	0.508	0.761	0.236	0.636
0.908	0.15	0.665	0.467	0.767	0.227	0.642
0.919	0.148	0.664	0.498	0.771	0.228	0.646
0.906	0.146	0.662	0.456	0.765	0.221	0.638
0.917	0.139	0.667	0.47	0.772	0.214	0.646
0.912	0.149	0.653	0.491	0.761	0.229	0.635
0.911	0.151	0.662	0.482	0.767	0.23	0.642
0.922	0.144	0.66	0.508	0.77	0.225	0.645
0.908	0.146	0.655	0.47	0.761	0.223	0.634
0.909	0.145	0.662	0.464	0.766	0.221	0.641
0.923	0.145	0.659	0.514	0.769	0.226	0.644
0.915	0.141	0.66	0.475	0.767	0.217	0.641
0.912	0.145	0.662	0.473	0.767	0.222	0.642
0.908	0.154	0.66	0.48	0.764	0.234	0.639
0.916	0.151	0.673	0.486	0.776	0.231	0.653
0.913	0.158	0.658	0.506	0.765	0.241	0.641
0.917	0.165	0.676	0.509	0.778	0.249	0.657
0.917	0.151	0.66	0.503	0.768	0.232	0.643
0.902	0.15	0.665	0.449	0.765	0.225	0.64
0.914	0.136	0.664	0.458	0.769	0.21	0.643
0.911	0.148	0.652	0.486	0.76	0.226	0.634
0.922	0.148	0.661	0.513	0.77	0.23	0.646
0.912	0.152	0.661	0.486	0.766	0.231	0.642
0.915	0.14	0.666	0.469	0.771	0.216	0.646
0.913	0.154	0.663	0.491	0.768	0.234	0.644
0.92	0.14	0.659	0.491	0.768	0.218	0.642
0.921	0.158	0.658	0.531	0.768	0.243	0.644
0.912	0.139	0.662	0.461	0.767	0.213	0.641
0.921	0.151	0.669	0.505	0.775	0.232	0.652
0.913	0.162	0.669	0.502	0.772	0.245	0.65
0.915	0.162	0.669	0.509	0.773	0.246	0.651
0.913	0.158	0.654	0.511	0.762	0.241	0.638
0.906	0.162	0.666	0.482	0.768	0.242	0.645
0.923	0.149	0.665	0.512	0.773	0.23	0.65
0.916	0.144	0.66	0.487	0.767	0.222	0.642
0.913	0.155	0.664	0.495	0.769	0.236	0.645
0.92	0.149	0.669	0.5	0.775	0.229	0.652
0.911	0.149	0.67	0.468	0.772	0.226	0.648
0.913	0.146	0.66	0.482	0.767	0.225	0.641
0.908	0.154	0.663	0.477	0.767	0.233	0.642
0.921	0.153	0.667	0.512	0.774	0.235	0.651
0.918	0.149	0.68	0.479	0.781	0.227	0.659
0.913	0.148	0.665	0.476	0.77	0.225	0.645
0.921	0.156	0.668	0.517	0.774	0.24	0.652
0.911	0.148	0.661	0.477	0.766	0.226	0.641
0.904	0.153	0.667	0.459	0.767	0.229	0.643
0.918	0.138	0.651	0.488	0.761	0.215	0.634
0.925	0.15	0.665	0.52	0.774	0.233	0.651
0.912	0.161	0.668	0.496	0.771	0.243	0.649
0.911	0.146	0.657	0.48	0.763	0.224	0.637
0.905	0.16	0.668	0.472	0.768	0.239	0.645
0.921	0.146	0.661	0.503	0.769	0.226	0.645
0.908	0.142	0.667	0.448	0.769	0.216	0.643
0.915	0.163	0.669	0.507	0.773	0.246	0.651
0.911	0.154	0.678	0.469	0.777	0.232	0.655
0.918	0.143	0.655	0.495	0.765	0.222	0.638
0.916	0.157	0.672	0.496	0.775	0.238	0.653
0.914	0.161	0.672	0.498	0.775	0.244	0.653
0.914	0.155	0.657	0.505	0.764	0.237	0.64
0.913	0.149	0.668	0.475	0.772	0.227	0.647
0.914	0.15	0.67	0.481	0.774	0.229	0.65
0.919	0.155	0.675	0.499	0.778	0.236	0.656
0.915	0.154	0.652	0.51	0.761	0.237	0.637
0.913	0.173	0.668	0.522	0.772	0.259	0.651
0.915	0.15	0.672	0.481	0.775	0.229	0.651
0.916	0.158	0.671	0.501	0.775	0.241	0.653
0.913	0.145	0.663	0.475	0.768	0.222	0.643
0.914	0.157	0.662	0.501	0.768	0.239	0.644
0.913	0.143	0.658	0.478	0.765	0.22	0.638
0.908	0.156	0.665	0.479	0.768	0.235	0.644
0.918	0.155	0.667	0.506	0.772	0.238	0.65
0.922	0.149	0.658	0.519	0.768	0.231	0.643
0.921	0.146	0.669	0.498	0.775	0.226	0.652
0.915	0.154	0.669	0.494	0.773	0.235	0.65
0.916	0.154	0.666	0.498	0.771	0.235	0.648
0.909	0.147	0.659	0.471	0.764	0.224	0.638
0.916	0.17	0.667	0.527	0.772	0.257	0.651
0.905	0.144	0.663	0.45	0.765	0.219	0.639
0.914	0.16	0.663	0.506	0.769	0.243	0.646
0.916	0.145	0.674	0.472	0.776	0.221	0.653
0.91	0.162	0.662	0.499	0.766	0.244	0.643
0.92	0.15	0.676	0.492	0.78	0.23	0.657
0.912	0.148	0.665	0.474	0.769	0.225	0.644
0.914	0.149	0.677	0.472	0.778	0.227	0.655
0.913	0.159	0.661	0.505	0.767	0.242	0.643
0.919	0.158	0.676	0.504	0.779	0.24	0.657
0.916	0.156	0.66	0.51	0.767	0.239	0.643
0.902	0.16	0.661	0.474	0.763	0.239	0.639
0.913	0.159	0.666	0.5	0.77	0.241	0.647
0.917	0.159	0.661	0.517	0.769	0.243	0.646
0.911	0.147	0.664	0.471	0.768	0.224	0.642
0.915	0.159	0.667	0.503	0.771	0.241	0.648
0.92	0.151	0.672	0.498	0.777	0.232	0.654
0.913	0.144	0.668	0.468	0.772	0.22	0.647
0.916	0.145	0.664	0.483	0.77	0.223	0.645
0.913	0.158	0.659	0.505	0.766	0.241	0.642
0.915	0.136	0.657	0.469	0.765	0.211	0.637
0.918	0.135	0.653	0.482	0.763	0.211	0.636
0.913	0.16	0.659	0.507	0.765	0.243	0.642
0.914	0.152	0.657	0.499	0.764	0.233	0.639
0.918	0.148	0.665	0.496	0.771	0.228	0.647
0.913	0.165	0.661	0.516	0.767	0.25	0.644
0.913	0.137	0.669	0.452	0.772	0.211	0.646
0.913	0.144	0.66	0.476	0.766	0.222	0.641
0.913	0.145	0.66	0.48	0.766	0.223	0.641
0.917	0.163	0.657	0.529	0.766	0.249	0.643
0.921	0.159	0.661	0.531	0.769	0.245	0.647
0.916	0.136	0.669	0.46	0.773	0.21	0.647
0.92	0.139	0.67	0.477	0.775	0.215	0.65
0.917	0.149	0.674	0.485	0.777	0.228	0.654
0.909	0.14	0.666	0.449	0.769	0.214	0.643
0.912	0.15	0.665	0.479	0.769	0.229	0.645
0.914	0.152	0.664	0.488	0.769	0.231	0.645
0.914	0.149	0.664	0.484	0.769	0.228	0.644
0.904	0.152	0.667	0.455	0.767	0.227	0.642
0.914	0.149	0.668	0.481	0.772	0.228	0.648
0.916	0.145	0.656	0.493	0.765	0.224	0.639
0.918	0.153	0.664	0.505	0.77	0.235	0.647
0.908	0.142	0.667	0.451	0.769	0.216	0.643
0.918	0.154	0.665	0.508	0.771	0.237	0.648
0.914	0.14	0.659	0.473	0.766	0.216	0.64
0.917	0.145	0.668	0.482	0.773	0.223	0.649
0.921	0.151	0.668	0.507	0.774	0.232	0.651
0.909	0.146	0.654	0.476	0.761	0.223	0.634
0.913	0.159	0.66	0.506	0.766	0.242	0.643
0.921	0.156	0.664	0.52	0.772	0.24	0.649
0.915	0.145	0.649	0.499	0.759	0.225	0.633
0.916	0.166	0.668	0.519	0.773	0.252	0.651
0.905	0.15	0.664	0.461	0.766	0.226	0.641
0.916	0.157	0.661	0.51	0.768	0.24	0.644
0.905	0.147	0.668	0.45	0.769	0.222	0.643
0.907	0.15	0.662	0.47	0.765	0.228	0.64
0.912	0.158	0.672	0.486	0.774	0.239	0.651
0.902	0.149	0.651	0.464	0.757	0.225	0.63
0.918	0.145	0.664	0.492	0.771	0.224	0.646
0.918	0.148	0.654	0.507	0.764	0.23	0.638
0.917	0.149	0.664	0.497	0.77	0.23	0.646
0.915	0.16	0.667	0.504	0.772	0.242	0.649
0.912	0.158	0.672	0.486	0.774	0.238	0.651
0.918	0.152	0.662	0.504	0.769	0.233	0.645
0.916	0.149	0.67	0.484	0.774	0.228	0.65
0.915	0.142	0.655	0.485	0.763	0.219	0.637
0.923	0.158	0.669	0.526	0.776	0.243	0.654
0.909	0.147	0.669	0.461	0.771	0.223	0.646
0.914	0.161	0.668	0.501	0.772	0.244	0.65
0.911	0.153	0.653	0.494	0.76	0.233	0.635
0.918	0.155	0.661	0.513	0.769	0.238	0.645
0.91	0.16	0.668	0.491	0.771	0.242	0.648
0.915	0.151	0.658	0.501	0.765	0.232	0.641
0.921	0.162	0.662	0.535	0.77	0.248	0.648
0.925	0.151	0.669	0.521	0.776	0.235	0.654
0.915	0.149	0.662	0.49	0.769	0.228	0.644
0.92	0.148	0.652	0.515	0.763	0.229	0.638
0.911	0.142	0.66	0.467	0.766	0.218	0.639
0.915	0.151	0.656	0.501	0.764	0.232	0.639
0.914	0.143	0.667	0.469	0.771	0.219	0.646
0.909	0.15	0.658	0.479	0.764	0.228	0.638
0.913	0.143	0.66	0.475	0.766	0.22	0.64
0.912	0.148	0.666	0.475	0.77	0.226	0.646
0.914	0.141	0.657	0.478	0.765	0.218	0.638
0.916	0.15	0.665	0.493	0.77	0.23	0.646
0.91	0.144	0.657	0.471	0.763	0.221	0.637
0.914	0.154	0.664	0.496	0.769	0.235	0.645
0.91	0.162	0.672	0.489	0.773	0.243	0.651
0.919	0.157	0.668	0.51	0.774	0.24	0.651
0.916	0.142	0.663	0.479	0.769	0.219	0.644
0.909	0.139	0.662	0.452	0.766	0.212	0.639
0.91	0.142	0.657	0.469	0.763	0.219	0.636
0.917	0.149	0.661	0.497	0.768	0.23	0.644
0.918	0.157	0.668	0.51	0.773	0.24	0.651
0.906	0.146	0.671	0.446	0.771	0.22	0.646
0.915	0.163	0.662	0.518	0.768	0.248	0.645
0.909	0.143	0.669	0.452	0.771	0.217	0.646
0.909	0.144	0.653	0.472	0.76	0.22	0.633
0.921	0.138	0.666	0.483	0.773	0.214	0.647
0.913	0.153	0.666	0.489	0.77	0.234	0.646
0.907	0.146	0.67	0.45	0.771	0.22	0.646
0.907	0.146	0.656	0.467	0.761	0.223	0.635
0.91	0.145	0.657	0.471	0.763	0.222	0.637
0.919	0.156	0.673	0.504	0.777	0.238	0.655
0.911	0.148	0.668	0.469	0.771	0.225	0.646
0.907	0.133	0.653	0.443	0.759	0.205	0.63
0.922	0.148	0.668	0.504	0.775	0.229	0.651
0.92	0.162	0.661	0.532	0.769	0.248	0.647
0.914	0.146	0.661	0.481	0.767	0.224	0.642
0.915	0.166	0.671	0.512	0.774	0.251	0.653
0.914	0.142	0.662	0.475	0.768	0.219	0.642
0.921	0.154	0.664	0.517	0.772	0.237	0.649
0.914	0.147	0.675	0.469	0.776	0.224	0.653
0.909	0.144	0.66	0.466	0.765	0.22	0.639
0.912	0.145	0.663	0.473	0.768	0.222	0.642
0.913	0.148	0.655	0.492	0.763	0.228	0.637
0.913	0.146	0.658	0.484	0.765	0.225	0.639
0.91	0.148	0.655	0.479	0.762	0.226	0.636
0.911	0.135	0.66	0.45	0.765	0.208	0.638
0.908	0.154	0.668	0.472	0.769	0.233	0.645
0.926	0.156	0.678	0.522	0.782	0.24	0.662
0.921	0.143	0.668	0.489	0.774	0.221	0.65
0.915	0.149	0.682	0.47	0.781	0.226	0.659
0.916	0.146	0.658	0.491	0.765	0.225	0.64
0.912	0.146	0.677	0.459	0.777	0.221	0.653
0.91	0.155	0.666	0.481	0.769	0.234	0.645
0.914	0.164	0.672	0.505	0.775	0.248	0.654
0.91	0.141	0.662	0.46	0.767	0.216	0.64
0.91	0.148	0.666	0.468	0.769	0.225	0.645
0.917	0.157	0.668	0.504	0.773	0.239	0.651
0.911	0.155	0.658	0.495	0.764	0.236	0.639
0.913	0.154	0.657	0.499	0.764	0.235	0.64
0.918	0.142	0.662	0.486	0.769	0.219	0.644
0.914	0.147	0.664	0.48	0.769	0.225	0.644
0.908	0.15	0.665	0.466	0.768	0.226	0.643
0.914	0.141	0.659	0.474	0.766	0.217	0.64
0.921	0.155	0.664	0.521	0.772	0.239	0.649
0.908	0.141	0.666	0.446	0.769	0.214	0.642
0.914	0.15	0.666	0.485	0.77	0.23	0.646
0.922	0.151	0.668	0.511	0.774	0.233	0.651
0.907	0.149	0.665	0.462	0.767	0.225	0.642
0.91	0.152	0.665	0.476	0.768	0.23	0.644
0.912	0.146	0.659	0.479	0.765	0.224	0.639
0.912	0.152	0.676	0.47	0.776	0.229	0.653
0.911	0.154	0.669	0.48	0.771	0.234	0.647
0.918	0.153	0.668	0.501	0.773	0.234	0.65
0.911	0.147	0.662	0.473	0.767	0.224	0.641
0.915	0.165	0.672	0.509	0.775	0.249	0.654
0.912	0.138	0.669	0.451	0.772	0.212	0.646
0.91	0.152	0.652	0.491	0.759	0.232	0.634
0.915	0.153	0.668	0.493	0.772	0.234	0.649
0.917	0.144	0.655	0.495	0.764	0.223	0.638
0.911	0.156	0.669	0.482	0.772	0.236	0.648
0.913	0.145	0.668	0.472	0.771	0.222	0.647
0.916	0.161	0.672	0.505	0.775	0.245	0.653
0.911	0.151	0.666	0.478	0.769	0.23	0.645
0.909	0.139	0.663	0.45	0.767	0.212	0.64
0.906	0.164	0.669	0.484	0.769	0.245	0.647
0.92	0.148	0.672	0.491	0.777	0.227	0.654
0.92	0.147	0.668	0.496	0.774	0.226	0.65
0.912	0.14	0.658	0.467	0.765	0.216	0.638
0.906	0.154	0.673	0.46	0.772	0.23	0.648
0.91	0.166	0.661	0.508	0.766	0.25	0.643
0.905	0.147	0.645	0.475	0.754	0.225	0.626
0.915	0.153	0.672	0.486	0.775	0.232	0.651
0.912	0.149	0.661	0.482	0.766	0.227	0.641
0.922	0.149	0.662	0.514	0.771	0.231	0.647
0.914	0.16	0.665	0.503	0.77	0.242	0.647
0.913	0.16	0.673	0.492	0.775	0.242	0.653
0.912	0.148	0.669	0.47	0.772	0.225	0.647
0.915	0.145	0.674	0.469	0.776	0.222	0.652
0.908	0.143	0.664	0.456	0.767	0.218	0.641
0.914	0.152	0.666	0.488	0.771	0.232	0.647
0.907	0.142	0.661	0.453	0.765	0.216	0.638
0.908	0.159	0.656	0.494	0.762	0.241	0.638
0.919	0.146	0.656	0.502	0.766	0.226	0.64
0.91	0.145	0.665	0.462	0.768	0.22	0.642
0.905	0.133	0.647	0.445	0.754	0.205	0.625
0.918	0.136	0.674	0.462	0.777	0.211	0.653
0.914	0.158	0.668	0.497	0.771	0.239	0.649
0.925	0.158	0.668	0.534	0.776	0.244	0.654
0.913	0.144	0.664	0.471	0.768	0.22	0.643
0.915	0.154	0.668	0.491	0.772	0.234	0.649
0.907	0.144	0.66	0.456	0.764	0.219	0.638
0.907	0.144	0.655	0.463	0.76	0.219	0.633
0.913	0.157	0.663	0.498	0.769	0.238	0.645
0.912	0.148	0.672	0.47	0.774	0.226	0.65
0.915	0.14	0.65	0.485	0.76	0.217	0.633
0.914	0.145	0.67	0.471	0.773	0.222	0.649
0.914	0.147	0.67	0.474	0.773	0.224	0.649
0.919	0.129	0.664	0.461	0.771	0.202	0.644
0.912	0.151	0.666	0.48	0.77	0.23	0.646
0.911	0.154	0.659	0.491	0.765	0.235	0.64
0.911	0.144	0.659	0.471	0.765	0.22	0.639
0.916	0.151	0.658	0.503	0.766	0.232	0.641
0.915	0.138	0.657	0.473	0.765	0.213	0.638
0.908	0.151	0.657	0.477	0.762	0.229	0.637
0.914	0.16	0.666	0.506	0.771	0.243	0.648
0.92	0.148	0.651	0.515	0.763	0.23	0.637
0.914	0.144	0.659	0.482	0.766	0.222	0.64
0.916	0.151	0.66	0.499	0.767	0.232	0.643
0.913	0.136	0.661	0.459	0.767	0.21	0.64
0.919	0.156	0.668	0.51	0.774	0.239	0.651
0.916	0.154	0.674	0.491	0.777	0.235	0.654
0.913	0.157	0.658	0.505	0.765	0.24	0.641
0.912	0.158	0.659	0.501	0.765	0.24	0.641
0.906	0.155	0.661	0.475	0.764	0.234	0.639
0.915	0.139	0.656	0.475	0.764	0.215	0.637
0.914	0.167	0.679	0.504	0.779	0.251	0.659
0.912	0.144	0.668	0.464	0.771	0.219	0.646
0.908	0.127	0.66	0.425	0.765	0.196	0.636
0.913	0.157	0.675	0.484	0.776	0.237	0.654
0.915	0.147	0.667	0.48	0.771	0.225	0.647
0.903	0.15	0.661	0.458	0.764	0.226	0.638
0.912	0.149	0.668	0.473	0.771	0.227	0.647
0.909	0.141	0.664	0.455	0.768	0.216	0.642
0.913	0.144	0.665	0.47	0.77	0.221	0.644
0.915	0.145	0.669	0.474	0.773	0.222	0.649
0.906	0.151	0.664	0.464	0.766	0.228	0.641
0.917	0.142	0.665	0.479	0.771	0.219	0.646
0.91	0.155	0.662	0.484	0.766	0.234	0.642
0.912	0.154	0.668	0.483	0.771	0.233	0.647
0.909	0.153	0.668	0.474	0.77	0.231	0.646
0.916	0.143	0.67	0.473	0.774	0.219	0.649
0.911	0.147	0.663	0.472	0.767	0.224	0.642
0.914	0.137	0.662	0.465	0.768	0.212	0.641
0.919	0.142	0.663	0.488	0.77	0.221	0.645
0.91	0.151	0.653	0.49	0.76	0.231	0.635
0.913	0.144	0.667	0.471	0.771	0.221	0.646
0.917	0.149	0.666	0.494	0.772	0.229	0.648
0.916	0.153	0.658	0.507	0.766	0.235	0.642
0.909	0.157	0.669	0.481	0.771	0.237	0.647
0.914	0.15	0.674	0.477	0.776	0.228	0.653
0.917	0.139	0.661	0.477	0.768	0.215	0.642
0.91	0.151	0.673	0.467	0.774	0.228	0.651
0.912	0.143	0.665	0.467	0.769	0.219	0.644
0.92	0.142	0.661	0.493	0.769	0.22	0.644
0.913	0.14	0.666	0.462	0.77	0.215	0.644
0.911	0.147	0.662	0.475	0.767	0.225	0.641
0.908	0.157	0.664	0.481	0.767	0.237	0.643
0.911	0.15	0.655	0.488	0.762	0.229	0.636
0.915	0.16	0.676	0.496	0.778	0.242	0.656
0.911	0.142	0.652	0.476	0.76	0.219	0.633
0.92	0.145	0.657	0.504	0.766	0.226	0.641
0.911	0.142	0.66	0.464	0.765	0.217	0.639
0.917	0.143	0.65	0.498	0.76	0.223	0.634
0.914	0.148	0.672	0.473	0.774	0.225	0.651
0.919	0.142	0.658	0.491	0.767	0.22	0.641
0.912	0.153	0.664	0.486	0.768	0.232	0.644
0.92	0.166	0.671	0.528	0.776	0.253	0.656
0.914	0.162	0.675	0.499	0.776	0.245	0.655
0.907	0.154	0.659	0.477	0.763	0.233	0.638
0.92	0.157	0.661	0.524	0.769	0.241	0.646
0.914	0.148	0.656	0.491	0.764	0.228	0.638
0.913	0.146	0.675	0.463	0.776	0.221	0.653
0.911	0.15	0.668	0.475	0.771	0.228	0.647
0.912	0.154	0.667	0.486	0.77	0.234	0.647
0.908	0.142	0.666	0.452	0.768	0.217	0.642
0.914	0.167	0.669	0.514	0.773	0.252	0.651
0.911	0.169	0.669	0.509	0.771	0.254	0.65
0.913	0.15	0.66	0.488	0.766	0.229	0.641
0.905	0.137	0.66	0.439	0.763	0.209	0.636
0.911	0.154	0.667	0.484	0.77	0.234	0.646
0.918	0.155	0.67	0.502	0.774	0.237	0.652
0.913	0.146	0.656	0.485	0.764	0.225	0.638
0.909	0.136	0.653	0.455	0.76	0.21	0.632
0.914	0.148	0.645	0.502	0.756	0.228	0.63
0.919	0.139	0.66	0.485	0.768	0.216	0.642
0.907	0.147	0.663	0.46	0.766	0.223	0.64
0.918	0.139	0.659	0.484	0.767	0.217	0.641
0.91	0.157	0.656	0.495	0.762	0.238	0.638
0.913	0.151	0.668	0.481	0.772	0.229	0.648
0.91	0.166	0.666	0.503	0.769	0.249	0.647
0.91	0.146	0.658	0.472	0.764	0.223	0.638
0.914	0.163	0.669	0.504	0.773	0.246	0.651
0.905	0.144	0.67	0.442	0.77	0.217	0.645
0.913	0.154	0.677	0.477	0.777	0.233	0.655
0.911	0.16	0.673	0.486	0.774	0.24	0.651
0.917	0.155	0.655	0.516	0.764	0.239	0.64
0.918	0.143	0.665	0.486	0.771	0.221	0.646
0.916	0.156	0.67	0.5	0.774	0.238	0.651
0.914	0.141	0.659	0.476	0.766	0.218	0.639
0.915	0.151	0.657	0.499	0.764	0.232	0.639
0.907	0.159	0.663	0.484	0.766	0.239	0.642
0.914	0.157	0.654	0.512	0.763	0.241	0.638
0.906	0.151	0.658	0.471	0.763	0.228	0.637
0.917	0.141	0.651	0.492	0.762	0.219	0.635
0.914	0.14	0.661	0.47	0.767	0.216	0.641
0.916	0.151	0.662	0.499	0.768	0.232	0.644
0.917	0.155	0.667	0.5	0.772	0.236	0.649
0.911	0.16	0.661	0.501	0.766	0.243	0.642
0.916	0.155	0.67	0.499	0.774	0.237	0.651
0.915	0.152	0.663	0.495	0.768	0.233	0.644
0.912	0.161	0.664	0.5	0.769	0.243	0.646
0.911	0.137	0.661	0.456	0.766	0.211	0.639
0.909	0.13	0.651	0.444	0.759	0.201	0.629
0.912	0.148	0.675	0.466	0.776	0.225	0.652
0.91	0.135	0.676	0.43	0.776	0.206	0.65
0.914	0.133	0.655	0.462	0.763	0.207	0.635
0.917	0.139	0.657	0.481	0.765	0.216	0.639
0.927	0.133	0.67	0.488	0.778	0.209	0.653
0.913	0.147	0.656	0.486	0.764	0.225	0.638
0.918	0.156	0.666	0.509	0.772	0.238	0.65
0.914	0.146	0.66	0.484	0.767	0.224	0.642
0.911	0.146	0.663	0.469	0.768	0.222	0.642
0.913	0.137	0.658	0.464	0.765	0.212	0.638
0.913	0.153	0.663	0.491	0.768	0.233	0.644
0.904	0.155	0.656	0.475	0.76	0.233	0.635
0.915	0.155	0.661	0.504	0.768	0.237	0.644
0.907	0.151	0.666	0.467	0.768	0.228	0.643
0.917	0.146	0.662	0.492	0.769	0.226	0.645
0.92	0.168	0.667	0.537	0.773	0.256	0.653
0.918	0.137	0.656	0.482	0.765	0.213	0.638
0.907	0.149	0.663	0.464	0.766	0.226	0.641
0.913	0.133	0.652	0.462	0.761	0.207	0.632
0.908	0.153	0.671	0.465	0.771	0.23	0.647
0.906	0.146	0.662	0.457	0.765	0.221	0.639
0.919	0.165	0.669	0.528	0.774	0.251	0.653
0.925	0.151	0.666	0.523	0.774	0.234	0.651
0.906	0.144	0.663	0.45	0.766	0.218	0.639
0.913	0.156	0.656	0.504	0.763	0.239	0.639
0.922	0.147	0.669	0.503	0.775	0.227	0.652
0.917	0.141	0.662	0.482	0.769	0.219	0.643
0.909	0.154	0.662	0.482	0.766	0.234	0.642
0.916	0.143	0.661	0.482	0.768	0.22	0.643
0.913	0.152	0.665	0.485	0.77	0.231	0.645
0.912	0.152	0.665	0.483	0.769	0.232	0.645
0.907	0.144	0.667	0.452	0.769	0.218	0.643
0.914	0.15	0.654	0.497	0.763	0.23	0.637
0.917	0.147	0.656	0.5	0.765	0.227	0.639
0.923	0.152	0.669	0.516	0.776	0.234	0.653
0.909	0.151	0.659	0.478	0.764	0.23	0.639
0.916	0.155	0.648	0.52	0.759	0.238	0.634
0.914	0.148	0.668	0.477	0.772	0.226	0.648
0.918	0.143	0.656	0.495	0.765	0.221	0.639
0.921	0.146	0.675	0.487	0.779	0.224	0.656
0.912	0.167	0.663	0.512	0.768	0.251	0.646
0.913	0.159	0.674	0.491	0.775	0.24	0.653
0.916	0.153	0.675	0.487	0.777	0.233	0.655
0.908	0.147	0.647	0.482	0.756	0.226	0.629
0.913	0.149	0.671	0.472	0.773	0.226	0.65
0.911	0.153	0.668	0.479	0.771	0.232	0.647
0.913	0.159	0.668	0.496	0.772	0.241	0.649
0.915	0.153	0.67	0.489	0.774	0.234	0.651
0.916	0.15	0.659	0.497	0.767	0.23	0.642
0.91	0.159	0.654	0.505	0.761	0.242	0.637
0.918	0.151	0.672	0.493	0.776	0.231	0.653
0.911	0.147	0.651	0.486	0.759	0.226	0.633
0.915	0.157	0.663	0.504	0.769	0.239	0.645
0.917	0.151	0.665	0.498	0.771	0.231	0.647
0.909	0.134	0.666	0.438	0.769	0.205	0.642
0.914	0.165	0.663	0.518	0.768	0.25	0.646
0.905	0.153	0.665	0.464	0.767	0.23	0.642
0.916	0.163	0.662	0.52	0.769	0.248	0.646
0.917	0.141	0.671	0.47	0.775	0.216	0.65
0.922	0.147	0.662	0.51	0.771	0.228	0.647
0.907	0.157	0.67	0.471	0.771	0.235	0.647
0.914	0.16	0.68	0.488	0.78	0.241	0.659
0.906	0.152	0.664	0.468	0.767	0.23	0.642
0.908	0.146	0.661	0.465	0.765	0.223	0.64
0.909	0.143	0.653	0.472	0.76	0.22	0.633
0.919	0.137	0.669	0.471	0.774	0.212	0.649
0.917	0.154	0.662	0.506	0.769	0.236	0.645
0.923	0.154	0.673	0.514	0.779	0.237	0.657
0.912	0.141	0.664	0.465	0.769	0.217	0.643
0.91	0.146	0.664	0.466	0.768	0.222	0.642
0.915	0.15	0.665	0.49	0.77	0.229	0.646
0.909	0.148	0.657	0.476	0.763	0.226	0.637
0.914	0.152	0.676	0.478	0.777	0.23	0.654
0.911	0.164	0.666	0.503	0.77	0.247	0.647
0.911	0.144	0.653	0.477	0.761	0.221	0.634
0.904	0.161	0.671	0.47	0.771	0.239	0.647
0.918	0.151	0.666	0.499	0.772	0.231	0.648
0.912	0.155	0.668	0.485	0.771	0.235	0.647
0.92	0.148	0.664	0.502	0.772	0.228	0.648
0.915	0.146	0.657	0.491	0.765	0.225	0.639
0.915	0.147	0.673	0.474	0.776	0.224	0.652
0.916	0.153	0.667	0.497	0.772	0.234	0.648
0.911	0.145	0.658	0.476	0.764	0.223	0.638
0.92	0.151	0.674	0.498	0.778	0.232	0.655
0.913	0.157	0.654	0.508	0.762	0.24	0.638
0.92	0.152	0.668	0.505	0.774	0.234	0.651
0.909	0.153	0.661	0.479	0.766	0.232	0.641
0.911	0.145	0.662	0.468	0.767	0.221	0.641
0.907	0.14	0.67	0.439	0.771	0.213	0.645
0.91	0.153	0.663	0.481	0.767	0.232	0.643
0.91	0.143	0.655	0.472	0.762	0.22	0.635
0.92	0.141	0.651	0.504	0.762	0.22	0.636
0.916	0.155	0.677	0.488	0.779	0.236	0.657
0.908	0.163	0.669	0.486	0.77	0.244	0.648
0.923	0.137	0.666	0.489	0.774	0.214	0.648
0.919	0.131	0.67	0.458	0.775	0.204	0.649
0.917	0.16	0.672	0.507	0.775	0.243	0.654
0.908	0.153	0.663	0.475	0.767	0.231	0.642
0.915	0.15	0.663	0.491	0.769	0.229	0.644
0.906	0.16	0.659	0.489	0.763	0.242	0.639
0.912	0.153	0.665	0.488	0.769	0.234	0.645
0.91	0.136	0.659	0.452	0.765	0.209	0.637
0.912	0.161	0.666	0.499	0.77	0.243	0.647
0.918	0.14	0.665	0.477	0.771	0.216	0.646
0.915	0.155	0.661	0.501	0.768	0.236	0.644
0.906	0.141	0.661	0.448	0.764	0.215	0.637
0.919	0.163	0.671	0.52	0.775	0.248	0.654
0.902	0.151	0.65	0.469	0.756	0.228	0.629
0.907	0.148	0.671	0.451	0.771	0.222	0.647
0.915	0.147	0.663	0.487	0.769	0.226	0.644
0.916	0.149	0.668	0.486	0.773	0.228	0.649
0.907	0.152	0.661	0.471	0.765	0.229	0.64
0.911	0.144	0.661	0.469	0.766	0.22	0.64
0.916	0.136	0.659	0.471	0.767	0.211	0.64
0.907	0.151	0.665	0.467	0.767	0.228	0.642
0.92	0.17	0.677	0.529	0.78	0.257	0.66
0.914	0.13	0.653	0.457	0.762	0.202	0.634
0.914	0.16	0.665	0.504	0.77	0.243	0.647
0.911	0.146	0.659	0.475	0.764	0.224	0.638
0.909	0.142	0.662	0.457	0.766	0.216	0.64
0.919	0.137	0.66	0.482	0.768	0.213	0.642
0.912	0.148	0.664	0.477	0.768	0.226	0.644
0.918	0.152	0.658	0.513	0.767	0.235	0.642
0.921	0.146	0.661	0.505	0.769	0.227	0.645
0.923	0.146	0.662	0.513	0.771	0.228	0.646
0.92	0.166	0.68	0.517	0.782	0.251	0.662
0.914	0.151	0.663	0.49	0.769	0.231	0.644
0.915	0.164	0.669	0.511	0.773	0.249	0.651
0.906	0.163	0.668	0.482	0.769	0.243	0.646
0.907	0.158	0.662	0.484	0.765	0.238	0.641
0.917	0.145	0.667	0.482	0.772	0.224	0.648
0.91	0.159	0.675	0.48	0.775	0.239	0.653
0.921	0.147	0.675	0.49	0.779	0.226	0.656
0.913	0.154	0.673	0.48	0.775	0.234	0.652
0.912	0.154	0.663	0.489	0.768	0.234	0.643
0.922	0.141	0.663	0.498	0.771	0.22	0.646
0.915	0.145	0.668	0.475	0.772	0.222	0.648
0.919	0.147	0.66	0.502	0.768	0.228	0.643
0.916	0.147	0.67	0.482	0.774	0.225	0.65
0.917	0.165	0.66	0.529	0.768	0.252	0.645
0.9	0.142	0.654	0.439	0.757	0.214	0.629
0.914	0.149	0.667	0.481	0.771	0.228	0.647
0.921	0.145	0.669	0.493	0.775	0.224	0.651
0.914	0.154	0.666	0.491	0.77	0.234	0.647
0.91	0.143	0.666	0.457	0.769	0.217	0.643
0.916	0.154	0.661	0.507	0.768	0.237	0.644
0.914	0.153	0.666	0.493	0.77	0.234	0.647
0.916	0.154	0.667	0.498	0.772	0.235	0.649
0.915	0.144	0.656	0.486	0.764	0.222	0.638
0.914	0.138	0.659	0.468	0.766	0.213	0.639
0.916	0.142	0.665	0.478	0.771	0.219	0.645
0.91	0.143	0.663	0.462	0.767	0.219	0.642
0.917	0.154	0.669	0.498	0.773	0.235	0.65
0.925	0.138	0.662	0.501	0.772	0.216	0.647
0.911	0.162	0.661	0.504	0.766	0.245	0.643
0.91	0.154	0.664	0.484	0.768	0.234	0.644
0.918	0.146	0.665	0.492	0.771	0.225	0.647
0.913	0.154	0.663	0.494	0.768	0.235	0.644
0.911	0.147	0.659	0.477	0.765	0.225	0.639
0.91	0.157	0.67	0.481	0.772	0.236	0.649
0.915	0.147	0.652	0.5	0.762	0.228	0.636
0.91	0.14	0.651	0.467	0.759	0.215	0.631
0.914	0.152	0.668	0.488	0.772	0.232	0.648
0.913	0.152	0.659	0.493	0.765	0.233	0.64
0.92	0.141	0.676	0.476	0.779	0.217	0.656
0.915	0.162	0.664	0.512	0.77	0.246	0.647
0.915	0.149	0.657	0.495	0.765	0.229	0.64
0.908	0.155	0.653	0.492	0.76	0.236	0.635
0.914	0.153	0.682	0.471	0.781	0.231	0.659
0.918	0.157	0.654	0.524	0.764	0.241	0.64
0.908	0.155	0.663	0.477	0.766	0.233	0.642
0.905	0.144	0.661	0.452	0.764	0.219	0.638
0.915	0.15	0.669	0.486	0.773	0.23	0.649
0.911	0.15	0.667	0.475	0.77	0.227	0.646
0.909	0.153	0.659	0.482	0.764	0.233	0.639
0.91	0.162	0.657	0.507	0.763	0.245	0.639
0.917	0.167	0.67	0.524	0.774	0.254	0.653
0.911	0.134	0.658	0.451	0.764	0.206	0.636
0.911	0.162	0.658	0.508	0.764	0.246	0.641
0.919	0.139	0.658	0.489	0.767	0.217	0.641
0.916	0.146	0.653	0.498	0.762	0.225	0.636
0.91	0.151	0.66	0.481	0.765	0.23	0.64
0.915	0.152	0.658	0.501	0.765	0.234	0.64
0.915	0.156	0.671	0.496	0.774	0.238	0.652
0.912	0.15	0.668	0.477	0.771	0.228	0.647
0.911	0.142	0.662	0.461	0.767	0.217	0.641
0.914	0.142	0.662	0.473	0.768	0.218	0.642
0.915	0.138	0.644	0.487	0.756	0.215	0.628
0.921	0.144	0.661	0.502	0.77	0.224	0.645
0.921	0.147	0.662	0.507	0.77	0.228	0.646
0.91	0.145	0.656	0.472	0.762	0.221	0.636
0.912	0.158	0.66	0.499	0.766	0.24	0.642
0.917	0.152	0.663	0.501	0.769	0.233	0.646
0.909	0.157	0.66	0.488	0.765	0.238	0.64
0.917	0.142	0.668	0.477	0.773	0.219	0.648
0.907	0.153	0.67	0.467	0.771	0.231	0.647
0.913	0.151	0.658	0.492	0.764	0.231	0.639
0.909	0.157	0.669	0.48	0.771	0.236	0.648
0.916	0.148	0.672	0.482	0.775	0.227	0.652
0.919	0.14	0.67	0.477	0.775	0.217	0.65
0.916	0.161	0.666	0.511	0.771	0.245	0.649
0.916	0.15	0.66	0.496	0.767	0.23	0.643
0.909	0.142	0.655	0.466	0.761	0.218	0.634
0.909	0.152	0.659	0.481	0.764	0.232	0.639
0.92	0.144	0.678	0.479	0.781	0.221	0.658
0.906	0.141	0.662	0.447	0.765	0.214	0.639
0.917	0.158	0.667	0.508	0.772	0.242	0.65
0.913	0.144	0.669	0.468	0.772	0.221	0.648
0.915	0.141	0.661	0.477	0.768	0.218	0.642
0.908	0.143	0.662	0.457	0.766	0.217	0.639
0.912	0.155	0.655	0.502	0.762	0.237	0.638
0.913	0.146	0.663	0.476	0.768	0.223	0.643
0.914	0.145	0.65	0.493	0.76	0.224	0.633
0.914	0.155	0.66	0.501	0.767	0.237	0.643
0.91	0.157	0.66	0.492	0.765	0.239	0.641
0.912	0.131	0.656	0.449	0.763	0.202	0.634
0.918	0.147	0.659	0.5	0.767	0.227	0.642
0.92	0.147	0.657	0.506	0.766	0.227	0.641
0.908	0.145	0.666	0.458	0.768	0.221	0.643
0.924	0.154	0.671	0.521	0.777	0.238	0.655
0.904	0.158	0.658	0.478	0.762	0.238	0.637
0.912	0.154	0.655	0.499	0.762	0.235	0.638
0.906	0.153	0.66	0.474	0.763	0.232	0.638
0.914	0.139	0.668	0.46	0.772	0.214	0.647
0.913	0.158	0.664	0.497	0.769	0.24	0.646
0.918	0.151	0.668	0.498	0.773	0.232	0.65
0.912	0.153	0.661	0.49	0.767	0.233	0.642
0.914	0.146	0.662	0.478	0.768	0.223	0.643
0.916	0.156	0.673	0.495	0.776	0.237	0.653
0.914	0.142	0.661	0.472	0.767	0.218	0.641
0.915	0.167	0.673	0.511	0.776	0.252	0.655
0.914	0.161	0.669	0.502	0.773	0.244	0.65
0.913	0.153	0.662	0.493	0.767	0.233	0.643
0.907	0.147	0.662	0.462	0.765	0.223	0.64
0.912	0.162	0.666	0.501	0.77	0.245	0.647
0.905	0.145	0.677	0.436	0.775	0.218	0.65
0.913	0.153	0.677	0.477	0.777	0.232	0.655
0.916	0.156	0.673	0.496	0.776	0.237	0.654
0.914	0.141	0.655	0.479	0.763	0.218	0.636
0.919	0.159	0.664	0.521	0.771	0.243	0.649
0.914	0.148	0.669	0.476	0.773	0.226	0.648
0.914	0.151	0.668	0.486	0.772	0.231	0.648
0.913	0.134	0.659	0.459	0.766	0.208	0.638
0.913	0.144	0.661	0.475	0.767	0.22	0.642
0.918	0.138	0.666	0.473	0.772	0.213	0.647
0.912	0.157	0.669	0.489	0.772	0.237	0.649
0.92	0.139	0.663	0.486	0.77	0.216	0.645
0.918	0.145	0.667	0.486	0.773	0.224	0.649
0.922	0.166	0.668	0.54	0.775	0.254	0.654
0.908	0.144	0.67	0.448	0.771	0.217	0.646
0.918	0.149	0.669	0.492	0.774	0.228	0.651
0.912	0.141	0.664	0.46	0.768	0.215	0.642
0.909	0.151	0.655	0.481	0.762	0.229	0.636
0.917	0.14	0.664	0.478	0.77	0.217	0.645
0.91	0.14	0.664	0.455	0.768	0.214	0.641
0.915	0.16	0.662	0.513	0.768	0.244	0.645
0.918	0.158	0.672	0.507	0.776	0.241	0.654
0.914	0.16	0.664	0.505	0.769	0.243	0.646
0.914	0.159	0.666	0.5	0.77	0.241	0.647
0.923	0.137	0.663	0.493	0.772	0.215	0.646