0.938	0	3.055	0	0	0	0	0.333	0	0	0.25	0.5	0.2	0	0
0	0	0	8.606	0.962	0	0	0	0.5	0	0.6	1	0.75	0	0
0	0	0	35.935	0	0	0	0	0.247	0	0	0.25	0.4	0	0
7.332	0	0	1.74	0	0.571	0	0	1	0	0.6	0	0.333	0	0
0	0	0	0	7.3	0	0	0	0	0.524	1	1	0.8	0	0
24.166	1.858	0.855	10.597	5.702	0.543	1	0	0.618	0.733	0.2	0	0.625	0.2	0
23.539	6.294	7.468	18.126	5	0.53	0.905	0.5	0.662	0.8	0.4	0.8	0.5	0.667	0.444
0	0.954	3.415	0	0	0	0	1	0	0	1	0	0.2	0.8	1
1.858	14.633	0	0.855	24.166	1	0.581	0	0	0.543	0	0	0.6	0.625	0.2
10	18.126	5	40.807	49.441	0.956	0.662	0.8	0.319	0.254	0.2	0.667	0.444	0.444	0
50.897	8.797	0	0.973	0	0.266	0.75	0	0	0	0.5	0.5	0.667	0.4	1
0	14.906	0	32.35	0	0	0.615	0	0.329	0	0	0.444	1	0.222	0.25
0	15.024	0	3.055	0.938	0	0.283	0	0.333	0	0.5	0	1	0.2	0.25
0.855	0	1.858	24.166	10.597	0	0	1	0.543	0.618	0.625	0.6	0	0.2	0.2
3.415	0	0.954	0	0	1	0	0	0	0	0.2	0	0	1	0.8
5	23.539	18.126	10	40.807	0.8	0.53	0.662	0.956	0.319	0.444	0.4	0.667	0.2	0.444
10.13	5.702	8.542	19.11	23.207	0.673	0.733	0.722	0.521	0.569	0	0	0	0	0
7.468	12.315	6.294	23.539	18.126	0.5	0.641	0.905	0.53	0.662	0.5	0	0.8	0.4	0.667
8.542	10.597	5.702	10.13	19.11	0.722	0.618	0.733	0.673	0.521	0	0.2	0	0	0
0	3.415	0	0	0	0	1	0	0	0	0.8	0.2	1	1	0
6.294	19.412	12.315	7.468	23.539	0.905	0.579	0.641	0.5	0.53	0.8	0.6	0	0.5	0.4
49.441	10	40.807	1.073	44.307	0.254	0.956	0.319	0	0.315	0	0.2	0.444	0	0
0	1.904	1.915	15.024	0	0	0	0	0.283	0	1	0.889	0.2	0	1
0	0	14.906	0	32.35	0	0	0.615	0	0.329	1	0	0.444	0	0.222
0	7.428	8.797	50.897	0.973	0	0.536	0.75	0.266	0	0.667	0.5	0.5	0.5	0.4
0	0	14.633	1.858	0.855	0	0	0.581	1	0	0.6	1	0	0	0.625
40.807	5	10	49.441	1.073	0.319	0.8	0.956	0.254	0	0.444	0.444	0.2	0	0
0	50.897	0.973	0	0	0	0.266	0	0	0	1	0.5	0.4	0	0.333
0.954	0	0	3.415	0	0	0	0	1	0	0	0	0	0.2	1
5.702	24.166	10.597	8.542	10.13	0.733	0.543	0.618	0.722	0.673	0	0.2	0.2	0	0
10.597	0.855	24.166	5.702	8.542	0.618	0	0.543	0.733	0.722	0.2	0.625	0.2	0	0
0	0	0	0.883	0	0	0	0	0	0	1	0.75	0	0	0.2
14.906	0	0	0	0	0.615	0	0	0	0	0.444	0.2	0	1	0
0	0	0	0	0	0	0	0	0	0	1	0.2	0	0.75	0.6
18.126	7.468	23.539	5	10	0.662	0.5	0.53	0.8	0.956	0.667	0.5	0.4	0.444	0.2
0	0	1.669	17.912	0.769	0	0	0	0.412	0	0	0.333	0	0.667	0.286
21.026	4.294	14.259	23.897	9.834	0.324	0.9	0.561	0.305	0.722	0.5	0.4	0.6	0.4	0.4
3.752	7.592	6.602	11.495	9.426	0.333	0.583	0.733	0.756	0.714	0	0	0	0	0.5
6.575	9.834	10.92	0.722	8.537	0.81	0.722	0.621	0	0.75	0	0.4	0.8	0.4	0.8
9.426	3.752	11.495	4.294	14.259	0.714	0.333	0.756	0.9	0.561	0.5	0	0	0.4	0.6
7.592	0.726	0	6.602	3.752	0.583	0	0	0.733	0.333	0	0	0	0	0
14.259	9.426	4.294	21.026	23.897	0.561	0.714	0.9	0.324	0.305	0.6	0.5	0.4	0.5	0.4
10.92	23.897	9.834	6.575	0.722	0.621	0.305	0.722	0.81	0	0.8	0.4	0.4	0	0.4
1.483	1.132	0	25.418	0	0	0	0	0.322	0	0	0	0	0.25	0.4
0.769	0	17.912	0	2.609	0	0	0.412	0	1	0.286	0	0.667	0.714	0.4
1.132	0	0	0	1.483	0	0	0	0	0	0	0	0.5	0	0
8.537	6.575	0.722	0.73	4.297	0.75	0.81	0	0	0.5	0.8	0	0.4	0.143	0
23.897	14.259	21.026	9.834	10.92	0.305	0.561	0.324	0.722	0.621	0.4	0.6	0.5	0.4	0.8
27.179	6.455	0.717	23.89	1.542	0.243	0.571	0	0.289	1	0.6	0	0.5	0.857	0
25.418	0	1.483	0	0.859	0.322	0	0	0	0	0.25	0	0	0.4	0
6.602	0	7.592	3.752	11.495	0.733	0	0.583	0.333	0.756	0	0	0	0	0
17.912	1.669	0	0.769	0	0.412	0	0	0	0	0.667	0	0	0.286	0.714
11.495	6.602	3.752	9.426	4.294	0.756	0.733	0.333	0.714	0.9	0	0	0	0.5	0.4
0	0	0	0	2.024	0	0	0	0	1	0.667	0.8	0.375	0	0
0.958	0	0	5.274	0	0	0	0	0.9	0	0	0.2	0.778	0	0.8
0	4.93	2.965	0	20.148	0	1	1	0	0.537	0	0	0	0	0
0	0	0	10.728	0	0	0	0	0.436	0	0	0.333	1	0	0
0	0	0	0	0	0	0	0	0	0	0	0.2	0.714	0.571	0.8
2.965	12.573	4.93	0	0	1	0.744	1	0	0	0	0	0	0	0
0	0	0	6.885	11.843	0	0	0	0.381	0.424	0.8	0.2	0	0.5	0.111
0	0	13.426	0	0	0	0	0.648	0	0	0.6	0.2	0	0.2	0.714
23.521	9.717	6.789	1.864	49.155	0.348	0.689	0.524	1	0.178	0.4	0	0.2	0	0.222
0	5.274	0	0	0	0	0.9	0	0	0	0.375	0	0.8	0.667	0
0	0	0	0	0	0	0	0	0	0	0.571	0.714	0	0.8	0
0	10.248	0	0.958	5.274	0	0.378	0	0	0.9	0.778	0.714	0.2	0	0
0	0	0	0	0	0	0	0	0	0	0.714	0.6	0.2	0	0.571
5.899	0	0	0	0.891	0.733	0	0	0	0	1	0.2	0	0	0
0	0	0	0	6.885	0	0	0	0	0.381	0	0	0.2	0.8	0.5
0	19.436	0	15.011	5.771	0	0.602	0	0.695	0.733	0.6	0	0.625	0	0
1.864	6.789	23.521	49.155	24.988	1	0.524	0.348	0.178	0.283	0	0.2	0.4	0.222	0
0	0	0	0	0	0	0	0	0	0	0.333	0	0.333	1	0
0	5.771	0	8.565	14.835	0	0.733	0	0.889	0.762	0.6	0	0.4	0	0
0	0	0	0	0	0	0	0	0	0	0.8	0	0.571	0	0.2
0	13.426	0	0	0	0	0.648	0	0	0	0.2	0	0.6	0.714	0
5.792	49.155	24.988	0	0	0.933	0.178	0.283	0	0	0	0.222	0	0.8	0.2
0	0	0.891	0	0	0	0	0	0	0	0	0	0	0	0
5.274	0	0.958	0	0	0.9	0	0	0	0	0	0.778	0	0.8	0.375
0	24.988	5.792	0	13.426	0	0.283	0.933	0	0.648	0.8	0	0	0.2	0
6.885	0	0	11.843	0	0.381	0	0	0.424	0	0.5	0	0.8	0.111	0.4
49.155	23.521	1.864	24.988	5.792	0.178	0.348	1	0.283	0.933	0.222	0.4	0	0	0
0	6.796	0	4.841	0	0	0.619	0	0.7	0	1	0.222	0	0.667	0
0	0	0	0	10.728	0	0	0	0	0.436	1	0.333	0.333	0	0
0	0	5.899	0.891	0	0	0	0.733	0	0	0	0	1	0	0
0	0	0	-1	-1	0	0	0	-1	-1	0	0	0	-1	-1
0	0	0	0	0	0	0	0	0	0	0.4	0.857	0.6	0.4	0.8
0	0	0	0	0	0	0	0	0	0	0.4	0.6	0.4	1	0.667
0	0	2.861	0	0	0	0	1	0	0	0.667	0.667	0	0.25	0.6
0	0	0	0	0	0	0	0	0	0	0.4	0.2	0.375	0.6	0.857
0	0	0	0	0	0	0	0	0	0	0.4	0.4	0.6	0.4	1
0	0	0	3.871	0	0	0	0	0.333	0	0.4	0.2	0.5	0	0.5
0	0	0	0	0	0	0	0	0	0	0.75	0.6	0	1	0.5
0	3.871	0	0	1.919	0	0.333	0	0	0	1	0	0.5	0	0
0	0	0	0	0	0	0	0	0	0	0.25	0	0.5	0.2	0.375
0	0	0	0	0	0	0	0	0	0	0.5	0.75	1	0.286	0.8
0	0	3.835	0	0.981	0	0	0.333	0	0	0.2	0	0	0	0
0	0	0	0	0	0	0	0	0	0	0	0.667	0.6	0.4	0.6
0	0	0	0	0	0	0	0	0	0	0.857	0.4	0.6	0.6	0.4
2.845	0	0	0	0	0.333	0	0	0	0	0.125	0	0.333	0.2	0.5
0	0	0	0	0	0	0	0	0	0	0.5	0.6	0	0.25	0.2
0	0	0	0	0	0	0	0	0	0	0.6	0.6	0.857	0.4	0.4
0	11.453	0	0	0	0	0.6	0	0	0	0	0	0.6	0.75	1
0	0	0	0	0	0	0	0	0	0	0.375	0.25	0.2	0.4	0.6
0	0	2.845	0	0	0	0	0.333	0	0	0.2	0.333	0.125	0.5	0.4
0	0	0	0	2.845	0	0	0	0	0.333	0	0.143	0	0.333	0.125
0	0	0	0	0	0	0	0	0	0	0.6	0	0.4	0.4	0.4
0	0	0	0	0	0	0	0	0	0	0.6	0.4	0.8	0	0.6
0	0	0	0	0	0	0	0	0	0	0.2	0.6	0.429	0	0
0	0	0	0	0	0	0	0	0	0	0.8	0.4	0.4	0.6	0
0	1.831	11.453	0	0	0	1	0.6	0	0	0.6	0	0	0	0.75
0	0	0	0	2.861	0	0	0	0	1	1	0.4	0.4	0.667	0
0	2.845	0	0	3.871	0	0.333	0	0	0.333	0.5	0.125	0.2	0.4	0
0	0	0	2.845	0	0	0	0	0.333	0	0.333	0	0	0.125	0.2
0	0	0	0	0	0	0	0	0	0	1	0	0.75	0.5	0.286
18.368	4.247	7.166	23.873	0	0.556	0.833	1	0.439	0	0	0.778	0	0	0
18.299	2.625	0	3.643	10.681	0.316	0.333	0	0.333	0.436	0.2	0.6	0.2	0.333	0.25
0	-1	-1	0	0	0	-1	-1	0	0	0	-1	-1	0	0
0	0	3.938	0.962	0	0	0	0.833	0	0	0	0	0	0.2	0.333
7.591	0	7.739	6.06	0	0.929	0	0.821	1	0	0	0	0	0	0
1.99	0	13.682	14.99	4.247	1	0	0.681	0.743	0.833	0	0	0	0.2	0.778
0	25.439	20.025	22.236	0	0	0.44	0.568	0.524	0	1	0	0.2	0	0.667
0.858	0	0.891	0.863	0.893	0	0	0	0	0	0	0	0	0	0.4
0.962	3.938	0	0	0	0	0.833	0	0	0	0.2	0	0	0.333	0
0	0.902	0	0.925	1.896	0	0	0	0	1	0	0.75	0	0	0
14.99	13.682	1.99	4.247	7.166	0.743	0.681	1	0.833	1	0.2	0	0	0.778	0
0	0	0	22.726	0.889	0	0	0	0.383	0	0	0	0	0.2	0
0	0	0	3.008	25.439	0	0	0	1	0.44	0.375	0	0.8	0.444	0
7.246	1.803	0	9.435	0	0.464	1	0	0.489	0	0.111	0.667	1	0	0.25
0	0	0.962	0	13.682	0	0	0	0	0.681	0.333	0	0.2	0	0
4.247	1.99	14.99	7.166	18.368	0.833	1	0.743	1	0.556	0.778	0	0.2	0	0
10.134	0	0	0	0	0.911	0	0	0	0	0	0	0	0	0
0	0	0	0	0	0	0	0	0	0	0	0	0	0	0
9.435	0	7.246	0	0	0.489	0	0.464	0	0	0	1	0.111	0.25	0
3.938	0	0	0	0.962	0.833	0	0	0	0	0	0.2	0	0	0.2
0	21.576	0	0	3.008	0	0.545	0	0	1	0.8	0.2	0	0.375	0.444
0	0	0	1.721	0	0	0	0	0	0	0	0.25	0	0	0
0	-1	0	0	2.625	0	-1	0	0	0.333	0	-1	0	0	0.6
1.721	0	0	0	0.891	0	0	0	0	0	0	0	0	0	0
0.925	0	0	1.896	0	0	0	0	1	0	0	0	0	0	0.2
25.439	0	3.008	20.025	0	0.44	0	1	0.568	0	0	0.375	0.444	0.2	1
7.166	14.99	4.247	18.368	23.873	1	0.743	0.833	0.556	0.439	0	0.2	0.778	0	0
1.803	10.681	0	0	7.246	1	0.436	0	0	0.464	0.667	0.25	1	1	0.111
0	23.873	0	10.134	0	0	0.439	0	0.911	0	0	0	0	0	0
0	12.507	0	0	0	0	0.641	0	0	0	0	0	0	0	0
13.682	0	0	1.99	14.99	0.681	0	0	1	0.743	0	0.333	0	0	0.2
10.649	0	51.982	16.969	11.011	0.618	0	0.254	0.633	0.709	0	0	0.2	1	0
0	0.962	0	13.682	1.99	0	0	0	0.681	1	0	0.2	0.333	0	0
0	3.643	10.681	1.803	0	0	0.333	0.436	1	0	1	0.333	0.25	0.667	1
0.995	0	0	0	6.132	0	0	0	0	0.2	0	0	0	0	0
5.562	0	0	0	4.922	0.533	0	0	0	0.5	0.556	0	0	0.375	0
0	0	0	3.682	3.774	0	0	0	0.5	0.667	0.75	0.25	0.4	0.556	0.75
0	0	0	0	0	0	0	0	0	0	0.8	0	0	0.4	0
0	0	0	0	0	0	0	0	0	0	0.429	0.4	0.2	0.4	0
3.682	0	0	3.774	0	0.5	0	0	0.667	0	0.556	0.4	0.75	0.75	0
6.132	0.995	0	0	0.904	0.2	0	0	0	0	0	0	0	0.429	0.8
7.756	3.779	11.019	2.101	0	0.214	0.167	0.127	0	0	0.2	0.25	0.6	0.8	0.4
0	-1	0	0	0	0	-1	0	0	0	0	-1	0	0	0
0	0	5.562	4.922	0	0	0	0.533	0.5	0	0.375	0	0.556	0	0
3.774	0	3.682	0	0	0.667	0	0.5	0	0	0.75	0.75	0.556	0	0
0	0	0	0	0.995	0	0	0	0	0	0	0	0	0	0
2.053	0	0	0	0	1	0	0	0	0	0	0.2	0	0.4	0
11.019	0	3.779	7.756	2.101	0.127	0	0.167	0.214	0	0.6	0	0.25	0.2	0.8
0	-1	-1	0	0	0	-1	-1	0	0	0	-1	-1	0	0
0	0	0.904	0	1.835	0	0	0	0	0	1	0.429	0.8	0.5	0.4
4.922	5.562	0	0	0	0.5	0.533	0	0	0	0	0.556	0.375	0	0.25
0	0	2.053	0	0	0	0	1	0	0	0.4	0	0	0	0.5
0	0	0	1.065	0	0	0	0	0	0	0.2	0.4	0	0	0
0	0	0.995	6.132	0	0	0	0	0.2	0	0	0	0	0	0.429
1.065	0	0	0	0	0	0	0	0	0	0	0	0.2	0	0.25
0	0	0	5.562	0	0	0	0	0.533	0	0	0.4	0	0.556	0.375
3.779	0	0	11.019	7.756	0.167	0	0	0.127	0.214	0.25	0	0	0.6	0.2
0	4.047	0	2.053	0	0	0.333	0	1	0	0	0.2	0.2	0	0.4
0	0	4.922	0	0	0	0	0.5	0	0	0	0.375	0	0.25	0.4
0	3.774	0	0	0	0	0.667	0	0	0	0	0.75	0	0.8	0.4
0	4.922	0	0	0	0	0.5	0	0	0	0.25	0	0	0.4	0.75
2.101	11.019	7.756	0	0	0	0.127	0.214	0	0	0.8	0.6	0.2	0.4	0.2
0	0	0	6.552	0	0	0	0	0.524	0	0.125	0	0.4	0.125	0
0	5.564	0	0	6.552	0	0.533	0	0	0.524	0.4	0.25	0	0.125	0.125
14.437	11.133	14.91	16.11	18.48	0.451	0.622	0.495	0.4	0.353	0	0	0	0	0
3.745	0	3.882	0	0	0.5	0	0.5	0	0	0.2	0	0	0.333	0
0.86	0	0.915	5.564	0	0	0	0	0.533	0	0	0.6	0	0.25	0
5.656	9.662	8.668	8.852	7.545	0.8	0.622	0.75	0.778	0.714	0	0	0	0	0
0	0	0	-1	-1	0	0	0	-1	-1	0	0	0	-1	-1
0	0	9.443	0	0	0	0	0.333	0	0	0	0	0.333	0	0
19.234	7.545	22.915	2.909	0	0.211	0.714	0.188	0.667	0	0	0	0	0	0
8.668	9.58	9.662	5.656	8.852	0.75	0.622	0.622	0.8	0.778	0	0	0	0	0
7.73	0	8.506	8.026	9.798	0.714	0	0.786	0.81	0.694	0	0	0	0	0
0	0	2.624	0	0	0	0	0	0	0	0.25	0	0	0.2	0
0	5.333	0.874	0	0.866	0	0.2	0	0	0	0.571	0.5	0.2	0.2	0.556
2.624	0	0	0	0	0	0	0	0	0	0	0	0	0.25	0.2
0	0	0	0	0	0	0	0	0	0	0	0	0	0	0
8.852	8.668	5.656	7.545	22.915	0.778	0.75	0.8	0.714	0.188	0	0	0	0	0
9.443	0	0	0	0	0.333	0	0	0	0	0.333	0.333	0	0	0
0	3.748	0.892	0	2.624	0	0.667	0	0	0	0	0.333	0.222	0	0
14.91	12.303	11.133	14.437	16.11	0.495	0.618	0.622	0.451	0.4	0	0	0	0	0
12.303	12.164	13.226	11.133	14.91	0.618	0.582	0.545	0.622	0.495	0	0	0	0	0
12.381	9.798	13.632	12.164	13.226	0.582	0.694	0.576	0.582	0.545	0	0	0.2	0	0
0	0	0	5.333	0.874	0	0	0	0.2	0	0	0.25	0.2	0.5	0.2
10.882	16.11	18.48	9.58	9.662	0.545	0.4	0.353	0.622	0.622	0	0	0	0	0
8.506	0	0	7.73	8.026	0.786	0	0	0.714	0.81	0	0	0	0	0
0	0.892	0	2.624	0	0	0	0	0	0	0	0.222	0	0	0.25
6.552	0	0	0	0	0.524	0	0	0	0	0.125	0.4	0.125	0	0.2
9.58	18.48	10.882	9.662	8.668	0.622	0.353	0.545	0.622	0.75	0	0	0	0	0
7.545	5.656	8.852	22.915	19.234	0.714	0.8	0.778	0.188	0.211	0	0	0	0	0
3.882	2.909	0	3.745	0	0.5	0.667	0	0.5	0	0	0	0	0.2	0.333
0	0	0	8.506	7.73	0	0	0	0.786	0.714	0	0	0	0	0
9.798	7.73	8.026	13.632	12.381	0.694	0.714	0.81	0.576	0.582	0	0	0	0.2	0
0	3.882	3.745	0	9.443	0	0.5	0.5	0	0.333	0.333	0	0.2	0	0.333
0	0	0	0	0	0	0	0	0	0	0	0	0	0	0
11.133	13.226	12.303	14.91	14.437	0.622	0.545	0.618	0.495	0.451	0	0	0	0	0
18.48	14.437	16.11	10.882	9.58	0.353	0.451	0.4	0.545	0.622	0	0	0	0	0
0	0	6.552	0	0	0	0	0.524	0	0	0	0.125	0.125	0.2	0.4
8.026	8.506	7.73	9.798	13.632	0.81	0.786	0.714	0.694	0.576	0	0	0	0	0.2
9.662	10.882	9.58	8.668	5.656	0.622	0.545	0.622	0.75	0.8	0	0	0	0	0
0	0	0	0	8.506	0	0	0	0	0.786	0	0	0	0	0
2.909	22.915	19.234	0	3.882	0.667	0.188	0.211	0	0.5	0	0	0	0	0
0	0.86	5.564	0	0	0	0	0.533	0	0	0	0	0.25	0.4	0.125
16.11	14.91	14.437	18.48	10.882	0.4	0.495	0.451	0.353	0.545	0	0	0	0	0
22.915	8.852	7.545	19.234	2.909	0.188	0.778	0.714	0.211	0.667	0	0	0	0	0
5.828	6.249	0.874	3.155	7.944	0.867	0.8	0	1	0.714	0	0.2	0.2	0.6	0
0	0	0	0	0	0	0	0	0	0	0	0	0	0	0
33.935	0	0.99	7.076	0	0.429	0	0	0.857	0	0.4	0	0.333	0.4	1
0	0	0	66.141	3.497	0	0	0	0.16	1	0.75	1	0.667	0.2	0.625
0	0	0	0	0	0	0	0	0	0	0.667	0	0	0	0
0	29.282	0.85	0	0	0	0.345	0	0	0	1	0	0	0	0.8
0	0	0	17.105	0	0	0	0	0.743	0	1	0.625	0.667	0	0.875
5.263	0	0	0	0	0.9	0	0	0	0	0	1	0.75	0.75	0.667
0	0	0	0	0	0	0	0	0	0	0.75	0.4	1	0.8	0
7.076	0.99	33.935	0	0	0.857	0	0.429	0	0	0.4	0.333	0.4	1	0.5
0	0	17.105	9.046	19.58	0	0	0.743	0.833	0.661	0.875	1	0	0.2	0.778
3.497	0	66.141	0	1.034	1	0	0.16	0	0	0.625	0.75	0.2	0.333	0
0	9.046	19.58	0	5.263	0	0.833	0.661	0	0.9	1	0.2	0.778	0.75	0
0	19.137	0	0	17.105	0	0.649	0	0	0.743	0.667	0	0.625	1	0
0	0	0	25.933	26.639	0	0	0	0.456	0.567	0	0	0	0	0
10.513	2.808	2.828	2.317	4.89	0.4	1	0.667	1	0.7	0	0	0	0	0
0	0	0	0	0	0	0	0	0	0	0	0	0.667	0	0
0	0	0	0	0	0	0	0	0	0	0	0	0	0.667	0
19.58	0	9.046	0	0	0.661	0	0.833	0	0	0.778	0.875	0.2	1	0.75
66.141	0	0	3.497	0	0.16	0	0	1	0	0.2	0.667	0.75	0.625	0.333
0	0	5.263	0	0	0	0	0.9	0	0	0.75	0.75	0	0.667	0.8
0.873	0	0	0	0	0	0	0	0	0	0	0	0	0	1
6.216	29.837	3.515	0	0	0.667	0.395	1	0	0	0	0	0	0	0
0	3.515	6.216	0	0	0	1	0.667	0	0	0	0	0	0	0
9.046	17.105	0	19.58	0	0.833	0.743	0	0.661	0	0.2	0	0.875	0.778	1
0	0	0	2.083	1.039	0	0	0	0	0	1	0.2	0.25	0	0
0	0	0	0	0	0	0	0	0	0	0.8	0.75	0.667	0.25	0.25
0	6.216	0	0	0	0	0.667	0	0	0	0	0	0	0	0
0.99	0	0	33.935	7.076	0	0	0	0.429	0.857	0.333	0.8	0	0.4	0.4
2.083	0	0	1.039	0	0	0	0	0	0	0	0.25	1	0	0.6
13.331	7.262	7.928	8.868	13.216	0.424	0.571	0.571	0.571	0.439	0	0.222	0	0	0
0	6.995	4.903	3.98	6.086	0	0.429	0.2	0.333	0.467	0.111	0	0.2	0	0
8.143	8.135	0	0	0	0.464	0.5	0	0	0	0.75	0.778	0.667	0.4	0.333
0	0	12.698	0	0	0	0	0.321	0	0	0.2	0.667	0.857	0.25	0.4
7.928	7.295	7.262	13.331	8.868	0.571	0.714	0.571	0.424	0.571	0	0	0.222	0	0
0	0	8.143	0	0	0	0	0.464	0	0	0.4	0.667	0.75	0.333	0.667
0	12.698	0	0	2.827	0	0.321	0	0	0.333	0.25	0.857	0.2	0.4	0
0	5.495	8.135	8.143	0	0	0.4	0.5	0.464	0	0.667	0.2	0.778	0.75	0.4
0	8.143	0	0	12.698	0	0.464	0	0	0.321	0.333	0.75	0.4	0.667	0.857
0	0	0	2.827	1.059	0	0	0	0.333	0	0.4	0.2	0.25	0	0.5
0	0	0	12.698	0	0	0	0	0.321	0	0.667	0.4	0.333	0.857	0.2
4.341	0.893	0	5.495	8.135	0.8	0	0	0.4	0.5	0	0	0.375	0.2	0.778
1.059	0	2.827	1.008	1.938	0	0	0.333	0	0	0.5	0.4	0	0.6	0
1.008	2.827	1.059	1.938	6.995	0	0.333	0	0	0.429	0.6	0	0.5	0	0
4.719	11.103	12.93	1.746	3.893	0.7	0.227	0.269	1	0.667	0	0	0	0.2	0
12.698	0	0	0	0	0.321	0	0	0	0	0.857	0.333	0.667	0.2	0.25
1.746	12.93	4.719	3.893	5.805	1	0.269	0.7	0.667	0.467	0.2	0	0	0	0
8.868	7.928	13.331	13.216	7.634	0.571	0.571	0.424	0.439	0.619	0	0	0	0	0
8.135	4.341	5.495	0	8.143	0.5	0.8	0.4	0	0.464	0.778	0	0.2	0.667	0.75
4.553	4.567	9.929	0	0	0.7	0.4	0.467	0	0	0	0	0.2	0	0
0	5.805	0.893	4.341	5.495	0	0.467	0	0.8	0.4	0.375	0	0	0	0.2
7.262	3.749	7.295	7.928	13.331	0.571	0.667	0.714	0.571	0.424	0.222	0	0	0	0
12.93	1.157	11.103	4.719	1.746	0.269	0	0.227	0.7	1	0	0.4	0	0	0.2
0	0	0	0.857	0	0	0	0	0	0	0.4	0	0	0	0.571
1.896	0	0	0	0.968	0	0	0	0	0	0	0	0	0	0
13.075	11.336	0	0	0	0.436	0.509	0	0	0	0	0	0.2	0.2	0.4
1.715	0	0	0.915	7.391	1	0	0	0	0.929	0.25	0.6	0.75	0.286	0.2
10.861	14.434	21.913	4.95	3.017	0.867	0.615	0.377	0.6	0.667	0	0	0	0.4	0.2
6.661	0	7.005	0	21.429	0.933	0	0.667	0	0.471	0.222	1	0.2	0	0
0	3.848	0	7.771	0	0	0.5	0	0.821	0	0	0.4	0.4	0.571	1
0.899	11.726	5.565	4.542	29.07	0	0.515	0.8	0.7	0.355	0.5	0	0.2	0	0
0	0	1.896	0.968	0	0	0	0	0	0	0	0	0	0	0
1.708	1.696	0	0	4.875	1	1	0	0	0.6	0.333	0	0	1	0.5
0.873	0	0	0	2.398	0	0	0	0	1	0	0	0	0	0
3.017	10.861	4.95	1.797	2.973	0.667	0.867	0.6	1	0.667	0.2	0	0.4	0	0.2
0	0	7.771	0	0	0	0	0.821	0	0	1	0	0.571	0.6	0.75
5.565	0	11.726	0.899	4.542	0.8	0	0.515	0	0.7	0.2	1	0	0.5	0
0.895	0	0	9.309	1.741	0	0	0	0.361	0	0	0.5	0	0.4	0.2
7.771	0	0	0	0	0.821	0	0	0	0	0.571	0.4	0	1	0.6
0.915	0	1.715	7.391	13.907	0	0	1	0.929	0.552	0.286	0.75	0.25	0.2	0.571
0	0	0.968	0	0	0	0	0	0	0	0	0	0	0	0
0	0	2.699	0	1.896	0	0	0.333	0	0	0	0.4	0	0	0
3.848	0	4.139	0	0	0.5	0	0.833	0	0	0.4	0	0	0.4	0
0	26.088	3.667	11.726	5.565	0	0.394	0.667	0.515	0.8	1	0	0	0	0.2
21.913	50.353	14.434	10.861	4.95	0.377	0.158	0.615	0.867	0.6	0	0	0	0	0.4
0	7.771	0	0	1.715	0	0.821	0	0	1	0.6	0.571	1	0.75	0.25
0	4.875	0	0.895	9.309	0	0.6	0	0	0.361	0	0.5	0.5	0	0.4
11.909	15.867	10.483	11.104	3.013	0.682	0.657	0.727	0.756	1	0	0	0.4	0	0
4.95	21.913	10.861	3.017	1.797	0.6	0.377	0.867	0.667	1	0.4	0	0	0.2	0
2.973	3.017	1.797	15.867	10.483	0.667	0.667	1	0.657	0.727	0.2	0.2	0	0	0.4
0.968	1.896	0	0	0	0	0	0	0	0	0	0	0	0	0
2.398	0.873	0	0	1.04	1	0	0	0	0	0	0	0	0	0
0	13.075	0	2.699	0	0	0.436	0	0.333	0	0.4	0	0.2	0	0
0	19.407	0	0	0	0	0.556	0	0	0	0	0.8	0.2	0.2	0.667
1.741	0.895	9.309	1.932	2.786	0	0	0.361	1	0.333	0.2	0	0.4	0	0
0	11.104	3.013	7.005	6.661	0	0.756	1	0.667	0.933	1	0	0	0.2	0.222
9.309	0	0.895	1.741	1.932	0.361	0	0	0	1	0.4	0	0	0.2	0
0	4.139	3.848	0	7.771	0	0.833	0.5	0	0.821	0.4	0	0.4	0	0.571
10.483	2.973	15.867	11.909	11.104	0.727	0.667	0.657	0.682	0.756	0.4	0.2	0	0	0
11.104	10.483	11.909	3.013	0	0.756	0.727	0.682	1	0	0	0.4	0	0	1
0	0	0	1.715	0.915	0	0	0	1	0	0.75	1	0.6	0.25	0.286
1.932	9.309	1.741	2.786	6.661	1	0.361	0	0.333	0.333	0	0.4	0.2	0	0
3.013	11.909	11.104	0	7.005	1	0.682	0.756	0	0.667	0	0	0	1	0.2
1.797	4.95	3.017	2.973	15.867	1	0.6	0.667	0.667	0.657	0	0.4	0.2	0.2	0
7.391	1.715	0.915	13.907	0	0.929	1	0	0.552	0	0.2	0.25	0.286	0.571	0
0	0	0	0	0	0	0	0	0	0	0	0	0	0.4	0.2
5.168	4.386	8.411	3.48	4.361	0.267	0.4	0.528	0.333	0.5	0	0.5	0	0	0
4.273	7.652	9.272	7.316	4.386	0.3	0.464	0.444	0.464	0.4	0	0	0	0.2	0.5
0.827	0	0	1.692	0	0	0	0	1	0	0	0	0.333	0.333	0
0	0.842	6.461	4.577	0	0	0	0.238	0.3	0	0.4	0	0	0	0
0	0	0	0.827	1.692	0	0	0	0	1	0.333	0	0	0	0.333
3.923	0	5.504	5.854	7.425	0.5	0	0.667	0.667	0.571	0	0	0	0	0.2
7.107	3.149	2.044	0	0	0.143	0.667	0	0	0	0	0.333	0	0	0
9.951	12.233	11.128	8.706	0	0.778	0.764	0.8	0.806	0	0	0	0	0	0
1.89	0	0	0	0.842	0	0	0	0	0	0	0	0.2	0.4	0
0	2.044	7.107	0	0	0	0	0.143	0	0	0	0	0	0	0.333
13.837	12.206	14.312	12.233	11.128	0.697	0.745	0.727	0.764	0.8	0	0	0	0	0
0	0	0	0	0	0	0	0	0	0	0	0	0	0	0
9.272	10.732	7.652	4.273	7.316	0.444	0.345	0.464	0.3	0.464	0	0	0	0	0.2
0	5.242	0	0	0	0	0.2	0	0	0	0	0	0	0	0.4
1.713	0	0	4.076	5.635	1	0	0	0.333	0.267	0	0	0.4	0	0.111
7.652	8.895	10.732	9.272	4.273	0.464	0.417	0.345	0.444	0.3	0	0	0	0	0
0	8.706	0	0	0	0	0.806	0	0	0	0	0	0	0	0
10.732	6.182	8.895	7.652	9.272	0.345	0.533	0.417	0.464	0.444	0	0	0	0	0
0	0	0	0	2.941	0	0	0	0	0.333	0.4	0.4	0.2	0	0.4
0	0	1.89	0.842	6.461	0	0	0	0	0.238	0.4	0.2	0	0	0
0	0	0	0	0	0	0	0	0	0	0	0	0	0	0
8.895	7.425	6.182	10.732	7.652	0.417	0.571	0.533	0.345	0.464	0	0.2	0	0	0
4.386	4.273	7.316	8.411	5.168	0.4	0.3	0.464	0.528	0.267	0.5	0	0.2	0	0
0	0.87	5.242	0	0	0	0	0.2	0	0	0	0.25	0	0	0
12.233	14.312	13.837	11.128	9.951	0.764	0.727	0.697	0.8	0.778	0	0	0	0	0
0	0	0	0	0	0	0	0	0	0	0.4	0	0	0.2	0.4
0	9.951	8.706	0	0	0	0.778	0.806	0	0	0	0	0	0	0
0	0	0	0	0	0	0	0	0	0	0	0	0	0	0
0	-1	0	0	0	0	-1	0	0	0	0	-1	0	0	0
0	0	0	0	5.504	0	0	0	0	0.667	0	0	0	0	0
0	7.107	0	0	0.827	0	0.143	0	0	0	0	0	0	0.333	0
0	4.577	0	1.713	4.076	0	0.3	0	1	0.333	0.4	0	0	0	0
7.316	9.272	4.273	4.386	8.411	0.464	0.444	0.3	0.4	0.528	0.2	0	0	0.5	0
0	0	0	0	0	0	0	0	0	0	0	0	0	0	0
11.484	34.018	25.31	5.812	6.7	0.894	0.403	0.543	0.8	0.81	0	0	0	0	0
0	0.958	2.042	5.465	0	0	0	0	0.5	0	0.5	0	0.8	0	1
60.77	2.236	38.759	0	0.967	0.232	1	0.415	0	0	0.4	0	0	0	0.2
26.441	0	0.969	0	0	0.467	0	0	0	0	0.25	0	0	0	0
11.356	0	0.967	0	0.969	0.745	0	0	0	0	0.667	0	0.2	0	0
2.796	0	0	2.819	0	1	0	0	1	0	0.889	0.8	0.5	0.8	0.2
13.346	14.796	3.029	0	0	0.808	0.676	0.667	0	0	0.8	0.667	0.75	0	0
0	2.692	10.379	0.924	1.879	0	0	0.164	0	1	0	0	0	0.111	0
0	0	16.857	0	0.872	0	0	0.49	0	0	0	0	0	0	0
1.053	0	3.562	6.3	3.645	0	0	0.333	0.571	0.833	0.8	0	0	0	0.143
3.609	0	0	1.806	14.796	1	0	0	1	0.676	0.444	1	0.375	0.4	0.667
0	0	14.383	0	2.079	0	0	0.629	0	0	1	0.5	0.4	0	0
0	0	0	0	0	0	0	0	0	0	0.667	0.5	0.6	0	0.5
5.812	25.31	11.484	6.7	1.821	0.8	0.543	0.894	0.81	1	0	0	0	0	0
0.967	60.77	0	11.356	0	0	0.232	0	0.745	0	0.2	0.4	0	0.667	0
4.835	10.497	12.162	6.471	4.5	0.5	0.327	0.364	0.476	0.4	0	0	0.6	0	0.333
0	8.201	0	18.835	18.315	0	0.861	0	0.55	0.526	0.714	0.6	0.4	0.6	0.333
0.875	15.8	0	49.179	0	0	0.725	0	0.321	0	1	0	0.714	1	0.8
0	0.874	0	2.626	0	0	0	0	0.333	0	0	0	0	0.2	0
0	0	0	0.98	0	0	0	0	0	0	0.6	0.2	0.75	0.2	0.857
2.638	1.879	0.879	8.519	8.692	0.667	1	0	0.333	0.306	0	0	0	0	0.4
18.315	0	18.835	3.266	0	0.526	0	0.55	0	0	0.333	0.714	0.6	1	0.8
0	0	0	0	2.796	0	0	0	0	1	0.8	0.6	0.5	0.5	0.889
57.487	27.318	2.987	90.883	34.018	0.24	0.556	0.667	0.136	0.403	0	0.286	0	0.4	0
2.941	0	0	0.888	4.06	0.333	0	0	0	0.667	0	0	0.714	0	0
25.31	90.883	34.018	11.484	5.812	0.543	0.136	0.403	0.894	0.8	0	0.4	0	0	0
0	0	0	12.406	0	0	0	0	0.833	0	0.6	0	0.5	1	0.4
0	0	5.366	0	0	0	0	0.667	0	0	0	0	0	0.2	0
0	0	0	0	12.406	0	0	0	0	0.833	0.5	0.667	0	0.6	1
2.987	65.69	27.318	57.487	90.883	0.667	0.217	0.556	0.24	0.136	0	0.571	0.286	0	0.4
0.879	0.924	1.879	2.638	8.519	0	0	1	0.667	0.333	0	0.111	0	0	0
0	0	0	0	0	0	0	0	0	0	0	0	0	0	0.8
0	38.759	60.77	0.967	11.356	0	0.415	0.232	0	0.745	0	0	0.4	0.2	0.667
7.752	28.009	0.91	27.193	7.484	0.75	0.463	0	0.476	0.571	0	0	0.2	0.5	0.286
6.7	11.484	5.812	1.821	0	0.81	0.894	0.8	1	0	0	0	0	0	0
0	0.874	0	2.941	0.888	0	0	0	0.333	0	0.714	0	0	0	0
8.672	8.519	8.692	3.766	10.497	0.333	0.333	0.306	0.5	0.327	0	0	0.4	0	0
0	8.094	2.047	14.383	0	0	0.393	0	0.629	0	0.5	0	0.333	0.4	1
0	3.983	0	0	3.634	0	0.333	0	0	0.167	0	0	0.75	0	0.5
0.894	0	1.769	5.555	8.201	0	0	1	0.933	0.861	0	0	0	0.4	0.6
12.673	27.193	7.484	4.571	1.796	0.59	0.476	0.571	0.7	1	0.4	0.5	0.286	0	0.143
0	4.594	19.077	1.769	0.894	0	0.8	0.532	1	0	0	0.4	0.667	0	0
0	0	0	4.457	15.906	0	0	0	0.5	0.705	0	0	0	0	0
0	0	0	0	4.457	0	0	0	0	0.5	0	0	0	0	0
0	0	0	2.796	2.819	0	0	0	1	1	0.5	0.5	0.8	0.889	0.8
30.12	0	9.954	79.294	2.236	0.513	0	0.911	0.193	1	0.111	0	0.2	0	0
0	0	0	3.634	0	0	0	0	0.167	0	0	0.75	0	0.5	0.778
0	6.7	1.821	0	0	0	0.81	1	0	0	0	0	0	0.143	0
19.077	0.975	4.594	0	1.769	0.532	0	0.8	0	1	0.667	0	0.4	0	0
27.193	0.91	7.752	7.484	12.673	0.476	0	0.75	0.571	0.59	0.5	0.2	0	0.286	0.4
1.891	0	1.797	0	2.779	0	0	0	0	0	0	0	0	0	0
0	0	0	0	15.8	0	0	0	0	0.725	0	0	0	0	0
38.759	79.294	2.236	60.77	0	0.415	0.193	1	0.232	0	0	0	0	0.4	0
0	0.871	0.874	0	2.626	0	0	0	0	0.333	0	0	0	0	0.2
11.344	5.465	0	0	0	0.788	0.5	0	0	0	0.25	0	1	0.6	1
0.969	11.356	0	26.441	0	0	0.745	0	0.467	0	0	0.667	0	0.25	0
0	0	15.8	0.875	49.179	0	0	0.725	0	0.321	0.714	0	0	1	1
0	12.512	0	3.609	1.806	0	0.41	0	1	1	0.375	0.667	1	0.444	0.4
0.874	0	0.871	0	0	0	0	0	0	0	0	0	0	0	0
0	0	5.465	11.344	0	0	0	0.5	0.788	0	1	0.5	0	0.25	0.6
0	0.967	11.356	0.969	26.441	0	0	0.745	0	0.467	0	0.2	0.667	0	0.25
4.412	0	0	0	5.366	0.5	0	0	0	0.667	0.6	0.778	0	0	0
4.571	7.484	12.673	1.796	0.883	0.7	0.571	0.59	1	0	0	0.286	0.4	0.143	0
1.769	19.077	0	0.894	5.555	1	0.532	0	0	0.933	0	0.667	0	0	0.4
0	1.771	21.952	0	0	0	0	0.455	0	0	0	0	1	0	0
0	0	12.512	0	3.609	0	0	0.41	0	1	1	0	0.667	0.375	0.444
4.457	0	0	15.906	14.672	0.5	0	0	0.705	0.628	0	0	0	0	0
0	0	0	0	0	0	0	0	0	0	0	0	0	0	0
0	0	0	-1	-1	0	0	0	-1	-1	0	0	0	-1	-1
0	0	0	0	0	0	0	0	0	0	0	0	0	0	0
9.296	10.825	13.116	8.41	11.426	0.639	0.473	0.487	0.679	0.527	0	0	0	0	0
0	2.842	0	0	0	0	0.333	0	0	0	0	0	0	0	0
13.116	13.699	10.825	9.296	8.41	0.487	0.449	0.473	0.639	0.679	0	0	0	0	0
6.243	7.882	0	0	0	0.143	0.524	0	0	0	0.2	0.667	1	0	0
0	0	0	0	0	0	0	0	0	0	0	0	0	0	0
0	3.57	7.882	6.243	0	0	0.667	0.524	0.143	0	1	0	0.667	0.2	0
0	0	0	0	-1	0	0	0	0	-1	0	0	0	0	-1
4.551	9.317	9.991	2.842	0	0.5	0.556	0.556	0.333	0	0	0	0	0	0
2.842	9.991	4.551	0	0	0.333	0.556	0.5	0	0	0	0	0	0	0
0	0	0	0	0	0	0	0	0	0	0	0	0	0	0
0	4.551	2.842	0	0	0	0.5	0.333	0	0	0	0	0	0	0
0	0	0	0	0	0	0	0	0	0	0	0	0	0	0
0	0	0	0	0	0	0	0	0	0	0	0	0	0	0
0	0	0	0	0	0	0	0	0	0	0	0	0	0	0
0	0	0	0	0	0	0	0	0	0	0	0	0	0	0
0	0	0	0	0	0	0	0	0	0	0	0	0	0	0
0	0	0	0	0	0	0	0	0	0	0	0	0	0	0
0	0	0	0	0	0	0	0	0	0	0	0	0	0	0
3.243	0	0	2.172	5.677	0.667	0	0	1	0.1	0	0	0	0	0
0	0	6.243	0	3.243	0	0	0.143	0	0.667	0	1	0.2	0	0
0	0	0	0	0	0	0	0	0	0	0	0	0	0	0
0	0	0	0	0	0	0	0	0	0	0	0	0	0	0
0	6.243	0	3.243	2.172	0	0.143	0	0.667	1	0	0.2	0	0	0
0	0	0	1.048	0	0	0	0	0	0	0	0.375	0.75	0	0.6
0	0	0	0	0	0	0	0	0	0	0.6	0.8	0.5	0.5	0.5
0	0	0.981	1.069	0	0	0	0	0	0	0.6	0.25	0.6	0	0.2
0	0	3.2	0	2.172	0	0	0	0	0	0.4	0	0	0	0
0	0	2.213	1.005	0	0	0	0	0	0	0.2	0.4	0	0	0.4
0.981	0	0	0	0	0	0	0	0	0	0.667	0	0.8	0	0
0	0	0	0	0	0	0	0	0	0	0.5	0.5	0.6	0.5	0.4
0	0	1.207	2.213	0	0	0	0	0	0	0.4	0	0.2	0	0.2
2.213	1.207	0	0	1.005	0	0	0	0	0	0	0.2	0.4	0.2	0
0	1.002	0	0.981	0	0	0	0	0	0	0.8	0	0	0.667	0
0	1.005	0	1.002	0	0	0	0	0	0	0.4	0	0.4	0	0
0.981	0	0	0	1.069	0	0	0	0	0	0.6	0.4	0.25	0.6	0
0	2.031	0	0	0	0	0	0	0	0	0	0	0.2	0.333	0.8
1.048	0	0	0	0	0	0	0	0	0	0	0.75	0	0.6	0.333
0	0	0	0.981	0	0	0	0	0	0	0.25	0.5	0.4	0.6	0.6
0	0	0	0	0	0	0	0	0	0	0.333	0.2	0	0.8	0.5
0	2.018	0	1.207	0	0	0	0	0	0	0	0	0	0.2	0.4
1.002	0	0	0	0	0	0	0	0	0	0	0.4	0.4	0	0.8
0	0	0	0	0	0	0	0	0	0	0.8	0	0.333	0.5	0.6
0	0	2.11	0	0	0	0	0	0	0	0.375	0	0	0.75	0
0	0	0	0	0	0	0	0	0	0	0.5	0.6	0.5	0.4	0.25
0	1.069	0	0	1.069	0	0	0	0	0	0	0	0.2	0.2	0
0	2.11	0	0	1.048	0	0	0	0	0	0.75	0	0.375	0	0
0	0	0	0	0	0	0	0	0	0	0.5	0.333	0.8	0.6	0.5
1.207	0	0	0	2.213	0	0	0	0	0	0.2	0	0	0.4	0
0	0	1.069	0	0	0	0	0	0	0	0.2	0.6	0	0	0.2
14.397	0.9	7.965	0	0	0.362	0	0.643	0	0	0	0.125	0.25	0.25	0.2
7.962	0	0	0	9.305	0.75	0	0	0	0.556	0	0.333	0.4	0.333	0
11.097	2.002	0	0	13.811	0.582	1	0	0	0.495	0	0	0	0.2	0
0.9	0	0	7.965	14.397	0	0	0	0.643	0.362	0.125	0	0.4	0.25	0
0	7.965	14.397	0	2.899	0	0.643	0.362	0	1	0.25	0.25	0	0.2	0.2
6.727	0	0	0	0	0.714	0	0	0	0	0	0	0.5	0	0.5
7.965	0	0.9	14.397	0	0.643	0	0	0.362	0	0.25	0.4	0.125	0	0.25
0	24.824	0	0.9	7.965	0	0.312	0	0	0.643	0.4	0	0	0.125	0.25
0	4.935	0	7.962	0	0	0.7	0	0.75	0	0.4	0.25	0.333	0	0.333
2.899	0	0	0	0	1	0	0	0	0	0.2	0.25	0.2	0.2	0
0	0	7.962	9.305	0	0	0	0.75	0.556	0	0.333	0.4	0	0	0.6
0	0	9.915	3.719	7.753	0	0	0.6	0.833	0.536	0.4	0.6	0	0	0
0	0	0	0	6.727	0	0	0	0	0.714	0	0	0.25	0.5	0
0	2.899	0	0	0	0	1	0	0	0	0	0.2	0.2	0	0
0	0	4.935	0	7.962	0	0	0.7	0	0.75	0.333	0.6	0.25	0.4	0
0	0	2.899	0	0	0	0	1	0	0	0.2	0.2	0.2	0	0
7.753	0	3.719	14.967	17.864	0.536	0	0.833	0.419	0.366	0	0.4	0	0.25	0
0	1.825	24.824	0	0.9	0	1	0.312	0	0	0	0	0	0.4	0.125
24.824	13.364	1.825	0	0	0.312	0.526	1	0	0	0	0.111	0	0	0.4
0	0	0	4.935	0	0	0	0	0.7	0	0.6	0	0.2	0.25	0.333
0	0	0	2.002	0	0	0	0	1	0	0	0	0	0	0
4.935	0	0	0	0	0.7	0	0	0	0	0.25	0.2	0.6	0.333	0.4
0	0	0	6.727	0	0	0	0	0.714	0	0.5	0.25	0	0	0
2.002	0	0	0	11.097	1	0	0	0	0.582	0	0	0	0	0
1.825	5.707	13.364	24.824	0	1	0.8	0.526	0.312	0	0	0	0.111	0	0
3.616	4.289	4.409	11.154	2.478	0.333	0.3	0.1	0.309	0	0	0.6	0	0.2	1
1.915	11.154	2.478	0	1.75	0	0.309	0	0	0	0.2	0.2	1	0	0
3.548	2.558	1.561	0	5.536	0.833	1	1	0	0.429	0	0	0.4	0	0.2
0	1.154	7.718	3.82	1.517	0	0	0.393	0.8	0	0	0	0	0	0.2
5.536	3.548	0	1.253	1.344	0.429	0.833	0	1	0	0.2	0	0	0	0
4.025	0	1.75	2.558	1.561	0.5	0	0	1	1	0	0	0	0	0.4
0	0	0	2.145	2.175	0	0	0	0.333	0	0.25	0	0.2	1	0
2.175	0	2.145	0	2.886	0	0	0.333	0	0	0	0.25	1	0.143	0
3.82	7.718	0	1.517	3.198	0.8	0.393	0	0	0.333	0	0	0	0.2	0.333
0	1.561	3.548	5.536	1.253	0	1	0.833	0.429	1	0	0.4	0	0.2	0
11.154	4.409	3.616	2.478	1.915	0.309	0.1	0.333	0	0	0.2	0	0	1	0.2
2.558	1.75	4.025	1.561	3.548	1	0	0.5	1	0.833	0	0	0	0.4	0
1.517	0	3.82	3.198	3.009	0	0	0.8	0.333	0.167	0.2	0	0	0.333	0.222
1.75	1.915	0	4.025	2.558	0	0	0	0.5	1	0	0.2	0	0	0
3.198	3.82	1.517	3.009	9.013	0.333	0.8	0	0.167	0.289	0.333	0	0.2	0.222	0.5
0	2.145	2.175	2.886	0	0	0.333	0	0	0	0.143	1	0	0	0.6
2.145	0	0	2.175	0	0.333	0	0	0	0	1	0.2	0.25	0	0.143
3.009	1.517	3.198	9.013	4.289	0.167	0	0.333	0.289	0.3	0.222	0.2	0.333	0.5	0.6
9.013	3.198	3.009	4.289	4.409	0.289	0.333	0.167	0.3	0.1	0.5	0.333	0.222	0.6	0
4.763	7.091	3.21	4.291	8.516	0.2	0.267	0.167	0.1	0.194	0	0.2	0	0	0.2
3.123	4.291	8.516	2.122	2.172	0	0.1	0.194	0.333	0	1	0	0.2	0	0
4.409	9.013	4.289	3.616	11.154	0.1	0.289	0.3	0.333	0.309	0	0.5	0.6	0	0.2
1.561	4.025	2.558	3.548	0	1	0.5	1	0.833	0	0.4	0	0	0	0
0	35.591	35.265	0	19.3	0	0.383	0.387	0	0.658	1	0	0.5	0.667	0.556
0.915	0	0	0	0	0	0	0	0	0	0.714	0.5	1	0.667	1
0	0	0	0.93	28.32	0	0	0	0	0.487	0.6	0.8	0.667	0	0.2
0	0	0	0	1.754	0	0	0	0	1	1	1	0.667	1	0.8
0	0	0	0	0	0	0	0	0	0	0.667	1	1	1	1
0	29.67	0	0	0.93	0	0.488	0	0	0	0.667	0.667	0.8	0.6	0
0	0.864	0	0	0	0	0	0	0	0	1	0.143	1	0.2	0.2
1.866	0.979	1.911	0.887	0	0	0	0	0	0	0	0.4	0	0	0
13.22	4.608	0	58.227	5.881	0.513	0.7	0	0.213	0.933	0.75	0.25	0	0	0
0	0	0	4.564	0.912	0	0	0	0.9	0	1	1	0	0	0.4
0	35.265	0	19.3	0	0	0.387	0	0.658	0	0.667	0.5	1	0.556	1
11.64	23.075	10.591	11.82	3.674	0.682	0.565	0.509	0.636	0.833	0.6	0	0.2	0	0
3.792	1.832	0	0.979	1.911	0.167	1	0	0	0	0.222	0	0	0.4	0
0	0	29.67	0	0	0	0	0.488	0	0	0.8	1	0.667	0.667	0.6
10.336	0	18.722	0.863	27.046	0.964	0	0.739	0	0.585	0.6	0.2	0.667	0	0.25
1.754	0	0	0	0	1	0	0	0	0	0.8	1	1	1	0.25
18.722	0	0	10.336	0.863	0.739	0	0	0.964	0	0.667	0.25	0.2	0.6	0
0.979	0	3.792	1.911	1.866	0	0	0.167	0	0	0.4	0	0.222	0	0
0	0	0.915	0	0	0	0	0	0	0	0.667	1	0.714	1	1
0	28.32	0	0.915	0	0	0.487	0	0	0	1	0.2	0.5	0.714	0.667
0	0	0	0	0	0	0	0	0	0	1	0.667	1	0.667	1
0	0	4.608	13.22	58.227	0	0	0.7	0.513	0.213	0	0.5	0.25	0.75	0
29.67	0	0	0	0	0.488	0	0	0	0	0.667	0.25	1	0.8	0.667
0.923	3.674	5.673	1.832	0	0	0.833	0.8	1	0	0.2	0	0.75	0	0
11.82	10.591	11.64	3.674	5.673	0.636	0.509	0.682	0.833	0.8	0	0.2	0.6	0	0.75
0.868	19.3	0	0.864	0	0	0.658	0	0	0	0.667	0.556	1	0.143	1
5.706	0	50.818	23.075	10.591	0.667	0	0.257	0.565	0.509	0.6	0	0	0	0.2
0	0	1.754	0	0	0	0	1	0	0	1	1	0.8	0.25	0.2
0	0	13.088	3.79	0	0	0	0.679	1	0	0.667	0	0	0	1
5.673	11.82	3.674	0.923	1.832	0.8	0.636	0.833	0	1	0.75	0	0	0.2	0
27.046	10.336	0.863	0	0	0.585	0.964	0	0	0	0.25	0.6	0	0	0
4.564	0	0	0.912	0	0.9	0	0	0	0	0	0	1	0.4	0.25
4.608	0.877	0	0	13.22	0.7	0	0	0	0.513	0.25	0.25	0.5	0	0.75
0	4.564	0.912	0	29.67	0	0.9	0	0	0.488	0.25	0	0.4	1	0.667
0.917	6.21	9.339	4.903	0	0	0.6	0.639	0.6	0	0.333	0	0.75	0	0.375
3.822	4.846	0	13.922	0	0.5	0.7	0	0.397	0	0.222	0.2	0	0.2	0
0	0	3.625	0	0.922	0	0	0.667	0	0	0.111	0	0	0.667	0
13.463	0	1.845	0	3.625	0.372	0	1	0	0.667	0.4	0	0	0	0
0	0	0	0	0	0	0	0	0	0	0	0	0	0	0
0	0	0	0	0	0	0	0	0	0	0	0	0	0	0
4.903	9.339	0.917	0	3.694	0.6	0.639	0	0	0.333	0	0.75	0.333	0.375	0.333
3.625	13.463	0	0	0	0.667	0.372	0	0	0	0	0.4	0	0.111	0.667
0	1.845	13.463	3.625	0	0	1	0.372	0.667	0	0	0	0.4	0	0.111
6.324	7.432	3.09	0	1.845	0.667	0.321	0.667	0	1	0	0.222	0.25	0	0
14.745	8.748	11.596	7.65	6.21	0.41	0.643	0.556	0.571	0.6	0.2	0	0	0	0
12.565	7.236	5.379	8.263	15.863	0.509	0.762	0.7	0.607	0.363	0	0.2	0	0.4	0.2
3.09	2.878	7.432	6.324	0	0.667	0.667	0.321	0.667	0	0.25	0	0.222	0	0
0	0	0	0	0	0	0	0	0	0	0	0	0	0	0
4.846	0.922	7.401	0	3.822	0.7	0	0.619	0	0.5	0.2	0	0.222	0	0.222
7.401	0	0.922	4.846	0	0.619	0	0	0.7	0	0.222	0.667	0	0.2	0
1.832	0	3.694	0	0	0	0	0.333	0	0	0	0.375	0.333	0	0
7.432	4.819	2.878	3.09	6.324	0.321	0.6	0.667	0.667	0.667	0.222	0.2	0	0.25	0
2.878	0	4.819	7.432	3.09	0.667	0	0.6	0.321	0.667	0	0.333	0.2	0.222	0.25
0	-1	0	0	0	0	-1	0	0	0	0	-1	0	0	0
0.922	0	0	7.401	4.846	0	0	0	0.619	0.7	0	0.111	0.667	0.222	0.2
0	0	0	0	0	0	0	0	0	0	0	0	0	0	0
0	0	0	0	0	0	0	0	0	0	0	0	0	0	0
8.62	15.863	10.205	8.748	11.596	0.643	0.363	0.639	0.643	0.556	0	0.2	0	0	0
0	0.917	4.903	3.694	1.832	0	0	0.6	0.333	0	0.375	0.333	0	0.333	0
0	0	0	0	0	0	0	0	0	0	0	0	0	0	0
14.674	13.922	0	0	9.692	0.374	0.397	0	0	0.489	0	0.2	0	0.6	0.2
3.694	4.903	0	1.832	0	0.333	0.6	0	0	0	0.333	0	0.375	0	0
0	0.889	0.891	4.819	2.878	0	0	0	0.6	0.667	0.333	0	0.2	0.2	0
10.205	8.263	15.863	8.62	8.748	0.639	0.607	0.363	0.643	0.643	0	0.4	0.2	0	0
1.845	6.324	0	13.463	0	1	0.667	0	0.372	0	0	0	0	0.4	0
1.935	0	0	0	10.088	1	0	0	0	0.6	0	0.667	0.111	0.2	0
1.875	23.414	0	3.839	0	0	0.569	0	1	0	0.2	0.4	0	0.667	0.5
4.06	0.909	0	24.234	0	1	0	0	0.67	0	0	0.333	0.2	0	0.75
0.966	0	3.783	34.815	40.803	0	0	0.833	0.454	0.417	0	0	0.333	0	0
20.362	66.079	10.482	45.517	55.238	0.711	0.245	0.636	0.372	0.292	0.2	0.4	0.6	0.111	0.333
17.783	34.815	40.803	4.01	0	0.706	0.454	0.417	0.833	0	0	0	0	0	0.667
0	55.238	23.414	1.875	3.839	0	0.292	0.569	0	1	0	0.333	0.4	0.2	0.667
0	4.01	0	1.935	0	0	0.833	0	1	0	0.111	0	0.667	0	0.2
55.238	20.362	45.517	23.414	0	0.292	0.711	0.372	0.569	0	0.333	0.2	0.111	0.4	0
0	0	5.954	0.909	0	0	0	0.8	0	0	0.4	0.2	0.2	0.333	0.2
0	17.783	4.01	0	1.935	0	0.706	0.833	0	1	0.667	0	0	0.111	0
3.839	0	1.875	0	0	1	0	0	0	0	0.667	0	0.2	0.5	0
0	0	0	0	0	0	0	0	0	0	0	0	0	0	0
0	10.286	0	13.603	0	0	0.818	0	0.604	0	0	0.667	0	0	0
7.066	19.862	0	0	3.783	0.905	0.679	0	0	0.833	0	0	0	0	0.333
23.414	45.517	55.238	0	1.875	0.569	0.372	0.292	0	0	0.4	0.111	0.333	0	0.2
16.542	8.606	14.08	10.022	10.375	0.533	0.583	0.449	0.667	0.667	0	0	0	0	0
10.482	6.766	66.079	20.362	45.517	0.636	0.714	0.245	0.711	0.372	0.6	0	0.4	0.2	0.111
0	1.927	0	0	0	0	0	0	0	0	0	0.2	0	0	0
4.01	40.803	17.783	0	0	0.833	0.417	0.706	0	0	0	0	0	0.667	0.111
0	1.875	3.839	0	0	0	0	1	0	0	0.5	0.2	0.667	0	0.2
0	0	20.422	0	0	0	0	0.69	0	0	0.5	0	0	1	0.857
45.517	10.482	20.362	55.238	23.414	0.372	0.636	0.711	0.292	0.569	0.111	0.6	0.2	0.333	0.4
19.503	0.992	1.829	1.893	14.708	0.558	0	0	1	0.81	0	0	0	0	0.375
5.954	0	0	0	0.909	0.8	0	0	0	0	0.2	0	0.2	0.4	0.333
0	0	0	0	0	0	0	0	0	0	0	0	0	0	0
66.079	3.994	6.766	10.482	20.362	0.245	1	0.714	0.636	0.711	0.4	0.875	0	0.6	0.2
28.867	10.375	13.448	7.827	10.621	0.49	0.667	0.526	0.714	0.644	0.2	0	0.778	0	0
46.517	0	0	25.384	0	0.4	0	0	0.523	0	0.5	1	0.4	0.25	0.875
0	0	13.603	0	0.908	0	0	0.604	0	0	0	0	0	0.222	0.2
0	0	0	0	0	0	0	0	0	0	0	0	0	0	0
0	0	0	0	0	0	0	0	0	0	0	0	0	0	0
0	0	0	0	3.98	0	0	0	0	0.667	0	0	0	0	0.222
0	7.654	0	0	9.562	0	0.571	0	0	0.639	0.143	0	0.8	0	0
0	0	0	0	0	0	0	0	0	0	0	0	0	0	0
3.923	6.499	0.989	0	1.074	0.5	0.6	0	0	0	1	0.111	0	0	0
6.083	6.667	0	10.177	8.141	0.6	0.8	0	0.418	0.5	0	0.6	0.75	0.667	0
0	0	0	0	0	0	0	0	0	0	0	0	0	0	0
0	1.539	6.667	6.083	10.177	0	1	0.8	0.6	0.418	0.75	0	0.6	0	0.667
0	-1	0	0	0	0	-1	0	0	0	0	-1	0	0	0
0	-1	-1	0	0	0	-1	-1	0	0	0	-1	-1	0	0
6.499	3.98	3.555	0.989	3.923	0.6	0.667	0.333	0	0.5	0.111	0.222	0.2	0	1
1.539	0	9.562	6.667	0	1	0	0.639	0.8	0	0	0	0	0.6	0.75
8.141	6.083	10.177	17.566	0	0.5	0.6	0.418	0.33	0	0	0	0.667	1	0.2
0	0	0	3.98	3.555	0	0	0	0.667	0.333	0	0	0	0.222	0.2
10.177	0	6.083	8.141	17.566	0.418	0	0.6	0.5	0.33	0.667	0.75	0	0	1
3.555	0	3.98	6.499	0.989	0.333	0	0.667	0.6	0	0.2	0	0.222	0.111	0
3.526	1.494	0.786	0	7.654	0.667	1	0	0	0.571	0	0	0.4	0	0
3.98	0	0	3.555	6.499	0.667	0	0	0.333	0.6	0.222	0	0	0.2	0.111
6.667	9.562	1.539	0	6.083	0.8	0.639	1	0	0.6	0.6	0	0	0.75	0
0	2.79	5.832	0	10.958	0	0.667	0.733	0	0.444	0.5	0.333	0	0.6	0
3.374	0	4.976	0	11.837	1	0	0.8	0	0.364	0	0.25	0	0	0
7.389	0	0	1.088	8.291	0.464	0	0	0	0.429	0	0	0.2	0.25	0.2
10.958	0	0	42.533	0	0.444	0	0	0.108	0	0	0.5	0.6	0	0
0	0	1.241	23.128	1.962	0	0	0	0.225	1	0.75	1	0.2	0.2	0
0	0	0	0	0	0	0	0	0	0	0.6	0.5	0	0.857	0.2
4.976	0	0	3.374	0	0.8	0	0	1	0	0	0	0.25	0	0
1.088	0	7.389	8.291	7.846	0	0	0.464	0.429	0.607	0.25	0.2	0	0.2	0
42.533	0	10.958	0	0	0.108	0	0.444	0	0	0	0.6	0	0	0.25
0.898	0.915	0	0	0	0	0	0	0	0	0.2	0	0.5	0	0
0	0	0	7.389	1.088	0	0	0	0.464	0	0.2	0.2	0	0	0.25
0	10.958	42.533	0	4.976	0	0.444	0.108	0	0.8	0	0	0	0.25	0
8.291	7.389	1.088	7.846	0	0.429	0.464	0	0.607	0	0.2	0	0.25	0	0
1.962	0	23.128	0	0	1	0	0.225	0	0	0	0.75	0.2	0.429	0.4
0	0	0	2.79	5.832	0	0	0	0.667	0.733	0.4	0	0.2	0.333	0
2.79	0	0	5.832	0	0.667	0	0	0.733	0	0.333	0.2	0.4	0	0.5
0	0	0	0	0	0	0	0	0	0	0	0	0	0.25	0.5
0	23.128	1.962	0	0	0	0.225	1	0	0	0.429	0.2	0	0.4	0.6
5.832	0	2.79	0	0	0.733	0	0.667	0	0	0	0.4	0.333	0.5	0.6
15.996	30.338	28.496	33.941	26.343	0.816	0.671	0.684	0.641	0.793	0.2	0.6	0.4	0.2	0.4
28.32	3.144	10.679	23.661	23.892	0.63	1	0.855	0.721	0.685	0.4	0.2	0	0.571	0
12.777	0	0.888	0.909	12.108	0.603	0	0	0	0.742	0.5	0	0.4	0	0
0.88	0	2.753	6.376	0	0	0	0	0.733	0	0	0	0	0.8	0
24.882	30.884	16.44	13.17	15.922	0.833	0.687	0.892	0.897	0.917	0	0.8	0	1	1
6.376	2.753	0.88	0	1.783	0.733	0	0	0	0	0.8	0	0	0	0
23.892	28.32	23.661	29.129	29.776	0.685	0.63	0.721	0.627	0.656	0	0.4	0.571	0.8	0.25
30.766	22.91	27.723	28.029	0	0.625	0.783	0.704	0.724	0	0	0	0	0	0
15.922	24.882	13.17	23.303	19.415	0.917	0.833	0.897	0.835	0.854	1	0	1	0.6	0.2
28.496	35.212	30.338	15.996	33.941	0.684	0.602	0.671	0.816	0.641	0.4	0.25	0.6	0.2	0.2
33.941	28.496	15.996	26.343	15.083	0.641	0.684	0.816	0.793	0.867	0.2	0.4	0.2	0.4	0.25
30.338	16.358	35.212	28.496	15.996	0.671	0.824	0.602	0.684	0.816	0.6	0.6	0.25	0.4	0.2
13.17	16.44	24.882	15.922	23.303	0.897	0.892	0.833	0.917	0.835	1	0	0	1	0.6
16.44	25.832	30.884	24.882	13.17	0.892	0.733	0.687	0.833	0.897	0	0.4	0.8	0	1
0	0	0	0	0	0	0	0	0	0	0.2	0	0	0.333	0
29.129	23.661	23.892	29.776	16.358	0.627	0.721	0.685	0.656	0.824	0.8	0.571	0	0.25	0.6
22.316	18.881	25.792	25.832	30.884	0.788	0.789	0.787	0.733	0.687	0.5	0.2	0.444	0.4	0.8
35.212	29.776	16.358	30.338	28.496	0.602	0.656	0.824	0.671	0.684	0.25	0.25	0.6	0.6	0.4
27.507	26.343	15.083	25.832	22.91	0.732	0.793	0.867	0.751	0.783	0.8	0.4	0.25	0	0
0	0	0	0	2.802	0	0	0	0	0.333	0.333	0	0.2	0	0
0	0	2.802	0	0.889	0	0	0.333	0	0	0.714	0	0	0	0
0	0	0	2.802	0	0	0	0	0.333	0	0	0.2	0.333	0	0.714
30.884	22.316	25.832	16.44	24.882	0.687	0.788	0.733	0.892	0.833	0.8	0.5	0.4	0	0
10.679	2.705	3.144	28.32	23.661	0.855	0.333	1	0.63	0.721	0	0	0.2	0.4	0.571
2.802	0	0	0	0	0.333	0	0	0	0	0	0.333	0	0.714	0
23.661	10.679	28.32	23.892	29.129	0.721	0.855	0.63	0.685	0.627	0.571	0	0.4	0	0.8
26.343	15.996	33.941	15.083	27.507	0.793	0.816	0.641	0.867	0.732	0.4	0.2	0.2	0.25	0.8
25.832	25.792	22.316	30.884	16.44	0.733	0.787	0.788	0.687	0.892	0.4	0.444	0.5	0.8	0
0	0	0	0	0	0	0	0	0	0	0	0	0	0.2	0.333
29.776	23.892	29.129	16.358	35.212	0.656	0.685	0.627	0.824	0.602	0.25	0	0.8	0.6	0.25
0	0	0	0	0	0	0	0	0	0	0	0	0	0	0
12.759	47.545	0	0.915	2.974	0.692	0.288	0	0	0.333	0.2	0.8	0.4	0.5	0.6
13.04	1.937	9.931	7.593	10.869	0.705	1	0.622	0.786	0.818	0.6	0	0	0.143	0
10.915	0	0.884	0	16.357	0.891	0	0	0	0.708	0.444	0.4	0	0.75	0.4
34.821	15.111	4.714	19.141	2.871	0.379	0.619	0.8	0.585	0.667	0	0	0.25	0	0.2
0	0	0	1.894	0	0	0	0	0	0	0	0	0	0	0
0	0.916	0	0	0	0	0	0	0	0	0	0	0	0	0
0.915	0	0.882	47.545	0	0	0	0	0.288	0	0.4	0	0	0.8	0.4
2.871	34.821	19.141	35.735	1.907	0.667	0.379	0.585	0.413	0	0.2	0	0	0	0
0	0	0.916	0	0	0	0	0	0	0	0	0.6	0	0	0
0	0	31.316	7.01	2.906	0	0	0.409	0.619	1	0	0	0.8	0.333	0.2
0	0	0	0.916	0	0	0	0	0	0	0.6	0	0	0	0
0	0	0	0	2.856	0	0	0	0	0.333	0	0	0	0	0.25
10.541	31.36	1.905	39.135	1.982	0.709	0.379	1	0.288	1	0.556	0	0	0.111	0
7.593	9.931	13.04	10.869	0	0.786	0.622	0.705	0.818	0	0.143	0	0.6	0	0
31.316	0	0	0	7.01	0.409	0	0	0	0.619	0.8	0.2	0	0	0.333
20.912	10.869	0	6.621	31.36	0.584	0.818	0	0.714	0.379	0	0	0	0	0
0.884	15.326	0	10.915	0	0	0.619	0	0.891	0	0	0.6	0.4	0.444	0.75
19.141	4.714	34.821	2.871	35.735	0.585	0.8	0.379	0.667	0.413	0	0.25	0	0.2	0
0	2.974	1.849	18.386	0	0	0.333	1	0.464	0	0.6	0.6	0	0	0
39.135	1.905	10.541	1.982	17.86	0.288	1	0.709	1	0.51	0.111	0	0.556	0	0
0	2.856	0	1.412	0	0	0.333	0	0	0	0	0.25	0.2	0	0.25
6.621	0	20.912	31.36	1.905	0.714	0	0.584	0.379	1	0	0	0	0	0
0	0	1.796	1.785	0	0	0	0	1	0	0.2	0.2	0	0	0
13.549	7.998	5.963	12.652	8.625	0.577	0.75	0.733	0.538	0.667	0	0	0	0.2	0
12.652	5.963	13.549	8.625	20.738	0.538	0.733	0.577	0.667	0.342	0.2	0	0	0	0
16.728	9.431	14.225	5.652	0	0.353	0.722	0.374	0.667	0	0	0.111	0.2	0	0.2
1.785	1.796	0	0	0	1	0	0	0	0	0	0	0.2	0	0.4
0	0	0	3.514	4.985	0	0	0	0.333	0.8	0.375	0.4	0.2	0	0
0	1.077	0	0	0	0	0	0	0	0	0	0	0.2	0	0.4
5.963	16.134	7.998	13.549	12.652	0.733	0.476	0.75	0.577	0.538	0	0.2	0	0	0.2
8.625	13.549	12.652	20.738	14.264	0.667	0.577	0.538	0.342	0.462	0	0	0.2	0	0
12.484	20.738	14.264	7.492	9.431	0.5	0.342	0.462	0.667	0.722	0	0	0	0	0.111
0	0	0	0	0	0	0	0	0	0	0.2	0.4	0.2	0	0.2
20.738	12.652	8.625	14.264	12.484	0.342	0.538	0.667	0.462	0.5	0	0.2	0	0	0
0	4.985	0	1.729	0.854	0	0.8	0	1	0	0.333	0	0.2	0	0.143
1.796	5.652	0	0	1.785	0	0.667	0	0	1	0	0	0.2	0.2	0
6.53	8.467	3.379	11.562	11.254	0.867	0.786	0.333	0.491	0.473	0	0	0	0	0.333
1.817	0	0	0	0	1	0	0	0	0	0.2	0.333	0	0.4	0.2
0	0	0	0	0	0	0	0	0	0	0.4	0	0.2	0.2	0.333
0	0	1.817	0	0	0	0	1	0	0	0.4	0	0.2	0.2	0.375
0.983	0	0	0	26.916	0	0	0	0	0.131	0	0	0.4	0	0
0	0	1.785	0	0	0	0	1	0	0	0	0.2	0	0.4	0.2
4.985	0	3.514	0	0	0.8	0	0.333	0	0	0	0.375	0	0.2	0.333
0	0	0	0	0	0	0	0	0	0	0.2	0	0.4	0.2	0
7.998	11.254	16.134	5.963	13.549	0.75	0.473	0.476	0.733	0.577	0	0.333	0.2	0	0
0	1.817	0	0	3.514	0	1	0	0	0.333	0.2	0.2	0.4	0.375	0
0	1.917	1.077	0	0	0	1	0	0	0	0.2	0	0	0	0
8.467	0	0	3.379	6.53	0.786	0	0	0.333	0.867	0	0	0	0	0
0	0	0	0	0.983	0	0	0	0	0	0	0.2	0	0.4	0
1.077	0.948	1.917	0	0	0	0	1	0	0	0	0.4	0	0.2	0
16.134	11.562	11.254	7.998	5.963	0.476	0.491	0.473	0.75	0.733	0.2	0	0.333	0	0
3.514	0	0	4.985	0	0.333	0	0	0.8	0	0	0.2	0.375	0	0.2
0	0	2.115	0	0	0	0	1	0	0	0.25	0.286	0	0	0
0	3.336	7.604	0	0	0	0.333	0.238	0	0	1	0.333	0	0	0.6
0	0	0	0	0	0	0	0	0	0	1	0	0.2	0.333	0.556
0	4.049	0	0	0	0	0.667	0	0	0	1	0.2	0.4	1	0
8.711	0	0	1.945	3.779	0.25	0	0	1	0.667	0	0.25	0	0	0
0	0	0	0	0	0	0	0	0	0	0.333	0.2	1	0.556	0.6
7.604	3.518	3.336	0	0	0.238	0.667	0.333	0	0	0	0.222	0.333	1	0
3.779	8.711	1.945	3.518	3.336	0.667	0.25	1	0.667	0.333	0	0	0	0.222	0.333
0	4.164	0	0	0	0	0.5	0	0	0	0.75	0	0.2	0.8	0.625
3.518	1.945	3.779	3.336	7.604	0.667	1	0.667	0.333	0.238	0.222	0	0	0.333	0
0	0	4.164	0	0	0	0	0.5	0	0	0.2	0.2	0	0.75	0.8
0	0	0	0	0	0	0	0	0	0	0.556	1	0.333	0.6	0.6
3.336	3.779	3.518	7.604	0	0.333	0.667	0.667	0.238	0	0.333	0	0.222	0	1
0	0	0	0	1.017	0	0	0	0	0	1	0.4	1	0	0.5
0	0	0	0	4.049	0	0	0	0	0.667	0.8	0.2	0.75	0.625	0.2
0	0	0	0	0	0	0	0	0	0	0.4	0.6	0.6	0.2	0.2
0	0	0	0	0	0	0	0	0	0	0.6	0.333	0.556	0.6	0.4
0	0	0	4.049	0	0	0	0	0.667	0	0.625	0.75	0.8	0.2	0.4
0	0	1.017	0	0	0	0	0	0	0	0	0	0.5	0.2	1
0	1.017	0	0	0	0	0	0	0	0	0.2	0.5	0	1	0.333
4.164	3.197	0	0	0	0.5	1	0	0	0	0	0	0.2	0.2	0.75
0	0	0	0	0	0	0	0	0	0	0.2	0.6	0.4	0.2	0.4
4.049	0	0	0	0	0.667	0	0	0	0	0.2	0.8	0.625	0.4	1
7.488	0	21.093	0	19.76	0.964	0	0.557	0	0.713	0.6	0.6	0.6	0	0.5
0	0	0	1.833	0.87	0	0	0	1	0	0.5	1	0	0.8	0.5
0	0	2.674	0	0	0	0	1	0	0	0.333	1	0.714	1	0.6
0.856	35.06	0	9.741	0	0	0.312	0	0.978	0	0.556	0.333	0.8	0.6	1
0	0	0	0	0	0	0	0	0	0	0.333	1	0.6	1	1
0	1.833	0.87	0	23.737	0	1	0	0	0.581	0.625	0.8	0.5	0.667	0.8
0	0	23.737	0	0	0	0	0.581	0	0	0.8	0.667	0.8	0.667	1
0	0	0	0	0	0	0	0	0	0	0.6	0.333	1	0.333	1
0	0	0	0	0	0	0	0	0	0	0.8	1	1	1	0.5
0.922	9.741	0	0	0	0	0.978	0	0	0	0.778	0.6	1	0.333	1
2.674	0	0	0	0	1	0	0	0	0	0.714	0.75	1	0.333	1
0	0.87	0	23.737	0	0	0	0	0.581	0	0.667	0.5	0.625	0.8	0.8
9.741	0	0.856	0	0.922	0.978	0	0	0	0	0.6	0.8	0.556	1	0.778
23.737	0	0	0	0	0.581	0	0	0	0	0.8	0.625	0.667	0.8	0.667
0	0	0	0	0	0	0	0	0	0	1	1	0.8	0.5	0.6
0	0	0	0	0	0	0	0	0	0	1	0.6	0.333	1	0.8
0.878	0	0	32.319	35.06	0	0	0	0.341	0.312	0.6	0.4	0.5	0.2	0.333
0	23.737	0	0	0	0	0.581	0	0	0	0.667	0.8	0.8	1	0.2
0	32.319	35.06	0.856	9.741	0	0.341	0.312	0	0.978	0.8	0.2	0.333	0.556	0.6
0	0	0	0	0	0	0	0	0	0	1	0.333	1	0.667	0.111
21.093	0	0	7.488	0	0.557	0	0	0.964	0	0.6	0.5	0.6	0.6	0
0	19.76	3.704	0	0	0	0.713	1	0	0	0.667	0.5	0	0	1
0	0	0.827	0	0.827	0	0	0	0	0	0	0.2	0.2	0.667	0
15.634	5.787	4.055	2.144	6.138	0.582	0.667	0.833	1	0.571	0.5	0.75	0.4	0	0
0	0	5.589	47.336	1.935	0	0	0.6	0.212	1	0.5	0	0.25	0.111	0
7.117	0	9.886	42.798	6.286	0.607	0	0.622	0.236	0.524	1	0.333	0	0	1
9.886	7.817	0	7.117	42.798	0.622	0.714	0	0.607	0.236	0	0.25	0.333	1	0
2.144	4.055	15.634	6.138	0	1	0.833	0.582	0.571	0	0	0.4	0.5	0	0
2.695	0	0	0	0	0.333	0	0	0	0	0.4	0.5	0	0	0
3.366	3.851	15.1	7.146	0.89	0.5	0.667	0.45	0.75	0	0.25	0.222	0	0.2	1
15.1	7.079	3.851	3.366	7.146	0.45	0.679	0.667	0.5	0.75	0	0.667	0.222	0.25	0.2
0	10.74	7.817	9.886	7.117	0	0.691	0.714	0.622	0.607	0.333	0.6	0.25	0	1
0	0	0	-1	-1	0	0	0	-1	-1	0	0	0	-1	-1
0.84	0	0	0	0	0	0	0	0	0	0.4	0	0.75	0	0
33.005	0	4.342	7.079	3.851	0.318	0	0.9	0.679	0.667	0.25	0.2	0	0.667	0.222
0	0	0	0	0	0	0	0	0	0	0	0	0	0	0
5.787	42.798	6.286	4.055	15.634	0.667	0.236	0.524	0.833	0.582	0.75	0	1	0.4	0.5
0	0	0.84	0	0	0	0	0	0	0	0	0.75	0.4	0	0.111
0	0	0	0	0	0	0	0	0	0	0	0	0	0	0
42.798	9.886	7.117	6.286	5.787	0.236	0.622	0.607	0.524	0.667	0	0	1	1	0.75
0	2.695	0	0	0	0	0.333	0	0	0	0	0.4	0	0	0
47.336	5.589	0	1.935	2.761	0.212	0.6	0	1	1	0.111	0.25	0.5	0	0
3.851	33.005	7.079	15.1	3.366	0.667	0.318	0.679	0.45	0.5	0.222	0.25	0.667	0	0.25
4.822	6.138	0	0	0	0.9	0.571	0	0	0	0	0	0	0	0.75
1.935	0	47.336	2.761	0	1	0	0.212	1	0	0	0.5	0.111	0	0.8
6.286	7.117	42.798	5.787	4.055	0.524	0.607	0.236	0.667	0.833	1	1	0	0.75	0.4
0	0	10.297	0	0	0	0	0.578	0	0	0.667	0	0.111	0.2	0
0	0	0	12.267	0	0	0	0	0.712	0	0.571	0	0	0	0.8
0	0.911	6.761	0	17.591	0	0	0.905	0	0.582	0.4	0.2	0.2	0.2	0
0	0	0	2.844	8.878	0	0	0	1	0.667	0	0.667	0.2	0	0
0	0	0	0	0	0	0	0	0	0	0.4	0.25	0.2	0.2	0.625
0	0.976	0	0	2.797	0	0	0	0	0.667	0	0.2	0	0.667	0
0	0	0	0	0	0	0	0	0	0	0.2	0.625	1	0.2	0.2
0	1.846	0	0	0	0	1	0	0	0	0.333	0	0.4	0.667	0.2
0	0	3.701	2.195	1.051	0	0	0.5	1	0	0	0.333	0.111	0	0
6.396	1.051	1.018	5.9	0	0.952	0	0	0.2	0	0	0	0.4	0	0.2
0.976	0	0	0	0	0	0	0	0	0	0.2	0.2	0.2	0	0
0	0	12.267	0	0	0	0	0.712	0	0	0.8	0.571	0	0	0.333
0	0	0	0	0	0	0	0	0	0	0.2	1	0.2	0.2	0
0	0	0	0	0.976	0	0	0	0	0	0.4	0	0	0	0.25
0	0	0	0	0	0	0	0	0	0	0.667	0.4	0.333	0.2	0.2
0	0	0	0.927	0	0	0	0	0	0	0.5	0.2	0.333	0	0
0.927	0	0	0	0	0	0	0	0	0	0	0.333	0.5	0	0
0	0	0	0	0	0	0	0	0	0	0.667	0	0.25	0	0
0	0.94	0	0	0	0	0	0	0	0	0.25	0.25	0	0.2	0.4
0	0.976	0	19.875	0	0	0	0	0.342	0	0.8	0.25	0.2	0.2	0.25
1.051	0	2.195	1.018	6.396	0	0	1	0	0.952	0	0	0	0.4	0
0.976	0	0	0	0	0	0	0	0	0	0.25	0.4	0	0.2	0.8
0	0	0	0	0	0	0	0	0	0	0.25	0.2	0	0.667	0
1.018	2.195	1.051	6.396	5.9	0	1	0	0.952	0.2	0.4	0	0	0	0
0	0	0	0	0	0	0	0	0	0	0.2	0.667	0.2	0.333	0.5
0	0	0	0	12.267	0	0	0	0	0.712	0	0.333	0	0.571	0
0	0	2.797	0.918	6.634	0	0	0.667	0	0.524	0	0.667	0	0	0.4
19.875	0	0	0	0	0.342	0	0	0	0	0.2	0.2	0.8	0.25	0.667
0	0	19.875	0	0	0	0	0.342	0	0	0.25	0.8	0.2	0.667	0.2
0.94	0	0	0	0	0	0	0	0	0	0.25	0	0.25	0	0.25
0.912	0.9	0	0	3.701	0	0	0	0	0.5	0.143	0.111	0	0.333	0.111
0	12.267	0	0	0	0	0.712	0	0	0	0	0	0.8	0.333	0.25
0.911	5.9	0	6.761	0	0	0.2	0	0.905	0	0.2	0	0.2	0.2	0.4
0	0	0	0	0	0	0	0	0	0	0.2	0.2	0.2	0	0.25
0	0	0	0	0	0	0	0	0	0	0.2	0.2	0.4	0.625	1
0	0	0	0.976	0	0	0	0	0	0	0.2	0.667	0.2	0.2	0
0	0	0	0	0	0	0	0	0	0	0.625	0.4	0.2	1	0.2
0	0	2.884	0	0	0	0	0.667	0	0	0	0	0	0	0.4
0	0	0	2.797	0	0	0	0	0.667	0	0.667	0	0	0	0
0	0	0	2.901	12.364	0	0	0	0.333	0.462	0	0.2	0	0	0
0	0	0	0	0	0	0	0	0	0	0	0.667	0	0.125	0.286
8.878	0	2.844	6.114	11.03	0.667	0	1	0.467	0.6	0	0	0	0.2	0
12.267	0	0	0	0	0.712	0	0	0	0	0	0	0.571	0.8	0
0	0	0	0	0.976	0	0	0	0	0	0.2	0.25	0.667	0.2	0.2
10.297	8.101	0	0	0	0.578	0.821	0	0	0	0.111	0	0	0.667	0.2
0	0	0	0	0.94	0	0	0	0	0	0	0	0	0.25	0.25
18.18	8.98	28.686	0	0	0.346	0.639	0.291	0	0	0	0	0	0	0
0	0	0	0	0	0	0	0	0	0	0.2	0.333	0.25	0	0
2.609	3.63	29.922	0	1.05	0.333	0.5	0.214	0	0	0	0.4	0	1	0.2
0.929	0	1.05	0	0	0	0	0	0	0	0	1	0.2	0	0.25
9.567	1.877	0	0.829	0	0.25	1	0	0	0	0	0	0	0	0.143
0	3.005	1.877	9.567	0.829	0	0.333	1	0.25	0	0	0	0	0	0
8.265	2.545	0.845	4.879	19.905	0.643	1	0	0.4	0.274	0	0.25	0.2	0.375	0.5
0.829	0	9.567	0	0	0	0	0.25	0	0	0	0	0	0.143	0.2
4.879	0.845	8.265	19.905	3.63	0.4	0	0.643	0.274	0.5	0.375	0.2	0	0.5	0.4
0	29.922	2.609	1.05	0.929	0	0.214	0.333	0	0	1	0	0	0.2	0
0	1.05	0.929	0	1.984	0	0	0	0	0	0	0.2	0	0.25	0
2.545	1.978	0	0.845	8.265	1	1	0	0	0.643	0.25	0.25	0	0.2	0
0.845	0	2.545	8.265	4.879	0	0	1	0.643	0.4	0.2	0	0.25	0	0.375
0	0	1.978	2.545	0.845	0	0	1	1	0	0	0.2	0.25	0.25	0.2
3.005	0	8.502	1.877	0	0.333	0	0.5	1	0	0	0	0	0	0
1.877	8.502	3.005	0	9.567	1	0.5	0.333	0	0.25	0	0	0	0	0
29.922	19.905	3.63	2.609	0	0.214	0.274	0.5	0.333	0	0	0.5	0.4	0	1
19.905	8.265	4.879	3.63	29.922	0.274	0.643	0.4	0.5	0.214	0.5	0	0.375	0.4	0
2.279	1.056	0	0	0	1	0	0	0	0	0.8	0.6	1	0.333	1
0	0	0	0	0	0	0	0	0	0	1	0.125	1	0.667	1
0	41.656	0	0	0	0	0.314	0	0	0	0.4	0.5	0.5	0.333	0.2
0	0	0	0	0	0	0	0	0	0	0.667	1	1	1	0
3.136	0.977	7.077	1.056	0	1	0	0.429	0	0	0.4	0.875	0.8	0.6	1
0	2.279	0	0	0	0	1	0	0	0	1	0.8	0.333	0.75	0
0	0	0	0	0	0	0	0	0	0	0	0.667	0.75	0.75	0.143
0	0	0	0	0	0	0	0	0	0	0	0.75	0	0.5	0.125
0	1.896	0	1.905	0	0	1	0	1	0	0.625	0.333	0.667	1	0.667
0	0	0	0	0	0	0	0	0	0	0.125	0	0.5	1	1
0	0	0	0	0	0	0	0	0	0	0.143	0	0.75	0	0.4
1.905	0	0	0	0	1	0	0	0	0	1	0.667	0.625	0.667	0.429
1.056	7.077	3.136	0	2.279	0	0.429	1	0	1	0.6	0.8	0.4	1	0.8
0	0	1.905	0	1.174	0	0	1	0	0	0.667	0.625	1	0.429	0.2
7.077	0	0.977	3.136	1.056	0.429	0	0	1	0	0.8	0.2	0.875	0.4	0.6
0	0	0	0	0	0	0	0	0	0	0.5	0	0	0.125	1
0	0	0	0	0	0	0	0	0	0	0.75	0.333	0.6	0	0
0	0	2.279	0	0	0	0	1	0	0	0.333	1	0.8	1	0.75
0.977	0	0	7.077	3.136	0	0	0	0.429	1	0.875	0.889	0.2	0.8	0.4
0	0	0	0	0	0	0	0	0	0	1	0.5	0.125	1	0.667
0	0	0	0	0	0	0	0	0	0	0.75	0.75	0	0.143	0
0	0	0.898	4.153	0	0	0	0	0.6	0	0.2	0.25	0.75	0.6	1
0	0	3.997	0	0	0	0	1	0	0	0.6	0.667	1	0.5	1
1.627	0	0.789	0.789	0	1	0	0	0	0	0.4	0.2	0.75	0	0
0	0	0	3.298	15.426	0	0	0	0.5	0.781	0	1	0	0	0
0	0	0	0	0	0	0	0	0	0	0	0	0	0	0
0	0.836	0	2.383	0	0	0	0	1	0	1	0	0	0.2	0
0	0	0	0	0	0	0	0	0	0	0.889	0	0	0	0
0	0.789	0	0	0.836	0	0	0	0	0	0.4	0	0	1	0
8.236	12.307	9.06	18.842	9.462	0.583	0.582	0.533	0.452	0.667	0	0.2	0	0	0
0	2.53	0.836	2.53	0	0	0.667	0	0.333	0	0	0	0.667	0	1
9.575	4.895	6.405	0	0.862	0.267	0.667	0.167	0	0	0.444	0.625	0	0.8	0.6
3.305	0	16.115	6.761	0	0.667	0	0.444	0.429	0	0.444	0	0	0	0
12.307	5.219	20.029	9.06	8.236	0.582	0.467	0.394	0.533	0.583	0.2	0	0	0	0
0.862	9.575	0	2.075	6.204	0	0.267	0	0	0.143	0.6	0.444	0.8	0.6	0.8
0	0	2.53	0	0	0	0	0.333	0	0	1	0	0	0.4	0
0	32.626	14.028	17.488	0.785	0	0.278	0.714	0.327	0	0	1	0.333	0.8	0
0	-1	0	0	0	0	-1	0	0	0	0	-1	0	0	0
9.06	20.029	12.307	8.236	18.842	0.533	0.394	0.582	0.583	0.452	0	0	0.2	0	0
6.091	0	5.835	6.074	4.895	0.333	0	0.5	0.5	0.667	0	0	0.2	1	0.625
0	4.666	5.04	0.789	1.627	0	0.3	0.9	0	1	0.2	0	0	0.75	0.4
4.153	0.898	0	0	4.101	0.6	0	0	0	0.7	0.6	0.75	0.2	1	0
0	0	0	13.392	0	0	0	0	0.891	0	0.5	0.4	0.4	0.4	0.667
0	3.997	0	0	3.183	0	1	0	0	0.667	0.5	1	0.6	1	0.2
0	6.405	9.575	0.862	2.075	0	0.167	0.267	0	0	0.8	0	0.444	0.6	0.6
0	3.305	6.761	1.453	0	0	0.667	0.429	0	0	0	0.444	0	0	0
3.298	0	0	15.426	0	0.5	0	0	0.781	0	0	0	0	0	0
6.074	5.835	6.091	4.895	6.405	0.5	0.5	0.333	0.667	0.167	1	0.2	0	0.625	0
0	0	0	0	0	0	0	0	0	0	0	0	0	0	0
0	0	0	0	0	0	0	0	0	0	0	0	0	0	0
0	0	0	0	13.392	0	0	0	0	0.891	0.4	0	0.4	0.5	0.4
9.462	8.236	18.842	6.362	15.059	0.667	0.583	0.452	0.524	0.392	0	0	0	0	0
0	0	0	3.183	20.264	0	0	0	0.667	0.618	1	0.6	0.5	0.2	0.6
0	0	4.153	4.101	0	0	0	0.6	0.7	0	1	0.2	0.6	0	0
6.204	0.862	2.075	0	0.951	0.143	0	0	0	0	0.8	0.6	0.6	0	0
4.895	6.091	6.074	6.405	9.575	0.667	0.333	0.5	0.167	0.267	0.625	0	1	0	0.444
0	0	0	0	0	0	0	0	0	0	0	0.889	0	0.4	1
0	0	13.392	3.997	0	0	0	0.891	1	0	0.667	0.5	0.4	1	0.6
0.785	0	17.488	4.666	5.04	0	0	0.327	0.3	0.9	0	0	0.8	0	0
0	0	0	0.836	0	0	0	0	0	0	1	0	0.4	0	0
0	0	0	0	0	0	0	0	0	0	0.4	0	0	1	0
2.075	0	0.862	6.204	0	0	0	0	0.143	0	0.6	0.8	0.6	0.8	0
14.028	11.624	32.626	0	17.488	0.714	0.667	0.278	0	0.327	0.333	0	1	0	0.8
0.789	5.04	0	1.627	0.789	0	0.9	0	1	0	0.75	0	0.2	0.4	0
0	2.383	0	0	0	0	1	0	0	0	0	0.2	0	0.889	0
0	0.897	0	25.645	5.219	0	0	0	0.498	0.467	0.857	0.4	0	1	0
0.836	0	2.53	0	2.53	0	0	0.667	0	0.333	0.667	0	0	0	0
6.405	6.074	4.895	9.575	0	0.167	0.5	0.667	0.267	0	0	1	0.625	0.444	0.8
0.951	6.204	0	0	0	0	0.143	0	0	0	0	0.8	0	0	0.25
0.898	0	0	0	4.153	0	0	0	0	0.6	0.75	0	0.25	0.2	0.6
0	2.075	6.204	0.951	0	0	0	0.143	0	0	0	0.6	0.8	0	0
5.04	0.785	4.666	0	0.789	0.9	0	0.3	0	0	0	0	0	0.2	0.75
2.909	1.876	2.976	0	0	1	1	1	0	0	0	0	0	0.8	0.333
26.907	10.695	6.774	0	0	0.405	0.8	0.571	0	0	0.6	0.5	1	0.6	0.125
2.979	0.971	0.951	4.992	0	0.333	0	0	0.4	0	0	0	0	0.25	0
0.971	0	0	0.951	2.979	0	0	0	0	0.333	0	0.333	0	0	0
0.929	0	0	17.577	0	0	0	0	0.601	0	0.25	0.25	1	0.25	0
0	0	2.973	0.939	0	0	0	0.333	0	0	0.4	0.375	0	0	0.556
0	0	0	12.348	0	0	0	0	0.439	0	0.857	0	0	0	0.2
2.976	19.445	1.876	2.909	0	1	0.374	1	1	0	0	0.5	0	0	0.8
0.961	0.963	10.702	0	0	0	0	0.382	0	0	0	0.25	0	0	0
4.992	0.951	2.979	0	20.852	0.4	0	0.333	0	0.347	0.25	0	0	0	0
1.914	0	31.576	0	0	1	0	0.32	0	0	0	0.333	0	1	0
0.951	0	0.971	2.979	4.992	0	0	0	0.333	0.4	0	0	0	0	0.25
9.04	0	0	0	5.174	0.944	0	0	0	0.4	0.4	0.6	0.5	0	0
0	14.979	0	0	0	0	0.695	0	0	0	0.6	0.8	0	0	0.2
0	0	0	0	0.971	0	0	0	0	0	0.333	0	0.2	0	0
0	0	0	0.929	17.577	0	0	0	0	0.601	1	0.857	0.25	0.25	0.25
0	0	9.04	5.174	5.835	0	0	0.944	0.4	0.867	0	0.5	0.4	0	0.333
10.695	8.992	0	6.774	26.907	0.8	0.583	0	0.571	0.405	0.5	0.25	0.857	1	0.6
0	0	0	0	7.753	0	0	0	0	0.857	0	0.6	0.2	0.6	0.75
19.445	2.124	1.109	1.876	2.976	0.374	1	0	1	1	0.5	0	0	0	0
12.348	0	0	0	5.797	0.439	0	0	0	1	0	0	0.857	0.2	0.75
6.774	0	10.695	26.907	0	0.571	0	0.8	0.405	0	1	0.857	0.5	0.6	0.6
0	31.576	1.914	0	0	0	0.32	1	0	0	1	0	0	0	0
8.952	0	10.188	0	2.973	0.806	0	0.778	0	0.333	0	0	0	0.375	0
0	15.603	14.979	0	0	0	0.533	0.695	0	0	0	0.25	0.8	0.6	0
0	0	0	0.971	0.951	0	0	0	0	0	0	0.2	0.333	0	0
0	0	0	0	0.929	0	0	0	0	0	0.25	0	0.857	1	0.25
0.939	2.973	0	0	0	0	0.333	0	0	0	0	0	0.4	0.556	0.75
0	31.362	0	0	0	0	0.382	0	0	0	0.2	0	0	0	0.2
6.657	0	0	0	0.926	0.571	0	0	0	0	0	0.6	0.125	0.4	0
10.188	40.429	0	8.952	0	0.778	0.287	0	0.806	0	0	0.2	0	0	0.375
2.973	8.952	0	0	0.939	0.333	0.806	0	0	0	0	0	0.375	0.4	0
8.992	0	0.961	0	10.695	0.583	0	0	0	0.8	0.25	0	0	0.857	0.5
0	17.211	0	0	0	0	0.691	0	0	0	0.6	1	0.25	0.2	0
14.979	15.52	15.603	0	0	0.695	0.714	0.533	0	0	0.8	0.667	0.25	0	0.6
0	0	0	9.04	0	0	0	0	0.944	0	0.5	0	0.6	0.4	0
0	0.939	0	0	0	0	0	0	0	0	0.75	0	0.556	0.6	0
0	0	0	0	0	0	0	0	0	0	0.2	0.6	0	0.333	0
0	0.929	17.577	0	20.495	0	0	0.601	0	0.563	0	0.25	0.25	0.2	0
0	0.961	8.992	10.695	6.774	0	0	0.583	0.8	0.571	0.857	0	0.25	0.5	1
15.52	0	0	15.603	14.979	0.714	0	0	0.533	0.695	0.667	0	0	0.25	0.8
17.211	0	0	0	0	0.691	0	0	0	0	1	0	0.6	0.25	0.6
0	2.976	2.909	0	31.576	0	1	1	0	0.32	0.8	0	0	0.333	0
0	6.774	26.907	0	6.657	0	0.571	0.405	0	0.571	0.6	1	0.6	0.125	0
1.876	1.109	19.445	2.976	2.909	1	0	0.374	1	1	0	0	0.5	0	0
0	0	0	0	0	0	0	0	0	0	0.2	0.25	0.6	0	0.6
38.479	0.982	0	0	0	0.31	0	0	0	0	1	0	0	0	0.2
0	10.188	8.952	2.973	0	0	0.778	0.806	0.333	0	0.375	0	0	0	0.4
31.362	5.704	0	0	0	0.382	0.8	0	0	0	0	0.4	0.143	0	0.2
0	0	0	0	0	0	0	0	0	0	0	0	0.6	0.2	0.333
0	1.914	0	0	0	0	1	0	0	0	0	0	1	0	0
5.704	0	28.878	0	31.362	0.8	0	0.426	0	0.382	0.4	0	0	0.143	0
10.702	0	0.963	0.961	0	0.382	0	0	0	0	0	0	0.25	0	0
0	0	0	0	0	0	0	0	0	0	0.857	0	0	0.25	1
0	0.939	0	0	0	0	0	0	0	0	1	0	0	0.75	0
0	2.909	0	31.576	1.914	0	1	0	0.32	1	0.333	0	0.8	0	0
0	1.777	1.762	1.988	0	0	0	0	0	0	0.333	0	0	0	0.333
0	0	0	0	0	0	0	0	0	0	0	0	0	0	0
0	0	0	0	0	0	0	0	0	0	0	0	0	0	0
4.961	0	2.053	0	0	0.8	0	1	0	0	0.8	0.75	0.889	0.143	0.25
1.988	1.762	0	0	24.08	0	0	0	0	0.279	0	0	0.333	0.333	0.4
0	0	0	0	1.876	0	0	0	0	0	0	0	0	0	0
0	0	0	0	0	0	0	0	0	0	0	0	0	0	0
2.902	0	4.282	4.576	1.992	0.333	0	0.667	0.5	1	0	0	0	0	0
4.736	0	7.202	8.946	31.869	0.8	0	0.619	0.694	0.198	0.625	0.8	0.667	0.444	0.125
0	0	26.202	0	4.662	0	0	0.257	0	0.8	1	0	0	0	0
5.005	0	0	0	7.202	0.9	0	0	0	0.619	0.25	0.75	0.8	0.8	0.667
5.656	0	6.955	0	0.966	0.867	0	0.905	0	0	0.25	0.75	0	1	0.6
0	31.869	0	7.903	10.052	0	0.198	0	0.786	0.622	0	0.125	0.75	0	0
1.876	0	0	0	2.053	0	0	0	0	1	0	0	0	0.75	0.889
4.324	0.966	0.948	0	0	1	0	0	0	0	0.4	0.6	0	0	0
6.885	0	0	0	1.777	0.762	0	0	0	0	0	0.143	0.25	0	0
0	24.08	0.89	0	5.005	0	0.279	0	0	0.9	0.75	0.4	0.2	0.8	0.25
0	0	5.005	7.202	4.736	0	0	0.9	0.619	0.8	0.8	0.8	0.25	0.667	0.625
2.053	1.876	0	4.961	0	1	0	0	0.8	0	0.889	0	0.75	0.8	0.143
6.955	0	0	5.656	0	0.905	0	0	0.867	0	0	0.5	0.75	0.25	1
0	6.955	5.656	0.966	0.948	0	0.905	0.867	0	0	1	0	0.25	0.6	0
0	0	0	0	0	0	0	0	0	0	0	0	0	0	0
8.946	7.202	4.736	31.869	0	0.694	0.619	0.8	0.198	0	0.444	0.667	0.625	0.125	0.75
26.202	0	0	0	0	0.257	0	0	0	0	0	0	0	1	0
0	0	1.988	24.08	0.89	0	0	0	0.279	0	0.333	0.333	0	0.4	0.2
0.89	0	24.08	0	0	0	0	0.279	0	0	0.2	0.333	0.4	0.75	0.8
0	0	1.876	2.053	4.961	0	0	0	1	0.8	0.75	0	0	0.889	0.8
0	0	0	6.955	5.656	0	0	0	0.905	0.867	0.75	0.2	0.5	0	0.25
0	-1	0	0	0	0	-1	0	0	0	0	-1	0	0	0
0	2.053	4.961	0	6.885	0	1	0.8	0	0.762	0.143	0.889	0.8	0.25	0
24.08	1.988	0	0.89	0	0.279	0	0	0	0	0.4	0	0.333	0.2	0.75
19.262	0	1.92	0	17.462	0.582	0	1	0	0.542	0.143	0.333	0.2	0.889	0
0	0	0	0	0	0	0	0	0	0	0.6	0	0.667	0	0.2
0	1.92	19.262	17.462	0	0	1	0.582	0.542	0	0.889	0.2	0.143	0	0.25
0	0	0	1.103	0	0	0	0	0	0	0	1	0	0	0.5
1.92	0	0	19.262	0	1	0	0	0.582	0	0.2	0.5	0.333	0.143	0.889
0	0	0	0	0	0	0	0	0	0	0.667	0	0	0.6	0
1.103	0	0	0	0	0	0	0	0	0	0	0	0	0.5	0.75
0	0	0	0	0	0	0	0	0	0	0	0.8	0	0.667	0.6
17.462	19.262	0	0	0	0.542	0.582	0	0	0	0	0.143	0.889	0.25	0.5
0	0	1.103	0	0	0	0	0	0	0	0.5	0	0	0.75	0.75
0	0	0	1.92	19.262	0	0	0	1	0.582	0.333	0.4	0.5	0.2	0.143
0	0	0	0.864	0	0	0	0	0	0	0.75	0.5	0.75	0.6	0
0	0	0	32.256	0	0	0	0	0.379	0	1	0.25	0.5	0.5	0.8
0	0	0.864	0	0	0	0	0	0	0	0	0.75	0.6	0.5	0.4
32.256	0	0	0	0	0.379	0	0	0	0	0.5	0.5	1	0.8	0
0	0	0	0.925	0.928	0	0	0	0	0	0.25	0	0	0	0.4
0.864	0	0	0	0	0	0	0	0	0	0.6	0.75	0.75	0	0.5
0	0	32.256	0	0	0	0	0.379	0	0	0.8	1	0.5	0	0
0	0	17.462	0	0	0	0	0.542	0	0	0.25	0.889	0	0.5	1
0	1.103	0	0	0.864	0	0	0	0	0	0.75	0	0.5	0.75	0.6
0	0	0	0	0	0	0	0	0	0	0	0	0	0	0
0	0	0	0	0	0	0	0	0	0	0	0	0	0	0
28.709	17.443	9.748	0	20.256	0.563	0.824	0.844	0	0.726	0.4	0.4	0	0.6	0.25
4.781	20.256	0	0	47.352	0.8	0.726	0	0	0.345	0.8	0.25	0.8	0.2	0
0	0	0	0	0	0	0	0	0	0	0	0	0	0	0
0	0	0	0	0	0	0	0	0	0	0	0	0	0	0
17.443	0	11.515	9.748	28.709	0.824	0	0.894	0.844	0.563	0.4	0	0.2	0	0.4
0	0	0	0	0	0	0	0	0	0	0	0	0	0	0
0	0	0	0	0	0	0	0	0	0	0	0	0	0	0
0	0	0	0	0	0	0	0	0	0	0	0	0	0	0
0	0	0	0	0	0	0	0	0	0	0	0	0	0	0
0	0	0	0	0	0	0	0	0	0	0	0	0	0	0
0.952	0	0.981	11.922	33.253	0	0	0	0.818	0.522	0.75	1	0.2	0	0.2
32.073	31.87	19.104	17.247	0.896	0.465	0.553	0.725	0.779	0	0	0	0	0.25	0
0	0	0	0	0	0	0	0	0	0	0	0	0	0	0
0	0	0	0	0	0	0	0	0	0	0	0	0	0	0
0	0	0	0	0	0	0	0	0	0	0	0	0	0	0
0	9.748	28.709	20.256	0	0	0.844	0.563	0.726	0	0.6	0	0.4	0.25	0.8
0	0	10.656	11.515	17.443	0	0	0.891	0.894	0.824	0	0	0.375	0.2	0.4
17.247	19.104	32.073	0.896	0.925	0.779	0.725	0.465	0	0	0.25	0	0	0	0
0	0	0	0	0	0	0	0	0	0	0	0	0	0	0
0	0	0	0	0	0	0	0	0	0	0	0	0	0	0
0	0	0	0	0	0	0	0	0	0	0	0	0	0	0
26.742	6.69	9.732	29.256	14.988	0.595	0.905	0.844	0.488	0.75	0	0	0.444	0	0
0	0	0	0	0	0	0	0	0	0	0	0	0	0	0
0.896	32.073	17.247	0.925	28.768	0	0.465	0.779	0	0.587	0	0	0.25	0	0.25
10.656	0	0	0	11.515	0.891	0	0	0	0.894	0.375	0.4	0	0	0.2
11.515	10.656	0	17.443	9.748	0.894	0.891	0	0.824	0.844	0.2	0.375	0	0.4	0
33.253	0.952	11.922	9.908	6.69	0.522	0	0.818	0.778	0.905	0.2	0.75	0	0	0
0	0	0	0	0	0	0	0	0	0	0	0	0	0	0
0	0	0	0	0	0	0	0	0	0	0	0	0	0	0
0	0	0	0	0	0	0	0	0	0	0.75	0.875	0.8	1	0.25
0	0	0	0	15.091	0	0	0	0	0.657	0	0	0	0	0.6
0	0	0	0	0	0	0	0	0	0	0	0.25	0	0.875	0.8
0	8.147	0	0	0	0	0.893	0	0	0	0	1	1	0.75	0.8
0	0	0	0	0	0	0	0	0	0	0.875	0	0	0.8	0.75
0	6.498	0	0	0	0	0.81	0	0	0	0	0	0	0.875	0.667
15.091	0	0	0	0.974	0.657	0	0	0	0	0.6	0	0	0.6	0
0	0	0	0	0	0	0	0	0	0	0.75	1	0	0.8	0.2
8.147	0	0	0	0	0.893	0	0	0	0	1	0.2	0.667	1	0
0	10.764	6.498	0	0	0	0.764	0.81	0	0	0	0	0	0	0.875
0	0	0	0	0	0	0	0	0	0	0.875	0	0	0.667	0
0	0	0	0	0	0	0	0	0	0	0.8	0	0.75	0.2	0.2
0	0	0	0	0	0	0	0	0	0	0.8	0	0.875	0.75	1
0	0	0	0	0	0	0	0	0	0	0.667	0	0.875	0	0
0	0	0	0	8.147	0	0	0	0	0.893	0.2	1	0.25	0.667	1
0	0	0	0	0	0	0	0	0	0	0	0.875	0.667	0	0.5
0	0	0	15.091	0	0	0	0	0.657	0	0	0	0	0.6	0.6
0	0	0	8.147	0	0	0	0	0.893	0	0.667	0.25	0.2	1	1
0	0	0	0	0	0	0	0	0	0	1	0.8	0.75	0.25	0.2
0	0	0	0	0	0	0	0	0	0	0	1	0.25	0	0.875
0	0	15.091	0.974	0	0	0	0.657	0	0	0.6	0	0.6	0	0
6.498	0	10.764	0	0	0.81	0	0.764	0	0	0	0.5	0	0	0
22.681	0.926	19.279	16.138	25.082	0.758	0	0.865	0.875	0.775	0.4	0.5	0.4	0	0.6
37.949	25.492	24.675	35.953	32.398	0.61	0.707	0.695	0.647	0.653	0.8	1	1	0.8	0.2
18.905	18.914	25.467	33.608	44.593	0.86	0.86	0.775	0.681	0.501	0.875	0.111	0.6	0.5	0.5
33.608	25.467	18.905	44.593	29.536	0.681	0.775	0.86	0.501	0.675	0.5	0.6	0.875	0.5	1
0	0	0	0	0	0	0	0	0	0	0.4	0	0.2	0.4	0.75
27.068	16.654	44.446	28.648	25.907	0.746	0.912	0.545	0.69	0.701	0.8	0.8	0.8	0.4	0.143
44.593	18.905	33.608	29.536	25.492	0.501	0.86	0.681	0.675	0.707	0.5	0.875	0.5	1	1
16.654	36.661	28.542	44.446	27.068	0.912	0.613	0.718	0.545	0.746	0.8	0	0	0.8	0.8
0	4.454	0.879	0	0	0	0.667	0	0	0	0	0.75	0.2	0.111	0
28.648	44.446	27.068	25.907	23.614	0.69	0.545	0.746	0.701	0.738	0.4	0.8	0.8	0.143	0
15.446	6.831	17.909	15.23	5.392	0.463	0.75	0.637	0.433	0.667	0	0.667	0.25	0.375	0.2
0	-1	0	0.926	19.279	0	-1	0	0	0.865	0	-1	0	0.5	0.4
0.879	3.876	4.454	0	0	0	0.333	0.667	0	0	0.2	0.625	0.75	0	0.111
19.279	0	0.926	22.681	16.138	0.865	0	0	0.758	0.875	0.4	0	0.5	0.4	0
15.23	17.909	15.446	5.392	5.895	0.433	0.637	0.463	0.667	0.4	0.375	0.25	0	0.2	0
25.985	25.907	23.614	28.145	21.382	0.764	0.701	0.738	0.707	0.747	0.5	0.143	0	0.2	0
17.909	13.247	6.831	15.446	15.23	0.637	0.819	0.75	0.463	0.433	0.25	0.2	0.667	0	0.375
44.446	28.542	16.654	27.068	28.648	0.545	0.718	0.912	0.746	0.69	0.8	0	0.8	0.8	0.4
29.536	33.608	44.593	25.492	24.675	0.675	0.681	0.501	0.707	0.695	1	0.5	0.5	1	1
18.914	24.723	31.683	25.467	18.905	0.86	0.708	0.724	0.775	0.86	0.111	0.2	0.8	0.6	0.875
0	0.879	0	0	0	0	0	0	0	0	0.111	0.2	0	0	0.5
4.735	5.895	4.574	3.876	4.454	0.5	0.4	0.333	0.333	0.667	0.6	0	0.8	0.625	0.75
29.931	35.953	32.398	36.661	28.542	0.662	0.647	0.653	0.613	0.718	0.889	0.8	0.2	0	0
0.926	0	0	19.279	22.681	0	0	0	0.865	0.758	0.5	0	0	0.4	0.4
6.831	23.339	13.247	17.909	15.446	0.75	0.677	0.819	0.637	0.463	0.667	0.5	0.2	0.25	0
24.675	29.536	25.492	37.949	35.953	0.695	0.675	0.707	0.61	0.647	1	1	1	0.8	0.8
4.574	5.392	5.895	4.735	3.876	0.333	0.667	0.4	0.5	0.333	0.8	0.2	0	0.6	0.625
28.542	29.931	36.661	16.654	44.446	0.718	0.662	0.613	0.912	0.545	0	0.889	0	0.8	0.8
32.398	37.949	35.953	29.931	36.661	0.653	0.61	0.647	0.662	0.613	0.2	0.8	0.8	0.889	0
4.454	4.735	3.876	0.879	0	0.667	0.5	0.333	0	0	0.75	0.6	0.625	0.2	0
25.467	31.683	18.914	18.905	33.608	0.775	0.724	0.86	0.86	0.681	0.6	0.8	0.111	0.875	0.5
0	18.911	0	0	0	0	0.719	0	0	0	0.667	0	1	1	0.8
0	0	0	0	0	0	0	0	0	0	0	0	0	0	0
0	0	0	0	0	0	0	0	0	0	0.8	0	1	1	0
0	0	5.843	0	0	0	0	0.933	0	0	0.75	0.4	1	0.625	0.556
0	0	0	0	0	0	0	0	0	0	0.25	0	0	0	1
0	0	0	0	0	0	0	0	0	0	1	0.25	0	0.8	1
0	0	18.911	0	0	0	0	0.719	0	0	1	0.333	0	0.667	1
2.952	0	0	0	11.043	0	0	0	0	0.879	0.8	0.4	0.2	0.6	0
0	0	0	0	0	0	0	0	0	0	0.8	0	0.25	0	0.25
0	0	0	0	0	0	0	0	0	0	0	0.8	1	1	0.4
0	0	0	0	0	0	0	0	0	0	1	1	0	0.4	0.2
0	0	0	8.914	18.951	0	0	0	0.786	0.669	0	0	0	0	0
0	0	0	1.08	4.457	0	0	0	0	0.8	1	0	0	0.2	0.8
0	0	0	0	0	0	0	0	0	0	0	0	0	0	0
0	0	0	0	0	0	0	0	0	0	1	1	0.8	0	1
0	0	0	0	0	0	0	0	0	0	0.4	0	1	0.2	0
0	0.878	0	2.952	0	0	0	0	0	0	0.2	0.333	0.4	0.8	0.6
0	0	0	0	0	0	0	0	0	0	1	1	0.667	0.8	0.2
18.951	0	8.914	28.551	28.017	0.669	0	0.786	0.508	0.551	0	0	0	0	0
0	9.139	0	0	1.08	0	0.972	0	0	0	0	0.4	0	1	0.2
0	5.843	0	0	1.139	0	0.933	0	0	0	0.625	1	0.75	0.556	0.778
4.457	0	1.08	0	34.16	0.8	0	0	0	0.485	0.8	1	0.2	0	0
0	0	0	0	0	0	0	0	0	0	0	0.8	0.2	0.4	0
8.914	0	0	18.951	28.551	0.786	0	0	0.669	0.508	0	0	0	0	0
0.878	0	1.139	0	0	0	0	0	0	0	0.333	0.556	0.778	0.4	0.2
1.08	0	0	4.457	0	0	0	0	0.8	0	0.2	0	1	0.8	0
18.911	0	0	0	0	0.719	0	0	0	0	0	0.25	0.333	1	0.667
0	0	0	18.911	0	0	0	0	0.719	0	0.333	0	0.25	0	1
0	0	0	0	0	0	0	0	0	0	0	0	0	0	0
0	0	0	1.139	0.878	0	0	0	0	0	0.556	0.75	0.625	0.778	0.333
1.139	0	0	0.878	0	0	0	0	0	0	0.778	0.625	0.556	0.333	0.4
28.017	18.951	28.551	10.487	14.013	0.551	0.669	0.508	0.722	0.742	0	0	0	0	0
0	0	0	0	0	0	0	0	0	0	0.75	0.778	0.4	0.5	1
5.693	4.964	0	0	0	1	0.8	0	0	0	0	0.625	0.889	0	0.75
0	3.672	4.964	5.693	0	0	1	0.8	1	0	0.889	0	0.625	0	0
0	0	0	0	0	0	0	0	0	0	0.778	0	0	0.4	0.75
0	0.882	5.655	0.853	0.853	0	0	0.667	0	0	1	0.2	0	0.111	0.2
0.853	0	0	0.882	5.655	0	0	0	0	0.667	0.6	0	0	0.2	0
0.924	0	0	0	20.189	0	0	0	0	0.532	0	0	0	0	0
0	0	0	0	0	0	0	0	0	0	0	0	0	0.778	0.4
0	0	0	0	0	0	0	0	0	0	0.4	0	0.778	0.75	0.5
0	8.271	1.904	0	11.754	0	0.714	1	0	0.727	0.8	0.8	0	0.25	0.6
4.964	0	3.672	0	5.693	0.8	0	1	0	1	0.625	0.4	0	0.889	0
16.063	0	3.152	0	0	0.629	0	1	0	0	0	1	0.25	0.286	0
0	0	0	0	0	0	0	0	0	0	1	0.75	0.5	0.8	1
0	0	5.693	0	3.778	0	0	1	0	0.833	0	0.889	0	0.75	0
0	20.189	7.421	0.88	0.989	0	0.532	0.536	0	0	1	0	0	0	0
0	0	0	0	0.853	0	0	0	0	0	0	0	0	0	0.6
0	0	0	0.924	0	0	0	0	0	0	0	0.2	0	0	0
11.754	0	0	1.919	0	0.727	0	0	0	0	0.6	0.8	0.25	0	0.2
0	0	0	0	3.152	0	0	0	0	1	0.8	0.5	1	1	0.25
0	0	0.924	20.189	7.421	0	0	0	0.532	0.536	0	0	0	0	0
3.672	0.915	0	4.964	0	1	0	0	0.8	0	0	0	0.4	0.625	0.889
0	0	0	0	0	0	0	0	0	0	0	0	0	0	0.778
0	0	0	0	0	0	0	0	0	0	0	0	0	0	0
10.575	4.809	6.405	6.122	12.48	0.382	0.6	0.571	0.19	0.295	0	0	0	0	0
0	0	0	0	0	0	0	0	0	0	0	0	0	0.286	0.2
6.405	8.361	4.809	10.575	6.122	0.571	0.444	0.6	0.382	0.19	0	0	0	0	0
4.722	5.962	7.447	3.771	0	0.5	0.333	0.393	0.667	0	0	0	0	0.4	0
0	0	0	0	0	0	0	0	0	0	0	0.333	0.333	0.125	0.25
0	1.193	0	1.724	0	0	0	0	0	0	0.125	0	0.444	0	0
12.225	15.504	17.245	10.378	11.854	0.652	0.581	0.515	0.644	0.561	0	0.2	0	0	0
0	0	0	0	0	0	0	0	0	0	0	0	0.2	0.4	0
15.15	13.847	15.205	14.487	12.75	0.615	0.705	0.626	0.637	0.652	0	0.2	0.2	0	0
2.614	0	2.723	0	0.85	1	0	0.333	0	0	0	0.2	0	0.2	0.2
4.809	15.605	8.361	6.405	10.575	0.6	0.412	0.444	0.571	0.382	0	0	0	0	0
7.447	4.785	5.962	4.722	3.771	0.393	0.5	0.333	0.5	0.667	0	0	0	0	0.4
0	0	0	0	0	0	0	0	0	0	0	0	0.4	0	0.2
0	4.432	0	0	0	0	0	0	0	0	0	0	0	0	0.2
1.193	0	0	0	0	0	0	0	0	0	0	0	0.2	0.444	0.125
0	2.723	2.614	0.85	0	0	0.333	1	0	0	0.2	0	0	0.2	0.25
0	0	2.645	0	0	0	0	0.667	0	0	0.286	0	0.4	0.2	0.2
0.85	2.614	0	0	0.915	0	1	0	0	0	0.2	0	0.2	0.25	0.6
5.962	1.795	4.785	7.447	4.722	0.333	1	0.5	0.393	0.5	0	0.2	0	0	0
0	0	0.85	0.915	13.952	0	0	0	0	0.319	0.25	0.2	0.2	0.6	0
2.645	3.771	0	0	0	0.667	0.667	0	0	0	0.4	0.4	0	0.286	0.2
0	0	1.193	0	1.724	0	0	0	0	0	0.444	0.2	0	0.125	0
0	4.722	3.771	2.645	0	0	0.5	0.667	0.667	0	0	0	0.4	0.4	0.286
15.605	11.854	12.065	8.361	4.809	0.412	0.561	0.436	0.444	0.6	0	0	0	0	0
1.795	6.122	12.48	4.785	5.962	1	0.19	0.295	0.5	0.333	0.2	0	0	0	0
4.785	12.48	1.795	5.962	7.447	0.5	0.295	1	0.333	0.393	0	0	0.2	0	0
1.788	0	0	0	0	0	0	0	0	0	0.222	0	0.2	0.2	0
13.847	10.945	10.955	15.205	15.15	0.705	0.8	0.756	0.626	0.615	0.2	0	0	0.2	0
0	0	0	0.863	0	0	0	0	0	0	0.2	0.286	0.2	0	0.333
10.378	17.245	12.225	11.854	12.065	0.644	0.515	0.652	0.561	0.436	0	0	0	0	0
12.48	10.575	6.122	1.795	4.785	0.295	0.382	0.19	1	0.5	0	0	0	0.2	0
13.952	0	0.915	9.259	7.993	0.319	0	0	0.556	0.643	0	0.25	0.6	0	0
15.205	10.955	13.847	15.15	14.487	0.626	0.756	0.705	0.615	0.637	0.2	0	0.2	0	0
0	0	0	0	0	0	0	0	0	0	0.4	0.2	0	0	0
14.487	15.205	15.15	12.75	15.504	0.637	0.626	0.615	0.652	0.581	0	0.2	0	0	0.2
0	0	0	0	1.788	0	0	0	0	0	0	0.4	0	0.2	0.222
7.993	13.952	9.259	0	5.709	0.643	0.319	0.556	0	0.733	0	0	0	0.5	0.2
0	0	1.788	0	0	0	0	0	0	0	0.2	0.2	0.222	0	0
0.863	0	0	0	0	0	0	0	0	0	0	0.2	0.2	0.333	0.333
15.504	14.487	12.75	17.245	12.225	0.581	0.637	0.652	0.515	0.652	0.2	0	0	0	0
6.122	6.405	10.575	12.48	1.795	0.19	0.571	0.382	0.295	1	0	0	0	0	0.2
12.065	10.378	11.854	15.605	8.361	0.436	0.644	0.561	0.412	0.444	0	0	0	0	0
3.771	7.447	4.722	0	2.645	0.667	0.393	0.5	0	0.667	0.4	0	0	0	0.4
0	0	0	1.193	0	0	0	0	0	0	0.2	0	0	0	0.444
6.977	0	24.778	0	3.048	0.893	0	0.647	0	1	0	0.6	1	0.8	0.2
0	0	51.872	0	0	0	0	0.318	0	0	0	0.2	0.25	1	0.2
24.778	0.792	0	6.977	0	0.647	0	0	0.893	0	1	0.5	0.6	0	0.8
20.201	12.23	0	10.147	3.581	0.762	0.808	0	0.836	1	0.4	0.25	0	0	0.714
0.792	3.581	8.76	0	24.778	0	1	0.889	0	0.647	0.5	0.714	0	0.6	1
51.872	0	0	0	0	0.318	0	0	0	0	0.25	0.2	0.2	0	1
0	3.048	0	0	51.872	0	1	0	0	0.318	0.2	0.2	0.4	0.2	0.25
7.688	0	0	0	21.546	0.778	0	0	0	0.684	0.6	0.5	0	0.857	0
9.178	0	0	0	0	0.978	0	0	0	0	0	0.2	0	0	0
0	0	3.048	0	0	0	0	1	0	0	0.4	0.8	0.2	0.2	0.2
0	0	0	0	7.688	0	0	0	0	0.778	0.5	0	0	0	0.6
8.76	10.147	3.581	0.792	0	0.889	0.836	1	0	0	0	0	0.714	0.5	0.6
10.147	0	20.201	3.581	8.76	0.836	0	0.762	1	0.889	0	0	0.4	0.714	0
0	39.149	2.445	38.464	1.687	0	0.475	1	0.438	1	0	1	0	0.889	0.8
0	0	9.178	0	0	0	0	0.978	0	0	0	0	0	0	0
1.687	0	38.464	0	3.63	1	0	0.438	0	1	0.8	0	0.889	0.2	0.6
0	9.178	0	0	0	0	0.978	0	0	0	0	0	0	0	0
0	0	0	7.688	0	0	0	0	0.778	0	0	0	0.5	0.6	0.857
3.048	6.977	0	0	0	1	0.893	0	0	0	0.2	0	0.8	0.4	0.2
0	0	0	0	0	0	0	0	0	0	0	0	0	0	0
38.464	2.445	0	1.687	0	0.438	1	0	1	0	0.889	0	0	0.8	0.2
0	24.778	6.977	3.048	0	0	0.647	0.893	1	0	0.8	1	0	0.2	0.4
3.581	20.201	10.147	8.76	0.792	1	0.762	0.836	0.889	0	0.714	0.4	0	0	0.5
0	0	0	0	0	0	0	0	0	0	0	0	0	0	0
8.803	10.603	9.425	9.669	8.494	0.311	0.4	0.444	0.222	0.278	0	0	0	0.125	0
2.524	2.701	0.843	0	4.454	0.333	0	0	0	0.167	0	0	0.4	0.333	0.25
8.013	0	4.454	2.503	10.63	0.444	0	0.167	0	0.455	0.5	0.333	0.25	0.4	0
1.583	0	0	0	1.059	0	0	0	0	0	0	0.6	0.5	0.8	0.4
0	7.901	0	0	0	0	0.238	0	0	0	0.2	0.444	0.444	1	0.25
0	0.812	0	0	1.066	0	0	0	0	0	0.8	0	0.4	0.6	0.6
0	0	0.812	0	0	0	0	0	0	0	0.4	0	0	0.8	0.6
0	0	0	0.812	0	0	0	0	0	0	0	0	0	0	0.4
1.066	0	0	0	1.066	0	0	0	0	0	0.6	0.8	0.6	0	0
0	0	0	0	0	0	0	0	0	0	0.25	0.2	1	0.375	0.5
0.843	0	2.701	2.524	0	0	0	0	0.333	0	0.4	0	0	0	0.333
2.701	0	0	0.843	2.524	0	0	0	0	0.333	0	0	0	0.4	0
4.454	2.524	0	8.013	2.503	0.167	0.333	0	0.444	0	0.25	0	0.333	0.5	0.4
0.832	10.833	0	0.841	2.411	0	0.164	0	0	1	0.6	0.2	0.5	0	0
0	3.722	7.901	0	0	0	0.667	0.238	0	0	0.444	0.333	0.444	0.2	1
0	0	0	1.066	0	0	0	0	0	0	0.6	0.4	0.8	0.6	0
0	0.843	2.524	4.454	8.013	0	0	0.333	0.167	0.444	0.333	0.4	0	0.25	0.5
10.006	0	0	0	0	0.361	0	0	0	0	0.2	0.375	0.5	0.75	0.6
2.503	4.454	8.013	10.63	7.545	0	0.167	0.444	0.455	0.429	0.4	0.25	0.5	0	0.333
0	0	10.006	0	0	0	0	0.361	0	0	0.75	0.5	0.2	0.6	0.5
0	0	1.066	0	0.845	0	0	0	0	0	1	0	0	0.2	0
0	0	0	0	0	0	0	0	0	0	1	0.444	0.2	0.25	0.375
0	0	0	0	10.006	0	0	0	0	0.361	0.375	1	0.25	0.5	0.2
16.965	10.63	7.545	8.28	7.143	0.235	0.455	0.429	0.222	0.81	0	0	0.333	0	0.4
22.829	0	0	0	1.807	0.652	0	0	0	0	0.4	0.333	1	0.5	0
8.653	0	0	0.882	44.169	0.833	0	0	0	0.333	0.8	1	0.75	0.6	0.714
44.671	11.511	3.861	6.407	22.114	0.319	0.864	1	0.867	0.58	0	0	1	1	0.2
0.952	3.809	0	0	0	0	0.5	0	0	0	0.667	0	0.6	0	0.4
0	0	0	22.829	0	0	0	0	0.652	0	1	0.4	0.333	0.4	0.5
37.307	0	4.41	0	2.15	0.326	0	1	0	1	0	0	0	0	0
0	-1	0	0	11.726	0	-1	0	0	0.764	0	-1	1	0.111	0
25.609	48.96	10.974	22.946	9.741	0.467	0.294	0.6	0.545	0.722	0.25	0.4	0.6	0.667	0
3.772	0.986	0	0	0	0.5	0	0	0	0	0	0	0	0	0
0.882	0	8.653	44.169	0	0	0	0.833	0.333	0	0.6	0.75	0.8	0.714	1
2.15	37.307	0	0	5.714	1	0.326	0	0	0.8	0	0	0	0	0
0	0	0	0	0	0	0	0	0	0	0.6	0	0	0	0
6.407	3.861	44.671	22.114	33.612	0.867	1	0.319	0.58	0.394	1	1	0	0.2	0.8
0	0	0	11.726	13.099	0	0	0	0.764	0.615	0.111	1	0	0	0
0	0	0	22.261	0	0	0	0	0.522	0	1	0	1	1	0.333
1.878	1.768	0	0	27.301	1	1	0	0	0.439	0	0	0	1	0.667
25.919	0	0	29.222	17.766	0.535	0	0	0.416	0.647	0.2	0	0	0	0.8
0	0	0	0	0	0	0	0	0	0	0.889	0.75	0.25	0	0
7.338	0	5.714	0	0	0.786	0	0.8	0	0	0	0	0	0	0
0	19.319	2.141	0	8.653	0	0.696	1	0	0.833	1	0.2	0.75	0.75	0.8
0	0	0	0	22.261	0	0	0	0	0.522	1	1	0	1	1
33.612	6.407	22.114	3.949	17.066	0.394	0.867	0.58	1	0.64	0.8	1	0.2	0.333	0
0	0	8.487	0	0	0	0	0.778	0	0	0.2	0	0.8	0	0
10.974	17.198	48.96	25.609	22.946	0.6	0.516	0.294	0.467	0.545	0.6	0.75	0.4	0.25	0.667
27.301	1.878	0	3.616	7.385	0.439	1	0	1	0.429	0.667	0	1	0.75	0.8
22.114	44.671	6.407	33.612	3.949	0.58	0.319	0.867	0.394	1	0.2	0	1	0.8	0.333
0	0	0	0	0	0	0	0	0	0	0.75	0	0	0.25	0.889
0	0.876	1.768	1.878	0	0	0	1	1	0	0	0	0	0	1
0	0	1.878	27.301	3.616	0	0	1	0.439	1	1	0	0	0.667	0.75
7.385	27.301	3.616	0	0	0.429	0.439	1	0	0	0.8	0.667	0.75	0	1
0	0	0	0	0	0	0	0	0	0	0	0.25	0.889	0	0.2
0	0	0	0	0	0	0	0	0	0	0	0	0	0.6	0
0.876	2.111	0	1.768	0	0	1	0	1	0	0	0.2	0	0	0
44.169	8.653	0.882	0	11.362	0.333	0.833	0	0	0.788	0.714	0.8	0.6	1	0
2.111	0.881	0	0	0.876	1	0	0	0	0	0.2	0.2	0	0	0
0	0	0	0	0	0	0	0	0	0	0	0	0	0	0
0	0	0	0	0	0	0	0	0	0	0	0	0	0	0
0	0	0	0	0	0	0	0	0	0	0	0	0	0	0
0	0	0	0	0	0	0	0	0	0	0	0	0	0	0
0	0	0	0	0	0	0	0	0	0	0	0	0	0	0
0	0	0	0	0	0	0	0	0	0	0	0	0	0	0
0	0	0	0	0	0	0	0	0	0	0	0	0	0	0
0	0	0	0	0	0	0	0	0	0	0	0	0	0	0
0	0	0	0	0	0	0	0	0	0	0	0	0	0	0
0	0	0	0	0	0	0	0	0	0	0	0	0	0	0
0	0	0	0	0	0	0	0	0	0	0	0	0	0	0
0	0	0	0	0	0	0	0	0	0	0	0	0	0	0
0	0	0	0	0	0	0	0	0	0	0	0	0	0	0
0	0	0	0	0	0	0	0	0	0	0	0	0	0	0
0	-1	0	0	0	0	-1	0	0	0	0	-1	0	0	0
0	0	0	0	0	0	0	0	0	0	0	0	0	0	0
0	0	0	0	0	0	0	0	0	0	0	0	0	0	0
0	0	0	0	0	0	0	0	0	0	0	0	0	0	0
0	0	0	0	0	0	0	0	0	0	0	0	0	0	0
0	0	0	0	0	0	0	0	0	0	0	0	0	0	0
0	0	0	0	0	0	0	0	0	0	0	0	0	0	0
0	0	0	0	0	0	0	0	0	0	0	0	0	0	0
0.85	2.614	0	0	0.915	0	1	0	0	0	0.2	0	0.2	0.25	0.6
4.809	15.605	8.361	6.405	10.575	0.6	0.412	0.444	0.571	0.382	0	0	0	0	0
0	0	0.85	0.915	13.952	0	0	0	0	0.319	0.25	0.2	0.2	0.6	0
1.788	0	0	0	0	0	0	0	0	0	0.222	0	0.2	0.2	0
6.405	8.361	4.809	10.575	6.122	0.571	0.444	0.6	0.382	0.19	0	0	0	0	0
0	0	0	0.863	0	0	0	0	0	0	0.2	0.286	0.2	0	0.333
0	2.723	2.614	0.85	0	0	0.333	1	0	0	0.2	0	0	0.2	0.25
6.122	6.405	10.575	12.48	1.795	0.19	0.571	0.382	0.295	1	0	0	0	0	0.2
0.863	0	0	0	0	0	0	0	0	0	0	0.2	0.2	0.333	0.333
7.447	4.785	5.962	4.722	3.771	0.393	0.5	0.333	0.5	0.667	0	0	0	0	0.4
14.487	15.205	15.15	12.75	15.504	0.637	0.626	0.615	0.652	0.581	0	0.2	0	0	0.2
13.952	0	0.915	9.259	7.993	0.319	0	0	0.556	0.643	0	0.25	0.6	0	0
1.193	0	0	0	0	0	0	0	0	0	0	0	0.2	0.444	0.125
2.614	0	2.723	0	0.85	1	0	0.333	0	0	0	0.2	0	0.2	0.2
5.962	1.795	4.785	7.447	4.722	0.333	1	0.5	0.393	0.5	0	0.2	0	0	0
15.15	13.847	15.205	14.487	12.75	0.615	0.705	0.626	0.637	0.652	0	0.2	0.2	0	0
0	0	0	0	0	0	0	0	0	0	0	0	0	0.286	0.2
12.48	10.575	6.122	1.795	4.785	0.295	0.382	0.19	1	0.5	0	0	0	0.2	0
0	0	1.193	0	1.724	0	0	0	0	0	0.444	0.2	0	0.125	0
0	0	0	1.193	0	0	0	0	0	0	0.2	0	0	0	0.444
1.795	6.122	12.48	4.785	5.962	1	0.19	0.295	0.5	0.333	0.2	0	0	0	0
10.945	11.853	10.903	10.955	13.847	0.8	0.764	0.778	0.756	0.705	0	0	0	0	0.2
0	0	2.645	0	0	0	0	0.667	0	0	0.286	0	0.4	0.2	0.2
0	0	1.788	0	0	0	0	0	0	0	0.2	0.2	0.222	0	0
0	0	0	0	0	0	0	0	0	0	0	0.333	0.333	0.125	0.25
0	0	0	0	0	0	0	0	0	0	0.4	0.2	0	0	0
15.605	11.854	12.065	8.361	4.809	0.412	0.561	0.436	0.444	0.6	0	0	0	0	0
7.993	13.952	9.259	0	5.709	0.643	0.319	0.556	0	0.733	0	0	0	0.5	0.2
4.785	12.48	1.795	5.962	7.447	0.5	0.295	1	0.333	0.393	0	0	0.2	0	0
0	4.432	0	0	0	0	0	0	0	0	0	0	0	0	0.2
2.645	3.771	0	0	0	0.667	0.667	0	0	0	0.4	0.4	0	0.286	0.2
0	0	0	0	0	0	0	0	0	0	0	0	0.2	0.4	0
12.065	10.378	11.854	15.605	8.361	0.436	0.644	0.561	0.412	0.444	0	0	0	0	0
3.771	7.447	4.722	0	2.645	0.667	0.393	0.5	0	0.667	0.4	0	0	0	0.4
8.361	12.065	15.605	4.809	6.405	0.444	0.436	0.412	0.6	0.571	0	0	0	0	0
15.205	10.955	13.847	15.15	14.487	0.626	0.756	0.705	0.615	0.637	0.2	0	0.2	0	0
4.722	5.962	7.447	3.771	0	0.5	0.333	0.393	0.667	0	0	0	0	0.4	0
0	0	0	0	1.788	0	0	0	0	0	0	0.4	0	0.2	0.222
0	1.193	0	1.724	0	0	0	0	0	0	0.125	0	0.444	0	0
10.575	4.809	6.405	6.122	12.48	0.382	0.6	0.571	0.19	0.295	0	0	0	0	0
0	0	0	0	0	0	0	0	0	0	0	0	0.4	0	0.2
0	17.011	10.617	1.958	9.942	0	0.203	0.364	0	0.511	0.6	0.4	0	0.25	0
11.146	28.477	13.886	3.762	34.452	0.964	0.51	0.782	0.833	0.379	0.4	0.5	0.2	0.6	0.222
0.914	0	0	1.952	28.477	0	0	0	1	0.51	0.6	0.333	0.667	0	0.5
8.519	0	13.281	17.242	4.702	0.556	0	0.436	0.412	0.7	0	0	0	0.2	0
0	0	26.702	0	0.907	0	0	0.502	0	0	0.667	0.25	0.5	0.2	0
38.293	0	3.694	0	0	0.35	0	0.333	0	0	0.444	0	0.375	0.2	0
2.898	0	0.907	0	0	1	0	0	0	0	0.333	0.2	0	0.6	0
45.881	3.222	20.978	0	18.425	0.292	1	0.663	0	0.712	0	0.333	0	0	0
0	14.492	21.905	0	0	0	0.692	0.554	0	0	0.75	0	0.2	0.75	0.6
13.886	1.952	28.477	11.146	3.762	0.782	1	0.51	0.964	0.833	0.2	0	0.5	0.4	0.6
26.702	0	0	0	0	0.502	0	0	0	0	0.5	0.6	0.25	0.667	0.2
4.639	1.958	9.942	0.895	0	0.9	0	0.511	0	0	0	0.25	0	0.4	0
2.806	4.702	8.436	3.752	17.16	1	0.7	0.722	0.5	0.397	0	0	0	0	0
1.958	10.617	0	9.942	4.639	0	0.364	0	0.511	0.9	0.25	0	0.6	0	0
0	3.762	34.452	7.471	3.222	0	0.833	0.379	0.762	1	0	0.6	0.222	0	0.333
0	20.978	45.881	18.425	3.095	0	0.663	0.292	0.712	0.667	0	0	0	0	0.5
0	0.907	2.898	0	3.694	0	0	1	0	0.333	0.6	0	0.333	0	0.375
18.425	45.881	0	3.095	15.975	0.712	0.292	0	0.667	0.85	0	0	0	0.5	0
20.978	7.471	3.222	45.881	0	0.663	0.762	1	0.292	0	0	0	0.333	0	0
26.675	0	0.906	4.625	18.298	0.362	0	0	0.3	0.52	0	0	0	0	0
3.762	13.886	11.146	34.452	0	0.833	0.782	0.964	0.379	0	0.6	0.2	0.4	0.222	0
10.617	0	17.011	0	1.958	0.364	0	0.203	0	0	0	0	0.4	0.6	0.25
34.452	11.146	3.762	0	7.471	0.379	0.964	0.833	0	0.762	0.222	0.4	0.6	0	0
3.095	0	18.425	15.975	6.836	0.667	0	0.712	0.85	0.952	0.5	0	0	0	0
0.895	9.942	4.639	0	13.281	0	0.511	0.9	0	0.436	0.4	0	0	0	0
17.011	2.002	0	10.617	0	0.203	0	0	0.364	0	0.4	0	0	0	0.6
0.906	0	0	26.675	4.625	0	0	0	0.362	0.3	0	0.556	0	0	0
8.759	8.021	8.859	17.14	20.789	0.778	0.786	0.806	0.255	0.199	0	0	0	0	0.143
0	0	0	-1	-1	0	0	0	-1	-1	0	0	0	-1	-1
0	0	0	5.284	1.712	0	0	0	0.467	0	0	0.25	0.2	0.5	0
0	0	3.438	0	0	0	0	0	0	0	0.25	0	0	0.2	0
0.88	0	6.579	0	0	0	0	0.476	0	0	0	0.125	0.125	0	0.4
6.579	0	0	0.88	0	0.476	0	0	0	0	0.125	0.4	0.125	0	0
3.816	2.826	0	3.692	0	0.333	0.667	0	0.333	0	0	0	0	0.2	0.333
0	4.701	0	0	6.579	0	0.6	0	0	0.476	0.4	0.25	0	0.125	0.125
0	0	6.775	0	0	0	0	0.429	0	0	0	0	0.333	0	0.25
0	0	0	6.579	0.88	0	0	0	0.476	0	0.125	0	0.4	0.125	0
0	3.816	3.692	0	6.775	0	0.333	0.333	0	0.429	0.333	0	0.2	0	0.333
8.859	9.037	8.021	8.759	17.14	0.806	0.806	0.786	0.778	0.255	0	0	0	0	0
8.021	10.76	9.037	8.859	8.759	0.786	0.655	0.806	0.806	0.778	0	0	0	0	0
16.552	17.935	16.1	11.94	9.897	0.4	0.418	0.408	0.576	0.689	0	0	0	0	0
3.438	0	0	0	0	0	0	0	0	0	0	0	0	0.25	0.2
2.826	17.14	20.789	0	3.816	0.667	0.255	0.199	0	0.333	0	0	0.143	0	0
9.037	9.897	10.76	8.021	8.859	0.806	0.689	0.655	0.786	0.806	0	0	0	0	0
12.326	11.574	12.517	13.006	11.82	0.564	0.622	0.582	0.53	0.6	0	0.2	0	0	0
10.76	11.94	9.897	9.037	8.021	0.655	0.576	0.689	0.806	0.786	0	0	0	0	0
0	3.676	0.854	0	3.438	0	0.333	0	0	0	0	0.333	0.111	0	0
11.94	16.1	16.552	9.897	10.76	0.576	0.408	0.4	0.689	0.655	0	0	0	0	0
13.006	12.517	12.326	11.82	11.795	0.53	0.582	0.564	0.6	0.564	0	0	0	0	0
6.775	0	0	0	0	0.429	0	0	0	0	0.333	0.333	0	0	0
1.712	0	5.284	0	0	0	0	0.467	0	0	0	0	0.5	0.571	0.2
0	0	4.701	0	0	0	0	0.6	0	0	0	0	0.25	0.4	0.125
11.82	12.326	13.006	11.795	13.465	0.6	0.564	0.53	0.564	0.462	0	0	0	0	0
3.692	0	3.816	0	0	0.333	0	0.333	0	0	0.2	0	0	0.333	0
11.795	13.006	11.82	13.465	17.935	0.564	0.53	0.6	0.462	0.418	0	0	0	0	0
17.14	8.859	8.759	20.789	2.826	0.255	0.806	0.778	0.199	0.667	0	0	0	0.143	0
20.789	8.759	17.14	2.826	0	0.199	0.778	0.255	0.667	0	0.143	0	0	0	0
0	0.854	0	3.438	0	0	0	0	0	0	0	0.111	0	0	0.25
9.897	16.552	11.94	10.76	9.037	0.689	0.4	0.576	0.655	0.806	0	0	0	0	0
2.824	31.39	28.621	8.315	13.882	0.667	0.333	0.455	0.778	0.846	0.2	0	1	0.143	0.429
0	17.597	1.737	0	24.672	0	0.706	1	0	0.542	0.625	0.4	0.5	0.333	0.2
0	1.737	0	24.672	12.532	0	1	0	0.542	0.864	0.333	0.5	0.625	0.2	0.4
18.667	7.675	19.113	9.219	30.806	0.643	0.893	0.567	0.689	0.252	0	0	0.2	0	0.111
19.113	2.669	7.675	18.667	9.219	0.567	1	0.893	0.643	0.689	0.2	0	0	0	0
26.431	0	19.759	31.39	28.621	0.447	0	0.626	0.333	0.455	0	0.6	0	0	1
24.672	0	0	12.532	0	0.542	0	0	0.864	0	0.2	0.625	0.333	0.4	0.6
0	0	0	2.706	3.749	0	0	0	0.333	0.333	0.2	0	0.2	0	0
19.622	2.746	15.034	17.597	1.737	0.591	1	0.667	0.706	1	0	0.2	0.333	0.4	0.5
1.737	19.622	17.597	0	0	1	0.591	0.706	0	0	0.5	0	0.4	0.625	0.333
0	2.717	0.883	3.912	0	0	1	0	0.5	0	0.6	0.25	0.286	0.375	0.2
2.746	8.811	3.556	15.034	19.622	1	0.833	0.833	0.667	0.591	0.2	0.6	0	0.333	0
9.219	19.113	18.667	30.806	6.493	0.689	0.567	0.643	0.252	0.619	0	0.2	0	0.111	0.6
0	15.853	1.866	1.832	2.817	0	0.392	1	1	1	0.625	0	0	0.143	0.2
15.034	3.556	2.746	19.622	17.597	0.667	0.833	1	0.591	0.706	0.333	0	0.2	0	0.4
17.597	15.034	19.622	1.737	0	0.706	0.667	0.591	1	0	0.4	0.333	0	0.5	0.625
0	1.832	2.817	0	7.561	0	1	1	0	0.464	0	0.143	0.2	0.2	0
19.759	12.532	0	26.431	31.39	0.626	0.864	0	0.447	0.333	0	0.4	0.6	0	0
9.573	13.882	21.296	13.603	19.883	0.822	0.846	0.642	0.824	0.602	0	0.429	0.4	0	0
2.717	30.806	6.493	0.883	0	1	0.252	0.619	0	0	0.25	0.111	0.6	0.286	0.6
0	0	3.912	15.853	1.866	0	0	0.5	0.392	1	0.2	0.6	0.375	0	0
6.493	9.219	30.806	2.717	0.883	0.619	0.689	0.252	1	0	0.6	0	0.111	0.25	0.286
3.912	0.883	0	0	15.853	0.5	0	0	0	0.392	0.375	0.286	0.6	0.2	0
0	2.817	0	7.561	0	0	1	0	0.464	0	0.2	0.2	0	0	0.2
11.562	3.379	6.53	11.254	16.134	0.491	0.333	0.867	0.473	0.476	0	0	0	0.333	0.2
0	0	0	0	0	0	0	0	0	0	0	0	0	0	0
0	0	0	0	0.983	0	0	0	0	0	0	0.2	0	0.4	0
0	0	1.817	0	0	0	0	1	0	0	0.4	0	0.2	0.2	0.375
16.728	9.431	14.225	5.652	0	0.353	0.722	0.374	0.667	0	0	0.111	0.2	0	0.2
0	0	0	0	0	0	0	0	0	0	0.2	0.4	0.2	0	0.2
12.652	5.963	13.549	8.625	20.738	0.538	0.733	0.577	0.667	0.342	0.2	0	0	0	0
0	1.917	1.077	0	0	0	1	0	0	0	0.2	0	0	0	0
0	0	1.796	1.785	0	0	0	0	1	0	0.2	0.2	0	0	0
0	0	0	0	0	0	0	0	0	0	0	0	0	0	0
3.514	0	0	4.985	0	0.333	0	0	0.8	0	0	0.2	0.375	0	0.2
8.467	0	0	3.379	6.53	0.786	0	0	0.333	0.867	0	0	0	0	0
0	0.854	0	14.989	0	0	0	0	0.283	0	0	0.143	0	0	0
0	0	0	0	0	0	0	0	0	0	0	0	0	0	0
0	0	0	0	8.467	0	0	0	0	0.786	0	0	0	0	0
16.134	11.562	11.254	7.998	5.963	0.476	0.491	0.473	0.75	0.733	0.2	0	0.333	0	0
0	0	0	0	0	0	0	0	0	0	0	0	0	0	0
0	0	0	0	0	0	0	0	0	0	0.4	0	0.2	0.2	0.333
6.53	8.467	3.379	11.562	11.254	0.867	0.786	0.333	0.491	0.473	0	0	0	0	0.333
1.796	5.652	0	0	1.785	0	0.667	0	0	1	0	0	0.2	0.2	0
1.817	0	0	0	0	1	0	0	0	0	0.2	0.333	0	0.4	0.2
0	-1	0	0	0	0	-1	0	0	0	0	-1	0	0	0
0	1.077	0	0	0	0	0	0	0	0	0	0	0.2	0	0.4
1.077	0.948	1.917	0	0	0	0	1	0	0	0	0.4	0	0.2	0
12.484	20.738	14.264	7.492	9.431	0.5	0.342	0.462	0.667	0.722	0	0	0	0	0.111
5.963	16.134	7.998	13.549	12.652	0.733	0.476	0.75	0.577	0.538	0	0.2	0	0	0.2
0.983	0	0	0	26.916	0	0	0	0	0.131	0	0	0.4	0	0
0	0	0	0	0	0	0	0	0	0	0	0	0	0	0
0	4.985	0	1.729	0.854	0	0.8	0	1	0	0.333	0	0.2	0	0.143
11.254	6.53	11.562	16.134	7.998	0.473	0.867	0.491	0.476	0.75	0.333	0	0	0.2	0
0	0	0	3.514	4.985	0	0	0	0.333	0.8	0.375	0.4	0.2	0	0
1.785	1.796	0	0	0	1	0	0	0	0	0	0	0.2	0	0.4
0	0	0	0	0	0	0	0	0	0	0	0	0	0	0
3.379	0	8.467	6.53	11.562	0.333	0	0.786	0.867	0.491	0	0	0	0	0
0	0	0	8.467	3.379	0	0	0	0.786	0.333	0	0	0	0	0
13.549	7.998	5.963	12.652	8.625	0.577	0.75	0.733	0.538	0.667	0	0	0	0.2	0
7.998	11.254	16.134	5.963	13.549	0.75	0.473	0.476	0.733	0.577	0	0.333	0.2	0	0
0	1.817	0	0	3.514	0	1	0	0	0.333	0.2	0.2	0.4	0.375	0
0	0	0	0	0	0	0	0	0	0	0.2	0	0.4	0.2	0
7.492	14.264	12.484	9.431	14.225	0.667	0.462	0.5	0.722	0.374	0	0	0	0.111	0.2
2.685	3.383	0	2.644	2.643	0.667	0.5	0	0.333	0	0.4	0	0.25	0	0
18.615	4.597	34.477	5.658	5.959	0.281	0.7	0.203	0.667	0.867	0.2	0	0.8	0.25	0.4
8.576	4.292	7.35	0	0	0.643	0.6	0.5	0	0	0.375	0.6	0.429	0	0
0	5.361	0	0	0	0	0.3	0	0	0	0	0.111	0	0	0
3.468	12.105	8.966	16.332	14.652	1	0.397	0.639	0.375	0.333	0.222	0	0.8	0.75	0.4
7.104	16.37	7.05	6.632	10.109	0.533	0.292	0.476	0.533	0.4	0.875	0.333	0.2	0	0.8
4.597	0	7.858	34.477	18.615	0.7	0	0.714	0.203	0.281	0	0	0.2	0.8	0.2
8.966	4.132	12.105	3.468	16.332	0.639	0.333	0.397	1	0.375	0.8	0.6	0	0.222	0.75
16.332	8.966	3.468	14.652	1.954	0.375	0.639	1	0.333	0	0.75	0.8	0.222	0.4	0.4
5.361	6.632	10.109	0	0	0.3	0.533	0.4	0	0	0.111	0	0.8	0	0
7.05	9.726	16.37	7.104	6.632	0.476	0.278	0.292	0.533	0.533	0.2	1	0.333	0.875	0
10.109	7.104	6.632	5.361	0	0.4	0.533	0.533	0.3	0	0.8	0.875	0	0.111	0
0.883	0.858	0	0	0	0	0	0	0	0	0	0	0	0	0
4.132	0	11.044	12.105	8.966	0.333	0	0.515	0.397	0.639	0.6	0.2	0.2	0	0.8
6.632	7.05	7.104	10.109	5.361	0.533	0.476	0.533	0.4	0.3	0	0.2	0.875	0.8	0.111
3.383	30.24	10.628	0	2.685	0.5	0.163	0.345	0	0.667	0	0.667	0	0.25	0.4
5.658	34.477	18.615	5.959	2.547	0.667	0.203	0.281	0.867	0.333	0.25	0.8	0.2	0.4	0.8
0	0	0.858	0.883	0	0	0	0	0	0	0	0	0	0	0
34.477	7.858	4.597	18.615	5.658	0.203	0.714	0.7	0.281	0.667	0.8	0.2	0	0.2	0.25
0	10.628	3.383	2.685	2.644	0	0.345	0.5	0.667	0.333	0.25	0	0	0.4	0
30.24	11.337	11.754	10.628	3.383	0.163	0.491	0.295	0.345	0.5	0.667	0.429	0.6	0	0
23.352	0	0	7.308	1.669	0.237	0	0	0.393	0	0.2	0	0	0	0.2
0.91	4.01	0	0.897	0	0	1	0	0	0	0	0.6	0.25	0.444	0.25
0.902	0	0	6.583	0	0	0	0	0.857	0	0	0	0	0	0.4
48.986	5.144	5.742	0.934	8.551	0.156	1	0.733	0	0.694	0	0	0.2	0.875	0
4.051	2.371	0	0	1.072	0.5	0	0	0	0	0	0	0	0	0
2.371	0	0	0	4.051	0	0	0	0	0.5	0	0.4	0.6	0	0
0	0	0	0	0	0	0	0	0	0	0.625	0	0	0.333	1
2.753	5.025	4.93	2.165	0.884	0	0	0.1	0	0	0	0.25	0.2	0	0
5.742	7.571	5.144	48.986	0.934	0.733	0.464	1	0.156	0	0.2	0	0	0	0.875
4.978	3.884	18.211	9.712	19.231	0.7	0.833	0.752	0.756	0.706	0	0	0	0.4	0.2
0	3.715	0	0.905	0	0	0.333	0	0	0	0.286	0	0.333	0.4	0.4
0	0	2.371	4.051	0	0	0	0	0.5	0	0	0.6	0	0	0
4.93	0	5.025	2.753	2.165	0.1	0	0	0	0	0.2	0.5	0.25	0	0
6.583	0	0.902	0	2.708	0.857	0	0	0	1	0	0	0	0.4	0
0.931	0.931	0	0	0	0	0	0	0	0	0	0	0	0	0
0	0	0.922	0	1.046	0	0	0	0	0	0.25	0	0	0.375	0
0	0.905	0	0	0	0	0	0	0	0	0	0.4	0.4	0.889	1
0.934	5.742	48.986	8.551	2.651	0	0.733	0.156	0.694	1	0.875	0.2	0	0	0.4
2.651	0.934	8.551	0	13.511	1	0	0.694	0	0.527	0.4	0.875	0	0.75	0.5
0	1.302	0	0	0	0	0	0	0	0	0	0.75	1	0.2	0.857
0.931	1.982	2.626	3.884	18.211	0	1	0	0.833	0.752	0	0	1	0	0
0	0	0	0	0	0	0	0	0	0	0.889	0.4	0	1	0.25
0.922	0	0	0	0	0	0	0	0	0	0	0	0	0.25	0.375
3.946	0	0	3.049	0	0.667	0	0	0.667	0	0	0.4	0	0	0.333
10.859	7.532	11.383	10.345	11.394	0.636	0.821	0.545	0.644	0.576	0.25	0	0	0.8	0
8.551	48.986	0.934	2.651	0	0.694	0.156	0	1	0	0	0	0.875	0.4	0.75
0	0	0	0	0.883	0	0	0	0	0	1	0.625	0.333	1	0
0	0.902	6.583	2.708	0	0	0	0.857	1	0	0.4	0	0	0	0
0	1.958	1.302	0	0	0	1	0	0	0	1	0.75	0.75	0	0.2
0	0	0	0	0	0	0	0	0	0	0.333	0	0.625	1	1
0	0	0	0	0.922	0	0	0	0	0	0.6	0.4	0	0.2	0.2
0	1.052	0	0	0	0	0	0	0	0	0	0.375	0	0	0.222
3.884	2.626	0.931	18.211	4.978	0.833	0	0	0.752	0.7	0	1	0	0	0
0	0	0	0	0	0	0	0	0	0	1	0	0.889	0.25	0.8
0	0	0	0	0	0	0	0	0	0	0	0	0	0	0
0	0	0	0	0	0	0	0	0	0	0	0.6	0	0	0
1.072	4.051	0	0	0	0	0.5	0	0	0	0	0	0	0.4	0.2
29.098	0	0	0.921	0	0.237	0	0	0	0	0.143	0	0	0	0.4
10.345	11.383	10.859	11.394	7.471	0.644	0.545	0.636	0.576	0.75	0.8	0	0.25	0	0.2
0	0	0	0	0	0	0	0	0	0	0.857	0	0.2	0.4	0
0	0	0	0.902	6.583	0	0	0	0	0.857	0	0	0	0	0
1.982	57.511	22.355	2.626	0.931	1	0.165	0.376	0	0	0	0.4	1	1	0
0	0	0.883	11.524	0	0	0	0	0.711	0	1	1	0	0.8	1
1.046	0	0	3.865	0	0	0	0	0.333	0	0	0.25	0.375	0	0
0	0	0	0	0	0	0	0	0	0	0	0	0	0	0
0	0	0	0	0	0	0	0	0	0	1	0	0	0.889	1
9.712	18.211	4.978	19.231	25.431	0.756	0.752	0.7	0.706	0.437	0.4	0	0	0.2	0.2
0	0	2.708	0	0	0	0	1	0	0	0	0.4	0	0.75	0.4
0	0.922	0	1.046	3.865	0	0	0	0	0.333	0.375	0	0.25	0	0
1.962	0	1.823	0	0	0	0	0	0	0	0.5	0	0	1	0.5
0	0	0	0	0	0	0	0	0	0	0.2	1	0	0.857	0.4
0.928	0.897	0	19.864	14.38	0	0	0	0.248	0.333	0.333	0.444	0.25	0.2	0
0	0	0	0	0	0	0	0	0	0	0	0	0	0	0
0	1.823	1.962	0	5.025	0	0	0	0	0	1	0	0.5	0.5	0.25
0.925	0	0	0	1.854	0	0	0	0	0	0	0.4	0.4	0.2	0
0.905	0	0	0	0	0	0	0	0	0	0.4	0.333	0.286	0.4	0
1.823	0	0	1.962	0	0	0	0	0	0	0	0.2	0	0.5	1
0	1.046	3.865	0	29.098	0	0	0.333	0	0.237	0	0	0	0	0.143
3.945	0	0	0	4.822	0.5	0	0	0	0.4	0	0	0	0	0
2.626	22.355	1.982	0.931	3.884	0	0.376	1	0	0.833	1	1	0	0	0
0	14.38	0	3.946	3.049	0	0.333	0	0.667	0.667	0	0	0.4	0	0
0	2.708	0	0	0	0	1	0	0	0	0.75	0	0	0.4	0
2.684	0	0	4.01	0	1	0	0	1	0	0.111	0.4	0	0.6	0.25
0	0	0	0	0	0	0	0	0	0	0.222	0	0	0	0
19.864	0	0.928	14.38	0	0.248	0	0	0.333	0	0.2	0.25	0.333	0	0.4
0	0	0	0	0	0	0	0	0	0	0	0	0.6	0	0
7.373	0	13.511	9.164	7.532	0.75	0	0.527	0.556	0.821	0	0.75	0.5	0.2	0
0.884	2.753	2.165	1.165	0	0	0	0	0	0	0	0	0	0.333	0
0.897	0	0.91	0	0.928	0	0	0	0	0	0.444	0.25	0	0.25	0.333
0	0	0	0	2.371	0	0	0	0	0	0.4	1	0	0.6	0
0	0	0	0	0	0	0	0	0	0	0	0	0	0	0
5.025	0	0	4.93	2.753	0	0	0	0.1	0	0.25	1	0.5	0.2	0
9.164	13.511	7.373	7.532	11.383	0.556	0.527	0.75	0.821	0.545	0.2	0.5	0	0	0
0	0	0	0.922	0	0	0	0	0	0	0	0	0	0	0.25
0	0	0	0	0	0	0	0	0	0	0	0	0	0	0.6
0	0	0	2.371	0	0	0	0	0	0	0.6	0	0.4	0	0
4.822	3.945	0	0	0	0.4	0.5	0	0	0	0	0	0	0	0.375
7.471	10.345	11.394	46.113	0	0.75	0.644	0.576	0.17	0	0.2	0.8	0	0	0
15.301	19.231	25.431	0	27.247	0.742	0.706	0.437	0	0.415	0	0.2	0.2	1	0
0	1.962	0	5.025	4.93	0	0	0	0	0.1	0.5	0.5	1	0.25	0.2
3.865	0	1.046	0	0	0.333	0	0	0	0	0	0.375	0	0	0
0	0	0	0	0	0	0	0	0	0	0	0	0	0	0.625
0	0	0.905	0	0	0	0	0	0	0	0.4	0.286	0.4	0	0.889
0	8.551	2.651	13.511	7.373	0	0.694	1	0.527	0.75	0.75	0	0.4	0.5	0
0	0	0	0	0	0	0	0	0	0	0	0.5	1	0.4	0.6
0	0	0	2.684	4.01	0	0	0	1	1	0	0.75	0.4	0.111	0.6
0	0	0	0	0	0	0	0	0	0	0	0	0	0.625	0.333
46.113	11.394	7.471	0	15.2	0.17	0.576	0.75	0	0.442	0	0	0.2	0	0
4.01	0	2.684	0	0.91	1	0	1	0	0	0.6	0	0.111	0.25	0
0	0	0	3.715	0	0	0	0	0.333	0	0	0	0	0	0.333
0	25.431	15.301	27.247	11.962	0	0.437	0.742	0.415	0.742	1	0.2	0	0	0.6
0	0	0	0	3.076	0	0	0	0	0.833	0	0	0	0	0
0	4.569	0	3.438	6.907	0	0.9	0	0.667	0.321	0.333	0.625	0.2	0.2	0
2.266	0	13.912	0	9.377	0.333	0	0.275	0	0.2	0.111	0	0	0.125	0.2
3.076	0	0	0	0.743	0.833	0	0	0	0	0	0	0	0.6	0.6
0.788	0	9.377	0	0.947	0	0	0.2	0	0	0.8	0.125	0.2	0	0
7.536	0	3.817	1.557	0	0.679	0	0.667	0	0	0	0	0	0	0
0	0	0	3.076	0	0	0	0	0.833	0	0	0	0	0	0.6
0	0	6.853	2.273	2.369	0	0	0.643	0.667	1	0.2	0	0	0	0.667
0	4.961	4.569	0	3.438	0	0.2	0.9	0	0.667	0.2	0.25	0.625	0.333	0.2
0	0	3.076	0.743	0.706	0	0	0.833	0	0	0.6	0	0	0.6	0
0	2.273	2.369	0	1.756	0	0.667	1	0	1	0.667	0	0.667	0.857	0
6.853	0	0	0	2.273	0.643	0	0	0	0.667	0	0.143	0	0.2	0
2.294	12.201	7.152	8.335	22.643	0.667	0.372	0.679	0.6	0.312	0	0	0	0	0.2
0.743	3.076	0	0.706	4.961	0	0.833	0	0	0.2	0.6	0	0.6	0	0.25
0	0	1.692	0	0	0	0	1	0	0	0.8	0	0.2	0.2	0
0.698	0	0	0	1.692	0	0	0	0	1	0	0	0	0	0.2
13.912	6.907	0	2.266	0	0.275	0.321	0	0.333	0	0	0	0	0.111	0.125
4.961	0.743	0.706	4.569	0	0.2	0	0	0.9	0	0.25	0.6	0	0.625	0.2
0	3.087	0	6.853	0	0	0.667	0	0.643	0	0	0	0.143	0	0.2
0.706	0	0.743	4.961	4.569	0	0	0	0.2	0.9	0	0.6	0.6	0.25	0.625
3.438	0	0	6.907	0	0.667	0	0	0.321	0	0.2	0.2	0.333	0	0
0	0	9.572	0	3.817	0	0	0.267	0	0.667	0.6	0	0.2	0	0
13.575	3.105	1.524	3.087	0	0.325	0.333	1	0.667	0	0.2	0	0	0	0.143
8.335	7.152	2.294	22.643	10.803	0.6	0.679	0.667	0.312	0.515	0	0	0	0.2	0
4.569	0.706	4.961	0	0	0.9	0	0.2	0	0	0.625	0	0.25	0.2	0.333
0	1.756	0	0	0	0	1	0	0	0	0	0	1	0	0
15.304	0	2.191	12.201	7.152	0.342	0	1	0.372	0.679	0	0	0.2	0	0
3.087	1.524	13.575	0	0	0.667	1	0.325	0	0	0	0	0.2	0.143	0
0	0	1.756	0	0	0	0	1	0	0	1	0.857	0	0	0
0	0.947	1.515	0	0	0	0	1	0	0	0.4	0	0.2	0	0
0	9.377	0.788	0.947	1.515	0	0.2	0	0	1	0	0.2	0.8	0	0.2
2.126	2.994	34.043	16.137	2.23	0	0.667	0.209	0.4	0	0.2	0	0.333	0	1
3.94	4.635	2.716	13.273	19.333	0.333	0.6	0.667	0.374	0.295	0.4	1	0.875	0	0.4
0	1.068	1.173	7.524	0	0	0	0	0.429	0	0.4	0	0	0	0
0	0	0	4.849	1.077	0	0	0	0.5	0	0	0	0	0.333	0.8
2.47	16.137	2.23	0	2.94	1	0.4	0	0	1	0	0	1	0	0
0	0	8.833	13.506	1.372	0	0	0.694	0.484	0	0.8	0	0.25	0	1
5.004	0.793	1.797	8.618	15.919	0.8	0	0	0.533	0.383	0.333	0	0.625	0.333	0
0.932	13.159	0	0.793	1.797	0	0.231	0	0	0	0.2	0.333	0.333	0	0.625
1.173	0	1.068	0	7.524	0	0	0	0	0.429	0	0	0	0.4	0
0	3.81	0.952	5.704	0	0	0.5	0	0.267	0	0	0	0	0.2	0.5
8.618	1.797	5.004	15.919	0	0.533	0	0.8	0.383	0	0.333	0.625	0.333	0	0
0.793	0	0.932	1.797	5.004	0	0	0	0	0.8	0	0.333	0.2	0.625	0.333
16.137	34.043	2.126	2.23	2.47	0.4	0.209	0	0	1	0	0.333	0.2	1	0
15.919	5.004	8.618	0	8.833	0.383	0.8	0.533	0	0.694	0	0.333	0.333	0	0.25
14.432	1.393	3.873	1.353	6.424	0.524	0	0.333	0	0.467	0.4	0.333	0.8	0	0.8
2.716	0	4.635	3.94	13.273	0.667	0	0.6	0.333	0.374	0.875	0	1	0.4	0
8.833	15.919	0	0	13.506	0.694	0.383	0	0	0.484	0.25	0	0	0.8	0
0	13.506	1.372	0	0.986	0	0.484	0	0	0	0	0	1	0	0
7.524	1.173	0	0	0.715	0.429	0	0	0	0	0	0	0.4	0	0.25
13.273	2.716	3.94	19.333	2.994	0.374	0.667	0.333	0.295	0.667	0	0.875	0.4	0.4	0
0	2.23	2.47	2.94	5.631	0	0	1	1	0.333	0	1	0	0	0.25
8.797	2.166	0.829	9.513	0	0.357	0	0	0.75	0	0	0	0.25	0	0
0	1.372	0	0.986	9.36	0	0	0	0	0.714	0	1	0	0	0.4
3.81	9.628	0	0.952	0	0.5	0.444	0	0	0	0	0	0	0	0
0	0	0	0	0	0	0	0	0	0	0	0	0	0	0
0	1.913	13.159	0.932	0.793	0	0	0.231	0	0	0.333	0	0.333	0.2	0
0.829	0	2.166	8.797	9.513	0	0	0	0.357	0.75	0.25	0.333	0	0	0
34.043	19.333	2.994	2.126	16.137	0.209	0.295	0.667	0	0.4	0.333	0.4	0	0.2	0
0.952	0	3.81	0	5.704	0	0	0.5	0	0.267	0	0	0	0	0.2
1.077	0	4.849	0	0	0	0	0.5	0	0	0.8	0	0.333	0	0
13.506	8.833	0	1.372	0	0.484	0.694	0	0	0	0	0.25	0.8	1	0
0	0	0	0	0	0	0	0	0	0	0	0	0	0	0
9.513	0.829	8.797	0	1.393	0.75	0	0.357	0	0	0	0.25	0	0	0.333
19.333	3.94	13.273	2.994	34.043	0.295	0.333	0.374	0.667	0.209	0.4	0.4	0	0	0.333
4.635	7.974	0	2.716	3.94	0.6	0.464	0	0.667	0.333	1	0.625	0	0.875	0.4
0	8.797	9.513	1.393	3.873	0	0.357	0.75	0	0.333	0	0	0	0.333	0.8
0	0	0	0	0	0	0	0	0	0	0	0	0	0	0
1.797	0.932	0.793	5.004	8.618	0	0	0	0.8	0.533	0.625	0.2	0	0.333	0.333
0	0	0	0	4.849	0	0	0	0	0.5	0	0	0	0	0.333
