0	0.333	0	0	0
0	0	0.5	0	0
0	0	0.257	0	0
0.571	0	1	0	0
0	0	0	0	0.667
0.536	0	0.618	0	0.733
0.51	0.667	0.654	0.905	0.6
0	1	0	0	0
0	0	0	0.659	0.536
0.956	0.6	0.299	0.654	0.236
0.246	0	0	0.75	0
0	0	0.32	0.604	0
0	0	0.333	0.372	0
0	0	0.536	0	0.618
1	0	0	0	0
0.6	0.654	0.956	0.51	0.299
0.778	0.722	0.505	0.733	0.557
0.667	0.905	0.51	0.81	0.654
0.722	0.733	0.778	0.618	0.505
0	0	0	1	0
0.905	0.81	0.667	0.581	0.51
0.236	0.299	0	0.956	0.295
0	0	0.372	0	0
0	0.604	0	0	0.32
0	0.75	0.246	1	0
0	0.659	0	0	0
0.299	0.956	0.236	0.6	0
0	0	0	0.246	0
0	0	1	0	0
0.733	0.618	0.722	0.536	0.778
0.618	0.536	0.733	0	0.722
0	0	0	0	0
0.604	0	0	0	0
0	0	0	0	0
0.654	0.51	0.6	0.667	0.956
0	0	0.405	0	0
0.31	0.545	0.295	0.9	0.714
0.333	0.733	0.756	0.583	0.714
0.81	0.621	0	0.714	0.714
0.714	0.756	0.9	0.333	0.545
0.583	0	0.733	0	0.333
0.545	0.9	0.31	0.714	0.295
0.621	0.714	0.81	0.295	0
0	0	0.315	0	0
0	0.405	0	0	1
0	0	0	0	0
0.714	0	0	0.81	0.5
0.295	0.31	0.714	0.545	0.621
0.225	0	0.295	0.571	1
0.315	0	0	0	0
0.733	0.583	0.333	0	0.756
0.405	0	0	0	0
0.756	0.333	0.714	0.733	0.9
0	0	0	0	1
0	0	1	0	0
0	1	0	1	0.537
0	0	0.436	0	0
0	0	0	0	0
1	1	0	0.744	0
0	0	0.381	0	0.424
0	0.648	0	0	0
0.332	0.476	1	0.689	0.176
0	0	0	1	0
0	0	0	0	0
0	0	0	0.333	1
0	0	0	0	0
0.533	0	0	0	0
0	0	0	0	0.381
0	0	0.695	0.602	0.733
1	0.332	0.176	0.476	0.283
0	0	0	0	0
0	0	0.889	0.733	0.762
0	0	0	0	0
0	0	0	0.648	0
0.933	0.283	0	0.176	0
0	0	0	0	0
1	0	0	0	0
0	0.933	0	0.283	0.648
0.381	0	0.424	0	0
0.176	1	0.283	0.332	0.933
0	0	0.7	0.619	0
0	0	0	0	0.436
0	0.533	0	0	0
0	0	-1	0	-1
0	0	0	0	0
0	0	0	0	0
0	1	0	0	0
0	0	0	0	0
0	0	0	0	0
0	0	0.333	0	0
0	0	0	0	0
0	0	0	0.333	0
0	0	0	0	0
0	0	0	0	0
0	0.333	0	0	0
0	0	0	0	0
0	0	0	0	0
0.333	0	0	0	0
0	0	0	0	0
0	0	0	0	0
0	0	0	0.6	0
0	0	0	0	0
0	0.333	0	0	0
0	0	0	0	0.333
0	0	0	0	0
0	0	0	0	0
0	0	0	0	0
0	0	0	0	0
0	0.6	0	1	0
0	0	0	0	1
0	0	0	0.333	0.333
0	0	0.333	0	0
0	0	0	0	0
0.549	0.952	0.389	0.833	0
0.31	0	0.333	0.333	0.436
0	-1	0	-1	0
0	0.833	0	0	0
0.929	0.821	1	0	0
1	0.659	0.686	0	0.833
0	0.562	0.462	0.43	0
0	0	0	0	0
0	0	0	0.833	0
0	0	0	0	0
0.686	1	0.833	0.659	0.952
0	0	0.426	0	0
0	0	1	0	0.43
0.464	0	0.467	1	0
0	0	0	0	0.659
0.833	0.686	0.952	1	0.549
0.844	0	0	0	0
0	0	0	0	0
0.467	0.464	0	0	0
0.833	0	0	0	0
0	0	0	0.495	1
0	0	0	0	0
0	0	0	-1	0.333
0	0	0	0	0
0	0	0	0	0
0.43	1	0.562	0	0
0.952	0.833	0.549	0.686	0.389
1	0	0	0.436	0.464
0	0	0.844	0.389	0
0	0	0	0.643	0
0.659	0	1	0	0.686
0.618	0.237	0.608	0	0.709
0	0	0.659	0	1
0	0.436	1	0.333	0
0	0	0	0	0.2
0.533	0	0	0	0.5
0	0	0.5	0	0.667
0	0	0	0	0
0	0	0	0	0
0.5	0	0.667	0	0
0.2	0	0	0	0
0.214	0.127	0	0.167	0
0	0	0	-1	0
0	0.533	0.5	0	0
0.667	0.5	0	0	0
0	0	0	0	0
1	0	0	0	0
0.127	0.167	0.214	0	0
0	-1	0	-1	0
0	0	0	0	0
0.5	0	0	0.533	0
0	1	0	0	0
0	0	0	0	0
0	0	0.2	0	0
0	0	0	0	0
0	0	0.533	0	0
0.167	0	0.127	0	0.214
0	0	1	0.333	0
0	0.5	0	0	0
0	0	0	0.667	0
0	0	0	0.5	0
0	0.214	0	0.127	0
0	0	0.524	0	0
0	0	0	0.533	0.524
0.451	0.495	0.4	0.622	0.353
0.5	0.5	0	0	0
0	0	0.533	0	0
0.8	0.75	0.778	0.622	0.714
0	0	-1	0	-1
0	0.333	0	0	0
0.211	0.188	0.667	0.714	0
0.75	0.622	0.8	0.622	0.778
0.714	0.786	0.81	0	0.694
0	0	0	0	0
0	0	0	0.2	0
0	0	0	0	0
0	0	0	0	0
0.778	0.8	0.714	0.75	0.188
0.333	0	0	0	0
0	0	0	0.667	0
0.495	0.622	0.451	0.618	0.4
0.618	0.545	0.622	0.582	0.495
0.582	0.576	0.582	0.694	0.545
0	0	0.2	0	0
0.545	0.353	0.622	0.4	0.622
0.786	0	0.714	0	0.81
0	0	0	0	0
0.524	0	0	0	0
0.622	0.545	0.622	0.353	0.75
0.714	0.778	0.188	0.8	0.211
0.5	0	0.5	0.667	0
0	0	0.786	0	0.714
0.694	0.81	0.576	0.714	0.582
0	0.5	0	0.5	0.333
0	0	0	0	0
0.622	0.618	0.495	0.545	0.451
0.353	0.4	0.545	0.451	0.622
0	0.524	0	0	0
0.81	0.714	0.694	0.786	0.576
0.622	0.622	0.75	0.545	0.8
0	0	0	0	0.786
0.667	0.211	0	0.188	0.5
0	0.533	0	0	0
0.4	0.451	0.353	0.495	0.545
0.188	0.714	0.211	0.778	0.667
0.867	0	1	0.8	0.714
0	0	0	0	0
0.419	0	0.857	0	0
0	0	0.158	0	1
0	0	0	0	0
0	0	0	0.343	0
0	0	0.742	0	0
0.9	0	0	0	0
0	0	0	0	0
0.857	0.419	0	0	0
0	0.742	0.806	0	0.643
1	0.158	0	0	0
0	0.643	0	0.806	0.9
0	0	0	0.621	0.742
0	0	0.447	0	0.553
0.4	0.667	1	1	0.7
0	0	0	0	0
0	0	0	0	0
0.643	0.806	0	0	0
0.158	0	1	0	0
0	0.9	0	0	0
0	0	0	0	0
0.667	1	0	0.391	0
0	0.667	0	1	0
0.806	0	0.643	0.742	0
0	0	0	0	0
0	0	0	0	0
0	0	0	0.667	0
0	0	0.419	0	0.857
0	0	0	0	0
0.424	0.571	0.571	0.571	0.439
0	0.333	0.333	0.429	0.467
0.464	0	0	0.5	0
0	0.321	0	0	0
0.571	0.571	0.424	0.714	0.571
0	0.464	0	0	0
0	0	0	0.321	0.333
0	0.5	0.464	0.4	0
0	0	0	0.464	0.321
0	0	0.333	0	0
0	0	0.321	0	0
0.8	0	0.4	0	0.5
0	0.333	0	0	0
0	0	0	0.333	0.429
0.7	0.269	1	0.227	0.667
0.321	0	0	0	0
1	0.7	0.667	0.269	0.467
0.571	0.424	0.439	0.571	0.619
0.5	0.4	0	0.8	0.464
0.7	0.467	0	0.4	0
0	0	0.8	0.467	0.4
0.571	0.714	0.571	0.667	0.424
0.269	0.227	0.7	0	1
0	0	0	0	0
0	0	0	0	0
0.359	0	0	0.455	0
1	0	0	0	0.714
0.733	0.351	0.6	0.549	0.667
0.9	0.619	0	0	0.346
0	0	0.714	0.5	0
0	0.733	0.7	0.47	0.337
0	0	0	0	0
1	0	0	1	0.6
0	0	0	0	1
0.667	0.6	1	0.733	0.667
0	0.714	0	0	0
0.733	0.47	0	0	0.7
0	0	0.333	0	0
0.714	0	0	0	0
0	1	0.714	0	0.495
0	0	0	0	0
0	0.333	0	0	0
0.5	0.833	0	0	0
0	0.667	0.47	0.304	0.733
0.351	0.549	0.733	0.152	0.6
0	0	0	0.714	1
0	0	0	0.6	0.333
0.652	0.673	0.711	0.6	1
0.6	0.733	0.667	0.351	1
0.667	1	0.6	0.667	0.673
0	0	0	0	0
1	0	0	0	0
0	0	0.333	0.359	0
0	0	0	0.417	0
0	0.333	1	0	0.333
0	1	0.619	0.711	0.9
0.333	0	0	0	1
0	0.5	0	0.833	0.714
0.673	0.6	0.652	0.667	0.711
0.711	0.652	1	0.673	0
0	0	1	0	0
1	0	0.333	0.333	0.333
1	0.711	0	0.652	0.619
1	0.667	0.667	0.6	0.6
0.714	0	0.495	1	0
0	0	0	0	0
0.267	0.528	0.333	0.4	0.5
0.3	0.444	0.464	0.464	0.4
0	0	1	0	0
0	0.238	0.3	0	0
0	0	0	0	1
0.5	0.667	0.667	0	0.571
0.143	0	0	0.667	0
0.778	0.8	0.806	0.764	0
0	0	0	0	0
0	0.143	0	0	0
0.697	0.727	0.764	0.745	0.8
0	0	0	0	0
0.444	0.464	0.3	0.345	0.464
0	0	0	0.2	0
1	0	0.333	0	0.267
0.464	0.345	0.444	0.417	0.3
0	0	0	0.806	0
0.345	0.417	0.464	0.533	0.444
0	0	0	0	0.333
0	0	0	0	0.238
0	0	0	0	0
0.417	0.533	0.345	0.571	0.464
0.4	0.464	0.528	0.3	0.267
0	0.2	0	0	0
0.764	0.697	0.8	0.727	0.778
0	0	0	0	0
0	0.806	0	0.778	0
0	0	0	0	0
0	0	0	-1	0
0	0	0	0	0.667
0	0	0	0.143	0
0	0	1	0.3	0.333
0.464	0.3	0.4	0.444	0.528
0	0	0	0	0
0.788	0.497	0.667	0.394	0.833
0	0	1	0	0
0.218	0.384	0	1	0
0.459	0	0	0	0
0.727	0	0	0	0
1	0	1	0	0
0.769	1	0	0.773	0
0	0.127	0	0	0
0	0.477	0	0	0
0	0.333	0.571	0	0.833
1	0	1	0	0.773
0	0.545	0	0	0
0	0	0	0	0
0.667	0.788	0.833	0.497	1
0	0	0.727	0.218	0
0.5	0.311	0.429	0.327	0.4
0	0	0.538	0.861	0.509
0	0	0.275	0.642	0
0	0	0.333	0	0
0	0	0	0	0
0.667	0	0.333	0	0.333
0.509	0.538	0	0	0
0	0	0	0	1
0.226	0	0.136	0.516	0.394
0.333	0	0	0	0.667
0.497	0.394	0.788	0.136	0.667
0	0	0.744	0	0
0	0.533	0	0	0
0	0	0	0	0.744
0	0.516	0.226	0.203	0.136
0	0	0.667	0	0.333
0	0	0	0	0
0	0.218	0	0.384	0.727
0.714	0	0.455	0.451	0.536
0.833	0.667	1	0.788	0
0	0	0.333	0	0
0.333	0.333	0.5	0.333	0.327
0	0	0.545	0.393	0
0	0	0	0.667	0.167
0	1	0.933	0	0.861
0.564	0.536	0.7	0.455	1
0	0.526	1	0.8	0
0	0	0.5	0	0.638
0	0	0	0	0.5
0	0	1	0	1
0.474	0.944	0.181	0	1
0	0	0.167	0	0
0	1	0	0.833	0
0.526	0.8	0	0	1
0.455	0.714	0.536	0	0.564
0	0	0	0	0
0	0	0	0	0.642
0.384	1	0.218	0.181	0
0	0	0	0	0.333
0.727	0	0	1	0
0	0	0.459	0.727	0
0	0.642	0	0	0.275
0	0	1	0.611	1
0	0	0	0	0
0	1	0.727	0	0
0	0.727	0	0	0.459
0.5	0	0	0	0.533
0.7	0.564	1	0.536	0
1	0	0	0.526	0.933
0	0.437	0	0	0
0	0.611	0	0	1
0.5	0	0.638	0	0.59
0	0	0	0	0
0	0	-1	0	-1
0	0	0	0	0
0.639	0.487	0.679	0.473	0.6
0	0	0	0.333	0
0.487	0.473	0.639	0.449	0.679
0.143	0	0	0.524	0
0	0	0	0	0
0	0.524	0.143	0.667	0
0	0	0	0	-1
0.5	0.556	0.333	0.556	0
0.333	0.5	0	0.556	0
0	0	0	0	0
0	0.333	0	0.5	0
0	0	0	0	0
0	0	0	0	0
0	0	0	0	0
0	0	0	0	0
0	0	0	0	0
0	0	0	0	0
0	0	0	0	0
0.667	0	1	0	0.1
0	0.143	0	0	0.667
0	0	0	0	0
0	0	0	0	0
0	0	0.667	0.143	1
0	0	0	0	0
0	0	0	0	0
0	0	0	0	0
0	0	0	0	0
0	0	0	0	0
0	0	0	0	0
0	0	0	0	0
0	0	0	0	0
0	0	0	0	0
0	0	0	0	0
0	0	0	0	0
0	0	0	0	0
0	0	0	0	0
0	0	0	0	0
0	0	0	0	0
0	0	0	0	0
0	0	0	0	0
0	0	0	0	0
0	0	0	0	0
0	0	0	0	0
0	0	0	0	0
0	0	0	0	0
0	0	0	0	0
0	0	0	0	0
0	0	0	0	0
0	0	0	0	0
0.362	0.643	0	0	0
0.75	0	0	0	0.556
0.582	0	0	1	0.495
0	0	0.643	0	0.362
0	0.362	0	0.643	1
0.714	0	0	0	0
0.643	0	0.362	0	0
0	0	0	0.312	0.643
0	0	0.75	0.7	0
1	0	0	0	0
0	0.75	0.556	0	0
0	0.6	0.833	0	0.536
0	0	0	0	0.714
0	0	0	1	0
0	0.7	0	0	0.75
0	1	0	0	0
0.536	0.833	0.419	0	0.366
0	0.312	0	1	0
0.312	1	0	0.526	0
0	0	0.7	0	0
0	0	1	0	0
0.7	0	0	0	0
0	0	0.714	0	0
1	0	0	0	0.582
1	0.526	0.312	0.8	0
0.333	0.1	0.333	0.333	0
0	0	0	0.333	0
0.833	1	0	1	0.429
0	0.357	0.7	0	0
0.429	0	0	0.833	0
0.5	0	1	0	1
0	0	0.333	0	0
0	0.333	0	0	0
0.7	0	0	0.357	0.333
0	0.833	0.429	1	0
0.333	0.333	0	0.1	0
1	0.5	1	0	0.833
0	0.7	0.333	0	0.167
0	0	0.5	0	1
0.333	0	0.167	0.7	0.289
0	0	0	0.333	0
0.333	0	0	0	0
0.167	0.333	0.289	0	0.333
0.289	0.167	0.333	0.333	0.1
0.2	0.167	0.1	0.3	0.194
0	0.194	0.333	0.1	0
0.1	0.333	0.333	0.289	0.333
1	1	0.833	0.5	0
0	0.373	0	0.368	0.642
0	0	0	0	0
0	0	0	0	0.476
0	0	0	0	1
0	0	0	0	0
0	0	0	0.473	0
0	0	0	0	0
0	0	0	0	0
0.513	0	0.205	0.7	0.933
0	0	0.9	0	0
0	0	0.642	0.373	0
0.682	0.473	0.636	0.549	0.833
0.167	0	0	1	0
0	0.473	0	0	0
0.964	0.732	0	0	0.575
1	0	0	0	0
0.732	0	0.964	0	0
0	0.167	0	0	0
0	0	0	0	0
0	0	0	0.476	0
0	0	0	0	0
0	0.7	0.513	0	0.205
0.473	0	0	0	0
0	0.8	1	0.833	0
0.636	0.682	0.833	0.473	0.8
0	0	0	0.642	0
0.667	0.25	0.549	0	0.473
0	1	0	0	0
0	0.679	1	0	0
0.8	0.833	0	0.636	1
0.575	0	0	0.964	0
0.9	0	0	0	0
0.7	0	0	0	0.513
0	0	0	0.9	0.473
0	0.639	0.6	0.6	0
0.5	0	0.397	0.7	0
0	0.667	0	0	0
0.372	1	0	0	0.667
0	0	0	0	0
0	0	0	0	0
0.6	0	0	0.639	0.333
0.667	0	0	0.372	0
0	0.372	0.667	1	0
0.667	0.667	0	0.321	1
0.41	0.556	0.571	0.643	0.6
0.509	0.7	0.607	0.762	0.363
0.667	0.321	0.667	0.667	0
0	0	0	0	0
0.7	0.619	0	0	0.5
0.619	0	0.7	0	0
0	0.333	0	0	0
0.321	0.667	0.667	0.6	0.667
0.667	0.6	0.321	0	0.667
0	0	0	-1	0
0	0	0.619	0	0.7
0	0	0	0	0
0	0	0	0	0
0.643	0.639	0.643	0.363	0.556
0	0.6	0.333	0	0
0	0	0	0	0
0.374	0	0	0.397	0.467
0.333	0	0	0.6	0
0	0	0.6	0	0.667
0.639	0.363	0.643	0.607	0.643
1	0	0.372	0.667	0
1	0	0	0	0.556
0	0	1	0.542	0
1	0	0.63	0	0
0	0.833	0.434	0	0.398
0.668	0.564	0.342	0.226	0.271
0.699	0.398	0.667	0.434	0
0	0.542	0	0.271	1
0	0	1	0.667	0
0.271	0.342	0.542	0.668	0
0	0.8	0	0	0
0	0.667	0	0.699	1
1	0	0	0	0
0	0	0	0	0
0	0	0.709	0.833	0
0.857	0	0	0.663	0.833
0.542	0.271	0	0.342	0
0.514	0.397	0.622	0.556	0.667
0.564	0.226	0.668	0.8	0.342
0	0	0	0	0
0.667	0.699	0	0.398	0
0	1	0	0	0
0	0.686	0	0	0
0.342	0.668	0.271	0.564	0.542
0.542	0	1	0	0.769
0.8	0	0	0	0
0	0	0	0	0
0.226	0.8	0.564	1	0.668
0.481	0.491	0.679	0.667	0.622
0.381	0	0.491	0	0
0	0.709	0	0	0
0	0	0	0	0
0	0	0	0	0
0	0	0	0	0.667
0	0	0	0.4	0.556
0	0	0	0	0
0.5	0	0	0.533	0
0.6	0	0.364	0.733	0.472
0	0	0	0	0
0	0.733	0.6	1	0.364
0	0	0	-1	0
0	-1	0	-1	0
0.533	0.333	0	0.667	0.5
1	0.556	0.733	0	0
0.472	0.364	0.309	0.6	0
0	0	0.667	0	0.333
0.364	0.6	0.472	0	0.309
0.333	0.667	0.533	0	0
0.667	0	0	1	0.4
0.667	0	0.333	0	0.533
0.733	1	0	0.556	0.6
0	0.733	0	0.667	0.444
1	0.8	0	0	0.345
0.429	0	0	0	0.429
0.444	0	0.101	0	0
0	0	0.221	0	1
0	0	0	0	0
0.8	0	1	0	0
0	0.429	0.429	0	0.667
0.101	0.444	0	0	0
0	0	0	0	0
0	0	0.429	0	0
0	0.101	0	0.444	0.8
0.429	0	0.667	0.429	0
1	0.221	0	0	0
0	0	0.667	0	0.733
0.667	0	0.733	0	0
0	0	0	0	0
0	1	0	0.221	0
0.733	0.667	0	0	0
0.89	0.678	0.625	0.646	0.787
0.624	0.855	0.707	1	0.67
0.603	0	0	0	0.742
0	0	0.733	0	0
0.81	0.833	0.833	0.67	0.901
0.733	0	0	0	0
0.67	0.707	0.611	0.624	0.648
0.609	0.727	0.7	0.772	0
0.901	0.833	0.827	0.81	0.848
0.678	0.646	0.89	0.591	0.625
0.625	0.89	0.787	0.678	0.879
0.646	0.591	0.678	0.825	0.89
0.833	0.81	0.901	0.833	0.827
0.833	0.67	0.81	0.71	0.833
0	0	0	0	0
0.611	0.67	0.648	0.707	0.825
0.758	0.773	0.71	0.848	0.67
0.591	0.825	0.646	0.648	0.678
0.709	0.879	0.732	0.787	0.772
0	0	0	0	0.333
0	0.333	0	0	0
0	0	0.333	0	0
0.67	0.71	0.833	0.758	0.81
0.855	1	0.624	0.333	0.707
0.333	0	0	0	0
0.707	0.624	0.67	0.855	0.611
0.787	0.625	0.879	0.89	0.709
0.71	0.758	0.67	0.773	0.833
0	0	0	0	0
0.648	0.611	0.825	0.67	0.591
0	0	0	0	0
0.628	0	0	0.273	0
0.692	0.6	0.75	1	0.8
0.891	0	0	0	0.7
0.373	0.7	0.567	0.581	0.667
0	0	0	0	0
0	0	0	0	0
0	0	0.273	0	0
0.667	0.567	0.405	0.373	0
0	0	0	0	0
0	0.4	0.867	0	1
0	0	0	0	0
0	0	0	0	0
0.709	0	0.304	0.425	0
0.75	0.692	0.8	0.6	0
0.4	0	0	0	0.867
0.574	0	0.714	0.8	0.425
0	0	0.891	0.703	0
0.567	0.373	0.667	0.7	0.405
0	1	0.451	0	0
0.304	0.709	0	0	0.503
0	0	0	0	0
0.714	0.574	0.425	0	0
0	0	1	0	0
0.577	0.733	0.538	0.75	0.667
0.538	0.577	0.667	0.733	0.342
0.353	0.374	0.667	0.722	0
1	0	0	0	0
0	0	0.333	0	0.8
0	0	0	0	0
0.733	0.75	0.577	0.476	0.538
0.667	0.538	0.342	0.577	0.462
0.5	0.462	0.667	0.342	0.722
0	0	0	0	0
0.342	0.667	0.462	0.538	0.5
0	0	1	0.8	0
0	0	0	0.667	1
0.867	0.333	0.491	0.786	0.473
1	0	0	0	0
0	0	0	0	0
0	1	0	0	0
0	0	0	0	0.131
0	1	0	0	0
0.8	0.333	0	0	0
0	0	0	0	0
0.75	0.476	0.733	0.473	0.577
0	0	0	1	0.333
0	0	0	1	0
0.786	0	0.333	0	0.867
0	0	0	0	0
0	1	0	0	0
0.476	0.473	0.75	0.491	0.733
0.333	0	0.8	0	0
0	1	0	0	0
0	0.238	0	0.333	0
0	0	0	0	0
0	0	0	0.667	0
0.25	0	1	0	0.667
0	0	0	0	0
0.238	0.333	0	0.667	0
0.667	1	0.667	0.25	0.333
0	0	0	0.5	0
0.667	0.667	0.333	1	0.238
0	0.5	0	0	0
0	0	0	0	0
0.333	0.667	0.238	0.667	0
0	0	0	0	0
0	0	0	0	0.667
0	0	0	0	0
0	0	0	0	0
0	0	0.667	0	0
0	0	0	0	0
0	0	0	0	0
0.5	0	0	1	0
0	0	0	0	0
0.667	0	0	0	0
0.964	0.557	0	0	0.713
0	0	1	0	0
0	1	0	0	0
0	0	0.978	0.312	0
0	0	0	0	0
0	0	0	1	0.581
0	0.581	0	0	0
0	0	0	0	0
0	0	0	0	0
0	0	0	0.978	0
1	0	0	0	0
0	0	0.581	0	0
0.978	0	0	0	0
0.581	0	0	0	0
0	0	0	0	0
0	0	0	0	0
0	0	0.341	0	0.312
0	0	0	0.581	0
0	0.312	0	0.341	0.978
0	0	0	0	0
0.557	0	0.964	0	0
0	1	0	0.713	0
0	0	0	0	0
0.549	1	1	0.667	0.571
0	0.333	0.202	0	1
0.607	0.821	0.227	0	0.524
0.821	0	0.607	0.7	0.227
1	0.549	0.571	1	0
0.333	0	0	0	0
0.5	0.425	0.714	0.667	0
0.425	0.667	0.5	0.643	0.714
0	0.7	0.821	0.722	0.607
0	0	-1	0	-1
0	0	0	0	0
0.307	0.9	0.643	0	0.667
0	0	0	0	0
0.667	0.524	1	0.227	0.549
0	0	0	0	0
0	0	0	0	0
0.227	0.607	0.524	0.821	0.667
0	0	0	0.333	0
0.202	0	1	0.333	1
0.667	0.643	0.425	0.307	0.5
0.9	0	0	0.571	0
1	0.202	1	0	0
0.524	0.227	0.667	0.607	1
0	0.556	0	0	0
0	0	0.712	0	0
0	0.933	0	0	0.575
0	0	1	0	0.667
0	0	0	0	0
0	0	0	0	0.667
0	0	0	0	0
0	0	0	1	0
0	0.5	1	0	0
0.952	0	0.2	0	0
0	0	0	0	0
0	0.712	0	0	0
0	0	0	0	0
0	0	0	0	0
0	0	0	0	0
0	0	0	0	0
0	0	0	0	0
0	0	0	0	0
0	0	0	0	0
0	0	0.342	0	0
0	1	0	0	0.952
0	0	0	0	0
0	0	0	0	0
0	0	0.952	1	0.2
0	0	0	0	0
0	0	0	0	0.712
0	0.667	0	0	0.524
0.342	0	0	0	0
0	0.342	0	0	0
0	0	0	0	0
0	0	0	0	0.5
0	0	0	0.712	0
0	0	0.933	0.2	0
0	0	0	0	0
0	0	0	0	0
0	0	0	0	0
0	0	0	0	0
0	0.667	0	0	0
0	0	0.667	0	0
0	0	0.333	0	0.462
0	0	0	0	0
0.667	1	0.667	0	0.6
0.712	0	0	0	0
0	0	0	0	0
0.556	0	0	0.821	0
0	0	0	0	0
0.346	0.283	0	0.639	0
0	0	0	0	0
0.333	0.202	0	0.333	0
0	0	0	0	0
0.25	0	0	1	0
0	1	0.25	0.333	0
0.643	0	0.4	1	0.247
0	0.25	0	0	0
0.4	0.643	0.247	0	0.333
0	0.333	0	0.202	0
0	0	0	0	0
1	0	0	1	0.643
0	1	0.643	0	0.4
0	1	1	0	0
0.333	0.5	1	0	0
1	0.333	0	0.5	0.25
0.202	0.333	0.333	0.247	0
0.247	0.4	0.333	0.643	0.202
1	0	0	0	0
0	0	0	0	0
0	0	0	0.312	0
0	0	0	0	0
1	0.381	0	0	0
0	0	0	1	0
0	0	0	0	0
0	0	0	0	0
0	0	1	1	0
0	0	0	0	0
0	0	0	0	0
1	0	0	0	0
0	1	0	0.381	1
0	1	0	0	0
0.381	0	1	0	0
0	0	0	0	0
0	0	0	0	0
0	1	0	0	0
0	0	0.381	0	1
0	0	0	0	0
0	0	0	0	0
0	0	0.6	0	0
0	1	0	0	0
1	0	0	0	0
0	0	0.5	0	0.705
0	0	0	0	0
0	0	1	0	0
0	0	0	0	0
0	0	0	0	0
0.556	0.533	0.433	0.56	0.644
0	0	0.333	0.667	0
0.267	0.167	0	0.667	0
0.667	0.392	0.429	0	0
0.56	0.339	0.533	0.467	0.556
0	0	0	0.267	0.143
0	0.333	0	0	0
0	0.626	0.32	0.254	0
0	0	0	-1	0
0.533	0.56	0.556	0.339	0.433
0.333	0.5	0.5	0	0.667
0	0.6	0	0.3	1
0.6	0	0	0	0.7
0	0	0.81	0	0
0	0	0	1	0.667
0	0.267	0	0.167	0
0	0.429	0	0.667	0
0.5	0	0.705	0	0
0.5	0.333	0.667	0.5	0.167
0	0	0	0	0
0	0	0	0	0
0	0	0	0	0.81
0.644	0.433	0.524	0.556	0.358
0	0	0.667	0	0.615
0	0.6	0.7	0	0
0.143	0	0	0	0
0.667	0.5	0.167	0.333	0.267
0	0	0	0	0
0	0.81	1	0	0
0	0.32	0.3	0	0.6
0	0	0	0	0
0	0	0	0	0
0	0	0.143	0	0
0.626	0.254	0	0.591	0.32
0	0	1	0.6	0
0	0	0	1	0
0	0	0.551	0	0.467
0	0.667	0	0	0.333
0.167	0.667	0.267	0.5	0
0	0	0	0.143	0
0	0	0	0	0.6
0	0.143	0	0	0
0.6	0.3	0	0	0
1	1	0	1	0
0.393	0.833	0	0.782	0
0.333	0	0.3	0	0
0	0	0	0	0.333
0	0	0.667	0	0
0	0.333	0	0	0
0	0	0.439	0	0
1	1	1	0.374	0
0	0.364	0	0	0
0.3	0.333	0	0	0.327
1	0.316	0	0	0
0	0	0.333	0	0.3
0.944	0	0	0	0.4
0	0	0	0.657	0
0	0	0	0	0
0	0	0	0	0.667
0	0.944	0.4	0	0.867
0.782	0	0.833	0.556	0.393
0	0	0	0	1
0.374	0	1	1	1
0.439	0	0	0	1
0.833	0.782	0.393	0	0
0	1	0	0.316	0
0.806	0.778	0	0	0.333
0	0.657	0	0.505	0
0	0	0	0	0
0	0	0	0	0
0	0	0	0.333	0
0	0	0	0.368	0
0.571	0	0	0	0
0.778	0	0.806	0.281	0
0.333	0	0	0.806	0
0.556	0	0	0	0.782
0	0	0	0.669	0
0.657	0.505	0	0.705	0
0	0	0.944	0	0
0	0	0	0	0
0	0	0	0	0
0	0.667	0	0	0.553
0	0.556	0.782	0	0.833
0.705	0	0.505	0	0.657
0.669	0	0	0	0
0	1	0	1	0.316
0	0.393	0	0.833	0.571
1	0.374	1	0	1
0	0	0	0	0
0.296	0	0	0	0
0	0.806	0.333	0.778	0
0.368	0	0	0.733	0
0	0	0	0	0
0	0	0	1	0
0.733	0.45	0	0	0.368
0.364	0	0	0	0
0	0	0	0	0
0	0	0	0	0
0	0	0.316	1	1
0	0	0	0	0
0	0	0	0	0
0	0	0	0	0
0.8	1	0	0	0
0	0	0	0	0.275
0	0	0	0	0
0	0	0	0	0
0.333	0.667	0.5	0	1
0.8	0.667	0.694	0	0.196
0	0.257	0	0	0.8
0.9	0	0	0	0.667
0.867	0.905	0	0	0
0	0	0.786	0.196	0.622
0	0	0	0	1
1	0	0	0	0
0.762	0	0	0	0
0	0	0	0.275	0.9
0	0.9	0.667	0	0.8
1	0	0.8	0	0
0.905	0	0.867	0	0
0	0.867	0	0.905	0
0	0	0	0	0
0.694	0.8	0.196	0.667	0
0.257	0	0	0	0
0	0	0.275	0	0
0	0.275	0	0	0
0	0	1	0	0.8
0	0	0.905	0	0.867
0	0	0	-1	0
0	0.8	0	1	0.762
0.275	0	0	0	0
0.575	1	0	0	0.517
0	0	0	0	0
0	0.575	0.517	1	0
0	0	0	0	0
1	0	0.575	0	0
0	0	0	0	0
0	0	0	0	0
0	0	0	0	0
0.517	0	0	0.575	0
0	0	0	0	0
0	0	1	0	0.575
0	0	0	0	0
0	0	0.37	0	0
0	0	0	0	0
0.37	0	0	0	0
0	0	0	0	0
0	0	0	0	0
0	0.37	0	0	0
0	0.517	0	0	0
0	0	0	0	0
0	0	0	0	0
0	0	0	0	0
0.563	0.833	0	0.824	0.721
0.8	0	0	0.721	0.345
0	0	0	0	0
0	0	0	0	0
0.824	0.894	0.833	0	0.563
0	0	0	0	0
0	0	0	0	0
0	0	0	0	0
0	0	0	0	0
0	0	0	0	0
0	0	0.803	0	0.52
0.462	0.719	0.772	0.553	0
0	0	0	0	0
0	0	0	0	0
0	0	0	0	0
0	0.563	0.721	0.833	0
0	0.873	0.894	0	0.824
0.772	0.462	0	0.719	0
0	0	0	0	0
0	0	0	0	0
0	0	0	0	0
0.595	0.844	0.488	0.905	0.75
0	0	0	0	0
0	0.772	0	0.462	0.587
0.873	0	0	0	0.894
0.894	0	0.824	0.873	0.833
0.52	0.803	0.778	0	0.905
0	0	0	0	0
0	0	0	0	0
0	0	0	0	0
0	0	0	0	0.619
0	0	0	0	0
0	0	0	0.786	0
0	0	0	0	0
0	0	0	0.667	0
0.619	0	0	0	0
0	0	0	0	0
0.786	0	0	0	0
0	0.667	0	0.861	0
0	0	0	0	0
0	0	0	0	0
0	0	0	0	0
0	0	0	0	0
0	0	0	0	0.786
0	0	0	0	0
0	0	0.619	0	0
0	0	0.786	0	0
0	0	0	0	0
0	0	0	0	0
0	0.619	0	0	0
0.667	0.861	0	0	0
0.727	0.825	0.833	0	0.817
0.586	0.678	0.632	0.714	0.625
0.819	0.707	0.653	0.842	0.479
0.653	0.819	0.479	0.707	0.654
0	0	0	0	0
0.712	0.525	0.662	0.912	0.683
0.479	0.653	0.654	0.819	0.714
0.912	0.684	0.525	0.587	0.712
0	0	0	0.667	0
0.662	0.712	0.683	0.525	0.717
0.463	0.637	0.433	0.75	0.667
0	0	0	-1	0.825
0	0.667	0	0.333	0
0.825	0	0.727	0	0.833
0.433	0.463	0.667	0.637	0.4
0.729	0.717	0.69	0.683	0.731
0.637	0.75	0.463	0.819	0.433
0.525	0.912	0.712	0.684	0.662
0.654	0.479	0.714	0.653	0.678
0.842	0.745	0.707	0.692	0.819
0	0	0	0	0
0.5	0.333	0.333	0.4	0.667
0.637	0.625	0.587	0.632	0.684
0	0	0.825	0	0.727
0.75	0.819	0.637	0.637	0.463
0.678	0.714	0.586	0.654	0.632
0.333	0.4	0.5	0.667	0.333
0.684	0.587	0.912	0.637	0.525
0.625	0.632	0.637	0.586	0.587
0.667	0.333	0	0.5	0
0.707	0.842	0.819	0.745	0.653
0	0	0	0.601	0
0	0	0	0	0
0	0	0	0	0
0	1	0	0	0
0	0	0	0	0
0	0	0	0	0
0	0.601	0	0	0
0	0	0	0	0.697
0	0	0	0	0
0	0	0	0	0
0	0	0	0	0
0	0	0.643	0	0.603
0	0	0	0	0.7
0	0	0	0	0
0	0	0	0	0
0	0	0	0	0
0	0	0	0	0
0	0	0	0	0
0.603	0.643	0.455	0	0.505
0	0	0	0.867	0
0	0	0	1	0
0.7	0	0	0	0.398
0	0	0	0	0
0.643	0	0.603	0	0.455
0	0	0	0	0
0	0	0.7	0	0
0.601	0	0	0	0
0	0	0.601	0	0
0	0	0	0	0
0	0	0	0	0
0	0	0	0	0
0.505	0.455	0.611	0.603	0.667
0	0	0	0	0
0.8	0	0	0.6	0
0	0.6	0.8	0.833	0
0	0	0	0	0
0	0.467	0	0	0
0	0	0	0	0.467
0	0	0	0	0.479
0	0	0	0	0
0	0	0	0	0
0	0	0	0.714	0.673
0.6	0.833	0	0	0.8
0.59	1	0	0	0
0	0	0	0	0
0	0.8	0	0	0.833
0	0.429	0	0.479	0
0	0	0	0	0
0	0	0	0	0
0.673	0	0	0	0
0	0	0	0	1
0	0	0.479	0	0.429
0.833	0	0.6	0	0
0	0	0	0	0
0	0	0	0	0
0.382	0.571	0.19	0.6	0.295
0	0	0	0	0
0.571	0.6	0.382	0.444	0.19
0.5	0.393	0.667	0.333	0
0	0	0	0	0
0	0	0	0	0
0.652	0.515	0.644	0.581	0.561
0	0	0	0	0
0.615	0.626	0.637	0.705	0.652
1	0.333	0	0	0
0.6	0.444	0.571	0.412	0.382
0.393	0.333	0.5	0.5	0.667
0	0	0	0	0
0	0	0	0	0
0	0	0	0	0
0	1	0	0.333	0
0	0.667	0	0	0
0	0	0	1	0
0.333	0.5	0.393	1	0.5
0	0	0	0	0.275
0.667	0	0	0.667	0
0	0	0	0	0
0	0.667	0.667	0.5	0
0.412	0.436	0.444	0.561	0.6
1	0.295	0.5	0.19	0.333
0.5	1	0.333	0.295	0.393
0	0	0	0	0
0.705	0.756	0.626	0.8	0.615
0	0	0	0	0
0.644	0.652	0.561	0.515	0.436
0.295	0.19	1	0.382	0.5
0.275	0	0.5	0	0.607
0.626	0.705	0.615	0.756	0.637
0	0	0	0	0
0.637	0.615	0.652	0.626	0.581
0	0	0	0	0
0.607	0.5	0	0.275	0.7
0	0	0	0	0
0	0	0	0	0
0.581	0.652	0.515	0.637	0.652
0.19	0.382	0.295	0.571	1
0.436	0.561	0.412	0.644	0.444
0.667	0.5	0	0.393	0.667
0	0	0	0	0
0.893	0.64	0	0	1
0	0.313	0	0	0
0.64	0	0.893	0	0
0.752	0	0.836	0.795	1
0	0.889	0	1	0.64
0.313	0	0	0	0
0	0	0	1	0.313
0.778	0	0	0	0.672
0.978	0	0	0	0
0	1	0	0	0
0	0	0	0	0.778
0.889	1	0	0.836	0
0.836	0.752	1	0	0.889
0	1	0.431	0.534	1
0	0.978	0	0	0
1	0.431	0	0	1
0	0	0	0.978	0
0	0	0.778	0	0
1	0	0	0.893	0
0	0	0	0	0
0.431	0	1	1	0
0	0.893	1	0.64	0
1	0.836	0.889	0.752	0
0	0	0	0	0
0.311	0.444	0.222	0.4	0.278
0	0	0	0	0.167
0.222	0.167	0	0	0.4
0	0	0	0	0
0	0	0	0.667	0
0	0	0	0	0
0	0	0	0	0
0	0	0	0	0
0	0	0	0	0
0	0	0	0	0
0	0	0	0	0
0	0	0	0	0
0.167	0	0.222	0	0
0	0	0	0.127	1
0	0.667	0	1	0
0	0	0	0	0
0	0	0.167	0	0.222
0.361	0	0	0	0
0	0.222	0.4	0.167	0.3
0	0.361	0	0	0
0	0	0	0	0
0	0	0	0	0
0	0	0	0	0.361
0.17	0.3	0.143	0.4	0.667
0.644	0	0	0	0
0.833	0	0	0	0.326
0.308	1	0.867	0.864	0.576
0	0	0	0.333	0
0	0	0.644	0	0
0.318	1	0	0	1
0	0	0	-1	0.764
0.463	0.545	0.532	0.281	0.694
0.5	0	0	0	0
0	0.833	0.326	0	0
1	0	0	0.318	0.8
0	0	0	0	0
0.867	0.308	0.576	1	0.369
0	0	0.764	0	0.561
0	0	0.498	0	0
1	0	0	1	0.423
0.514	0	0.495	0	0.713
0	0	0	0	0
0.75	0.8	0	0	0
0	1	0	0.673	0.833
0	0	0	0	0.498
0.369	0.576	1	0.867	0.658
0	0.857	0	0	0
0.545	0.281	0.463	0.477	0.532
0.423	0	1	1	0.571
0.576	0.867	0.369	0.308	1
0	0	0	0	0
0	1	1	0	0
0	1	0.423	0	1
0.571	1	0	0.423	0
0	0	0	0	0
0	0	0	0	0
0	0	1	1	0
0.326	0	0	0.833	0.788
1	0	0	0	0
0	0	0	0	0
0	0	0	0	0
0	0	0	0	0
0	0	0	0	0
0	0	0	0	0
0	0	0	0	0
0	0	0	0	0
0	0	0	0	0
0	0	0	0	0
0	0	0	0	0
0	0	0	0	0
0	0	0	0	0
0	0	0	0	0
0	0	0	0	0
0	0	0	-1	0
0	0	0	0	0
0	0	0	0	0
0	0	0	0	0
0	0	0	0	0
0	0	0	0	0
0	0	0	0	0
0	0	0	0	0
0	0	0	1	0
0.6	0.444	0.571	0.412	0.382
0	0	0	0	0.275
0	0	0	0	0
0.571	0.6	0.382	0.444	0.19
0	0	0	0	0
0	1	0	0.333	0
0.19	0.382	0.295	0.571	1
0	0	0	0	0
0.393	0.333	0.5	0.5	0.667
0.637	0.615	0.652	0.626	0.581
0.275	0	0.5	0	0.607
0	0	0	0	0
1	0.333	0	0	0
0.333	0.5	0.393	1	0.5
0.615	0.626	0.637	0.705	0.652
0	0	0	0	0
0.295	0.19	1	0.382	0.5
0	0	0	0	0
0	0	0	0	0
1	0.295	0.5	0.19	0.333
0.8	0.778	0.756	0.764	0.705
0	0.667	0	0	0
0	0	0	0	0
0	0	0	0	0
0	0	0	0	0
0.412	0.436	0.444	0.561	0.6
0.607	0.5	0	0.275	0.7
0.5	1	0.333	0.295	0.393
0	0	0	0	0
0.667	0	0	0.667	0
0	0	0	0	0
0.436	0.561	0.412	0.644	0.444
0.667	0.5	0	0.393	0.667
0.444	0.412	0.6	0.436	0.571
0.626	0.705	0.615	0.756	0.637
0.5	0.393	0.667	0.333	0
0	0	0	0	0
0	0	0	0	0
0.382	0.571	0.19	0.6	0.295
0	0	0	0	0
0	0.364	0	0.258	0.511
0.964	0.782	0.833	0.504	0.373
0	0	0	0	0.504
0.556	0.436	0.45	0	1
0	0.498	0	0	0
0.35	0.667	0	0	0
1	0	0	0	0
0.323	0.663	0	1	0.712
0	0.55	0	0.681	0
0.782	0.504	0.964	0	0.833
0.498	0	0	0	0
0.9	0.511	0	0	0
1	0.722	0	1	0.397
0	0	0.511	0.364	0.9
0	0.373	0.762	0.833	1
0	0.323	0.712	0.663	0
0	1	0	0	0.667
0.712	0	0	0.323	0.85
0.663	1	0.323	0.762	0
0.359	0	0.3	0	0.509
0.833	0.964	0.373	0.782	0
0.364	0.258	0	0	0
0.373	0.833	0	0.964	0.762
0	0.712	0.85	0	0.952
0	0.9	0	0.511	0.436
0.258	0	0.364	0	0
0	0	0.359	0	0.3
0.778	0.806	0.255	0.786	0.199
0	0	-1	0	-1
0	0	0.467	0	0
0	0	0	0	0
0	0.476	0	0	0
0.476	0	0	0	0
0.333	0	0.333	0.667	0
0	0	0	0.6	0.476
0	0.429	0	0	0
0	0	0.476	0	0
0	0.333	0	0.333	0.429
0.806	0.786	0.778	0.806	0.255
0.786	0.806	0.806	0.655	0.778
0.4	0.408	0.576	0.418	0.689
0	0	0	0	0
0.667	0.199	0	0.255	0.333
0.806	0.655	0.786	0.689	0.806
0.564	0.582	0.53	0.622	0.6
0.655	0.689	0.806	0.576	0.786
0	0	0	0.333	0
0.576	0.4	0.689	0.408	0.655
0.53	0.564	0.6	0.582	0.564
0.429	0	0	0	0
0	0.467	0	0	0
0	0.6	0	0	0
0.6	0.53	0.564	0.564	0.462
0.333	0.333	0	0	0
0.564	0.6	0.462	0.53	0.418
0.255	0.778	0.199	0.806	0.667
0.199	0.255	0.667	0.778	0
0	0	0	0	0
0.689	0.576	0.655	0.4	0.806
0.667	0.455	0.778	0.333	0.846
0	1	0	0.706	0.542
0	0	0.542	1	0.864
0.643	0.567	0.689	0.893	0.252
0.567	0.893	0.643	1	0.689
0.447	0.626	0.333	0	0.455
0.542	0	0.864	0	0
0	0	0.333	0	0.333
0.591	0.667	0.706	1	1
1	0.706	0	0.591	0
0	0	0.5	1	0
1	0.833	0.667	0.833	0.591
0.689	0.643	0.252	0.567	0.619
0	1	1	0.392	1
0.667	1	0.591	0.833	0.706
0.706	0.591	1	0.667	0
0	1	0	1	0.464
0.626	0	0.447	0.864	0.333
0.822	0.642	0.824	0.846	0.602
1	0.619	0	0.252	0
0	0.5	0.392	0	1
0.619	0.252	1	0.689	0
0.5	0	0	0	0.392
0	0	0.464	1	0
0.491	0.867	0.473	0.333	0.476
0	0	0	0	0
0	0	0	0	0
0	1	0	0	0
0.353	0.374	0.667	0.722	0
0	0	0	0	0
0.538	0.577	0.667	0.733	0.342
0	0	0	1	0
0	0	1	0	0
0	0	0	0	0
0.333	0	0.8	0	0
0.786	0	0.333	0	0.867
0	0	0.283	0	0
0	0	0	0	0
0	0	0	0	0.786
0.476	0.473	0.75	0.491	0.733
0	0	0	0	0
0	0	0	0	0
0.867	0.333	0.491	0.786	0.473
0	0	0	0.667	1
1	0	0	0	0
0	0	0	-1	0
0	0	0	0	0
0	1	0	0	0
0.5	0.462	0.667	0.342	0.722
0.733	0.75	0.577	0.476	0.538
0	0	0	0	0.131
0	0	0	0	0
0	0	1	0.8	0
0.473	0.491	0.476	0.867	0.75
0	0	0.333	0	0.8
1	0	0	0	0
0	0	0	0	0
0.333	0.786	0.867	0	0.491
0	0	0.786	0	0.333
0.577	0.733	0.538	0.75	0.667
0.75	0.476	0.733	0.473	0.577
0	0	0	1	0.333
0	0	0	0	0
0.667	0.5	0.722	0.462	0.374
0.667	0	0.333	0.5	0
0.275	0.198	0.667	0.7	0.867
0.607	0.5	0	1	0
0	0	0	0.3	0
1	0.639	0.36	0.583	0.455
0.533	0.4	0.467	0.267	0.378
0.7	0.714	0.198	0	0.275
0.639	0.583	1	0.333	0.36
0.36	1	0.455	0.639	0
0.3	0.378	0	0.467	0
0.4	0.267	0.533	0.4	0.467
0.378	0.467	0.3	0.533	0
0	0	0	0	0
0.333	0.5	0.583	0	0.639
0.467	0.533	0.378	0.4	0.3
0.5	0.327	0	0.155	0.667
0.667	0.275	0.867	0.198	0
0	0	0	0	0
0.198	0.7	0.275	0.714	0.667
0	0.5	0.667	0.327	0.333
0.155	0.378	0.327	0.491	0.5
0.233	0	0.381	0	0
0	0	0	1	0
0	0	0.857	0	0
0.152	0.733	0	1	0.694
0.5	0	0	0	0
0	0	0	0	0.5
0	0	0	0	0
0	0.1	0	0	0
0.733	1	0.152	0.464	0
0.7	0.745	0.756	0.833	0.721
0	0	0	0.333	0
0	0	0.5	0	0
0.1	0	0	0	0
0.857	0	0	0	1
0	0	0	0	0
0	0	0	0	0
0	0	0	0	0
0	0.152	0.694	0.733	1
1	0.694	0	0	0.516
0	0	0	0	0
0	0	0.833	1	0.745
0	0	0	0	0
0	0	0	0	0
0.667	0	1	0	0
0.636	0.545	0.667	0.857	0.576
0.694	0	1	0.152	0
0	0	0	0	0
0	0.857	1	0	0
0	0	0	0	0
0	0	0	0	0
0	0	0	0	0
0	0	0	0	0
0.833	0	0.745	0	0.7
0	0	0	0	0
0	0	0	0	0
0	0	0	0	0
0	0	0	0.5	0
0.237	0	0	0	0
0.667	0.636	0.576	0.545	0.714
0	0	0	0	0
0	0	0	0	0.857
1	0.458	0	0.163	0
0	0	0.667	0	0
0	0	0.333	0	0
0	0	0	0	0
0	0	0	0	0
0.756	0.7	0.721	0.745	0.437
0	1	0	0	0
0	0	0	0	0.333
0	0	0	0	0
0	0	0	0	0
0	0	0.243	0	0.374
0	0	0	0	0
0	0	0	0	0
0	0	0	0	0
0	0	0	0	0
0	0	0	0	0
0	0.333	0	0	0.237
0.5	0	0	0	0.4
0	1	0	0.458	0.833
0	0	0.667	0.374	1
0	0	0	1	0
1	0	1	0	0
0	0	0	0	0
0.243	0	0.374	0	0
0	0	0	0	0
0.75	0.516	0.556	0	0.857
0	0	0	0	0
0	0	0	0	0
0	0	0	0	0
0	0	0	0	0
0	0	0.1	0	0
0.556	0.75	0.857	0.516	0.545
0	0	0	0	0
0	0	0	0	0
0	0	0	0	0
0.4	0	0	0.5	0
0.714	0.576	0.168	0.667	0
0.742	0.437	0	0.721	0.403
0	0	0	0	0.1
0.333	0	0	0	0
0	0	0	0	0
0	0	0	0	0
0	1	0.516	0.694	0.75
0	0	0	0	0
0	0	1	0	1
0	0	0	0	0
0.168	0.714	0	0.576	0.442
1	1	0	0	0
0	0	0.333	0	0
0	0.742	0.403	0.437	0.727
0	0	0	0	0.833
0	0	0.667	0.9	0.321
0.333	0.341	0	0	0.164
0.833	0	0	0	0
0	0.164	0	0	0
0.679	0.667	0	0	0
0	0	0.833	0	0
0	0.643	0.667	0	0
0	0.9	0	0.2	0.667
0	0.833	0	0	0
0	0	0	0.667	1
0.643	0	0	0	0.667
0.667	0.679	0.6	0.372	0.312
0	0	0	0.833	0.2
0	1	0	0	0
0	0	0	0	1
0.341	0	0.333	0.321	0
0.2	0	0.9	0	0
0	0	0.643	0.667	0
0	0	0.2	0	0.9
0.667	0	0.321	0	0
0	0.267	0	0	0.667
0.325	1	0.667	0.333	0
0.6	0.667	0.312	0.679	0.515
0.9	0.2	0	0	0
0	0	0	1	0
0.342	1	0.372	0	0.679
0.667	0.325	0	1	0
0	1	0	0	0
0	0	0	0	0
0	0	0	0.164	0
0	0.185	0.429	1	0
0.333	0.667	0.374	0.6	0.289
0	0	0.429	0	0
0	0	1	0	0
1	0	0	0.429	1
0	0.694	0.451	0	0
0.8	0	0.533	0	0.358
0	0	0	0.289	0
0	0	0	0	0.429
0	0	0.267	0.5	0
0.533	0.8	0.358	0	0
0	0	0	0	0.8
0.429	0	0	0.185	1
0.358	0.533	0	0.8	0.694
0.467	0	0	0	0.3
0.667	0.6	0.333	0	0.374
0.694	0	0	0.358	0.451
0	0	0	0.451	0
0.429	0	0	0	0
0.374	0.333	0.289	0.667	1
0	1	1	0	0.333
0.4	0	0.75	0	0
0	0	0	0	0.833
0.5	0	0	0.422	0
0	0	0	0	0
0	0.289	0	0	0
0	0	0.4	0	0.75
0.185	1	0	0.289	0.429
0	0.5	0	0	0.267
0	1	0	0	0
0.451	0	0	0.694	0
0	0	0	0	0
0.75	0.4	0	0	0
0.289	0.374	1	0.333	0.185
0.6	0	0.667	0.429	0.333
0	0.75	0	0.4	0
0	0	0	0	0
0	0	0.8	0	0.533
0	0	0	0	1
