0	0	0	0	0
0	0	0.667	0	0
0	0	0.107	0	0
0.333	0	0	0	0
0	0	0	0	0.3
0.286	0	0.3	1	0.7
0.261	0.19	0.356	0.6	0.5
0	0.667	0	0	0
1	0	0	0.5	0.286
0.933	0.5	0.364	0.356	0.473
0.352	0	0	0.607	0
0	0	0.179	0.4	0
0	0	0	0.133	0
0	1	0.286	0	0.3
0.667	0	0	0	0
0.5	0.356	0.933	0.261	0.364
0.321	0.4	0.309	0.7	0.275
0.19	0.6	0.261	0.393	0.356
0.4	0.7	0.321	0.3	0.309
0	0	0	0.667	0
0.6	0.393	0.19	0.429	0.261
0.473	0.364	0	0.933	0.308
0	0	0.133	0	0
0	0.4	0	0	0.179
0	0.607	0.352	0.3	0
0	0.5	1	0	0
0.364	0.933	0.473	0.5	0
0	0	0	0.352	0
0	0	0.667	0	0
0.7	0.3	0.4	0.286	0.321
0.3	0.286	0.7	0	0.4
0	0	0	0	0
0.4	0	0	0	0
0	0	0	0	0
0.356	0.261	0.5	0.19	0.933
0	0	0.409	0	0
0.321	0.473	0.301	0.7	0.571
0.333	0.7	0.679	0.464	0.667
0.733	0.509	0	0.571	0.643
0.667	0.679	0.7	0.333	0.473
0.464	0	0.7	0	0.333
0.473	0.7	0.321	0.667	0.301
0.509	0.571	0.733	0.301	0
0	0	0.288	0	0
0	0.409	0	0	1
0	0	0	0	0
0.643	0	0	0.733	0.333
0.301	0.321	0.571	0.473	0.509
0.348	0	0.417	0.4	1
0.288	0	0	0	0
0.7	0.464	0.333	0	0.679
0.409	0	0	0	0
0.679	0.333	0.667	0.7	0.7
0	0	0	0	0
0	0	0.9	0	0
0	1	0	1	0.327
0	0	0.167	0	0
0	0	0	0	0
1	1	0	0.6	0
0	0	0	0	0
0	0.429	0	0	0
0.364	0.5	1	0.393	0.309
0	0	0	0.9	0
0	0	0	0	0
0	0	0	0.464	0.9
0	0	0	0	0
0.667	0	0	0	0
0	0	0	0	0
0	0	0.533	0.467	0.4
1	0.364	0.309	0.5	0.393
0	0	0	0	0
0	0	0.5	0.4	0.393
0	0	0	0	0
0	0	0	0.429	0
0	0.393	0	0.309	0
0	0	0	0	0
0.9	0	0	0	0
0	0	0	0.393	0.429
0	0	0	0	0
0.309	1	0.393	0.364	0
0	0	0.333	0.333	0
0	0	0	0	0.167
0	0.667	0	0	0
0	0	-1	0	-1
0	0	0	0	0
0	0	0	0	0
0	0	0	0	0
0	0	0	0	0
0	0	0	0	0
0	0	0	0	0
0	0	0	0	0
0	0	0	0	0
0	0	0	0	0
0	0	0	0	0
0	0	0	0	0
0	0	0	0	0
0	0	0	0	0
0	0	0	0	0
0	0	0	0	0
0	0	0	0	0
0	0	0	0	0
0	0	0	0	0
0	0	0	0	0
0	0	0	0	0
0	0	0	0	0
0	0	0	0	0
0	0	0	0	0
0	0	0	0	0
0	0	0	0	0
0	0	0	0	0
0	0	0	0	0
0	0	0	0	0
0	0	0	0	0
0.2	1	0.286	0	0
0.244	0	0	0	0.333
0	-1	0	-1	0
0	0	0	0	0
0.733	0.333	0.667	0	0
0	0.429	0.533	0	0
0	0.1	0.2	0.197	0
0	0	0	0	0
0	0	0	0	0
0	0	0	0	0
0.533	0	0	0.429	1
0	0	0.095	0	0
0	0	1	0	0.197
0.333	0	0	1	0
0	0	0	0	0.429
0	0.533	1	0	0.2
0.6	0	0	0	0
0	0	0	0	0
0	0.333	0	0	0
0	0	0	0	0
0	0	0	0.286	1
0	0	0	0	0
0	0	0	-1	0
0	0	0	0	0
0	0	0	0	0
0.197	1	0.1	0	0
1	0	0.2	0.533	0.286
1	0	0	0.333	0.333
0	0	0.6	0.286	0
0	0	0	0.422	0
0.429	0	0	0	0.533
0.524	0.345	0.422	0	0.607
0	0	0.429	0	0
0	0.333	1	0	0
0	0	0	0	0
0.333	0	0	0	0.5
0	0	1	0	0.667
0	0	0	0	0
0	0	0	0	0
1	0	0.667	0	0
0	0	0	0	0
0.333	0.286	0	0.333	0
0	0	0	-1	0
0	0.333	0.5	0	0
0.667	1	0	0	0
0	0	0	0	0
1	0	0	0	0
0.286	0.333	0.333	0	0
0	-1	0	-1	0
0	0	0	0	0
0.5	0	0	0.333	0
0	1	0	0	0
0	0	0	0	0
0	0	0	0	0
0	0	0	0	0
0	0	0.333	0	0
0.333	0	0.286	0	0.333
0	0	1	0.333	0
0	0.5	0	0	0
0	0	0	0.667	0
0	0	0	0.5	0
0	0.333	0	0.286	0
0	0	0	0	0
0	0	0	0	0
0.464	0.536	0.306	0.667	0.333
0.167	0.167	0	0	0
0	0	0	0	0
0.167	0.25	0.3	0.133	0.333
0	0	-1	0	-1
0	0	0	0	0
0.133	0.143	0.667	0.333	0
0.25	0.133	0.167	0.267	0.3
0.667	0.333	0.476	0	0.389
0	0	0	0	0
0	0	0	0	0
0	0	0	0	0
0	0	0	0	0
0.3	0.167	0.333	0.25	0.143
0	0	0	0	0
0	0	0	0	0
0.536	0.667	0.464	0.472	0.306
0.472	0.364	0.667	0.528	0.536
0.6	0.429	0.528	0.389	0.364
0	0	0	0	0
0.4	0.333	0.267	0.306	0.133
0.333	0	0.667	0	0.476
0	0	0	0	0
0	0	0	0	0
0.267	0.4	0.133	0.333	0.25
0.333	0.3	0.143	0.167	0.133
0.167	0	0.167	0.667	0
0	0	0.333	0	0.667
0.389	0.476	0.429	0.667	0.6
0	0.167	0	0.167	0
0	0	0	0	0
0.667	0.472	0.536	0.364	0.464
0.333	0.306	0.4	0.464	0.267
0	0	0	0	0
0.476	0.667	0.389	0.333	0.429
0.133	0.267	0.25	0.4	0.167
0	0	0	0	0.333
0.667	0.133	0	0.143	0.167
0	0	0	0	0
0.306	0.464	0.333	0.536	0.4
0.143	0.333	0.133	0.3	0.667
0.667	0	0.667	0.5	0.4
0	0	0	0	0
0.273	0	0.5	0	0
0	0	0.114	0	0.167
0	0	0	0	0
0	0	0	0.19	0
0	0	0.306	0	0
0.667	0	0	0	0
0	0	0	0	0
0.5	0.273	0	0	0
0	0.306	0.667	0	0.5
0.167	0.114	0	0	0
0	0.5	0	0.667	0.667
0	0	0	0.5	0.306
0	0	0.667	0	0.7
0.1	0	0	1	0
0	0	0	0	0
0	0	0	0	0
0.5	0.667	0	0	0
0.114	0	0.167	0	0
0	0.667	0	0	0
0	0	0	0	0
0.5	0	0	0.192	0
0	0.5	0	0	0
0.667	0	0.5	0.306	0
0	0	0	0	0
0	0	0	0	0
0	0	0	0.5	0
0	0	0.273	0	0.5
0	0	0	0	0
0.607	0.6	0.6	0.667	0.528
0	0.2	0.333	0.2	0.667
0.533	0	0	0.393	0
0	0.333	0	0	0
0.6	0.667	0.607	0	0.6
0	0.533	0	0	0
0	0	0	0.333	0.333
0	0.393	0.533	0.267	0
0	0	0	0.533	0.333
0	0	0.333	0	0
0	0	0.333	0	0
0.6	0	0.267	0	0.393
0	0.333	0	0	0
0	0	0	0.333	0.2
0.667	0.333	1	0.267	0.333
0.333	0	0	0	0
1	0.667	0.333	0.333	0.467
0.6	0.607	0.528	0.6	0.6
0.393	0.267	0	0.6	0.533
0.7	0.533	0	0.667	0
0	0	0.6	0.467	0.267
0.667	0	0.6	0	0.607
0.333	0.267	0.667	0	1
0	0	0	0	0
0	0	0	0	0
0.167	0	0	0.167	0
0	0	0	0	0
0.8	0.327	0.333	0.528	0
0.8	0.4	0	0	0.583
0	0	0	0	0
0	0.667	0.6	0.361	0.316
0	0	0	0	0
0	0	0	0	0
0	0	0	0	1
0	0.333	0	0.8	0
0	0	0	0	0
0.667	0.361	0	0	0.6
0	0	0.1	0	0
0	0	0	0	0
0	0	0	0	0.4
0	0	0	0	0
0	0	0	0	0
0	0.667	0	0	0
0	0.667	0.361	0.393	0.667
0.327	0.528	0.8	0.396	0.333
0	0	0	0	0
0	0	0	0	0.1
0.556	0.571	0.679	0.619	1
0.333	0.8	0	0.327	0
0	0	0.619	0	0.571
0	0	0	0	0
1	0	0	0	0
0	0	0	0.167	0
0	0	0	0.464	0
0	0.1	1	0	0
0	1	0.4	0.679	0.8
0.1	0	0	0	1
0	0	0	0.667	0
0.571	0.619	0.556	0	0.679
0.679	0.556	1	0.571	0
0	0	0	0	0
1	0	0	0.1	0.333
1	0.679	0	0.556	0.4
0	0	0	0.333	0.619
0	0	0.4	0	0
0	0	0	0	0
0.267	0.333	0.333	0.3	0.667
0.333	0.286	0.333	0.267	0.3
0	0	0	0	0
0	0.3	0.333	0	0
0	0	0	0	0
0.5	0.667	0.5	0	0.4
0.333	0	0	0.667	0
0.333	0.533	0.5	0.381	0
0	0	0	0	0
0	0.333	0	0	0
0.357	0.389	0.381	0.476	0.533
0	0	0	0	0
0.286	0.267	0.333	0.333	0.333
0	0	0	0	0
1	0	0.333	0	0.3
0.267	0.333	0.286	0.4	0.333
0	0	0	0.5	0
0.333	0.4	0.267	0.4	0.286
0	0	0	0	0.333
0	0	0	0	0.3
0	0	0	0	0
0.4	0.4	0.333	0.4	0.267
0.3	0.333	0.333	0.333	0.267
0	0	0	0	0
0.381	0.357	0.533	0.389	0.333
0	0	0	0	0
0	0.5	0	0.333	0
0	0	0	0	0
0	0	0	-1	0
0	0	0	0	0.667
0	0	0	0.333	0
0	0	1	0.333	0.333
0.333	0.333	0.3	0.286	0.333
0	0	0	0	0
0.7	0.364	0.5	0.283	0.714
0	0	0.5	0	0
0.289	0.533	0	1	0
0.4	0	0	0	0
0.4	0	0	0	0
0	0	0	0	0
0	0	0	0.4	0
0	0.083	0	0	1
0	0.2	0	0	0
0	0	0.167	0	1
0	0	0	0	0.4
0	0.333	0	0	0
0	0	0	0	0
0.5	0.7	0.714	0.364	1
0	0	0.4	0.289	0
0.5	0.4	0.476	0.333	0.4
0	0	0	0	0.333
0	0	0.338	0.667	0
0	0	0	0	0
0	0	0	0	0
0.333	0	0.222	1	0.25
0.333	0	0	0	0
0	0	0	0	0
0.267	0	0.149	0.491	0.283
0.333	0	0	0	0.667
0.364	0.283	0.7	0.149	0.5
0	0	1	0	0
0	0	0	0	0
0	0	0	0	1
0	0.491	0.267	0.283	0.149
0	1	0.333	0	0.222
0	0	0	0	0
0	0.289	0	0.533	0.4
0.667	0	0.667	0.194	0.333
0.714	0.5	1	0.7	0
0	0	0.333	0	0
0.357	0.25	0.5	0.222	0.333
0	0	0.333	0.333	0
0	0	0	0.333	1
0	0	0	0	0
0.3	0.333	0.5	0.667	1
0	0	0	0	0
0	0	0.333	0	0.667
0	0	0	0	0.333
0	0	0	0	0
0.429	0.6	0.154	0	1
0	0	1	0	0
0	1	0	0.714	0
0	0	0	0	0
0.667	0.667	0.333	0	0.3
0	0	0	0	0
0	0	0	0	0.667
0.533	1	0.289	0.154	0
0	0	0	0	0
0	0	0	0.5	0
0	0	0.4	0.4	0
0	0.667	0	0	0.338
0	0	0	0.095	0
0	0	0	0	0
0	0.5	0	0	0
0	0.4	0	0	0.4
0	0	0	0	0
0.5	0.3	1	0.333	0
0	0	0	0	0
0	0.288	0	0	0
0	0.095	0	0	0
0.333	0	0.667	0	0.333
0	0	0	0	0
0	0	-1	0	-1
0	0	0	0	0
0.583	0.449	0.607	0.455	0.509
0	0	0	0.333	0
0.449	0.455	0.583	0.455	0.607
0.333	0	0	0	0
0	0	0	0	0
0	0	0.333	0	0
0	0	0	0	-1
0.667	0.533	0.333	0.556	0
0.333	0.667	0	0.533	0
0	0	0	0	0
0	0.333	0	0.667	0
0	0	0	0	0
0	0	0	0	0
0	0	0	0	0
0	0	0	0	0
0	0	0	0	0
0	0	0	0	0
0	0	0	0	0
0.333	0	1	0	0.1
0	0.333	0	0	0.333
0	0	0	0	0
0	0	0	0	0
0	0	0.333	0.333	1
0	0	0	0	0
0	0	0	0	0
0	0	0	0	0
0	0	0	0	0
0	0	0	0	0
0	0	0	0	0
0	0	0	0	0
0	0	0	0	0
0	0	0	0	0
0	0	0	0	0
0	0	0	0	0
0	0	0	0	0
0	0	0	0	0
0	0	0	0	0
0	0	0	0	0
0	0	0	0	0
0	0	0	0	0
0	0	0	0	0
0	0	0	0	0
0	0	0	0	0
0	0	0	0	0
0	0	0	0	0
0	0	0	0	0
0	0	0	0	0
0	0	0	0	0
0	0	0	0	0
0	0.333	0	0	0
0	0	0	0	0
0.4	0	0	0	0.7
0	0	0.333	0	0
0	0	0	0.333	0
0.5	0	0	0	0
0.333	0	0	0	0
0	0	0	0.4	0.333
0	0	0	0	0
0	0	0	0	0
0	0	0	0	0
0	0.381	0.5	0	0.167
0	0	0	0	0.5
0	0	0	0	0
0	0	0	0	0
0	0	0	0	0
0.167	0.5	0.5	0	0
0	0.4	0	0	0
0.4	0	0	0.333	0
0	0	0	0	0
0	0	0	0	0
0	0	0	0	0
0	0	0.5	0	0
0	0	0	0	0.4
0	0.333	0.4	0.333	0
0.333	0.1	0.417	0.3	0
0	0	0	0.417	0
0.833	1	0	1	0.429
0	0.357	0.8	0	0
0.429	0	1	0.833	0
0.5	0	1	0	1
0	0	0.333	0	0
0	0.333	0	0	0
0.8	0	0	0.357	0.333
0	0.833	0.429	1	1
0.417	0.333	0	0.1	0
1	0.5	1	0	0.833
0	0.8	0.333	0	0.167
0	0	0.5	0	1
0.333	0	0.167	0.8	0.289
0	0	0	0.333	0
0.333	0	0	0	0
0.167	0.333	0.289	0	0.3
0.289	0.167	0.3	0.333	0.1
0.2	0.167	0.1	0.267	0.194
0	0.194	0.333	0.1	0
0.1	0.3	0.333	0.289	0.417
1	1	0.833	0.5	0
0	1	0	0	0.1
0	0	0	0	0
0	0	0	0	0.667
0	0	0	0	0
0	0	0	0	0
0	0	0	0.476	0
0	0	0	0	0
0	0	0	0	0
0.306	0	0.2	0.667	1
0	0	0.833	0	0
0	0	0.1	1	0
0.6	0.467	0.467	0.5	0.667
0	0	0	0	0
0	0.476	0	0	0
0.333	0.5	0	0	0.333
0	0	0	0	0
0.5	0	0.333	0	0
0	0	0	0	0
0	0	0	0	0
0	0	0	0.667	0
0	0	0	0	0
0	0.667	0.306	0	0.2
0.476	0	0	0	0
0	0.667	0	0.667	0
0.467	0.6	0.667	0.467	0.667
0	0	0	0.1	0
0	0.321	0.5	0	0.467
0	0	0	0	0
0	0.2	1	0	0
0.667	0.667	0	0.467	0
0.333	0	0	0.333	0
0.833	0	0	0	0
0.667	0	0	0	0.306
0	0	0	0.833	0.476
0	0.619	0.6	0.6	0
0.667	0	0.5	0.333	0
0	0.667	0	0	0
0.143	0	0	0	0.667
0	0	0	0	0
0	0	0	0	0
0.6	0	0	0.619	0.333
0.667	0	0	0.143	0
0	0.143	0.667	0	0
0.5	1	0	0	0
0.379	0.511	0.536	0.571	0.6
0.467	0.7	0.571	0.733	0.372
1	0	0.5	0.667	0
0	0	0	0	0
0.333	0.5	0	0	0.667
0.5	0	0.333	0	0
0	0.333	0	0	0
0	0.667	1	0.5	0.5
0.667	0.5	0	0	1
0	0	0	-1	0
0	0	0.5	0	0.333
0	0	0	0	0
0	0	0	0	0
0.607	0.556	0.571	0.372	0.511
0	0.6	0.333	0	0
0	0	0	0	0
0.286	0	0	0.5	0.333
0.333	0	0	0.6	0
0	0	0.5	0	0.667
0.556	0.372	0.607	0.571	0.571
0	0	0.143	0.5	0
0	0	0	0	0.3
0	0	0.667	0.417	0
0	0	0.6	0	0
0	0	0.231	0	0.176
0.528	0.524	0.464	0.212	0.286
0.429	0.176	0	0.231	0
0	0.417	0	0.286	0.667
0	0	0	0	0
0.286	0.464	0.417	0.528	0
0	0	0	0	0
0	0	0	0.429	0
0.667	0	0	0	0
0	0	0	0	0
0	0	0.333	0.8	0
0.8	0	0	0.833	0
0.417	0.286	0	0.464	0
0.515	0.394	0.578	0.556	0.578
0.524	0.212	0.528	0.667	0.464
0	0	0	0	0
0	0.429	0	0.176	0
0	0.667	0	0	0
0	0.238	0	0	0
0.464	0.528	0.286	0.524	0.417
0.167	0	1	0	0.333
0	0	0	0	0
0	0	0	0	0
0.212	0.667	0.524	0.833	0.528
0.44	0.527	0.679	0.578	0.556
0.209	0	0.286	0	0
0	0.333	0	0	0
0	0	0	0	0
0	0	0	0	0
0	0	0	0	0
0	0	0	0.467	0.619
0	0	0	0	0
0	0	0	0.167	0
0.4	0	0.286	0.8	0.429
0	0	0	0	0
0	0.8	0.4	1	0.286
0	0	0	-1	0
0	-1	0	-1	0
0.167	0	0	0	0
1	0.619	0.8	0	0
0.429	0.286	0.242	0.4	0
0	0	0	0	0
0.286	0.4	0.429	0	0.242
0	0	0.167	0	0
0.667	0	0	0	0.467
0	0	0	0	0.167
0.8	1	0	0.619	0.4
0	0.833	0	0.333	0.7
0	0.8	0	0	0.278
1	0	0	0	0.833
0.7	0	0.381	0	0
0	0	0.429	0	0
0	0	0	0	0
0.8	0	0	0	0
0	1	0.833	0	0.667
0.381	0.7	0	0	0
0	0	0	0	0
0	0	1	0	0
0	0.381	0	0.7	0.8
0.833	0	0.667	1	0
0	0.429	0	0	0
0	0	0.333	0	0.833
0.333	0	0.833	0	0
0	0	0	0	0
0	0	0	0.429	0
0.833	0.333	0	0	0
0.462	0.408	0.4	0.418	0.515
0.455	0.5	0.607	1	0.556
0.47	0	0	0	0.667
0	0	0.333	0	0
0.524	0.667	0.611	0.524	0.47
0.333	0	0	0	0
0.556	0.607	0.372	0.455	0.449
0.424	0.487	0.667	0.578	0
0.47	0.611	0.6	0.524	0.689
0.408	0.418	0.462	0.4	0.4
0.4	0.462	0.515	0.408	0.47
0.418	0.4	0.408	0.527	0.462
0.611	0.524	0.47	0.667	0.6
0.667	0.524	0.524	0.491	0.611
0	0	0	0	0
0.372	0.556	0.449	0.607	0.527
0.423	0.515	0.491	0.484	0.524
0.4	0.527	0.418	0.449	0.408
0.386	0.47	0.53	0.515	0.578
0	0	0	0	0.333
0	0.333	0	0	0
0	0	0.333	0	0
0.524	0.491	0.667	0.423	0.524
0.5	1	0.455	0.333	0.607
0.333	0	0	0	0
0.607	0.455	0.556	0.5	0.372
0.515	0.4	0.47	0.462	0.386
0.491	0.423	0.524	0.515	0.667
0	0	0	0	0
0.449	0.372	0.527	0.556	0.4
0	0	0	0	0
0.536	0	0	0.107	0.333
0.5	0.467	0.6	0	0.6
0.7	0	0	0	0.667
0.364	0.3	0.356	0.345	1
0	0	0	0	0
0	0	0	0	0
0	0	0.107	0	0
1	0.356	0.6	0.364	0
0	0	0	0	0
0	0.286	0	0	1
0	0	0	0	0
0	0	0	0	0
0.5	1	0.206	0.276	1
0.6	0.5	0.6	0.467	0
0.286	0	0	0	0
0.379	0	0.333	0.6	0.276
0	0	0.7	0.333	0
0.356	0.364	1	0.3	0.6
0	0	0.333	0.333	0
0.206	0.5	1	1	0.364
0	0	0	0	0
0.333	0.379	0.276	0	1
0	0	0	0	0
0.464	0.6	0.6	0.5	0.5
0.6	0.464	0.5	0.6	0.464
0.2	0.238	0.6	0.571	0
0	0	0	0	0
0	0	0	0	0
0	0	0	0	0
0.6	0.5	0.464	0.667	0.6
0.5	0.6	0.464	0.464	0.311
0.333	0.311	0.333	0.464	0.571
0	0	0	0	0
0.464	0.5	0.311	0.6	0.333
0	0	0	0	0
0	0	0	0.6	0
0	0	0	0	0.333
0	0	0	0	0
0	0	0	0	0
0	0	0	0	0
0	0	0	0	0
0	0	0	0	0
0	0	0	0	0
0	0	0	0	0
0.5	0.667	0.6	0.333	0.464
0	0	0	0	0
0	0	0	0	0
0	0	0	0	0
0	0	0	0	0
0	0	0	0	0
0.667	0.333	0.5	0	0.6
0	0	0	0	0
0	1	0	0	0
0	0.5	0	1	0
0	0	0	0	0
0	0	0	1	0
0.5	0	1	0	0.667
0	0	0	0	0
0.5	1	0	0.667	0
0.667	1	0.667	0.5	1
0	0	0	1	0
0.667	0.667	1	1	0.5
0	1	0	0	0
0	0	0	0	0
1	0.667	0.5	0.667	0
0	0	0	0	0
0	0	0	0	1
0	0	0	0	0
0	0	0	0	0
0	0	1	0	0
0	0	0	0	0
0	0	0	0	0
1	0	0	1	0
0	0	0	0	0
1	0	0	0	0
0.333	0.333	0	0	0
0	0	1	0	0
0	0	0	0	0
0	0	0	0	0
0	0	0	0	0
0	0	0	1	0.4
0	0.4	0	0	0
0	0	0	0	0
0	0	0	0	0
0	0	0	0	0
0	0	0	0	0
0	0	0.4	0	0
0	0	0	0	0
0.4	0	0	0	0
0	0	0	0	0
0	0	0	0	0
0	0	0	0	0
0	0	0	0.4	0
0	0	0	0	0
0	0	0	0	0
0.333	0	0.333	0	0
0	0	0	0	0
0	0	0	0	0
0.533	0.667	1	0.6	0.4
0	0.833	0.19	0	0
0.667	0.667	0.256	0	0.5
0.667	0	0.667	0.6	0.256
1	0.533	0.4	0.667	0
0	0	0	0	0
0.333	0.255	0.533	0.667	0
0.255	0.667	0.333	0.667	0.533
0	0.6	0.667	0.667	0.667
0	0	-1	0	-1
0	0	0	0	0
0.222	1	0.667	0	0.667
0	0	0	0	0
0.6	0.5	0.667	0.256	0.533
0	0	0	0	0
0	0	0	0	0
0.256	0.667	0.5	0.667	0.6
0	0	0	0	0
0.19	0	0	0.833	1
0.667	0.667	0.255	0.222	0.333
1	0	0	0.4	0
0	0.19	1	0	0
0.5	0.256	0.6	0.667	0.667
0	1	0	0	0
0	0	0	0	0
0	0.5	0	0	1
0	0	0	0	0
0	0	0	0	0
0	0	0	0	0
0	0	0	0	0
0	0	0	0	0
0	0	0	0	0
0	0	0	0	0
0	0	0	0	0
0	0	0	0	0
0	0	0	0	0
0	0	0	0	0
0	0	0	0	0
0	0	0	0	0
0	0	0	0	0
0	0	0	0	0
0	0	0	0	0
0	0	0	0	0
0	0	0	0	0
0	0	0	0	0
0	0	0	0	0
0	0	0	0	0
0	0	0	0	0
0	0	0	0	0
0	0	0	0	0
0	0	0	0	0
0	0	0	0	0
0	0	0	0	0
0	0	0	0	0
0	0	0	0	0
0	0	0.5	0	0
0	0	0	0	0
0	0	0	0	0
0	0	0	0	0
0	0	0	0	0
0	0.667	0	0	0
0	0	0	0	0
0	0	0.333	0	0.167
0	0	0	0	0
0	0	0.167	0	0.167
0	0	0	0	0
0	0	0	0	0
1	0	0	0.333	0
0	0	0	0	0
0.333	0.143	0	0.333	0
0	0	0	0	0
0.333	0.238	0	0	0
0	0	0	0	0
0.194	0	0	1	0
0	1	0.194	0	0
0.667	0	0.333	1	0.238
0	0.194	0	0	0
0.333	0.667	0.238	0	0
0	0.333	0	0.238	0
0	0	0	0	0
1	0	0	1	0.667
0	1	0.667	0	0.333
0	1	1	0	0
0	0.3	1	0	0
1	0	0	0.3	0.194
0.238	0	0.333	0.238	0
0.238	0.333	0	0.667	0.238
1	0	0	0	0
0	0	0	0	0
0	0	0	0.381	0
0	0	0	0	0
0	0.333	0	0	0
0	0	0	1	0
0	0	0	0	0
0	0	0	0	0
0	0	1	0	0
0	0	0	0	0
0	0	0	0	0
1	0	0	0	0
0	0	0	0.333	1
0	1	0	0	0
0.333	0	0	0	0
0	0	0	0	0
0	0	0	0	0
0	1	0	0	0
0	0	0.333	0	0
0	0	0	0	0
0	0	0	0	0
0	0	0.5	0	0
0	0.5	0	0	0
0	0	0	0	0
0	0	0	0	0.667
0	0	0	0	0
0	0	1	0	0
0	0	0	0	0
0	0	0	0	0
0.5	0.524	0.424	0.607	0.571
0	0	0	0	0
0.267	0.167	0	0.667	0
0	0.333	0	0	0
0.607	0.423	0.524	0.667	0.5
0	0	0	0.267	0.167
0	0	0	0	0
0	0.536	0.306	0.364	0
0	0	0	-1	0
0.524	0.607	0.5	0.423	0.424
0.333	0.5	0.5	0	0.667
0	0	0	0.3	0
0.5	0	0	0	0.6
0	0	0.524	0	0
0	0	0	0.5	0.667
0	0.267	0	0.167	0
0	0	0	0	0
0	0	0.667	0	0
0.5	0.333	0.667	0.5	0.167
0	0	0	0	0
0	0	0	0	0
0	0	0	0	0.524
0.571	0.424	0.381	0.5	0.364
0	0	0.667	0	0.533
0	0.5	0.6	0	0
0.167	0	0	0	0
0.667	0.5	0.167	0.333	0.267
0	0	0	0	0
0	0.524	0.5	0	0
0	0.306	0.3	0	0
0	0	0	0	0
0	0	0	0	0
0	0	0.167	0	0
0.536	0.364	0	0.5	0.306
0	0	0	0	0
0	0	0	1	0
0	0	0.362	0	0.667
0	0	0	0	0
0.167	0.667	0.267	0.5	0
0	0	0	0.167	0
0	0	0	0	0.5
0	0.167	0	0	0
0	0.3	0	0	0
1	1	0	0	0
0.306	0.1	0	0.6	0
0	0	0.333	0	0
0	0	0	0	0
0	0	0.306	0	0
0	0	0	0	0
0	0	0.4	0	0
1	0	1	0.286	0
0	0	0	0	0
0.333	0	0	0	0.164
0	0.258	0	0	0
0	0	0	0	0.333
0.6	0	0	0	0
0	0	0	0.476	0
0	0	0	0	0
0	0	0	0	0.306
0	0.6	0	0	0.6
0.6	0	0.1	1	0.306
0	0	0	0	0.4
0.286	0	0	0	1
0.4	0	0	0	0
0.1	0.6	0.306	0	0
0	0	0	0.258	0
0	0	0	0	0
0	0.476	0	0.222	0
0	0	0	0	0
0	0	0	0	0
0	0	0	0	0
0	0	0	0.6	0
0	0	0	0	0
0	0	0	0	0
0	0	0	0	0
1	0	0	0	0.6
0	0	0	0.536	0
0.476	0.222	0	0.571	0
0	0	0.6	0	0
0	0	0	0	0
0	0	0	0	0
0	0.306	0	0	0.5
0	1	0.6	0	0.1
0.571	0	0.222	0	0.476
0.536	0	0	0	0
0	1	0	1	0.258
0	0.306	0	0.1	0
0	0.286	1	0	1
0	0	0	0	0
0.289	0	0	0	0
0	0	0	0	0
0.6	0	0	0	0
0	0	0	0	0
0	0	0	0	0
0	0.291	0	0	0.6
0	0	0	0	0
0	0	0	0	0
0	0	0	0	0
0	0	0.258	1	0
0	0	0	0	0
0	0	0	0	0
0	0	0	0	0
1	1	0	0	0
0	0	0	0	0.179
0	0	0	0	0
0	0	0	0	0
0.333	0.667	0.5	0	1
0.667	0.3	0.167	0	0.127
0	0.055	0	0	1
0.5	0	0	0	0.3
0	0.333	0	0	0
0	0	0.667	0.127	0.3
0	0	0	0	1
0	0	0	0	0
0.4	0	0	0	0
0	0	0	0.179	0.5
0	0.5	0.3	0	0.667
1	0	1	0	0
0.333	0	0	0	0
0	0	0	0.333	0
0	0	0	0	0
0.167	0.667	0.127	0.3	0
0.055	0	0	0	0
0	0	0.179	0	0
0	0.179	0	0	0
0	0	1	0	1
0	0	0.333	0	0
0	0	0	-1	0
0	1	0	1	0.4
0.179	0	0	0	0
1	1	0	0	0.667
0	0	0	0	0
0	1	0.667	1	0
0	0	0	0	0
1	0	1	0	0
0	0	0	0	0
0	0	0	0	0
0	0	0	0	0
0.667	0	0	1	0
0	0	0	0	0
0	0	1	0	1
0	0	0	0	0
0	0	0.667	0	0
0	0	0	0	0
0.667	0	0	0	0
0	0	0	0	0
0	0	0	0	0
0	0.667	0	0	0
0	0.667	0	0	0
0	0	0	0	0
0	0	0	0	0
0	0	0	0	0
0.409	0.578	0	0.655	0.56
0.5	0	0	0.56	0.444
0	0	0	0	0
0	0	0	0	0
0.655	0.778	0.578	0	0.409
0	0	0	0	0
0	0	0	0	0
0	0	0	0	0
0	0	0	0	0
0	0	0	0	0
0	0	0.679	0	0.425
0.308	0.5	0.549	0.556	0
0	0	0	0	0
0	0	0	0	0
0	0	0	0	0
0	0.409	0.56	0.578	0
0	0.821	0.778	0	0.655
0.549	0.308	0	0.5	0
0	0	0	0	0
0	0	0	0	0
0	0	0	0	0
0.333	0.464	0.242	0.467	0.289
0	0	0	0	0
0	0.549	0	0.308	0.427
0.821	0	0	0	0.778
0.778	0	0.655	0.821	0.578
0.425	0.679	0.467	0	0.467
0	0	0	0	0
0	0	0	0	0
0	0	0	0	0
0	0	0	0	0
0	0	0	0	0
0	0	0	0	0
0	0	0	0	0
0	0	0	0	0
0	0	0	0	0
0	0	0	0	0
0	0	0	0	0
0	0	0	1	0
0	0	0	0	0
0	0	0	0	0
0	0	0	0	0
0	0	0	0	0
0	0	0	0	0
0	0	0	0	0
0	0	0	0	0
0	0	0	0	0
0	0	0	0	0
0	0	0	0	0
0	0	0	0	0
0	1	0	0	0
0.686	0.691	0.844	0	0.632
0.581	0.605	0.495	0.52	0.48
0.683	0.624	0.576	0.803	0.554
0.576	0.683	0.554	0.624	0.474
0	0	0	0	0
0.61	0.619	0.654	0.679	0.667
0.554	0.576	0.474	0.683	0.52
0.679	0.788	0.619	0.736	0.61
0	0	0	0.667	0
0.654	0.61	0.667	0.619	0.667
0.303	0.382	0.321	0.524	0.333
0	0	0	-1	0.691
0	0.667	0	0.333	0
0.691	0	0.686	0	0.844
0.321	0.303	0.333	0.382	0.4
0.567	0.667	0.541	0.667	0.571
0.382	0.524	0.303	0.679	0.321
0.619	0.679	0.61	0.788	0.654
0.474	0.554	0.52	0.576	0.605
0.803	0.563	0.624	0.533	0.683
0	0	0	0	0
0.5	0.333	0.333	0.4	0.667
0.596	0.48	0.736	0.495	0.788
0	0	0.691	0	0.686
0.524	0.679	0.382	0.5	0.303
0.605	0.52	0.581	0.474	0.495
0.333	0.4	0.5	0.333	0.333
0.788	0.736	0.679	0.596	0.619
0.48	0.495	0.596	0.581	0.736
0.667	0.333	0	0.5	0
0.624	0.803	0.683	0.563	0.576
0	0	0	0	0
0	0	0	0	0
0	0	0	0	0
0	0	0	0	0
0	0	0	0	0
0	0	0	0	0
0	0	0	0	0
0	0	0	0	0
0	0	0	0	0
0	0	0	0	0
0	0	0	0	0
0	0	0.714	0	0.622
0	0	0	0	0
0	0	0	0	0
0	0	0	0	0
0	0	0	0	0
0	0	0	0	0
0	0	0	0	0
0.622	0.714	0.487	0	0.561
0	0	0	0.524	0
0	0	0	0	0
0	0	0	0	0.436
0	0	0	0	0
0.714	0	0.622	0	0.487
0	0	0	0	0
0	0	0	0	0
0	0	0	0	0
0	0	0	0	0
0	0	0	0	0
0	0	0	0	0
0	0	0	0	0
0.561	0.487	0.667	0.622	0.711
0	0	0	0	0
0	0	0	0	0
0	0	0	0	0
0	0	0	0	0
0	0	0	0	0
0	0	0	0	0
0	0	0	0	0
0	0	0	0	0
0	0	0	0	0
0	0	0	0	0
0	0	0	0	0
0	0	0	0	0
0	0	0	0	0
0	0	0	0	0
0	0	0	0	0
0	0	0	0	0
0	0	0	0	0
0	0	0	0	0
0	0	0	0	0
0	0	0	0	0
0	0	0	0	0
0	0	0	0	0
0	0	0	0	0
0.286	0.2	0.133	0.2	0.361
0	0	0	0	0
0.2	0.2	0.286	0.238	0.133
0.5	0.333	0.667	0.333	0
0	0	0	0	0
0	0	0	0	0
0.306	0.289	0.4	0.357	0.5
0	0	0	0	0
0.361	0.5	0.429	0.533	0.476
1	0.333	0	0	0
0.2	0.238	0.2	0.19	0.286
0.333	0.333	0.5	0.5	0.667
0	0	0	0	0
0	0	0	0	0
0	0	0	0	0
0	1	0	0.333	0
0	0.667	0	0	0
0	0	0	1	0
0.333	0.5	0.333	1	0.5
0	0	0	0	0.244
0.667	0	0	0.667	0
0	0	0	0	0
0	0.667	0.667	0.5	0
0.19	0.286	0.238	0.5	0.2
1	0.361	0.5	0.133	0.333
0.5	1	0.333	0.361	0.333
0	0	0	0	0
0.533	0.417	0.5	0.381	0.361
0	0	0	0	0
0.4	0.306	0.5	0.289	0.286
0.361	0.133	1	0.286	0.5
0.244	0	0.524	0	0.464
0.5	0.533	0.361	0.417	0.429
0	0	0	0	0
0.429	0.361	0.476	0.5	0.357
0	0	0	0	0
0.464	0.524	0	0.244	0.667
0	0	0	0	0
0	0	0	0	0
0.357	0.476	0.289	0.429	0.306
0.133	0.286	0.361	0.2	1
0.286	0.5	0.19	0.4	0.238
0.667	0.5	0	0.333	0.667
0	0	0	0	0
0.6	0.467	0	0	1
0	0.2	0	0	0
0.467	0	0.6	0	0
0.619	0	0.8	0.464	1
0	0.9	0	1	0.467
0.2	0	0	0	0
0	0	0	1	0.2
0.333	0	0	0	0.267
0	0	0	0	0
0	1	0	0	0
0	0	0	0	0.333
0.9	1	0	0.8	0
0.8	0.619	1	0	0.9
0	1	0.257	0.286	0
0	0	0	0	0
0	0.257	0	0	0.667
0	0	0	0	0
0	0	0.333	0	0
1	0	0	0.6	0
0	0	0	0	0
0.257	0	0	1	0
0	0.6	1	0.467	0
1	0.8	0.9	0.619	0
0	0	0	0	0
0.286	0.422	0.2	0.364	0.25
0.333	0	0	0	0.167
0.393	0.167	0	0	0.444
0	0	0	0	0
0	0	0	0.1	0
0	0	0	0	0
0	0	0	0	0
0	0	0	0	0
0	0	0	0	0
0	0	0	0	0
0	0	0.333	0	0
0	0	0	0	0.333
0.167	0	0.393	0.333	0
0	0	0	0.139	0
0	0.1	0	1	0
0	0	0	0	0
0	0.333	0.167	0	0.393
0.381	0	0	0	0
0	0.393	0.444	0.167	0.381
0	0.381	0	0	0
0	0	0	0	0
0	0	0	0	0
0	0	0	0	0.381
0.275	0.381	0.19	0.444	0.762
0.289	0	0	0	0
0.4	0	0	0	0.24
0.352	1	0.833	0.689	0.622
0	0	0	0.5	0
0	0	0.289	0	0
0.264	0	0	0	1
0	0	0	-1	0.762
0.314	0.4	0.333	0.36	0.444
0	0	0	0	0
0	0.4	0.24	0	0
1	0	0	0.264	1
0	0	0	0	0
0.833	0.352	0.622	1	0.327
0	0	0.762	0	0.7
0	0	0.436	0	0
0	0	0	1	0.2
0.556	0	0.289	0	0.679
0	0	0	0	0
0.667	1	0	0	0
0	1	0	0.333	0.4
0	0	0	0	0.436
0.327	0.622	1	0.833	0.255
0	0	0	0	0
0.4	0.36	0.314	0.372	0.333
0.2	0	0	0	0.286
0.622	0.833	0.327	0.352	1
0	0	0	0	0
0	1	0	0	0
0	0	0.2	0	0
0.286	0	0	0.2	0
0	0	0	0	0
0	0	0	0	0
0	0	1	1	0
0.24	0	0	0.4	0.4
1	0	0	0	0
0	0	0	0	0
0	0	0	0	0
0	0	0	0	0
0	0	0	0	0
0	0	0	0	0
0	0	0	0	0
0	0	0	0	0
0	0	0	0	0
0	0	0	0	0
0	0	0	0	0
0	0	0	0	0
0	0	0	0	0
0	0	0	0	0
0	0	0	0	0
0	0	0	-1	0
0	0	0	0	0
0	0	0	0	0
0	0	0	0	0
0	0	0	0	0
0	0	0	0	0
0	0	0	0	0
0	0	0	0	0
0	0	0	1	0
0.1	0.238	0.167	0.509	0.3
0	0	0	0	0.244
0	0	0	0	0
0.167	0.1	0.3	0.238	0.133
0	0	0	0	0
0	1	0	0.333	0
0.133	0.3	0.306	0.167	1
0	0	0	0	0
0.4	0.3	0.4	0.5	0.667
0.722	0.515	0.679	0.485	0.545
0.244	0	0.524	0	0.464
0	0	0	0	0
1	0.333	0	0	0
0.3	0.5	0.4	1	0.4
0.515	0.485	0.722	0.47	0.679
0	0	0	0	0
0.306	0.133	1	0.3	0.5
0	0	0	0	0
0	0	0	0	0
1	0.306	0.5	0.133	0.3
0.333	0.4	0.4	0.333	0.47
0	0.667	0	0	0
0	0	0	0	0
0	0	0	0	0
0	0	0	0	0
0.509	0.418	0.238	0.667	0.1
0.464	0.524	0	0.244	0.667
0.5	1	0.3	0.306	0.4
0	0	0	0	0
0.667	0	0	0.667	0
0	0	0	0	0
0.418	0.667	0.509	0.714	0.238
0.667	0.4	0	0.4	0.667
0.238	0.509	0.1	0.418	0.167
0.485	0.47	0.515	0.4	0.722
0.4	0.4	0.667	0.3	0
0	0	0	0	0
0	0	0	0	0
0.3	0.167	0.133	0.1	0.306
0	0	0	0	0
0	0	0	0	0.238
0.607	0.278	0.667	0.348	0.318
0	0	0	0	0.348
0.333	0.333	0.393	0	0.333
0	0.289	0	0	0
0.133	0	0	0	0
1	0	0	0	0
0.263	0.444	0	1	0.489
0	0.288	0	0.381	0
0.278	0.348	0.607	0	0.667
0.289	0	0	0	0
0	0.238	0	0	0
1	0.524	0.333	0.333	0.533
0	0	0.238	0	0
0	0.318	0.6	0.667	1
0	0.263	0.489	0.444	0.667
0	1	0	0	0
0.489	0	0.667	0.263	0.833
0.444	1	0.263	0.6	0
1	0	0	0	0
0.667	0.607	0.318	0.278	0
0	0	0	0	0
0.318	0.667	0	0.607	0.6
0.667	0.489	0.833	0	0.667
0	0	0	0.238	0.333
0	0	0	0	0
0	0	1	0	0
0.167	0.167	0.133	0.2	0
0	0	-1	0	-1
0	0	0.333	0	0
0	0	0	0	0
0	0	0	0	0
0	0	0	0	0
0.167	0	0	0.333	0
0	0	0	0	0
0	0	0	0	0
0	0	0	0	0
0	0	0	0.167	0
0.167	0.2	0.167	0.238	0.133
0.2	0.238	0.167	0.286	0.167
0.417	0.4	0.381	0.393	0.333
0	0	0	0	0
0.333	0	0	0.133	0.167
0.238	0.286	0.2	0.333	0.167
0.667	0	0.667	0	0.5
0.286	0.333	0.238	0.381	0.2
0	0	0	0	0
0.381	0.417	0.333	0.4	0.286
0.667	0.667	0.5	0	0.4
0	0	0	0	0
0	0.333	0	0	0
0	0	0	0	0
0.5	0.667	0.4	0.667	0.393
0	0.167	0	0	0
0.4	0.5	0.393	0.667	0.393
0.133	0.167	0	0.167	0.333
0	0.133	0.333	0.167	0
0	0	0	0	0
0.333	0.381	0.286	0.417	0.238
0.667	0.342	0.611	0.345	0.528
0	0	0	0.667	0.311
0	0	0.311	0	0.476
0.619	0.422	0.464	0.8	0.255
0.422	0.8	0.619	1	0.464
0.286	0.327	0.345	0	0.342
0.311	0	0.476	0	0
0	0	0	0	0
0.2	0.25	0.667	1	0
0	0.667	0	0.2	0
0	0	0.5	1	0
1	0.333	0.25	0.333	0.2
0.464	0.619	0.255	0.422	0.3
0	0	1	0.256	1
0.25	1	0.2	0.333	0.667
0.667	0.2	0	0.25	0
0	1	0	1	0.4
0.327	0	0.286	0.476	0.345
0.528	0.396	0.643	0.528	0.4
1	0.3	0	0.255	0
0	0.5	0.256	0	0
0.3	0.255	1	0.464	0
0.5	0	0	0	0.256
0	0	0.4	1	0
0.5	0.667	0.3	0.333	0.25
0	0	0	0	0
0	0	0	0	0
0	0	0	0	0
0.333	0.286	0.6	0.524	0
0	0	0	0	0
0.356	0.267	0.5	0.5	0.5
0	0	0	0	0
0	0	0	0	0
0	0	0	0	0
0	0	0	0	0
0.6	0	0.333	0	0.667
0	0	0.2	0	0
0	0	0	0	0
0	0	0	0	0.6
0.25	0.3	0.267	0.5	0.5
0	0	0	0	0
0	0	0	0	0
0.667	0.333	0.5	0.6	0.3
0	0	0	0.6	0
0	0	0	0	0
0	0	0	-1	0
0	0	0	0	0
0	0	0	0	0
0.333	0.464	0.429	0.5	0.524
0.5	0.267	0.267	0.25	0.356
0	0	0	0	0.036
0	0	0	0	0
0	0	0	0	0
0.3	0.5	0.25	0.667	0.267
0	0	0	0	0
0	0	0	0	0
0	0	0	0	0
0.333	0.6	0.667	0	0.5
0	0	0.6	0	0.333
0.267	0.5	0.356	0.267	0.5
0.267	0.25	0.5	0.3	0.267
0	0	0	0	0
0	0	0	0	0
0.429	0.333	0.524	0.464	0.286
0	0	0.333	0.5	0
0.422	0.467	0.533	0.667	0.867
0.571	0.357	0	0.5	0
0	0	0	0.3	0
1	0.476	0.286	0.25	0.222
0.333	0.1	0.667	0.205	0.4
0.667	0.679	0.467	0	0.422
0.476	0.25	1	0.333	0.286
0.286	1	0.222	0.476	0
0.3	0.4	0	0.667	0
0.1	0.205	0.333	0.095	0.667
0.4	0.667	0.3	0.333	0
0	0	0	0	0
0.333	0.194	0.25	0	0.476
0.667	0.333	0.4	0.1	0.3
0.5	0.214	0	0.171	0
0.533	0.422	0.867	0.467	0.333
0	0	0	0	0
0.467	0.667	0.422	0.679	0.533
0	0.5	0	0.214	0.333
0.171	0.273	0.214	0.667	0.5
0.2	0	0.333	0	0
0	0	0	0.5	0
0	0	0.667	0	0
0.19	0.833	0	1	0.5
0	0	0	0	0
0	0	0	0	0
0	0	0	0	0
0	0	0	0	0
0.833	1	0.19	0.333	0
0.667	0.491	0.429	0.333	0.433
0	0	0	0	0
0	0	0	0	0
0	0	0	0	0
0.667	0	0	0	0
0	0	0	0	0
0	0	0	0	0
0	0	0	0	0
0	0.19	0.5	0.833	1
1	0.5	0	0	0.382
0	0	0	0	0
0	0	0.333	0	0.491
0	0	0	0	0
0	0	0	0	0
0.667	0	0.667	0	0
0.417	0.356	0.464	0.571	0.389
0.5	0	1	0.19	0
0	0	0	0	0
0	0.667	0	0	0
0	0	0	1	0
0	0	0	0	0
0	0	0	0	0
0	0	0	0	0
0.333	0	0.491	0	0.667
0	0	0	0	0
0	0	0	0	0
0	0	0	0	0
0	0	0	0	0
0	0	0	0	0
0.464	0.417	0.389	0.356	0.619
0	0	0	0	0
0	0	0	0	0.667
0	0.198	0	0.166	0
0	0	0.524	0	0
0	0	0	0	0
0	0	0	0	0
0	0	0	0	0
0.429	0.667	0.433	0.491	0.297
0	0	0	0	0
0	0	0	0	0
0	0	0	0	0
0	0	0	0	0
0	0	0.111	0	0.2
0	0	0	0	0
0	0	0	0	0
0	0	0	0	0
0	0	0	0	0
0	0	0	0	0
0	0	0	0	0
0.333	0	0	0	0.333
0	0	0	0.198	0.333
0	0	0.667	0.2	0.667
0	0	0	0	0
1	0	0.5	0	0
0	0	0	0	0
0.111	0	0.2	0	0
0	0	0	0	0
0.476	0.382	0.321	0	0.571
0	0	0	0	0
0	0	0	0	0
0	0	0	0	0
0	0	0	0	0
0	0	0	0	0
0.321	0.476	0.571	0.382	0.356
0	0	0	0	0
0	0	0	0	0
0	0	0	0	0
0.333	0	0	0.333	0
0.619	0.389	0.205	0.464	0
0.571	0.297	0	0.433	0.288
0	0	0	0	0
0	0	0	0	0
0	0	0	0	0
0	0	0	0	0
0	1	0.382	0.5	0.476
0	0	0	0	0
0	0	1	0	0.5
0	0	0	0	0
0.205	0.619	0	0.389	0.394
0.5	1	0	0	0
0	0	0	0	0
0	0.571	0.288	0.297	0.476
0	0	0	0	0.667
0	0	0.667	0	0.238
0	0.2	0	0	0.139
0.667	0	0	0	0
0	0.139	0	0	0
0.3	0.667	0	0	0
0	0	0.667	0	0
0	0.667	0.667	0	1
0	0	0	0.2	0.667
0	0.667	0	0	0
0	1	0	0.667	1
0.667	0	0	0	0.667
0.667	0.533	0.6	0.267	0.467
0	0	0	0.667	0.2
0	1	0	0	0
0	0	0	0	1
0.2	0	0	0.238	0
0.2	0	0	0	0
0	0	0.667	0.333	0
0	0	0.2	0	0
0.667	0	0.238	0	0
0	0.267	0	0	0.667
0.3	0	0.333	0.167	0
0.6	0.667	0.467	0.533	0.667
0	0.2	0	0	0
0	0	0	1	0
0.267	1	0.267	0	0.533
0.333	0.3	0	0	0
0	1	0	0	0
0	1	0	0	0
0	0	0	0.139	1
0	0.192	0.476	0.667	0
0.333	0.667	0.238	0.6	0.333
0	0	0.267	0	0
0	0	0.333	0	0
0.667	0	0	0.476	1
0	0.667	0.286	0	0
1	0	0.167	0	0.179
0	0	0	0.111	0
0	0	0	0	0.267
0	0	0.2	0.5	0
0.167	1	0.179	0	0
0	0	0	0	1
0.476	0	0	0.192	0.667
0.179	0.167	0	1	0.667
0.289	0.167	0	0	0.5
0.667	0.6	0.333	0	0.238
0.667	0	0	0.179	0.286
0	0	0	0.286	0
0.267	0	0	0	0
0.238	0.333	0.333	0.667	0.667
0	0.667	1	0	0.167
0.286	0	0.5	0	0
0	0	0	0	0.7
0.5	0	0	0.238	0
0	0	0	0	0
0	0.111	0	0	0
0	0	0.286	0	0.5
0.192	0.667	0	0.333	0.476
0	0.5	0	0	0.2
0	0.333	0	0	0
0.286	0	0	0.667	0
0	0	0	0	0
0.5	0.286	0	0	0
0.333	0.238	0.667	0.333	0.192
0.6	0	0.667	0.393	0.333
0	0.5	0	0.286	0.167
0	0	0	0	0
0	0	1	0	0.167
0	0	0	0	0.333
