0
0
0.25
0.238
0.476
0
0.1
0
0
0
0.333
0
0
1
0
0
0.235
1
0
0
0
0
0
0
0
0
0
0
0
0
0
0
0
0
0.3
0
0
0
0
0
0
0
0
0
0
0
0
0.429
0
1
0.309
0.667
0
0
0
1
0
0.179
0
0
0
0
0.4
0
0
0.238
0
0
0
0
0
0.333
1
0
0
0
0
0
0
0
0
0
0
0.364
0
0
0
0
0
0
0
0
0
0
0
0
0
0
0
0
0
0
0
0
0
0
0
0.667
1
0
0
0.667
0
0
0
0
0
0
0
0
0
0
0
1
0
0
0
0
0
0
0
0
0
0
0
0
0.286
0
0.5
0.467
0
0
0
0
0
0
0
0
0
0
0.393
0
0
0
0
1
0
0
0
0.5
0
0.333
0
0
0
0.5
0.103
0.308
0
0
0
0
0
0
0
0
0
0
0.288
0
0
0
0
0.3
0
0
0
0
0
0
0
1
0
0
0
0
0
0
0
0
0.333
0
0
0
0
0
0
0.167
0.333
1
0
0.582
0
0
0
0
0
0
0.133
0.143
0
0
0
0
0
0
0
1
0.607
0
0
0
0
0
0
0
1
0.167
0
0.107
0.275
0
0
0
0
0
0
0
0
0
0
0
0
0
0
0
0
0
0
0
0
0
0
0
0
0
0
0
0
0
0
0
0
0
0
0
0
0
0
0
0
0
0
0
0
0
0
0
0
0
0
0
0
0
0
0
0
0
0
0
0
0
0
0
0
0
0
0
0
0
0
0
0
0
0
0
0
0
0
0
0
0
0
0
0
0
0
0
0
0
0
0
0
0
0
0
0
0
0
0
0
0
0
0
0
0
0
0
0
0
0
0
0
0
0
0
0
0
0
0
0
0
0
0
0
0
0
0
0
0
0
0
0
0
0
0
0
0.4
0
0
0
0.417
0
0
0
0
0.733
0.424
0
0
0.667
0
0
0
0
0
0
0
0
0.333
0.333
0
0
0
0
0.3
0
0
0
0
0
0
0
0.5
0
0
0
1
0.267
0.528
0
0.187
0
0
0
0
0
0
0
0
0
0
0.667
0
0
0.5
0.467
0
0
0
0
0
0
0
0
0
0
0
0.214
0
0
0
0
0
0
0.4
0.528
0.255
0
0.318
0
0
0
0
0.25
0
0.833
0.7
0.381
0
0
0
0
0
0.643
0
0
0
1
0
0.5
0
1
0
0
0
0
0.667
0
0
0.5
1
0.167
0.667
0
0.489
0
0
0.219
0
0.333
0.571
0.667
0
0
0
0.6
0
0
0
0.5
1
0.643
0
0
0
0.714
0
0
0
0
0.833
0.333
0
0
0
0
1
0
0
0
1
1
0
0
0.667
0
0
0
0.5
0
0
0
0
0.286
0
0
0
0
1
0
0.393
0
1
0
0
0.327
0
0
0.333
0
1
0
0
0
0.5
0
0
0
0
0
0.219
0
0
0
0
0
0.4
0
0.667
0
0
0
0
0.533
0
0
0
0
0
0
0
0
0
1
0
0.667
0
0
0
0
0
0
0
0
0
0.333
0
0.167
0
0
0.6
0.833
0
0
0
0
0
0
0
0.389
0.4
0
0.221
0
0
0
0
0
0
0
0.429
0
0
0
0
0
0
0
0
0
0
0
0
0
0
0.667
0
0
0.5
0
0.393
0
0
0
0
0
0.429
0
0.5
0.6
0.6
1
0
0
0.833
1
0
0
0
0
0
0
0.333
0
0
0
0
0.667
0
0
1
0
0
0.333
0
0.533
1
0.7
0
0.667
0
0.6
1
0
0
0
0
0.393
0
0
0
0.309
0
0
0
0
0
0
0
0
1
0
0
0
0.467
0
0
0
0
0
0
0
0
0
0
0
0
0
0.464
0
0
0
0.4
0
0
0
0
0
0
0.2
0
0
0
0
0
0.533
0
0.333
0
0
0
0
0.5
0.333
0
0
0
0
0
0
0
0.5
0
0
0.333
0.357
0
0.167
0.533
0.381
0
0.429
0
0
0.167
0
0
0
0.167
0.333
0
0.357
0.667
0
0
0
0.5
0.524
0
0.3
0.4
0
0.333
0.4
0.333
0.667
0
0.2
0
0
0
0
0
0.333
0
0
0.4
0
0
0
0.5
0
0
0.238
0.267
0.286
0
0.238
0.333
0
0
0.361
0
0
0.333
0.667
0
0
0
0
0.333
0
0
0.4
0
0
0.5
0
0
0.333
0
0.333
0
0
0
0.429
0
0
0
0
0.333
0
0
0
0.2
0.286
1
0
0
0
1
0
0.5
0
0
0
0.25
0.333
0
0.4
0
0
0.167
0.5
0
0
0
0
0
0
0
0
0
0
0
0
0
0
0
0
0
0
0
0
0
0
0
0
0
0
0
0
0
0
0
0
0
0
0
0
0
0
0
0
0
0
0
0
0
0
0
0
0
0
0
0
0
0
0
0
0
0
0
0
0
0
0
0
0
0
0
0
0
0
0
0
0
0
0.333
0
0
0
0
0
0
0
0
0
0
0
0
0
0
0
0.333
0
0
0
0
0
0
0
0
0
0
0
0
0
0
0
0
0
0
0
0
0
0
0
0
0
0
0
0
0
0
0
0
0
0
0
0
0
0
0
0
0
0
0
0
0
0
0
0
0
0
0
0
0
0
0
0
0
0
0
0
0
0
0
0
0
0
0
0
0
0
0
0
0
0
0
0
0
0
0
0
0
0
0
0
0
0
0
0
0
0
0
0
0
0
0
0
0
0
0
0
0
0
0
0
0
0
0
0
0
0
0
0
0
0
0
0
0
0
0
0
0
0
0
0
0
0
0
0
0
0
0
0
0.333
0
0
0
0
0
0
0
0
0
0
0
0
0
0
0
0.333
0
0
0
0
0
0
0.429
0
0
0
0
0
0
0.345
0
0
0.167
0
0
0.4
0
0
0
0
0
0
0
0
0
0
0
0.5
0
0
0
0.619
0
1
1
0
0.619
0
0
0
0.6
0
0.286
0
0
0
0
0
0
0
0
0
0
0
0
0
0
0
0.667
0
0
0
0
1
0.381
0
0
0
0
0.5
0
0
0.333
0
0
0
0
0
0
0
0.639
0
0.286
0.833
0
0.667
0.303
0
0
0
0.4
0
0
0.422
0.571
0
0
0.333
0
0
0
0.1
0
0
0
0
0
0
0
0
0
0
0
0
0
0
0
0
0.6
0
0
0
0
0
0
0
0.7
0
0
0
0
0
0.2
0
0.667
0.667
0
0.571
0
0
0
0
0
0
0
1
0
0
0.248
0
0
0
0.422
0.238
0
0
0
0.733
0
0
0
0.228
0
0.286
0.455
0.095
0
0
0
0
0
0
0
0.381
0
0
0
0
0
0
0.533
0
0
0.333
0
0
0
0
0.667
0
0
0.667
0.528
0
0
0
0
0.5
0.667
0
0.464
0
0
0
0
0
0
0.436
0
0
0.619
0
0
0
0
0
0
0
0.607
0
0
1
0.667
0
0
0
0
0.467
0
0.389
0.667
0.309
0
0.378
0
0
0
1
0
0
0
0
0
0
0
0
0
0
0.5
0
0
0.417
0.345
0
0
0.6
0
0.333
0.467
0
0
0
0
0
0
0.192
0.333
0
0
0
0
0
0
0
0
0
0
0
0.5
0.5
0.667
0
0
0
0
0
0
0.269
0.4
0
0
0
0
0.444
0
0
0
0
0.833
0
0
0
0
0.6
0
0
0
1
0.333
0.467
0
0
0.833
0
0
0
0.524
0.2
0
0
0.7
0
1
0
0.333
0.3
0.3
0
0.6
0
0
0
0
0
0
0
0
0
0
0
0.364
0
0
0
0
0
0
0.667
0
0
0
0.333
0
0
0
0
0
0
0
0
0
0
0.394
0.3
0
0
0
0
0
0
0
0.9
0.348
0
0
0
0.5
0
0
0
0.364
0
0
0
0
0
0
0
0
0
0
0
0
0
0.571
0
0
0
0
0
0
0
0
0.286
0
0
0.4
0
0.289
0
0
0
0
0
0.467
0
0
0
0
0.476
0.667
0.381
0
0.4
0
0
0
0
0.6
0.429
0
0
0
0
0.364
0.381
0
0
0.667
0
0.25
0
1
0
0
0.6
0
0
0
0
0
0
0
0.389
0
0
0
0
0
0.833
0
0
0
0.167
0
0.528
0
0
0.5
0
0
0
0
0
0
0
0
0
0
0
0.167
0
0
0
0
0.7
0
0
0
0
0
0
0
0
0
0
0
0
0
0
0
0
0
0
0
0
0
0
0
0
0
0
0
0
0
0
0
0
0
0
0
0
0.2
0
0
0
0
0
0.667
0
0
0
0
0.667
0.25
0
0
0.255
0
0
0
0
0
0
0
1
1
0
0
0
0
0
0
0
0
0
0
0
0
0
0.2
0
0.333
0
0
0
0.333
0.333
0
0.19
0
0
0
0
0
0
0.333
0
0
0
0
0
0
0
1
0
0
0
0
0.212
0
0
0
0.467
0.7
0
0
0
0
0
0
0.7
0
0.667
0
0
0
0.5
0
0
0
0
0.309
0
0
0
0
0.333
0
0
0
0
0
0
0
0
0
0
0
0.5
0.5
0
0.238
0.192
0
0
0
0
0
0
0
0.333
0.667
0
0
0
0
0
0
0
0
0
0
0
0
0.278
0.7
0
0
0
0
0
0
0.333
0.667
0
0
0
0
0
0
0
0
0
0.306
0
0.333
0
0.5
0
0.667
1
0
0
0
0
0
0.4
0
0.267
0
0
0
0.333
0
0
0
0
0
0.6
0
0.444
0
0
0.524
0
0
0.467
0
0
0
0.333
0
0.267
0
0.333
0
0.528
0.667
0.464
0
0
0
0.2
0
0.667
0
0
0
0
0
0.267
0
0
0.2
0.667
0
0
0.533
0
0
0
0
0
0
0
0
0
0
0
0
0.167
0
0.3
0
0
0.393
0
0
0
0
0
0
0
0
0
0
0
0.2
0
0.4
0
0
0
0
0.583
0.2
0
0
0.464
0
0.667
0.396
0
0
0.247
0
0
0
0
0
0
0
0
0
0
0
0
0
0
0
0
0
0
0.333
0
0
0
0
0.2
0
0
0
0
0
0
0
0
0
0
0
0
0.167
0
0
0
0
0
0
0.133
0
0
0
0
1
0
0
0
0
0
0
0.167
0
0
0.333
0
0.333
1
1
0
0
0
0
0
0
0
0
0
0
0
0
0
0.667
0
0
0
0
0.361
0
0
0
0
0
0.133
0
0.361
0
0
0
0
0
0.619
0
0.4
0.2
0
0
0
0
0
0
0
0
0
0
0.3
0.5
0.333
0
0.333
0.316
0.667
0.2
0
0
0.667
0
0
0
0
0
0
0
0
0
0
0.528
0
0
0
0
0
0
0
0
0
0
0
0.2
0
0
0
0
0
0
0
0
0
0.167
0
0
0
0
0
0
0
0
0.333
0
0.167
0
0
0
0
0
0
0.267
0
0.6
0
0
0
0
0.3
0.333
0
0.333
0
0.4
0.524
0
0.333
0
0
0
0.133
0
0
0
0.5
0.5
0
0.2
0
0.4
0.476
0
0.667
0
0
0
0
0.389
0
0
0.333
0
0.238
0.333
0
0
0.333
0.467
0
0.333
0
0
0
0
0
0.667
0
0
0
0
0
0.2
0
0
0
0.533
0
0
0
0
0
0
0.286
0.667
0.4
0
0
0.25
1
0
0
0.357
0
0.3
0
0
0
0.333
0
0.333
0.067
0
0
0.2
0
0
0.667
0.476
0.333
0
0.667
0
0
0
0
0
0
0
0
0
0
0.667
0
0
0
0
0
0
0
0
0
0
0
0
1
0
0.4
0
0.333
0
0
0
0
0.5
0
0
0
0
0
0
0
0
0
0
0.167
0
0
0
0
0
0
0
0
0.333
0
0
0
0
0
0
0
0
0
0
0
0.4
0
0
0
0
1
0
0
0
0
0.361
0.286
0
0
0
0.333
1
0
0.5
0.2
0
0
0
0
0
0.283
0.1
0
0
0
0
0
0
0
0
0
0
0
0
0
0
0
0
0
0
0
0.133
0
0
0.533
0
0
0
0
0.333
0
0
0
0
0
0
0
0
0.194
0
0
0
0
0
0
0
0
0
0.6
0
0
0
0
0
1
0
0
0
0
0.156
0.455
0
0.6
0
0
0
0
0
0
0
0
0
0
0
0.167
0.667
0
0
0
0
0
0
0
0.5
0
0
0
0
0
0
1
0
0.333
0
1
0
0
0.2
0
0
0
0
0
0
0
0.167
0.194
0
0.333
0
0
0
0
0
0.4
0
0
0.378
0
0.333
0
0
0.333
0
0
0
0
0
0
0
0
0
0
0
0
1
0
0
0
0
0
0
0
0
0.4
0
0
0
0
0.333
1
1
0
0
0
0
0
0
0
0
0
0
0
0
0
0
0
0
0
0
0
0
0
0
0.47
0.25
0
0
1
0
0
0
0.619
0.5
0
0.393
0
0
0
0
0
0
0.133
0
0
0.179
0.4
0
0
0
0
0
0.4
0
0
0
0
0
0.283
0
0
0
0
0.515
0
0.156
0
0
0
0
0
0
0
0
0
0
0
0
0.154
0
0
0
0
1
0
0
1
0
0
0
0
0.149
0
0
0
0
0
0
0
0
0
1
0.133
0
0
0.333
0.667
0
0
0
0
0
0
0
0
0
0
0
0
0
0
0
0.167
0
0
0.472
0.288
0
0
0
0
0
0
0
0
0
0
0
0
0
0
0
0
0
0
0
0
0
1
0
0
0
0.333
0
0
0
0.7
0
0
0
0
0
0
0.667
0
0.286
0.5
0
0
0
0
0.083
0.25
0
0
0
0
0
0
0.5
0
0
0
0
0
0
0
0
0
0
0
0
0
0
0
0
0.371
0.214
0
0.333
1
0.222
0
0
0.833
1
0
0
0.333
0.476
0
0
0
1
0
0
0
0
0
1
0.667
0.5
0
0
0
0
0
0
0
0
0.464
0.095
0
0
0
0
0
0
0
0
0
0
0.338
0.393
0
0
0.291
0
0
0
0
0
0
0
0
0
0
0
0.333
0
0
0
0
0
0
0
0
0
0
0
0
0
0
0
0
0
0
0
0
0
0
0
0
0
0
0
0
0
0
0
0
0
0
0
0
0
0
0
0
0.667
0
0
0.333
0
0
0
0
0
0
0
0
0
1
0
0
0
0
0
0.067
0
1
0
0.6
0
0
0
0
0
0
0
0
0
0
0
0
0
0
0
1
0
0
0.333
0.333
0
0
0
0
0
0.667
0
0.333
0
0
0.095
0
0
0
0
0
0
0
0
0
0
0
0
0
0
0
0
0
0
0
0
0
0
0
0
1
0
0
1
0
0
0
0
0
0
0
0
0
0
0
0
0
0
0
0
0
0
0
0
0.409
0
0
0
0
0
0
0.333
0
0.491
1
0
0
0
0
0
0
0
0
0
0
0
0
0.472
0
0
0
0
0.607
0
0
0
0
0
0
0
0
0
0
0
0.509
0
0
0
0
0
0
0
0
0
0
0
0
0
0
0
0.455
0
0
0.333
0
0
0
0
0
0
0
0
0.611
0
0
0
0
0
0.393
0.455
0
0
0
0
0
0
0
0
0
0
0.1
0
0
0
0
0
0
0
0
0
0.327
0
0
0
0
0
0
0
0
0
0.571
0
0
0
0
0
0
0
0
0
0
0
0
0
0
0.556
0
0
0
0
0
0
0
0.167
0
0
0
0.524
0
0
0
0
0.5
0.378
0
0
0
0
0
0
0
1
0
0
0
1
0
0
0
0.533
0
0
0
0
0
0
0
0
0
0.333
0
0
0
0
0.5
0
0
0
0
0
0
0.8
0
0.667
0
0
0
0
0
0
0
0
0
0
0
0
0.591
0
0
0.4
0
0
0
0
0.426
0
0
0
0
0
0
0
0
0
0
0
0
0
0
0
0
0
0.643
0
0
0
0
0
0.527
0
0.345
0
0
0
0
0.644
0.5
0
0
0
0
0
0
0
0
0
0
0
0
0
0.516
0
0
0
0.667
0
0
0
0
0
0.291
0
0
0
0
0
0
0.379
0
0
0
0
0
0
0
0.4
1
0.381
0
0
0
0
0.636
0
0
0
0
0
0
0
0
0
0.339
0
0
0
0.4
0
0
0
0
0
0
0
0
0
0
0
0
0
0
0
0
0
0
0
0
0.619
0
0
0
0
0.564
0.526
0
0
0
0
0.577
0
0
0
0
0
0
0
0
0
0.533
0
0.7
0.636
0
0
0
0.357
0
0
0
0
0
0.679
0.476
0
0
0
0
0.639
0
0
0
0
0
0.462
0
0
0
0
0
0.333
0
0.5
0
0
0
0
0
0
0
0.533
0
0
0
0.571
0
0
0
0
0.509
0
0
0.527
0
0
0
0
0
0
0.456
0
0
0
0
0
0
0
0.583
0.655
0
0
0
0
0.524
0
0
0
0
0
0
0.8
0
0
0
0
0
0
0
0
0
0
0
0
0
0
0
0.514
0.386
0
0
0
0.167
0
0
0
0
0
0
0
0
0
0
0
0.333
0
0.833
0
0.485
0
0
0
0
0
0
0.6
0
0
0
0
0
0
0
0
0
0
0
0
0
0
0
0
0
0
0
0
0.6
0
0
0
0
0
0
0
0
0
0
0.451
0
0
0
0
0
0
0
0
0
0
0
0
0
0
0
0
0.41
0
0.34
0
0
0
0
0.374
0
0.345
0
0
0.571
0
0
0.441
0
0
0
0
0
0
0
0
0
0
0
0.533
0
0
0
0.528
0
0.371
0
0
0
0
0
0
0.516
0
0
0
0.694
0
0.429
0
0
0
0
0.359
0
0
0
0
0
0
0
0.576
0
0
0.621
0
0.331
0
0
0
0.667
0
0
0
0
0
0
0
0
0
0
0.578
0
0
0
0
0
0.833
0.332
0
0
0
0
0
0
0
0
0
0
0.536
0
0
0
0
0
0.29
0.2
0
0
0.527
0
0.333
0
0.333
0
0
0
0
0.381
0
0
0
0
0
0
0
0
0
0
0
0
0
0
0
0
0
0.5
0
0
0
0
0
0
0
0
0.7
0
0
0
0
0.333
0
0
0
0.5
0
0
0.25
0.267
0
0
0
0
0
0.333
0
0
0
0
0
0.429
0.464
0.333
0
0.194
0.25
1
0
0
0
0.333
0
0
0.357
0
0
0.5
0
0.311
0.5
0.167
0.7
0.536
0
0.1
0
1
0
0
0
0.643
0.3
0
0.429
0
0
0
0
0
0
1
0
0
0.333
1
0
0
0
0
0
0
0
0
0
0
0
0
0
0
0.489
0
0
0
0.6
0
0
0.667
0.467
0
0.286
0.333
0
0
0
0.484
0
0
0
0
0
0.5
0
0
0
0.667
0
0
0
0
0
0
0.545
0
0
0
0.6
0
0
0
0
0
0
0
0
0
0
0
0
0
0
0
0
0
0
0
0.381
0
0
0
0
0
0.486
0.833
0
0
0
0
0
1
0
0
0
0
0
0.714
0
0
0.464
0.4
0
0
0
0
0
0
0
0
0
0
0
0
0
0
0
0
0
0
0
0.333
0
0.667
0
0
0
0
0
0
0
0
0
0.6
0
0
0.4
0
0.333
0
0
0
0
0.305
0
0.379
0
0
0
1
0
0
0
0
0
0
0
0
0
0
0
0
0
0
0
0
0
0
0
0
0.1
0
0
0
0.306
0
0
0
0
0.577
0
0
0
0
0
0
0
0
0
0
0
0
0
0
0.607
0
0
0
0
0
0
0
0
0
0
0
0.429
1
0.619
0
0
0
1
0
0.667
0
0
0
0
0
0
0
0
0
0
0
0
0
0
0
0
0
0
0
0.505
0
0
0
0
0
0
0
0
0
0
0
0.6
0
0
0
0
0
0
0
0
0
0
0
0
0
0
0
0
0
0
0
0
0.333
0
0
0
0
0
0
1
0
0
0.286
0
0
0
0
0
0
0
0
0
0
0
0.527
0
0
0
0
0
0
1
0.606
0
0
0
0
0
0
0
0
0
0
1
0
0.6
0
0
0
0.342
0
0
0
1
0
0
0
0.067
0
0
0
0
0
0.644
0
0
0
0
0
0.2
0
0.333
0
0
0
0
0
0
0
0
0
0
0
0.5
0
0
0.2
0
0
0
0
0
0
0
0
1
0.619
0.333
0
1
0
0
0
0
1
0
0
0
0
0.393
0
0
0
0
0
0
0.667
0
0
0
0.321
0
0
0
0
0
0
0
0
0
0.667
0
0
0
0
0
0
0
0.429
0
0
0.6
0
0
0
0
0
0
0
0
1
0
0
0.267
0
0.561
0.527
0
0
0
0.333
0
0
0
0
0
0
0
0.833
0.333
0
0.133
0
0
1
0
0
0
1
1
0
0
0
0.511
0
0.333
0
0
0
0.286
0
0
0
0
0.571
0
0
1
0
0.286
0
0
0
0.536
0
0
0
0
0
0
1
0
0
0
0.333
0
0
0
0.571
0
0
0
0.4
0
0
0.333
0.372
0.619
0.667
0.833
0
0
0
0
0.7
0
0
0.667
0
0
0
0
0.667
0
0
0.2
0.2
0
0
0.179
0
0
0
0.667
0
0
0
0.3
0.214
0
0
0.286
0
0
0
0.5
0
0
0
0
0
0
0
0
0
0
0
0
0.333
0
0
0
0.107
0.6
0
0
0.381
0.3
0.3
0.1
0
0.5
0
1
0
0
0
0
0.321
0
0
1
0.238
0
0
0
0.333
0
0
0
0
0.5
0
0
0
0.333
0
0
0
0.5
0
0
0
0.303
0
1
0.5
0.389
0.5
0
0
0.2
0
0
0.5
0
0
0.667
0
0
0.067
1
0.667
0
0
0
0
0
0
1
0.143
0
0
0.333
1
0
0
0
0
0.333
0.733
0
0
0.25
0.3
0
0
0
0
0
0
0
0.679
0.429
0.5
0
0
0
0
0
0
0
0
0
0
0
0
0
0
0
0
0.489
0
0
0
0
0
0
0
0
0.333
0.714
0
0.524
0
0.833
0
0
0
0
0
0
0
0
0
0
0
0.476
0
0
1
0
0
0
0
0
0
0
0.333
0
0
0
0
0
0
0.533
0.25
0
0
0
0
0
0
0
0
0
0
0.2
0
0
0
0
0
0
0
0
0
0.6
0
0
0
0
0
0.833
0
0
0
0.556
0
0
0
0.333
0
0
0.222
0
0
0.333
0
0.378
0
0
0
0
0
0.467
0
0
0
1
0
0
0
0
0
0
0
0
0
0
0
0
0
0.714
0
0
0
0
0
0
0
0
0
0
0
0
0
0
0.2
0
0
1
0
0
0
0
0
0
0
0
0
0.394
0.489
0
0
0
0
0.238
0.393
0
0
0
0.167
0
0
0.6
0.578
1
0.176
0
0
0
0.667
0.667
0
0
0
0.267
0
0
0
0
0.556
0
0
0
0
0
0
0.583
0
0
0
0
0
0
0
0
0
0
0
0
0
0
0
0
0
0
0
0.286
0.1
0
0
0
0
0
0.6
0
0
0
0
0
0.3
0
0.286
0
0.231
0.4
0
0
0
0
0
0
0
0
0
0
0.267
0
0
0.333
0
0
0.622
0
0
0
0
0
0
0
0
0
0.267
0
0
0
1
0
0
0.8
0.533
0
0
0
0.333
0
0
0
0
0.333
0
0
0
0.667
0
0
0
0
0
0
0
0
0
0
0
0
0.25
0
0
0
0
0
0
0
0
0
0
0
0
0
0
0
0
0
0
0
0
0
0
0
0
0
0
0
0.643
0
0
0.6
0
0
0
0
0
0
0
0
0
0
0
0
0
0.714
0
0
0
0
0.429
0.444
0
0.667
0
0.667
0
0.286
0
0
0.4
0
0
0.3
0
0.429
0
0
0.533
0
0
0.476
0.578
0
0
0
0
0
0.238
0
0
0
0
0
0.527
1
0
0
0
0
0.231
0
0
0
0
0.583
0
0
0
0.4
0
0
1
0
0.4
0
0
0.227
0
0.571
0
0
0
0
0
0
0
0
0
0
0
0
0
0
0
0
0
0.833
0
0.156
0
0
0
0
0
0
0
0
0
0
0
0
0
0
0
0
0
0
0
1
1
0
0
0
0
0
0
0
0
0
0.199
0
0
0
0
0
0.7
0
0
0
0
0
0
0
0.333
0
0
0
0.372
0
0
0.4
0
0
0.167
0
0
0
0
0
0.643
0
0
0.33
0
0
0
0
0.2
0
0
0
0.762
0
0
0
0
0
0
0
0.667
0
0
0
0
0
0.309
0
0
0
0
0.619
0
0
0
0.667
0.333
0
0.6
0.667
0
0
0
0.467
0.242
0.333
0
0.333
0
0
0
0
0.473
0
1
0.667
0
0
0
0
0.333
0.429
0
0
0.357
0
0
0
0
0.436
0
0.7
0
0.444
0
0
0
0
0
0
0.5
0
0
0
0
0.382
0.491
0
1
0
0
0
0.333
0.267
1
0
0
0.333
0.368
0
0
0
1
0.583
0.083
0
0
0
0.278
0
0
0
0
0
0
0
0
0
0
0
0.467
0.289
0
0
0
0
0
0.286
0.489
0
0
0.5
0
0
0
0.2
0.333
0
0
0
0
0
0
0
0
0.361
0.571
0
0
0
0.167
0
0
0
0
0
0
0
0
0
0
0
0.467
0.556
0
0.527
0.667
1
0.622
0
0
0.317
0
0
0
0.333
0
0
0
0
0
0
0
0.5
0
0
0
0.1
0
0
0.429
0.429
0
0
0
0
0
0
0
0.667
0
0
0
0
0
0
0.5
0
0
0
0
0
0
0
0
0
0
0
0
0.167
0.333
0
0
0
0
0.167
0
0
0
0
0
0.385
0
0
0.294
0.714
0
0.333
0.333
0
0
0
0.571
0
1
0.3
0
0.611
0.382
0
0
0
0
0
0
0
0
0
0
0
0
0
0
0
0
0.444
0
0
0
0
0
0.6
0
0
0
0
0
0
0
0
0
0
0
0
0
0
0
0
0
0
0
0
0
0.439
0
0
0
0
0
0
0
0
0
0
0
0
0
0
0
0
0
0
0
0
0
0.436
0.578
0
0
0
0
0
0
0
0
0
0
0.667
0
0
0
0
0
0
0
0
1
0
0
1
0
0
0
0
0
0
0
0
0
0
0.667
0
0
0
0
0
0
0
0.5
0
0
0
0
0
0
1
0.333
0
0
0.53
0
0
0
0
0
0
0
0
0
0
0.515
0
0
0
0
0
0
0
0
0
0
0
0
0
0
0.527
0
0
0
0
0.484
0
0
0
0.487
0
0
0
0
0
0
0
0
0
0
0
0
0
0
0
0
0
0
0
0
0
0
0
0
0
0
0
0
0
0
0
0
0
0
0
0
0
0
0.47
0
0
0
0
0
0
0
0
0
0
0
0
0
0
0
0
0
0
0
0.689
0
0
0
0
0
0.182
0
0
1
0.276
0
0
1
0
0
0
0
0
0.467
0
1
0.524
0
0
0
0.667
0
0
0
0
0
0
0
0
0.143
0.333
0
0.073
0
0.267
0.667
0
0
0.467
0
0.491
0
0
0
0
0
0
0
0
0
1
0
1
0
0
0
0.667
1
0
0
0.333
0.3
0
0
0.333
1
0
0.1
0
1
0
0
0
0
0
0
0.333
0
0
0
0
0
0
0
1
0
0
0
0.5
0
0.7
0
0
0
0
0.361
0.6
0.364
0
0
0
0.333
0
0
0
0
0
0
0
0
0.167
0
0.333
0
0
0
0.3
0
0
0
0
0
0
0
0
0
0
0
0.528
0
0
0
0
0
0
0
0
0
0
0
0
0.667
0
0.467
0
0
0
0.4
0
0
0
0
0
0
0
0
0
0.333
0
0
0
0
0.333
0
0
0.333
0
0
0.333
0
0
0
0
0
0
0
0
0
0
0
0
0
0.333
0
0
1
0
0
0
0
0
0
0
0
0
0
0
0
0.2
1
0
0
0.467
0
1
0
0
1
0
0
0
0.667
0
0.6
0
0
0.333
0
0
0
0
0.3
0
0
0
0
0
0
0
0
0
0
0.286
0.422
0
0
0
0
0
0
0.667
0
0
0
0
0
0
0.286
0
0
0
0
0
0
0
0.197
0
0
0
0
0.308
0
0
0
0
0
0
1
0
0.067
0
0
0.476
0
0
0.107
0
0
0
0
0
0
0
0
1
0
1
1
0
0.364
0
0
0
0
0
0
0
0
0
0
0
0
0
0
0
0
0
0
0
0
0.333
0
0
0
0
0
1
0
1
0
0
0.667
0.345
0
0
0
0
0.4
0
0
0
0
0
0
0
0
0.067
0
0
0.214
0
0.238
0
0
0
1
0
0
0
0
0
0
0
0.2
0
1
0.571
0.3
0.238
0
0
0.333
0.333
0
0
0
0.333
0
0
0.311
0.1
0
0
0
0
0
0
0
0
0.5
0
0
0
0
0
0
0
0
0
0
0
0
0
0
0
0
0
0.6
0
0
0
0
0.4
0
0
0
0
0
0
0
1
0
0
0
0
0
0.333
0
1
0
0
0
0
0
0
0
0
0
0
0
0
0
0
0
0
0
0
0
0
0
0
0
0
0
0
0
0
0
0
0
0
0
0
0
0
0
0
0
0
0
0
0
0
0
0
0
0
0
0
0
0
0
0
0
0
0
0
0
0
0
0
0
0
0
0
0
0
0
0
0
0
0
0
0
0
0
0
0
0
0
0
0
0
0
0
0
0
0
0
0
0
0
0
0
0
0
0
0
0
0
0
0
0
0
0
0
0
0
0
0
0
1
0
0
0
0
0
0
0
0
0
0
0
0
0
0
0
0
0
1
0
0
0
0
0
0
0
0
0
0
0
0
0
0.667
0
0
0
0
0
0
0
0
0
0
0
0
0
0
0
0
0
0
0
0
0
0
0
0
0
0
0
0
0
0
0
0
0
0
0
0
0
0
0
0
0
0
0
0
0
0
0
0
0
0
0
0
0
0
0
0
0
0
0
0
0
0
0
0
0
0
0
0
0
0
0
0
0
0
0
0
0
0
0
0
0
0
0
0
0
0
0
0.333
0.333
0
0
0
0
0
0
0
0.667
0
0
0
0
0
0
0
0
0
0
0
0
0
0
0
0
0
0
0
0
0
0
0
0
0
0
0
0
0
0
0
0
0
0
0
0
0
0
0
0
1
0
0
0
0
0
0
0
0
0
0
0
0
0
0
0
0
0
0
0
0
0
0
0
0
0
0
0
0
0
0
0
0
0
0
0
0
0
0
0
0
0
0
0
0
0
0
0
0
0
0
0
0
0
0
0
0
0
0
0
0
0
0
0
0
0
0
0
0
0
0
0
0
0
0
0
0
0
0
0
0
0
0
0
0
0
0
0
0
0
0
0
0
0
0
0
0
0
0
0
0
0
0
0
0
0
0
0
0
0
0
0
0
1
0
0
0
0
0
0
0
0
0
0
0
0
0
0
0
0
0
0
0
0
0
0
0
0
0
0
0
0
0
0
0
0
0
0
0
0
0
0
0
0
0
0
0
0
0
0
0
0
0
0
0
0
0
0
0
0
0
0
0
0
0
0
0
0
0
0
0
0.133
0
0
0
0
0
0
0
0
0
0
0
0
0
0
0
0
0
0
0
0
0
0
0
0
0
0
0
0
0
0
0
0
0
0
0
0
0
0.19
0
0
0
0
0
0
0
0
0
0
0
0
0
0
0
0
0
0
0
0
0
0
0
0
0
0
0
0
0
0
0
0
0
0
0
0
0
0
0
0
0
0
0
0
0
0
0
0
0
0
0
0
0
0
0
0
0
0
0
0
0
0
0
0
0
0
0
0
0
0
0
0
0
0
0
0
0
0
0.167
0
0
0
0
0
0
0
0
0.667
0
0
0
1
0
0
0
0
0
0
0
0
0
0
0
0
0
0
0
0
0
0
0
0
0
0
0
0
0
0
0
0
1
0
0
0
0
0
0
0
0
0
0
0
0
0
0
0
0
0
0
0
0
0
0
0
0
0
0
0
0
0
0
0
0
0
0
0
0
0
0
0
0
0
0
0
0
0
0
0
0
0
0
0
0
0
0
0
0
0
0
0
0
0
0
0
0
0
0
0
0
0
0
0
0
0
0
0
0
0.167
0
0
0
0
0
0
0
0
0
0
0
0
0
0
0
0
0
0
0
0
0
0
0
0
0
0
0.333
0
0
0
0
0
0
0
0
0
0
0
0
0
0
0
0
0
0
0
0
0
0
0
0
0
0
0
0
0
0
0
0
0
0
0
0
0
0
0
0
0
0
0
0.333
0
0
0
0
0
0.167
0
0
1
0
0
0
0.643
0
0
0.667
0
0
0
0
0
0
0
0.444
0
0
0
0
0
0
0
0
0
1
0
0
0
0
0
0
0
0
0
0
0
0
0
0
0
0
0
0
0
0
0
0
0.429
0
0.455
0
0
0.714
0.167
1
0
0
0
0
0
0
0
0
0
0
0
0
0
0.333
0
0
0
0.333
0
0
0
0
0.167
0
0
0.514
0
0
0.3
0
0
0
0
0
0
0
0
0
0.673
0
0
0
0
0
0
0
0
0
0
0.667
0
0
0
0
0.5
0
0
0
0
0.487
0
0
0
0
0.333
0
0
0
0
0
0
0
0
0.333
0.667
0.2
0
0
0
0
0
0.333
0
0
0
0
0.429
0
0
0
0
0.709
0
0
0
0
0
0
0
0
0
0
0.619
0.236
1
0
0
0
0
0
0
0
0
0
0
0
0
0
0.333
0
0.179
0
0
0
0.333
0
0
0
0.667
0
0
0
0.571
0
0
0.2
0
0
0
0
0
0
0
0.673
0
0.3
0.5
0
0
0
0
0
0
0
0
0.333
0
0
0
0
0
0
0
0
0.689
0
0
0
0.143
0
0
0
0
0
0
0
0
0
0
0
0
0.3
0
0.429
0
0
0
0.508
0.2
0
0
0.667
1
0
0
0
0
0
0.333
0
0.667
0.5
0
0
0
0
0
0.333
0
0.667
0
0
0
0
0
0
0.333
0
0
0
0
0
0
0
0
0.133
0
0
0
0
0
0
0
0
0
0
0.308
0
0
0
0
0
0
0
0
0
0
0
0
0
0.333
0
0
0.593
0
0
0.582
0
0
0
0
0.333
0
0
0
0
0
0.667
0
0
0
0
0
0.491
0
0.471
0
0
0
0
0
0
0
0
0
0
0
0
0
0
0
0
0
0
0.357
0.179
0
0
0
0
0.333
0
0.1
0
0.667
0
0.5
0
0.667
0
0
0
0
0
0
0
0
0
0
0
1
0
0
0.3
0
0
0
0
0.7
0.333
0
0.636
0
0
0
0
0
0
0
0
0
0
0
0
0
0
0
0
0.419
0
0
0
0
0
0
0.19
0
0.167
0.667
0
0
0.3
0
0
0
0
0.1
0
0
0
0
0
0
0
0
0
0
0
0
0
0
0
0
0
0
0
0
0.333
0
0
0
0
0
0.6
0.333
0
0
0.4
0
0.667
0
0
0
0.833
0
1
0
0.6
0
0
0
0
0.214
0
0
0
0
0
0.667
0
0
0
0.667
0
0
0
0
0.267
0
0.6
0
0.533
0
1
0
0.667
0
0
0
0
0
0
0
0
0
0.19
0
0
0.5
0.167
0
0
0
0
0
0
0
0
0
0.5
0
0
0
0
0.286
0
1
0
0.381
0
0
0
0
0
0
0
0
0
0
0.4
0
0
0
0.667
0
0.333
0
0
0
0.333
0
0
0
0
0
0
0
0
0
0
0
0.167
0
0
0.5
0.5
0
0
0.6
0
0
0
0
1
0
0
0
0
0.6
0
0
0
0
0
0
1
0
0
0
0
0
0
0
0
0
0
0
0
0
0.667
0
0
0
0
0
0.25
0
0.278
0.306
0
0.222
0.333
0
0
0
1
0
0.393
0
0
0
0
0
0
0
0
0
0.291
0
0.4
0
0
0.333
0
0
0.25
0
0
0
0.5
0
0
0
0
0
0.476
0.333
0
0.333
0.5
0
1
0
0
0
0.7
0
0
0
0
0
0.333
0
0.267
0
0
0.167
0.333
0
0
0
0
0
0
0
0.667
0.4
0.333
0
0
0
0
0
0
0
0
0
0
0
1
1
0.167
0
0
0.429
0
0.333
0.667
0
0.333
1
0
0
0.667
0
0.381
0.107
0
0
0
0
0
0.5
0.3
0
0
0.143
0.333
0
0
0
0
0
0
0
0
0
0
0
0
0
0
0
0
0
0
0
0
0
0.167
0
0
0
0
0
0
0
0
0
0
0.167
0
0
0
0
0
0
0.357
0
0
0
0
0
0
0
0
0
0
0.667
0
0
0.333
1
0
0
1
0
0
0
0
0
0.2
0
0
1
0
0.2
0
0
0
0
0
0
0
0
0
0.5
0.178
0
0
0
0
0
0
0
0
0.19
0
0
0
0.5
0
0
0
0
0
0
0
0
0
0
0
0
0
0
0.167
0
0
0
0
0.1
0
0
0
0
0
0
0.167
0.19
0
0
0
0
0
0
0.167
0
0.2
0
0
0
0
0.2
1
0
0
0
0.3
1
0
0
0
0.238
0.333
0.2
0
0
0
0
0
0
0.139
0.429
0
0.25
0.238
0
0
0
0
0
0
0.2
0.167
0
0
0
0.7
0
0
0.833
0.2
0.2
0.179
0.833
0.333
0
0
0
0.333
0.267
0
0
0
0
0
0
0
0
0
0.3
0
0
0.267
0
0
0
0
1
0
0
0
0
0
0
0
0.667
0
0
0
0.333
0
0.133
0
0.333
1
0.5
0
0
0.183
0
0
0.048
0
0
0.5
0
0
0.267
0
0
0
1
0
0
0
0
0
0
0
0
0
0
0
0
0
0
0
0
0
0.333
0.364
0.8
0
0
0
0
0
0
0
0
0
0
0
0
0
0
0
0
0
0
0.472
0.429
0.333
0
0.2
0
0.229
0
0.5
0
0.2
0
0
0
0.4
0
0.833
0.179
0
0
0
0
0
0.333
0
0
0
0
0.333
0
0
0
0
0.167
0
0
0
0
0
0
0
0
0.4
0
0
0
0.333
0
0.133
0
0.233
0
0
0.333
0
0
0
0
0
0
0
0
0
0
0
0
0
0
0
0
0
0
0
1
1
0
0
0
0
0.381
0
0
0
0.571
1
0
0.5
0
0.667
0
0
0
0
0
0
0
1
0.464
0
1
0
0
0.667
0
0
0
0
0
0.278
0
0.5
0.333
0
0.333
0
0
0
0
0
0
0
0.333
1
0
0
0.4
0.19
0
0
0
0
0
0.2
0.286
0
0
0
0
0
0
0
0
0
0
0
0
0
0
0
0
0.231
0.167
0
0
0
0
0.333
0
0
0.667
0
0
0
0
0
0
0
0
0
0
0
0
0.181
1
0
0
0.5
0
0.393
0
0
0
0
0
0.667
0.333
0
0
0
0
0
0
0
0
0
0
0
0
0
0
0
0
0
0
0
0
0
0
0
0
0
0.321
0
0.311
0.152
0
0
0
0.381
1
0
0.258
0
0
0
0
0
0
0
0
0.667
0
0
0
0
0
0
1
0
0
0.4
0
0
0
0
0
0
0.333
0.533
0.364
0
0
0
0
0
0.333
0
0
0
0.667
0
1
0
0
0
0
0
0
1
0
0
1
0
0
0
0
0
0.5
0
0
0
0
1
0.667
0.423
0
0
0
0.6
0.5
0
0
0.214
0
0
0
0
0
0.306
1
0.6
0
0
0.381
0.424
0
0
0
0.5
0
0.667
0
0.362
0
0
0
0
0.429
0
0.364
0
0.3
0
0
0
0.524
0
0.667
0
0
0
0.5
0
0.3
0
0.4
0
0.333
0
0
0
0
0
0
0.333
0
0
0
0
0
0.333
0
0
0
0.167
0
0
0.6
0
0
0
0
0
0
0
0
0.306
0
0
0
0
1
0
0.167
0
0
0
0
0
0
0
0
0
0
0
0
0
0
0
1
0
0
0
0
0
0
0
0
0
0
0
0
0.4
0
0
0.4
0
0
0
0
0
0
0
0
0
0
0
0
0
0.3
0
0
0
0
0
0.306
0
0
0
0
0
0.267
0
0
0
0
0
0.333
0
0
0.333
0
0
0
0
0
0.4
0
0
0
0
0.667
0
0
0
1
0.667
0
0.333
0
0
0
0
0
0.222
0
0
0
0
0
0
0
0
0.164
0.167
0.4
0
0
0
0
0
0
0
0
0
0.533
0
0.667
0.667
0
0
0
0
0
0.291
0
0.258
0
0
0
0
0
0
0
0
0
0
0
0
0
1
0.5
0
0
0
0
0
0
0.357
0
0
0
0
0
0.333
0.333
0
0
0
0
0
0
0.333
0.071
0
0
1
0.267
0
0
0
0
0.2
0
0
0.3
1
0
0
0
0.167
0
0
0
0
0
0.5
0
0
0
0.333
0
0
0
0
0
0
0
0
0
1
0
0
0
0
1
0
0
0.333
0
0
0.3
0
0
0.333
0
0
0
0.127
0.333
0
1
0.667
0
0
0.667
0
0.306
0
0
0.357
0.25
0
0
0
0.667
0
0.345
0
1
0
0
0
0.286
0
0
0
0
0
0
0.667
1
0
0.571
0.667
0
0
0
0.361
0
0
0
0
0
0.429
0
0
0
0.5
0
0
1
0
0.333
0.667
0
0
1
0
1
0.667
0
0
0
0.297
0.7
0
0.361
1
0.197
0
0
0
0.5
0
0
0
0
0
0.288
0
0.4
0
0
0
0
0.142
0
0
0
0
0
0
0
1
0
0
0
0.309
0.476
0
0
0
0
0
0
0
1
0
0
0.667
1
0
0
0.327
0
0.6
0
0.7
0.4
0
0
0.667
0.667
0
0.3
0.4
1
0.267
0
0
0
0.6
0
0
0.1
0
0
0
0
0
0
0.667
0
0
0
0
0.667
0
1
0.667
1
0
0
0.19
0.429
0
0.333
0
0
0
0
0
0
0
0
0
0
0
0.476
0
0
0.333
0
1
0
0
0
0
0
0.048
0
0.667
0
0.222
0.327
0.667
0
0
0
0
0
0
1
0.333
0
0.333
0
0
0
0.179
0
0
0.3
0
0
0
0
0
0
0
0
0
0
0.389
0
0
0
0
0
0
0
0
0
1
0
0
0
0
0
0
0
0
0
0
0
0
0
0
1
0
0
0
0
0.6
0
0
0
0
0
0
0
0
0
0
0
0
0
0.333
0
0
0
0
0
0
0
0
0
0
0
0
0
0
0
0.578
0
0
0
0
1
0
0
0
0
0.333
0
0
0
0
0.556
0
0
0
0
0
0
0
0
1
0
0
0
0
0
0
0
0
0
0
0.464
0.5
0
0
0
0
0
0
0
0
0
0
0
0
0.352
0
0
0
0.5
0
0.56
0
0
0
0
0.2
0
0.467
0
0
0
0
0.467
0
0
0
0
0
0
0
0
0.4
0
0.3
0
0
0
0.582
1
0
0
0
0
0
0
0
0
0
0
0
0
0
1
0
0
0
0
0
0.356
0
0
0
0
0
0
0
0
0
0
0
0
0
0
1
0
0
0
0
0
0
0
0
0
0
0.667
0.389
0
0
0
0
0
0
0
0.242
0
0
0
0
0
0
0
0
0
0
0
0
0
0
0
0
0
0
0
0
0.289
0
0
0
0
0
0.427
0
0
0.307
0
0
0
0
0
0
0
0
0
0
0
0
0
0
0
0
0
0
0
0
0
0
0
0
0.111
0.679
0
0
0
0
0
0
0
0
0
0
0
0
0
0
0
0
0
0
0
0
0
0
0
0
0
0
0
0
0
0
0.444
0
0
0
0
0.644
0
0.306
0.5
0
0
0
0
0
0
0
0
0
0
0
0
0
0
0
0
0
0
0
0
0
0
0
0
0
0
0.231
0
0
0
1
0
0
0.6
1
0
0.212
0
0
0
0.5
0
0
0
0
0.333
0
0
0
0
0
0
0.4
0
0
0.167
0
0
0
0.238
0.333
0.5
0.833
0
0.333
0
0
0.667
0
0
0
0
0.333
0
0.667
1
0.217
0
0.286
0.667
0
1
0
0.333
0.314
0
0
0
0.236
0
0.417
0.9
0
0.225
1
0
0.5
0
1
0
0
0
0
0.833
0.364
0
0
0
0.167
0
0
0
0
0.476
0
0
0.762
0
0
0
0.667
0.667
0
0
0
0
0
0
0
0
0
0
0
0
0
0
0
0
0
0.25
0
0
0.333
0.333
0
0
0
0
0
0
0
0
0
0.667
0
0
0
0
1
0
0.667
0
0
0
0.5
0
0
0
0
0
0
0
0.333
0.333
0
0.667
0
0
0
0
0
0
0
0
0
0
0
0
0
0.1
0
0
0
0
0
0.426
0
0
0
0.667
0
0
0
0.533
0.333
0
0
0
0
0
1
0
0
0
0
0
0
1
0
0.515
0.495
0.2
0
0
0
0
0
0
0
0
0
0.667
0
0
0
0
0
0
0
0
0
0
0
0
0
0
0
0
0
0
0
0
0
0
0
0
0
0
0
0
0.541
0
0
0
0
0
0
0
0
0
0
0
0
0
0
0.1
0
0
0
0
0
0
0.679
0
0
0
0
0
0
0
0
0
0
0
0
0
0
0
0.477
0
0
0
0
1
0
0.667
0
0
0
0
0
0
0
0
0
0
0
0
0.5
0
0
0
0
0
0
0
0
0
0.4
0
0
0
0
0
0
0
0
0
1
0
0
0
0.167
0
0
0.406
0
0
0
0
0.52
0
0
0.714
0
0
0
0
0
0.468
0
0
0
0
0
0
0
0
0
0
0
0
0
0
0
0
0
0
0
0
0
0
0
0
0
0
0.53
0.717
0.571
0
0
0.5
0
0
0
0
0
0
0
0
0
0
0
0
0
0
0
0
0
0
0
0
0
0
0
0
0
0
0
0
0
0
0
0.632
0
0
0
0.438
1
0
0
0
0
0
0
0
0
0
0
0
0.491
0
0
0
0
0
0
0.563
0
0
0
0
0
0
0
0
0
0
0
0
0
0
0
0.844
0.736
0
0
0
0
0
0
0.333
0
0
0
0
0
0
0
0
0
0
0.333
0
0
0
0.4
0.2
0
0.2
0
0
0
0.7
0
0.393
0
0
0
0
0
0
0
0
0
0.128
0
0
0
0.474
0
0
0
0
0
0
0
0
0
0
0.576
0
0
0
0
0
0
0
0
0
0
0
0.346
0.5
0
0
0
0
0
0
0.258
0
0
0
0
0
0
0
0
1
0
0
0
0
0
0
0
0
0.5
0
0
0
0
0
0.524
0
0
0
0
0
0
0
0
0
0.269
0.679
0
0
0
0
0.333
0
0
0
0
0.5
0
0
0.2
0
0
0
0
0
0
0
0
0.667
0
0
0
0
0
0.41
0
0
0
0
0
0
0
0
0
1
0.436
0.6
0
0.694
0
0
0
0.533
0
0
0
0
0
0
0
0.318
0
0
0
0.333
0
0.667
0
0
0
0
0
0
0
0
0.714
0
0.238
0
0.667
0
0
0
0
0
0
0
0
0
0.25
0
0
0
0
0
0
0
0
0
0
0
0.418
0
0.561
0
0
0
0
0
0
0
0
0
0
0
0
0.667
0
1
0
0
0
0.333
0
0
0
0
0
0
0.578
0
0
0
0
0.524
0.667
0
0
0
0
1
0.333
0
0
0.711
0
0
0
0
0
0
0
0
0
1
0
0
0
0
0
0.436
0
0
0
1
0
0.333
0
1
0
0
0
0
0.667
0
0
0
0
0
0
0.9
0
0
0
0
0
0
0
0.667
0
0.393
0
0.371
0
0
0
0
0.733
0
0
0.487
0
0
0.127
0
0
0
0
0
0
0.216
0
0
0
0
0
0
0
0.333
0
0
0
0
0
0.1
0
0.5
0
0
0
0.833
0
0
0
0
0
0.319
0
0
0.667
0
0
0
0
0
0
0
0
0.357
0
0
0
0
0
0
0
0
0
0.619
0
0
0
0
0.833
0
0
0
0.524
0.6
0
0.429
0
0.9
0.306
0.667
0
0
0
0
0
0
0
0
0
0.333
0
0
0
0
0
0
0
0.8
0
0
0
0.528
0
0
0.286
0
0
0
0
0
0
0
0
0
0
0
0
0
0.6
0
0
0
0
0
0
0
0.619
0
0
0
0
0
0.333
0
0
0
0
0
0
0
0.6
0
0
0
0.556
0
0
0.571
0
0
0
0
0
0
0.667
0
0
0
0
0
0
0
0
0
0
0.667
1
0
1
0.8
0
0
0
0
0
0
0
0
0.571
0.1
0.533
0
0
0
0.333
0
0
0
0.667
0.533
0.238
0
0
0.476
0
0
0
0
0.667
0
0
0
0
0
0.667
0.5
0
1
0
0
0
0
0.528
0.5
0.417
0
0
0
0
0
0
0
0.289
0
0
0
0
0.667
0.218
0.472
0
0
0
0
0.179
0
0
0
0
0
0
0
0
0
0
0
0
0.524
0
0.381
0
0
0
0
0
0
0
0
0
0
0
0
0
0
0.4
0
0.476
0
0
0
0
0
0
0
0
0
0
0.321
0.5
0
0
0
0
0
0
0
0
0
0
0
0
0
1
0
0
0
1
0
0
0
0
0
0
0
0
0
0
0
0
0
0
0
0
0
0
0.476
0
0.467
0
0
0.467
0
0.467
0
0
0
0
0.6
0
0
0
0
0
0
0
0
0
0.4
0
0
0
0
0
0
0
0
0
0
0
0
0.667
0
0
0
0
0
0
0
0
0
0
0.4
0.464
0
0
0
0
0
0
0
0
0
0
0
0
0
0
0
0
0
0
0
0
0
0
0
0
0
0
0
0.333
0
0.214
0
0.2
0
0
0
0
0
0
0.333
0
0
0.333
0
0
0
0
0
0
0
0
0
0
0
0
0
0
0.286
0.5
0
0
0
0
0.267
0.467
0
0
0
0
0
0
0
0
0.321
0
0
0
0
0
0
0
0
0
0
0
0
0
0
0
0
0
0
0
0
0
0.19
0.5
0.267
0
0
0
0.4
0.5
0
0
0
0.333
0
0
0.25
0
0.143
0
0
0
0
0.182
0.289
0.524
1
0.381
0
0.345
0
0
0.25
0
0
1
0.139
0.4
0
0
0.321
0
0
0.319
0.4
0
0.356
0.667
0.444
0.333
0
0
0
1
0
0
0
0.5
0
0.667
0.364
0.19
0.267
0
0
0
0
0.179
0.167
0
0.472
0.422
0
0
0
0.6
0.333
0.1
0
0
0.5
0.619
0.667
0.167
0
0
0
0
0
0
0
0.286
0
0.191
1
0
0
0.667
0.5
0.333
0
0
0.238
0
0.381
0.533
0.472
0
0
0.733
0
0
0.667
0.571
0.333
0.6
0
0
0
0.536
0
0
0
0
0.333
0.476
0
0
0
0.472
0
0.4
0
0.5
0.2
0
0.464
0
0.5
0
0
0
0
0
0
0.4
0.333
0
0
0
0
0
0
0
0.333
0
0.467
0.6
1
0
0
0.4
0.533
0
0
0
0
0.762
0.4
0
0.476
0.8
0.333
0.333
0
0
0.4
0
0
0
0.4
0
0
0
0.291
0
0
1
0.436
0
0
0.6
0
0
0
0
0
0
0
0
0
0
0
0
0
0
0
0
0
0
0
0
0
0
0.436
0
0
0
0
0
0
0
0
0
0
0
1
0.714
0
0
0
0
0
0
0
0.689
0
0
0
0
0
0
0.333
0
0.9
1
0
0
0
0.5
0.418
0
0
0
0
0
0
0
0
0
0
0
0.4
0
0
0
0
0
0.36
0
0.762
0
0
0
0
0
0
0
0
0
0.536
0
1
0
0
0
0.7
0
0
0
0
0
0
0
0
0
0
0
0
0
0
0
0
0
0
0
0
0
0
0
0.382
0
0
0.679
0.4
0
0
0
0
0
0
0
0
0
0
0
0
0.289
0
0.382
0.333
0
0
0
0
0.607
0
0
0
0
0
0.158
0
0
0
0.333
0.667
0.333
0
0
0
0
0
0.622
0
0
0
0.255
0
0
0
0
0
0.444
0
0
0
0
0
0
0
0
0
0
0
0
0
0.867
0
0
0.372
0
0
0
0
0
0.639
1
0
0
0
0
0
0
1
0
0
0.179
0
0
0.667
0
0
0
0
0
0
0
0
0
0
1
0
0
0
0.267
0.578
0
0
0
0
0
0
0
0
0
0
0
0
0
0
0
0
0
0
0
0
0
0
0
0
0
0
0
0
0
0
0
0
0
0
0
0
0
0
0
0
0
0
0
0
0
0
0
0
0
0
0
0
0
0
0
0
0
0
0
0
0
0
0
0
0
0
0
0
0
0
0
0
0
0
0
0
0
0
0
0
0
0
0
0
0
0
0
0
0
0
0
0
0
0
0
0
0
0
0
0
0
0
0
0
0
0
0
0
0
0
0
0
0
0
0
0
0
0
0
0
0
0
0
0
0
0
0
0
0
0
0
0
0
0
0
0
0
0
0
0
0
0
0
0
0
0
0
0
0
0
0
0
0
0
0
0
0
0
0
0
0
0
0
0
0
0
0
0
0
0
0
0
0
0
0
0
0
0
0
0
0
0
0
0
0
0
0
0
0
0
0
0
0
0
0
0
0
0
0
0
0
0
0
0
0
0
0
0
0
0
0
0
0
0
0
0
0
0
0
0
0
0
0
0
0
0
0
0
0
0
0
0
0
0
0
0
0
0
0
0
0
0
0
0
0
0
0
0
0
0
0
0
0
0
0
0
0
0
0
0
0
0
0
0
0
0
0
0
0
0
0
0
0
0
0
0
0
0
0
0
0
0
0
0
0
0
0
0
0
0
0
0
0
0
0
0
0
0
0
0
0
0
0
0
0
0
0
0.528
0
0.218
0
0
0
0
0
0
0.333
0
0
0
0
0
0
0
0
0.476
0
0
0.472
0
0
0
0
0
0
0
0.545
0
0
0
0
0
0
0.679
0
0
0
0
0
0.4
0.4
0
0.524
0
0
0.533
0
0
0
0.667
0
0
0.582
0
0
0
0
0
0.722
0.47
0
0
0.4
0
0.333
0
0
0
0
0.714
0
0
0
0
0
0
0.179
0
0
0
0.667
0
0
0.667
0
1
0
0
0
0.333
0
0.667
0
0
0
0
0
0
0
0
0
0
0
0
0
0
0
0
0
0
0.667
0
1
0
0
1
0
0
0.333
0
0
0
1
0
0
0
0
0
0.4
0
0
0
0.6
0
0.095
0
0
0.5
0
0
0
0
0
0
0
0
0
0
0.8
0
0
0
0
0
0
0
0
0
0
0
0.333
0
0
0
0
1
0
0
0
0
0
0
0
0.5
0
0
0
0
0
0
0
0
0.667
0
0
0
0
0
0.667
0
0.286
0
0
0
0
0
0
0
0.667
0
0
0
0.7
0
0
0
0.348
0
0
0
0
0
0
0
0
0.833
0
0
0
0
0
0
0
0
1
0
0
0
0
0.288
0
0
0
0
0
0
0
0
0
0
0
0
0
0.167
0
0.3
0
0
0
0
0
0
0
0
0.248
0
0
0
0
0.533
0
0
0
1
0
0
0
0
0
0
0
0.4
0
0
0
0
0.238
0
0
0.524
0
0
0
0.381
0
0
0
0
0.667
0.833
0.667
0
0
0
0
0.179
0
0
0.467
0
0
0
0
0
0
1
0.6
0
0
0
0
0
0
0.333
1
0
0
0.1
0
0
0
0
0.467
0
0.667
0
0.333
0.333
0
0.333
0
0
0
0
0
0
0
0
0
0
0.667
0
0
0
0
0
0
0
0
0.571
0
0
0
0
0
0
0.8
0
0.667
0
0
0
0.393
0
0
0
0.528
0
0
0
0
0
0
0
0
0
0
0
0
0.372
0
0
0
0
0
0
0
0
0
1
0
0
0
0
0
0
0
0
0
0.333
0
0
0
0
0
0
0.6
1
0
0
0
0
0
0
0.321
0
0.5
0.333
0
0
0
0.833
0
0
0
0.393
0
0
0
0
0.5
0
0
0
0
0
0
0
0
0.6
0
0
0
0
0
0.25
0
0
0
0
0
0
0
0
0
0
0
0.4
0
0
0
0
0
0
0
0
0
0.393
0
0
0
0
0
0
0
0
0.7
0.381
0
0.389
0
0
0.667
0
0
0
0
0
0
0
0
0
0
0
0
0
0
0
0
0
0
0
0
0
0
0
0
0
0
0
0
0
0
0
0
0
0.256
0.643
0
0
0
0
0
0
0
0.333
0
1
0
0
0
0
0
0
0
0
0.611
0.528
0
0
0
0
0
0
0
0
0
0
0
0
0
0
0
0
0
0
0
0
0
0.396
0
0
0
0
1
0
0
0
0
0
0.255
0
0
0
0
0
0
0
0
0
0
0
0.333
0
0
0
0
1
0.333
0
0
0
0
0
0
0
0
0
0
0
0
0
0.4
0
0
0.345
0
0
0
0
0
0.667
0
0
0
0
0
0
0
0.4
0
0
0
0
0
0
0
0
1
0.333
0
0
0
0
1
0
0
0
0
0
0
0
0
0
0
0
0.47
0
0.476
0
0
0
0.167
0.667
0
0.342
0
0.2
0
0
0
0
0
0.8
0
0
0
0
0
1
0
0
0
0
0
0
0
0
0
0
0
0
0
0
1
0
0
0.5
0.333
0.333
0
0
0.333
0
0
0
0
0.179
1
0
0
0
0
0.464
0
0
0
0.5
0
0
0
0.214
0
0
0
0.036
0.5
0
0
0.6
0.1
0
0
0
0
0
0
1
0
0
1
0.2
0.4
0.286
0
0.3
0
0
0
0
0
0.524
0
0
0
0
0
0
0
0
0.273
0
0
0
0.5
0.679
0.667
0
0
0
0
0
0
0
0
0
0
0
0
0
0
0
0.1
0
0
0.222
0
0
0.333
0
0
0
0
0
1
0
0.333
0
0
0
0.333
0
0
0.667
0
0
0
0
0
0
0
0
0
0
0
0.5
0
0
0
0
0.167
0
0
0
0
0
0
0
0
0
0.333
0
1
0
0.267
0
0
0
0
0
0
0
0
0
0
0
0
0
0.5
0
0
0
0
0
0.083
0
0
0
0
0
0
0
0
0
0
0
0
0
0
0
0
0
0
0
0
0
0
0
1
0
0
0
0
0
0
0
0
0
0.205
0
0
0
0.286
0.25
0
0
0
0
0.167
0
0
0
0
0
0.667
0
0
0
0
0
0.095
0
0
0
0
0
0.867
0
0
0
0
0
0
0
0
0.214
0
0.357
0
0
0
0
0
0.4
0
0
0
0.5
0
0
0
0
0
0
0
0
0
0
0
0
0.194
0
0
0
0
0
0
0
0
0
0
0
0
0
0
0
0
0
0
0
0
0
0
0
0
0
0
0
0
0
0.467
0
0
0
0
0.8
0.714
0
0
1
0.167
0
0.571
0.667
0
0
0
0.333
0
0
0
0
0
0
1
0
0
0
0
0.382
0
0
0
0
0.5
0
0
0.385
0.297
0
0
0
0
0
0.214
0
0
0.318
0
0
0
0
0.667
0
0
0.3
0
0
0
0
0
0.433
0
0
0
0
0
0
0.4
0
0
0
0
0
0.667
0
0
0
0
0
0
0.489
0
0
0.1
0
0
0
0
0
0
0
0
0.4
0
0
0
0
0
0
0
0
0.4
0
0
0
0
0
0
0
0.356
0
0
0
0
0
0
0
0.464
0.333
0
0.7
0
0.394
0.571
0
0
0
0.374
0
0.278
0
0
0
0
0
0
0.667
0
0
0
0
0
0.25
0.393
0
0.476
0
0
0
0.5
0.524
0
0
0
0
0
0
0.667
0
0
0.6
0
0
0
0.288
0
0
0
0
0
0
0.6
0.356
0.536
0
0
0.167
0
0
0
0
0
0
0
0
0
0.198
0
0
0
0
0.333
0
0
0
0.491
0.286
0
0
0
0
0
0
0.511
0
0
0
0.536
0
0.333
0.166
0.667
0
0
0.2
0
0
0
0
0.422
0
0
0
0
0
0
0
0
0
0
0
0.618
0
0.333
0
0
0
1
0
0
0.7
0
0.389
0
0
0
0
0.267
0.667
0.667
0
0
0.467
0
0
0
0
0
0
0
0
0
0
0
0.167
0
0
0
0.267
0
0
0
0
0
0
0
1
0
1
0
0
0.238
0
0.7
0
0
0
0
0.139
1
0
0
1
0
0.533
0
0
0
0
0
0
0
0
0
0
0
0
0
0
0
0
0
0
0
0
0
0.667
1
0
0
0
0
0
0
0
0
0
0
0.167
0.7
0
0
0
0.333
0
0
0
0
0
0
0
0
0
0
0
0
0
0
0
0
0
0.667
0
0
0.286
0
0
0.2
0
0.2
0
0
0
0
0.333
1
0
0.222
0
0
0
0.333
0
0
0.111
0
0
0.5
0
0
0.393
0.533
0.167
0
0.179
0
0
0
0
0
0
0
0
0.25
0.238
0
0
0
0
0.5
0
0
0
0.6
0.333
0
0
0
0.3
1
0
0
0.5
0.145
0
0
