0	0	0
0	0	1
0.25	0.476	0
0.238	0	0
0.476	0	0.25
0	0	0
0.1	0	0
0	0	0
0	0	0
0	0.582	0
0.333	0.333	0.364
0	0	0
0	0	0
1	0	0
0	0	0
0	0	0
0.235	1	0
1	0	0.667
0	0	-1
0	0	0.582
0	0	0
0	0	0
0	0	0
0	0	1
0	0.352	0
0	0	0
0	0.133	0
0	0	0
0	0	0
0	0	0
0	0	0
0	0	0
0	0	0.4
0	0	0
0.3	0	0.607
0	0	0
0	0	0
0	0	0
0	0	0
0	0	0
0	0	0
0	0	0.167
0	0	0
0	0	0
0	0	0
0	0	0.1
0	0	0
0.429	0.333	0.393
0	0	0
1	0.333	0
0.309	0.321	0.275
0.667	0	0
0	0	0
0	1	0
0	0	0
1	0	0
0	0	0.3
0.179	0	0
0	0	0
0	0	0
0	0	0
0	0	0
0.4	0	0
0	0	0
0	-1	0
0.238	0.167	0
0	0.25	0
0	0	0
0	0	0.467
0	0	0
0	0	0.167
0.333	0	0.429
1	0	0.288
0	0	0
0	0.1	0
0	0.103	0.3
0	0	0
0	0	0
0	0	0
0	0.238	0
0	0.179	0
0	1	0.286
0	0	0
0.364	0.333	0
0	0	0
0	0	0
0	0.275	0.333
0	0	0
0	0	0
0	0	0
0	0	0
0	0.364	0.5
0	0.235	0
0	0	0
0	0	0
0	0	0
0	0	0
0	0	0
0	1	0
0	0	0
0	0	0
0	0	0
0	0	0
0	0.333	0
0	0	0
0	0	0
0	0	0
0.667	0	1
1	0	0.235
0	0	0
0	0	0
0.667	1	1
0	0	0
0	0.238	1
0	0	0
0	0	0
0	0	0.333
0	0	0
0	0	0.5
0	0.308	0
0	0.143	0
0	0	0
0	0	0
1	0	0
0	0	0
0	0	0
0	0	0
0	0	0
0	0.5	0
0	0	0
0	0	0
0	0	0
0	0	0.333
0	0	0
0	0	0
0	0	0
0.286	0	1
0	0	0
0.5	0	0
0.467	0	0
0	0	0
0	0	0
0	0	0
0	0	1
0	0	0
0	0	0
0	0	0
0	0	0
0	0	0
0	0	0
0.393	0.429	0.6
0	1	1
0	0	1
0	0	0
0	0.3	0
1	0.667	0
0	0	0
0	0	0
0	0	0
0.5	0	0
0	0	0
0.333	0	0
0	0	0
0	0	0
0	0	0
0.5	0	0
0.103	0	0
0.308	0	0
0	0.4	0
0	0	0
0	0	0
0	0	1
0	0	0
0	0	0
0	0	0
0	0	0
0	0	0
0	0	0
0.288	1	0
0	0	0
0	0	1
0	0	0
0	0	0.333
0.3	0	0
0	0	0
0	0	0
0	0	0
0	0	0
0	0	0
0	0.107	0
0	0	0
1	0.286	0
0	1	0
0	0	0
0	0	0.667
0	0	0.476
0	0	0
0	0	0
0	0	0
0	0	0
0.333	0	1
0	0	0
0	0	0
0	0	0
0	0.467	0
0	0	0
0	1	0
0.167	0	0
0.333	0	0.333
1	0.667	0
0	0	0
0.582	0	0
0	0	0
0	0	0
0	0	0.5
0	0	0
0	0	0
0	0	0
0.133	0	0
0.143	0	0
0	0	0
0	0	0
0	0.167	0
0	0.333	0
0	1	0.103
0	0	0
0	0	0
1	0	0
0.607	0.3	0
0	0	0
0	1	0
0	0	0
0	0	0
0	0	0
0	0	0
0	0	0
1	0	0
0.167	0	0.238
0	0.5	0.238
0.107	0	0
0.275	0.309	0
0	0.288	0
0	0	0
0	0.473	0.308
0	0.667	0
0	1	0.143
0	0	0.333
0	0	0.4
0	0	0
0	0	0
0	0	0
0	0	0
0	0	0
0	0	0
0	0	0
0	0	0
0	0	0
0	0	0
0	0	0
0	0	0
0	0	0
0	0	0
0	0	0
0	0	0
0	0	0
0	0	0
0	0	0
0	0	0
0	0	0
0	0	0
0	0	0
0	0	0
0	0	0
0	0	0
0	0	0
0	0	0
0	0	0
0	0	0
0	0	0
0	-1	0
0	0	0
0	0	0
0	0	0
0	0	0
0	0	0
0	0	0
0	0	0
0	0	0
0	0	0
0	0	0
0	0	0
0	0	0
0	0	0
0	0	0
0	0	0
0	0	0
0	0	0
0	0	0
0	0	0
0	0	0
0	0	0
0	0	0
0	0	0
0	0	0
0	0	0
0	0	0
0	0	0
0	0	0
0	0	0
0	0	0
0	0	0
0	0	0
0	0	0
0	0	0
0	0	0
0	0	0
0	0	0
0	0	0
0	0	0
0	0	0
0	0	0
0	0	0
0	0	0
0	0	0
0	0	0
0	0	0
0	0	0
0	0	0
0	0	0
0	0	0
0	0	0
0	0	0
0	0	0
0	0	0
0	0	0
0	0	0
0	0	0
0	0	0
0	0	0
0	0	0
0	0	0
0	0	0
0	0	0
0	0	0
0	0	0
0	0	-1
0	0	0
0	0	0
0	0	0
0	0	0
0	0	0
0	0	0
0	0	0
0	0	0
0	0	0
0	0	0
0	0	0
0	0	0
0	0	0
0	0	0
0	0	0
0	0	0
0	0	0
0	0	0
0	0	0
0	0	0
0	0	0
0	0	0
0	0	0
0	0	0
0	0	0
0	0	0
0	0	0
0	0	0
0	0	0
0	0	0
0	0	0
0.4	0.6	0
0	0	0
0	0	0
0	0	0
0.417	0.348	1
0	0	0
0	0	0
0	0	0
0	0.4	0.348
0.733	0	0.528
0.424	0.467	0.714
0	0	0
0	0	0
0.667	0.25	0
0	0	0
0	0.187	0
0	0	0
0	0	0
0	0	1
0	0.833	0.5
0	0	0
0	0	0
0.333	0.214	0
0.333	0	0.667
0	0.3	0
0	0	0
0	0	0
0	0	0
0.3	0.5	0
0	1	0
0	0	0
0	0	0
0	0	0
0	0	0
0	0	0.381
0	-1	0
0.5	0	0
0	0	0
0	0	1
0	0	0
1	0	0
0.267	0.255	0.286
0.528	0.733	0.528
0	0.333	1
0.187	0	0
0	0	0
0	0	0.25
0	0	0
0	0	0
0	0	0
0	0.5	0.833
0	0	0
0	0	0
0	0	0
0	0	0
0.667	0.5	0.5
0	0	0
0	0	0
0.5	0	0.5
0.467	0.643	0.424
0	0	0
0	0.667	0
0	0	1
0	0	1
0	0.667	0.333
0	0	0
0	0	0
0	0	0
0	0.667	0
0	0	0
0	0	0.187
0.214	0	0.333
0	0	0
0	0	0
0	0	0
0	0	0
0	0.5	0
0	0	0
0.4	0.667	0.667
0.528	0.528	0.643
0.255	0.167	0.267
0	0.643	0.333
0.318	0.219	0.167
0	0	0
0	0	0
0	0	0
0	0	0
0.25	0	0.667
0	0	0
0.833	0	0.5
0.7	0.667	0.473
0.381	0	1
0	0	0
0	0	0
0	0	0
0	0	0
0	1	0
0.643	0.643	0.467
0	0	0
0	0	0
0	0	0
1	0	0.6
0	0	0
0.5	1	0.667
0	0	0.464
1	1	0
0	0	0
0	0	0
0	0.286	0.214
0	1	0
0.667	0.5	0.4
0	0	0
0	0	0
0.5	0.667	0.667
1	0.417	1
0.167	0.318	0.255
0.667	0.4	0.833
0	0	0
0.489	0.714	0.219
0	0	0
0	0	0
0.219	0.489	0.318
0	0	0
0.333	0	0
0.571	0.301	0.509
0.667	1	0
0	0	0
0	0	0
0	0	0
0.6	1	0.4
0	0	0
0	0	0
0	1	0
0.5	0.833	0.3
1	0	0.5
0.643	0.528	0.643
0	0.733	0.643
0	0	0
0	0	0.733
0.714	0.424	0.489
0	0	0
0	0	0
0	0	0
0	0	0
0.833	0.667	0
0.333	0	0
0	0	0
0	0	0
0	0	0
0	0	0
1	0	0
0	0	0
0	0.288	0
0	0.333	0
1	0	0.667
1	0.381	0
0	0.333	0
0	0	0
0.667	0.333	0
0	0	0
0	0	0
0	0	0
0.5	0.5	0
0	0	0.5
0	0	0.333
0	0	0
0	0	-1
0.286	0.267	0
0	0	0
0	0	0
0	0	0
0	0	0
1	0.667	1
0	0.333	0
0.393	0.309	0
0	0	0
1	1	0.833
0	0	0
0	0.7	0.833
0.327	0	1
0	0	-1
0	0	0
0.333	0	0
0	0	0
1	1	0
0	0	0
0	0.667	0
0	0	0
0.5	0.393	0.364
0	0	0
0	0	0
0	0	0
0	0	0
0	0	0.464
0.219	0.833	0.6
0	0	0.4
0	0	0
0	1	0
0	0.393	0.221
0	0	0
0.4	0.667	0.6
0	0	0
0.667	0	0.4
0	0	0
0	0	0
0	0	0
0	0	0
0.533	0.309	0.5
0	0	0
0	0	0
0	0.467	0
0	0	0
0	0	0
0	0.4	0
0	0	0
0	0	1
0	0	0
1	0.327	0.429
0	0	0
0.667	0	1
0	0	0
0	0	0
0	0	0
0	0	0
0	0	0
0	0	0
0	0	0.6
0	0	0
0	0	0
0.333	0	0
0	0	0
0.167	0	0
0	0	0
0	0	0
0.6	0.219	1
0.833	1	0.219
0	0	0.667
0	0	0
0	0	0
0	0	0
0	0	0
0	0	0.327
0	0	0
0.389	0.6	0.667
0.4	0	1
0	0	0.667
0.221	0	1
0	0	0
0	0	0
0	0	0
0	0	0
0	0.333	0
0	0	0.667
0	1	0
0.429	0	0
0	0	0
0	0	0
0	0	0
0	0	0
0	0	0
0	0	0
0	0	0
0	0	0
0	0	0
0	0	0
0	0	0
0	0	0
0	0	0
0	0	0
0.667	0	0
0	0	0
0	0.9	0
0.5	0	0.393
0	0	0
0.393	0.5	0
0	0	0
0	0	0
0	0	0
0	0	0
0	0	0
0.429	1	0.309
0	0	1
0.5	0.533	0.7
0.6	1	0.389
0.6	0	1
1	0.4	0.6
0	0	0.429
0	0	0
0.833	0	0.393
1	0.6	1
0	0	0
0	0	0
0	0	0
0	0	0
0	0	0
0	0	0
0.333	0	0.333
0	0	0.2
0	0	0
0	0	0
0	0	0
0.667	0	0
0	0.464	0
0	0	0
1	0.221	0
0	0	0
0	0	0
0.333	0.333	0
0	-1	0
0.533	0	0.4
1	0	0
0.7	0.5	0
0	0	0
0.667	0.389	0
0	0.667	0
0.6	0.4	0.467
1	0.6	1
0	0	0
0	0	0.667
0	0	0
0	0	0
0.393	0.833	0.5
0	0	0
0	0	0
0	0	0
0.309	0.429	0.533
0	0	0
0	0.2	0
0	0	0
0	0	0
0	0	0
0	0	0
0	0	0.333
0	0	0
1	0	0
0	0	0
0	0	0
0	0	0
0.467	0.6	0
0	0	0
0	1	0
0	0	0
0	0	0
0	0	0
0	0	0
0	0	0
0	0	0
0	0	0
0	0	0
0	0.667	0
0	0	0
0	0	0
0.464	0	0
0	0	0
0	0	0
0	0	0
0.4	0.533	0
0	0	0.667
0	0	0
0	0	0
0	0	0
0	0	0
0	0.167	0
0.2	0	0
0	0	0
0	0	0
0	0	0.333
0	0.333	0
0	1	0
0.533	0.333	0.333
0	0	0
0.333	0.167	0.167
0	0.667	0.5
0	0	0
0	0	0.167
0	0	0
0.5	0.4	0
0.333	0.357	0.533
0	0	0
0	0	0
0	0.533	0
0	0.167	0
0	0	0
0	0	0
0	0	0
0.5	0.5	0.5
0	0	0
0	0.333	0
0.333	0.667	0
0.357	0.361	0.333
0	0	0
0.167	0	0
0.533	0	0
0.381	0.333	0.3
0	0.333	0
0.429	0.524	0.429
0	0	0.5
0	0	0
0.167	0.333	0.238
0	0	0
0	0.4	0.333
0	0.5	0.533
0.167	0	0
0.333	0.238	0.381
0	-1	0
0.357	0.3	0.4
0.667	0	0
0	0	0
0	0	0
0	0	0
0.5	1	0.4
0.524	0.333	0.429
0	0	0
0.3	0.381	0.357
0.4	0.357	0.4
0	0	0.333
0.333	0.333	0.286
0.4	0	0
0.333	0	0
0.667	0.667	0.333
0	0.5	0
0.2	0.2	0.286
0	0	0
0	0	0
0	0	0
0	0	0.4
0	0	0
0.333	0.533	0.5
0	0	0.333
0	0	0.167
0.4	0.5	0.667
0	0	0
0	0.333	0
0	0	0.667
0.5	0.5	0.4
0	0	0.333
0	0.333	1
0.238	0.267	0.333
0.267	0.286	0.238
0.286	0.2	0.25
0	0.167	0
0.238	0.167	0.2
0.333	0.25	0.524
0	0	0
0	0	0
0.361	0.429	0.357
0	0.333	0
0	0	0
0.333	0.4	0.333
0.667	0.4	0.667
0	0	0.333
0	0	0
0	0	0
0	0	1
0.333	0	0
0	0	0
0	0	0
0.4	0.4	0.5
0	0	0
0	0	0
0.5	0.333	0
0	0	0
0	0	0
0.333	0	0
0	0	0
0.333	0.5	0.167
0	0	0
0	0	0
0	1	0
0.429	0.429	0.361
0	0	0
0	0	0
0	0	0
0	0	0
0.333	0	0
0	0	0
0	0	0
0	0.333	0
0.2	0.238	0.2
0.286	0.333	0.267
1	0	0
0	0	0
0	0	0
0	0	0
1	0	0.5
0	0	0
0.5	0	0.333
0	0	0
0	0	0
0	0	0
0.25	0.286	0.333
0.333	0	0
0	0	0
0.4	0.5	0.333
0	0	0
0	0	0
0.167	0.333	0.333
0.5	0	0.5
0	0	0
0	0	0
0	0	0
0	0	0
0	0	0
0	0	0
0	0	0
0	0	0
0	0	0
0	0	0
0	0	0
0	0	0
0	0	0
0	0	0
0	0	0
0	0	0
0	0	0
0	0	0
0	0	0
0	0	0
0	0	0
0	0	0
0	0	0
0	0	0
0	0	0
0	0	0
0	0	0
0	0	0
0	0	0
0	0	0
0	0	0
0	0	0
0	0	0
0	0	0
0	0	0
0	0	0
0	0	0
0	0	0
0	0	0
0	0	0
0	0	0
0	0	0
0	0	0
0	0	0
0	0	0
0	0	0
0	0	0
0	0	0
0	0	0
0	0	0
0	0	0
0	0	0
0	0	0
0	0	0
0	0	0
0	0	0
0	0	0
0	0	0
0	0	-1
0	0	0
0	0	0
0	0	0
0	0	0
0	0	0
0	0	0
0	0	0
0	0	0
0	0	0
0	0	0
0	0	0
0	0	0
0	0	0
0	0	0
0	0	0
0.333	0	0
0	0	0
0	0	0
0	0	0
0	0	0
0	0	0
0	0	0
0	0.333	0.333
0	-1	0
0	0	0
0	0	0
0	0	0
0	0	0
0	0	0
0	0	0
0	0	0
0.333	0	0
0	0	0
0	0	0
0	0	0
0	0	0
0	0	0
0	0	0
0	0	0
0	0	0
0	0	0
0	0	0
0	0	0
0	0	0
0	0	0
0	0	0
0	0	0
0	0	0
0	0	0
0	0	0
0	0	0
0	0	0
0	0	0
0	0	0
0	0	0
0	0	0
0	0	0
0	0	0
0	0	0
0	0	0
0	0	0
0	0	0
0	0	0
0	0	0
0	0	0
0	0	0
0	0	0
0	0	0
0	0	0
0	0	0
0	0	0
0	0	0
0	0	0
0	0	0
0	0	0
0	0	0
0	0	0
0	0	0
0	0	0.333
0	0	0
0	0	0
0	0	0
0	0	0
0	0	0
0	0	0
0	0	0
0	0	0
0	0	0
0	0	0
0	0	0
0	0	0
0	0	0
0	0	0
0	0	0
0	0	0
0	0	0
0	0	0
0	0	0
0	0	0
0	0	0
0	0	0
0	0	0
0	0	0
0	0	0
0	0	0
0	0	0
0	0	0
0	0	0
0	0	0
0	0	0
0	0	0
0	0	0
0	0	0
0	0	0
0	0	0
0	0	0
0	0	0
0	0	0
0	0	0
0	0	0
0	0	0
0	0.333	0
0	0	0
0	0	0
0	0	0
0	0	0
0	0	0
0	0	0
0	0	0
0	0	0
0	0	0
0	0	0
0	0	0
0	0	0
0	0	0
0	0	0
0	0	0
0	0	0
0	0	0
0	0	0
0	0	0
0	0	0
0	0	0
0	0.333	0.333
0	0	0
0	0	0
0	0	0
0	0	0
0	0	0
0	0	0
0	0	0
0	0	0
0	0	0
0	0	0
0	0	0
0	0	0
0	0	0
0	0	0
0	0	0
0	0	0
0	0	0
0	0	0
0	0	0
0	0	0
0.333	0	0
0	0	0
0	0	0
0	0	0
0	0	0
0	0	0
0	0	0
0	0	0
0	0	0
0	0	0
0	0	0
0	0	0
0	0	0
0	0	0
0	0	0
0	0	0
0.333	0	0.5
0	0	0
0	0	0
0	0	0
0	0	0
0	0	0
0	1	0.333
0.429	0	0
0	0	0
0	0	0
0	0.6	0
0	0	0
0	0	0
0	1	0.667
0.345	0	0.524
0	0	0
0	0	0
0.167	0.533	0.667
0	0	0
0	0	0
0.4	0.464	0.5
0	0	0
0	0	0.833
0	0	0
0	0	0
0	0	0.455
0	0.333	0
0	0	0
0	0	0
0	0.619	1
0	0	0
0	0	0
0.5	0	0
0	0.4	0.333
0	0.436	0.571
0	0	0
0.619	0	0
0	0	0
1	0	0
1	0.286	0
0	0	0
0.619	0.667	0.381
0	0	0
0	0	0
0	0.422	0
0.6	0.528	0
0	0	0
0.286	0.2	0
0	0	0
0	0	0
0	0	0
0	0	0
0	0	0.429
0	0	0
0	0	0
0	0	0
0	0	0
0	0	0
0	0	0
0	0	0
0	0.667	0
0	0	0
0	0	0
0.667	0.733	0
0	0	0
0	0	0
0	0	0
0	0.667	0.303
1	0	0.197
0.381	0.619	0.571
0	0	0
0	0.6	0.7
0	0	0.333
0	0	0
0.5	0.4	0.533
0	0.6	0.345
0	0	0
0.333	0	0
0	0.667	0.667
0	0.429	0
0	0	0
0	0	0
0	0	0
0	0	0
0	0	0
0.639	0	0.667
0	0	0
0.286	0.5	1
0.833	0	0.238
0	0	0
0.667	0	0
0.303	0	0
0	0	0
0	0.619	0
0	0	0
0.4	0	0
0	0.607	0.639
0	0	0
0.422	0.228	0
0.571	0	0.528
0	0	0
0	0	0
0.333	0	0.733
0	0	0
0	0.5	0
0	0	0.667
0.1	0.197	0
0	0	0
0	0	0
0	0	0.244
0	0	0
0	0	0
0	0	0
0	0	0
0	0.667	0.248
0	0	0
0	0	0
0	0	0
0	0	0
0	0	0.4
0	0	0
0	0.455	0
0	0	0
0.6	0.381	0
0	0.286	0
0	0	0
0	0.733	0.619
0	0	0
0	0	0
0	0	0
0	0.667	0
0.7	0	0.619
0	0	0
0	0	0
0	0	0.5
0	0	0.436
0	0	0
0.2	0	0
0	0	0
0.667	0	0
0.667	0.167	0
0	0	1
0.571	0.381	0
0	0.244	0.333
0	0	0
0	0	0
0	0	0
0	0	0
0	0	0.464
0	0	0
1	0	0
0	0	0
0	0	0
0.248	0	0.667
0	0	0
0	0.667	0
0	0	0
0.422	0.524	0.607
0.238	0.833	0.286
0	0	0
0	0	0
0	0	0
0.733	0	0
0	0	0
0	0	0
0	0	0
0.228	0	0.422
0	0	0
0.286	0.238	0
0.455	0	0
0.095	0	0
0	0	-1
0	0	0
0	0	0
0	0	0
0	0.571	0.333
0	0	0.228
0	1	0
0.381	0	0.6
0	0	0
0	0	0
0	0	0
0	0	0
0	0	0
0	0	0
0.533	0.5	0.167
0	0	0
0	0	0
0.333	0	0
0	0	0
0	0.303	0
0	0	0.381
0	0	0
0.667	0.639	0.619
0	0	0
0	0.2	0
0.667	0	0
0.528	0.571	0.6
0	0	0
0	0	0
0	0	0
0	0.095	0
0.5	0.333	0.286
0.667	0.248	0
0	1	0.733
0.464	0	0.4
0	0	0
0	0	0
0	0	0
0	0	0
0	0	0
0	0	0
0.436	0	0
0	0	0
0	0	0
0.619	0.7	0
0	0	0
0	0	0
0	0	0
0	0	0
0	0	0
0	0	0
0	0.286	0
0.607	0.422	0
0	0.4	0
0	0	0
1	0.467	0.4
0.667	0.467	0.394
0	0	0
0	0	0
0	0	0.333
0	0	0
0.467	0.364	0.524
0	0	0
0.389	0	0.467
0.667	0.833	0
0.309	0	0.286
0	0.5	0.571
0.378	0	0.417
0	0	0
0	0	0
0	0	0
1	0	0
0	0	0
0	0	0
0	0	0
0	0.192	0.309
0	0	0
0	0	0
0	0	0.333
0	0	0
0	0	0
0	0.667	0
0.5	0	0
0	0	0
0	0	0
0.417	0.378	0.333
0.345	0.333	0.6
0	0.476	1
0	0	0
0.6	0.444	0.833
0	0	0.333
0.333	0.5	0.667
0.467	0.571	0.667
0	0	0
0	0	0
0	0	0
0	0	0
0	0	0
0	0	-1
0.192	0.333	0
0.333	0	0.192
0	0	0
0	0	0
0	0	0
0	1	0.667
0	0.3	0.378
0	0	0
0	0.333	0
0	0	0
0	0	0.476
0	0	0.667
0	0	0
0.5	0.289	0
0.5	0.6	0.364
0.667	0.333	0
0	0	0
0	0	0
0	0	0
0	0	0
0	0	0
0	0	0
0.269	0.524	0
0.4	1	0.3
0	0	0
0	0.7	0
0	0	0
0	0	0
0.444	0	0.6
0	0	0
0	0	0
0	0	0
0	0	0
0.833	0.348	0.667
0	0	0
0	0	0
0	0	0
0	0	0
0.6	0.345	0.5
0	0	0
0	0	0
0	0.394	0.6
1	0	0
0.333	0	0.3
0.467	0.389	0
0	0	0
0	0	0
0.833	0.6	0.364
0	0	0.467
0	0	0
0	0	0
0.524	0.467	0.269
0.2	0	0
0	1	0
0	0	0
0.7	0	0
0	0	0
1	0.3	0.5
0	0	0.389
0.333	0	0
0.3	0	0.9
0.3	0.333	1
0	0	0
0.6	0	0.4
0	0	0.333
0	0	0
0	0	0
0	0	0
0	0	0
0	0	0
0	0	0
0	0	0
0	0	0
0	0	0
0	0.5	0
0.364	0.5	0
0	0	0
0	0	0
0	0	0
0	0	0
0	0	0.444
0	0	0
0.667	0	0
0	0	0
0	0	0
0	0	0
0.333	0.417	0.345
0	0.667	0
0	0	0
0	0	1
0	0	0.3
0	0	0
0	0	0
0	0	0
0	0	0
0	0.667	0
0	0	0
0.394	0.667	0
0.3	0.4	0
0	0	0
0	0	0
0	0	0
0	0	0
0	0	0
0	0	0
0	0	0
0.9	0.3	0.289
0.348	0	0.833
0	0	0
0	0.286	0
0	0	0
0.5	1	0.333
0	0	0
0	0.667	0
0	0	0
0.364	0.833	0.467
0	0	0
0	0	0
0	0	0
0	0.667	0.2
0	0	0
0	0	0
0	0	0
0	0	0
0	0	0
0	0	0
0	0	0
0	0	0
0	0.2	0
0.571	0	0.467
0	0	0
0	0	0
0	0	0
0	0	0
0	0	0
0	0	0
0	0	0
0	0	0
0.286	0.309	0
0	0.364	0.5
0	0	0
0.4	0.6	0
0	0.269	0.348
0.289	0.9	0.5
0	0	0
0	0	0
0	0	0
0	0	0
0	0	0
0.467	0	1
0	0	0
0	0	0
0	0	0
0	0.467	0.7
0.476	0	0
0.667	0	0
0.381	0	0
0	0	0
0.4	0	0
0	0	0
0	0	0
0	0	0
0	0	0
0.6	0	0.25
0.429	0.389	0.6
0	0.7	0.389
0	0	0
0	0	0
0	0	0
0.364	0.528	0.472
0.381	0.6	0.833
0	0	0
0	0	0
0.667	0	0
0	0	0.167
0.25	0.6	0.7
0	0	0
1	0.5	0.6
0	0	0
0	0	0
0.6	1	0.381
0	0	0
0	0	0
0	0.167	0
0	-1	0
0	0	0
0	0	0
0	0	0
0.389	0	0.5
0	0	0
0	0.4	0
0	0	0
0	0.667	0.381
0	0	0
0.833	0.381	0
0	0	0
0	0	0
0	0	0
0.167	0	0
0	0	0
0.528	0.6	0.364
0	0	0
0	0.667	0.167
0.5	0.389	1
0	0	0
0	0	0
0	0	0
0	0	0
0	0	0
0	0	0
0	0	0
0	0	0
0	0	0
0	0	0
0	0	0
0.167	0	0
0	0.381	0.6
0	0	0
0	0	0
0	0	0
0.7	0.25	0
0	0	0
0	0	0
0	0	0
0	0	0
0	0	0
0	0	0.667
0	0	0
0	0	0
0	0	0
0	0	0
0	0	0.167
0	0	0
0	0	0
0	0	0
0	0.833	0.4
0	0	0
0	0.167	0
0	0	0
0	0	0
0	0	0.333
0	0	0.19
0	0	0
0	0	0
0	0	0
0	0	0
0	0	0
0	0	0
0	0	0
0	-1	0
0	0	0.309
0	0	0
0	0	0.2
0	0	0
0	0	0
0	1	0
0	0	0
0.2	0	0
0	0	0.333
0	0	0
0	0	0.2
0	0	0
0	0	0
0.667	0.333	0.333
0	0	0
0	0	0.5
0	0	0
0	1	0
0.667	0	0.7
0.25	0	0
0	0	0
0	0	0
0.255	0.467	0.278
0	0.167	0
0	0	0
0	0	0
0	0	0
0	0	0
0	0	0
0	0	0.667
1	0	0
1	0.4	0.212
0	0	0
0	0	0
0	0	0
0	0	0
0	0	0
0	0	0
0	0	0
0	0	0
0	0	0
0	0	0
0	0	0
0	0.19	0
0	0	0
0.2	0	0
0	0	0
0.333	0	0
0	0	0
0	0	0
0	0.5	0
0.333	0.333	0
0.333	0.667	0
0	0	0
0.19	0	0
0	0	0.5
0	0	0.333
0	0	0
0	0	0
0	0	0
0	1	0.1
0.333	0.333	0.333
0	0	0
0	0	0
0	0	0
0	0	0
0	0	1
0	0	0
0	0	0
1	0	0
0	0	0
0	0	0
0	0	0
0	0	0
0.212	1	0.192
0	0	0
0	0	0
0	0	0
0.467	0.7	0.255
0.7	0.667	0
0	0	0
0	0.333	0.25
0	0	0
0	0	0
0	0	0
0	0	0
0.7	0.667	0.667
0	0	0
0.667	0	0
0	0	0
0	0	0
0	0	0
0.5	0	0
0	0	0
0	0	0
0	0	0
0	0.7	0.238
0.309	0	0
0	0	0
0	0	0
0	0	0
0	0.192	0.5
0.333	0.267	0.333
0	0	0
0	0	0
0	0.333	0
0	0	0
0	0.2	0
0	0	0
0	0	0.5
0	0.5	0
0	0.5	0
0	0	0
0	0.333	0
0.5	0	0
0.5	0	0
0	0	0
0.238	0	0
0.192	0.212	0
0	0	0
0	0	0
0	0	0
0	0	0
0	0.25	0
0	0	0
0	0.309	0
0.333	0	0
0.667	0	0.7
0	0	0
0	0.5	0
0	0	0
0	0	1
0	0.5	0.667
0	0	0
0	0	0
0	0	0
0	0	0
0	0	0
0	0	0
0	0.667	0
0.278	0.255	0
0.7	0.667	0.467
0	0	0.667
0	0	1
0	0	0
0	0	-1
0	0	0
0	0	0
0.333	0.333	0.667
0.667	0.667	0.4
0	0	0
0	0	0
0	0.278	0
0	0	0
0	0	0
0	0.238	0.667
0	0	0
0	0.333	0
0	0.2	0
0.306	0	0
0	0	0
0.333	0	0.333
0	0	0
0.5	0	0
0	0	0.267
0.667	0.7	0.7
1	0	0
0	0	0
0	0	0.5
0	0	0
0	0	0
0	0	0
0.4	0.667	1
0	0.1	0
0.267	0	0.333
0	0	0
0	0	0
0	0	0
0.333	0	0
0	0	0
0	0	-1
0	0	0.2
0	-1	0
0	0.7	0
0.6	0.528	0.464
0	0	0
0.444	0.464	0.524
0	0	0
0	0	0
0.524	0.444	0.667
0	0	0
0	0	0
0.467	0.333	0
0	0	0
0	0	0
0	0	0
0.333	0	0.667
0	0	0
0.267	0.6	0.393
0	0	0
0.333	1	0.467
0	0	0.267
0.528	0.6	0.6
0.667	0.524	0.533
0.464	0.6	0.444
0	0.667	0
0	0	0
0	0	0
0.2	0	0.2
0	0.667	0.667
0.667	0.333	0
0	0	0
0	0	0
0	0	0
0	0	0
0	0	0
0.267	0	0.333
0	0.467	0
0	0	0.667
0.2	0.2	0
0.667	0	0
0	0	0
0	0	0
0.533	0.667	0.7
0	0	0
0	0	0
0	0	0
0	0.667	0
0	0	0
0	0	0
0	0	0
0	0	0
0	0	0
0	0	0
0	0	0
0	1	0
0.167	0.167	0.2
0	0	0
0.3	0.2	0.2
0	0	0
0	0	0
0.393	0	0.667
0	0	0
0	0	0
0	0	0
0	0.5	0
0	0	0
0	0	0
0	0.167	0.167
0	0	0.464
0	0	-1
0	0.8	0.583
0	-1	0
0.2	0.167	0
0	0	0
0.4	0	0
0	0	0
0	0	0
0	0.333	0
0	0	0
0.583	0	0
0.2	0.3	0.133
0	0	0.361
0	0	0
0.464	0	0
0	0	0
0.667	0	0
0.396	0	0.528
0	0	0
0	0	0
0.247	1	0
0	0	0
0	0	0
0	0	0
0	0	0
0	0	0
0	0	0
0	0	0
0	0	0
0	0	1
0	0	0
0	0	0
0	0	0
0	0	0
0	0	0
0	0	0
0	0	0
0	0	0.667
0	0	0
0.333	1	0.2
0	0	0
0	0	0
0	0	0
0	0	0
0.2	0.133	0.267
0	0	0
0	0	0
0	0	0
0	0	0
0	0	0
0	0	0
0	0	0
0	0	0
0	0	0
0	0	0
0	0	0
0	0	0
0.167	0	0.2
0	0	0.393
0	0	0
0	0	0
0	0	0
0	0	0
0	1	0
0.133	0.2	0.333
0	0.464	0
0	0	0.667
0	0	0
0	0.4	0.333
1	0.316	0.247
0	0	0.667
0	0	0
0	0	0
0	0	0
0	0	0
0	0	0.396
0.167	0.333	0.167
0	0	0
0	0	0
0.333	0	0
0	0.167	0
0.333	0	0
1	0	0.333
1	0	0
0	0	0.167
0	0	0
0	0	0
0	0.583	0
0	0	0
0	0	0
0	0	0
0	0	0
0	0	0
0	0	0
0	0	0
0	0	0
0	0	0
0.667	0	0
0	0	0
0	0	0
0	0	0
0	0	0
0.361	0	0.667
0	0	0
0	0	0
0	0	0
0	0	0
0	1	0.333
0.133	0.2	0.2
0	0.2	1
0.361	0	0.5
0	0	0
0	0	0
0	0	0
0	0	0
0	0	0
0.619	0	0.571
0	0	0
0.4	0	0.8
0.2	0.267	0.3
0	0	0
0	0.247	1
0	0	0
0	0	0
0	0	0
0	0	0
0	0	0
0	0	0
0	0	0
0	0	0
0.3	0	0
0.5	0.361	0
0.333	0.133	0.167
0	0	0
0.333	0	0.167
0.316	0.6	1
0.667	0	0
0.2	0.333	0
0	0	0
0	0	0
0.667	0.393	0
0	0.333	0
0	0	0
0	0	0
0	0	0
0	0	0
0	0	0
0	0	0
0	0	0
0	0	0
0	0	0
0.528	0.396	0.327
0	0	0
0	0	0
0	0	0
0	0	0
0	0	0.333
0	0	0
0	0.167	0.167
0	0	0
0	0.667	0
0	0	0
0	0	0
0.2	0.167	0.133
0	0	0
0	0	0
0	0	0
0	0	0
0	0	0
0	0.3	0
0	0	0
0	0	0.333
0	0	0
0.167	0	0
0	0.2	0.3
0	0	0
0	0	0
0	0	0
0	0	0
0	0	0
0	0	0
0	0	0
0.333	0	0
0	0.333	0
0.167	0.333	0
0	0	0
0	0	0
0	0	0
0	0	0
0	0	0
0	0	0
0.267	0.2	0.2
0	0	0
0.6	0	0.316
0	0	0
0	0	0
0	0	0
0	0	0.333
0.3	0.333	0.667
0.333	0.3	0.267
0	0	0
0.333	0	0
0	0	0
0.4	0.4	0.4
0.524	0.357	0.476
0	0	0
0.333	0	0
0	0	0
0	0	0
0	0	0
0.133	0.333	0.238
0	0	0
0	0	0
0	0	0
0.5	0.333	0
0.5	0.5	0.4
0	0	0
0.2	0.2	0.286
0	0	0
0.4	0.5	0.4
0.476	0.524	0.476
0	0.333	0
0.667	0	0
0	0	0
0	0	0.067
0	0	0
0	0	0
0.389	0.476	0.357
0	0	0
0	0	0
0.333	0	0
0	0	0
0.238	0.133	0.2
0.333	1	0.3
0	0	0
0	0	0
0.333	0	0
0.467	0	0
0	0	0
0.333	0.2	0.333
0	0	0
0	0	-1
0	0	0.667
0	0	0
0	1	0
0.667	0	0.5
0	0	0.3
0	0	0
0	0.333	0
0	0	0.333
0	0	0
0.2	0.238	0.2
0	0	0.333
0	0.667	0.333
0	0	0
0.533	0.381	0.333
0	0	0.667
0	0.333	0
0	0	0
0	0	0
0	0.333	0
0	0	0
0.286	0.2	0.25
0.667	0.333	0
0.4	0	0.2
0	0.667	0.467
0	0	0
0.25	0.286	0.357
1	0	0
0	0.467	0
0	0	0
0.357	0.25	0.524
0	-1	0
0.3	0	0
0	0.067	0
0	0	0
0	0	0
0.333	0.333	0.133
0	0.667	0.4
0.333	0	0
0.067	0	0
0	0	0
0	0	0
0.2	0.4	0.333
0	0	0.333
0	0.333	1
0.667	0.3	0
0.476	0.476	0.389
0.333	0.267	0.667
0	0	0
0.667	0	0
0	0.179	0
0	0	0
0	0	0
0	0	0
0	1	0
0	0	0
0	0	0
0	0	0
0	0	0
0	0	0
0.667	0	0
0	0	0
0	0	0
0	0	1
0	0.2	0
0	0.4	0
0	0	0.167
0	0	0
0	0	0
0	0	0
0	0	0
0	0	0
0	0	0
1	0	0
0	0	0
0.4	0.4	0
0	0	0
0.333	0.1	0
0	0	0
0	0	1
0	0	0
0	0	0
0.5	0	0
0	0	0
0	0	0
0	0	0
0	0	0
0	0	0
0	0	0
0	0	0
0	0	0
0	0	0
0	0	0
0.167	1	0
0	0	0
0	0	0
0	0	0
0	0	0
0	0	0
0	0.194	1
0	0.167	0
0	0	0
0.333	0.667	0.133
0	0	0
0	0	0
0	1	0
0	0	0
0	0	0
0	0	0
0	0	0
0	0	0
0	0	0
0	0	0
0	0	0
0.4	0	0.4
0	0	0
0	0	0
0	0	0
0	0	0
1	0	0
0	0	0
0	0	0
0	0	0.333
0	1	1
0.361	0	0.5
0.286	0	0
0	0.667	0
0	0	0
0	0	0
0.333	0	0
1	0	0
0	0	0
0.5	0.361	1
0.2	0.393	0
0	0	0
0	0	0.067
0	0	0
0	0	0
0	0	0
0.283	0.333	0.491
0.1	0.333	0.333
0	0	0
0	0	0
0	0	0
0	0	0.667
0	0	0
0	0.291	0
0	0	0
0	0	0
0	0.4	0
0	0	0
0	0	0
0	0	0
0	0	0
0	0	1
0	0	0
0	0	0
0	0	0
0	0	0
0	0	0
0.133	0	0
0	0	0.095
0	0	0
0.533	0.667	0
0	0	0
0	0	0
0	0	0
0	0	0
0.333	0.133	0.393
0	0	0
0	0	0
0	0	0
0	0	0
0	0	-1
0	0	0
0	0	0
0	0.667	0
0.194	0	0
0	0	0
0	0	0
0	0	0
0	0	0
0	0	0
0	0.333	0
0	0.333	0
0	0	0
0	0	0.667
0.6	0.6	0
0	0	0
0	0	0
0	0	0
0	0	0
0	0	0
1	0	0
0	0	0
0	0	0
0	0	0
0	0	0
0.156	0	0
0.455	0.472	0.371
0	0	0
0.6	0	0.429
0	0	0
0	0	0
0	0	0
0	0	0.667
0	0	0
0	0	0
0	0	0
0	0	0
0	1	0
0	0	0
0	0	0
0.167	0	0
0.667	0	0
0	0	0
0	0	0
0	0	0
0	0	0
0	0	0.333
0	0	0
0	0	0
0.5	0	0.333
0	0	0
0	0	0
0	0	0
0	0	0
0	0	0
0	0	0
1	0	0
0	0	0
0.333	0.5	0.4
0	0	0
1	0.154	0.533
0	0	0
0	0	0
0.2	0	0
0	0	0.4
0	0	0
0	0	0.361
0	0	0
0	0	0
0	0	0
0	0	0
0.167	0	1
0.194	0	0
0	0.133	0
0.333	0	0
0	0	0
0	0	0
0	0	0
0	0	0
0	0	0
0.4	0	0
0	0	0
0	0	0
0.378	1	0
0	0.833	0
0.333	0.286	0
0	0	0
0	0	0.393
0.333	0	0
0	0	0
0	0	0
0	0	0
0	0	0
0	0	0
0	0	0
0	0	0
0	0	0
0	0	1
0	0	0
0	0	0.333
0	0	0
1	0	0
0	0	0
0	0	0
0	0	0
0	0	0
0	0.333	1
0	0	0
0	0	0
0	0	0
0.4	0.333	0.5
0	0	0
0	0	0
0	0	0
0	0	0.667
0.333	0.5	0.333
1	0	0
1	0	0
0	0	0
0	0	0
0	0	0
0	0.5	0.333
0	0	0.179
0	0	0
0	0	0
0	0	0
0	0	0
0	0	0
0	0	0
0	0.333	0
0	0	0.667
0	0	0
0	0	0
0	0	0
0	0	0
0	0	0
0	0	0
0	0	0
0	0	0
0	0	0
0.47	0.409	0.464
0.25	0	0
0	0	0
0	0	0
1	0.167	0
0	0	0
0	0	0
0	1	0.333
0.619	0.515	0.6
0.5	0	0
0	0	0
0.393	0.333	0.472
0	0	0
0	0	0
0	0	0
0	0.25	0.333
0	0.333	0
0	0	1
0.133	0.333	0.333
0	0	0
0	0	0
0.179	0	0
0.4	1	0
0	0.167	0
0	0	0
0	0	0
0	0	0
0	0	0
0.4	0.476	0.667
0	0	0
0	0	0
0	-1	0
0	0	0
0	0	0
0.283	0.149	0.364
0	0	0
0	0	0
0	0	0
0	0	0
0.515	0.464	0.619
0	0	0.5
0.156	0	0.214
0	0.286	0
0	0	0
0	0	0
0	0	0
0	0	0
0	0	0
0	0	0
0	0	0
0	0	0
0	0	1
0	0	0.333
0	0	0
0.154	0.429	1
0	1	1
0	0	0
0	1	0
0	0	0
1	0	0.167
0	0	0
0	0	0
1	0	0
0	0	0
0	0	0
0	0.7	0
0	0	0
0.149	0.267	0.283
0	0	0
0	0	0
0	0	0
0	0	0
0	0.6	0
0	0	0
0	0	0.194
0	0.156	0
0	0	0
1	0	0.4
0.133	0.333	1
0	0	0
0	0	0
0.333	0	0
0.667	0	0
0	0	0
0	0.214	0
0	0	0
0	0	1
0	0	0
0	0	0
0	0	0
0	0	0.833
0	0	0
0	0	0
0	0	0
0	0	0
0	0.333	1
0	0	0
0	0	0
0.167	0	0
0	0	0
0	0	0
0.472	0.393	0.455
0.288	0	0
0	0	0
0	0	0
0	0	0.133
0	0	0
0	0	0.291
0	0	0
0	0	0
0	0	0
0	0	0
0	0	0.095
0	0	0
0	0	0
0	0	0
0	0	0
0	1	0
0	0	0
0	1	0
0	0	0
0	0	0
0	0	0
0	0	0.25
1	0.714	0
0	0	0
0	0	0
0	0	0
0.333	0	0
0	0	0
0	0	0
0	0.338	1
0.7	0	0
0	0	0
0	0	0
0	0	0
0	0	0
0	0	0
0	0	0
0.667	0	0.533
0	0	0
0.286	0	0.333
0.5	0	0.5
0	0	0
0	0	0
0	0	0
0	0	0
0.083	0	0
0.25	0.222	0.357
0	0	0
0	0	0
0	0	0
0	0	0
0	0	0
0	0	0
0.5	0.357	0.333
0	0	1
0	0	0
0	0	0
0	0	0
0	0	0.5
0	0	0
0	0	0
0	0	0
0	0	0
0	0	0
0	0	0
0	1	0.167
0	0.194	0.667
0	0	0
0	0	0
0	1	0
0.371	0.455	0.409
0.214	0.156	0
0	0	0
0.333	0.333	0.133
1	0	0
0.222	0.333	0.25
0	0	0
0	0	0
0.833	0	0
1	0	0
0	0.167	0
0	0	0
0.333	0.667	0.3
0.476	0.5	0.4
0	0	0
0	0	0
0	0	0
1	0	0
0	0	0.156
0	0	0
0	0	0
0	0.333	0.667
0	0	0
1	0	0.378
0.667	0	0
0.5	0.5	0.333
0	0	0.286
0	0	0
0	0	0
0	0	0.286
0	0	0
0	0	0
0	0	0
0	0	0
0.464	0.47	0.515
0.095	0	0
0	0	0
0	0	0
0	0	0.5
0	0	0
0	0	0
0	0	0
0	0	0
0	0	0
0	0	0
0	0	0
0.338	0	0
0.393	0	0.2
0	0.333	0
0	0	0
0.291	0	0
0	0	0
0	0	0
0	1	0
0	0	0
0	0	0
0	0	0
0	0	0
0	0	0
0	0	0.7
0	0	0
0	0	0
0.333	0	0
0	0	0
0	0.533	0
0	0.667	0
0	0	0
0	0	0
0	0	0
0	0	0
0	0	0
0	0	0
0	0	0
0	0	0
0	0	0
0	0.095	0
0	0	0
0	0	0
0	0	0
0	0	0
0	0	0
0	0	0
0	0	0
0	0	0
0	1	0.2
0	0	1
0	0	0
0	0	0
0	0	0
0	0	0
0	0	0
0	0	0.4
0	0	0
0	0	0
0	0	0
0	0	0
0	0	0
0	0	0
0	0.4	0.6
0	0	0
0	0	0
0	0	0.194
0	0	0
0.667	0.333	0.333
0	0	0
0	0	0
0.333	0	0
0	0	0
0	0	0
0	0	0
0	0	0
0	0	0
0	0	0
0	0	0
0	0	0
0	0	0
1	0.5	0
0	0	0
0	0	0
0	0	0
0	0	0
0	0.333	0
0.067	0	0
0	0	0
1	0.5	0
0	0	1
0.6	0.619	0.6
0	0	0
0	0	0.333
0	0	0
0	0	0
0	0	0
0	0	0
0	0	0
0	0	0
0	0	0
0	0	0
0	0	0
0	1	0.288
0	0.4	0
0	0	0
0	0	0
1	0	0
0	0.667	0
0	0	0
0.333	0	0
0.333	0	0
0	0	0
0	0	0
0	0	0
0	0	0.333
0	0	0
0.667	0.4	0
0	0	0
0.333	0.5	0.283
0	0	0
0	0	0
0.095	0	0
0	0	0
0	0.378	0
0	0	0
0	0	0
0	0	0
0	0	0
0	0	0
0	1	0
0	0	0
0	0	0
0	0	0
0	0	0
0	0	0
0	0.333	0
0	0	0.156
0	0	0
0	0	0
0	0	0
0	1	0
0	0	0
0	1	0
0	0	0
0	0	0
0	0	0
1	0.133	0.333
0	0	0
0	0	0
1	0	0
0	0.333	0
0	0	0
0	0	0
0	0	0
0	0	0
0	0	0
0	0	0
0	0	0
0	0	0
0	0.333	0
0	0	0
0	0	0
0	0	0
0	0.067	0
0	0	0
0	0	0
0	0	0
0	0	0
0	0	0
0	0	0
0.409	0.371	0.47
0	0.667	0.083
0	0	0
0	0	0
0	0	0
0	0	0
0	0	0
0.333	1	0.1
0	0	0
0.491	0.283	0
1	0	0
0	0	0
0	0	0
0	0	0
0	0.167	0.333
0	0	0
0	0	0
0	0	0
0	0	0
0	0	0
0	0	0
0	0	0
0	0	0
0.472	0.333	0.327
0	0	0
0	0	0
0	0	0
0	0	0
0.607	0.583	0.509
0	0	0
0	0	0
0	0	0
0	0	0
0	0	0
0	0	0
0	0	0
0	0	0
0	0	0
0	0	0
0	0	0
0.509	0.607	0.611
0	0	0
0	0	0
0	0	0
0	0	0
0	0	0
0	-1	0
0	0	0
0	0	0
0	0	0
0	0	0
0	0	0
0	0	0
0	0	0
0	0	0
0	0	0
0.455	0.455	0.449
0	0	0
0	0	0
0.333	0.378	0.472
0	0	0
0	0	0
0	0	0
0	0	0
0	0	0
0	0	0
0	0	0
0	0	0
0.611	0.509	0.571
0	0	0
0	0	0
0	0	0
0	0	0
0	0	0
0.393	0.327	0
0.455	0.524	0.455
0	0	0
0	0	0
0	0	0
0	0	0
0	0	0
0	0	0
0	0	0
0	0	0
0	0	0
0	0	0
0.1	1	0.167
0	0	0
0	0	0
0	0	0
0	0.333	1
0	0	0
0	0	0
0	0	0
0	0	0
0	0	0
0.327	0.472	0.393
0	0	0
0	0	0
0	0	0
0	0	0
0	0	0
0	0	0
0	0	0
0	0	0
0	0	0
0.571	0.611	0.556
0	0	0
0	0	0
0	0	0
0	0	0
0	0	0
0	0	0
0	0	0
0	0	0
0	0	0
0	0	0
0	0	0
0	0	0
0	0	0
0	0	0
0.556	0.571	0.533
0	0	0
0	0	0
0	0	0
0	0	0
0	0	0
0	0	0
0	0	0
0.167	0.1	0
0	0	0
0	0	0
0	0	0
0.524	0	0.455
0	0	0
0	0	0
0	0	0
0	0	0
0.5	0.5	0.378
0.378	0.5	0.333
0	0	0
0	0	0
0	0	0
0	0	0
0	0	0
0	0	0
0	0	0
1	0.333	0.1
0	0	0
0	0	0
0	0.393	0.524
1	0	0.5
0	0	0
0	0	0
0	0	0
0.533	0.556	0.667
0	0	0
0	0	0
0	0	0
0	0	0
0	0	0
0	0	0
0	0	0
0	0	0
0	0	0
0.333	0	0
0	0	0
0	0	0
0	0	0
0	0	0
0.5	1	0.5
0	0	0
0	0	0
0	0	0
0	0	0
0	0	0
0	0	0
0.8	0.667	0
0	0	0
0.667	0.533	0.8
0	0	0
0	0	0
0	0	0
0	0	0
0	0	0.5
0	0	0
0	0	0
0	0	0
0	0	0
0	0	0
0	0	0
0	0	0
0.591	0.636	0.576
0	0	0
0	0	0
0.4	0.462	0.533
0	0	0
0	0	0
0	0	0
0	0	0
0.426	0.516	0.332
0	0	0
0	0	0
0	0	0
0	0	0
0	0	0
0	0	0
0	0	0
0	0	0
0	0	0
0	0	0
0	0	0
0	0	-1
0	0	0
0	0	0
0	0	0
0	0	0
0	0	0
0.643	0.679	0.644
0	0	0
0	0.4	0.345
0	0	0
0	0	0
0	0	0
0.527	0.345	0.451
0	0	0
0.345	0.476	1
0	0	0
0	0	0
0	0	0
0	0	0
0.644	0.643	0.833
0.5	0	0.694
0	0	0
0	0	0
0	0	0
0	0	0
0	0	0
0	0	0
0	0	0
0	0	0
0	0	0
0	0	0
0	0	0
0	0	0
0	0	0
0.516	0.619	0.426
0	0	0.7
0	0	0
0	0	0
0.667	0.583	0.679
0	0	0
0	0.8	0
0	0	0
0	0	0
0	0	0
0.291	0.533	0.8
0	0	0
0	0	0
0	0	0
0	0	0
0	0	0
0	0	0
0.379	0.359	0.509
0	0	0
0	0	0
0	0	0
0	0	0
0	0	0
0	0	0
0	0	0
0.4	0.429	0
1	0.345	0.339
0.381	0.833	0.528
0	0	0.333
0	0	0
0	0	0
0	0	0
0.636	0.564	0.591
0	0	0
0	0	0
0	0	0
0	0	0
0	0	0
0	0	0
0	0	0
0	0	0
0	0	0.167
0.339	1	0.636
0	0	0
0	0	0
0	0	0
0.4	0.533	0
0	0	0
0	0	0
0	0	0
0	0	0
0	0	0
0	0	0
0	0	0
0	0	0
0	0	0
0	0	0
0	0	0
0	0	0
0	0	0
0	0	0
0	0	0
0	0	0
0	0	0
0	0	0
0	0	0
0	0	0
0.619	0.639	0.516
0	0	0
0	0	0
0	0	0
0	0	0
0.564	0.526	0.636
0.526	0.524	0.564
0	0	0
0	0	0
0	0	0
0	0	0
0.577	0.833	0
0	0	0
0	0	0
0	0	0
0	0	0
0	0	0
0	0	0
0	0	0
0	0	0
0	0	0
0.533	0.509	0.4
0	0	0
0.7	0	0
0.636	0.339	0.655
0	0	0
0	0	0
0	0.167	0.333
0.357	0.332	0.571
0	0	0
0	0	0
0	0	0
0	0	0
0	0	0
0.679	0.667	0.643
0.476	0.528	0.345
0	0	0
0	0	0
0	0	0
0	0	0
0.639	0.456	0.619
0	0	0
0	0	0
0	0	0
0	0	0
0	0	0
0.462	0.527	0.4
0	0	0
0	0	0
0	0	0
0	0	0
0	0	0
0.333	0	0
0	0	0
0.5	0.41	0.583
0	0	0
0	0	0
0	0	0
0	0	0
0	0	0
0	0	0
0	0	0
0.533	0.4	0.667
0	0	0
0	0	0
0	0	0
0.571	0.357	0.533
0	0	0
0	0	0
0	0	0
0	0	0
0.509	0.379	0.533
0	0	0
0	0	0
0.527	0.514	0.371
0	0	0
0	0	0
0	0	0
0	0	0
0	0	0
0	0	0
0.456	0.485	0.639
0	0	0
0	0	0
0	0	0
0	0	0
0	0	0
0	0	0
0	0	0
0.583	0.5	0.667
0.655	0.636	0.6
0	0	0
0	0	0
0	0	0
0	0.333	0
0.524	0.578	0.526
0	0	0
0	0	0
0	0	0
0	0	0
0	0	0
0	0	0
0.8	0.291	0.833
0	0	0
0	0	0
0	0	0
0	0	0
0	0.4	0.29
0	0	0
0	0	0
0	0	0
0	0	0
0	0	0
0	0	0
0	0	0
0	0	0
0	0	0
0	0	0
0.514	0.536	0.527
0.386	0.576	0.374
0	0	0
0	0	0
0	0	0
0.167	0	0
0	0	0
0	0	0
0	0	0
0	0	0
0	0	0
0	0	0
0	0	0
0	0	0
0	0.2	0
0	0	0
0	0	0
0.333	0	0
0	0	0
0.833	0.644	0.577
0	0	0
0.485	0.441	0.456
0	0	0
0	0	0
0	0	0
0	0	0
0	0	0
0	0	0
0.6	0.655	0.621
0	0	0
0	0	0
0	0	0
0	0	0
0	0	0
0	0	0
0	0	0
0	0	0
0	0	0
0	0	0
0	0	0
0	0	0
0	0	0
0	0	0
0	0	0
0	0	0
0	0	0
0	0	0
0	0	0
0	0	0
0.6	0.621	0.331
0	0	0
0	0	0
0	0	0
0	0	0
0	0	0
0	0	0
0	0	0
0	0	0
0	0	0
0	0	0
0.451	0.527	0.41
0	0	0
0	0	0
0	0	0
0	0	0
0	0	0
0	0	0
0	0	0
0	0	0
0	0	0
0	0	0
0	0	0
0	0	0
0	0	0
0	0	0
0	0	0
0	0	0
0.41	0.451	0.5
0	0	0
0.34	0.331	0.516
0	0	0
0	0	0
0	0	0
0	0	0
0.374	0.386	0.441
0	0	0
0.345	0	0.527
0	0	0
0	0	0
0.571	0.667	0.536
0	0	0
0	0	0
0.441	0.374	0.485
0	0	0
0	0	0
0	0	0
0	0	0
0	0	0
0	0	0
0	0	0
0	0	0
0	0	0
0	0	0
0	-1	0
0.533	0.571	0.291
0	0	0
0	0	0
0	0	0
0.528	0.381	0.476
0	0	0
0.371	0.527	0.578
0	0	0
0	0	0
0	0	0
0	0	0
0	0.577	0
0	0	0
0.516	0.34	0.359
0	0	0
0	0	0
0	0	0
0.694	0.5	0.527
0	0	0
0.429	0.29	0.4
0	0	0
0	0	0
0	0	0
0	0	0
0.359	0.516	0.379
0	0	0
0	0.333	0.2
0	0	0
0	0	0
0	0	0
0	0	0
0	0	0
0.576	0.591	0.386
0	0	0
0	0	0
0.621	0.6	0.6
0	0	0
0.331	0.6	0.34
0	0	0
0	0	0
0	0	0
0.667	0	0.571
0	0	0
0	0	0
0	0	0
0	0	0
0	0	0
0	0	0
0	0	0
0	0	0
0	0	0
0	0	0
0.578	0.371	0.524
0	0	0
0	0	0
0	0	0
0	0	0
0	0.7	0.667
0.833	0.8	0.381
0.332	0.426	0.357
0	0	0
0	0	0
0	0	0
0	0	0
0	0	0
0	0	0
0	0	0
0	0	0
0	0	0
0	0	0
0.536	0.571	0.514
0	0	0
0	0	0
0	0	0
0	0	0
0	0	0
0.29	0	0.429
0.2	0	0
0	0	0
0	0	0
0.527	0.694	0.462
0	0	0
0.333	0	0.333
0	0	0
0.333	0	0
0	0	0
0	0	0
0	0	0
0	0	0
0.381	0	0
0	0	0
0	0.5	0
0	0.333	0.333
0	0	0
0	0	0
0	-1	0
0	0.7	0
0	0	0
0	0	0
0	0	-1
0	0	0
0	0	0.333
0	0	0
0	0.4	0.7
0	0	0.381
0	0	0
0	0	0
0.5	0.167	0
0	0	0
0	0	0
0	0.5	0
0	0	0
0	0	0
0	0	0
0	0	0
0	0	0
0.7	0	0
0	0	0
0	0	0
0	0	0
0	0	0
0.333	0.333	0
0	0	0
0	0	0
0	0	0.4
0.5	0	0.167
0	0	0
0	0	0
0.25	0.25	0.5
0.267	0.333	0.167
0	0	0
0	0	0
0	0.333	1
0	0	0
0	0	0
0.333	0.333	0.267
0	0	0
0	0	0
0	0	0
0	1	0
0	0.417	0
0.429	0.311	0.5
0.464	0.7	0
0.333	0	0.333
0	0	0
0.194	0.1	0
0.25	0	0.25
1	0.429	0
0	0.464	0
0	0	0.333
0	0	0
0.333	0	0
0	0	0
0	0	0
0.357	0	0
0	1	0
0	-1	0
0.5	0.429	0.7
0	0	0
0.311	0.429	0.429
0.5	0.25	0.536
0.167	0.267	0.2
0.7	0.5	0.464
0.536	0.5	0.429
0	0	0.357
0.1	0.2	0.194
0	0	0.643
1	0	0
0	0	-1
0	0.643	0.25
0	0	0
0.643	0	0
0.3	0.289	0.1
0	0	0
0.429	0.536	0.311
0	0	0
0	0	0
0	0	0
0	0	0
0	0	0
0	0	0
1	0	0
0	0	0
0	0	0
0.333	1	0.667
1	0.5	0.714
0	0	0
0	0	0
0	0.286	0
0	0	0
0	0	0
0	0	0
0	0	0
0	0	0
0	0	0
0	0.333	0
0	0	0
0	0.381	0
0	0	0
0	0.833	0
0.489	0.714	0.619
0	0	0
0	0	0
0	0	0
0.6	0	0.833
0	0.607	0.486
0	0	0
0.667	0	0
0.467	0.5	0.6
0	0	0
0.286	0	0
0.333	0	0
0	0	0
0	0	0
0	0	0
0.484	0.464	0.6
0	0	0
0	0	0
0	0	0
0	0	0
0	0	0
0.5	0	0.467
0	0	0
0	0	0
0	0	0
0.667	0.333	0
0	0	0
0	0	0
0	0.333	0
0	0	0
0	0	0
0	0	0
0.545	0.561	0.606
0	0	0
0	0	0
0	0	0
0.6	0	0.381
0	0.067	1
0	0	1
0	0	0
0	0	0
0	0	0
0	0	0
0	0	0
0	0	0
0	0	0
0	0	0
0	0	0
0	0	0
0	0	0
0	0	0
0	0	1
0	0	0
0	0	0.333
0	0	0
0	0	0
0.381	0.6	0
0	0	0
0	0	0
0	0	0
0	0	0
0	0	0
0.486	0	0.379
0.833	0.6	1
0	0.429	0.667
0	0	0
0	0	0
0	0.333	0.333
0	0	0
1	0	0
0	0	0
0	0	0
0	0	0
0	0	0
0	0	0
0.714	1	0.489
0	0.286	0
0	0	0
0.464	0.6	0.484
0.4	0	0.306
0	0	0
0	0	0
0	0	0
0	0	0.333
0	0	0
0	0	0
0	0	0
0	0	1
0	0	0
0	0	0
0	1	0
0	0	0
0	0	0
0	0	0
0	0	0
0	0	0
0	0	0
0	0	0
0	0	0
0.333	0	0
0	0	0
0.667	0.467	0.667
0	0	0
0	0	0
0	0	0
0	0	0
0	0	0
0	0	0
0	0	0
0	0	0
0	0	0
0.6	0.644	0.607
0	0	0
0	0	0
0.4	0.577	0.342
0	0	0
0.333	0	0
0	1	0
0	0	0
0	0.333	1
0	0	0
0.305	0.619	0.527
0	0	0
0.379	0.486	0.429
0	0	0
0	0.333	0
0	0	0
1	0	0
0	0	0
0	0	0
0	0	0
0	0	0
0	0	0
0	0	0
0	0	0
0	0	0
0	0	0
0	0	0
0	0	0
0	0	0
0	0	0
0	0	0
0	0	0
0	0	0
0	0.667	0
0	0	0
0	0	0
0	0	0
0.1	0	0
0	1	0.333
0	0	0.6
0	0	0
0.306	0.4	0
0	0	0
0	0	0
0	0	0
0	0	0
0.577	0.619	0.4
0	0	0
0	0	0
0	0	0
0	0	0
0	0	0
0	0	0
0	0	0
0	0	0
0	0	0
0	0	0
0	0	0
0	0	0
0	0	0
0	0	0
0.607	0.6	0
0	0	1
0	0	0
0	0	0
0	0	0
0	0	0.6
0	0	0
0	0	0
0	0	0
0	0	0
0	1	0.321
0	0	0
0.429	0.379	0.6
1	0	0
0.619	0.489	0.305
0	0	0
0	0	0
0	0	0
1	0	0
0	0	0
0.667	0.527	0.527
0	0	0
0	0	0
0	0	0.5
0	0	0
0	1	0
0	0	0
0	0.667	0
0	0	0
0	0	0
0	0	0
0	0	0
0	0	0
0	0.667	0.286
0	0	0
0	0	0
0	0.306	0
0	0	0
0	0	0
0	0	0
0.505	0.342	0.561
0	0	0
0	0	0
0	0	0
0	0	0
0	0	0
0	0	0
0	0.6	0
0	0	0
0	0	0
0	0	0
0	0	0
0.6	0.429	0.464
0	0	0
0	1	0
0	0	0
0	0	0
0	-1	0
0	0	0
0	0	0
0	0	0.393
0	0	-1
0	0	0
0	0	0
0	0	0
0	0	0
0	0	0
0	0	0
0	0	0
0	0	0
0	0	0
0	0	0
0	0	0
0.333	0	0
0	0	0
0	0	0
0	0	0
0	0	0
0	0	0.476
0	0	0
1	0	0
0	0	0
0	0	0
0.286	0	0
0	0	0
0	0	0
0	0	0
0	0	0
0	0	0
0	0	0
0	0	0
0	0	0
0	1	0
0	0	0
0	0	0
0.527	0.305	0.667
0	0	0
0	0	0
0	0	0
0	0	0
0	0	0
0	0	0
1	0.267	0.429
0.606	0.545	0.644
0	0	1
0	0.333	0
0	0	0
0	0	0
0	0	0
0	0	0
0	0.667	0.4
0	0	0
0	0	0
0	0	0
1	0	0
0	0	0.667
0.6	0.6	0
0	0	0
0	1	1
0	0	0
0.342	0.4	0.505
0	0	0
0	0	0
0	0	0
1	0	0
0	0	0
0	0	0
0	0	0
0.067	0	0
0	0	0
0	0	0.333
0	0	0
0	0	0
0	0	0
0.644	0.606	0.6
0	0	0
0	0	0.067
0	0	0
0	0	0
0	0	0
0.2	0	0
0	0	0
0.333	0	0
0	0	0
0	0	0
0	0	0
0	0	0
0	0	0
0	0	0.667
0	1	0.333
0	0	0
0	0	0
0	0	0
0	0	0.2
0.5	0	1
0	0	0
0	0	0
0.2	0.306	1
0	0	0
0	0	0.667
0	0	0.267
0	0	0
0	0.333	0
0	0	0
0	0	0
0	0	0
1	0.833	0
0.619	0.527	0.577
0.333	0	0
0	0	0
1	0	0.333
0	0	0
0	0	0
0	0	0
0	0	0.333
1	0	0
0	1	0.286
0	0	0
0	0	0
0	0	0
0.393	0	0
0	0	0
0	0	0
0	0	0
0	0	0
0	0	0
0	0	0
0.667	0	0
0	0	0
0	0	0
0	0.393	0
0.321	0	0
0	0	0
0	0	0
0	0	0
0	0	0
0	0	1
0	0	0
0	0	0
0	0	0
0	0	0
0.667	0	0
0	0	0
0	0.1	0
0	0	0
0	0	0
0	0	0
0	0	0
0	0	0.5
0.429	1	0
0	0	0
0	0	0
0.6	0.484	0.6
0	0	0
0	0	0
0	0	0
0	0.333	0
0	0	0
0	0	0
0	0	0
0	0	0
1	0.2	0
0	0	0
0	0	0
0.267	0	1
0	0	0
0.561	0.505	0.545
0.527	0.667	0.619
0	0	0
0	0	0
0	0	0
0.333	0.321	0
0	0	0.333
0	0.3	0
0	0.5	0.286
0	0.5	0.667
0	0	0
0	0	1
0	0	0
0.833	0	0.286
0.333	1	0.3
0	0	0
0.133	1	0.333
0	0	0
0	0	0
1	0	0
0	0	0
0	0	0
0	0.5	0
1	0	0.25
1	0	0.143
0	0	0.733
0	0	0
0	0	0
0.511	0.571	0.379
0	0	0
0.333	0.133	0
0	0	0
0	0.333	0
0	0	0
0.286	0	0
0	0.303	0.286
0	0	0.3
0	0	0
0	0	0
0.571	0.467	0.372
0	0	0
0	0	0.214
1	0.5	0.133
0	0	0
0.286	0.833	0.4
0	0	0
0	0	0
0	0	0
0.536	0.379	0.6
0	0	0
0	0	0
0	0	0
0	0	0
0	0	0
0	1	1
1	0	0.333
0	0	0
0	0.067	0
0	0.333	0.667
0.333	0	0
0	0.667	0
0	0	0
0	0.2	0
0.571	0.607	0.511
0	0	0
0	0	0
0	0.333	0.667
0.4	0.286	0.2
0	0	0
0	0	0
0.333	0.2	0
0.372	0.571	0.556
0.619	0.6	0
0.667	0	0
0.833	0	0
0	0	0
0	0	0
0	0	0
0	0	0.667
0.7	0.733	0.467
0	0.333	0
0	0	0
0.667	0	0
0	0	0
0	0	0
0	0	0
0	0	0
0.667	0	0
0	0	0
0	0	-1
0.2	0	0
0.2	0.4	0
0	1	0
0	0	1
0.179	0	0.1
0	0	0
0	0	0
0	0	0
0.667	1	0
0	0	0.833
0	0	0
0	0.667	0
0.3	0	0
0.214	0	0.667
0	0	0
0	0	0
0.286	0	0.067
0	0.3	0
0	0	0
0	0	1
0.5	0.333	0
0	0.667	0
0	0	0
0	0	0
0	0.286	0
0	0	0
0	0	0
0	0	0
0	0.333	0
0	0	0.381
0	1	0
0	0	0
0	0.333	1
0.333	0	1
0	0	0
0	0	0
0	0	0
0.107	1	0.5
0.6	0.536	0.619
0	0	0
0	0	0
0.381	0	0.3
0.3	0.381	0
0.3	0	0
0.1	0.179	0.5
0	0	0.286
0.5	0.143	0
0	0	0
1	0.389	0.667
0	0.833	0.833
0	0	0
0	0	0
0	0.25	0
0.321	0	0.333
0	0	0
0	0.238	0
1	0	0.107
0.238	0	0
0	0	0
0	0.667	0.333
0	0	0
0.333	0.5	0
0	0	0
0	0	0
0	0	0
0	1	0
0.5	0.107	1
0	0	0
0	0	0
0	0	0
0.333	0.333	0.5
0	0	0
0	0	0.667
0	0.286	0.333
0.5	0	0.667
0	0.667	0.3
0	0	1
0	0	0
0.303	1	0
0	0	0
1	0	0
0.5	0.1	0
0.389	0	1
0.5	0	0.333
0	0	0
0	0	0
0.2	0.3	0.333
0	0	0
0	0	0.333
0.5	0.667	0
0	0	0
0	0.5	0
0.667	0	0
0	0	0
0	0	0
0.067	0.286	0
1	0	0
0.667	0.214	0
0	0.667	0.321
0	0.333	1
0	0	0.238
0	0	0
0	0.5	0.179
0	0	0
1	0	0.303
0.143	1	0.5
0	0	0
0	0	0
0.333	0	0.333
1	0.333	0
0	0	0
0	0.2	0.5
0	-1	0
0	0	0
0.333	0	0
0.733	0	0.7
0	0.3	0.2
0	0	1
0.25	1	0
0.3	0.333	0.2
0	0	0.389
0	0	0
0	0	0
0	0	0
0	0	0
0	0	0
0	0	0
0.679	0.44	0.556
0.429	0	0
0.5	0	0
0	0	0
0	0	0
0	0	0
0	0	0
0	0	0
0	0	0
0	0	0
0	0	0
0	0.833	0.8
0	0	0
0	0	0
0	0	0
0	0	0
0	0	0
0	0.6	0.238
0	0	0
0.489	0.643	0.533
0	0	0
0	0	0
0	0	0
0	0	0
0	0	0
0	0	0
0	0	0.333
0	0	0
0.333	0.467	0.33
0.714	0.762	0.622
0	0	0
0.524	0.444	0.556
0	0	0
0.833	0	0.833
0	0	0
0	0	0
0	0	0
0	0	0
0	0	0
0	0	0
0	0	0
0	1	0.222
0	0	0
0	0	0
0	0	0
0.476	0	0
0	0	0
0	0.333	0
1	0	0
0	0	0
0	0	0
0	0.5	0
0	0.333	0
0	0	0
0	0	0
0	0	0.5
0.333	0	0.2
0	0	0
0	0	0
0	1	0.1
0	0	0
0	0	0
0	0	0
0.533	0.489	0.533
0.25	0	0.25
0	0	0
0	0	0
0	-1	0
0	0	0
0	0	0
0	0	0
0	0	0
0	0	0
0	0	0
0	0	0
0.2	0	0
0	0	0
0	0	0
0	0	0.167
0	0	0
0	0	0
0	0	0
0	0	0
0	0	0
0	0	0
0.6	0	0
0	0	0
0	0	0
0	0	0
0	0	0
0	0	0
0.833	0.833	0
0	0	0
0	0	0
0	0	0
0.556	0.524	0.394
0	0	0
0	0	0
0	0	0
0.333	0.667	0
0	0	0.6
0	0	0
0.222	0	0
0	0.583	1
0	0	0
0.333	1	0
0	0	0
0.378	0.393	0
0	0	0
0	0	0
0	0	0.4
0	0	0
0	0	0
0.467	0.167	0.333
0	0	0
0	0	0
0	0	0
1	0	0
0	0	0
0	0	1
0	0	0
0	0	0
0	0	0
0	0	0
0	0	0
0	0	0
0	0	0
0	0	0
0	0	0.667
0	0	0
0	0	0
0.714	0.714	0.762
0	0	0
0	0	0
0	0	0
0	0	0
0	0	0
0	0	0
0	0	0
0	0	0
0	0	0
0	0	0
0	0	0
0	0	0
0	0	0
0	0.222	0.4
0.2	0.333	0
0	0	0
0	0	0
1	0	0
0	0	0.2
0	0	0
0	0	0
0	0	0
0	0.2	1
0	1	0
0	0.6	0
0	0	0
0	0	0
0.394	0.556	0.515
0.489	0.286	0
0	0.7	0
0	0	0
0	0.429	0.231
0	0	0
0.238	0	0
0.393	0.199	0.378
0	0	0
0	0	0
0	0	0
0.167	0	0.467
0	0	0
0	0	0
0.6	0.267	0
0.578	0.578	0.527
1	0.6	0
0.176	0.231	0.429
0	0	0
0	0	0
0	0	0
0.667	0	0
0.667	0.1	0.333
0	0	0
0	0	0
0	0	0
0.267	0	0.6
0	0	0.3
0	0	0.4
0	0	0
0	0	0
0.556	0.679	0.286
0	0	0
0	0	0
0	0	0.429
0	0	0
0	0	-1
0	0	0
0.583	0.533	0.643
0	0	0
0	0.167	0
0	0	0
0	0	0
0	0	0
0	0	0
0	0	0
0	0	0
0	0	0
0	0	0
0	0	0
0	0.2	0
0	0	0
0	0	0
0	0	0
0	0	0
0	0	0
0	0	0.429
0	0	0
0.286	0.4	0
0.1	0	0.667
0	0.2	0
0	0	0
0	0	0
0	0	0
0	0	0
0.6	0	0
0	0	0
0	0	0
0	0	0
0	0	0
0	0	0
0.3	0	0
0	0	0.227
0.286	0.556	0.489
0	0	0
0.231	0	0.267
0.4	0	0
0	0	0
0	0	0
0	0	0
0	0	0
0	0	0
0	0	0.833
0	0	0.167
0	0	0
0	0	0
0	0	0
0.267	0.231	0
0	0	0
0	0	0
0.333	0	0
0	0.476	0.199
0	0	0
0.622	0.714	0.643
0	0.6	0.476
0	0	0
0	0	0
0	0	0
0	0	0
0	0	0
0	0	0
0	0	0
0	0	0
0.267	0	0.4
0	0	0
0	0	0
0	0	0
1	0	0
0	0	0
0	0	0
0.8	0.333	0
0.533	0	0.6
0	0	0
0	0	0
0	0	0
0.333	0	0.444
0	0.4	0
0	0	0.209
0	0	0
0	0	0
0.333	0.429	0
0	0	0
0	0.333	0.429
0	0	0.267
0.667	0	0
0	0	0
0	0	0
0	0	0
0	0.3	0
0	0	0
0	0	0
0	0	0
0	0	0
0	0	0
0	0.3	0
0	0	0
0	0	0
0.25	0.25	0.238
0	0.667	0
0	0	0
0	0.667	0.667
0	0	1
0	0	0
0	0.286	0
0	0	0
0	0	0
0	0	0
0	0	0
0	0	0
0	0	0
0	0	0
0	0	0
0	0	0
0	0	0
0	0	0
0	0.286	0
0	0	0
0	0.4	0
0	0	0
0	0	0
0	0	0
0	1	0.667
0	0	0
0	0	0
0	0	0
0.643	0.622	0.489
0	0	0
0	0	0
0.6	0.533	1
0	0	0
0	0	0
0	0	0
0	0	0
0	0	0
0	0	0
0	0	0
0	0	0
0	0.267	0
0	0	0
0	0.429	1
0	1	0
0	0	0
0.714	0	0.714
0	0.378	0
0	0	0
0	0	0
0	0	0.833
0.429	0	0.333
0.444	0.333	0.524
0	0	0
0.667	0	0
0	0	0
0.667	0.833	0.212
0	0	0
0.286	0.209	0
0	0	0
0	0	0
0.4	0	0
0	0	0
0	0	0
0.3	0	0
0	0	0
0.429	0	0
0	0	0
0	0	0
0.533	0.533	0.583
0	0	0
0	0	0
0.476	0	0
0.578	0.515	0.578
0	0	0
0	0.489	0
0	0	0
0	0	0
0	0	0
0.238	0.25	0.156
0	0	0
0	0	0
0	0	0
0	0.667	0.476
0	0	0
0.527	0.578	0.44
1	0	0
0	0	0
0	0	0
0	0	0
0	0	0
0.231	0	0.176
0	0	0
0	0.476	0
0	0	0
0	0	0
0.583	0	0
0	0	0
0	0	0
0	0.8	0
0.4	0.267	0
0	0	0
0	0	0
1	0.167	0.333
0	0	0
0.4	1	0.286
0	0	0.267
0	0	0
0.227	0	0
0	0	0
0.571	0.643	0.7
0	0	0
0	0	0
0	0.8	0
0	0	0.333
0	0	0
0	0	0
0	0	0
0	0	0
0	0	0
0	0	0
0	0	1
0	0.4	0
0	0	0
0	0	0
0	0	0
0	0	0
0	0	0
0.833	0	0.667
0	0	0
0.156	0.238	0.2
0	0	0
0	0	0
0	0.4	0
0	0	0
0	0	0
0	0	0
0	0	0
0	0	0
0	0	0
0	0	0
0	0	0
0	0	0
0	0	0
0	0	0
0	0	0
0	0	0
0	0	0
0	0	0
0	0	0
1	0	0.4
1	0	0
0	0	0
0	0	0
0	0	0
0	0	0
0	0.227	0
0	0	0
0	0	0
0	0	0
0	0	0
0.199	0	0.393
0	0	0
0	0	0.167
0	0	0
0	0	0
0	0	0
0.7	0.571	0
0	0	0.3
0	0	0
0	0.372	0.533
0	0	0
0	0	0
0	1	0
0	0	0
0.333	0	0.8
0	0	0
0	0	0
0	0	0
0.372	0.33	0
0	0	0.25
0	1	0
0.4	0	0
0	0	0
0	0	0.333
0.167	0	0
0	0	0
0	0	0
0	0	0.583
0	0	0
0	0	0
0.643	0.583	0.571
0	0	0
0	0	0
0.33	0.333	0.372
0	0	1
0	0	0
0	0	0
0	0	0
0.2	0.156	0
0	0	0
0	0	0
0	0	0.714
0.762	0.714	0.714
0	0	0
0	0	0
0	0	0
0	0	0
0	0	0
0	0	0
0	0	0
0.667	0	0.333
0	0	0
0	0.667	0.467
0	0	0
0	0	0
0	0	-1
0.309	0.6	0
0	0	0
0	0	0.619
0	0.467	0
0	0	0
0.619	0	1
0	0.167	0
0	0.667	0
0	0.309	0.667
0.667	0	0.6
0.333	0	0
0	0.333	0
0.6	0.667	0.309
0.667	0.333	0
0	0	0.667
0	0	0.333
0	0	0
0.467	0	0
0.242	0.429	0
0.333	0.667	0.333
0	0	0
0.333	0.333	0.667
0	0	0
0	0	0
0	0.242	0.667
0	0	0
0.473	0.491	0.489
0	0	0
1	0.467	0
0.667	0.333	0.357
0	0	0
0	0.286	0
0	0	0
0	0	0
0.333	1	0
0.429	0.5	0.385
0	0	0
0	0	0
0.357	0.667	0.382
0	0	0
0	0	0
0	0	0
0	0	0
0.436	0.382	0.527
0	0	0.1
0.7	0.333	0.571
0	0	0
0.444	0.444	0.583
0	0	0
0	0	0
0	0	0
0	0	0
0	0.278	0
0	0	0
0.5	0.556	0.368
0	1	0
0	0	0
0	0	0.7
0	0	0.5
0.382	0.385	0.436
0.491	0.583	0.473
0	0.167	0.083
1	0.714	0.556
0	0	0
0	0	0
0	0	0
0.333	0.333	0
0.267	0	0.467
1	0	0.333
0	0	0
0	0	0
0.333	0.361	0.667
0.368	0.5	0.333
0	0	0
0	0	-1
0	0	0
1	0	0
0.583	0.444	0.491
0.083	0	0
0	0	0
0	0	0.167
0	0	0
0.278	0	0
0	0	0
0	0	0
0	0	0
0	0	0
0	0	0
0	0	0.333
0	0	0
0	0	0
0	0	0
0	0	0
0	0	0
0.467	0.267	1
0.289	0.429	0
0	0	0
0	0	0
0	0	0
0	0.667	1
0	0	0
0.286	0.2	0
0.489	0.473	0.467
0	0	0
0	0	0
0.5	0.527	0.622
0	0	0
0	-1	0
0	0	0
0.2	0.333	0.286
0.333	0.382	0.333
0	0	0
0	0	0.278
0	0.667	0
0	0	0
0	0	1
0	0	0
0	0	0
0	0	0
0.361	0.167	0.333
0.571	0	0.333
0	0	0
0	0	0
0	0	0
0.167	1	0.361
0	1	0
0	0	0
0	0	0
0	0	0
0	0.1	1
0	0	0
0	0.3	0
0	0	0
0	0	0.429
0	0	0.571
0	0	0
0.467	0.489	0.294
0.556	1	0.5
0	0	0
0.527	0.436	0.5
0.667	0.833	0
1	0	0.167
0.622	0.5	0.611
0	0	0
0	0	0
0.317	0.333	0.333
0	0	0
0	0	0
0	0	0
0.333	0	0
0	0.167	0
0	0	0
0	0	0
0	0	0
0	0	0
0	0	0.667
0	0	0
0.5	0.294	0.429
0	0.289	0.267
0	0	0
0	0	0
0.1	0	0
0	0	0
0	0	0.8
0.429	0	0.289
0.429	0	0
0	0	0
0	0	0
0	0	0
0	0	0
0	0	0
0	0	0
0	0.083	0
0.667	0	0
0	0	0
0	0	0.167
0	0	0
0	0	0
0	0	0
0	0	0
0.5	0	0.3
0	0	0
0	0	0
0	0	0
0	0	0
0	0	0
0	0	0
0	0	0
0	0	0
0	0.333	0
0	0	0
0	0	0
0	1	0
0.167	0	0
0.333	0.571	0.7
0	0	0
0	0	1
0	0	0
0	0	0
0.167	0	0
0	0	0
0	0	0
0	0	0
0	0	0
0	0.333	0
0.385	0.429	0.382
0	0	0
0	0	0
0.294	0.467	0.5
0.714	0.611	1
0	0	0
0.333	0.368	0.317
0.333	0.317	0.2
0	0	0
0	0	0
0	0	0
0.571	0.7	0.444
0	0	0
1	0	0
0.3	0.5	0
0	0	0
0.611	0.622	0.714
0.382	0.357	0.333
0	0	0
0	0	0
0	0	0
0	0	0
0	0	0
0	0	0
0	0.333	0
0	0	0
0	0	0
0	0	0
0	0	0
0	0	0
0	0	0
0	0	0
0	0	0
0	0	0
0.444	0.571	0.444
0	-1	0
0	0	0
0	0	0
0	0	0
0	0	0
0.6	0.47	0.689
0	0	0
0	0	0
0	0	0
0	0	0
0	0	0
0	0	0
0	0	0
0	0	0
0	0	0
0	0	0
0	0	0
0	0	0
0	0	0
0	0	0
0	0	0
0	0	0
0	0	0
0	0	0
0	0	0
0	0	0
0	0	0
0.439	1	0.436
0	0	0
0	0	0
0	0	0
0	0	0
0	0	0
0	0	0
0	0	0
0	0	0
0	0	0
0	0	0
0	0	0
0	0	0
0	0	0
0	0	0
0	0	0
0	0	0
0	0	0
0	0	0
0	0	0
0	0	-1
0	0	0.47
0.436	0.439	0.484
0.578	0.53	0.487
0	0	0
0	0	0
0	0	0
0	0	0
0	0	0
0	0	0
0	0	0
0	0	0
0	0	0
0	0	0
0.667	0	0.333
0	0	0
0	0	0
0	0	0
0	0.667	0
0	0	0
0	0	0
0	0	0
0	0	0
1	1	0.439
0	0	0
0	0	0
1	0.333	0.5
0	0	0
0	0	0
0	0	0
0	0	0
0	0	0
0	0	0
0	0	0
0	0	0
0	0	0
0	0	0
0.667	0.424	0
0	0	1
0	0	0
0	0.47	0.667
0	0	0
0	0	0
0	0	0
0	0	0
0.5	0	0
0	0	0
0	0	0
0	0	0
0	0	0
0	0	0
0	0	0
1	0	1
0.333	0.667	1
0	0	0
0	0	0
0.53	0.386	0.578
0	0	0
0	0	0
0	0	0
0	0	0
0	0	0
0	0	0
0	0	0
0	0	0
0	0	0
0	0	0
0.515	0.484	0.423
0	0	0
0	0	0
0	0	0
0	0	0
0	0	0
0	0	0
0	0	0
0	0	0
0	0	0
0	0	0
0	0	0
0	0	0
0	0	0
0	0	0
0.527	0.449	0.4
0	0	0
0	0	0
0	0	0
0	0	0
0.484	0.436	0.515
0	0	0
0	0	0
0	0	0
0.487	0.578	0.424
0	0	0
0	0	0
0	0	0
0	0	0
0	0	0
0	0	0
0	0	0
0	0	0
0	0	0
0	0	0.5
0	0	0
0	0	0
0	0	0
0	0	0
0	0	0
0	0	0
0	0	0
0	0	0
0	0.5	0
0	0	0
0	0	0
0	0	0
0	0	0
0	0	0
0	0	0
0	0	0
0	0	0
0	0	0
0	0.689	0
0	0	0
0	0	0
0	0	0
0	0	0
0	0	0
0	0	0
0	0	0
0	0	0
0	0	0
0.47	0.515	0.386
0	0	0
0	0	0
0	0	0
0	0	0
0	0	0
0	0	0
0	0	0
0	0	0
0	0	0
0	0	0
0	0	0
0	0	0
0	0	0
0	0	0
0	0	0
0	0.333	0
0	0	0
0	0	0
0	0	0
0.689	0.6	0
0	0	0
0	1	0
0	0	0
0	0	0
0	0	0
0.182	0	0.667
0	0	0
0	0.4	0.491
1	0	0
0.276	0.333	1
0	0	0
0	0	0
1	0	0
0	0	0
0	0	0
0	0	0
0	0.536	0.333
0	0	0
0.467	0.467	0
0	0	0
1	0	0.422
0.524	0.333	0.667
0	0.067	0
0	0	0
0	0	0
0.667	0	0
0	0	0
0	1	1
0	0	0
0	0	0
0	0	0.467
0	0	0
0	0	0
0	0	0
0.143	0.286	0
0.333	0	0
0	0	0.4
0.073	0	0
0	0	0
0.267	0	0
0.667	0.182	0.333
0	0	0
0	0	0
0.467	0	0.5
0	0	0
0.491	0	0
0	0	0
0	0	0.1
0	0	0
0	0	0
0	0	0
0	0	0
0	0.7	0.667
0	0	0
0	0.143	1
1	0	0
0	0	0
1	0	0
0	0	0
0	0	0
0	0	0
0.667	0.524	0.197
1	0.476	0.667
0	0	0
0	0	0
0.333	0	0.524
0.3	0	0
0	0	0
0	0	0
0.333	0.364	0.345
1	0	0
0	0	0
0.1	0	0
0	0	0
1	0	0
0	0	0
0	0	0
0	0	0
0	0	0
0	0.491	0.528
0	0.3	0
0.333	0.3	0
0	0	0
0	0	0
0	0	0
0	0	0
0	0	0
0	0	1
0	0	0
1	1	0.476
0	0.333	1
0	0	0
0	1	1
0.5	0	0.286
0	0	0
0.7	0	0
0	0	0
0	0	0
0	0	0
0	0	0
0.361	0.667	0.286
0.6	1	0
0.364	0	0.308
0	-1	0
0	0	0
0	0	0
0.333	0	0
0	0	0
0	0	0
0	0	0
0	0.073	0
0	0	0
0	0	0
0	0	1
0	0.167	0.073
0.167	0	0
0	0	0
0.333	0.667	0.4
0	0.333	0
0	0	0
0	0	0
0.3	0	0.333
0	0	0
0	0.333	1
0	0	0
0	0	0
0	0	0
0	1	0
0	0	0
0	0	0
0	0	0
0	0.7	0
0	0	0
0.528	0	0
0	0	1
0	0	-1
0	0	0
0	0	0
0	1	0
0	0	1
0	0	0
0	0	0
0	0	0
0	0	0
0	0	0
0	0	0
0.667	1	0.361
0	0	0
0.467	0	0
0	0	0
0	0	0
0	0	0
0.4	0.333	0
0	1	0
0	0.667	0.5
0	0	0.2
0	0	0.3
0	0	0
0	0	0
0	0	0
0	0	0
0	0	0
0.333	0	0
0	0	0.267
0	0	0.364
0	0	0
0	0.333	0
0.333	0	0
0	0	0
0	0.286	0.667
0.333	0	0
0	0	0.167
0	0	0
0.333	0	0
0	0.267	0
0	0	0
0	0	0.3
0	0	0
0	0	0
0	0	0
0	0	0.333
0	0	0.333
0	0	0
0	0.6	0.467
0	0	1
0	0	0
0	0.4	0
0.333	0	0
0	0.667	0
0	0	0
1	0	0
0	0.333	0
0	0	0
0	0	0
0	0	0
0	0.308	0.333
0	0	0
0	0	0
0	0	0
0	0	0.7
0	0	0
0	0	0
0	0	0
0.2	0	0
1	0.276	0.5
0	0	0
0	0	0
0.467	0.422	0.467
0	0	0
1	0	0
0	0	0
0	0	0
1	0.667	1
0	0	0
0	0	0
0	0	0.286
0.667	0	0
0	0	0
0.6	0.6	0
0	0	0
0	1	0
0.333	0	0
0	0	0
0	0.667	0
0	1	0
0	0	0
0.3	0.345	0.364
0	0	0
0	1	0
0	0	0
0	0	0
0	0	0
0	0	1
0	0	0
0	0.6	0.379
0	0.333	0
0	0	0
0.286	0.361	0.143
0.422	1	0.467
0	0.107	0.536
0	0	0.067
0	0	0
0	0	0.333
0	0	0
0	0.528	0
0.667	1	1
0	1	0
0	0	0.333
0	0	0
0	0	0
0	0	0.333
0	0	0
0.286	0.5	0
0	0	0
0	0	0
0	0	0
0	0	0
0	0	0
0	0	0.067
0	0	0
0.197	0.667	0
0	0	0
0	0.1	0
0	0	0
0	0	0
0.308	0.364	0
0	0	0
0	0	0
0	0	0
0	0	0
0	0	0
0	0	0
1	0	0
0	0	0
0.067	0	0
0	0	0
0	1	0
0.476	1	1
0	0	0
0	0	0
0.107	0	0
0	0	0
0	0	0
0	0	0
0	0	0
0	0.333	0
0	0	0
0	0	0
0	0	0
1	0	0.667
0	0	0
1	0	0
1	0	0
0	0	0
0.364	1	0.333
0	0	0
0	0	0
0	0	0
0	0	0
0	0	0
0	0	1
0	0	0
0	0	0
0	0.197	0.667
0	0	0
0	0	0
0	0	0
0	0	0
0	0	0
0	0.467	0.333
0	0.333	0
0	0	0
0	0	0
0	0	0.182
0	0	0
0.333	0	0
0	0	0
0	0	0
0	0.067	0
0	0	0
0	0	0
1	0.206	0.364
0	0	0
1	0	0
0	0	0
0	0	0
0.667	0	0
0.345	0.333	0.3
0	0	0
0	0	0.333
0	0	0
0	0.333	1
0.4	0	0
0	0.467	0
0	0	0
0	0	0
0	0.333	0
0	1	0
0	0	0
0	0	0
0	0	0
0.067	0	0
0	0	0
0	0.2	1
0.214	0	0
0	0	0
0.238	0.571	0.2
0	0	0
0	0.3	0
0	0	0
1	0	1
0	1	0
0	0	0
0	0	0
0	0	0
0	-1	0
0	0	0.333
0	0	0
0.2	0	0
0	0	-1
1	1	0
0.571	0.333	0.238
0.3	0	0
0.238	0	0.1
0	0.6	0
0	0	0
0.333	0	0.667
0.333	0	0.4
0	0	0
0	1	0
0	0.214	0.238
0.333	0.333	0.571
0	0	0
0	0	0.3
0.311	0.464	0.333
0.1	0.238	1
0	0	0
0	0	0.333
0	0	0
0	0	0
0	0	0
0	0	0
0	0	0
0	0	0
0.5	0	0
0	0	0
0	0	0.2
0	0	0
0	0	0
0	0	0
0	0	0
0	0	0
0	0	0
0	0.5	0.214
0	0	0
0	0.4	0
0	0	0
0	0	0
0	0	0
0	0	0
0	0	0
0	0	0.5
0.6	0.2	0
0	0.2	0
0	0	0
0	0	0
0	0	0
0.4	0.333	0
0	0	0
0	0	0
0	0	0
0	0	0
0	0	0
0	0	0
0	0	1
1	0.1	0
0	0	0
0	0	0
0	0	0
0	0	0
0	0	0
0.333	0	0
0	0	0
1	0	0
0	0	0
0	0	0
0	0	0
0	0	0
0	0	0
0	0	0
0	0	0
0	0	0
0	0	0
0	0	0
0	0	0
0	0	0
0	0	0
0	0	0
0	0	0
0	0	0
0	0	0
0	0	0
0	0	0
0	0	0
0	0	0
0	0	0
0	0	0
0	0	0
0	0	0
0	0	0
0	0	0
0	0	0
0	0	0
0	0	0
0	0	0
0	0	0
0	0	0
0	0	0
0	0	0
0	0	0
0	0	0
0	0	0
0	0	0
0	0	0
0	0	0
0	0	0
0	0	0
0	0	0
0	0	0
0	0	0
0	0	0
0	0	0
0	0	0
0	0	0
0	0	0
0	0	0
0	0	0
0	0	0
0	0	0
0	0	0
0	0	0
0	0	0
0	0	0
0	0	0
0	0	0
0	0	0
0	0	0
0	0	0
0	0	0
0	0	0
0	0	0
0	0	0
0	0	0
0	0	0
0	0	0
0	0	0
0	0	0
0	0	0
0	0	0
0	0	0
0	0	0
0	0	0
0	0	0
0	0	0
0	0	0
0	0	0
0	0	0
0	0	0
0	0	0
0	0	0
0	0	0
0	0	0
0	0	0
0	0	0
0	0	0
0	0	0
0	0	0
0	0	0
0	0	0
0	0	0
0	0	0
0	0	0
0	0	0
0	0	0
0	0	0
0	0	0
0	0	0
0	0	0
0	0	0
0	0	0
0	0	0
0	0.333	0.167
0	0	0
0	0	0
0	0	0
0	0	0
1	0.5	0.667
0	0	0
0	0	0
0	0	0
0	0	0
0	0	0
0	0	0
0	0	0
0	0	0
0	0	0
0	0	1
0	0	0
0	0	0
0	0	1
0	0	0
0	0	0
0	0	0
0	0	0
1	0	0
0	0	0
0	0	0
0	0	0
0	0	0
0	0	0
0	0	0
0	0	0
0	0	0
0	0	0
0	0	0
0	0	0
0	0	0
0	0	0
0.667	0	0
0	0	0
0	0	0
0	0	0
0	0	0
0	0	0
0	0	0
0	0	0
0	0	0
0	0	0
0	0	0
0	0	0
0	0	0
0	0	0
0	0	0
0	0	0
0	0	0
0	0	0
0	0	0
0	0	0
0	0	1
0	0	0
0	0	0
0	0	0
0	0	0
0	0	0
0	1	0
0	0	0
0	0	0
0	0	0
0	0	0
0	0	0
0	0	0
0	0	0
0	0	0
0	0	0
0	0	1
0	0	0
0	0	0
0	0	0
0	0	0
0	0	0
0	0	0
0	0	0
0	0	0
0	0	0
0	0	0
0	0	0
0	0	0
0	0	0
0	0	0
0	0	0
0	0	0
0	0	0
0	0	0
0	0	0
0	0	0
0	0	0
0	0	0
0	0	0
0	0	0
0	0	0
0	0	0
0	0	0
0	0	0
0	0	0
0	0.667	0
0	0	0
0	0	0
0	0	0
0	0	0
0	0	0
0	0	0
0	0	0
0	0	0
0	0	0
0	0	0
0	0	0
0	0	0
0	0	0
0	0	0
0	0	0
0	0	0
0	0.667	0
0	0	0
0	0	0
0	0	0
0	0	0
0.333	0	0
0.333	0	0.133
0	0	0
0	0	0
0	0	0
0	0	0
0	0	0
0	0	0
0	0	0
0.667	0	0.167
0	0	0
0	0	0
0	0	0
0	0	0
0	0	0
0	0	0
0	0	0
0	0	0
0	0	0
0	0	0
0	0	0
0	0	0
0	0	0
0	0	0
0	0	0
0	0	0
0	0	0
0	0	0
0	0	0
0	0	0
0	0	0
0	0	0
0	0	0
0	0	0
0	0	0
0	0	0
0	0	0
0	0	0
0	0	0
0	0	0
0	0	0
0	0	0
0	0	0
0	0	0
0	0	0
0	0	0
0	0	0
0	0	0
0	0	0
0	0	0
1	0	0
0	0	0
0	0	0
0	0	0
0	0	0
0	0	0
0	0	0
0	0	0
0	0	0
0	0	0
0	0	0
0	0	0
0	0	0
0	0	0
0	0	0
0	0	0
0	0	0.333
0	0	0
0	0	0
0	0	0
0	0	0
0	0	0
0	0	0
0	0	0
0	0	0
0	0	0
0	0	0
0	-1	0
0	0	0
0	0	0
0	0	0
0	0	0
0	0	0
0	0	0
0	0	0
0	0	0
0	0	0
0	0	0
0	0	0
0	0	0
0	0	0
0	0	0
0	0	0
0	0	0
0	0	0
0	0	0
0	0	0
0	0	0
0	0	0
0	0	0
0	0	0
0	0	0
0	0	0
0	0	0
0	0	0
0	0	0
0	0	0
0	0	0
0	0	0
0	0	0
0	0	0
0	0	0
0	0	0
0	0	0
0	0	0
0	0	0
0	0	0
0	0	0
0	0	0
0	0	0
0	0	0
0	0	0
0	0	0
0	0	0
0	0	0
0	0	0
0	0	0
0	0	0
0	0	0
0	0	0
0	0	0.333
0	0	0
0	0	0
0	0	0
0	0	0
0	0	0
0	0	0
0	0	0
0	0	0
0	1	0
0	0	0
0	0	0
0	0	0
0	0	0
0	0	0
0	0	0
0	0	0
0	1	0
0	0	0
0	0	0
0	0	0
0	0	0
0	0	0
0	0	0
0	0	0
0	0	0
0	0	0
0	0	0
0	0	0
0	0	1
0	0	0
0	0	0
0	0	0
1	0	0
0	0	0
0	0	0
0	0	0
0	0	0
0	0	0
0	0	0
0	0	0
0	0	0
0	0	0
0	0	0
0	0	0
0	0	0
0	0	0
0	0	0
0	0	0
0	0	0
0	0	0
0	0	0
0	0	0
0	0	0
0	0	0
0	0	0
0	0	0
0	0	0
0	0	0
0	0	0
0	0	0
0	0	0
0	0	-1
0	0	0
0	0	0
0	0	0
0	0	0
0	0	0
0	0	0
0	0	0
0	0	0
0	0	0
0	0	0
0	0	0
0	0	0
0	0	0
0	0	0
0	0	0
0	0	0
0	0	0
0	0	0
0	0	0
0	0	0
0	0	0
0	0	0
0	0	0
0	0	0
0	0	0
0	0	0
0	0	0
0	0	0
0	0	0
0	0	0
0	0	0
0	0	0
0	0	0
0	0	0
0	0	0
0	0	0
0	0	0
0	0	0
0.133	0.333	0.19
0	0	0
0	0	0
0	0	0
0	0	0
0	0	0
0	0	0
0	0.167	0
0	0	0
0	0	0
0	0	0
0	0	0
0	0	0
0	0	0
0	0	0
0	0	0
0	0	0
0	0	0
0	0	0
0	0	0
0	0	0
0	0	0
0	0	0
0	0	0
0	0	0
0	0	0
0	0	0
0	0	0
0	0	0
0	0.167	0
0	0	0
0	0	0
0	0	0
0	0	0
0	0	0
0	0	0
0	0	0
0	0	0
0.19	0.133	0
0	0	0
0	0	0
0	0	0
0	0	0
0	0	0
0	0	0
0	0	0
0	0	0
0	0	0
0	0	0
0	0	0
0	0	0
0	0.333	0.333
0	0	0
0	0	0
0	0	0
0	0	0
0	0	0
0	0	0
0	0	0
0	0	0
0	0	0
0	0	0
0	0	0
0	0	0
0	0	0
0	0	0
0	0	0
0	0	0
0	0	0
0	0	0
0	0	0.667
0	0	0
0	0	0
0	0	0
0	0	0
0	0	0
0	0	0
0	0	0
0	0	0
0	0	0
0	0	1
0	0	0
0	0	0
0	0	0
0	0	0
0	0	0
0	0	0
0	0	0
0	0	0
0	0	0
0	0	0
0	0	0
0	0	0
0	0	0
0	0	0
0	0	0
0	0	0
0	0	0
0	0	0
0	0	0
0	0	0
0	0	0
0	0	0
0	0	0
0	0	0
0	1	0
0	0	0
0	0	0
0	0	0
0	0	0
0	0	0
0	0	0
0	0	0
0	0	0
0	0	0
0	0	0
0	0	0
0.167	0	0
0	0	0
0	0	0
0	0	0
0	0	0
0	0	0
0	0	0
0	0	0
0	0	0
0.667	0.167	0
0	0	0
0	0	0
0	0	0
1	0	0
0	0	0
0	0	0
0	0	0
0	0	0
0	0	0
0	0	0
0	0	0
0	0	0
0	0	0.333
0	0	0
0	0	0
0	0	0
0	0	0
0	0	0
0	0	0
0	0	0
0	0	0.667
0	0	0
0	0	0
0	0	0
0	0	0
0	0	0
0	0	0
0	0	0
0	0	0
0	0	0
0	0.333	0
0	0	0
1	0	0
0	0	0
0	0	0
0	0	0
0	0	0
0	0	0
0	0	0
0	0	0
0	0	0
0	0	0
0	0	0
0	0	0
0	0	0
0	0.333	0
0	0	0
0	0	0
0	0	0
0	0	0
0	0	0.333
0	0	0
0	0	0
0	0	0
0	0	0
0	0	0
0	0	0
0	0	0
0	0	0
0	0	0
0	0	0
0	0	0
0	0	0
0	0	0
0	0	0
0	1	0
0	0	0
0	0	0
0	0	0
0	0	0
0	0	0
0	0	0
0	0	0
0	0	0
0	0	0
0	0	0
0	0	0
0	0	0
0	0	0
0	0	0
0	0.19	0
0	0	0
0	0	0
0	0	0
0	0	0
0	0	0
0	0	0.167
0	0	0
0	0	0
0	0	0
0	0	0
0	0	0
0	0	0
0	0	0
0	0	0
0	0	0
0	0	0
0	0	0
0	0	0
0	0	0
0	0	0
0	0	0
0	0	0
0	0	0
0	0	0.5
0	0	0
0	0	0
0	0	0
0	0	0
0.167	0.667	0.667
0	0	0
0	0	0
0	0	0
0	0	0
0	0	0
0	0	0
0	0	0
0	0	0
0	0	0
0	1	0
0	0	0
0	0	0
0	0	0
0	0	0
0	0	0
0	0	0
0	0	0
0	0	0
0	0	0
0	0	0
0	1	1
0	0	0
0	0	0
0	0	0
0	0	0
0	0	0
0.333	0	0
0	0	1
0	0	0
0	0	0
0	0	0
0	0	0
0	0	0
0	0	0
0	0	0
0	0	0
0	0	0
0	0	0
0	0	0
0	0	0
0	0	0
0	0	0
0	0	0
0	0	0
0	0	0
0	0	0
0	0	0
0	0	0
0	0	0
0	0	0
0	0	0
0	0	0
0	0	0
0	0	0
0	0	0
0	0	0
0	0	0
0	0	0
0	0	0
0	0	0
0	0	0
0	0	0
0	0	0
0	0	0
0	0	0
0	0	0
0	0	0
0	0	0
0	0	0
0	0	0
0.333	0	0
0	0	0
0	0	0
0	0	0
0	0	0
0	0	0
0.167	0	0
0	0	0
0	0	0
1	0	0
0	0	0
0	0	0
0	0	0
0.643	0.455	0.667
0	0	0
0	0	0
0.667	0	0.19
0	0	0
0	0	0
0	0	0
0	0	0
0	0	0
0	0	0
0	0	0
0.444	0.667	0.667
0	0	0
0	0	0
0	0	0
0	0	0
0	0	0
0	0	0
0	0	0
0	0	0
0	0	0
1	0	0
0	0	0
0	0	0
0	0	0
0	0	0
0	0	0
0	0	0
0	0	0
0	0	0
0	0	0
0	0	0
0	0	0
0	0	0
0	0	0
0	0	0
0	0	0
0	0	0
0	0	0
0	0	0
0	0.667	0.3
0	0	0
0	0	0
0	0	0
0.429	0.333	0.667
0	0.667	0
0.455	0.5	0.643
0	0	0
0	0.333	0.333
0.714	0.571	0.667
0.167	0.3	0.1
1	0	0
0	0	0
0	0	0
0	0	0
0	0	0
0	0	0
0	0	0
0	0	0
0	0	0
0	0	0
0	0	0
0	0	0
0	0	0
0	0	0
0.333	0	0.333
0	0	0
0	0	0
0	0	0
0.333	0.333	0.333
0	0	0
0	0	0
0	0	0
0	0	0
0.167	0.333	0.2
0	0	0
0	0	0
0.514	0.619	0.429
0	0	0
0	0	0
0.3	0.133	0.167
0	0	0
0	0	0
0	1	0
0	0	0
0	0	0
0	0	0
0	0	0
0	0	0
0	0	0
0.673	0.667	0
0	0	0
0	0	0
0	0	0
0	0	0
0	0	0
0	0	-1
0	0	0
0	0	0
0	0	0
0	0	0
0.667	0	0
0	0	0
0	0	0
0	0	0
0	0	0
0.5	0	0
0	0	0
0	0	0
0	0	0
0	0	0
0.487	0.593	0.5
0	0	0
0	0	0
0	0	0
0	0	0
0.333	0	0
0	0	0
0	0	0
0	0	1
0	0	0
0	0	0
0	0.333	1
0	0	0
0	0	0
0.333	0.2	1
0.667	0	0.444
0.2	0.3	0.133
0	0.3	0
0	0	0
0	0	0
0	0	0
0	0	0
0.333	0	0
0	0	0
0	0	0
0	0	0
0	0	0
0.429	0.514	0.419
0	0	0
0	0	0
0	0	0.179
0	0	0.333
0.709	0.689	0.673
0	0	0
0	0	0
0	0	0
0	0	0
0	0	0
0	0	0
0	0	0
0	0	0
0	0	0.333
0	0	0
0.619	0.508	0.514
0.236	0.179	0.3
1	0.667	0
0	0	0
0	0.5	0
0	0	0
0	0	0
0	0	0
0	0	0
0	0	0
0	0	0
0	0	0
0	0	0
0	0	0
0	0	0
0	0	0
0.333	0	0
0	0	0
0.179	0.429	0.236
0	0	0
0	0	0
0	0	0
0.333	0.2	0.429
0	0	0
0	0	0
0	0	0
0.667	0.714	0.673
0	0	0
0	0	0
0	0	0
0.571	0.582	0.714
0	0	0
0	0	0.333
0.2	0.167	0.333
0	0	0
0	0	0
0	0	0
0	0	0
0	0	0
0	0	0
0	0	0
0.673	0.709	0.593
0	0	0
0.3	0	0
0.5	0.487	0.455
0	0	0
0	0	0
0	0	0
0	0	0
0	0	0
0	0.333	0
0	0	0
0	0	0
0.333	0.333	0.167
0	0	0
0	1	0
0	0	0
0	0	0
0	0	0
0	0	0
0	0	0
0	0	0
0.689	0.636	0.709
0	0	0
0	0	0
0	0	0
0.143	0	0
0	0	0
0	0	0
0	0	0
0	0	0
0	-1	0
0	0	0
0	0	0
0	0	0
0	0.5	0.357
0	0	0
0	0	0
0	0	0
0.3	0.236	0.3
0	0	0
0.429	0.667	0.179
0	0	0
0	0	0
0	0	0
0.508	0.7	0.619
0.2	0.333	0.333
0	0	0
0	0	0
0.667	0.444	0.308
1	0	0.333
0	0	0
0	0	0
0	0	0
0	0	0
0	0	0
0.333	0	0
0	0	0
0.667	0.643	0.582
0.5	0	0.667
0	0	0
0	0	0
0	0	0
0	0	0
0	0	0
0.333	0	0
0	0	0
0.667	0	0
0	0	0
0	0	0
0	0	0
0	0	0
0	0	0
0	0	0
0.333	0.333	0
0	0	0
0	0	0
0	0.333	0
0	0	0
0	0.143	0.5
0	0	0
0	0.333	0
0	0	0
0.133	0.2	0.3
0	0	0
0	0	0
0	0	0
0	0	0
0	0	0
0	0	0
0	0	0
0	0	0
0	0	0
0	0.1	0
0.308	0.667	0.491
0	0	0
0	0	0
0	0	0
0	0	0
0	0	0
0	0	0
0	0	0
0	0	0
0	0	0
0	0	0
0	0	0
0	0	0
0	0	0
0.333	1	0
0	0	0
0	0	0
0.593	0.673	0.487
0	0	0
0	0	0.667
0.582	0.667	0.571
0	0	0
0	0	0
0	0.333	0
0	0	0
0.333	0.167	0.2
0	0	0
0	0	0
0	0	0
0	0	0
0	0	0
0.667	0.5	1
0	0	0
0	0	0
0	0	0
0	0	0
0	0.333	0
0.491	0.308	0.7
0	0	0
0.471	0.419	0.636
0	0	0
0	0	0
0	0	0
0	0	0
0	0	0
0	0	0
0	0	0
0	0	0
0	0	0.667
0	0	0
0	0	0
0	0	0
0	0	0
0	0	0
0	0	0
0	0.3	0
0	1	0
0	0	0
0.357	0	0
0.179	0	0
0	0	0
0	0	0.333
0	0	0
0	0	0
0.333	0	0.333
0	0	0
0.1	0.167	0.1
0	0	0
0.667	0.667	0.429
0	0	0
0.5	0.19	0
0	0	0
0.667	0	0
0	0	0
0	0.333	0
0	0	0
0	0	0.333
0	0	0
0	0	0
0	0.673	0
0	0	0
0	0	0
0	0	0
0	0	0
1	0.333	0
0	0	0
0	0	0
0.3	0	0
0	0	0
0	0	0
0	0.179	0.143
0	0	0
0.7	0.491	0.508
0.333	0	0.167
0	0	0
0.636	0.471	0.689
0	0	0
0	1	0.333
0	0	0
0	0	0
0	0	0
0	0	0
0	0	0
0	0	0
0	0	0
0	0	0
0	0	0
0	0	0
0	0	0
0	0.357	0.5
0	0	0
0	0	0
0.419	0.429	0.471
0	0	0.667
0	0	0
0	0	0
0	0	0
0	0	0
0	0	0
0.19	0.667	0.5
0	0	0
0.167	0.333	0.333
0.667	0.429	0.667
0	0	0.333
0	0	0.3
0.3	0.3	0.2
0	0	0
0	0	0
0	0	0
0	0	0
0.1	0.1	0
0	0	0
0	0	0.667
0	0	0
0	0	0
0	0	0
0	0	0
0	0	0
0	0	0
0	0	0
0	0.667	0.667
0	0	0.333
0	0	0
0	0	0
0	0	0
0	0	0
0	0	0
0	0	0
0	0	0
0	0	0
0	0	0
0.333	0.25	0
0	0	0
0	0	0
0	0.533	0
0	0	0
0	0.19	0.333
0.6	0.4	0.5
0.333	0	0.667
0	0	0
0	0	0
0.4	0.5	0.267
0	0	0
0.667	0.6	0.533
0	0	0
0	0	0
0	0	0.214
0.833	0	0
0	0	0
1	0	0.381
0	0	0
0.6	0	0.5
0	0	0
0	0	0
0	0	0
0	0	0
0.214	0	0.19
0	0.5	0
0	0.167	0
0	0	0
0	0	1
0	0.278	0
0.667	0.333	0.6
0	0	0
0	0	0
0	0	0
0.667	0.222	0.667
0	0	0
0	0	0
0	0	0
0	0	0
0.267	0.4	0.25
0	0	0
0.6	0.667	0
0	0	0
0.533	0.333	0
0	0.393	1
1	0.333	0.393
0	0	0
0.667	0.286	0.6
0	0	0
0	0	0
0	0.6	0
0	0.333	0
0	0	0
0	0	0
0	0	0
0	0	0
0	0	0
0.19	0.214	0
0	1	0
0	0	0
0.5	0.6	0.5
0.167	0	0
0	0	0
0	0	0
0	0.381	0
0	0	0
0	1	0
0	0	0
0	0	0
0	0	0
0	0	0
0.5	0.667	0.4
0	0	0
0	0	0
0	0.333	0.333
0	0	0
0.286	0.5	0.667
0	0	0
1	0	0
0	0	1
0.381	1	0
0	0	0
0	0	0.333
0	0	0
0	0	0
0	0	0
0	0	0
0	0	0
0	0	0
0	0	0
0	0	0
0.4	1	0
0	0	0
0	0	0
0	0	0
0.667	0.5	0.5
0	0	0.291
0.333	0.333	1
0	0	0
0	0	0.333
0	0	0
0.333	0.25	0
0	0	0
0	0.4	1
0	0	0.333
0	0	0
0	0	0
0	0	0.222
0	0	0
0	0	0
0	0.5	0
0	0	0
0	0	0
0.167	0.667	0
0	0	0
0	0	0
0.5	0	0
0.5	0	0
0	0	0
0	0	0
0.6	0.667	0.6
0	0	0
0	0	0
0	0	0
0	0.167	0
1	0	0.222
0	0	0
0	0	0.306
0	0	0
0	0	0.476
0.6	0.6	0
0	0	0
0	0	0
0	0	0
0	0	0.5
0	0	0
0	0	0
1	0	0
0	0	0
0	1	0.833
0	0	0
0	0	0
0	-1	0
0	0	0
0	0.333	0
0	0	0
0	0	0
0	0	0
0	0	0.6
0	0	0.4
0	0	0
0.667	0	0.167
0	0.333	1
0	0.333	0
0	0.476	0
0	1	0
0	0	0
0.25	0.267	0.333
0	0	0
0.278	0	0
0.306	0	0.25
0	0	0
0.222	0	0
0.333	0	0.333
0	0	0
0	0	0
0	0.291	0.5
1	0	0
0	0	0
0.393	1	0
0	0	0
0	0	0
0	0	0
0	0	0
0	0	0
0	0	0
0	1	0.167
0	0	0
0	0	0
0.291	0	0
0	0	0
0.4	0	0.6
0	0	0
0	0	0.667
0.333	0	0
0	0	0
0	0	0
0.25	0.306	0.333
0	0	0
0	0	0
0	0	0
0.5	0.5	0.286
0	0	0
0	0	1
0	0	0
0	0.222	0
0	0	0
0.476	0	0
0.333	0	0
0	0	0
0.333	0	0
0.5	0.6	0.667
0	0	0
1	0	0
0	0	0.278
0	0	0
0	0	0
0.7	0.178	0.4
0	0	0
0	0	0
0	0	0
0	0	0
0	0	0
0.333	0	0
0	0	0
0.267	0	0.167
0	0	0
0	0	0
0.167	0.333	0.333
0.333	0	0.167
0	0	0
0	0	0
0	0	0
0	0	0
0	0	0
0	0	0
0	0	0
0.667	1	0.2
0.4	0.7	0.381
0.333	0	0.167
0	0	0.2
0	0	0
0	0	0
0	0.333	0
0	0	0
0	0.5	1
0	0	0
0	0	0
0	0	0
0	0	0
0	0	0
1	0	0
1	0	0.667
0.167	0.267	0.333
0	0	0
0	0	0
0.429	0	0.5
0	0	1
0.333	1	0.143
0.667	0	0
0	0	0
0.333	0.167	0
1	0.667	0
0	0.3	0
0	0	0
0.667	0	0
0	0	0
0.381	0.4	0
0.107	0	0
0	0.107	0
0	0	0
0	0	0
0	1	0
0	0	0
0.5	0	0
0.3	0	0
0	0	0
0	0	0
0.143	0.333	0.333
0.333	0.167	0.19
0	0	0
0	0	0
0	0.381	0.357
0	0	0
0	1	0
0	0	0
0	0	0.167
0	0	0
0	0	0
0	0.333	0.667
0	0.667	0.333
0	0	0
0	0	0
0	0	0
0	0	0
0	0	0
0	0.2	0
0	0	0
0	0.167	0.667
0	0	0
0	0	0
0.167	0	0
0	0	0.107
0	0.2	0.267
0	0	0
0	0	0
0	0.19	0
0	0	0
0	0	0
0	0	0
0	0	0
0	0	0
0.167	0.167	1
0	0	0
0	0	0.167
0	0.167	0.333
0	0	1
0	0.1	0
0	0	0
0.357	0	0
0	0	0
0	0	0
0	1	0.19
0	0	0
0	0	0
0	0	0
0	0	0
0	0	0
0	0	0.3
0	0	0
0.667	0	1
0	0	0
0	0	0
0.333	0	0
1	0	0
0	0	1
0	0	0
1	0	0
0	0	0
0	0	0
0	0	0
0	0	0
0	0	0
0.2	0	0
0	0	0
0	0	0
1	0.167	0.333
0	0	0
0.2	0.667	0
0	0	0
0	0	0
0	0	0
0	0	0
0	0	0.333
0	0	0
0	0	0
0	0	0
0	0	0
0.5	0.429	0.178
0.178	0.5	0.7
0	0.357	0
0	0	0
0	0	0
0	0	0
0	-1	0
0	0	0
0	1	0
0	0	0
0.19	0.333	0
0	0	0
0	0.167	0
0	0	0
0.5	0.19	0
0	0	0
0	0	0
0	0	0
0	0	0
0	0	0.429
0	0	0
0	0	0.1
0	0	0
0	0	0
0	0	0
0	0	0
0	0.333	0
0	0	0
0	0	0
0.167	0	0
0	0	0
0	0	0
0	0	0
0	0	-1
0.1	0	0
0	0	0
0	0	0
0	0	0
0	0	0
0	0	0
0	0	0
0.167	0.333	0
0.19	0	0.5
0	0	0
0	0	0
0	0	0.667
0	0.333	1
0	0	0
0	0	0
0.167	0	0.167
0	0	0
0.2	0.8	0.183
0	0	0
0	0	0
0	0.7	0
0	0	1
0.2	0	0.667
1	0.333	0.429
0	0	0
0	0.833	0.333
0	0.364	0.833
0.3	0	0
1	0	0.133
0	0	0
0	0	0
0	0.238	0.238
0.238	0	0.048
0.333	0	0
0.2	0.267	0.2
0	1	0.2
0	0	0
0	0	0
0	0	0
0	0	0
0	0.333	0
0.139	0	0.333
0.429	1	0.8
0	0	0
0.25	0.833	0.7
0.238	0.267	0.267
0	0.3	0.2
0	0	0
0	0	0
0	0	0
0	0	0
0	0.333	0
0.2	0.2	0.333
0.167	0.133	0
0	0	0.333
0	0.667	0
0	0	0.139
0.7	0.25	0
0	0	0
0	0	0
0.833	0	0.25
0.2	0	0
0.2	0	0
0.179	0.267	0.267
0.833	0	0
0.333	0	0
0	0	0
0	0.5	0.833
0	0	0
0.333	0.2	0
0.267	0.238	0.2
0	0	0.2
0	0	0
0	0	0
0	0	0
0	0.2	1
0	0.333	0
0	0	1
0	0	0
0	0	0
0.3	0	0
0	0	0
0	0	0
0.267	0.179	0.238
0	0	-1
0	0	0
0	0	0.5
0	0	0
1	0	0
0	0	0
0	0	0.3
0	0	0
0	0	0
0	0	0.5
0	0	0
0	0	0
0.667	0.2	0
0	0	0
0	0	0
0	0	0
0.333	0	1
0	0	0
0.133	1	0.167
0	0	0
0.333	0	0
1	0	0
0.5	0	0
0	0	1
0	0	0
0.183	0.2	0
0	0	0
0	0	0
0.048	0.238	0.267
0	0.333	0
0	0	0
0.5	0	0
0	0	0
0	0.5	0
0.267	0.048	0.179
0	0	0
0	0	0
0	-1	0
1	0	0.364
0	0	0.333
0	0.183	0.333
0	0	0.3
0	0	0
0	0	0
0	0	0
0	0.167	0
0	0	0
0	0	0
0	0	0
0	0	0
0	0	0
0	0	0
0	0	0
0	0	0
0	0	0
0	0	0
0.333	0.139	0
0.364	1	0
0.8	0.429	0.2
0	0.333	0
0	0	0
0	0	0
0	0.2	0.238
0	0	0
0	0	0
0	0	0
0	0	0
0	0	0
0	0	0
0	0	0
0	0	0
0	0.464	0
0	0	0.152
0	0	0
0	0	0
0	0	0
0	1	0
0.472	0	0.333
0.429	0	0
0.333	0.667	0.5
0	0	0
0.2	0	0.333
0	0	0
0.229	0.311	0.167
0	0	0
0.5	0.333	0.333
0	0	0
0.2	0	0.167
0	1	0
0	0	0
0	0	0
0.4	0	0.133
0	0.5	0
0.833	1	0
0.179	0	0
0	0	0
0	0	0
0	0	0.4
0	0	1
0	0	0
0.333	0.2	0
0	0	0
0	0	0
0	0	0
0	0	-1
0.333	0.472	0
0	0	0
0	0	0
0	0	0
0	0	0
0.167	0.229	0.233
0	0	0
0	0	0
0	1	0
0	0	0
0	0.833	0
0	0	0
0	0	0
0	1	0.667
0.4	0	0
0	0	0
0	0.5	0
0	0.133	0.321
0.333	0.5	0
0	0.152	0
0.133	0.4	0
0	0.381	0
0.233	0.167	0.393
0	0	0
0	0	0
0.333	0.231	0.311
0	0	0
0	0	0
0	0	0
0	0	0
0	0	0
0	0.667	0
0	0	0
0	0	0
0	0	0
0	0.286	0
0	0	0
0	0	0
0	0	0
0	0	0.381
0	0	0.429
0	0	0
0	0.333	0.2
0	0	0
0	0	0.2
1	0	0
1	0	0
0	0	0
0	0	0
0	0.5	0.472
0	0.179	0
0.381	0	0.4
0	0	0
0	0	0
0	0	0
0.571	0	0.5
1	0	0
0	0.333	0.333
0.5	0	0
0	0	1
0.667	0	0
0	0	0
0	0	0
0	0	0
0	0	0
0	1	0.4
0	0	0
0	0	0
1	0	0.833
0.464	0	0
0	0	0
1	0	0
0	0.321	0.179
0	0	0
0.667	0	0.333
0	0	0
0	0	1
0	0	0
0	0	0
0	0	0
0.278	0.333	0
0	0	0
0.5	0.333	0
0.333	0.167	0.278
0	0	1
0.333	0	0.5
0	0.667	0
0	0	0
0	0	0
0	0	0
0	0	0
0	0	0
0	0	0
0.333	0.393	0.258
1	0	0
0	0	0
0	0	0
0.4	0.381	0
0.19	0	0
0	0	0
0	0	0.2
0	0	0
0	1	0
0	0	0
0.2	0	0.231
0.286	0	0
0	0	0
0	0.4	0
0	0	0
0	0	0
0	0	1
0	0.278	0.181
0	0	0
0	0	0
0	0	0
0	0	0
0	0	0
0	0	0
0	0	1
0	1	0
0	0.429	0
0	0	0
0.231	0.2	0.333
0.167	0.2	0.333
0	0	0
0	0	0
0	-1	0
0	1	0.667
0.333	0	0
0	0	0
0	0	0
0.667	0.258	0.333
0	0	1
0	0	0
0	0.4	0
0	0	0
0	0	0
0	0	0
0	0	0.19
0	0	0
0	0.4	0.667
0	0	0
0	0.333	0
0	0	0
0.181	0	0
1	0	0
0	0	0
0	0	0
0.5	0.571	0
0	0	0
0.393	0.233	0.333
0	0	0.5
0	0	0
0	0	0
0	0	0
0	0	0
0.667	0	0.381
0.333	0.667	0
0	0	1
0	0	0
0	0	1
0	0	0
0	0	0
0	0	0
0	0	0.286
0	0	0
0	0	0
0	0	0
0	0.333	0
0	0	0
0	0.333	0
0	0	0
0	0	0
0	0	0
0	0	0
0	0	0
0	0	0
0	0	0
0	0	0
0	0	0
0	0	0.464
0	0	0.667
0	0	0.571
0.321	0	0
0	0	0
0.311	0.333	0.229
0.152	0	0
0	0	0
0	0	0
0	0	0
0.381	0.667	0
1	0	0
0	0	0
0.258	0.333	0.667
0	0	0
0	0	0
0	0	0
0	0.181	0
0	0	0
0	0	0
0	0	0
0	0	0
0.667	0	0
0	0	0.4
0	0	0
0	0.19	0
0	0	1
0	0	0
0	0	0
1	0	0
0	0	0
0	0	0
0.4	0	0
0	0	0.333
0	0	0
0	0	0
0	0	0
0	0	0
0	0	0
0.333	0.667	0
0.533	0.667	0.5
0.364	0.5	0.536
0	0	0
0	0	0
0	1	0.214
0	0	0
0	0	0
0.333	0	0
0	0	0
0	0	0
0	0	0
0.667	0	0.533
0	0.3	0
1	0	0
0	0.333	0
0	0.333	0
0	0	0
0	0	0
0	0	0
0	0	0.333
1	0.6	1
0	0	0
0	0	0
1	0	0
0	0	0
0	0	0
0	0	0
0	0.6	0
0	0	0.333
0.5	0	0
0	0	0
0	0	-1
0	0	0
0	0.5	0
1	1	0
0.667	0	0
0.423	0.667	0.607
0	0	0
0	0	0
0	0	0
0.6	0	0
0.5	0.533	0.364
0	0	0
0	0	0.429
0.214	0	0
0	0	0
0	0	0
0	0.667	0
0	0	0
0	0	0
0.306	0	0
1	0	0
0.6	0	1
0	1	0
0	0	0
0.381	0.571	0.364
0.424	0.5	0.571
0	0	0.5
0	-1	0
0	0.333	0.3
0.5	0	0.333
0	0	0
0.667	0.362	0.423
0	0	0
0.362	0	0.667
0	0	0
0	0	0
0	0	0.6
0	0	0
0.429	0	0
0	0	0
0.364	0.381	0.4
0	1	0
0.3	0	0
0	1	0
0	0	0
0	0	0
0.524	0	0
0	0.429	0
0.667	0.333	0.333
0	0	0
0	0.214	1
0	0	0
0.5	0	0
0	0	0
0.3	0	0
0	0	0
0.4	0.364	0.333
0	0	0
0.333	0	0
0	0	0.5
0	0	0
0	0	0
0	0	0
0	0	0
0	0	1
0.333	0	0
0	0	0
0	0	0.333
0	0	0
0	0	0
0	0	0
0.333	0.4	0.667
0	0	0
0	0	0
0	0	0
0.167	0.357	1
0	0	0
0	0	0
0.6	0	0
0	0	0
0	1	0.533
0	0	0
0	0	0
0	0	0
0	0	0
0	0	0
0	0	0
0.306	0	0
0	-1	0
0	0.536	0
0	0	0
0	0	0
1	0.167	0
0	0.4	0
0.167	0	0
0	0	0
0	0	0
0	0	0
0	0	0
0	0.4	0
0	0.6	0
0	0.167	0
0	0	0
0	1	0
0	0	0
0	0.167	0.291
0	0	0
0	0	0
0	0	0.267
0	0.667	0
1	0.4	0.667
0	0	0
0	0	0
0	0.3	0
0	0	0
0	0	0
0	0	0
0	0	0.289
0	0	0
0	0	0
0	0	0
0	0	0
0	0	0
0.4	0	0
0	0	0
0	0	0
0.4	0.533	0
0	0	0.667
0	0	0
0	0	0.5
0	0	0
0	0	0.333
0	0	0
0	0.289	0
0	0	0
0	0	0
0	0	0
0	0	0
0	0	0
0	0.333	0.164
0.3	0.667	0
0	0	1
0	0	0.536
0	0.4	0
0	0	0
0	0	0
0.306	0	0
0	0	0
0	0	0
0	0	0
0	0	0
0	0	0
0.267	0	0
0	0	0.667
0	0	0
0	0	0
0	0	0
0	0	0.167
0.333	0	0
0	0.306	0
0	0	0
0.333	0.4	1
0	0	0
0	0	0
0	0	0
0	0.6	0
0	0	0.4
0.4	0.667	1
0	1	0
0	0	0
0	0	0.286
0	0	0
0.667	0	0
0	0.333	0
0	0	0
0	0	0
1	0.333	0
0.667	0.333	0.4
0	0	0
0.333	0	0.667
0	0	0.6
0	0	0
0	0	0
0	0	0
0	0	0
0.222	0.571	0.476
0	0	0
0	0	0
0	0	0
0	0.667	0
0	0	0
0	0	-1
0	0	0
0	0	0
0.164	0	0
0.167	0	0
0.4	0	0.333
0	0	0
0	0	0
0	0	0
0	0	0
0	0	0
0	0	0
0	0	0
0	0	0
0	0	0
0.533	0	0.4
0	0	0
0.667	1	0.3
0.667	0	0
0	0.5	0
0	0	0.306
0	0	1
0	0	0.167
0	0	0
0.291	0	0
0	0	0
0.258	0	0
0	0	0
0	0	0
0	0	0.6
0	0	0
0	0	0
0	0	0
0	0.164	0.333
0	0	0
0	0	0
0	0	0.571
0	0	0
0	0	0
0	0	0.4
1	0	0
0.5	0	0
0	0	0
0	0.267	0
0	0	0.357
0	0	0
0	0	0
0	0	0
0.357	0	0.167
0	0	0
0	0	0
0	0	0
0	1	0
0	0	0
0.333	0	0
0.333	0.3	1
0	0	0
0	0	0
0	0	0
0	0	0
0	0	0
0	0	0
0.333	0	0
0.071	0.2	0.333
0	1	0.333
0	0	0
1	0	0
0.267	0.167	0.333
0	0	0
0	0	0
0	0	0
0	0	0
0.2	1	0.071
0	0.333	0
0	0	0
0.3	0	0.667
1	0.5	0.2
0	0.127	0
0	0	0
0	0	0
0.167	1	0.267
0	0	1
0	0	0
0	0	0
0	0	0
0	0	-1
0.5	0.333	1
0	0	0.5
0	0	0
0	-1	0
0.333	0.267	0
0	0	0
0	0.333	0.333
0	0	0
0	0	0
0	0	0
0	0.333	0.333
0	0.4	0
0	0	0
0	0	0
1	0	0
0	1	0
0	0	1
0	0	0
0	0.333	0
1	0	0
0	0	0
0	0.333	0
0.333	0	0
0	0	0.055
0	0	0.667
0.3	0.667	0.333
0	0.333	0.333
0	0	0.4
0.333	0	0
0	0	0
0	0	0
0	0	0
0.127	0.167	0
0.333	0.071	0
0	0	0
1	0.333	0.167
0.667	0	0.333
0	0	0
0	0	1
0.667	0	0.3
0	0	0
0.306	0	0
0	0.667	0.048
0	0	0
0.357	0.333	0.4
0.25	0	0
0	0	0
0	0	0
0	0.333	0
0.667	1	0
0	0	0
0.345	0	0
0	0.667	0
1	0	0.667
0	0	0
0	0	0
0	1	0
0.286	1	0.333
0	0	0
0	0	0
0	0	0
0	0	0
0	-1	0
0	0	0
0.667	0.571	0.309
1	0	0.142
0	0	1
0.571	0	0.667
0.667	0.429	0.429
0	0.306	0
0	0	0
0	0	1
0.361	0.5	0.333
0	0.345	0.333
0	0	0
0	0	0
0	0	0.333
0	0	1
0.429	0.327	0.667
0	0	0
0	0	0
0	0	0
0.5	0.6	0.361
0	0	0
0	0	0
1	0	0.286
0	0	0
0.333	0.286	0.197
0.667	0.361	0
0	0	0
0	0.667	0.361
1	0	0.667
0	0	0
1	0	0.288
0.667	0	0
0	0	0
0	0	0
0	0	0
0.297	0.476	0.667
0.7	0.309	0.476
0	0	0
0.361	0	0.667
1	0	0.667
0.197	0.333	0
0	0	0
0	0	0
0	0	0
0.5	0.4	0.667
0	0	0.306
0	0	0
0	0.25	1
0	0	0
0	0	0
0.288	1	0
0	0	0
0.4	0.476	0.5
0	0	0
0	0	0
0	0	0
0	0	0
0.142	1	0.3
0	0	0
0	0	0
0	0.667	0
0	0	0
0	0	0
0	0	0
0	0	1
1	0	0
0	0	1
0	0	0
0	0	0
0.309	0.667	0.7
0.476	0.7	0.297
0	0	0
0	0	0
0	0	0
0	0.197	0.19
0	0	0
0	0	0
0	0	0
1	0	0
0	0	0
0	0	0
0.667	1	0
1	0	0
0	0	0.667
0	0	0
0.327	0.667	0.327
0	0.667	0
0.6	0	0.3
0	0	0
0.7	0.179	0
0.4	0.1	0.667
0	0	-1
0	0	0
0.667	0	1
0.667	1	0
0	0	0
0.3	0.142	1
0.4	0.357	0.476
1	0.048	0
0.267	0.667	1
0	0	0.333
0	0	0
0	0	0.667
0.6	0.3	0.5
0	0	0
0	0	0
0.1	0	0.4
0	0	0
0	0	0
0	0.667	1
0	0	0
0	0	0
0	0	0
0.667	0.297	0.327
0	0	0
0	0	0
0	0	0.1
0	0	0
0.667	0.5	0.267
0	1	0
1	0.667	0
0.667	1	0
1	0.3	0.667
0	0	0.6
0	0	0
0.19	0	0
0.429	0.667	0.179
0	0	0.667
0.333	0	0.222
0	0	0
0	0	0
0	0	0
0	0	1
0	0	0
0	0.222	0
0	1	0.571
0	1	0
0	0	0
0	0	0
0	0.7	0.25
0.476	0.4	0.4
0	0.333	1
0	0	0
0.333	0.361	0.357
0	0.667	1
1	0	0
0	0	0
0	1	0
0	0	0
0	1	0
0	0	0
0.048	0	1
0	0.19	0
0.667	0	0
0	0	0
0.222	0.333	0
0.327	0.327	0.429
0.667	0.4	0
0	0	0
0	0	0
0	0	0.345
0	0.667	0
0	0	0
0	0	0
1	0.267	0
0.333	0	0
0	0	0
0.333	0	0
0	0	0
0	0	0
0	0.288	0
0.179	0.429	0.7
0	1	0
0	0	0
0.3	0.6	0.6
0	0	0
0	0	0
0	0	0
0	0	0
0	0	0
0	0	0
0	0	0
0	0	0
0	0	0
0	0	1
0.389	0	0
0	0	0
0	0	0
0	0	0
0	0	0
0	0	0
0	0	0
0	0	0
0	0	0
0	0.4	0.556
1	0	0.2
0	0	0
0	0.333	0
0	0	0
0	0	0
0	0	0
0	0	0
0	0	0.582
0	0	0
0	0	0
0	0	0
0	0.644	0
0	0.389	0.6
0	0	0
0	0	0
1	0	0.352
0	0	0
0	0	0
0	0	0
0	0	0
0.6	0	0
0	0	0
0	0	0
0	0	0
0	0	0
0	0	0
0	0	0
0	0	0
0	0	0
0	0	0
0	0	0
0	0	0
0	0	0
0	0	0
0.333	0	0
0	0	0
0	0	0
0	0	0
0	0	0
0	0	0
0	0	0
0	0	0
0	0	0.111
0	0	0
0	0	0
0	0	0
0	0	0
0	0	0
0	0	0
0	0	0
0.578	0.655	0.409
0	0	0
0	0	0
0	0	0
0	0	1
1	0	0
0	0	0
0	0	0
0	0.5	0
0	0	0
0.333	0	0
0	0	0
0	0	0
0	0	0
0	0	0
0.556	0	0.5
0	0	0
0	0	0
0	0	0
0	0	0
0	0	0.389
0	0	0
0	0	0
0	1	0
1	0	0
0	0	0
0	0.667	0
0	0	0
0	0	0
0	0	0.333
0	0	0
0	0	0
0	0	0
0	0	0
0	0	0
0.464	0.467	0.333
0.5	0	0
0	0.3	0
0	0	0
0	0.2	0
0	0	0
0	0	0
0	0	0
0	0	0
0	0	0
0	0	0
0	0	0
0	0	0
0	0	0
0.352	1	0
0	0	0
0	0	0
0	0	0
0.5	0.556	0.308
0	0	0
0.56	0	0
0	0	0
0	1	0
0	0	0
0	0	0
0.2	1	0
0	0	0
0.467	0.467	0.464
0	0	0
0	0	0
0	0	0
0	0	0
0.467	0.425	0.467
0	1	0
0	0	0
0	0	0
0	0	0
0	0	0
0	0	0
0	0	0.3
0	0	0
0.4	0	0
0	0	0
0.3	0	0
0	0	0
0	0.5	0
0	0	0
0.582	0	0
1	0.306	0
0	0	0
0	0	0
0	0	0
0	0	0
0	0	1
0	0	0
0	0	0
0	0	0
0	0	0
0	0	0
0	0.352	0.356
0	0	0
0	0	0
1	0	0
0	0	0
0	0	0
0	0	0
0	0	0
0	0	0
0.356	0	0
0	0	0
0	0	0
0	0	0
0	0	0
0	0.5	0.444
0	0	0
0	0	0
0	0	0
0	0	0
0	0	0
0	0	0
0	0	0
0	0	0
0	0	0
1	0	0
0	0	0
0	0	0
0	0	0
0	0.307	0
0	1	1
0	0	0
0	0	0
0	0	0
0	0	0.427
0	0	0
0.667	0	0
0.389	0	0
0	0	0
0	0	0
0	0	0
0	0	0
0	0	0
0	0	0
0	0	0
0.242	0.333	0.289
0	0.356	0
0	0	0
0	0	0.5
0	0	0
0	0	0
0	0	0
0	0	0
0	0	0
0	0	0
0	0	0
0	0	0
0	0	0
0	1	0.389
0	0	0
0	0	0
0	0	0
0	0	0
0	0	0
0	0	0
0	0	0
0.289	0.242	0.306
0	0	-1
0	0	0
0	0	0
0	0	0
0	0	0
0.427	0	0.644
0	0	0
0	0	0
0.307	0.444	0
0	0	0
0	0	0
0	0	0
0	0	0
0	0.389	0.5
0	0	0
0	0	0
0	0.582	0
0	0	0
0	0	0
0	0	0
0	0	0
0	0	0
0	0	0
0	0	0
0	0	0
0	0	0
0	0	0
0	0	0
0	0	0
0	-1	0
0	0	0
0	0	0
0	0	0
0.111	0	0
0.679	0	0.425
0	0	0
0	0	0
0	0	0
0	0	0
0	0	0
0	0	0
0	0	0
0	0	0
0	0	0
0	0	0
0	0	0
0	0	0
0	0	0
0	0	0
0	0	0
0	0	0
0	0	0.333
0	0	0.4
0	0	0
0	0	0
0	0	0
0	0	0
0	0	0
0	0	0
0	0	0.821
0	0	0
0	0	0
0	0	0
0	0	0
0	0	0
0.444	0	0.307
0	0	0
0	0	0
0	0	0
0	0	0
0.644	0.427	0
0	0	0
0.306	0.289	1
0.5	0	0
0	0	0
0	0.111	0.667
0	0	0
0	0	0
0	0	0
0	0	0
0	0.333	1
0	0	0
0	0.56	0.5
0	0	0
0	0	0
0	0	0
0	0	0
0	0	0
0	0	0
0	0	0
0	0	0
0	0	0
0	0.6	1
0	0	0
0	0	0
0	0	0.9
0	0.217	0
0	0	0
0	0	0
0	0.667	0
0.231	0	0
0	0.333	0
0	0	0
0	0.5	0
1	0.4	0.333
0	0	0
0	0	0.5
0.6	0.667	0
1	0	0
0	0	0
0.212	0	0.364
0	0	0
0	0.6	0
0	0.833	0
0.5	0.333	0
0	0.225	0.286
0	0	0.833
0	0	0
0	0	0.238
0.333	0.333	1
0	0	-1
0	0	0
0	0	0
0	0	0.231
0	0	1
0	0	0
0.4	0.667	1
0	0	0
0	0	0
0.167	0.333	0.476
0	0.667	0
0	0	0
0	0	0
0.238	0	0
0.333	0.762	0
0.5	0	0
0.833	0	0
0	0	0
0.333	0.167	0
0	1	0
0	0	0
0.667	0	0.6
0	0	0
0	0	0
0	0	0
0	0	0.217
0.333	0	0
0	0	0
0.667	0.236	0.4
1	0	0
0.217	0	0
0	0	0
0.286	0	0.667
0.667	0.9	0
0	0	0
1	0	0
0	0	1
0.333	0	0
0.314	0	0
0	0	0
0	0	0
0	0.231	0
0.236	0.667	0.667
0	0	0
0.417	0	0
0.9	0	0.667
0	0	1
0.225	0	0
1	0.667	0
0	0.417	0
0.5	0	0
0	0.667	0
1	0	0.667
0	1	0
0	0	0
0	0.333	0.833
0	0	0
0.833	0	0
0.364	0.212	0
0	0	0
0	0	0.762
0	0	0.667
0.167	0	0.333
0	0.314	0
0	0.238	0
0	0	0
0	0	0
0.476	0.167	0
0	1	0
0	0.364	0
0.762	0	0.333
0	0.333	0
0	0	0
0	0	0
0.667	1	0
0.667	0	0.236
0	0	0
0	0	0
0	0	0.5
0	0	0.167
0	0	0.5
0	0	0
0	0	0.314
0	0	0.333
0	0.476	0
0	0	0
0	0	0
0	0.5	0
0	0.5	1
0	0	0.667
0	0	0
0	0	0
0	0	0.667
0.25	0	0.333
0	0.333	0
0	-1	0
0.333	0	0.167
0.333	0	0.333
0	0	0
0	0	0
0	0	0
0	0	0
0	0.333	0.25
0	0	0
0	0	0
0	0	0
0	0	0.333
0.667	0.286	1
0	0	0
0	0	0.333
0	0	0
0	0	0.417
1	0.333	0
0	0.5	0
0.667	0	0
0	0	0
0	0	0.225
0	1	0
0.5	0	0
0	0	0
0	0	0.212
0	0	0.333
0	0.833	0
0	0	0
0	0	0
0	0	0
0.333	1	0
0.333	0.25	0.5
0	0	0.1
0.667	0.667	0.567
0	0	0.5
0	0	0
0	0	0
0	0	0
0	0	0
0	0	0
0	0	0
0	0	0
0	0	0
0	0	0
0	0	0
0	0	0
0	0	0
0.1	0	0
0	0	0
0	0	0
0	0	0
0	0	0
0	0	0
0.426	0.53	0.406
0	0	0
0	0	0
0	0	0
0.667	0.654	0.667
0	0	0
0	0	0
0	0	0
0.533	0.714	0.563
0.333	0.5	0.667
0	0.667	0.667
0	0	0
0	0	0
0	0	0
0	0	0
1	0	0
0	0	0
0	0	0
0	0	0
0	0	0
0	0.2	0
0	0	0
1	0	0
0	0	0
0.515	0.406	0.491
0.495	0.581	0.48
0.2	0	0
0	0	0
0	0	0
0	0	0
0	0	0
0	0	0
0	0	0
0	0	0
0	0	0
0	0	0
0.667	0	0
0	0	0
0	0	0
0	0	0
0	0.167	1
0	0	0
0	0	0
0	0	0
0	0	0
0	0.1	1
0	0	0
0	0	0
0	0	0
0	0	0
0	0	0
0	0	0
0	1	0
0	0	0
0	0	0
0	0	0
0	0	0
0	0	0
0	0	0
0	0	0
0	0	0
0	0	0
0	0	0
0	0	0
0	0	0
0.541	0.567	0.571
0	0	0
0	0	1
0	0	0
0	0	0
0	0	0
0	0	0
0	0	0
0	0	0
0	0	0
0	0	0
0	0	0
0	0	0
0	0	0
0	0	0
0.1	0	0
0	0	0
0	0	0
0	0	0
0	0	0
0	0	0
0	0	0
0.679	0.5	0.524
0	0	0
0	0	0
0	0	0
0	0	0
0	0	0
0	0	0
0	0	0
0	0	0
0	0	0
0	0	0
0	0	0
0	0	0
0	0	0
0	0	0
0	0	0
0.477	0.468	0.438
0	0	0
0	0	0
0	0	0
0	0	0
1	0	0
0	0	0
0.667	0	0
0	0	0
0	0	0
0	0	0
0	0.1	0
0	0	0
0	0	0
0	0	0
0	0	0
0	0	0
0	0	0
0	1	1
0	0	0
0.5	0.491	0.679
0	0	0
0	0	0
0	0	0
0	0	0.667
0	0	0
0	0	0
0	0	0
0	0	0
0	0	0
0.4	0.333	0.333
0	0	0
0	0	0
0	0	0
0	0	0
0	0	0
0	0	0
0	0	0
0	0	0
0	0	0.333
1	0	0
0	0	0
0	0	0
0	0	0
0.167	0	0
0	0	0
0	0	0
0.406	0.426	0.515
0	0	0
0	0	0
0	0	0
0	0	0
0.52	0.474	0.605
0	0	-1
0	0	0
0.714	0.717	0.533
0	0	0
0	0	0
0	0	0
0	0	0
0	0	0
0.468	0.571	0.477
0	0	0
0	0	0
0	0	0
0	0.5	0
0	0	0
0	0	0
0	0	0
0	0	0
0	0	0
0	0	0
0	0	0
0	0	0
0	1	0
0	0	0
0	0	0
0	0	0
0	0	0
0	0	0
0	0	0
0	1	0
0	0	0
0	0	0
0	0	0
0	0	0
0	0	0.167
0	0	0
0.53	0.438	0.426
0.717	0.632	0.714
0.571	0.541	0.468
0	0	0
0	0	0
0.5	0	0
0	0	0
0	0	0
0	0	0
0	0	0.1
0	0	0
0	0	0
0	0	0
0	0	0
0	0	0
0	0	0
0	0	0
0	0	0
0	0	0
0	0	0
0	0	0
0	0	0
0	0	0
0	0	0
0	0	0
0	0	0
0	0	0
0	0	0
0	0.667	0
0	0	0
0	0	0
0	0.333	0
0	0	0
0	0	0
0	0	0
0	0	0
0	0	0
0.632	0.844	0.717
0	0	0
0	0	0
0	0	0
0.438	0.477	0.53
1	0	0
0	0	0
0	0	1
0	0	0
0	0	0
0	1	0.2
0	0	0
0	0	0
0	0	0
0	0	0
0	0	0
0	0	0
0.491	0.515	0.5
0	0	0
0	0	0
0	0	0
0	0	0
0	0	0
0	0	0
0.563	0.533	0.803
0	0	0
0	0	0
0	0	0
0	0	0
0	0	0
0	0	0
0	0	0
0	0	0
0	-1	0
0	0	0
0	0	0
0	0	0
0	0	0
0	0	0
0	0	0
0.844	0.686	0.632
0.736	0.596	0.788
0	0	0
0	0	0
0	0	0
0	0	0
0	0	0
0	0	0
0.333	0	0
0	0	0
0	0	0
0	0	0
0	0	0
0	0	0
0	0	0
0	0	0
0	0	0
0	0	0
0	0	0
0.333	0.321	0.4
0	0	0
0	0	0
0	0	0
0.4	0	0
0.2	0	0
0	0	0
0.2	0	0
0	0	0
0	0	0
0	0	0
0.7	0	0.5
0	0	0
0.393	0	0.576
0	0	0
0	0	0
0	0.418	0
0	0	0
0	0	0.2
0	0	0
0	0	0
0	0.2	0
0	0	0
0.128	0.667	1
0	-1	0
0	0.5	1
0	0	0
0.474	0.694	0.216
0	0.127	1
0	1	0.2
0	0	0
0	0	0
0	0	0.524
0	0	0
0	0	0
0	0	0
0	0	0
0	1	0
0.576	0.393	0
0	0	0.346
0	0	0
0	0	0.667
0	0	0
0	0	0
0	0.333	0
0	0	0
0	0	0.714
0	0.524	0
0	0.393	0
0	0	0.533
0.346	0	0.318
0.5	0	0
0	0	0
0	0	0
0	0	0
0	0	0
0	0	0
0	0	0
0.258	0	0.418
0	0	0
0	0	0
0	0	0
0	0	0
0	0	0
0	0	0
0	0.4	0.5
0	0	0
1	0	0
0	0	0
0	0.41	0.6
0	0	0
0	0.9	0
0	0	0
0	0	0.7
0	0	0
0	0	0
0.5	0.7	0
0	0	0
0	0	0
0	0	0.333
0	0	0.258
0	0	0
0.524	0	0
0	0	0
0	0	0
0	0	0
0	0	0
0	0	0
0	0	0
0	0	0
0	0	0
0	0	0
0.269	0.667	0.333
0.679	0.711	0.561
0	0	0
0	0	0
0	0	0
0	0	0
0.333	0.333	0
0	0	0
0	0	0
0	0	0
0	0	1
0.5	0	0
0	0	0
0	1	0
0.2	0	0
0	0	0
0	0	0
0	0	0
0	0	0
0	0	0.5
0	0	0
0	0.5	0
0	0	0
0.667	0.436	0
0	0	0
0	0	0
0	0	0
0	0	0
0	0.2	0
0.41	0.216	0
0	0	0
0	0	0
0	0	0
0	0	0
0	0	0
0	0	0.4
0	0	0
0	0	0
0	0	0
1	0.128	0
0.436	0	0.667
0.6	0	1
0	0	0
0.694	0.561	0.474
0	0.2	0
0	0	0
0	0	-1
0.533	0	0
0	0	0
0	0	0
0	0	0
0	0	0
0	0.5	0.667
0	0	0
0	0.576	0
0.318	0.346	0.25
0	0.333	0
0	0	0
0	0	0
0.333	0	0.333
0	0	0
0.667	0	0.371
0	0	0
0	0	0.436
0	0.714	0
0	0	0
0	0	0
0	0	0
0	0	0
0	0	0
0.714	0	0
0	0	0
0.238	0	0
0	0	0
0.667	0.333	0.128
0	0	0
0	0	0
0	0	0
0	0	0
0	0	0
0	0	0
0	0	0
0	0	0
0	0	0
0.25	0.318	0.333
0	0	0
0	0	0
0	0.533	0
0	0	0
0	0.1	0
0	0	0.333
0	0	0
0	0	0.238
0	0	0
0	0	0
0	0	0
0.418	0.258	0
0	0	0
0.561	0.679	0.694
0	0	0
0	0	0
0	0	0
0	0	0
0	0	0
0	0	0
0	0	0
0	0	0
0	0	0
0	0.5	0.393
0	0	0
0	0	0
0.667	0.561	0.711
0	0	0
1	0.6	0
0	0	0
0	0	0
0	0	0
0.333	0.25	0.333
0	0	0
0	0	0
0	0	0
0	0	0
0	0.578	0
0	0	0
0.578	0	0
0	0	0
0	0	0
0	0	0
0	0	0
0.524	0	0
0.667	0	0.269
0	0	0.524
0	0	0
0	0	0
0	0	0
1	0.667	0
0.333	0	0
0	0.238	0.667
0	0.436	0
0.711	0.667	0.679
0	0	0
0	0	0
0	0	0
0	0	0
0	0	0
0	0	0
0	0	0
0	0	0
0	0	0
1	0	0
0	0	0
0	0	0
0	0	0
0	0	0.2
0	0	0
0.436	0	0
0	0	0
0	0	0
0	0	0
1	0	0.1
0	0	0
0.333	0.333	0
0	0	0.127
1	0.667	0
0	0	0
0	1	0
0	0	0
0	0	0
0.667	0	1
0	0	0
0	0	0
0	0	0
0	0	0
0	0	0
0	0.667	0.5
0.9	0	0
0	0.524	0.733
0	0.371	0
0	0	0
0	0	0
0	0	0.578
0	0	0
0	0	0.667
0.667	0	1
0	0	0
0.393	0	0
0	0	0
0.371	0.667	0
0	0	0
0	0	0
0	0	0
0	0	0
0.733	0	0
0	1	0.393
0	0.733	0
0.487	0.622	0.561
0	0	0
0	0.333	0
0.127	0	0
0	0	0
0	0	0
0	0	0
0	0	0
0	0	0
0	0	0
0.216	0.474	0.41
0	0	0
0	0	0
0	0	0
0	0	0
0	0	0
0	0	0
0	0	0
0.333	0.269	0.667
0	0	0.9
0	0	0
0	1	0
0	0	0
0	0	0.436
0.1	1	0
0	0	0
0.5	0	0
0	0	0
0	0	0
0	0	0
0.833	0.667	0
0	0	0
0	1	0
0	0	0
0	0	0
0	0	0
0.319	0	0.571
0	-1	0
0	0	0
0.667	0	0.667
0	0.667	0.1
0	0	0
0	0	0
0	0	0
0	0.571	0.333
0	0	0
0	0	0
0	0	0
0.357	0.524	0
0	0	0
0	0	0
0	1	0
0	0	0.6
0	0	0
0	0	0
0	0	0
0	0	0
0	0	0
0.619	0	0
0	0.9	0
0	0	0
0	0.306	0
0	0	0.571
0.833	0.6	0.667
0	0	0
0	0.333	0.619
0	0	0
0.524	0.667	0.357
0.6	0	1
0	0	0
0.429	0	0
0	0	0.6
0.9	0	0
0.306	0	0
0.667	0.667	0
0	0	0
0	0	0
0	0	0
0	0	0
0	0	0
0	0	0
0	0	0
0	0	0
0	0	0
0.333	0	0
0	0	0
0	0	0
0	0	0
0	0	0
0	0	0.556
0	0.429	0
0	0	0
0.8	0.556	0
0	0	0
0	0	0
0	0	0
0.528	0.619	0
0	0	0
0	0	0
0.286	0.8	0.667
0	0	0
0	0	0
0	0	0
0	0	0
0	0	0
0	0	0.8
0	0	0
0	0	0
0	0	0
0	0	0
0	0	0
0	0	0.667
0	0	0
0.6	0.6	0.833
0	0	0
0	0	0
0	0.8	0
0	0	0
0	0	0
0	0	0
0	0.357	0
0.619	0	0.528
0	0	0
0	0.571	0
0	0	0
0	0	0
0	0	0
0.333	0	1
0	0	0
0	0	0.319
0	0	0
0	0	0
0	0	0
0	0	0
0	0	0
0.6	0	0.6
0	0	0
0	0	0
0	0	0.619
0.556	0	0.8
0	0	0
0	0.1	0
0.571	0.319	0
0	0	0
0	0	0.333
0	0	0
0	0.528	0
0	0	0
0	0	0
0.667	0.286	0.833
0	0	0
0	0	0
0	0	0
0	0	0
0	0	0.429
0	0	-1
0	0	0
0	0	0
0	0	0
0	0.619	0
0.667	0.833	0.524
1	0.333	0
0	0.833	0.9
1	0.6	0
0.8	0	0.286
0	0	0
0	0	0
0	0	0
0	0	0
0	0	0.306
0	0	0
0	0	0
0	0	0
0.571	0	0
0.1	0	0
0.533	0.667	0.381
0	0.533	0
0	0	0
0	0	0
0.333	0	1
0	0	0
0	0.667	0.4
0	0	0
0.667	0	0.528
0.533	0	0
0.238	0.19	0.2
0	0	0
0	0	0
0.476	0.429	0.357
0	0	0.5
0	0	0
0	0.464	0.667
0	0	0
0.667	0	0
0	0	0
0	0	0
0	0	0.533
0	0	0
0	0	0
0.667	0	0
0.5	0	0.667
0	0	0
1	0.528	0.472
0	0	0
0	0	0
0	0	0
0	0	0
0.528	0.667	1
0.5	0.4	0.286
0.417	0.381	0.533
0	0	-1
0	0	0
0	0	0
0	0	0
0	0	0
0	0	0
0	0	0
0.289	0.357	0.306
0	0	0
0	0	0
0	0.179	0.667
0	0	0.244
0.667	0.5	0.533
0.218	0.472	0.476
0.472	1	0.218
0	0	0
0	0	0
0	0	0
0	0	0
0.179	0	0
0	0	0
0	0.476	0.667
0	0	0
0	0	0
0	0	0
0	0	0.179
0	0	0
0	0	0
0	-1	0
0	0	0
0	0	0
0	0	0
0.524	0.244	0.464
0	0	0
0.381	0.533	0.417
0	0	0
0	0	0
0	0	0
0	0	0
0	0	0
0	0	0
0	0.667	0
0	0	0
0	0	0
0	0	0
0	0	0
0	0	0
0	0	0
0	0	0
0.4	0	0
0	0	0
0.476	0.218	0
0	0	0
0	0	0
0	0	0
0	0	0
0	0.4	0.333
0	0	0
0	0	0
0	0	1
0	0.4	0
0	0.321	0
0.321	0.667	0
0.5	0	0
0	0	0
0	0	0
0	0	0
0	0	0
0	0	0
0	0	0.5
0	0	0
0	0	0
0	0	0.467
0	0	-1
0	0	0
0	0.476	0
0	0	0
1	0	0
0	0	0
0	0	0.464
0	0	0
1	0.286	0
0	0	0
0	0	0
0	0.4	0
0	0	0
0	0	0
0	0	0
0	0.5	0.5
0	0	0.467
0	0	0
0	0	0.321
0	0	0
0	0	0
0	0	0
0	0.267	0
0	0	0
0	0	0
0	0	0
0	0	0
0.476	0	0
0	0	0
0.467	0	0
0	0	0
0	0.19	0
0.467	0	0.267
0	0	0.333
0.467	0.5	0
0	0	0.2
0	0	0
0	0	0
0	0	0
0.6	0	0
0	0	0
0	0	0
0	0	0
0	0	0.667
0	0	0
0	0	0
0	0	0
0	0	0
0	0.333	0
0.4	0	0
0	0	0
0	0	0
0	0	0
0	0	0
0	0.467	0
0	0	0
0	0	0.333
0	0	0
0	0.467	0.467
0	0	0
0	0	0
0	0	0
0.667	0	0.321
0	0	0
0	0	0
0	0	0
0	0	0
0	0	0
0	0	0
0	0	0
0	0	0
0	0	0
0	0	0
0.4	0.333	0
0.464	0	0
0	0	0
0	0	0
0	0	0.4
0	0	0
0	0	0
0	0	0
0	0	0
0	0	0
0	0	0.2
0	0	0
0	0	0
0	0	0
0	0.464	0.619
0	0	0
0	0	0
0	0	0
0	0	0
0	0	0
0	0	0
0	0	0
0	0	0
0	0.333	0.267
0	0	0
0	0	0
0	0	0
0	0	0
0	0	0.5
0.333	0	0
0	0	0
0.214	0.2	0
0	0	0
0.2	0	0.214
0	0	0
0	0	0
0	0	0
0	0.6	0
0	0	0
0	0	0
0.333	0	0
0	0	0
0	0	0.286
0.333	0	0.4
0	0	0
0	0	0.6
0	0.333	0
0	0.214	0
0	0	0
0	0	0.333
0	0	0
0	0	0
0	0	0
0	0.4	0
0	0	0
0	0	0
0	0	0
0	0	0
0.286	0	1
0.5	0	0
0	0	0
0	0	0
0	0.467	0
0	0	0
0.267	0.467	0
0.467	0	0
0	0	0
0	0	0
0	0	0
0	0	0
0	0	0
0	0	0
0	0	0.467
0	0	0
0.321	0	0.4
0	0	0
0	0	0
0	0	0.19
0	0.267	0.476
0	0.5	0
0	0	0
0	0	0
0	0	0
0	0	0
0	0	0
0	0	0
0	-1	0
0	0	0
0	0	0
0	0	0
0	1	0
0	0	0
0	0	0
0	0	0
0	0	0
0	0	0
0.19	0	0
0.5	0	0.467
0.267	0	0
0	0	0
0	0	0
0	0	0
0.4	0.321	0
0.5	0	0
0	0	0
0	0	0
0	1	0
0.333	0.286	1
0	0	0
0	0.139	0
0.25	0.267	0.319
0	0	0
0.143	0	0
0	0	0
0	0	0.333
0	0	0
0	0	0
0.182	0	0
0.289	0.356	0.6
0.524	0.333	0.333
1	0	0.286
0.381	0	0.5
0	0	0
0.345	0.333	0.619
0	0	0
0	0	0
0.25	0.2	0.5
0	0	0
0	0	0.143
1	0	0
0.139	0	0
0.4	0	0
0	0	0
0	0	0
0.321	1	0
0	0	0
0	0.472	0
0.319	0.25	0.467
0.4	0	0.267
0	0.476	0
0.356	0.667	0.289
0.667	0.464	0.167
0.444	0	0.381
0.333	0.524	0.345
0	0	0
0	0	0
0	0	0
1	0	0.1
0	0	0
0	0	0
0	0.333	0
0.5	0.25	0.191
0	0	1
0.667	0.6	0.356
0.364	0.536	0.422
0.19	0.275	0.762
0.267	0.4	0.25
0	0	1
0	0	0.139
0	0	0
0	0	0
0.179	0.4	1
0.167	0.667	0
0	0	0
0.472	0.5	0
0.422	0.364	0.286
0	0	0
0	0.143	0
0	0	0
0.6	0.167	0.667
0.333	0	0
0.1	1	0
0	0.5	0
0	0	0
0.5	0.733	0.472
0.619	0.345	0.6
0.667	0.333	0
0.167	0.667	0.6
0	0	0.182
0	0	0
0	0	0
0	0.191	0.381
0	0	0.4
0	1	0
0	0	0
0.286	1	0.333
0	0	0
0.191	0.5	0
1	0.179	0.321
0	0	0
0	0	0
0.667	0	0.167
0.5	0	0
0.333	0	0.4
0	0	0
0	0	0.238
0.238	0	0.333
0	0	0
0.381	0.444	0.275
0.533	0.571	0.476
0.472	0	0.4
0	0	-1
0	0	0
0.733	0.6	0.5
0	0.4	0.5
0	0	0
0.667	0.472	0.533
0.571	0.6	0.533
0.333	0	0
0.6	0.289	0.571
0	0	0
0	0.182	0.5
0	0.167	0
0.536	0.5	0.364
0	0.321	0.476
0	0	0.381
0	0.5	0.472
0	0.333	0
0.333	0	0
0.476	0	0
0	0.8	0
0	0.667	0.4
0	0	0.333
0.472	0.4	0.667
0	0	0.333
0.4	0	0.179
0	0	0
0.5	0.381	0.8
0.2	0.286	0.25
0	0.333	0
0.464	0.476	0.667
0	0	0
0.5	0.533	0.536
0	0.4	1
0	0	0
0	0	0
0	0	0
0	0	0
0	0	0
0.4	0.762	0
0.333	0.238	0.667
0	0	0
0	0.4	0.4
0	0	0
0	0	0
0	0	0
0	0	0.333
0	0	0.667
0.333	0.4	0.333
0	0	0
0.467	0.319	0.4
0.6	0.619	0.733
1	0.333	0
0	0	0
0	0	0
0.4	0.472	0.333
0.533	0.667	0.5
0	0	0.333
0	0	0
0	0.333	0
0	0	0
0.762	0.19	0.4
0.4	0.333	0
0	0	0
0.476	0.533	0.464
0.8	0.5	0
0.333	0	0
0.333	0.333	0.524
0	0	0
0	0	0
0.4	0.467	0.472
0	-1	0
0	0	0
0	0	0
0.4	0.4	0.418
0	0	0
0	0	0
0	0	0
0.291	0.382	0.714
0	1	0
0	0	0
1	0	0
0.436	0.667	0.622
0	0	0
0	0	0
0.6	0.333	0.267
0	0	0
0	0	0
0	0	0
0	0	0
0	0	0
0	0	0
0	0	0.4
0	0	0
0	0	0
0	0	0
0	0	0
0	0	0
0	0	0
0	0	0
0	0	0
0	0	0
0	1	1
0	0	0
0	0	0
0	0	0
0	0	0
0	0.607	0
0.436	0	0
0	0	0
0	0	0
0	0	0
0	0	0
0	0	0.333
0	0	0
0	0	0
0	0	0
0	0	0
0	0	0
0	0	0
1	0.689	0.352
0.714	0.291	0
0	0	0
0	0	0
0	0.255	0
0	0	0
0	0	0
0	0	0
0	0	0
0.689	1	1
0	0	0
0	0.714	0.333
0	0.667	0
0	0	0
0	0	0
0	0	0
0.333	0.314	0.444
0	0	0
0.9	0	0.158
1	0.333	0
0	0	0
0	0	0
0	0	0
0.5	0.578	0
0.418	0.4	0.667
0	0	0
0	0	0
0	0	0
0	0	0
0	0	0
0	0	0.556
0	0	0
0	0	0
0	0	0
0	0	0
0	0	0
0.4	0	0.667
0	0	-1
0	0	0
0	0	0
0	0	0
0	0	0
0.36	0.372	0.4
0	0	0
0.762	0	0.7
0	0	0
0	0	0
0	0	0
0	0.679	0
0	0	0
0	0.286	0
0	0	0
0	0	0
0	0	0
0.536	0.267	0.4
0	0	0
1	0	0.667
0	0	0
0	0.667	0
0	0.333	0
0.7	0.762	0.639
0	0	0
0	0	0
0	0	0
0	0	0
0	0	0
0	0	0
0	0.179	0
0	0	0
0	0	0
0	0	0
0	0	0
0	0	0
0	0	0
0	0.5	0
0	0	0
0	0	0
0	0	0
0	0	0
0	0	0
0	0	0
0	0.867	0.578
0	0	0
0	0.24	0.4
0.382	0	0.382
0	0	0
0	0	0
0.679	0.289	0
0.4	0.536	0.4
0	0	0
0	0	1
0	0	0
0	1	0
0	0	0
0	0	0
0	0	0
0	0.2	0.286
0	0	0
0	0	0
0	0	0
0	0	0
0.289	0.556	0.679
0	0	0
0.382	0.382	0.291
0.333	0	1
0	-1	0
0	0	0
0	0	0
0	0	0
0.607	0	0
0	0	0
0	0	0
0	0	0
0	0	0.9
0	0	0
0.158	0.9	0.372
0	0	0
0	0	0
0	0	0
0.333	0	0
0.667	0.4	0
0.333	0.444	0.6
0	0	0
0	0	0
0	0	0
0	0	0
0	0	0
0.622	0.436	0.867
0	0	0
0	0	1
0	0	0
0.255	1	0
0	0	0
0	0	0
0	0	0
0	0	0.264
0	0	0
0.444	0.333	0.333
0	0	0.607
0	0	0.179
0	0	0
0	0	0
0	0.264	1
0	0.436	0
0	0.639	0.382
0	0	0
0	0	0
0	0	0
0	0	0
0	0	0
0	0	1
0.867	0.622	0
0	0	0
0	0	0
0.372	0.158	0.36
0	0	0
0	0	0
0	0	0
0	0	0
0	0	0
0.639	0.7	0
1	0	0
0	0	0
0	0	0
0	0	0
0	0.289	0
0	0	0
0	0	0
1	0.327	0.255
0	0	0
0	0	0
0.179	0	0
0	0	0
0	0	0
0.667	0.418	0.436
0	0	0
0	0	0
0	0	0
0	0	0
0	0	0
0	0	0
0	0	0
0	0	0
0	0	0
0	0	0
1	0	0.689
0	0	0
0	0	0
0	0	0
0.267	0.6	0.536
0.578	0	0.5
0	0	0
0	0	0
0	0	0
0	0	0
0	0	0
0	0	0
0	0	0
0	0	0
0	0	0
0	0	0
0	0	0
0	0	0
0	0	0
0	0	0
0	0	0
0	0	0
0	0	0
0	0	0
0	0	0
0	0	0
0	0	0
0	0	0
0	0	0
0	0	0
0	0	0
0	0	0
0	0	0
0	0	0
0	0	0
0	0	0
0	0	0
0	0	0
0	0	0
0	0	0
0	0	0
0	0	0
0	0	0
0	0	0
0	0	0
0	0	0
0	0	0
0	0	0
0	0	0
0	0	0
0	0	0
0	0	0
0	0	0
0	0	0
0	0	0
0	0	0
0	0	0
0	0	0
0	0	0
0	0	0
0	0	0
0	0	0
0	0	0
0	0	0
0	0	0
0	0	0
0	0	0
0	0	0
0	0	0
0	0	0
0	0	0
0	0	0
0	0	0
0	0	0
0	0	0
0	0	0
0	0	0
0	0	0
0	0	0
0	0	0
0	0	0
0	0	0
0	0	0
0	0	0
0	0	0
0	0	0
0	0	0
0	0	0
0	0	0
0	0	0
0	0	0
0	0	0
0	0	0
0	0	0
0	0	0
0	0	0
0	0	0
0	0	0
0	0	0
0	0	0
0	0	0
0	0	0
0	0	0
0	0	0
0	0	0
0	0	0
0	0	0
0	0	0
0	0	0
0	0	0
0	0	0
0	0	0
0	0	0
0	0	0
0	0	0
0	0	0
0	0	0
0	0	0
0	0	0
0	0	0
0	0	0
0	0	0
0	0	0
0	0	0
0	0	0
0	0	0
0	0	0
0	0	0
0	0	0
0	0	0
0	0	0
0	0	0
0	0	0
0	0	0
0	0	0
0	0	0
0	0	0
0	0	0
0	0	0
0	0	0
0	0	0
0	0	0
0	0	0
0	0	0
0	0	0
0	0	0
0	0	0
0	0	0
0	0	0
0	0	0
0	0	0
0	0	0
0	0	0
0	0	0
0	0	0
0	0	0
0	0	0
0	0	0
0	0	0
0	0	0
0	0	0
0	0	0
0	0	0
0	0	0
0	0	0
0	0	0
0	0	0
0	0	0
0	0	0
0	0	0
0	0	0
0	0	0
0	0	0
0	0	0
0	0	0
0	0	0
0	0	0
0	0	0
0	0	0
0	0	0
0	0	0
0	0	0
0	0	0
0	0	0
0	0	0
0	0	0
0	0	0
0	0	0
0	0	0
0	0	0
0	0	0
0	0	0
0	0	0
0	0	0
0	0	0
0	0	0
0	0	0
0	0	0
0	0	0
0	0	0
0	0	0
0	0	0
0	0	0
0	0	0
0	0	0
0	0	0
0	0	0
0	0	0
0	0	0
0	0	0
0	0	0
0	0	0
0	0	0
0	0	0
0	0	0
0	0	0
0	0	0
0	0	0
0	0	0
0	0	0
0	0	0
0	0	0
0	0	0
0	0	0
0	0	0
0	0	0
0	0	0
0	0	0
0	0	0
0	0	0
0	0	0
0	0	0
0	0	0
0	0	0
0	0	0
0	0	0
0	0	0
0	0	0
0	0	0
0	0	0
0	0	0
0	0	0
0	0	0
0	0	0
0	0	0
0	0	0
0	0	0
0	0	0
0	0	0
0	0	0
0	0	0
0	0	0
0	0	0
0	0	0
0	0	0
0	0	0
0	0	0
0	0	0
0	0	0
0	0	0
0	0	0
0	0	0
0	0	0
0	0	0
0	0	0
0	0	0
0	0	0
0	0	0
0	0	0
0	0	0
0	0	0
0	0	0
0	0	0
0	0	0
0	0	0
0	0	0
0	0	0
0	0	0
0	0	0
0	-1	0
0	0	0
0	0	0
0	0	0
0	0	0
0	0	0
0	0	0
0	0	0
0	0	0
0	0	0
0	0	0
0	0	0
0	0	0
0	0	0
0	0	0
0	0	0
0	0	0
0	0	-1
0	0	0
0	0	0
0	0	0
0	0	0
0	0	0
0	0	0
0	0	0
0	0	0
0	0	0
0	0	0
0	0	0
0	0	0
0	0	0
0	0	0
0	0	0
0	0	0
0.528	0.667	1
0	0.179	0.667
0.218	0.472	0.476
0	0	0
0	0	0
0	0	0
0	0	0
0	0.667	0
0	0	0
0.333	0	0.333
0	0	0
0	0	0
0	0	0
0	0	0
0	0	0
0	0	0
0	0	0
0	0	0
0.476	0.218	0
0	0	0
0	0	0
0.472	1	0.218
0	0	0
0	0	0
0	0	0
0	0	0.244
0	0	0
0	0	0
0	0	0
0.545	0.679	0.582
0	0	-1
0	-1	0
0	0	0
0	0.667	0.4
0	0.476	0.667
0	0	0
0.679	0.722	0.545
0	0	0
0	0.533	0
0	0	0
0	0	0
0	0	0
0.4	0.333	0.47
0.4	0.333	0.333
0	0	0
0.524	0.244	0.464
0	0	0
0	0	0
0.533	0	0
0	0	0
0	0	0
0	0	0
0.667	0	0
0	0	0.333
0	0	0
0.582	0.545	0.722
0	0	0
0	0.4	0.333
0	0	0
0	0	0
0	0	0
0.722	0.582	0.714
0.47	0.4	0.485
0	0	0
0	0	0
0.4	0	0
0	0	0
0.333	0.333	0.4
0	0	0
0	0.464	0.667
0	0	0
0	0	0
0.714	0.722	0.667
0	0	0
0	0	0
0	0	0
0	0	0
0	0	0
0	0	0
0.179	0	0
0	0	0
0	0	0
0	0.667	0.667
0.667	0.714	0.418
0	0	0
0	0	0.179
0.667	0	0
0	0	0
1	0.528	0.472
0	0	0
0	0	0.533
0	0	0
0.333	0	1
0	0	0
0.667	0	0.528
0	0	0
0	0	0
0	0	0
0	0	0
0	0.667	0
0	0	0
0	0	0
0	0	0
0	0	0
0	0	0
0	0	0
0	0	0.667
0	0	0
0	0	0
0	0	0
0	0	0
0	0	0
0	0	0
0.667	0	0
0	0	0
1	0	0
0	0.667	0
0	0	0.8
1	0	1
0	0	0
0	0	0
0.333	0	0.333
0	0	-1
0	0	0
0	0	0
1	0.3	0.5
0	0	0
0	0	0
0	0.372	0.333
0	0	0
0	0	1
0.4	0	0
0	0	0
0	0	0
0	0	0
0.6	0	1
0	0	0
0.095	0.667	0.4
0	0	0
0	0	0
0.5	1	0.5
0	0	0
0	0	0
0	0	0
0	0	0
0	0	0
0	0	0
0	0.4	0.667
0	0	0
0	0	0
0	0	0
0.8	0	0
0	0	0
0	0	0
0	0	0
0	0	0
0	0.286	1
0	1	0
0	0	0
0	0	0
0	0	0
0	0	0
0	0	0
0.333	0	0.571
0	0	0
0	0	0
0	0.667	0
0	-1	0
1	0.6	0.444
0	0	0
0	0	0
0	0	0
0	0	0
0	0	0
0	0	0.333
0	0	0.348
0.5	0.5	0
0	0	0
0	0	0.467
0	0	0
0	0	0
0	0	0
0	1	0
0	0	0
0	0	0
0.667	0.833	0
0	0	0
0	0	0
0	0.333	0
0	0	0
0	0	0
0.667	0	0.095
0	0	0
0.286	0	0
0	0	0
0	0	0
0	0	0
0	0	0
0	0	0
0	0	0
0	0	0
0.667	0	0
0	0	0
0	0.667	1
0	1	0.167
0.7	0	0
0	0	0
0	0	0
0	0	0
0.348	0	0.278
0	0	0
0	0	0
0	0	0
0	0	0
0	1	0
0	0	0
0	0.1	0
0	0	0
0.833	0.667	0.667
0	0	0
0	0	0
0	0	0
0	0	0
0	0	0
0	0	0
0	0	0
0	0	0
1	0	0
0	0.7	0
0	0	0
0	0	0
0	0	0
0.288	0.381	0
0	0	0
0	0	0
0	0	0.4
0	0	0
0	0.248	0
0	0.467	0
0	0	0
0	0	0
0	0	0
0	0	0
0	0	0
0	0	0
0	0	0
0.167	0	0
0	0	0.667
0.3	0.179	1
0	0	0
0	0	0
0	0	1
0	0	0
0	0.667	0
0	0	0
0	0	0
0	0	0
0.248	0.467	0
0	0	0
0	0	0
0	0	0
0	0	0
0.533	0.333	0.667
0	1	0.333
0	0	0
0	0	0
1	1	0
0	0	0
0	0	0
0	0	0
0	0	0
0	0	0
0	0	0
0	0	0
0.4	0.095	0
0	0	0
0	0	0.8
0	0	0
0	0	0
0.238	0	0
0	0.8	0
0	0	0
0.524	0.333	1
0	0	0
0	0	0
0	0.167	0.1
0.381	0	0.288
0	0	0
0	0	0
0	0	0
0	0	0
0.667	0	0
0.833	0.571	1
0.667	0.533	0
0	0	0
0	0	0
0	0	0
0	0	0.289
0.179	0.333	0.3
0	0	0
0	0	0.333
0.467	1	0.248
0	0	0
0	0.667	0
0	1	0
0	0	0
0	0	0
0	0	0
1	0.833	0.467
0.6	0	0.372
0	0	0
0	0	0
0	0	0
0	0	0
0	0	0
0	0	0
0.333	1	0.533
1	0	0
0	0	0
0	0.667	0
0.1	0	0
0	0	0
0	0	0
0	0	0
0	0	0.6
0.467	0	0
0	0	0
0.667	0	0
0	0	0.667
0.333	0	0.179
0.333	0	0
0	0	0
0.333	0	0
0	0	0
0	0	0
0	0	1
0	0	0
0	0	0
0	0	0
0	0.8	0
0	0	0.333
0	0	0
0	0	0
0.667	0	0
0	0	0
0	0.5	0.286
0	0	0
0	0.133	0
0	0	0
0	0	0
0	0	0
0	0	0
0.571	0.333	0.833
0	0	0
0	0.528	0
0	0	0
0	0	0
0	0	0
0	0	0
0.8	0	0
0	0	0
0.667	0	0
0	0	0
0	0	0
0	0	0.667
0.393	0.333	0.333
0	0	0
0	0	0
0	0	1
0.528	0	0
0	0	0
0	0	0
0	0	0
0	0.667	0.381
0	0	0
0	0	0.133
0	0	0
0	0	0
0	0.4	0
0	0	0
0	0	0
0	0	0
0.372	0.6	0
0	0	0
0	0	0
0	0	0
0	0	0.7
0	0	0
0	0	0
0	0	0
0	0	0.528
0	0	0
1	0	0
0	0	0.667
0	0	0
0	0	0
0	0	0
0	0	0
0	0	0
0	0	0
0	0.333	0
0	0	0
0.333	0.393	0.524
0	0	0.667
0	0	0
0	0	0
0	0	0
0	0	0
0	-1	0
0.6	0	0.25
1	0.5	0.6
0	0	0
0	0	0
0	0	0
0	0	0
0	0.381	0.6
0	0	0
0.321	0.6	0.833
0	0	0
0.5	0.389	1
0.333	0	0
0	0	0
0	0	0
0	0	0
0.833	0.321	0
0	0	0
0	0	0
0	0.667	0.381
0.393	0.4	0.393
0	0	0
0	0	0
0	0	0
0	0	0.667
0.5	0	0
0	0	0
0	0	0
0	0	0
0	0	0
0	0	0
0	0	0
0	0	0
0	0	0
0.6	1	0.321
0	0.5	0
0	0	0
0	0	0
0	0	0
0	0	0
0.25	0.6	0.7
0	0	0
0	0	0
0	0	0
0	0	0
0	0	0
0	0	0
0	0	0
0	0	0
0	0	0
0	0	0
0	0	0
0.4	0.393	0.417
0	0	0
0	0.7	0.389
0	0	0
0	0	0
0	0.333	0.167
0	0	0
0	0	0
0	0	0
0	0	0
0.393	0.393	0.4
0	0	0
0	0	0
0	0.833	0.5
0	0	0
0	0	0
0	0	0
0	0	0
0	0	0
0.7	0.25	0
0.381	0	0
0	0	0
0.389	0	0.5
0	0	0
0	0	0
0.667	0	0
0	0	0
0	0	0
0	0	0
0	0	0
0	0	0
0	0	0
0	0	0
0	0	0.667
0	0	0
0	0	0
0	0	0
0	0	0
0	0	0
0	0	0
0	0	0
0	0	0
0	0	0
0	0	0
0	0	0
0	0	0
0	0	0
0	0	0
0	0	0
0	0	0
0	0	0
0	0	0
0	0	0
0	0	0
0	0	0
0	0	0
0	0	0
0	0	0
0	0	0
0.256	0	0
0.643	0.528	0.4
0	0	0
0	0	0
0	0	0
0	0	0
0	0	0
0	0	0
0	0	0
0.333	0	0
0	0	0
1	0	0
0	0	0
0	0.667	0
0	0	0
0	0	0
0	0	0
0	0	0
0	-1	0
0	0	0
0.611	0.667	0.528
0.528	0.611	0.396
0	0	0
0	0	0
0	0.256	0
0	0	0
0	0	0
0	0	0
0	0	1
0	0.333	0
0	0	0
0	0	0
0	0	0
0	0	0
0	0	0
0	0	0
0	0	0
0	0	0
0	0	0
0	0	0
0	0	0
0	0	0
0	0	0
0.396	0.528	0.528
0	0	0
0	0	0
0	0	0
0	0	0
1	0	1
0	0	0
0	0	0
0	0	-1
0	0	0
0	0.167	0
0.255	0.464	0.3
0	0	0
0	0	0
0	0	0.667
0	0	0
0	0	0
0	0	0
0	0	0
0	0	0
0	0	0
0	0	0
0	0	0
0.333	0	0
0	0	0
0	0	0
0	0	0
0	0	0
1	0	0
0.333	1	0.333
0	0	0
0	0	0
0	0	0
0	0	0
0	0	0.2
0	0	0
0	0	0
0	0	1
0	0	0
0	0	0
0	0	0
0	0	0
0	0	0.333
0.4	0	0
0	0	0
0	0	0
0.345	0.286	0.342
0	0	0
0	0	1
0	0	0
0	0	0
0	0	0
0.667	0	0
0	0.2	0
0	0	0
0	0	0
0	0	0
0	0	0
0	0	0
0	0	0
0.4	0.643	0.47
0	0.667	0
0	0	0
0	0	0
0	0	0
0	0	0
0	1	0.167
0	0.333	0
0	0	0
1	1	0
0.333	0.333	1
0	0	0
0	1	0
0	0	0
0	0	0
1	0	1
0	0	0
0	0	0
0	0	0
0	0	0
0	0	0
0	0	0
0	0	0
0	0	0
0	0	0
0	0	0
0	0	0
0.47	0.4	1
0	0	0
0.476	0.311	0
0	1	0
0	0	0
0	0	0
0.167	0	0
0.667	0	0
0	0	0
0.342	0.345	0.667
0	0	0
0.2	0	0
0	0	0
0	0	0
0	0	0
0	0	0
0	0	0
0.8	1	0.422
0	0	0
0	0	0
0	0	0
0	0	0
0	0	0
1	1	0.333
0	0	0
0	0	0
0	0	0
0	0	0
0	0	0
0	0.476	0.327
0	0	0
0	0	0
0	0	0
0	0.4	0
0	0	0
0	0	0.667
0	0	0
0	0	0.333
1	0.47	0.8
0	0	0
0	0	0.333
0.5	0.356	0.5
0.333	0	0
0.333	0	0.4
0	0	0
0	-1	0
0.333	0	0
0	0	0.3
0	0	0
0	0.5	0.214
0	0.333	0
0.179	0	0.1
1	1	0
0	0	0.333
0	0	0
0	0.036	0
0	0.333	0
0.464	0.5	0.333
0	0	0.5
0	0	0.036
0	0.6	0
0.5	0	0
0	0	0
0	1	0
0	0	0
0.214	0	0
0	0	0
0	0	0
0	0	0
0.036	0	0
0.5	0.5	0.464
0	0	0
0	0	0
0.6	0.333	0
0.1	0.179	1
0	0	1
0	0	0
0	0.3	0
0	0	0
0	0	0
0	0	0
1	0	1
0	0	0
0	0	0
1	0.1	0
0.2	0	0
0.4	0.333	0
0.286	0.524	0.333
0	1	0
0.3	0	0
0	0	0
0	0	-1
0	0.214	0.179
0	0	0
0	0	0
0.524	0.429	0.286
0	0	0
0	0	0
0	0	0
0	0.2	0
0	0	0
0	0.4	0
0	0	0.333
0	0	0
0.273	0.667	0.171
0	0	0
0	0	0
0	0	0
0.5	0	0.267
0.679	0	0.667
0.667	1	0.333
0	0	0
0	0	0
0	0	0
0	0.333	0
0	0	0
0	0	0
0	0	0
0	0	0
0	0	0
0	0	0
0	0.333	0.5
0	0	0
0	0	0
0	0	0
0	0	0.167
0.1	0	0.667
0	0	0
0	0	0
0.222	0.286	0
0	0	0
0	0	0
0.333	0.2	0
0	0.167	0
0	-1	0
0	0	0
0	0	0
0	0	0
1	0.4	0.667
0	0	0
0.333	0.867	0
0	0	0
0	0	0
0	0	0
0.333	0.667	0
0	0	0
0	0.5	0.5
0.667	0	0.273
0	0	0
0	0	0
0	0	0
0	0.222	0
0	0	0
0	0	0
0	1	0
0	0	0
0	0	0
0	0	0
0	0	0
0.5	0	0.286
0	0	0
0	0	0
0	0	0
0	0	0
0.167	0	0
0	0	0
0	0	0
0	0.571	0
0	0	0
0	0	0
0	0	0
0	0	0
0	0	0
0	0	0
0.333	0	0
0	0	0
1	0	0
0	0	0
0.267	0.5	0.095
0	0	0
0	0	0
0	0	0.667
0	0	0
0	0	0
0	0	0
0	0	0
0	0	0
0	1	0.167
0	0	0
0	0	0
0	0	0
0	0	0
0.5	0	0.357
0	0	0
0	0	0
0	0	0
0	0	0
0	0	0
0.083	0	0
0	0	0
0	0	-1
0	0	0
0	0	0
0	0.167	0.5
0	0	0
0	0	0
0	0	0
0	0	0
0	0	0
0	0	0
0	0	0
0	0	0
0	0	0
0	0	0.2
0	0	0
0	0	0
0	0	0
0	0	0
0	0	0
0	0	0
0	0	0
0	0	0
1	0	0
0	0	0
0	0	0
0	0	0
0	0.083	0
0	0	0.679
0	0	0
0	0.3	0
0	0	0
0	0	0
0.205	0.095	0.1
0	0	0
0	0	0
0	0	0
0.286	0.5	0
0.25	0.333	0.476
0	0	0
0	0	0
0	0	0
0	0	0
0.167	0	0
0	0	0
0	0	0
0	0	0
0	0	0
0	0	0
0.667	0.1	0
0	0	0
0	0	0
0	0	0
0	0	1
0	0	0
0.095	0.267	0.205
0	0	0
0	0	0
0	0	0
0	0	0
0	0	0.194
0.867	0.533	0.333
0	0	0
0	0	0
0	0	0
0	0	0
0	0	0
0	0	0
0	0	0
0	0	0
0.214	0.171	0.5
0	0	0
0.357	0.5	0.571
0	0	0
0	0	0
0	0	0
0	0	0
0	0	0
0.4	0	1
0	0	0
0	0	0
0	0	0
0.5	0	0
0	0	0
0	0	0
0	0.333	0
0	0.667	0.083
0	0	0
0	0	0
0	0	0
0	0	0
0	0	0
0	0	0
0	0	0
0	0.333	0
0.194	0	0.333
0	0	0
0	0	0
0	0	0
0	0	1
0	0	0
0	0	0
0	0	0
0	0	0
0	0	0.4
0	0	0
0	0	0
0	0	0
0	0	0
0	0	0
0	0	0
0	0	0
0	0.286	0.5
0	0	0
0	0	0.1
0	0	0
0	0	0
0	0	0
0	0	0
0	0	0
0	0	0
0	0	0
0	0	0
0	0	0.167
0	0	0.5
0.467	0	0.571
0	0	0
0	0	0
0	0	0
0	0	0
0.8	0.286	0.618
0.714	0.6	0.7
0	0	0
0	0	0
1	0.394	0
0.167	0	0.333
0	0	0
0.571	0.467	0.6
0.667	0.667	0
0	0	0
0	0	0
0	0	0
0.333	0.3	0
0	0.667	0
0	0	0
0	0	0
0	0	0
0	0	0
0	0	0.4
1	0.167	0
0	0	0
0	0	0
0	0	0
0	0	0
0.382	0	0.476
0	0.667	0
0	0	0
0	0	0
0	0	0
0.5	0	0
0	0	0
0	0	0
0.385	0	0.286
0.297	0.433	0.571
0	0	0
0	0	0
0	0	0
0	0	0
0	0	0
0.214	0.1	0
0	1	0.467
0	0	0
0.318	0.356	0.667
0	0	0
0	0	0
0	0	0
0	0	0
0.667	0.5	0
0	0	0
0	0	0
0.3	0.667	0.333
0	0	0
0	0	0
0	0	0
0	0	0
0	0	0
0.433	0.429	0.297
0	0	0
0	0	0
0	0	0
0	0	0
0	0	0
0	0	0
0.4	0	0
0	0	0
0	0	0
0	0	0
0	0	0
0	0	0
0.667	0.318	0.3
0	0.205	0.394
0	0	0
0	0	0
0	0	0
0	0	0
0	0	0
0.489	0.422	0.6
0	0.667	0
0	0	0
0.1	0	0.214
0	0	0
0	0	0
0	0	0
0	0	0
0	0	0
0	0	0
0	0	0
0	0	0
0.4	0	0.4
0	0	0
0	0	0
0	0	0
0	0	0
0	-1	0
0	0	0
0	0	0
0	0	0
0.4	0.4	0.374
0	0	0
0	0	0
0	0	0
0	0	0
0	0	0
0	0	0
0	0.4	0.1
0.356	0.476	0.318
0	0	0
0	0	-1
0	0	0
0	0.5	0
0	0	0.333
0	0	0
0	0	0
0.464	0.536	0.667
0.333	0.667	0
0	0	0
0.7	0.536	0.536
0	0	0
0.394	0	1
0.571	0.321	0.356
0	0	0
0	0	0
0	0	0
0.374	0.4	0.422
0	0	0
0.278	0	0.167
0	0	0
0	0	0
0	0	0
0	0	0
0	0	0
0	0	0
0.667	0.464	0
0	0	0
0	0	0
0	0	0
0	0.511	0.385
0	0	0
0.25	0	0
0.393	0	0.333
0	0	0
0.476	0.288	0.356
0	0	0
0	0	0
0	0	0
0.5	0.618	0.667
0.524	0	0
0	0	0
0	0	0
0	0	0
0	0	0
0	0	0
0	0	0
0.667	0	0.333
0	0	0.667
0	0	0
0.6	0.489	0.714
0	0.333	0.667
0	0	0
0	0	0
0.288	0	0.476
0	0	0
0	0.667	0.4
0	0	0
0	0	0
0	0	0
0	0	0
0.6	0.571	0.536
0.356	0.571	0.417
0.536	0.7	0.464
0	0	0
0	0	0
0.167	0.278	1
0	0	0
0	0	0
0	0.333	0.333
0	0.25	0
0	0	0
0	0	0
0	0	0
0	0	0
0	0	0
0.198	0.166	0
0	0	0
0	0.524	0.511
0	0	0
0	0	0
0.333	0	0
0	0	0
0	0	0
0	0	0
0.491	0.333	0.667
0.286	0.385	0.8
0	0	0
0	0	0
0	0	0
0	0	0
0	0	0
0	0	0
0.511	0	0
0	0	0
0	0	0
0	0	0
0.536	0.6	0.7
0	0	0
0.333	0.393	1
0.166	0.7	0.198
0.667	0	0
0	0.333	0.393
0	0	0
0.2	0.111	0
0	0.214	0
0	0	0
0	0.5	0.25
0	1	0
0.422	0.374	0.489
0	0	0
0	0	0
0	0.333	0
0	0	0.278
0	0.2	0
0	0	0
0	0	0
0	0	0
0	0	0
0	0	0
0	0	0
0.618	0.8	0.5
0	0	0.333
0.333	0.167	0
0	0	0
0	0	0
0	0.333	0
1	0.333	0.833
0	0	0
0	0	0
0.7	0.714	0.166
0	0	0
0.389	0.464	0.619
0	0	0
0	0.333	0
0	0	0
0	0	0
0.267	0.267	0.533
0.667	0	1
0.667	0.467	0.7
0	0	0
0	0	1
0.467	0.6	0.667
0	0	0
0	0	0
0	0	-1
0	0.3	0
0	0	0
0	0	0
0	0	0
0	0	0
0	0	0
0	0	0
0	0.167	0.3
0.167	0	0
0	0	0
0	0	0
0	0	0
0.267	0	0
0	0	0
0	0	0
0	0	0
0	0	0
0	0.7	0
0	0	0
0	0	0
1	0	0.267
0	0	0
1	0.667	0
0	0	1
0	0	0
0.238	0.667	0
0	0	0
0.7	0.667	0
0	0	0
0	0	0
0	0	0
0	0	0
0.139	0	0
1	0	0
0	0.333	0
0	0	0
1	0	0
0	0	0
0.533	0.267	0.667
0	0	0
0	0	0
0	0	0
0	0	0
0	0	0
0	0	0
0	0	0
0	0	1
0	0	1
0	0	0
0	0	0.267
0	0	0.667
0	0	0
0	0	0
0	0	0.167
0	0	0
0	0	0
0	0	0
0	0	0
0	0	0.139
0	0	0
0.667	0	0.3
1	0	0
0	0	0
0	0	0
0	0	0
0	0	0
0	0	0
0	0	0
0	0.238	0.2
0	0	0
0	-1	0
0	0	0
0.167	0	0.289
0.7	0	0
0	0	0
0	0	0
0	0	0
0.333	0.333	0.5
0	0	0
0	0.25	1
0	0	0
0	0	0.111
0	0	0
0	0	0
0	0	0
0	0	0
0	0	0
0	0.167	0
0	0	0
0	0.6	0.333
0	0	0
0	0.393	0.6
0	0	0.167
0	0	0
0	0	0
0.667	0.333	0.192
0	0	0.7
0	0	0
0.286	0	0
0	0	0
0	1	0.238
0.2	0	0
0	0	0
0.2	0.179	0.222
0	0.179	0.667
0	0	0
0	0.267	0
0	0	0
0.333	0	0
1	0	0
0	0	0
0.222	0.2	0
0	0	0
0	0.222	0.286
0	0.289	0.5
0.333	0	0.333
0	0.333	0.533
0	0	0
0.111	0	0
0	0	0
0	0.533	0
0.5	0	0
0	0.286	0.5
0	0	0
0.393	0	0
0.533	0	0
0.167	1	0
0	0	0
0.179	0.145	0.2
0	0	0.333
0	0	0
0	0.2	0
0	0	0
0	0	0
0	0	0
0	0	0
0	0	0
0.25	0.5	0
0.238	0	0
0	0	0.393
0	0	0
0	0	0
0	0	-1
0.5	0.333	0.3
0	-1	0
0	0.476	0.667
0	0.7	0
0.6	0	0
0.333	0	0
0	0	0
0	0	0
0	0	0
0.3	0.5	0.145
1	0	0.167
0	0	0
0	0.238	0.5
0.5	0	0.25
0.145	0.3	0.179
0	0.5	0.6
0	0.286	0
