0
0
0.5
0.514
0.673
0.333
0.404
0
0
0
0.7
0
0
1
0
0
0.409
1
0
0
0.4
0
0
0
0
0
0
0
0
0
0
0
0
0
0.536
0
0.5
0
1
0
0
0
0
0
0
0
0
0.579
0
0.733
0.521
0.5
0
0
0
0.8
0
0.329
0
0
0
0
0.571
0
0
0.332
0
0
0
0
0
0.333
0.955
0
0
0
0
0
0.456
0
0
0
0
0.585
0
0
1
0
0
0
0
0
0
0
0
0
0
0
0
0
0
0.667
0
1
0
0
0
0.357
1
0
0
0.667
1
0
0
0
0
0
0
1
0
0
0
0.667
0
0
0
0
0
0
0
0
0
0
0
0
0.6
0
0.778
0.511
0
0
0
0
0
0.476
0
0
0
0
0.641
0
0
0
0
1
0
0
0
0.762
0
0.5
0
0
0
0.581
0.305
0.315
0
0
0
0
0
0
0
0
0.667
0
0.48
0
0.333
0
0
0.524
0
0
0
0
0
0
0
0.833
0
0
0
0
0
0.333
0
0
0.556
0
0
0
0
0
0
0.5
0.529
1
0
0.489
0
0
0
0
0
0
0.283
0.214
0
0
0
1
0
0
0
1
0.75
0
0.1
0
0
0
0.267
0
1
0.41
0
0.247
0.569
0
0
0
0
0
0
0
0
0
0
0
0
0
0
0
0
0
0
0.453
0.692
0
0
0
0
0
0
0
0
0
0
0
0
0
0
0
0.5
0
1
0
0.821
0
0
0
0.857
0
0
0
0.667
0
0
1
0
0.833
0.571
0
0
0
0
0
0
0
0
0
0
0
0.44
0
0
0.619
0.929
0
0.421
0
0.417
0
0
0
0
0
0.342
0.769
0
0
0
0
0.604
0
0.431
0
0
0
0
0
0
0
1
0
0
0
0
0
0
0
0
0
0.498
0.286
0
1
0
0.398
0
0
0
0
0.426
0.833
0.711
1
0.703
0.655
0.333
0
0.536
1
0
0.933
0
0
0
0
0
0
0
0
0
0.571
0
0
0
0.289
0
0
0
0
0.733
0.407
0
0
0.667
0
0
0
0
0
0
0
0
0.333
0.333
0
0
0
0
0.374
0
0
0
0
0
0.2
0
0.536
0
0
0
0.833
0.267
0.556
0
0.217
0
0
0
0
0
0
0
0
0
0
0.667
0
0
0.5
0.511
0
0
0
0
0
0
0
0
0
0
0
0.311
0
0
0
0
0
0
0.6
0.528
0.273
0
0.275
0
0
0
0
0.25
0
0.833
0.9
0.345
0
0
0
0
0
0.643
0
0
0
1
0
0.5
0
1
0
0
0
0
0.667
0
0
0.5
1
0.167
0.667
0
0.489
0
0
0.222
0
0.291
0.722
0.833
0
0
0
0.8
0
0
0.667
0.5
1
0.643
0
0
0
0.714
0
0
0
0
0.607
0.5
0
0
0
0
1
0
0
0
1
1
0
0
0.667
0
0
0
0.5
0
0
0
0
0.321
0
0.389
0
0.833
0.571
0
0.283
0
1
0
0
0.537
0
0
0.7
0.333
1
0
0
0
0.524
0
0
0
0
0
0.274
0
0
0
0
0.4
0.32
0
0.493
1
0
0
0
0.625
0
0
0
0
0
0
0
0
0
1
0
0.389
0
0.6
0
0
0
0
0
0
0
0.619
0
0.436
0
0
0.744
0.9
0
0
0
0
0.463
0
0
0.379
0.562
0
0.198
0.472
0
0
0
0
0.363
0
0.648
0
0
0
0
0
0
0
0
0
0
0
0
0
0
0.667
0
0
0.889
0
0.762
0
0.667
0
0
0
0.764
0
0.709
0.542
0.821
1
0
0
0.8
1
0
0.424
0.473
0.6
0.533
0
0.048
0
0
0
0
0.4
0
0
1
0
0
0.381
0
0.695
1
0.857
0
0.722
0
0.601
0.9
1
0
0.5
0
0.689
0.667
0
0
0.529
0
0
0
0
0.417
0
0
0
1
0
1
0
0.602
0
0
0
0
0.6
0
0
0
0
0
0
0
0
0.378
0
0
0.9
0.733
0.5
0
0
0
0
0
0.2
0
0
0
0
0
0.822
0.333
0.545
0.667
0
0
0
0.533
0.8
0
0
0
0
0
0
0
0.5
0
0
0.286
0.742
0
0.167
0.379
0.5
0
0.629
0
1
0.733
0
0
0
0.19
0.333
0
0.467
0.5
0
0
0
0.667
0.637
0.107
0.4
0.4
0
0.464
0.333
0.667
0.667
0
0.636
0
0
0
0
0
0.822
0
0
0.4
0
0
0
0.533
0
0
0.4
0.524
0.522
0
0.593
0.558
0
0
0.727
0
0
0.464
1
0
0
0
0
0.333
0
0
0.4
0
0
0.8
0
0
0.333
0
0.556
0
0
0
0.727
0
0
0
0
0.333
0
0
0
0.55
0.422
1
0
0
0
1
0
0.667
0
0
0
0.542
0.306
0
0.476
0
0
0.341
0.5
0
1
0
0
0
0.613
0
0
0.743
0.929
0
0
0.39
0.733
0
0
0
0
1
0
1
1
0
0
0
0
0
0
0
0
0.846
0
0.333
0
0
0
0
1
0
0
0
0
0
0
1
1
0
0.5
0
0
0.5
0.905
0.393
1
0
0.594
0.524
0.19
0
0.557
0.757
0
0
1
0
0
0
0
0.304
0.588
0
0.708
0
0
0.711
0
0
0.35
0.511
0.444
0
0
0
0
0
0
0
0
0
0.583
0.639
0.8
0
0
0
0.747
0
0.6
0.756
0
0
0.933
0
1
0
0
0
0
0.905
0
0
0
0.46
0
0.333
1
0.333
0
0
0
0
0
0
0.855
0
0
0
0.679
0
0
0
0.26
0.788
0.8
0
0.893
0
0
0
0
1
1
0
0
0
0
0
0.5
0.467
0.7
0
0
1
0
0
0
0.9
1
0
0
0
0.8
0
0
0
0.773
0
0.552
0
0.733
0
0
0.829
0.571
0
0
0
0.405
0
0
0
0
0
0
0.167
0
0
0
0
0.806
0
0
0.333
0
0
0
0
0
0
0.933
0
0
0
0
0
0.521
0.495
0
0.4
0
0
0
0
0
0
0.614
0
0
0.597
0
0
0.667
0
0.32
0
0
0
0
0.654
0
0
0
0
0
0
0
0
0
1
0.5
0
1
0
0
0
0
0.4
0
0
0
0
0
0
0.254
0
0
0.857
0
0
0.456
0
0
0
0
0
0
0
0
0
0
1
0.419
0
0
0.333
0.474
0
1
1
0
0.383
0
0
0
0.8
0
0.439
0
1
0
0
0
0
0
0
0
0
0
0.5
0
0
0
1
0
0
0
0
1
0.667
0
0
0
0
0.786
0
0
0.333
0
0
0
0
0
0
0
0.629
0
0.528
0.9
0
0.833
0.61
0
0
0
0.571
0
0
0.641
0.606
0
0
0.821
0
0
0
0.568
0
0
0
0
0
0
1
0
0
1
0
0
0
0
0
0
0.933
0
0
0
0
0
0
0
0.762
0
0
0
0
0
0.524
0
0.667
0.861
0
0.764
0.333
0
0
0
0
0
0
1
0
0
0.383
0
0
0
0.633
0.564
0
0
0
0.47
0
0
0
0.091
0
0.545
0.489
0.383
0
0
1
0
0
1
0
0.679
0
0
0
0
0
0
0.929
0
0
0.436
0
1
0
0
1
0
0
0.833
0.588
0
0
0
0
0.667
0.667
0
0.61
0
0
0
0
0
0
0.5
0
0
0.523
0
0
1
0
0
0
0
0.709
0
0
0.611
0.667
0
0
0
0
0.933
0
0.676
0.783
0.336
0
0.629
0
0
0
1
0
0
0
0
0
0
0
0
0
0
0.582
0
0
0.571
0.626
0
0
0.771
0
0.515
0.5
0
0
0
0
0
0
0.283
0.727
0
0
0
0
0
0
0
0
0.833
0
0
0.369
0.81
0.756
0
0
0
0
0
0
0.413
0.709
0
0.333
0
0
0.724
0
0
0
0
0.917
0
0
0
0
0.9
0
0
0
1
0.679
0.927
0
0.107
0.905
0
0
0
0.773
0.219
0
1
0.927
0
1
0
0.333
0.533
0.682
0
0.6
0
0
1
0
0
0
0
0
0
0
0
0.556
0
0
0
0
0
0
0.667
0
0
1
0.513
0
0
0
0
0
0
0
0
0
0
0.577
0.49
0
0
0
0
0
0
0
0.667
0.54
0
0
0
0.667
1
0
0
0.584
0
0
0
0
0
0
0
0
0
0
0
0
0
0.711
0
0
0
0
0
0
0
0
0.361
0
0
0.722
0
0.385
0
0
0
0
0
0.551
0
0
0
0
0.486
0.833
0.417
0
0.422
0
0
0
0
0.619
0.576
0
0
0
0
0.545
0.3
0
0
0.833
0
0.242
0
1
0
0
0.7
0
0
0
0
0
0
0.667
0.528
0
0
0
0
0
0.8
0
0.167
0
0.4
0
0.582
0
0
0.6
0.533
0
0.667
0
0
0
0
0
0
0
0
0.6
0
0
0
0
0.524
0
0
0.4
0
0
0
0
0
0
0
0
0
0
0
0
0
0
0.2
0
0
0.7
0
0
0
0
0
0
0
0
0
0
0
0
0
0
0
0.79
0
0
0
0
0
0.9
0
0
0
1
1
0.376
0
0
0.443
0
0
0
0
0
0
0
0.9
0.833
0
0
0
0
0
1
0
0
0
0
0.821
0
0
0.284
0
0.945
0
0
0
0.468
0.8
0
0.345
0
0
0
0
0
0.667
0.679
0
0
0
0
0.333
0.571
0
1
0
0
0
0
0.395
0
0
0
0.782
0.813
0
0
0
0
0
0.5
0.567
0
0.818
0
0
0
0.8
0
0
0
0
0.54
0
0
0
1
0.692
0
0
0
0
0
0
0
0
0
0
0
0.536
0.649
0
0.42
0.395
0
0
0
0
0.733
0
0
0.822
0.456
0
0
0.836
0
0
0
0
0
1
0
0
0
0.608
0.867
0
0
0
0
0
0
0.857
1
0
0
0
0
0
0
0
0
0
0.743
0
0.544
0
0.673
0
0.756
1
0
0
0
0
0
0.714
1
0.706
0
0
0
0.333
0
0
0
0
0
0.619
0
0.418
0
0
0.444
0
0
0.467
0
0
0
0.333
0
0.4
0
0.667
0
0.439
0.4
0.5
0
0
0.667
0.429
0
0.467
0
0
0
0
0
0.227
0
0.714
0.2
0.6
0
0
0.467
0
0
0
0.505
0
0
0
0
0
0
0
0
0.571
0
0.667
0
0
0.394
0
0
0
0
0
0
0.5
0
0
0
0
0.4
0
0.552
0
0
0
0
0.471
0.476
0
0
0.556
0
0.6
0.158
0
0
0.175
0
0
0
0
0
0
0
0
0
0
0
0
0
0
0.6
0
0
0
0.333
0
0
0
0
0.217
0
0
0
0
0
0
0
0
0
0
0
0
0.167
0
0
0
0
1
0
0.378
0
0
0
0
1
0
0
0
0
0
0
0.444
0.667
0
0.8
0
0.333
1
1
0
0
0
1
0
0
0
0
0
0
0
0
0
0.626
0
0
0
0
0.515
0
0
0
0
0.333
0.5
0
0.429
0
0
0
0
0
0.657
0
0.667
0.583
0
0
0
0
0
1
1
0.75
0
0
0.361
0.5
0.6
0
0.5
0.355
0.833
0.267
0
0
0.667
1
0
0
0
0
0
0
0
0
0
0.615
0
0
0
0
0
0
0
0
0
0
0
0.439
0
0
0
0
0
0
0
0.667
0
0.509
0
0
0
0
0
0
0
0
0.464
0
0.4
0
0.333
0
0
0
0
0.472
0
0.7
0
0
0
0
0.267
0.528
0
0.3
0
0.533
0.581
0
0.667
0
1
0
0.643
0
0
0
0.806
0.667
0
0.689
0
0.571
0.637
0
0.5
0
0
0
0
0.727
0
0
0.333
0
0.593
0.333
0
0
0.333
0.327
0
0.39
0
0
0.5
0
0
0.667
0
0
0
0
0
0.517
0
0
0.2
0.8
0
0
0
0
0
0
0.529
0.5
0.533
0
0
0.552
1
0
0
0.55
0
0.238
0
0
0
0.578
0.667
0.333
0.111
0
0
0.462
0
0
0.667
0.745
0.333
0
0.667
0
0
0
0
0
0
0
0
0
0
0.667
0
0
0
0
0.667
0.667
0
0.333
0
0
0
0
1
0
0.944
0
0.667
0
0
0
0
0.5
0
0
0
0
0
0
0
0
0
0
0.3
0
0.509
0
0
0
0
0
0.667
0.628
0
0
0
0
0
0
0
0
0
0
0
0.5
0
0
0
0
0.484
0
0
0
0
0.569
0.25
0.523
0
0
0.6
0.936
0
0.5
0.524
0
0
0
0.905
0
0.217
0.423
0
0
0
0
0
0
0
0
0
0
0
0
0
0
0
0
0
0
0
0.391
0
0
0.619
0
0
0
0
0.491
0
0
0
0
0
0
0
0
0.307
0
0
0
0
0
0
0
0.933
0
0.8
0
0
0
0
0
1
0
0
0.647
0
0.216
0.667
0
0.911
0
0
0
0
0
0
0
0
0
0
0
0.588
0.725
0
0
0
0
0
0
0
0.6
0
0
0
0
0
0
1
0
0.327
0.571
1
0
0
0.49
0
0
1
0
0
0
0
0.571
0.463
0
0.333
0
0
0
0
0
0.676
0
0
0.541
0
0.846
0
0
0.333
0
0
0
0
0
0
0
0
0
0
0.55
0
1
0
0
0
0
0
0
0.667
0
0.364
0
0
0
0
0.333
1
0.833
0
0
0
0
0
0.6
0
0
0
0
0
0.667
0
0
0.667
0
0
0
0
0
0
0
0.686
0.51
0
0
0.833
0.833
0
0
0.795
0.5
0
0.703
0
0
0
0.3
0
0
0.659
0
0
0.357
0.612
0
0
0
0
0
0.4
0
0
0
0
0
0.403
0
0
0
0
0.618
0
0.538
0
0
0
0
0
0
0
0
0
0
0
0
0.193
0
0
0
0
1
0
0
1
0
0
0
0
0.136
0
0
0
0
0
0
0
0
0
1
0.422
0
0
0.629
0.667
0
0
0
0
0
0
0
0
0
0
0
0
0
0
0
0.536
0
0
0.725
0.455
0
0
1
0
0
0
0
0
0
0
0
0
0
0
0
0
0
0
0
0
0
1
0
1
0
0.348
0
0
0
0.889
0.8
0.643
0
0
0
0
1
0
0.527
0.6
0
0
0
0
0.164
0.306
0
0
0
0
0
0
0.5
0
0
0
0
0
0
0
0
0
0
0
0
0
0
0
0
0.52
0.276
0
0.333
0.833
0.333
0
0
0.879
1
0
0
0.571
0.476
0
0
0.667
1
0
0
0
0
0
1
0.585
0.7
0
0
0
0
0
0
0
0
0.803
0.41
0
0
0
0
0
0
0
0
0
0
0.321
0.588
0
0
0.284
0
0
0
0
0
0
0
0
0
0
0
0.333
0
0
0
1
0
0.625
0
0
0
0
0
0
0
0
0
0
0
0
0
0
0
0
0
0
0.667
0
0
0
1
0
0
0
0
0
0
0
0
0
1
0.333
0.705
0
0
0.393
0
0
0
0
0
0
0
0
0
1
0
0
0
0
0
0.449
0
1
0
0.596
0.861
0
0
0
0
0
0
0
0
0
0
0
0
0
0
0.667
0
0
0.857
0.844
0
0
0
0
0
0.667
0
0.333
0.4
0
0.258
0
0
0
0
0.333
0
0
0.167
0
0
0
0
0.333
1
0
0
0
0
0
0
0
0.571
0
0
0.667
0
0
1
0
0
0
0
0
0
0
0
0
0
1
0
0
0
0
0
0
0
0
0.333
0.608
0
0
0
0
0
0
0.5
0
0.556
0.167
1
0.577
0
0
0.273
0.571
0.34
0
0.368
0
0
0
0.472
0
0
0.226
0.8
0.679
0
0
0
0
0.556
0.571
0
0
0.333
0
0
0.527
0
0
0.667
0
0
0
0
0.81
0.4
0
0
0.857
0
1
0
0.473
0
0
0.333
0
0.429
0.667
0
0
0
0
0
0.578
0.362
0.571
0
0
0.142
0.393
0.449
1
0.667
0
0
0
0
0.536
1
0
0.147
0.1
0
0
0
0
0
0.375
0
0
0.8
0.327
0
1
0
0
0.464
0.333
0
0.267
0.333
0.607
0
0.7
0
0.472
0
0
0.524
0
0
0
0
0
0
0
0.556
0
1
0
0
1
0
0.5
0.2
0.583
1
0
0.536
0.582
0.238
0
0
0.5
0.22
0
0
0
0
0
0.667
0.333
1
0.333
0
0
1
0.81
0
0
0.556
0
0
0.467
0
0.667
0.258
1
0.667
1
0.333
0
0
0
0.833
0.5
0
0.667
0.667
0
0
0
0.762
0
0.779
0
0
0
0
0
0
0
0
0.333
0
0
0
0.686
0
0
0.492
0
0
0
0
0.436
0
0
0
0
0
0
0
0
0
0
0
0
0
0
0
0
0
0.801
0
0
0
0
0
0.718
0
0.593
0
0
0
0
0.824
0.848
0
0
0
0
0
0
0
0
0
0
0
0
0
0.65
0
0
0
0.761
0
0
0
0
0
0.529
0
0
0
0
0
0
0.632
0
0
0
0
0
0
0
0.617
1
0.843
0
0
0
0
0.67
0
0
0
0
0
0
0
0
0
0.478
0
0
0
0.752
0
0
0
0
0
0
0
0
0
0
0
0
0
0
0
0
0
0
0
0
0.714
0
0
0
0
0.642
0.571
0
0
0
0
0.729
0
0
0
0
0
0
0
0
0
0.893
0
0.7
0.795
0
0
0
0.574
0
0
0
0
0
0.824
0.833
0
0
0
0
0.731
0
0.333
0
0
0
0.639
0
0
0
0
0
0.333
0
0.601
0
0
0
0
0
0
0
0.619
0
0
0
0.873
0
0
0
0
0.814
0
0
0.606
0
0
0
0
0
0
0.508
0
0
0
0
0
0
0
0.725
0.784
0
0
0
0
0.658
0
0
0
0
0
0
0.853
0
0
0
0
0
0
0
0
0
0
0.667
0
0
0
0
0.61
0.429
0
0
0
0.167
0
0
0
0
0
0
0
0
0
0
0
0.333
0
0.952
0
0.668
0
0
0
0
0
0
0.693
0
0
0
0
0
0
0
0
0
0
0
0
0
0
0
0
0
0
0
0
0.766
0
0
0
0
0
0
0
0
0
0
0.685
0
0
0
0
0
0
0
0
0
0
0
0
0
0
0
0
0.67
0
0.548
0
0
0
0
0.424
0
0.608
0
0
0.667
0
0
0.595
0
0
0
0
0
0
0
0
0
0
0
0.684
0
0
0
0.71
0.667
0.511
0
0
0
0
0
0
0.689
0
0
0
0.833
0
0.838
0
0
0
0
0.521
0
0
0
0
0
0
0
0.693
0
0
0.69
0
0.409
0
0
0
0.667
0
0
0
0
0
0
0
0
0
0
0.733
0
0
0
0
0
0.833
0.432
0
0
0
0
0
0
0
0
0
0
0.582
0
0
0
0
0
0.442
0.2
0
0
0.846
0
0.8
0
1
0.8
0
0.4
0
0.6
0
0.366
0
0
0
0
0
0
0
0
0.545
0
0
0
0
0.378
0
0.419
0
0.6
0
0
0
0.607
0.467
0
0.495
0
0.556
0
0
0.526
0
0
0
0.833
0
0.352
0.25
0.267
0
0
0
0
0
0.333
0
0
0
0
0
0.389
0.464
0.333
0
0.194
0.267
1
0
0
0
0.333
0
0
0.393
0
0
0.422
0
0.311
0.667
0.167
0.7
0.571
0
0.1
0
1
0
0
0
0.679
0.3
0
0.5
0
0
0
0.333
0
0
1
0
0
0.607
1
0
0
0
0
0
0
0
0
0
0
0
0
0
0
0.582
0
0
0
0.423
0
0
0.595
0.509
0
0.533
0.59
0
0
0
0.706
0
0
0
0
0
0.565
0
0
1
1
0
0
0.658
0
0
0
0.515
0
0
0
0.6
0
0
0
0
0
0
0
0
0
0
0
0
0
0
0.844
0
0
0
0
0.497
0
0
0
0
1
0.648
0.571
0
0
0
0
0
0.387
0
0
0
0
0
0.806
0
0
0.639
0.733
0
0
0
0
0
0.167
0
0
0
1
0
0
0
0
0
0
0
0
0
0.513
0
0.833
0
0
0
0
0
0
0
0
0
0.885
0
0
0.287
0
0.692
1
0
0
0
0.223
0
0.52
0
0
0
0.857
0
0
0
0
0
0
0
0
0
0
1
0
0
0
0
0
0
0
0
0
0.658
0
0.3
0
0.439
0
0
0
0
0.608
0
0
0
0
0
0
0
0
0
0
0
0
0
0
0.879
0
0
0
0
0
0
0
0
0
0
0
0.574
1
0.905
0
0
0
1
0
0.81
0
0
0
0
0
0
1
0
0
0
0
0
0
0.133
0
0
0
0
1
0.743
0
0
0
0
0
0
0
0
0
0
0
0.6
0
0
0
0
0
0
0
0
0
0
0
0
0
0.333
0
0
0
0
0
0
0.333
0
0
0
0
0
0
0.917
0
0
0.5
0
0
0
0
0.1
0
0
0
0
0
0
0.462
0
0
0
0
0
0
0.8
0.802
0
0
0
0
0
0
0
0
0
0
1
0
0.6
0
0.383
0
0.369
0
0
0
0.8
0
0
0
0.327
0
0.3
0
0
0
0.872
0
0
0
0
0
0.679
0
0.333
0
0
0
0
0
0
0
0
0
0
0
0.576
0
1
0.213
0
0
1
0
0
0
0
0
1
0.762
0.5
0
1
0
0
0
0
1
0
0
0
0
0.606
0
0
0
0
0
0
0.487
0
0
0
0.257
0
0
0
0
0
0
0
0
0
0.667
0
0
0.167
0
0
0
0
0.55
0
0
0.667
0
0
1
0
0
0
0
0
0.933
0.333
0
0.411
0
0.683
0.489
0
0
0
0.4
0
0
0
0
1
0
0
0.762
0.333
0
0.5
0
0
1
0
0
0
0.75
1
0
0
0.513
0.556
0
0.444
0
0
0
0.357
0
0
0
0
0.607
0
0
0.833
0
0.389
0
0
0
0.571
0
0
0
0
0
0
1
0
0.333
0
0.489
0
0
0
0.643
0
0
0
0.611
0.75
0
0.467
0.363
0.639
0.6
0.833
0
0
0
0
0.7
0
0
0.667
0.9
0
0
0
0.667
0
0
0.474
0.29
0
0
0.264
0
0
0
0.667
0
0
0
0.3
0.347
0
0
0.325
0
0
0
0.6
0
0
0
0
0
0
0
0
0
0
0
0
0.8
0
0
0
0.455
0.6
0
0
0.393
0.39
0.429
0.255
0
0.4
0
1
0
0
0
0
0.374
0
0
0.667
0.367
0
0
0
1
0
0
0
0
0.5
0
0
0
0.833
0
0
0
0.6
0
0
0
0.297
0
1
0.467
0.294
0.7
0
0
0.374
0
0
0.397
0
0
0.667
0
1
0.425
1
0.444
0
0
0
0
0
0
1
0.451
0
0
0.667
1
0
0
0
0
0.333
0.762
0
0
0.32
0.4
0
0
0
0
0
0
0
0.714
0.59
0.933
0
0
0
0
0
0
0
0
0
0
0
0
1
0
0
0
0.491
0
0
0
0
0
0
0
0
0.577
0.714
0
0.524
0
0.893
0
0
0
0
0
0
0
0
0
0
0
0.571
0
1
1
0
0
0
0
0
0
0
0.667
0
0
0
0
0
0
0.556
0.407
0
0
0
0
0
0
0
0
0
0
0.45
0
0
0.733
0
0
0
0
0
0
0.67
0
0.833
0
0
0
0.679
0
0
0
0.583
0
0
0
0.333
0
0
0.354
0
0
0.81
0
0.692
0
0
0
0
0
0.485
0
0
0
0.9
0
0
0
0
0
0
0
0
0
0
0
0
0
0.714
0
0
0
0
0
0
0
0
0
0
0
0
0
1
0.354
0
0
1
0
0
0
0
0
0
0
0
0
0.449
0.524
0
0
0
0
0.69
0.425
0
0
0
0.891
0
0
0.7
0.667
1
0.417
0
0
0
0.762
0.714
0
0
0
0.628
0
0
0
0
0.644
0
0
0
0
0
0
0.6
0
0
0
0
0
0
0
0
0
0
0
0
0
0
0
0
0
0
0
0.591
0.358
0
0
0
0
0
0.533
0
0
0
0
0
0.515
0
0.419
0
0.235
0.696
1
0
0
0
0
0
0
0
0
0
0.667
0
0
0.604
0
0
0.667
0
0
0
0
0
0
0
0
0
0.467
0
0
0
1
0
0
0.818
0.829
0
0
0
0.333
1
0
0
0
0.467
0
0
0
0.667
0
0
0
0
1
0
0
0
0
0
0
0
0.366
0
0
0
0
0
0
0
0
0
0
0
0
0
0
0
0
0
0
0
0
0
0
0
0
0
0
0
0.679
0
0
0.924
0
0
0
0
0
0
0
0
0
0
0
0
0
0.75
0
0
0
0
0.659
0.545
0
0.857
0.844
0.714
0
0.523
0
0
0.533
0
1
0.6
0
0.752
0
0
0.556
0
0
0.619
0.667
0
0
0
0
0
0.394
0
0
0
0
0
0.526
1
0
0
0
0
0.454
0
0
0
0
0.833
0
0
0
0.607
0
0
1
0
0.573
0
0
0.326
0
0.571
0
0
0
0
0
0
0
0
0
0
0.333
0
0
0
0
0
0
1
0
0.357
0
0
0
0
0
0
0
0
0
0
0
0
0
0
0
0
0
0
0
1
1
0
0
0
0
0
0
0
0
0
0.234
0
0
0
0
0
0.733
0
0
0
0
0
0
0
0.695
0
0
0
0.684
0
0
0.655
0
0
0.364
0
0
0
0
0
0.679
0
0
0.47
0
0
0
0
0.357
0
0
0
0.75
0
0
0
0
0
0
0
0.667
0
0
0
0
0
0.423
0
0
0
1
0.639
0
0
0
0.533
0.333
0
0.6
0.4
0
0
0
0.571
0.33
0.333
0
0.473
0
0
0
0
0.5
0
1
0.714
0
0.333
0
0
0.306
0.449
0
0
0.622
0
0
1
0
0.53
0
0.75
0
0.578
0
0
0
0
0
0
0.59
0
0
0
0
0.45
0.425
0
1
0
0
0
0.381
0.286
1
0
0
0.867
0.325
0.345
0
0
0.5
0.578
0.172
0
0
0
0.364
0
0
0
0
0
0
0
0
0
1
0
0.533
0.379
0
0
0
1
0
0.384
0.578
0.393
0
0.45
0
0
1
0.679
0.333
0
0
0
0
0
1
0
0
0.462
0.714
0
0
0.4
0.558
0
0
0
0
0
0
0
0
0
0
0
0.533
0.629
0
0.652
0.607
0.833
0.727
0.333
0
0.447
0
0
0
0.6
0
0
0.833
0
0
0
0
0.536
0
0
0.222
0.476
1
0
0.429
0.225
0
0
0
0
0
1
0
0.667
0
0
0
0
0
0
0.5
0
0
0
0
1
0
0
0
0
0
0
0
0.524
0.6
0
0
0
1
0.378
0
0.467
0
0
0
0.474
0
0
0.273
0.703
0
0.56
0.556
0
0
0
0.643
0
1
0.571
0
0.673
0.463
0
0
0
0
0
0
0
0
0
0
0
0
0
0
0
0
0.622
0
0
0
0
0
0.835
0
0
0
0
0
0
0
0
0
0
0
0
0
0
0
0
0
0
0
0
0
0.718
0
0
0
0
0
0
0
0
0
0
0
0
0
0
0
0
0
0
0
0
0
0.701
0.783
0
0
0
0
0
0
0
0
0
0
0.742
0
0
0
0
0
0
0
0
1
0
0
1
0
0
0
0
0
0
0
0
0
0
0.724
0
0
0
0
0
0
0
0.644
0
0
0
0
0
0
1
0.333
0
0
0.751
0
0
0
0
0
0
0
0
0
0
0.787
0
0
0
0
0
0
0
0
0
0
0
0
0
0
0.824
0
0
0
0
0.789
0
0
0
0.704
0
0
0
0
0
0
0
0
0
0
0
0
0
0
0
0
0
0
0
0
0
0
0
0
0
0
0
0
0
0
0
0
0
0
0
0
0
0
0.867
0
0
0
0
0
0
0
0
0
0
0
0
0
0
0
0
0
0
0
0.854
0
0
0
0
0
0.232
0.667
0
1
0.379
0.286
0
1
0
0
0
0
0
0.821
1
1
0.391
0
0
0
0.708
0
0
0
0
1
0
0
0.333
0.117
0.2
0
0.23
0
0.391
0.733
0
1
0.622
0
0.833
0
0
0
0
0
0
0
0
0
0.5
0
0.762
0
0
0
1
1
0
0
0.341
0.582
0
0
0.49
1
0
0.424
0.9
1
0
0
0
0
0
0
0.3
0.75
0
0
0
0
0
0
1
0
0
0
0.421
0
0.596
0
0
0
0
0.396
0.413
0.549
0
0
0
0.464
0
0
0
0.667
0
0
0
0
0.5
0
0.5
0
0
0
0.619
0.289
0
0
0
0
0
0
0.485
0
0
0
0.515
0.619
0
0
0
0
0.9
0
0
0
0
0
0
0.8
0
0.413
0
0
0
0.639
0
0.333
0
0
0
0
0
0
0
0.619
0
0
0
0
0.333
0
0
0.727
0
0
0.6
0.833
0
0.745
0
0
0
0
0
0
0
0
0
0
0.333
0
0
1
0
0
0
0
0
0
0
0
0
0
0
0
0.472
1
0
0
0.561
0
0.619
0
0
1
0
0
0
0.905
0
0.818
0
0
0.667
0
0
0
0
0.8
0
0
0
0
0
0.527
0
0
1
0
0.395
0.473
0
0
0
0
0
0
0.8
0
0
0
0
0
0
0.283
0
0
0
0
0
0
0
0.269
0
0
0
0.833
0.616
0
0
0.3
0
0
1
0.667
0
0.382
0
1
0.692
0
0
0.288
0
0
0
0
0
0
0
0
1
0
0.333
1
0
0.51
0.667
0
0
0
0.6
0
0
0
0
0
0
0
1
0
0
0
0
0
1
0
0.81
0
0
1
1
0
1
0
1
0
0
0.667
0.619
0
0
0
0
0.694
0
0
0
0
0
0.833
0
0
0.214
0
0
0.273
0
0.374
0
0
0
1
0.667
0
0
0
0
0
0.7
0.283
0
0.9
0.722
0.4
0.205
0
0
0.473
1
0
0
0
0.667
0
0
0.462
0.238
0
0.491
0.131
0
0.833
0
0
1
0.5
0
0
0
1
1
0
0
0
0
0.667
0
0
0
0
0.333
0
0
0.667
0
0
0
0
0.7
0
0
0
0
0
0
0
1
0
0
0
0.8
0.786
0.8
0
1
0
0.2
0.792
0
0
0.167
0.895
0
0
0
0
0
0
0
0
0
0
0
0
0
0
0.537
0
0.167
0.854
0
0
0.898
0.692
0
0
0
0
0
0
0
0
0
0
1
0
0
0
0
0
0
0
0.972
0
0
0.413
0
0
1
0
0
0
0
0
0
0
0
0
0
0
0
0
0
0
0
0
0
0
0
0
0
0
0
0
0
0
0.545
0
0
0
0
0
0
0
0
0
0
0.467
0
0.426
1
0.731
0
0
0.83
0
0
0
0
0
0
0
0
0
0
0.8
0
1
0
0
0
0
0
0
0
0
0
0
0
0
0
0
0
0
0
1
0
0
0.582
0.4
0
0
0
0
0
0
0
0
0
0.667
0
0
0.333
0
0
0.333
0
0
0
0
0
0
0
0
0
0
0
0
0
0
0
0
0
0.633
0.333
0
0.3
0.667
0.496
0
0
0
0
0
0
0
0
0
0.778
0
0
0
0.648
0
0
0
0
0
0.5
0
0
0
0
0
0
0.5
0
0.438
0
0
0
0
0
0
0
0
0
0
0
0
0
0
0
0
0
0
0
0
0
0.57
0
0
0
0
0
0
0
0.333
0.476
0
0
0
0
0.167
0.435
0
0.667
0
0
0
0.467
0
0
0.582
0
0.2
0
0.649
0
0
0
0
0
0
0
0
0
0
0
0
0.52
0
0
0
0
0
0
0
0
0
0.773
0
0
0
0
0
0.1
1
0
0
0
0
0
0
0.545
0.286
0
0
0.502
0
0
0
0
0
0
0
0.316
0
0
0
0
0
0
0
0
0
0.787
0
0
0
0
0
0
0
0
0
0
0
0.857
0
0.716
0.844
0.563
0
0
0
0
0
0
0
0.167
0
0.709
0.3
0
0.668
0
0
0.727
0
0
0.286
0
0
0
0
0
1
0
0
0.398
0
0
0
0
0
0
0
0
0
0
0
0
0
0
0.333
0
0
0
0
0
0.667
0
0
0
0
0
0
0.286
0
0
0
0
0
0
0.905
0
0
0
0.762
1
0
0
0
0
0
0
0
0.608
0
0
0
0
0
0
0
0
0
0.36
0
1
0
0
0
0
0
0
0
0
0
0
0
0.83
0
0
0
0
0.1
0.133
0
0.643
0
0
0
0
0
0
0
0
0
0
0
0
0
0
0
0
0
0
0.333
0.667
0.625
0.738
0
0
0
0
0
0.333
0.7
0
0
0
0
0.612
0
0
0
0
0
0.333
0
0
0.333
0
0
0
0
0.333
0
0
0
0
0
0.924
0
0
0
0
0
0
0
0
0
0.5
0
0.429
0
0
0
0
0
0.825
0.499
0
0
0.52
0
0
0.667
0
0
0
0
0
0
0.792
0
0
0
0
0
0
0
0
0
0
0
0
0
0
0
0
0
0
1
0
0.876
0
0.393
0
0.606
0
0.4
0.634
0.852
0
0
0.418
0
0.547
0
0.154
0
0
0.485
0
0
0.625
0
0
0
0
0
0
0
0.667
0
0.637
0
0
0
0
0
0
0.179
0
0
0
0
0
0
0
0
0.8
0
0
0
1
0
0
0
0
0
0
0
0
0.667
0
0.764
0
0
0
0.889
0
0
0
0
0.6
0
0
0
0
0
0
0
0
1
0
0.688
0
0
0
0
0
0
0
0
0
1
0
0
0
0
0.789
0
0.528
0
0
0
0.759
0
0
0
0
0.837
0.333
0
0
0
0
0.639
0
0
0
0
0.398
0.762
0
0
0
0
1
0
0
0
0
0
0
0
0
0
0
0
0.762
0
0
0
0
0.637
0
0.75
0.3
0.571
0
0
0
0
0.8
0
0
0
0
0
0.167
0
0
0
0
0
0
0
0
0
0
0
0
0
0
0
0
0
0.892
0
0
0
0
0
0
0
0.706
0.1
0
0
0
0
0.59
0
0
0
0.75
0
0.895
0
0
0
0
0
0
0
0
0.667
0
0
0
0
0
0.167
0
0
0
0
0
0
0
0
0
0
1
0
0
0
0
0
0.372
0.333
0
0
0
0
0
0.1
0.847
0
1
0
0.333
0
0.705
0
0
0.733
0
0
0
0.6
0
0
0
0.564
0
0
0
0
0
0
0.9
0
0
0.952
0
0
0
0
0
0
0
0
0
0
0.333
0
0
0
0
0
0
0
0
0
0
0.341
0.429
0
0.629
0
0.1
0.831
0.167
1
0
0
0
0
0
0
0
0
0
0
0
0
0
0.7
0
0
0
0.333
0
0
0
0
0.167
0
0
0.637
0.952
0
0.4
0
0
0
0
0
0
0
0
0
0.819
0
0
0
0
0
0
0
0
0.357
0
0.9
0
0
0
0
0.644
0
0
0
0
0.772
0
0
0
0
0.19
0
0.5
0.905
0
0
0
0
0
0.59
0.762
0.267
0
0
0
0
0
0.6
0
0
1
0
0.393
0
0
1
0
0.771
0
0
0
0
0
0
0
0
0
0
0.762
0.242
0.742
0
1
0
0
0
0
0
0
0
0
0
0
0
0.606
0
0.179
0
0
0
0.333
0
0
0
0.786
0
0
0
0.674
0
0
0.356
0
0
0
0
0
0
0
0.817
0
0.571
0.765
0
0
0
1
0
0
0
0.312
0.333
0
0
0
0
0
0
0
0
0.61
0
0
0
0.537
0
0
0
0
0
0
0
0
0
0
0
0
0.3
0
0.429
0
0
0
0.514
0.2
0
1
0.733
1
0
0
0
0
0
0.554
0
0.788
0.602
0
0
0
1
0
0.606
0
0.667
0.467
0
0
0
0
0
1
0
0
0
0
0
0
0
0
0.2
0
0
0
0
0
0
0
0
0
0
0.235
0.5
0
0
0
0
0
0
0
0
0
0
0
0
0.358
0
0
0.824
0
0
0.801
0
0
0
0.713
0.333
0
0
0
0
0
0.714
0
0
0
0
0.667
0.558
0.6
0.719
0
0
0
0
0
0
0
0
0
0
0
0
0
0
0
0
0
0
0.257
0.332
0
0
0
0
0.333
0
0.267
0
0.667
0
0.762
0
0.762
0
0
0
0.4
0
0
0
0
0
0
0
1
0.833
0
0.655
0
0
1
0
0.8
0.333
0
0.739
0
0
0
0
0.661
0.381
0
0
0
0
0
0
0
0.9
0
0
0.443
0
0
0
0
0
0
0.294
0
0.167
0.667
0
0
0.3
0
1
0
1
0.1
0
0
0
0
0
0
0
0
0
0
0
0
0
0
0
0
0.267
0
0
1
0.333
0
0
0
0
0
0.6
0.333
0
0
0.4
0
0.833
0
0
0
0.6
0
0.8
0
0.6
0
0
0
0
0.438
0
0
0
0
0
0.691
0
0
0
0.679
0
0
0
0
0.267
0
0.714
0
0.75
0
0.944
0
0.667
0
0
0
0
0
0
0
0
0
0.273
0
0
0.5
0.167
0
0
0
0
0
0
0
0
0
0.5
0
0
0
0.5
0.286
0
1
0
0.556
0
0
0
0
1
0
0
0
0
0.5
0.571
0
0
0
0.667
0.5
0.667
0
0
0
0.622
0
0
0
0
0
0
0
0
0.667
0
0
0.34
0
1
0.486
0.75
0
0
0.6
0
0
0
0
0.9
0
1
0
0
0.6
0
0
0
0
0
0
1
0
0
0
0
0
0
0
0
0
0.75
0
0
0
0.667
0
1
0
0
0
0.273
0.8
0.511
0.48
0
0.573
1
0
0
0.5
0.8
0
0.621
0
0
0
0
0
1
0
0
0
0.589
0
0.4
0
0
0.333
0
0
0.271
0
0
0
0.5
0
0
0.745
0
0
0.654
0.821
0
0.667
0.5
0
1
0
0
0
0.648
0
0
0
0
0
0.733
0
0.333
0
0
0.3
0.333
0
0
0
0
0
0
0
0.667
0.636
0.415
0
0
0
0
1
0
0
0
0
0
0
0.952
0.833
0.467
0
0
0.569
0
0.639
0.667
1
0.462
1
0
0
1
0
0.485
0.37
0.468
0
0
0
0
0.905
0.756
0
0.524
0.291
0.487
0
0
0
0
0
0
0.528
0
0
0
0
0.2
0
0
0
0
0.667
0
0
0
0
0.528
0
0
0
0
0
0
0
0
0
0
0.6
0
0
0
0
0.81
0
0.399
0
0
0
0
0
0
0
0
0
0
0.7
0
0
0.821
1
0
0
0.582
0
0
0
0
0
0.562
0
0
1
0
0.209
0
0
0
0
0
0
0
0
0
0.689
0.413
0
0
0
0
0
0
0
1
0.315
0
0
0
0.5
0
0
0
0
0
0
0
0
0.822
0
0
0
0
0
0.571
0
0
0
0
0.344
0
0
0.667
0
0
0
0.462
0.345
0
0
0
0
0
0.5
0.467
0
0.571
0
0
0.333
0
0.444
0.571
0
0
0.667
0.33
0.733
0
0.429
0.5
0.41
0.396
0.491
0
0
0
0
0
0.333
0.287
0.561
0
0.246
0.374
0
0
0.571
0
0
0
0.5
0.3
0
0
0
0.571
0
0
0.607
0.357
0.286
0.438
0.833
0.333
0
0
0
0.578
0.407
0
0
0
0.667
0.167
0
0
0
0
0.5
0
0
0.622
0
0
0
0
0.667
0
0
0
0
0
0
0
0.561
0
0
0
0.5
0
0.311
0
0.6
1
0.619
0
0
0.242
0
0
0.397
0
0
0.533
0.667
0
0.491
0
0
0
0.667
0
0
0
0
0
0
0
0
0
0
0
0
0
0
0
0
0
0.5
0.293
0.8
0
0
0
0.714
0
0
0
0
0
0
0.857
0
0
0
0
0
0
0
0.632
0.616
0.667
0
0.564
0
0.4
1
0.6
0
0.458
0
0
0
0.464
0
0.758
0.471
0
0
0
0
0
0.5
0
0
0
0
0.667
0
0
0
0
0.81
1
0
0
0
0
0
0
0
0.517
0
0
0
0.333
0
0.382
0
0.255
0
0
0.667
0
0
0
0
0.471
0
0
0
0
1
0
0
0
1
0
0
0.167
0
0
0.667
0.964
0
0
0.5
0
0.416
0
0
0
0.48
1
0
0.6
0
0.361
0.524
0
0
0
0
0
0
1
0.75
0
1
0
0
1
0.7
0
0
0
0
0.556
0
0.857
0.4
0
0.333
0
0
0
1
0
0
0
0.471
0.7
0
0
0.416
0.319
0
0.905
0
0
0
0.571
0.541
0
0
0
0
0
0
0
0.467
0
0
0
0
0
0
0
1
0.333
0.357
0
0
0
0.333
0.681
0
0
0.52
0
0.5
0
0
0
0
0
0
0
0
1
0
0.338
1
0
0
1
0
0.569
0
0
0
0
0
0.833
0.694
0
0
0
0
0
0
0.333
0
0
0
0
0
0
0
0
0
0.538
0
0
0
0
0
0
0
0
0.549
0
0.681
0.169
0
0
0.333
0.314
0.5
1
0.389
0
0
0
0.382
0
0
0
0
0.667
0
0
0
0
0
0
1
0
0
0.397
0
0
0
0
0
0
0.333
0.618
0.278
0
0
0
0
0
0.333
0
0
0
0.667
0
1
1
0
0
0
0
0
1
0
0
1
0
0
0
0
0
0.733
0
0
0
0
0.333
0.781
0.394
0
0
0.333
0.7
0.667
0
0
0.2
0.667
0
0
0
0
0.327
1
0.7
0
0
0.524
0.452
0
0
0
0.5
0
0.467
0
0.498
0
0
0
0
0.743
0
0.392
0
0.463
0
0
0
0.891
0
0.667
0
0
0
1
0
0.3
0
0.493
0
0.449
0
0
0.429
0
0
0
0.444
0
0
0
0
0
0.5
0
0
0.167
0.203
0
0
0.867
0.287
0
1
0
0
0
0
0
0.37
0
0
0
1
1
1
0.762
0
0
0
0
0
0.464
0
0
0.556
0
0
0
0
0
0
0.889
0
0.6
0
0
0
0
0
0
0
0
0
1
0.857
0
0
0.689
0
0.467
0
0
0
0
0
0
0
0
0
0
0
0.286
0
0
0.667
0
0
0.601
0
0
0
0.833
0
0.411
0
0
0
0
0
0.638
0
1
0.464
0
0
0
0
0
0.491
0
0
0
0.533
0.833
0.3
0
0
1
0.356
0
0.505
0
0
0
0
1
0.533
0
0
0
0
0
0
0
0
0.347
0.472
0.491
0
0
0
0
0
0
0
0
0
0.582
0
0.667
0.695
0
0
0
0
0
0.426
0
0.32
0
0
0.4
0
0
0
0
0
0
0
0
0.5
0
1
0.563
0
0
0
0
0
0
0.275
0
0
0
0.515
0
0.9
0.538
0
0
0
0
0
0
0.5
0.216
0
0
0.905
0.536
0
0
0
0
0.319
0.667
0
0.619
1
0
0
0.5
0.464
0
0
0
0
0
0.5
0
0
0
0.5
0
0.143
0
0
0
0
0
0
0.7
0.679
0
0.333
0
0
0.8
0
0
0.333
0
0
0.622
0
0
0.333
0
0
0
0.198
0.167
0
1
0.667
0
0
0.786
0
0.475
0
0
0.357
0.333
0
0
0
0.733
0
0.532
0
1
0
0
0
0.478
0
0
0
0
0
0
0.667
1
1
0.639
0.667
0
0
0
0.258
0
0
0
0
0
0.536
0
0
0
0.5
0
0
0.933
0
0.333
0.964
0
0
1
0
1
0.533
0
0
0
0.28
0.8
0
0.509
0.437
0.395
0
0
0
0.5
0
0
0
0
0
0.382
0
0.361
0
0
0
0
0.258
0
0
0
0
0
0
0
1
0
0
0
0.333
0.762
0
0
0
0
0
0
0
0.333
0
0
0.893
1
0
0
0.418
0
0.6
1
0.8
0.449
0
0
0.733
0.7
0
0.679
0.4
1
0.35
0
0
0
0.6
0
0
0.528
0
0
0
0
0
0
1
0
0
0
0
0.667
0
1
0.833
1
0
0
0.457
0.536
0
0.558
0
0
0
0
0
0
0
0
0
0
0
0.393
0
0
0.333
0
1
0
0
0
0
0
0.516
0
0.9
0
0.708
0.317
0.727
0
0
0
0
0
0
1
0.8
0
0.333
0
0
0
0.246
1
0.643
0.3
1
0
0
0
0
0
0
0
0
0
0.76
0
0
0
0
0
0
0
0
0
0.833
0
0
0
0
0
0
0
0
0
0
0
0.844
0
0.397
1
0
0
0
0
0.676
0
0
0
0
0
0
0
0
0
0
0
0
0
1
0
0
0
0
0
0
0
0
0
0
0
0
0
0
0
0.844
0
0
0
0
1
0
0
0
0
0.467
0
0
1
0
0.553
0
0
0
0
0
0
0.658
0.7
0.952
0
0
0
0
0
0
0
0
0
0
0.844
0.562
0
0
0
0
0
0
0
0
0
0
0
0.733
0.583
0
0
0
0.725
0
0.726
0
0
0
0
0.467
0
0.905
0
0
0
0
0.778
0
0
0
0
0
0
0
0.667
0.575
0
0.51
0
0
0
0.876
0.9
0
0
0
0
0
0
0
0
0
0
0
0
0
0.667
0
0
0
0
0
0.683
0
0
0
0
0
0.603
0
0
0
0
0
0
0
0
1
0
0.45
0
0
0.667
0
0
0
0
0
1
0.319
0
0.667
0
0
0
0
0
0.488
0
0
0
0
0
0
0
0
0
0
0
0
0.9
0
0
0
0
0
0
0
0.75
0
0.628
0
0
0
0.587
0
0
0.322
0
0
0
0
0
0
0
0
0
0
0
0.667
0
0
0
0
1
0
0
0
0
0
0
0.6
0.317
0.818
0
0
0.56
0
0
0
0
0
0
0
0
0
0.667
0
0
0
0
0
0
0
0
0
0
0
0
0
0
0
0
0
0.345
0
0
0
0
0.71
0
0.632
0.952
0.706
0
0.956
0
0
0
0
0
0
1
0
0.706
0
0
0
0
0
0
0
0
0
0
0
0
0
0
0.365
0.5
0
0
1
0
1
0.667
0.764
0
0.305
0
0
0
0.5
0
0.333
0
0
0.575
0
0
0
1
0
0
0.4
0
0
0.333
0
0
0.5
0.562
0.5
0.583
0.778
0
0.563
0
0
0.833
0
0
0
0
0.689
0
0.667
0.667
0.325
0
0.335
0.524
0
1
0
0.446
0.278
0
0
0
0.346
0
0.533
0.917
0
0.339
0.833
0
0.733
0
1
0
0
0
0
1
0.407
0
0
0
0.472
0
0
0
0
0.542
0
0
0.786
0
0
0
1
0.667
0
0
0
0
0
0
0
0
0
1
0.3
0
0
0
0
0
0
0.248
0
0
0.333
0.333
0
0
0
0
0
0
0.545
0
0
0.641
0
0
1
0
1
0
0.692
0
0
0
0.529
0
0
0
0
0
0
0
0.286
0.333
0
0.738
0
0
0
0
0
0
0
0
0
0
0
0
0
0.067
0
0
0
0
0
0.619
0
0
0
0.701
0
0
0
0.708
0.333
0
0
0
0
0
1
0
0
0
0
0
0
1
0
0.695
0.647
0.2
0
0
0
0
0
0
0
0
0
0.667
0
0
0
0
0
0
0
0
0
0
0
0
0
0
0
0
0
0
0
0
0
0
0
0
0
0
0
0
0.707
0
0
0
0
0
0
0
0
0
0
0
0
0
0
0.133
0
0
0
0
0
0
0.819
0
0
0
1
0
0
0
0
0
0
0
0
0
0
0
0.738
0
0
0
0
1
0
0.667
0
0
0
0
0
0
0
0
0
0
0
0
0.677
0
0
0
0
0
0
0
0
0
0.4
0
0
0
0
0
0
0
0
0
1
0
0
0
0.167
0
0
0.597
0
0
0
0
0.707
0
0
0.779
0
0
0
0
0
0.694
0
0
0
0
0
0
0
0
0
0
0
0
0
0
0
0
0
0
0
0
0
0
0
0
0
0
0.81
0.867
0.747
0
0
0.5
0
0
0
0
0
0
0
0
0
0
0
0
0
0
0
0
0
0
0
0
0
0
0
0
0
0
0
0
0
0
0
0.775
0
0
0
0.702
1
0
0
0
0
0
0
0
0
0
0
0
0.683
0
0
0
0
0
0
0.724
0
0
0
0
0
0
0
0
0
0
0
0
0
0
0
0.875
0.613
0
0
0
0
0
0
0.333
0.1
0
0
0
0
0
0
0
0
0
0.667
0
0
0
0.441
0.53
0
0.5
0
0
0
0.917
0
0.588
0
0
0
0
0
0
0
0
0
0.318
0
0
0
0.632
0
0
1
0
0
0
0
0
0
0
0.569
0
0
1
0
0
0
0
0.667
0
0
0
0.319
0.752
0
0
0.879
0.933
0
0
0.383
0
0
0
0
0
0
0
0
1
0
0
0
0
0
0
0
0
0.514
0
0
0
0
0
0.972
0
0
0
0
0
0
0
0
0
0.3
0.75
0
0
0
0
0.712
0
0
0
0
0.667
0
0
0.444
0
0
0
0
0
0
0
0
0.833
0
0
0
0
0
0.614
0
0
0
0
0
0
0
0
0
1
0.507
0.758
0
0.733
0
0
0
0.637
0
0
0
0
0
0
0
0.381
0
0
0
0.5
0
0.667
0
0
0
0
0
0
0
0
0.939
0
0.394
0
0.667
0
0
0
0
0
0
0
0
0
0.597
0
0
0
0
1
0
0
0
0
0
0
0.643
0
0.655
0
0
0
0
0
0
0
0
0
0
0
0
0.722
0
1
0
0
0
0.762
0
0
0
0
1
0
0.737
0
0
0
0
0.733
0.667
0
0
0
0
1
0.439
0
0
0.742
0
0
0
0
0
0
0
0
0
0.9
0.933
0
0
0
0.684
0.485
0
0
0
1
0
0.333
0
1
0
0
0
0
1
0
0
0
0
0
0
0.952
0
0
0
0
0
0
0
0.667
0
0.7
0
0.438
0
0
0
0
0.822
0
0
0.508
0
0
0.294
0
0
0
0
0
0
0.324
0
0
0
0
0
0
0
0.667
0
0
0
0
0
0.364
0
0.667
0
1
0
0.667
0
0
0
0
0
0.389
0
0
0.872
1
0
0
1
0
0
0
0
0.582
0
0
0
0
0
0
0
0
0
0.263
0
0
0
0
0.833
0
0
0
0.714
0.252
0
0.595
0
0.933
0.542
0.867
0
0
0
0
0
0
0
0
0
0.187
1
0.5
0
1
1
0
0.536
0.893
0
0
0.532
0.528
0
0
0.347
0
0
0
0
0
0
0.5
1
0
0
0
0
0
0.764
0
0
0
0
0
0
0
0.692
0
0
0
0
0
0.6
0
0
0
0
0
0
0.667
0.714
0
1
0
0.667
0
0
0.727
0
0
0
0
0
0
0.8
0
0
0
0
0
0
0
0.714
0
1
0.867
0.933
0
1
0.758
0
0.833
0
0
0.667
0
0
0
0.626
0.607
0.778
0
0
0
0.333
0
0
0
0.733
0.533
0.444
0
0
0.652
0
0
0
0
0.833
0
0
0.133
0
0
0.8
0.8
0
1
0
0
0
0
0.509
0.561
0.756
0
0
0
0
0
0
0
0.515
0
0
1
0
0.764
0.256
0.556
0
0
0
0
0.286
0
0
0
0
0
0
0
0
0
0
0
0
0.556
0
0.8
0
0
0
0
0
0
0
0
0
0
0
0
0
0
0.424
0
0.467
0
0
0
0
0
0
0
0
0
0
0.447
0.981
0
0
0
0
0
0
0
0
0
0
0
0
0
0.789
0
0
0
1
0
0
0
0
0
0
0
0
0
0
0
0
0
0
0
0
0
0
1
0
0.95
0
0
0.508
0
0.71
0
0.667
0
0
0.857
0
0
0
0
0
0.939
0
0
0
1
0
0
0
0
0.933
0
0
0
0
0
0
0
1
0
0
0
0
0
0
0
0
0
0
0.567
0.808
0
0
0
0
0
0
0
0
0
0
0
0
0
0
0
0
0
0
0
0
0
0
0
0
0
0
0
0.869
0
0.622
0
0.912
0
0
0
0
0
0
0.964
0
0
1
0
0
0
0
0
0
0
0
0
0
0
0
0
0
0.475
0.975
0.909
0
0
0
0.627
0.929
0
0
0
0
0
0
0
0
0.757
0
0
1
0
0
0
0
0
0
0
0
0
0
0
0
0
0
0
0
0.6
0
0.534
0.967
0.684
0
0
0
0.611
0.5
0
0
0
0.333
0
0
0.356
0
0.214
0
0
0
0
0.17
0.327
0.571
1
0.381
0
0.364
0
0
0.278
0
0
1
0.164
0.333
0
0
0.429
0
0
0.275
0.7
0
0.422
0.476
0.455
0.333
0
0
0
0.667
0
0
0
0.667
0
0.667
0.4
0.222
0.81
0
0
0
0
0.214
0.2
0
0.472
0.444
0
0
0
0.607
0.333
0.238
0
0
0.472
0.667
0.679
0.167
0
0
0
0
0
0
0
0.289
0
0.176
1
0
0
0.667
0.5
0.333
0
0
0.382
0
0.429
0.571
0.511
0
0
0.607
0
0
0.619
0.571
0.667
0.733
0
0
0
0.571
0
0
0
0
0.667
0.289
0
0
0
0.472
0
0.4
0
0.5
0.222
0
0.364
0
0.6
0
0
0
0
0
0
0.382
0.571
0
0
0
0
0
0
0
0.372
0
0.467
0.524
1
1
0
0.444
0.473
0
0
0
0
0.81
0.429
0
0.5
0.8
0.333
0.418
0
0
0.316
0
0
0
0.655
0.667
0
0
0.584
0
0
1
0.467
0
0
0.689
0
0
0
0
0
0
0
0
0
0
0
0
0
0
0
0
0
1
0
0
1
0
0.522
0
0
0
0
0
0
0
0
0
0
0
1
0.762
0
0
1
0
0
0
0
0.864
0
0
0
0
0
0
0.545
0
0.933
1
0
0
0
0.5
0.529
0
0
0
0
0
0
0
1
0
0
0
0.788
0
0
0
0
0
0.294
0
0.764
0
0
0
0
0
0
0
0
0.857
0.59
0
0.8
0
0
0
0.615
0
0
0
0
0
0
0
0
0
0
0
0
0
0
0
0
0
0
0
0
0
0
0
0.457
0
1
0.647
0.733
0
1
0
0
0
0
0
1
0
0
0
0
0.416
0
0.595
0.696
0
0
0
0
0.7
0
0
0
0
0
0.201
0
0
0
0.516
0.667
0.75
0.778
0
0
0
0
0.712
0
0
0
0.64
0
1
0
1
0
0.722
0
0
0
0
0
0
0
0
0
0
0
0
0
0.933
0
0
0.516
0
0
0
0
0
0.697
1
0
0
0
0
0
0
1
0
0.5
0.515
1
0.75
0.505
0
0
0
0
0
0
0
0
0
0
1
0
0
0
0.576
0.641
0
0
0
0
0
0.333
0
0.782
0
0
0
0
0
0
0
0.333
1
0
0.714
0.417
0.775
0.596
0
0.524
0
0
0
0
0
0.727
0
0.663
0.1
0
0.2
0
0
0
0
0
0
0
0
0
0
0
0.802
0
0
0
0
0.556
0
0.4
0
0
0.5
0
0
0
0
0
0
0
0.4
0
0.597
0
0.6
0.667
0
0
0
0.2
0
0.629
0
0.667
0
0.56
0
0
0
0.757
0.643
0
0.359
0
0
0
0
0
0.524
0
0
0
0
0
0
0
0.424
0
0
0
0
0
0.733
0.333
0
0
0
0.289
0
0
0
0
0.6
0
0
0.833
0
0
0
0
0
0
0
0
0
0
0
0
0
0
0
0
0
0
0.857
0.295
0
0.644
0
0
1
0
0
0
0.524
0
0
0
0
0.75
0
0
0.769
0
0
0.762
0
0.689
0.5
0
0
0
0
0.533
0
0
0.636
0.486
0
0
0
0
0
0.526
0
0
0
0
0.476
0.361
0
0
0
0
0
0.833
0
0
0.286
0.618
0.467
0
0.333
0
0.719
0
0
0.867
0.542
0
0
0
0
0.681
0
0
0
0
0
0.667
0
0
0.47
0
0
0.528
0
0.316
0.429
0.756
0
0
0.846
0.846
0
0
0
0
0.5
0.381
0
0
0.867
0
0
0.819
0.8
0
0
0
0
0
0.4
0.9
0
0.667
0
0
0
0.673
0
0
0
0.318
0.489
0.333
0
0
0
0
0
0
0
0
0.695
0.836
0.711
0
0
0
0
0
0
0
0.667
0
0
0
0.806
0.6
0
0
0
0.733
0.472
0
0
0
0.399
0.036
0.593
0
0
0
0
0
0.867
0
0
0.333
0
0
0.333
0.509
1
0.256
0
0
0
0
0
0
0.8
0
0
0
0
0
0
0
0
0.467
0
0
0.556
0
0
0
0
0
0
0
0.581
0
0
0
0
0
0
0.652
0
0
0
0
0
0.756
0.778
0
0.556
0
0
0.533
0
0
0
0.833
0
0
0.515
0
0
0
0
0
0.652
0.705
0
0
0.424
0
0.764
0
0
0
0
0.644
0
0
0
0
0
0
0.286
0
0
0
0.561
0
0
0.8
0
1
0
0.133
0
0.333
0
0.733
0
0
0
0
0
0
0
0
0
0
0
0
0
0
0
0
0
0
0.836
0
0.667
0
0
1
0
0.8
0.436
0
0
0
1
0
1
0
0
0.7
0.542
0
0.528
0
0.762
0
0.329
0
0
0.6
0.607
0
0
0
0
0
0
0
0
0
0.59
0
0
0
0
0
0
0
1
0
0
0.7
0.348
0
0
0.333
0
1
0
0
0
0
0
0
1
0.667
0
0
0
0.4
0
0.3
0
0
0.952
0
0
0
0
0
0.43
0.52
0.368
0
0
1
0
0
0
0
0.667
0
0
0.667
1
0
0.8
0
0.51
0
0
0
0
0
0
0.127
0
0.85
0
0
0
0
0
0.516
0
0
0.7
0
0
0
0
0.554
0
1
0
0
0
0
0
0
0
0.833
0
0
0
0.7
0
0.583
0
0
0
0
0.855
0
0
0.447
0.391
0
0
0.321
0
0.397
0
0.574
0
0.8
0
0
0
0
0.409
0.6
0
0.507
0
0
0
0.429
0.511
0
0
0.722
1
0
0
0.692
0
0
0
0.333
0.689
0.578
0.429
0
0
0
0
0.453
1
0.667
0.467
0
0
0
0
0.3
0
1
0.6
0
0
0
0
0
0
0.5
0.905
0
0
0.234
0
0
0
0
0.333
0
0.667
0
0.833
0.411
0
0.199
0.833
0
0
0
0
0
0
0
0
1
0.756
0
0.833
0
0
0
0
0
0
0.639
0
0
0
0
0
0
0.905
0
0.333
0
0
0
0.412
0.489
0
0
0.551
0
0
0
0
0
0.333
0
0
0
0
0
0
0.33
0
0
0
0
0
0
0.667
0
0.533
0.667
0
0
0
0
0
0
0
0
0
0.7
0
0
0
0
0
0
0.733
1
0
0
0
0
0
0
0.228
0
0.6
0.467
0.3
0
0.622
1
0
0
0
0.462
0
0
0
0
0.472
0.6
0.267
0
0.639
0
0
0
0
0.7
0
0.722
0
0
0
0.253
0
0
0.333
0
0
0
1
0.667
0.533
0
0
0.408
0
0
0
0.714
0
0
0
0
0
0.418
0
0
0
0
0
0.2
0
0
0.571
0.444
0
0.5
0
0
0.833
0
0
0
0
0
0
0
0.582
0
0
0
0
0
0
0
0
0
0
0
0
0
0
0
0.2
0.714
0
0
0
0
0
0
0
0.333
0.392
0.824
0
0
0
0
0.667
0
0
0.333
0
0.333
0
0
0.286
0
0
0
0
0
0.778
0.846
0
0
1
0
0
0.333
0
0
0
0.2
0
0
0
0
0
0
0
0
0
0
0
0.642
0
0
0
0.333
0.822
0
0
0
0
0
0.252
0.667
0
0
0
0
0
0
0
0
0
0
0.273
0
0
0
0
0.533
0.833
0
0
0
0
0
0
0
0
0
0
0.667
0
0
0.464
0
1
0.333
0
0
0
0
0
0.667
0
0
0
1
0
0
0
0.602
0
0.356
0
0
0
0
0
0
1
0.833
0
0
0
0
1
0.714
1
0
0
0
0
0
0
0
0
0
0.522
0
0.864
0
0.378
0
0.3
0.4
0
0.455
0
0.154
0
0
0.291
0
0
0.893
0
0.667
0.333
0
0
0.756
0
0
0
0
1
0
0.167
0
0.4
0
0.333
0
0.536
0
1
0
0.833
0.667
0.7
1
0
0
0.667
0
1
0
0
0.205
0.9
0
0
0
0
0.462
0
0
0
0.5
0
0
0
0.273
0
0
0
0.131
0.342
1
0
0.667
0.238
0
0
0
0
0.8
0
1
1
0
1
0.283
0.7
0.374
0.667
0.4
0
0
0
0
0
0.722
0
0
0
0
0
0
0
0
0.295
1
0.385
0.238
0.5
0.714
0.643
1
0
0
0
0
0
0
0
0.667
0.333
0
0.536
0
0
0
0.619
0
0
0.333
0
0.333
0.393
0
0
0
0.359
0
0.667
0
0.333
0.533
0.342
0
0.467
0
0.5
0.491
0
0.327
0
0
0
0
0
0
0
0
0
0.5
0.208
0
0
0
0.6
0
0
0
0
0
0
0
0
0.667
0.333
0
0.619
0
0.333
0
0
0
0
0
0
0
0
0
0
1
0
0.667
0.6
0.24
0.714
0
1
0
0.245
0
0
0
0.5
0
0
0.438
0.622
0.167
0
0
0
0
0
0
0
0
0
0
0
0
0
0
1
0
0
0
0
0
0
0
0.342
0.333
0.292
0
0
0.655
0.429
0.397
0
0
0.333
0
0.4
0
0
0.4
1
0
0.905
0.418
0
0.333
0
0
0.278
0
0
0
0
0
0.867
0
0
0
0.59
0
0
0
0
0.345
0
0.5
0
0
0
0
0
0.619
0
0
0
0.6
0
0
0
0
0
0
0.327
0
0.667
0
0
0
0.515
0
1
0
0
0
0
0
0
0
0
0.639
0
0
0.333
0
0
0
0
0
0
1
1
1
0.6
0
0
0
0
0
0.682
0
0
0
0
0.933
0.857
0
0
1
0.167
0
0.667
0.667
0
0
0
0.607
0
0
0.5
0
0
0.833
1
0
0
0
0
0.527
0
0
0
0
0.667
0
0
0.485
0.437
0
0
0
0
0
0.44
0
0
0.548
0
0
0
0
0.933
0
0
0.524
0
0
0
0
0
0.706
0
0
0
0
1
0
0.6
0
0
0
0
0
1
0
0
0
0
0
0
0.673
0
0
0.4
0
0
0
0
0
0
0
0
0.421
0
0.333
0
1
0
0
0
0
0.9
0
0
0
0
0
0
0
0.641
0
0
0
0
0
0
0
0.682
0.667
0
0.778
0
0.442
0.821
0
0
0
0.634
0
0.348
0
0
0
0
0
0
0.667
0
0
0
1
0
0.425
0.366
0.7
0.742
0
0
0
0.857
0.711
0
0
0
0
0
0
0.905
0
0
0.9
0
0
0
0.415
0
0
0
0
0
0
0.821
0.545
0.582
0
0
0.583
0
0
0
0
0
0
0
0
0
0.376
0
0
0
0
0.6
0
0
0
0.752
0.366
0
0
1
0
0
0
0.636
0
0
0
0.711
0
0.464
0.165
0.833
0
0.6
0.333
0
0
0.833
0
0.386
0
0
0
0
0
0
0
0
0
0
0
0.857
0
0.333
0
0
0
1
0
0
0.872
0
0.576
1
1
0
0
0.372
0.667
0.515
0
0
0.312
0
0
0
0
0
0
0
0
0
0
1
0.333
0
0
0
0.267
0
0
0
0
0.487
0
0
1
0
1
0
0
0.321
0
0.458
0
0
0
0
0.2
1
0
0
1
0.786
0.679
0
0
0.516
0
0
0
0
0
0
0.75
0
0
0
0
0
0.722
0.778
0
0
0
0
0.667
1
0
0
0
0.722
0.75
0
0
0
0
0
0.333
0.714
0
0
0
0.333
0
0
0
0
0
0
0
0
0
0
0
0
0
0
0
0
0
0.667
0
0
0.286
0
0
0.267
0
0.2
0
0
0
0
0.333
1
0
0.256
0
0
0
0.333
0
0
0.231
0
0
0.467
0
0
0.464
0.714
0.333
0
0.179
0
0
0
0
0
0
0
0
0.394
0.444
0
0
0
0
0.5
0
0
0
0.667
0.5
0
0
0
0.3
1
0
0
0.5
0.136
0.333
0
