0	0	0
0	1	0.939
0.667	0.639	0
0.506	0	0
0.639	0	0.667
0	0	0
0.458	0	0
0	0	0
0	0	0
0	0.481	0
0.7	0.636	0.55
0	0	0
0	0	0
1	0	0
0	0	0
0	0	0
0.573	1	0
1	0	1
0	0	-1
0	0	0.481
0.4	0	0
0	0	0
0	0	0
0	0	1
0	0.246	0
0	0	0
0	0.372	0
0	0	0
0	0	0
0	1	0
0	0	0
0	0	0
0	0	0.604
0	0	0
1	0	0.75
0	0	0
0.5	0.667	0
0	0	0
1	0	0
0	0	0
0	0	0
0	0	0.5
0	1	0
0	0	0
0	0	0
0	0	0.458
0	0	1
0.581	0	0.81
0	0	0
0.833	0.571	0
0.505	0.778	0.557
0.5	0	0
0	0.267	0.667
0	1	0
0	0	0
1	1	0
0	0	0.667
0.32	0	0
0	0	0
0	0	0
0	0	0
0	0	0
0.5	0	0
0	0	0
0	-1	0
0.321	0.41	0
0	0.667	0
0	0	0
0	0	0.489
0	0	0
0	0	0.41
0	0	0.581
0.939	0	0.447
0	0	0
0	0.458	0
0	0.47	1
0	0	0
0	0	0
0.441	0	0
0	0.506	0
0	0.32	0
0	1	0.8
0	0	0
0.55	0.7	0
0	0	0
0	0	0
1	0.557	0.636
0	0	0
0	0	0
0	0	0
0	0	0
0	0.55	0.714
0	0.573	0
0	1	0
0	0.5	0
0	0	0
0	0	0.267
0	0	0
0	1	0
0	0	0
0	0	0
0.667	0	0
0	0	0
1	0.5	0
0	0.4	0
0	0	0
0	0	0
0.348	0	1
1	0	0.573
0	0	0
0	0	0
1	1	1
1	0	0
0	0.321	1
0	0	0
0	0.476	0
0	0	0.571
0	0	0
0	0	0.659
1	0.295	0
0	0.214	0
0	0	0
0	0	0
0.667	0	0
0	0	0
0	0	0
0	0	0
0	0	0
0	0.833	0
0	0	0
0	0	0
0	0	1
0	1	0
0	0	0
0	0	0
0	0	0
0.8	0	0.667
0	0	0
0.833	0	0
0.489	0	0
0	0	0
0	0	1
0	0	0
0	0	1
0	0	0
0.476	0	0
0	0	0
0	0	0
0	0	0
0	0	0
0.81	0.581	0.905
0	0.667	1
0	0	1
0	0	0
0	0.667	0
1	0.348	0
0	0	0
0	0	0.4
0	0	0
0.714	0	0
0	0	0
0.5	0	1
0	0	0
0	0	0
0	0	0
0.659	0	0
0.47	0	0
0.295	0	1
0	0.5	0
0	0	0
0	0	0
0	0	0.667
0	0	0
0	0	0
0	0	0
0	0	0
0.667	0	0.5
0	0	0
0.447	0.939	0
0	0	0
1	0	1
0	0	0
0	0	0.571
0.667	0	0
0	0	0
0	0	0
0	0	0
0	0	0
0	0	0
0	0.257	0
0	0	0
0.667	0.8	1
0	1	0
0	0	0
0	0	0.348
0	0	0.639
0	0	0
0.333	0	0
0	0	0
0	0	0
0.571	0	0.833
0	0	0
0	0	0
0	0.441	0
0	0.489	0
0	0	0
0	1	0
0.5	0	0
0.636	1	0.7
1	1	0
0	0	0
0.481	0	0
0	0	0
0	0	0
0	0	0.833
0	0	0
0	0	0
0	0	0.476
0.372	0	0
0.214	0	0
0	0	0
0	0	0
0	0.5	0
1	0.571	0
0	0.833	0.47
0	0	0
0	0	0
1	0	0
0.75	1	0
0	0	0
1	0.667	0
0	0	0
0	0	0
0	0	0
0.267	0	0
0	0	0
1	0	0
0.41	0	0.321
0	0.714	0.506
0.257	0	0
0.557	0.505	1
0	0.447	0
0	0	0
0	0.236	0.295
0	0.5	0
0	1	0.214
0	1	0.5
0	0	0.5
0	0	0.441
0	0.667	0.667
0	0	0
0	0	0
0	0	0.44
0	0	0
0	0	0
0	0	0
0	0	0
0	0	0.655
0	0	0
0.453	0	0.711
0.692	0	0.857
0	0	0
0	0	0.421
0	0	0
0	0	0
0	0.833	0.692
0	0	0
0	0.703	0
0	0	0.571
0	0	0
0	0.833	0
0	0	0
0	0	0
0	0	0
0	0.421	0
0	0	0
0.5	0	0.821
0	0	0
1	0	0.933
0	-1	0
0.821	0.5	0
0	0	0
0	0	0
0	0	0
0.857	0.692	0
0	0	0
0	0	0
0	0	0
0.667	0.417	0.333
0	0	0
0	0.342	1
1	0	0
0	0	0.453
0.833	0.933	0
0.571	0	1
0	0	0.833
0	0	0.769
0	0.398	0
0	0	0
0	0	0
0	0.431	1
0	0	0
0	0	0
0	0	0
0	0	0
0	1	0
0.44	0	0.286
0	1	0
0	0	0
0.619	0.333	0
0.929	0	0
0	0	0
0.421	0	0
0	0	0.5
0.417	0.286	0.667
0	0	0
0	1	0
0	0	0
0	0	0
0	0	0
0.342	0	0
0.769	0	1
0	0	0
0	0.711	0.431
0	0	0
0	0.536	0
0.604	0.655	0.426
0	0	0
0.431	0	0
0	0.821	0
0	0	0
0	0	0
0	0	0.703
0	0	0
0	0.857	0
0	0	0
1	0	0
0	0	0
0	0	0
0	1	0
0	1	0
0	0	0
0	0	0.929
0	0	0.536
0	0	0
0	0	-1
0.498	0	1
0.286	0.44	0.417
0	0	0
1	0.571	0
0	0	0.342
0.398	0.426	0
0	0.619	0
0	0	0.498
0	0	0
0	0	0
0.426	0.604	0.398
0.833	0	0
0.711	0.453	0
1	0.498	0
0.703	0	0
0.655	0	0.604
0.333	0.667	0.619
0	0	0
0.536	0	0
1	0.769	0
0	0	0
0.933	1	0.833
0	0.929	1
0	0	0
0	0	0
0	0	0
0	0	0
0	0	0
0	0	0
0	0	0
0	0.667	0
0.571	0.833	0
0	0	0
0	0	0
0	0	0
0.295	0.225	1
0	0	0
0	0	0
0	0	0
0	0.571	0.225
0.2	0	0.333
0.267	1	0
0	0	0
0	0	0
0.667	0.333	0
0	0	0
0	0.221	0
0	0	0
0	0	0
0	0	1
0	0.536	0.5
0	0	0
0	0	0
0	0.289	0
0	0	0.667
0	0.374	0
0	0	0
0	0	0
0	0	0
0.374	0	0
0	1	0
0	0	0
0	0	0
0	0	0
0	0	0
0.2	0	0.291
0	-1	0
0.5	0	0
0	0	0
0	0	0
0	0	0
0.667	0	0.667
0	0.3	0.167
0.333	0.2	0
0	0.194	0.667
0.221	0	0
0	0	0
0	0	0.333
0	0	0
0	0	0
0	0	0
0	0.5	0.5
0	0	0
0	0	0
0	0	0
0	0	0
0.5	0.333	0.4
0	0	0
0	0	0
0	0	0
1	0	0.267
0	0	0
0	0.667	0
0	0	1
0	0	0.667
0	0.667	0
0	0	0
0	0	0
0	0	0
0	0	0
0	0	0
0	0	0.221
0.289	0	0
0	0	0
0	0	0
0	0	0
0	0	0
0	0	0
0	0	0
0.5	0	0.667
0	0.333	0.143
0.3	0	0
0	0.714	0.5
0.389	0.381	0
0	0	0
0	0	0
0	0	0
0	0	0
0.333	0	0.667
0	0	0
0.5	0	0
0.9	0.714	0.545
0.291	0.2	0
0	0	0
0	0	0
0	0	0
0	0	0
0	1	0
0	0.143	1
0	0	0
0	0	0
0	0	0
1	0	0.833
0	0	0
0.333	0.667	0.5
0	0	0.583
1	1	0
0	0	0
0	0	0
0	0.167	0.289
0	0	0
0	0.4	0.5
0	0	0
0	0	0
0.4	0.5	0
1	0.295	1
0	0.389	0.3
0.667	0.5	0.536
0	0	0
1	0	0.381
0	0	0
0	0	0
0.381	1	0.389
0	0	0
0.194	0	0
0.714	0.295	0.621
0	0	0
0	0	0
0	0	0
0	0	0
0.833	1	0.571
0	0	0
0	0	0
0.667	0.667	0
0	0.5	0.374
0.667	0	0.333
0.143	0	0
0	0.81	0.714
0	0	0
0	0	0.2
0	0.267	1
0	0	0
0	0	0
0	0	0
0	0	0
0.536	0.667	0
0.5	0	0
0	0	0
0	0	0
0	0	0
0	0	0
1	0	0
0	0	0
0	0.315	0
0	0.5	0
0	0	0
0	0.291	0
0	0	0.2
0	0	0
0.667	0	0
0	0	0
0	0	0
0	0	0
0	0	0
0	0	0
0	0	0.194
0	0	0
0	0	-1
0.167	0	0
0	0	0.9
0.389	0.472	0.417
0	0	0
0.833	0	0
0.571	0.389	1
0	0.7	0
0.283	0.176	0.933
0	0	0
1	0.9	0.9
0	0	0
0	0.905	0.667
0.537	0	1
0	0	-1
0	0	0
0.7	0	0
0.333	0	0
1	0.571	0
0	0	0
0	0.4	0
0	0	0
0.476	0.689	0.332
0	0	0
0	0	0
0	0	0.667
0	0	0
0	0	0.333
0.274	0.9	0.744
0	0	0.562
0	1	0
0	1	0.5
0	0.762	0.196
0.4	0	0
0.32	0.493	0.601
0	0	0
0.493	0.363	0.32
1	0	0
0	0	0
0	0	0
0	0	0
0.618	0.522	0.709
0	0	0
0	0	0
0	0.602	0
0	0	0
0	0	0
0	0.733	0
0	0	0
0	0	1
0	0	0
1	0.537	0.745
0	0	0.333
0.389	0.5	0.571
0	0	0
0.6	0	0.6
0	0	0
0	0	0
0	0	0
0	0	0
0	0	0.857
0	0	0
0	0	0
0.619	0	0
0	0	0
0.436	0	0
0	0	0.4
0	0	0
0.744	0.274	1
0.9	1	0.274
0	0	0.533
0	0	0
0	0	0
0	0	0
0.463	0.473	0.363
0	0	0.537
0	0	0
0.379	0.542	0.722
0.562	0	1
0	0	0.4
0.196	0	1
0.472	0.533	0.389
0	0.5	0
0	0	0
0	0	0
0	0.381	0
0.363	0.463	0.493
0	1	0
0.648	0	0
0	0	0
0	0	0
0	0	0.667
0	0	0
0	0	0
0	1	1
0	0	0
0	0	0
0	0	0
0	0.833	0
0	0	0
0	0	0
0	0	0
0	0	0
0.667	0	0
0	1	0
0	1	0
0.889	0	0.762
0	0.667	0
0.762	0.889	0
0	0	0
0.667	0	0
0	0	0
0	0	0
0	0	0
0.745	1	0.522
0	0	1
0.709	0.618	0.905
0.542	1	0.379
0.857	0	0.9
1	0.562	0.542
0	0	0.648
0	0	0
0.667	0	0.689
1	0.744	1
0	0.333	0
0.424	0.381	0
0.473	0.417	0.463
0.6	0.6	0.6
0.533	0.6	0.472
0	0	0
0.048	0	0.381
0	0	0.2
0	0	0
0	0	0
0	0	0
0.4	0	0
0	0.333	0
0	0	1
1	0.196	0
0	0.9	0
0	0	0
0.381	0.048	0
0	-1	0
0.695	0	0.733
1	0	0
0.905	0.709	0
0	0	0
0.722	0.379	0
0	0.667	0
0.601	0.32	0.602
0.9	0.857	1
1	0	0
0	0	0.667
0.5	0	0
0	0	0
0.689	0.667	0.476
0.667	0	0
0	0	0
0	0	0
0.522	0.745	0.618
0	0	0
0	0.2	0
0	0	0
0	0	0
0.417	0.389	0.473
0	0	0
0	0.667	0.619
0	0	0.833
1	0	0
0	0	0
1	0	0
0	0	0
0.602	0.601	0
0	0	0
0	1	0.5
0	0	0.6
0	0.424	0
0.6	0.6	0.533
0	0	0
0	0	0
0	0	0
0	0	0
0	0	0
0	0.722	0
0	0	0
0	0	0
0.333	0	0
0	0	0
0	0	0
0.9	0	0
0.733	0.695	0
0.5	0	0.389
0	0	0
0	0	0
0	0	0
0	0	0
0	0.436	1
0.2	0	0
0	0	0
0	0.4	0
0	0	0.048
0	0.619	0
0	1	0
0.822	0.8	0.822
0.333	0	0
0.583	0.33	0.733
0.667	0	1
0	0	0
0	0	0.19
0	0	0
0.533	0.4	0
0.8	0.742	0.822
0	0	0
0	0	0
0	0.379	0
0	0.167	0
0	0	0
0	0	0
0	0	0
0.5	0.5	0.533
0	0	0
0	0.333	0
0.286	0.667	0
0.742	0.727	0.8
0	0	0
0.167	0	0
0.379	0	0
0.5	0.333	0.4
0	0.333	0
0.619	0.637	0.727
0	0	0.5
1	0	0
0.733	0.583	0.571
0	0	0
0	0.333	0.306
0	0.533	0.379
0.19	0	0
0.333	0.4	0.5
0	-1	0
0.467	0.4	0.4
0	0	0.667
0	0	0
0	0	0
0	0	0
0.667	1	0.4
0.637	0.55	0.619
0.107	0	0
0.4	0.5	0.467
0.4	0.467	0.4
0	0	0.333
0.464	0.464	0.422
0.333	0	0
0.667	0	0
0.667	1	0.286
0	0.8	0
0.636	0.542	0.515
0	0.107	0
0	0	0
0	0	0
0	0	0.333
0	0	0
0.822	0.822	0.8
0	0	0.333
0	0	0.167
0.4	0.667	1
0	0	0
0	0.286	0
0	0.333	0
0.533	0.5	0.476
0	0	0.667
0	0.667	1
0.4	0.524	0.333
0.524	0.422	0.4
0.515	0.636	0.533
0	0.19	0
0.571	0.733	0.542
0.55	0.533	0.637
0	0	0
0	0	0
0.727	0.727	0.742
0	0.306	0
0	0	0
0.464	0.476	0.464
1	0.4	0.667
0	0	0.333
0	0	0
0	0	0
0	0	1
0.333	0	0
0	0	0
0	0	0
0.4	0.4	0.533
0	0	0
0	0	0
0.8	0.822	0
0	0	0
0	0	0.333
0.333	0	0
0	0	0
0.619	1	0.33
0	0	0
0	0	0
0	1	0
0.727	0.619	0.727
0	0	0
0	0	0
0	0	0
0	0	1
0.333	0	0
0	0	0
0	0	0
0	0.333	0
0.542	0.571	0.636
0.422	0.464	0.524
1	0	0
0	0	0
0	0	0
0	1	0
1	0	0.667
0	0	0.107
1	0.667	0.619
0	0	0
0	0	0
0	0	0
0.533	0.515	0.55
0.306	0	0
0	0	0
0.476	0.533	0.464
0	0	0
0	0	0
0.33	0.619	0.583
0.5	0	0.5
0	0	0
1	0	0
0	0	0.167
0	0	0
0	0	0
0.613	1	0
0	0	0
0	0	0
0.743	0.846	0
0.929	0.39	1
0	1	0
0	0	0
0.39	1	0.929
0.733	0	0.5
0	0	0
0	0.613	0
0	0	0.905
0	0	0.733
1	0.806	0.39
0	0	0
1	0.495	0
1	0.933	0.557
0	0	0
0	0	0
0	0	0.333
0	0	0
0	0	0
0	0	0
0	0	0
0	0.614	0.511
0.846	0.46	0.743
0	0	0
0.333	0	0.333
0	0	0
0	0	0
0	0	1
0	0.756	0
1	1	0.521
0	0	0
0	0	0
0	0	0.9
0	0	0
0	0.747	0
0	0	0
1	0	1
1	0.929	0.444
0	0	0
0.5	0.733	0.8
0	0	0
0	0	0.333
0.5	0.597	0.552
0.905	0.35	0.667
0.393	0.4	0
1	0	0
0	0	0
0.594	0	0.773
0.524	0.552	0
0.19	0.583	0.26
0	0	-1
0.557	1	0.933
0.757	0	0.788
0	0.304	1
0	0	0
1	0	0
0	0	0.757
0	0.788	0
0	0	0
0	0	0
0.304	0	0
0.588	0.773	0.654
0	0	0
0.708	0	0
0	0	0.855
0	0.8	0
0.711	0	0
0	0	1
0	0.933	0
0.35	0	0.905
0.511	0	0
0.444	1	0
0	0.524	0
0	0.711	0.32
0	-1	0
0	0	0
0	0	0
0	0	0
0	0	0
0	0	0.756
0	0	1
0.583	1	0.19
0.639	0	0
0.8	0	0
0	0	0
0	0	0.5
0	0	0
0.747	0	0
0	0	0
0.6	1	0
0.756	0	0
0	0	0
0	0	0
0.933	0.557	0
0	0.167	0
1	0	0
0	0	0
0	0.393	0
0	0.743	0.405
0	0	0
0.905	0	0.893
0	0	0
0	0	0
0	0	0
0.46	0.733	0.846
0	0	0
0.333	0	0
1	0.829	0
0.333	0.333	0
0	0	0
0	0.708	0.933
0	0.333	0
0	1	0
0	0	0
0	0	0
0.855	0	0
0	0	0
0	0	0
0	0	0
0.679	0	0
0	0	0
0	0	0
0	0.444	0.35
0.26	0.19	1
0.788	0.757	0
0.8	0	0
0	0	0
0.893	0.905	1
0	0	0
0	0	0.711
0	0	0
0	0	0.806
1	0	0.613
1	0.893	0.583
0	0	0.679
0	0	0.614
0	0	0
0	0	0
0	0	0
0.5	0	0
0.467	0.7	0.4
0.7	0.8	0.467
0	0	0
0	0	0
1	0.26	0.6
0	0	0
0	0	0
0	0	0
0.9	0	0
1	0	0
0	0.5	0
0	0	0
0	0	0
0.8	0.5	0.7
0	0	0
0	0	0
0	0	0
0.773	0.594	0.588
0	0	0
0.552	0.5	0.524
0	0	0
0.733	0.654	0.46
0	0	0
0	0	0.597
0.829	0.521	1
0.571	0	0
0	0.333	0
0	0	0.571
0	0	0.495
0.405	0	0
0	0	0
0	0.667	0.304
0	0.639	0
0	0	0
0	0	1
0	0	0
0.167	0	0
0	0	0.8
0	0	0
0	1	0
0	0	0
0.806	0	1
0	0	0
0	0	0
0.333	0	0
0	0	0
0	0	0
0	0	0
0	0	0
0	0.855	0
0	0	0
0.933	0	1
0	1	0
0	0	0
0	0.32	0.639
0	0	0
0	0	0
0.521	1	0.829
0.495	0	1
0	0.405	1
0.4	0.467	0.393
0	0.8	0
0	0	0
0	0	1
0	1	0.8
0	0	0
0	0	0
0.614	0	0
0	0	0
0	0	0
0.597	0	0.5
0	0.679	0.747
0	0	0
0.667	0.905	0
0	0.511	0
0.32	0	0
0	0	0
0	0.9	0.594
0	1	0
0	0	0.708
0.654	0.588	0.733
0	0	0
0	0	0
0	0	0
0	0	0
0	0.571	0
0	0	0
0	0	0
0	0	0
0	0	0
1	0	0
0	0	0
0	0	0
0	0	0
0	0	0
0	0	0
0	0	0
0	1	0.464
0.333	0	0
0	0	0
0	0	0
0	0.844	0
0	0	0
0	0	0
0	0.667	0.333
0.237	0	0.618
0	0	0
0	0	0
0.857	0.893	0.861
0	0	0
0	0	0
0.414	0.562	0.786
0	0	0
0	0	0.9
0	0	1
0	0	0
0	0	0.516
0	0	0
0	0	0
0	0	0
0	0.511	0
0	0	0
1	0	0
0.455	0	0
0	0.6	0
0	0.418	0.545
0.333	0	0
0.511	0	0
0	0	0
0.667	0	0
1	0.5	0
0	0	0
0.355	1	0.667
0	0	0
0	0	1
0	0.643	0
0.667	0.545	0
0	0	0
0.389	0.549	0
0	0	1
1	0	0
0	0	0
0	0	0
0	0	0.333
0	0	0
0	1	0
0	0	0
0	0	0.5
0	0	0
0	0	0
0.5	0	0
0	0.333	0
0	0	1
0	0	0
1	0.929	0
0	0	0
0	0	0
0	0	1
0	0.861	0.581
1	0	0.43
0.667	0.355	0.764
0	0	0
0	0.667	1
0	0	0
0	0	0
0.786	0.414	0.893
0	0.933	0.237
0	0	0
0	0	0
0	0.333	0
0	0.333	0
0	0	0
0	0	0
0	0	0
0	1	0
0	0	0
0.619	0	1
0	0	0
0.5	0	1
0.9	0	0.611
0	0	0.833
0	0	0
0.581	0	1
0	0	0.333
0	0.615	0
0	0	0
0.6	0	0
0	0.709	0.619
0	0	0
0.643	0.081	0
0.545	0	0.545
0	0	0
0	0	0
0.821	0	0.929
0	0	1
0	0.455	0
0	0	0
0.562	0.43	0
0	0	0
0	0	0
0	0.333	0.31
0	0	0
0	0	0
0	0	0
1	0	0
0	1	0.352
0	0	0
0	0	0
0	0.5	0
0	0	0
0	0	0.6
0	1	0
0	0.516	0
0	0	0
0.933	0.5	0
0	0.389	0
0	0	0
0	0.364	0.511
0	0	0
0	0	0
0	0	0
0	0	0
1	0	0.615
0	0	0
0	0	0
0	0	0.455
0	0	0.418
0	0	0
0.462	0	0
0	0	0
0	0	0
0.861	0.857	0
0	1	0.667
0.764	0.667	0
0.333	0.31	0.436
0	0	0
0	0	0
0	0	0
0	0	0
0	0	0.562
0	0	0
0	0	0
0	0	0
0	0	0
0.352	0	0.333
0	0	0
0	0	0
0	0	0
0.608	0.618	0.709
0.611	0.9	0.495
0	0	0
0	0	0
0	0	0
0.364	0	0
0	0	0
0	0	0
0	0	0
0.081	1	0.643
0	0	0
0.495	0.611	0
0.516	0	0
0.426	0	0
0	0	-1
0	0	0
0	0	0
0	0	0
0	0.764	0.821
1	0	0.081
0	0	0
0.5	0	0.933
0	0	0
0	0	0
0	0	0
0	0	0
0	0	0
0	0	0
0.893	0.786	0.857
0	0	0
0	1	0
0.436	0.333	0
0	0	0
1	0.581	0
0	0	0.5
0	0.467	0
1	0.619	0.355
0	0	0
0	0.462	0
0.333	0	0
0.545	0.545	0.667
0	0	0
0	0	0
0	0	0
0	0.426	0
0	0	0.5
0.333	0.352	0
0	1	0.364
0.562	0	0.414
0	0	0
0	0	0
0	0	0
0	0	0
0	0	0
0	1	0
0.418	0	0
0	0	0
0	0	0
0.615	1	0
0	0	0
0	0	0
1	0	0
0	0	0
0	0	0
0	0	0
0	0.495	0
0.709	0.608	0
0	0.694	0
0	0	0
0.583	0.529	0.667
0.667	0.519	0.577
0	0	0
0	0	0
0	0	0.727
0	0	0
1	0.614	0.773
0	0.333	0
0.676	0	0.927
0.783	0.917	0
0.349	0	0.377
0	0.365	0.711
0.6	0	0.527
0	0	0
0	0	0
0	0	0
1	0	0
0	0	0
0	0	0
0	0	0
0	0.273	0.349
0	0	0
0	0	0
0	0	0.167
0	0	0
0	0	0
0	1	0
0.549	0	0
0	0	0
0	0	0
0.527	0.6	0.474
0.618	0.474	0.833
0	0.482	1
0	0	0
0.771	0.695	0.905
0	0	0.679
0.582	0.667	0.756
0.519	0.711	0.667
0	0	0
0	0	0
0	0	0
0	0	0.2
0	0	0
0	0	-1
0.273	0.727	0
0.727	0	0.273
0	0	0
0	0	0
0	0	0
0	1	0.667
0	0.476	0.6
0	0	0
0	0.333	0
0	0	0
0.833	0	0.482
0	0	1
0	0	0
0.365	0.372	0
0.81	0.833	0.575
0.756	0.582	0
0	0	0
0	0	0
0	0	0
0	0	0
0	0	0
0	0	0
0.404	0.773	0
0.667	0.583	0.476
0	0	0
0.333	0.927	0
0	0	0
0	0	0
0.695	0	0.771
0	0	0
0	0	0
0	0	0
0	0	0
0.917	0.529	0.783
0	0	0
0	0	0
0	0	0
0	0	0
0.833	0.618	0.81
0	0	0
0	0	0
0	0.577	0.6
1	0	0
0.679	0	0.667
0.927	0.676	0
0	0	0
0.2	0	0
0.905	0.771	0.614
0	0	0.529
0	0	0
0	0	0
0.773	1	0.404
0.21	0	0
0	1	0
1	0	0
0.927	0	0.333
0	0.2	0
1	0.667	0.667
0	0	0.676
0.333	0	0
0.533	0	0.667
0.667	0.679	1
0	0	0
0.6	0	0.694
0	0	0.333
0	0	0
0	0	0
0	0	0
0	0	0
0	0	0
0	0	0
0	0	0
0	0	0
0	0	0
0	0.549	0
0.575	0.81	0
0	0	0
0	0	0
0	0	0
0	0	0
0	0	0.695
0	0	0
0.667	0	0
0	0	0
0	0	0
0	0	0
0.474	0.527	0.618
0	0.756	0
0	0	0
0	0	1
0	0	0.533
0	0	0
0	0	0
0	0	0
0	0	0
0	0.667	0
0	0	0
0.577	0.667	0
0.476	0.667	0
0	0	0
0	1	0
0	0	0
0	0	0
0	0	0
0	0	0
0	0	0
0.667	0.533	0.372
0.529	0	0.917
0	0	0.833
0	0.377	0
0	0	0
0.667	1	0.582
0	0	0
0	0.783	0
0	0	0
0.614	0.905	1
0	0	0
0	0	0
0	0	0
0	0.667	0.21
0	0	0
0	0	0
0	0	0
0	0	0
0	0	0
0	0.2	0
0	0	0
0	0	0
0	0.21	0
0.711	0	0.519
0	0	0
0	0	0
0	0	0
0	0	0
0	0	0
0	0	0
0	0	0
0	0	0
0.377	0.349	0
0	0.575	0.549
0	0	0
0.694	0.6	0
0	0.404	0.529
0.372	0.667	0.365
0	0	0
0	0	0
0	0	1
0	0	0
0	0	0
0.529	0	0.583
0	0	0
0	0	0
0	0	0
0	0.927	0.927
0.482	0.833	0
1	0	0
0.417	0	0
0	0	0
0.422	0	0
0	0	0
0	0	0
0	0	0
0	0	0
0.619	0	0.242
0.576	0.694	0.582
0	0.524	0.528
0	0	0.4
0	0.667	0
0	0	0
0.545	0.582	0.618
0.3	0.7	0.8
0	0	0.667
0	0	0
0.833	0	0
0	0	0.4
0.242	0.619	0.524
0	0	0
1	0.6	0.7
0	0	0
0	0	0
0.7	1	0.3
0	0	0
0	0	0
0	0.4	0
0	-1	0
0	0	0
0	0	0
0.667	0	0
0.528	0	0.6
0	0	0
0	0.422	0
0	0	0.333
0	0.833	0.417
0	0	0
0.8	0.3	0
0	0	0
0.167	0	0
0	0	0
0.4	0	0
0	0.2	0
0.582	0.582	0.545
0	0	0
0	0.667	0.5
0.6	0.528	1
0.533	0	0
0	0	0
0.667	0	0
0	0	0
0	0	0
0	0	0
0	0	0
0	0	0.167
0	0	0
0	0	0.667
0	0	0
0.6	0	0
0	0.417	0.619
0	0.4	0
0	0	0
0	0	0
0.524	0.242	0
0	0	0
0	0.167	0
0.4	0	0
0	0	0
0	0	0
0	0	0.833
0	0	0
0	0	0
0	0	0
0	0	0
0	0	0.6
0	0.667	0
0	0	0
0	0	0
0	0.8	0.422
0	0	0
0	0.6	0
0.2	0	0
0	0	0
0	0	0.927
0.7	1	0.343
0	0	0
0	0	0
0	0	0
0	0	0
0	0	1
0	0	0
0	0	0
0	-1	0
0	0	0.523
0	0	0
0	0	0.28
0	0	0
0	0	0
0	0.8	0
0	0	0
0.771	0	0
0	0	0.544
0	0	0
0	0	0.771
0	0	0
0	0	0
0.9	0.857	0.8
0	0	0
0	0	0.621
0	0	0
1	1	0
1	0	0.818
0.376	0	0.733
0	1	0
0	0	0
0.44	0.769	0.608
0	1	0
0	0	0.5
0	0	0
0	0	0
0	0	0
0	0	0
0	0	0.9
0.8	0.333	0
0.833	0.714	0.395
0	0	0
0	0	0
0	0	0
0	0	0
0	0.821	0
1	0	0
0	0	0
0	0	0
0	0	0
0	0	0
0.821	0	0
0	0.343	0
0	0	0
0.28	0	0
0	0.9	0
0.927	0	0
0	0	0
0	0	0
0	0.857	0
0.468	0.692	0
0.8	0.9	0
0	0	0
0.343	0.7	0
0	0	0.64
0	0	0.929
0	0	0
0	0	0
0	0	0
0.667	1	0.4
0.679	0.544	0.857
0	0	0
0	0	0
0	0	0
0	0	0
0.333	0	0.8
0.9	0	0
0	0	0
1	0	1
0	0	0
0	0	0
0	0	0
0	0	0
0.395	0.833	0.391
0	0	0
0	0	0
0	0.733	0
0.769	0.867	0.44
0.818	1	0
0	0	0
0	0.468	0.376
0	0	0
0	0	0
0	0	0
0.5	0	1
0.553	0.447	0.756
0	0	0
0.818	0	0
0	0	0
0	1	0
0	0	0
0.8	0	0
0	0	0
0	0	0
0	0	0
0	0.818	0.42
0.523	0	0
0	0	0
0	0	0
0	0	0
1	0.391	0.667
0.692	0.733	0.468
0	0	0.836
0	0.836	0
0	0.927	0
0	0	0
0	0.28	0
0	0	0
0	0	0.536
0	0.64	0
0	0.536	0
0	0	0
0	0.8	0
0.536	0	0
0.621	0	0
0	0	0
0.42	0	0
0.391	0.395	1
0	0	0
0	0	0
0	0	0
0	0	0
0.733	0.376	0
0	0	0
0	0.523	0
0.929	0	0
0.447	0	0.553
0	0	0
0	0.621	0
0.836	0	0
0	0	1
0	0.8	0.867
0	0	0
0	0	0
0	0	0
1	0.5	0
0	0	0
0	0	0
0	0.818	0
0.608	0.44	0
0.867	0.756	0.769
0	0	1
0	0	1
0	0	0
0	0	-1
0	0	0
0	0	0
0.857	0.679	0.9
1	0.867	0.714
0	0	0
0	0	0.333
0	0.608	0
0	0	0.9
0	0	0
0	0.42	0.818
0	0	0
0	0.929	0
0	0.771	0
0.742	0	0
0	0	0
0.544	0	0.679
0	0	0
0.64	0	0
0	0	0.733
0.756	0.553	0.867
1	0	0.667
0	0	0
0	0	0.8
0	0	0
0	0	0
0	0	0
0.714	1	0.833
1	0.4	0.7
0.733	0	0.692
0	0	0
0	1	0
0	0	0.821
0.333	0	0
0	0	0
0	0	-1
0	0	0.429
0	-1	0
0	0.7	0
0.619	0.439	0.5
0	0	0
0.418	0.5	0.444
0	0	0
0	0	0
0.444	0.418	0.4
0	0	0
0	0	0
0.467	0.667	0
0	0	0.667
0	0	0
0	0	0
0.333	0	0.467
0	0	0
0.4	0.8	0.5
0	0	0
0.667	1	0.467
0	0	0.227
0.439	0.571	0.619
0.4	0.444	0.467
0.5	0.619	0.418
0	0.6	0
0	0	0
0.667	0	0.714
0.429	0	0.333
0	0.467	0.6
0.467	0.333	0
0	0	0
0	0	0
0	0	0
0	0	0
0	0	0
0.227	0	0.269
0	0.467	0
0.714	0.667	0.571
0.333	0.429	0
0.6	0	0
0	0	0
0	0	0
0.467	0.4	0.7
0	0	0
0	0	0
0	0	1
0.44	0.56	0
0	0	0
0	0	0
0	0	0
0	0	0
0	0	0
0	0	0
0	0	0
0	1	0
0.5	0.444	0.424
0	0	0
0.7	0.528	0.476
0	0	0.667
0	0	0
0.304	0	0.667
0	0	0
0	0	0
0	0	0
0	0.5	0
0	0	0
0	0	0
0.5	0.4	0.167
0	0	0.417
0	0	-1
0	0.9	0.346
0	-1	0
0.4	0.167	0
0	0	0
0.495	0.714	0
0	0	0
0	0	0
0	0.333	0
0	0	0
0.346	0	1
0.476	0.7	0.333
0	0	0.4
0	0	0
0.417	0	0
0	0	0
0.533	0	0
0.152	0	0.549
0	0	0
0	0	0
0.145	1	0
0	0	0
0	0	0
0	0	0
0	0	0
0	0	0
0	0	0
0	0	0
0	0	0
0	0	1
0	0	0
0	0	0
0	0	0
0	0	0
0	1	0
0.6	0	0
0	0	0
0	0	0.56
0	0	0
0.333	1	0.267
0	0	0
0	0	0
0	0	0
0	0	0
0.225	0.464	0.444
0	0	0
0	1	0
0	0	0
0	0	0
0	0	0.714
0	0	0.5
0	0	0
0	0	0
0	0	0
0	0	0
0	0	0
0	0	0
0.167	0.5	0.4
0	1	0.304
0	0	0
0	0	0
0	0	0
1	0	0
0	0.7	0
0.333	0.476	0.533
0	0.417	0
0	0	0.533
0	0	0
0	0.495	0.7
1	0.337	0.145
0	0	0.833
0	0	0
0	0	0
0	0	0
0	0	0
0	0	0.152
0.444	0.5	0.5
0.667	0	0
0	0	0
0.7	0	0
0	0.359	0
0.333	0.333	0
1	0	0.333
0.7	0	0
0	0	0.455
0	0	0
0	0	0
1	0.346	0
0	0	0
0	0	0
0	0	0
0	0.6	0
0	0	0
0	0	0
0	0	0
0	0	0
0	0	0
0.56	0	0.44
0	0	0
0	0	1
0	0	0
0	0	0
0.47	0	0.733
0	1	0.6
0	0	0
0	0	0
0	0	0
0.333	1	0.333
0.464	0.424	0.225
0	0.4	1
0.4	0	0.5
0	0	0
0	0	0
0	0	0
0	0	0
0	0	0
0.6	0.667	0.673
0	0	0
0.619	0	0.9
0.528	0.444	0.7
0	0	0
0	0.145	0.7
0	0	0
0	0	0
0	0	0
1	0	0
1	0	0
0.714	0	0
0	0	0
0	0	0
0.361	0	0
0.5	0.4	0
0.533	0.333	0.4
0	0	0
0.5	0.5	0.444
0.337	0.7	1
0.833	0	0.5
0.267	0.333	0
0	0	0
0	0	0
0.667	0.304	0
1	0.464	0
0	0	0
0	0	0
0	0	0
0	0	0
0	0	0
0	0	0
0	0	0
0	0	0
0	0	0
0.549	0.152	0.351
0	0	0
0	0.44	0
0	0	0
0	0	0
0	0	0.464
0	0	0
0	0.455	0.359
0	0	0
0	0.533	0
0	0	0
0	0	0
0.424	0.5	0.464
0	0	0
0	0	0
0	0	0
0	0	0
0	0	0
0	0.361	0
0	0	0
0.5	0	0.5
0	1	1
0.455	0	0
0	0.267	0.361
0	0.714	0
0	0	0
0	0	0
0	0	0
0	0	0
0	0	0
0	0	0
0.464	0	1
0	0.7	0
0.4	0.533	0.5
0	0	0
0.333	0	0
0	0	0
0	0	0
0	0.667	0
0	1	0
0.444	0.225	0.528
0	0	0
0.7	0	0.337
0	0	0
0	0	1
0	0	0
0	0	0.333
0.267	0.333	0.667
0.528	0.4	0.267
0	0	0
0.3	0	0
0	0	0
0.533	0.571	0.417
0.581	0.55	0.637
0	0	0
0.667	0	0
0	0	0
1	0	0
0	0	0.2
0.643	0.639	0.582
0	0	0
0	0	0
0	0	0
0.806	0.778	0
0.667	0.5	0.571
0	0	0
0.689	0.508	0.529
0	0	0.5
0.571	0.667	0.533
0.637	0.581	0.745
0	0.3	0
0.333	0.5	0.667
0	0	0
0	0	0.111
0	0	0
0	0	0
0.727	0.745	0.697
0	0	0
0	0	0
0.333	0	0
0	0	0
0.582	0.643	0.508
0.333	1	0.267
0	0	0
0	0	0
0.333	0	0
0.327	0	0
0	0	0
0.39	0.462	0.639
0	0	0
0	0	-1
0.5	0	0.333
0	0	0
0	1	0
0.667	0	0.5
0	0	0.238
0	0	0
0	0.333	0
0	0	0.667
0	0	0
0.508	0.582	0.689
0	0	0.333
0	0.667	0.143
0.2	0	0
0.8	0.764	0.778
0	0	0.667
0	0.333	0
0	0	0
0	0	0
0	0.333	0
0	0	0
0.529	0.689	0.552
0.5	0.333	0
0.5	0.667	0.462
0	0.5	0.327
0	1	0
0.552	0.529	0.55
1	0	0
0	0.327	0
0	0	0
0.55	0.552	0.581
0	-1	0
0.238	0	0
0	0.111	0
0	0	0
0	0	0
0.639	0.39	0.643
0.667	0.333	0.5
0.333	0	0
0.111	0	0
0	0	0
0	0	0
0.462	0.5	0.39
0	0	0.333
0	0.667	1
0.667	0.267	0
0.745	0.637	0.727
0.333	0.267	0.5
0	0	0
0.5	0	0
0	0.391	0
0	0	0
0	0	0
0	0	0
0	1	0
0	0	0
0	0	0
0	0	0
0	0	0
0	0.4	0
0.667	0	0
0	0	0
0	0	0
0	0	0
0	0.476	0
1	0.773	0.769
0.333	0	0.718
0	0	0
0.333	0	0
0	0	0
0	0	0
0	0	0
0	0	0
0	0	0
0	0	0
0.9	0.463	0
0	0	0
0.667	0.436	0
0	0	0
0	0	0
0	0	0
0	0.727	0
0.5	0	0
0	0	0
0	0.333	0.333
0	0.333	0
0	0	0
0	0.493	0
0	0	0
0	0	0.667
0	0	0
0	0	0
0	0	0
0.3	0	0
0	0	0
0.489	0	0
0	0	0
0	0	0
0	0	0
0	0.296	0.372
0	0.718	0
0.667	0	0
0.59	0.638	0.604
0	0	0
0	0	0
0	0	0
0	0	0
0	0	0
0	0	0
0	0	0
0	0	0
0	0	0
0	0	0
0	0	0
0.463	0	0.9
0	0	0
0	0	0
0	0	0
0	0.857	0
0.372	0	0
0	0	0
0	0	0
0	0	0.511
0	0	0
0.532	0	0
0.235	0	0
0.493	0.519	0
0	0	0
0	0	0
0.511	0	0
0.867	0	0
0	0	0.333
0	0.532	1
0.476	0.626	0
0	0	0
0	0	0.432
0	0	0
0.857	0	0
0	0	0
0.203	0	0.516
0.436	0.3	0.667
0	0	0
0	0	0
0	0	0
0	0	0.667
0	0.536	0
0	0.258	0
0	0	0
0	0	0
0	0.459	0
0	0	0
0	0	0
0	0	0
0	0.5	0.533
0	0	1
0	0	0
0	0	0
0	0	0
0	0	0
0	0	0
0.372	1	0
0	0	0.258
0	0	0
0.582	0.667	0
0	0	0
0	0	0
0	0	0
0	0	0
0.45	0.604	0.648
0	0	0
0	0	0
0	0	0
0	0	0
0	0	-1
0	0	0
0	0.489	0
0	0.667	0
0.296	0	0
0	0	0
0	0	0
0	0	0
0	0	0
0	0	0.667
0	0.393	0
0	0.813	0
0.933	0	0.861
0	0	0.519
0.733	0.559	0
0	0	0
0	0	0
0	0	0
0	0	0
0	0	0
0	0	0
0	0	0
0	0	0
0.65	0	0
0	0	0
0.213	0	0
0.673	0.692	0.48
0	0	0
0.944	0	0.474
0	0	0
0	0	0
0	0	0
0	0	0.667
0	0	0
0	0	0
0	0	0
0	0	0
0	1	0
0	0	0
0	0	0
0.718	0.333	0
0.642	0	0
0	0	0
0	0	0
0	0	0
0	0	0
0	0	0.318
0	0	0.643
0	0	0
1	0	0.333
0	0	0
0	0	0
0	0	0
0	0	0
0	0	0
0	0	0
0	0	0
0	0	0
0.327	0.5	0.311
0.536	0	0
1	0.181	0.384
0	0	0
0	0	0
0.477	0	0
0	0.667	0.463
0	0	0
0	0	0.532
0	0	0
0	0	0
0	0	0
0	0	0
0.571	0	0.833
0.451	0.667	0
0	0.372	0
0.667	0	0
0	0	0
0	0	0
0	0	0
0	0	0
0	0.769	0
0.773	1	1
0	0	0
0	0	0
0.533	1	0
0	0.833	0
0.813	0.532	0
0	0	0
0	0	0.626
0.333	0	0
0	0	0
0	0	0
0	0	0
0	0	0
0	0	0
0	0	0
0	0	0
0	0	0
0	0	0.867
0	0.333	0
0.538	0	0.509
0	0	0
1	0	0
0	1	0
0	0	0
0	0	0
0	0	0
0	0.333	1
0	0	0
0.667	0	0
0	0	0
0.311	0.327	0.5
0	0	0
0	0.667	0.566
0	0	0
0	0	0.5
0.333	1	0.333
1	0	0
1	0	0
0	0	0
0	0	0.536
0	0	0.65
0	0.5	0.667
0	0	0.391
0.5	0	0
0	0	0
0	0	0
0	0	0
0	0	0
0	0	0.333
0	0.667	0
0	0	0.642
0	0	0
0.667	0	0
0	0	0
0	0	0.333
0	0.861	0
0	0	0
0	0	0
0	0	0
0	0	0
0.638	0.778	0.758
0.463	0	0.5
0	0	0
0	0	1
0.833	0.571	0.333
0.667	0	0
0	0	0
0	1	0.333
0.782	0.544	0.559
1	0	0
0	0	0
0.648	0.45	0.692
0	0	0
0	0	0
0	0	0
0.5	0.463	0.393
0	0.667	0
0	0	1
0.604	0.59	0.45
0	0	0
0	0	0
0.391	0	0
0.547	1	0
0	0.3	0
0	0	0
0	0	0.489
0	0	0
0	0	0
0.4	0.429	0.667
0	0	0
0	0	0
0	-1	0
0	0	0
0	0	0
0.394	0.136	0.497
0	0	0
0	0	0
0	0	0
0	0	0
0.544	0.758	0.782
0	0	1
0.482	0	0.241
0	0.235	0
0	0	0
0	0	0
0	0	0
0	0	0
0	0	0
0	0	0
0	0	0.667
0	0	0
0	0	1
0	0	0.667
0	0	0
0.181	0.474	1
0	1	1
0	0	0
0	0.744	0
0	0	0
0	0	0.3
0	0	0
0	0	0
0	0	0
0	0	0
0	0	0
0	0.917	0
0	0	0
0.136	0.226	0.394
0	0	0
0	0	0
0	0	0
0	0	0
0	0.733	0
0	0	0
0	0	0.296
0	0.213	0
0	0	0
1	0	0.547
0.378	0.333	0.667
0	0	0
0	0	0.5
0.545	0	0
0.667	0	0
0	0	0
0	0.241	0
0	0	0
0	0	0.667
0	0	0
0	0	0
0	0	0
0	0	0.833
0	1	0
0	0	0
0	0	0.5
0	0	0
0	0.933	1
0	0	0
0	0	0
0.8	0	0
0	0	0
0	0	0
0.692	0.648	0.673
0.437	0	0
0	0	0.667
0	0	0
1	0	0.372
0	0.333	0
0	0	0.258
0	0	0
0	0	0
0	0	0
0	0	0
0	0	0.611
0	0	0
0	0	0
0	0	0
0	0	0
0	0.867	0
0	0	0
0	0.167	0
0	0	0
0	0	0
0	0	0
0	0	0.463
1	0.833	0
0	0	1
1	0	0
0	0	0
0.318	0	1
0	0	0
0	0	0
0	0.275	1
0.917	0	0
0.8	0	0.526
0.643	0	0
0	0	0
0	0	0
0	0	0
0	0	0
0.667	0	0.582
0	0	0
0.532	0	0.813
1	0	1
0	0	0
0	0	0
0	0	0
0	0	0
0.127	0	0
0.333	0.333	0.333
0	0	0
0	0	0
0	0	0
0	1	0
0	0	0
0	0	0
0.5	0.333	0.327
0	0	1
0	0	0
0	0	0
0	0	0
0	0	0.5
0	0	0
0	0	0
0	0	0
0	0	0
0	0	0
0	0	0
0	0.667	0.8
0	0.451	0.714
0	0	0
0	0	0
0	0	0
0.48	0.673	0.778
0.241	0.482	0
0	0	0
0.333	0.333	0.378
0.744	0	0
0.333	0.667	0.333
0	0	0
0	0	0
0.833	0	0
1	0	0
0	0.8	0
0	0	0
0.536	0.455	0.564
0.429	0.5	0.4
0	0	0
0	0	0
1	0	0
1	0	0
0	0	0.213
0	0	0
0	0	0
0	0.333	0.667
0	0	0
1	0	0.533
0.519	0	0.493
1	1	0
0	0	0.235
0	0	0
0	0	0
0	0	0.532
0	0	0
0	0	0
0	0	0
0	0	0
0.758	0.638	0.544
0.611	0	0
0	0	0
0	0	0
0	0	1
0	0	0
0	0.667	0.8
0	0	0
0	0	0
0	0	0
0	0.643	0
0	0	0
0.275	0	0
0.626	0	0.476
0	0.667	0
0	0	0
0.258	0	0
0	0	0
0	0	0
0	1	0
0	0	0
0	0	1
0	0	0
0	0	0
0	0	0
0	0	0.917
0	0	0
0	0	0
0.333	0	0
0	0	0
0	0.582	0
0	0.667	0
1	1	0
0	0	0
0.566	0	0
0	0	0
0	0	1
0	0	0
0	0	0
0	0	0
0	0	0.4
0	0.258	0
0	0	0
0	0	0
0	0	0
0	0	0
0	0	0
0	0	0
0	0	0
0	0	0
0	1	0.477
0	1	0
0	0	0
0.533	0	0
0	0	0
0	0	0
0	0	0
1	1	0.773
0	0	0
0	0.667	0.571
0	0	0
0	0	0
0	0	0
0	0	0
0	0.547	0.944
0	0	0
0	0	0
0.667	0	0.451
0.333	0	0
0.638	0.5	0.59
0	0	0.857
0	0.566	0
0.393	0.5	0
0	0	0
0	0	0
0	0	0
0	0	0
0	0	0
0	0	0
0	0	0
0	0	0
0	0	0
1	0.7	0
0	0	0
0	0	0
0	0	0
0	0	0
0	0.333	0
0.432	0	0
0	0	0
1	0	0
0	0	0
0.559	0.782	0.733
0.861	0.933	0
0	0	0.933
0	0.65	0
0	0	0
0	0	0
0	0	0
0	0	0
0	0	0
0	0	0
0	0	0
0	0	0
0	1	0.437
0	0.9	0
0	0	0
0	0	0
0.667	0	0
0	0.5	0
0	0	0
0.933	0	0
0.667	0	0
0	0	0
0	0	0
0	0	0
0	0	0.333
0	0	0.333
0.667	0.4	0
0	0	0
0	1	0.203
0.4	0	0
0	0	0
0.258	0	0
0	0	0
0	0.533	0
0	0	0
0	1	0
0.333	0	0
0	0	0
0	0	0
0.333	0.833	0
0	0	0
0	0	0
0	0	0
0	0	0
0.333	0	0
1	0.318	0
0	0	0.482
0	0	0.667
0	0	0
0	0.5	0
0	0.372	0
0	0	0
0	1	0
0.571	0	0
0	0	0
0	0	0
0.667	0.378	0.3
0	0	0
0	0	0
1	0	0
0	0.509	0
0	0	0
0	0.571	0
0	0	0
0	0	0
0	0	0
0	0	0
0	0	0
0	0	0
0	0.511	0
1	0	0
0	0.333	0
0	0	0
0	0.432	0
0	0	0
0	0	0
0	0	0
0	0	0
0	0	0
0.333	0	0
0.778	0.48	0.638
0	0.667	0.127
0	0	0
0	0	0
0	0	0
0	0	0
0	0	0
0.3	0.667	0.436
0	0	0
0.516	0.203	0
0.167	0	0
1	1	0
0.577	0.375	0
0	0	0
0	0.2	0.333
0.273	0	0
0.571	0.833	0.571
0.34	0.368	0
0	0.667	0.667
0.368	1	0.34
0	0	0
0	0	0
0	0	0
0.444	0.333	0.309
0	0	0.147
0	0	0
0.226	0	0
0.8	0.857	0.375
0.679	0.639	0.6
0	0	0
0	0	0
0	0	0
0	0.472	0.4
0.556	0	0
0.571	0.571	0
0	0	0
0	0.273	0.333
0.333	0.333	0
0	0	0
0	0	0
0.6	0.679	0.578
0	0.333	0.472
0	0.667	0
0.667	1	0
0	0.226	0.667
0	0	0
0	-1	0
0	0	0
0.81	0	0.81
0.4	0	0
0	0	0
0	0	0.556
0.857	0.81	0.8
0	0.556	0
1	0	0.464
0	0	0
0.473	0.449	0.487
0	0	0
0	0	0
0.333	0.22	0.444
0	0	0.142
0.429	0	0
0.667	0	0
0	0	0
0	0	0
0	1	0
0	0.571	0.667
0	0	1
0.578	0.6	0.607
0.362	0	0
0.571	0.333	0
0	0	0.8
0	0	0
0.142	0	0.267
0.393	0.309	0
0.449	0.536	0.473
1	1	1
0.667	0	0
0	0	0
0	0.667	0.5
0	0	0.273
0	0	0
0.536	0	1
1	0.536	0.368
0	0	0
0.147	0	0.667
0.1	1	0.2
0	0.571	0.226
0	0	0
0	0	0
0	0.333	1
0	0.34	0
0.375	0.8	0.577
0	0	0.583
0	0.258	0
0.8	0	0.833
0.309	0.444	0.393
0	0	0
1	0	0
0	0.667	1
0	0.362	0.536
0.464	1	0
0.333	0	0.571
0	0	0
0.267	0.142	0
0.333	0	0.7
0.607	0.578	0.556
0	0.333	0
0.7	0.333	1
0	0	0
0.472	0	0
0	0	0
0	0	0
0.524	0.667	0
0	0	0
0	0	0
0	0	0
0	0	0
0	0	0.333
0	0.464	0
0	0	0
0.556	0.607	0.556
0	0.267	0
1	0	0.667
0	0.429	0
0	1	1
1	0.7	0.667
0	0.577	0.362
0.5	0	0.238
0.2	0.1	0
0.583	0	0.467
1	0	0.333
0	0	1
0.536	0	0.449
0.582	0	0
0.238	0.5	0.258
0	0.4	0.333
0	0.582	0.667
0.333	0.5	0.22
0.22	0.333	0.333
0	0.667	0
0	0	0
0	0.667	0.81
0	0	0
0	0	0
0.667	1	0
0.333	0	0
1	0.667	0.1
0.333	1	0.333
0	0	0
0	0.393	0.536
1	0	0.5
0.81	0.81	0.857
0	0	1
0	0	0
0.556	0.556	0.5
0	0	0.429
0	0.667	0
0.467	0.583	0
0	0	1
0.667	0	0
0.258	0.238	0
1	0	0.667
0.667	0.147	0
1	0	1
0.333	0	0
0	0	0
0	0	0
0	0	0
0.833	0.8	0.571
0.5	1	0.333
0	0.467	0.582
0.667	0	0
0.667	1	0.524
0	0	0
0	0	0
0	0	0
0.762	0.779	0
0	0	0
0.779	0.619	0.762
0	0	0
0	0	0
0	0	0
0	0	0
0	0	0.848
0	0	0
0	0	0
0	0	0
0.333	0.333	0
0	0	0
0	0	0
0	0	0
0.676	0.67	0.673
0	0	0
0	0	0
0.485	0.639	0.619
0	0	0
0	0	0
0	0	0
0	0	0
0.433	0.637	0.508
0	0	0
0	0	0
0	0	0
0	0	0
0	0	0
0	0	0
0	0	0
0	0	0
0	0	0
0	0	0
0	0	0
0	0	-1
0	0	0
0	0	0
0	0	0
0	0	0
0	0	0
0.801	0.824	0.824
0	0	0
0	0.613	0.603
0	0	0
0	0	0
0	0	0
0.718	0.603	0.683
0	0	0
0.613	0.933	0
0	0	0
0	0	0
0	0	0
0	0	0
0.824	0.801	0.952
0.848	0	0.667
0	0	0
0	0	0
0	0	0
0	0	0
0	0	0
0	0	0
0	0	0
0	0	0
0	0	0
0	0	0
0	0	0
0	0	0
0	0	0
0.637	1	0.433
0	0	0.7
0	0	0
0	0	0
0.761	0.725	0.824
0	0	0
0	0.762	0
0	0	0
0	0	0
0	0	0
0.521	0.672	0.831
0	0	0
0	0	0
0	0	0
0	0	0
0	0	0
0	0	0
0.79	0.517	0.81
0	0	0
0	0	0
0	0	0
0	0	0
0	0	0
0	0	0
0	0	0
0.613	0.838	0
0	0.613	0.471
0.843	0.833	0.71
0	0	0.333
0	0	0
0	0	0
0	0	0
0.67	0.625	0.676
0	0	0
0	0	0
0	0	0
0	0	0
0	0	0
0	0	0
0	0	0.667
0	0	0
0	0	0.167
0.471	0	0.778
0	0	0
0	0	0
0	0	0
0.749	0.893	0
0	0	0
0	0	0
0	0	0
0	0	0
0	0	0
0	0	0
0	0	0
0	0	0
0	0	0
0	0	0
0	0	0
0	0	0
0	0	0
0	0	0
0	0	0
0	0	0
0	0	0
0	0	0
0	0	0
0	0	0
1	0.718	0.637
0	0	0
0	0	0
0	0	0
0	0	0.333
0.625	0.554	0.67
0.554	0.65	0.625
0	0	0
0	0	0
0	0	0
0	0	0
0.729	0.952	0
0	0	0
0	0	0
0	0	0
0	0	0
0	0	0
0	0	0
0	0	0
0	0	0
0	0	0
0.893	0.81	0.749
0	0	0
0.7	0	0
0.778	0.471	0.778
0	0	0
0	0	0
0	0.167	0.333
0.57	0.508	0.944
0	0	0
0	0	0
0	0	0
0	0	0
0	0	0
0.824	0.761	0.801
0.933	0.71	0.613
0	0.333	0
0	0	0
0	0	0
0	0	0
0.718	0.496	1
0	0	0
0.333	0	0.333
0	0	0
0	0	0
0	0	0
0.639	0.846	0.485
0	0	0
0	0	0
0	0	0
0	0	0
0	0	0
0.333	0	0
0	0	0
0.599	0.7	0.725
0	0	0
0	0	0
0	0	0
0	0	0
0	0	0
0	0	0
0	0	0
0.619	0.485	0.779
0	0	0
0	0	0
0	0	0
0.944	0.57	0.672
0	0	0
0	0	0
0	0	0
0	0	0
0.81	0.79	0.893
0	0	0
0	0	0
0.591	0.61	0.5
0	0	0
0	0	0
0	0	0
0	0	0
0	0	0
0	0	0
0.496	0.663	0.718
0	0	0
0	0	0
0	0	0
0	0	0
0	0	0
0	0	0
0	0	0
0.725	0.599	0.761
0.778	0.778	0.675
0	0	0
0	0	0
0	0	0
0	0.333	0
0.65	0.778	0.554
0	0	0
0	0	0
0	0	0
0	0	0
0	0	0
0	0	0
0.831	0.521	0.833
0	0	0
0	0	0
0	0	0
0	0	0
0	0.749	0.435
0	0	0
0	0	0
0	0	0
0	0	0
0	0	0
0.667	0	0
0	0	0
0	0	0
0	0	0
0	0	0
0.61	0.6	0.591
0.419	0.673	0.415
0	0	0
0	0	0
0	0	0
0.167	0	0
0	0	0
0	0	0
0	0	0
0	0	0
0	0	0
0	0	0
0	0	0
0	0	0
0	0.2	0
0	0	0
0	0	0
0.333	0	0
0	0	0
0.952	0.824	0.729
0	0	0
0.663	0.608	0.496
0	0	0
0	0	0
0	0	0
0	0	0
0	0	0
0	0	0
0.675	0.778	0.68
0	0	0
0	0	0
0	0	0
0	0	0
0	0	0
0	0	0
0	0	0
0	0	0
0	0	0
0	0	0
0	0	0
0	0	0
0	0	0
0	0	0
0	0	0
0	0	0
0	0	0
0	0	0
0	0	0
0	0	0
0.754	0.68	0.441
0	0	0
0	0	0
0	0	0
0	0	0
0	0	0
0	0	0
0	0	0
0	0	0
0	0	0
0	0	0
0.683	0.718	0.7
0	0	0
0	0	0
0	0	0
0	0	0
0	0	0
0	0	0
0	0	0
0	0	0
0	0	0
0	0	0
0	0	0
0	0	0
0	0	0
0	0.667	0.667
0	0	0
0	0	0
0.7	0.683	0.599
0	0	0
0.539	0.441	0.681
0	0	0
0	0	0
0	0	0
0	0	0
0.415	0.419	0.608
0	0.667	0
0.603	0	0.718
0	0	0
0	0	0
0.667	0.667	0.6
0	0	0
0	0	0
0.608	0.415	0.663
0	0	0
0	0	0
0	0	0
0	0	0
0	0	0
0	0	0
0	0	0
0	0	0
0	0	0
0	0	0
0	-1	0
0.672	0.944	0.521
0	0	0
0	0	0
0	0	0
0.71	0.843	0.933
0.667	0	0
0.5	0.591	0.778
0	0	0
0	0	0
0	0	0
0	0	0
0	0.729	0
0	0	0
0.681	0.539	0.517
0	0	0
0	0	0
0	0	0
0.667	0.848	0.846
0	0	0
0.838	0.435	0.613
0	0	0
0	0	0
0	0	0
0	0	0
0.517	0.681	0.79
0	0	0
0	0.333	0.2
0	0	0
0	0	0
0	0	0
0	0	0
0	0	0
0.673	0.676	0.419
0	0	0
0	0	0
0.68	0.675	0.754
0	0	0
0.441	0.754	0.539
0	0	0
0	0	0
0	0	0
0.667	0	0.667
0	0	0
0	0	0
0	0	0
0	0	0
0	0	0
0	0	0
0	0	0
0	0	0
0	0	0
0	0	0
0.778	0.5	0.65
0	0	0
0	0	0
0	0	0
0	0	0
0	0.7	0.667
0.833	0.831	0.843
0.508	0.433	0.57
0	0	0
0	0	0
0	0	0
0	0	0
0	0	0
0	0	0
0	0	0
0	0	0
0	0	0
0	0	0
0.6	0.667	0.61
0	0	0
0	0	0
0	0	0
0	0	0
0	0	0
0.435	0	0.838
0.2	0	0
0	0	0
0	0	0
0.846	0.667	0.639
0	0	0.4
0.8	0	0.526
0	0	0
1	0	0
0.8	0.545	0.607
0	0	0
0.4	0	0
0	0	1
0.6	0	0
0	0	0
0.366	0.419	0.545
0	1	0.8
0	0	0
0	0.4	0
0	-1	0
0	0.495	0
0	0	0.6
0	0	0
0	0	-1
0.545	0.366	0.8
0	0	1
0	0	0
0	0.582	0.495
0	0	0.6
0.378	0.352	0
0	0	0
0.419	0.536	0.366
0	0	0
0.6	0	0
0	0.714	0
0	0	0
0	0.6	0
0.607	0.8	0.467
0.467	0.607	0.352
0	0	0
0.495	0	0
0	0	0
0.556	0	0
0	0	0
0	0.378	0
0.526	0.8	1
0	0	0
0	0	0
0	1	0.582
0.833	0	0.536
0	0.556	0
0.352	0.467	0.378
0.321	0.286	0.667
0.3	0.333	0.167
0	0	0
0	0	0
0	0.333	1
0	0	0
0	0	0
0.333	0.333	0.3
0	0	0
0	0	0
0	0	0
0	1	0
0	0.333	0
0.306	0.222	0.356
0.6	0.5	0
0.333	0	0.333
0	0	0
0.194	0.1	0
0.286	0	0.321
0	0.429	0
0	0.6	0
0	0	0.333
0	0	0
0.333	0	0
0	0	0
0	0	0
0.357	0	0
0	0	0
0	-1	0
0.356	0.306	0.5
0	0	0
0.222	0.393	0.306
0.667	0.321	0.5
0.167	0.3	0.2
0.5	0.356	0.6
0.5	0.667	0.393
0	0	0.357
0.1	0.2	0.194
0	0	0.6
1	0	0
0	0	-1
0	0.6	0.286
0	0	0
0.6	0	0
0.333	0.289	0.1
0	0	0
0.393	0.5	0.222
0	0	0
0	0.642	0
0	0	0
0.333	0.333	0.333
0	0	0
0	0	0
1	0	0
0	0	0
0	0	0
0.607	1	1
0	0.561	0.778
0	0	0
0	0	0
0	0.525	0
0	0	0
0	0	0
0	0	0
0	0	0
0	0	0
0	0	0
0	0.575	0
0	0	0
0	0.551	0
0	0	0
0	0.9	0
0.571	0.778	0.905
0	0	0
0	0	1
0	0	0
0.423	0.3	0.567
0	0.848	0.682
0	0	0
0.542	0	1
0.473	0.549	0.682
0	0	0
0.525	0	0
0.556	0	0
0	1	1
0	0	0
0	0	0
0.676	0.8	0.6
0	0	0
0	0	0
0	0	0
0	0	1
0	1	0
0.549	0.667	0.473
0	0	0
0	0	0
1	0	0
1	0.607	0
0	0	0
0	0	0
0.642	0.496	0
0	0	0
0	0	0
0	0	0
0.489	0.633	0.909
0	0	0
0	0	0
0	0	0
0.583	0	0.551
0	0.327	1
0	0	1
0	0	0
0	0	0
0	0	0
0	0	0
0	0	0
0	0	0
0	0	0
0	0	0
0	0	0
0	0	0
0	0	0
0	0	0
0.778	0	0.889
0	0	0
0	0	0.556
0	0	0
0	0	0
0.551	0.583	0
0	0	0
0	0	0
0	0	0
0	0	0
1	0	0
0.682	0	0.491
0.567	0.423	1
0	0.567	0.542
0	0	0
0	0	0
0	0.964	0.575
0	0	0
0.373	0.368	0
0	0	0
0	0	0
0	0	0
0	0	0
0	0	0
0.778	0	0.571
0	0.487	0
0	0	0
0.8	0.6	0.676
0.733	0	0.427
0	0	0
0	0	0
0	0	0
0	0	0.679
0	0	0
0.167	0.333	0.133
0	0	0
0	0	1
0	0	0
1	0	0
0	1	0
0	0	0
0	0	1
0	0	0
0	0	0
0	0	0
0	0	0
0	0	0
0	0	0
0.496	0	0.642
0	0	0
0.833	0.636	0.8
0	0	0
0	0	0
0	0	0
0	0	0
0	0	0
0	0	0
0	0	0
0	0	0
0	0	0
0.833	0.846	0.848
0	0	0
0	0	0
0.278	0.585	0.379
0	0	0
0.679	0	0
0.667	0.889	0
0	0	0
0	0.333	1
0	0	0
0.223	0.905	0.456
0	0	0
0.491	0.682	0.532
0	0	0
0	0.5	0
0	0	0
0.857	0	0
0	0	0
0	0	0
0	1	0
0	0	0
0	0	0
0	0	0
0	0	0
0	0	0
0	0	0
0	0	0
1	0	0
0	0	0
0	0	0
0	0	0
0	0	0
0	0	0
0	0.476	0
0	0	0
0	0	0
0	0	0
0.642	0	0
0	1	0.496
0.3	0.167	0.423
0	0	0
0.427	0.733	0
0	0	0
0	0	0
0	0	0
0	0	0
0.585	0.8	0.278
0	0	0
0	0	0
0	0	0
0	0	0
0	0	0
0	0.667	0
0	0	0
0	0	0
0	0	0
0	0	0
0	0	0
0	0	0
0	0	0
0	0	0
0.848	0.833	0
0	1	0.857
0	0	0
0	0	0
0	0	0
0	0	0.583
0	0	0
0	0	0
0	0	0
0	0	0
0	0.933	0.25
0	0	0
0.532	0.491	0.6
1	0	0
0.905	0.571	0.223
0	0	0
0	0	0
0	0	0
1	0	0
0	0	0
0.762	0.456	0.475
0	0	0
0	0	0
0	0	0.732
0	0	0
0	0.857	0
0	0	0
1	0.542	0
0	1	0
0	0	0
0	0	0
0	0	0
0	0	0
0	0.667	0.487
0.133	0.167	0.1
0	0	0
0	0.427	0
0	0	0
0	0	0
0.933	0	0
0.724	0.379	0.633
0	0	0
0	0	0
0	0	0
0	0	0
0	0	0
0	0	0
0	0.667	0
0	0	0
0	0	0
0	0	0
0	0	0
0.6	0.532	0.8
0	0	0
0	0.667	0
0	0	0
0	0	0
0	-1	0
0	0	0
0	0	0
0	0	0.607
0	0	-1
0	0	0
0	0	0
0	0	0
0	0	0
0.333	0	0.333
0	0	0
0	0	0
0	0	0
0	0	0
0	0	0
0	0.933	0
0.333	0	0
0	0	0
0	0	0
0	0	1
0	0	0
0	0	0.473
0	0	0
0.889	0.778	0.667
0	0	0
0	0	0
0.487	0	0
0	0	1
0	0	0
0	0	0
0	0	0
0.1	0.133	0.167
0	0	0
0	0	0
0	0	0
0	1	0.3
0	0	0
0	0	0
0.456	0.223	0.762
0	0	0
0	0	0
0	0	0
0	0	0
0	0	0
0	0	0
0.8	0.393	0.567
0.909	0.489	0.846
0	0	1
0	0.679	0
0	0	0
0	0	0
0	0	0
0	0	0
0	1	0.733
0	0	0
0	0	0
0	0	0
1	0	0
0	0	0.476
0.667	0.6	0
0	0	0
0.368	1	0.373
0	0	0
0.379	0.278	0.724
0	0	0
0	0	0
0	0	0
0.667	0	0
0	0	0
0	0	0
0	0	0
0.327	0	0
0	0	0
0.3	0	0.5
0	0	0.333
0	0	0
0	0	0
0.846	0.909	0.833
0	0	0.778
0	0	0.327
0	0	0
0	0	0
0	0	0
0.679	0	0
0	0	0
0.333	0	0
0	0	0
0	1	0.167
0	0	0
0	0	0
0	0	0
0	0	0.667
0	1	0.333
0	0	0
0	0	0
0	0	0
0	0	0.679
0.561	0	0
0	0	1
1	0	0
0.205	0.513	0.933
0	0	0
0	0	0.7
1	0	0.393
0	0	0
0	0.333	0
0	0	0
0	0	0
0	0	0
1	0.567	0
0.8	0.475	0.585
0.5	0.3	0
0	0	0
1	0	0.607
0	0	0
0	0	0
0	0	0
0	0	0.333
1	0	0.368
0	1	0.525
0	1	0
0	0	0
0	0	0
0.607	0	0
0	0	0
0	0	0
0	0	0
0	0	0
0	0	0
0	0	0
0.476	0	0
0	0	0
0	0	0
0	0.607	0
0.25	0	0.667
0	0	0
0	0	0
0	0	0
0	0	0
0	0	0.667
0	0	0
0	0	0
0	0	0
0	0	0
0.667	0	0
0	0	0
0	0.642	0
0.167	0.1	0.3
0	0	0
0	0	0
0	0	0
0	0	0.561
0.567	0.8	0
0	0	0
0	0	0
0.6	0.676	0.667
0	0	0
0	0	0
1	0	0
0	0.556	0
0	0	0
0	0	0
0	0	0
0	0	0
0.933	0.205	0
0.333	0.333	0.167
0	0	0.933
0.393	1	0.8
0	0	0
0.633	0.724	0.489
0.475	0.762	0.8
0	0	0
0	0	0
0	0	0
0.4	0.363	0
0	0	0.667
0	0	0
0	0.397	0.374
0	0.422	0.667
1	0	0
0	0	0.667
0	0	0
0.762	0	0.384
1	1	0.4
0	0.333	0
0.5	0.833	0.444
0	0	0
0	0	0
1	0	0
0	0	0
0	0	0
0	0.667	1
0.75	0	0.316
1	0	0.545
0	0	0.762
0	0	0
0.513	0.75	0
0.556	0.643	0.41
0	0	0
0.444	0.5	0
0	0	0
0	0.467	0
0	0	0
0.286	0	0
0	0.29	0.286
0	0	0
0	0	0
0	0	0
0.607	0.509	0.363
0	0	0.75
0	0	0.343
0.833	0.5	0.5
0	0	0
0.384	0.762	0.611
0	0	0
0	0	0
0	0	0
0.571	0.41	0.6
0	0	0
0	0	0
0	0	0
0	0.9	0
0	0	0
0	1	1
1	0	1
0	0	0
0.333	0.425	0
0	0.444	0.667
0.467	0	0
0	0.667	0
0	0	0
0	0.462	0
0.643	0.643	0.556
0	0	0
0	0	0
0	0.7	0.5
0.611	0.384	0.287
0.75	0	0.513
0	0	0
0.467	0.374	0
0.363	0.607	0.639
0.639	0.6	0
0.667	0	0
0.833	0	0
0	0	0
0	0	0
0	0	0
0	0	0.6
0.7	0.762	0.509
0	1	0
0	0	0
0.6	0	0
0.9	0	0
0	0	0
0	0	0
0	0	0
0.667	0	0
0	0	0
0	0	-1
0.462	0	0
0.287	0.611	0
0	1	0
0	0	1
0.364	0	0.255
0	1	0
0	0	0
0	0	0
0.667	1	0
0	0	0.833
0	0	0
0	0.667	0
0	0	0
0.343	0	0.444
0	0	0
0	0	0
0.32	0	0.425
0	0.455	0
0	0.513	0.9
0	1	1
0.533	0.833	0
0	0.667	0
0	0	0
0	0	0
0	0.286	0
0	0	0
0	0	0
0	0	0
0	0.467	0
0	0	0.393
0	1	0
0	0	0
0	0.6	0
0.8	0	1
0	0	0
0	0	0
0	0	0
0.455	0.667	0.5
0.6	0.571	0.639
0	0	0
0	0	0
0.393	0	0.455
0.455	0.393	0
0.429	0	0
0.255	0.364	0.422
0	0	0.32
0.667	0.545	0
0	0	0
1	0.272	0.667
0	0.833	0.762
0	0	0
0	0	0
0	0.316	1
0.363	0	0.4
0	0	0
0	0.358	0
0.667	0	0.455
0.358	0	0
0	0	0
0	0.6	0.8
0	0	0
1	0.6	0
0	0	0
0	0	0
0	0	0
0	0	0
0.5	0.455	0.833
0	0	0
0	0	0
0	0	0
0.833	0.667	0.533
0	0	0
0	0	0.667
0	0.374	0.467
0.6	0	0.667
0	0.444	0.429
0	0	1
0	0	0
0.29	1	0
0	0	0
1	0	0
0.422	0.255	0
0.272	0	1
0.6	0	1
0	0	0
0	0	0
0.374	0.4	0.467
0	0	0
0	0	0.6
0.397	0.5	0
0	0	0
0	0.667	0
0.667	0	0
0	0	0
1	0	0
0.425	0.32	0.333
0	0	0
0.444	0.343	0
0	0.667	0.363
0	0.4	1
0	0	0.358
0	0	0
0	0.533	0.364
0	0	0
1	0	0.29
0.545	1	0.667
0	0	0
0	0	1
0.667	0	0.833
1	0.8	0
0	0	0
0	0.287	0.6
0	-1	0
0	0	0
0.6	0	0
0.762	0	0.7
0	0.429	0.462
0	0	0.75
0.316	0.75	0
0.4	1	0.374
0	0	0.272
0	0	0
0	0	0
0	0	1
0	0	0
0	0	0
0	0	0
0.679	0.481	0.622
0.564	0	0
0.952	0	0
0	0	0
0	0	0
0	0	0
0	0	0
0	0	0
0	0	0
0	0	0
0	0	0
0	0.663	0.857
0	0	0
0	0	0
0	0	0
1	0	0
0	0	0
0	0.7	0.686
0	0	0
0.536	0.733	0.511
0	0	0
0	0	0
0	0	0
0	0	0
0	0	0
0	0	0
0	0	1
0	0	0
0.511	0.429	0.423
0.619	0.571	0.556
0	0	0
0.524	0.622	0.556
0	0	0
0.857	0	0.663
0	0	0
0	0	0
0	0	0
0	0	0
0	0	0
0	0	0
0	0	0
0	0	0.324
0	0	0
0	0	0
0	0	0
0.476	0	0
0	0	0
1	0.769	0
0	0	0
0	0	0
0	0	0
0	0.952	0
0	0	0.733
0	0	0
0	0	0
0	0	0.952
1	0	0.325
0	0	0
0	0	0
0	0.833	0.342
0	0	1
0	0	0
0	0	0
0.511	0.536	0.533
0.527	0	0.397
0	0	0
0	0	0
0	-1	0
0	0	0
0	0	0
0	0	0
0	0	0
0	0	0
0	0	0
0	0	0
0.59	0	0
0	0	0
0	0	0
0.733	0	0.309
0	0	0
0	0	0
0	0	0
0	0	0
0	0	0
0	0	0
0.63	1	0
0	0	0
0.833	0	0
0	0	0
0	0	0
0	0	0
0.663	0.857	0
0	0	0
0	0	0
0	0	0
0.556	0.524	0.397
0	0	0
0	0	0
0	0	0
0	0.619	0
0	0	0.533
0	0	0
0.324	0	1
0	0.764	0
0	0	0
0.769	1	1
0	0	0
0.617	0.473	0
0	0	0
0	0	0
0	0	0.667
0	0	0
0	0	0
0.429	0.867	0.511
0	0	0
0	0	0
0	0	0
0.833	0.308	0
0	0	0
0	1	0
0	0	0
0	0	0
0	0	0
0	0	0
0	0	0
0	0	0
0	0	0
0	0	0
0	0	0.867
0	0	0
0	0	0
0.619	1	0.571
0	0	0
0	0	0
0	0	0
0	0	0
0	1	0
0	0	0
0	0	0
0	0	0
0	0	0
0	0	0
0	0	0
0	0	0
0	0	0
1	0.324	0.857
0.325	1	0
0	0	0
0	0	0
1	0	0
0	0	0.59
0	0	0
0	0	0
0	0	0
0	0.3	0
0	1	0
0	0.63	0
0	0	0
0	0	0
0.397	0.556	0.514
0.514	0.433	0
0	0.667	0
0	0	0
0	0.808	0.222
0	0	0
0.686	0	0
0.473	0.26	0.617
0	0	0
0	0	0
0	0	0
0.867	0	0.429
0	0	0
0	0	0
0.7	0.614	0
0.667	0.622	0.491
1	0.895	0
0.398	0.434	0.699
0	0	0
0	0	0
0	0	0
0.667	0	0
0.619	0.342	0
0	0	0
0	0	0
0	0	0
0.614	0	0.7
0	0	0.424
0	1	0.4
0	0	0
0	0	0
0.622	0.679	0.433
0	0	0
0	0	0
0	0	0.648
0	0	0
0	0	-1
0	0	0
0.533	0.533	0.607
0	0	0
0	0.309	0
0	0	0
0	0	0
0	0	0
0	0	0
0	0	0
0	0	0
0	0	0
0	0	0
0	0	0
0	0.59	0
0	0	0
0	0	0
0	0	0
0	0	0
0	0	0
0	0	0.564
0	0	0
0.559	0.532	0
0.342	0	0.619
0	0.325	0
0	0	0
0	0	0
0	0	0
0	0	0
0.533	0	0
0	0	0
0	0	0
0	0	0
0	0	0
0	0	0
0.424	0	0
0	0	0.349
0.433	0.622	0.514
0	0	0
0.222	0	0.705
0.667	0	0
1	0	0
0	0	0
0	0	0
0	0	0
0	0	0
0	0	1
0	0	0.867
0	0	0
0	0	0
0	0	0
0.705	0.222	0
0	0	0
0	0	0
0.709	0	0
0	0.476	0.26
0	0	0
0.556	0.619	0.733
0	0.533	0.619
0	0	0
0	0	0
0	0	0
0	0	0
0	0	0
0	0	0
0	0	0
0	0	0
0.467	0	0.607
0	0	0
0	0	0
0	0	0
0	0	0
0	0	0
0	0	0
0.833	0.667	0
0.781	0	0.895
0	0	0
0	0	0
0	0	0
0.333	0	0.622
0	0.4	0
0	0	0.381
0	0	0
0	0	0
0.467	0.648	0
0	0	0
0	0.467	0.808
0	1	0.614
0.643	0	0
0	0	0
0	0	0
0	0	0
0	0.556	0
1	0	0
0	0	0
0	0	0
0	0	0
0	0	0
0	0.424	0
0	0	0
0	0	0
0.397	0.527	0.364
0	0.643	0
0	0	0
0	0.867	0.667
0	0	1
0	0	0
0	0.559	0
0	0	0
0	0	0
0	0	0
0	0	0
0	0	0
0	0	0
0	0	0
0	0	0
0	0	0
0	0	0
0	0	0
0	0.491	0
0	0	0
0	0.667	0
0	0	0
0	0	0
0	0	0
0	0	0.643
0	0	0
0	0	0
0	0	0
0.733	0.556	0.536
0	0	0
0	0	0
0.895	0.781	1
0	0	0
0	0	0
0	0	0
0	0	0
0	0	0
0	0	0
0	0	0
0	0	0
0	0.705	0
0	0	0
0	0.564	1
0	0.9	0
0	0	0
1	0	0.619
0	0.617	0
0	0	0
0	0	0
0	0	0.857
0.648	0	0.467
0.622	0.333	0.524
0	0	0
0.867	0	0
0.8	0	0
0.8	1	0.226
0	0	0
0.491	0.381	0
0	0	0
0	0	0
0.4	0	0
0	0	0
1	0	0
0.556	0	0
0	0	0
0.808	0	0
0	0	0
0	0	0
0.533	0.511	0.533
0	0	0
0	0	0
0.619	0	0
0.622	0.514	0.667
0	0	0
0	0.514	0
0	0	0
0	0	0
0	0	0
0.364	0.397	0.339
0	0	0
0	0	0
0	0	0
0	0.667	0.476
0	0	0
0.491	0.667	0.481
0.9	0	0
0	0	0
0	0	0
0	0	0
0	0	0
0.434	0	0.398
0	0	0
0	0.619	0
0	0	0
0	0	0
0.764	0	0
0	0	0
0	0	0
0	0.833	0
0.607	0.467	0
0	0	0
0	0	0
1	0.542	0.769
0	0	0
0.532	1	0.559
0	0	0.467
0	0	1
0.349	0	0
0	0	0
0.5	0.607	0.667
0	0	1
0	0	0
0	0.857	0.833
0	0	0.667
0	0	0
0	0	0
0	0	0
0	0	0
0	0	0
0	0	0
0.308	0	0.833
0	0.857	0
0	0	0
0	0	0
0	0	0
0	0	0
0	0	0
1	0	0.8
0	0	0
0.339	0.364	0.3
0	0	0
0	0	0
0	0.607	0
0	0	0
0	0	0
0	0	0
0	0	0
0	0	0
0	0	0
0	0	0
0	0	0
0	0	0
0	0	0
0	0	0
0	0	0
0	1	0
0	0	0
0	0	0
0	0	0
1	0	0.532
0	0	0
0	0	0
0	0	0
0	0	0
0	0	0
0	0.349	0
0	0	0
0	0	1
0	0	0
0	0	0
0.26	0	0.473
0	0	0
0	0	0.542
0	0	0
0	0	0.8
0	0	0
0.667	0.5	0
0	1	0.556
0	0	0
0	0.728	0.781
0	0	0
0	0	0
0	0	0
0	0	0
0.667	0	0.833
0	0	0
0	0	0
0	0	0
0.728	0.423	0
0	0	0.527
0	1	0
0.857	1	0
0	0	0
0	0	0.333
0.309	0.733	0
0	0	0
0	0	0.308
0	0	0.764
0	0	0
0	0	0
0.607	0.533	0.5
0	0	0
0	0	0.8
0.423	0.511	0.728
0	0.8	0.9
0	0	0
0	0	0
0	0	0
0.3	0.339	0
0	0	0
0	0	0
0	0	1
0.571	0.619	0.619
0	0	0
0	0	0
0	0	0
0	0	0
0	0	0
0	0	0
0	0	0
0.667	0	0.333
0	0	0
0	0.667	0.4
0	0	0
0	0.5	0
0	0	-1
0.345	0.6	0
0	0	0
0	0	0.556
0	0.4	0
1	0	0
0.556	0	1
0	0.533	0.5
0	0.2	0
0	0.345	0.667
0.467	0	0.6
0.318	0	0
0	0.318	1
0.6	0.467	0.345
0.2	0.418	0
0	1	0.667
0	0	0.318
0	0	0
0.4	0	0
0.309	0.472	0
0.333	0.667	0.418
0	0	0
0.418	0.333	0.2
0	0	0
0	0	0
0	0.309	0.467
0	0	0
0.455	0.367	0.578
0	0	0
1	1	0
0.667	0.467	0.571
0	0	0
0.333	0.353	0
0	0	0
0	0	0
0.3	0.667	0
0.462	0.464	0.524
0	0	0
0	0	0
0.571	0.667	0.39
0	0	0
0	0	0.333
1	0	0
0	0	0
0.47	0.392	0.667
0	0	0.533
0.75	0.6	0.643
0	0	0
0.533	0.578	0.533
0	0	0
0	0	1
0	0	0
0	0	0
0	0.345	0
0	0.345	0
0.543	0.562	0.267
0	0.5	0
0	0	0
0	0	0.444
0	0	0.333
0.392	0.524	0.47
0.367	0.533	0.455
0	0.833	0.165
0.667	0.648	0.562
0	0	0
0	0	0
0	0	0
0.267	0.333	0
0.238	0	1
0.667	0	0.3
0	0	0.524
0	0	0
0.467	0.404	0.667
0.267	0.543	0.689
0.345	0	0
0	0	-1
0	1	0
0.5	1	0
0.533	0.533	0.367
0.165	0	0
0	0	0
0	0	0.378
0	0	0
0.345	0	0
0	0	0
0	0	0
0	0	0
0	0	0
0	0	0
0	0	0.5
0	0	0
0	0	0
0	0	0
1	0	0
0	0	0
1	0.238	1
0.348	0.333	0
0	1	0
0	0	0
0	0	0
1	0.667	0.5
0	0	0
0.353	0.603	0.333
0.578	0.455	0.464
0.524	0	0
0	0	0
0.39	0.667	0.618
0	0.524	0
0	-1	0
1	0	0
0.603	0.667	0.353
0.333	0.39	0.267
0	0	0
0	1	0.345
0	0.667	0
0	0	0
0	0	0
1	0.333	0
0	1	0
0	0.4	0
0.404	0.492	0.467
0.714	0	0.6
0	0	0
0	0	0
0.4	0.467	0
0.492	0.833	0.404
0	1	0
0	0	1
0	0	0
0	0	0
0	0.533	0.667
0	0	0
0	0.571	0
0	0	0
0	0	0.333
0	0	0.714
0	0	0
0.464	0.578	0.248
0.562	0.667	0.543
0	1	1
0.667	0.47	0.39
0.667	0.429	0
0.833	0	0.492
0.618	0.39	0.491
0.333	0	1
0	0	1
0.399	0.689	0.667
0	0	0
0	0	0
0	0	0
0.5	0	0
0	0.378	0
0	0	0
0.833	0	0
0	0	0
0	0	1
0	0	0.667
0	0	0
0.464	0.248	0.462
0	0.348	0.238
0	0	0
0.222	0	0
0.533	0	0
0	0	0
0	0	0.8
0.333	0	0.348
0.221	0	1
0	1	0
0	0	0.345
0	0	0
0	0	0
0	0	0
1	0	0
0	0.165	0
0.667	0	1
0	0	0.222
0	0	0.833
0	0	0
0	0	0
0	0	0.833
0	0.222	0
0.333	0	0.571
0	0	0
0	0	0
0	0	0
0	0	0
1	0	0
0	0	0
0	1	0
0	0	0
0	0.267	0
0	0	0
0	0	0
0	0	0
0.833	0	0
0.6	0.714	0.75
0	0	0
0	0	0.833
0	1	0
1	0	0
0.378	0	0
0	0	0
0.467	0	0.4
0	0	0
0	0	0
0	0.5	0
0.524	0.462	0.392
0	0	0
0	0	0
0.248	0.464	0.464
0.648	0.491	0.667
0	0	0
0.689	0.267	0.399
0.667	0.399	0.603
0	0	0
0	0	0
0	0.333	0
0.643	0.75	0.578
0	0	0
0	0	0
0.571	0.333	0
0	0	0
0.491	0.618	0.648
0.39	0.571	0.333
0	0	0
0	0	0
0	0	0.467
0	0.833	0
0	0	0
0	0	0
0	0.3	0
0	0	1
0	0	0
0	0	0
0	0	0
0	0	0
0	0	0
0	0	0
0	0	0
0	0	0
0.578	0.643	0.533
0	-1	0
0	0	0
0	0	0
0	0	0
0	0	0
0.827	0.901	0.848
0	0	0
0	0	0
0	0	0
0	0	0
0	0	0
0	0	0
0	0	0
0	0	0
0	0	0
0	0	0
0	0	0
0	0	0
0	0	0
0	0	0
0	0	0
0	0	0
0	0	0
0	0	0
0	0	0
0	0	0
0	0	0
0.704	1	0.695
0	0	0
0	0	0
0	0	0
0	0	0
0	0	0
0	0	0
0	0	0
0	0	0
0	0	0
0	0	0
0	0	0
0	0	0
0	0	0
0	0	0
0	0	0
0	0	0
0	0	0
0	0	0
0	0	0
0	0	-1
0	0	0.603
0.695	0.704	0.848
0.772	0.732	0.727
0	0	0
0	0	0
0	0	0
0	0	0
0	0	0
0	0	0
0	0	0
0	0	0
0	0	0
0	0	0
0.742	0	0.333
0	0	0
0	0	0
0	0	0
0	0.7	0
0	0	0
0	0	0
0	0	0
0	0	0
1	1	0.704
0	0	0
0	0	0
1	0.333	0.855
0	0	0
0	0	0
0	0	0
0	0	0
0	0	0
0	0	0
0	0	0
0	0	0
0	0	0
0	0	0
0.7	0.609	0
0	0	1
0	0	0
0	0.603	0.742
0	0	0
0	0	0
0	0	0
0	0	0
0.644	0	0
0	0	0
0	0	0
0	0	0
0	0	0
0	0	0
0	0	0
1	0	1
0.333	0.742	1
0	0	0
0	0	0
0.732	0.709	0.772
0	0	0
0	0	0
0	0	0
0	0	0
0	0	0
0	0	0
0	0	0
0	0	0
0	0	0
0	0	0
0.773	0.848	0.758
0	0	0
0	0	0
0	0	0
0	0	0
0	0	0
0	0	0
0	0	0
0	0	0
0	0	0
0	0	0
0	0	0
0	0	0
0	0	0
0	0	0
0.825	0.648	0.591
0	0	0
0	0	0
0	0	0
0	0	0
0.848	0.695	0.773
0	0	0
0	0	0
0	0	0
0.727	0.772	0.609
0	0	0
0	0	0
0	0	0
0	0	0
0	0	0
0	0	0
0	0	0
0	0	0
0	0	0
0	0	0.644
0	0	0
0	0	0
0	0	0
0	0	0
0	0	0
0	0	0
0	0	0
0	0	0
0	0.644	0
0	0	0
0	0	0
0	0	0
0	0	0
0	0	0
0	0	0
0	0	0
0	0	0
0	0	0
0	0.848	0
0	0	0
0	0	0
0	0	0
0	0	0
0	0	0
0	0	0
0	0	0
0	0	0
0	0	0
0.879	0.787	0.709
0	0	0
0	0	0
0	0	0
0	0	0
0	0	0
0	0	0
0	0	0
0	0	0
0	0	0
0	0	0
0	0	0
0	0	0
0	0	0
0	0	0
0	0	0
0	0.733	0
0	0	0
0	0	0
0	0	0
0.848	0.827	0
0	0	0
0	1	0
0	0	0
0	0	0
0	0	0
0.224	1	0.667
0.667	0	0
0	0.733	0.891
1	0.867	0
0.425	0.714	0
0.286	0	0
0	0	0
1	0	0
0	0	0
0	0	0
0	0	0
0	0.628	0
0	0	0
0.786	0.617	0
1	0	0
0	0	0.473
0.387	0.331	1
0	0.179	0.6
0	0	0
0	0	0
0.7	0	0.333
0	0	0
0	0	0
0	0	0
0	0	0
1	1	0.6
0	0	0
0	0	0
0	0	0
0.11	0.383	0
1	0	0
0	0	0.733
0.258	0	1
0	0	0.9
0.405	0	0.667
0.667	0.224	0.5
0	0	0
1	0	0
0.6	1	0.692
0	0	0
0.891	0	0
0	0	0
0	1	0.447
0	0	0
0	0	0
0	0	0
0	0	0
0	0.891	0.7
0	0	0
0	0.11	1
0.5	0	0
0	0.75	0
0.762	0	0
0	0	0
0	0	0
0	0	0
1	0.387	0.337
1	0.681	0.8
0	0	0
0	0.286	0
0.331	0	0.387
0.564	0	0
0	0	0
0	0	0
0.477	0.503	0.581
0	0	1
0	0	0
0.447	0	0
0.9	0	0
0	0.495	0
0	0	0
0	0	0.289
0	0	0
0	1	0
0	0.891	0.463
0	0.564	0.9
0.667	0.6	0
0.75	0	0
0	0.689	0
0	0	0
0	0	0
0	0	0.286
0	0	0.5
0	0	0
1	0	0.681
0	1	0
0	0	0
0	1	0.667
0.416	0.333	0.279
0	0	0
0.603	0	0
0	0	0
0	0	0
0	0	0
0	0	0
0.376	0.8	0.383
0.405	0.667	0
0.523	0	0.654
0	-1	0
0	0	0
0	0.289	0
0.451	0	0
0	0	0
0	1	0
0	0	0
1	0.258	0
0	0	0
0	0	0
0	0	0
0	0.467	0.258
0.467	0	0
0	0	0
0.5	0.667	0.533
0	0.703	0
0	0	0
0	0	0
0.6	0.709	0.667
0.289	0	0
0	0.667	0
0	0	0
0	0	0
0	0	0
0	0.5	0
0	0	0
0.689	0.667	0
0	0	0
0	0.603	0
0	0.667	0
0.463	0	0
0.867	0	1
0	0	-1
0	0	1
0	0	0
0	0.762	0
0.9	0	0.667
0	0.5	0
0	0	0
0	0	0
0	0	0
0	0.9	0
0	0	0
0.8	1	0.376
0	0	0.75
0.387	0	0
0	0	0
0	0	0.495
0	0	0
0.533	0.5	0
0	1	0
0.333	0.7	0.416
0	1	0.444
0	0	0.564
0	0	0
0	0	0
0	0	0
0	0	0
0	0	0
0.703	0	0
0	0	0.405
0	0	0.523
0	0	1
0	0.5	0
0	0	1
0	0	0
0	0.279	0.905
0.689	0	0
0	0	0.467
0	0	0
0.5	0	0
0.667	0.405	0
0	0	0
0.709	0.667	0.6
0	0	0
0	0	0
0	1	0
0	0	0.703
0	0	1
0	0	0
0	0.405	0.387
0	0	0.619
0	0	0
0	0.533	0
0.333	0	0
0	0.905	0
0	0	0
1	0	0
0	0.451	0
0	0	0
0	0	0
0	0	0
0	0.654	1
0	0	0
0	0	1
0	0.833	0
0	0	0.603
0	0	0
0	0	0
0	0	0
0.444	0	0
0	0.425	0.709
0	0	0
0	0	0
0.617	0.473	0.786
0	0	0
0.619	0	0
0	0	0
0	0	0
0	0.8	1
0	0	0
0	0	0
0	0	0.4
0.905	0	0
0	0	0
0.8	0.75	0
0	0	0
0	1	0
0.667	0	0
0	0	0
0	1	0
0	0.667	0
0	0	0
0.7	0.581	0.373
0	0.667	0
0	0.619	0.833
0	0	0.5
0	0	0
0	0	0
0.495	0	0
0	0	0
0	0.8	0.574
1	0	0
0	0	0
0.383	0.376	0.11
0.473	0	0.617
0	0.273	0.628
0	0.667	0.36
0	0	0
0	0	0.333
0	0	0
0	0.463	1
0.8	0	0
0	0.667	0
0	0	0.667
0	0	0
0	0	1
0	0	0.689
0	0	0
0.279	0.416	0
0	0	0
0	0	0
0	0	0
0	0	0
0	0	0
0	0	0.179
0	0	0
0.337	1	0
0	0	0
0	0.447	0
0	0	0
0.833	0	0
0.654	0.523	0
0	0	0
0	0	0
0.5	0	0
0	0	0
0	0	0
1	0	0
0.667	0	0
0	0	0
0.36	0	0.667
0	0	0
1	0	0
0.681	1	1
0	0	0.667
0	0	0
0.273	0	0
0	0	0
0	0	1
0	0	0
0	0	0
0	0.689	0
0	0	0
0	0	0
0	0	0
0	0	0.8
0	0	0
0	0	0
1	0	0
0	0	0
0.503	0	0.477
0.667	0.6	0
0	0	0
0	0	0
0	0	0
0.6	0	0.667
0	0	1
0	0	0
0	0	0
0	0.337	1
0	0	0
0	0	0
0	0	0
1	0	0
0	0	0
0	0.786	0.331
0	1	0
0	0	0
0	0	0
1	0	0.224
0	0	0
1	0	0
0	0	0
0	0	0
0.667	0.36	0.709
1	0	1
0	0	0
0	0.304	0.503
0	1	0
0.667	0.9	0
0	0	0
0	0	0
1	0	0
0.581	0.477	0.7
0	0	0
0	0	0.5
0	0	0
0	0.667	0.762
0.733	0	0
0	0.387	0
0	0	0.667
0	0	0
0	0.333	0
0	0	0
0.667	0	0.689
0	0	0
0	0	0
0.179	0	0
0	0	0
0	0.444	1
0.273	0	0
0	0	0
0.374	0.722	0.353
0	0	0
0	0.4	0
0	0	0
1	0	0.9
0.667	1	0
0	0	1
0	0	0
0	0	0.7
0	-1	0
0	0	1
0.7	0	0
0.283	0	0
0	0	-1
0.9	1	0
0.722	0.667	0.374
0.4	0	0
0.205	0	0.238
0	0.667	0
0	0.8	0
0.473	0.491	0.476
1	0	0.7
0	0	0
0	0.9	0
0	0.273	0.205
0.667	0.5	0.722
0	0	0.833
0	0	0.4
0.462	0.342	0.5
0.238	0.205	1
0	0	0
0.491	0.867	0.473
0.131	0	0
0	0	1
0.833	0	0.667
0	0.667	0
0	0	0
1	0	0
0.5	0	0
0	0	0.786
0	0	0.283
0	0.667	0
1	0	0
1	0	0
0	0	0
0	0.131	0
0	0	0
0	0.5	0.273
0.667	0.833	0
0	0.7	0
0	0	0
0	1	0
0	1	1
0.333	0.786	0.867
0	0	0
0	0	0.5
0.667	0.353	0
0	0.283	0
0	0	0
0	0.7	0
0	0	0
0.7	1	0
0	0	0.131
0	0	0
0	0	0
0	0	0
0	0	0
0	0	0
0	0	1
1	0.238	0.667
0	0	0
0	0	0
0	0	0
0.8	0.612	0.563
0.786	0	0.571
0.8	0.667	0.667
0	0	0
1	0	0
0	0	0
0.2	0.133	0
0.792	0.59	0.852
0	0.3	0
0	0	0
0.167	0.333	0.333
0.895	0.773	0.837
0	0	0
0	0	0
0	0	0
0	0.667	0
0	0	0
0	0.667	0.133
0	0	0
0	0	0
0	0	0
0	0	0
0	0	0
0	0	0
0	0	0
0	0	0
0.537	0.4	0
0	0	0
0.167	0.333	0.3
0.854	0.738	0
0	0	0
0	0	0
0.898	0.52	0.892
0.692	0.892	0.528
0	0	0
0	0	0
0	0	0
0	0	0
0	0	0
0	0	1
0	0	0
0	0	0
0	0	0
0	0	0
1	0.286	0.1
0	0	0
0	0	0
0	0	0
0	0	0
0	0	0
0	0	0
0	0	0
0.972	0.8	0.706
0	0	0
0	0	0
0.413	0.706	0.398
0	0.286	0
0	0	0
1	0	0
0	0	0
0	0	0.667
0	0	0
0	0	0
0	0	0
0	0	0
0	0	0
0	0	0
0	0	0
0	0	0
0	0	0
0	0	0
0	0	0
0	0	0
0	0	0
0	0	0
0	0	0
0	0	0
0	0.333	0
0	0	0
0	0	0
0	0	0
0	0	0
0	0	0
0	0	0
0	0	0
0	0	0
0.545	0.435	0
0	0	0
0	0	0
0	0	0
0	0	0
0	0.418	0.286
0	0	0
0	0.792	0.75
0	0	0
0	0	0
0	0	0
0.467	0.5	0.637
0	0	0
0.426	1	0.496
1	0.582	1
0.731	0.633	0.716
0	0	0
0	0	0
0.83	0.606	0.762
0	0	0
0	0	0
0	0	0
0	0	0
0	0	0
0	0	0
0	0	0
0	0.333	0.179
0	0	0
0	0	0
0.8	0.52	0.972
0	0	0
1	0.25	0.667
0	0	0
0	0	0
0	0	0
0	0	0
0	1	0
0	0	0
0	0	0
0	0	0
0	0	0
0	0	0
0	0	0.667
0	0	0
0	0	1
0	0	0
0	0	0
0	0	0
0	0	0
0	0	0
0	0	0
0	1	0.762
0.582	0	1
0.4	0.467	0.537
0	0	0
0	0	0
0	0	0
0	0	0
0	0	0
0	0	0
0	0	0
0	0	0
0	0	0
1	0	0
0	0	0
0	0	0
0.333	0.167	0.167
0	0	0
0	0	0
0.333	0.667	0.167
0	0	0
0	0	0
0	0	0
0	0	0
0	0	0
0	0	0
0	0	0
0	1	0.57
0	0	0
0	0	0
0	0	0
0	0	0
0	0	0
0	0	1
0	0	0
0	0	0
0	0	0
0.633	0.528	0.731
0.333	0.333	0
0	1	0
0.3	0	0
0.667	0	0
0.496	0.426	0.649
0	0	0
0	0	0
0	0	0.333
0	0	0
0	0	0
0	0	0
0	0	0
0	0	0
0	0	0
0.778	0	0.643
0	0	0
0	0	0
0	0	0
0.648	0.502	0.499
0	0.854	0.502
0	0	0.333
0	0	0
0	0	0
0	0	0
0.5	0.625	0.467
0	0	0
0	0	0
0	0	0
0	0	0
0	0	0
0	0	0
0.5	0	0.333
0	0	0
0.438	0.852	0.372
0	0	0
0	0	0
0	0	0
0	0	0
0	0	0
0	0	0
0	0	0
0	0.8	0
0	0	0
0	0	0
0	0	0
0	0	0
0	0	0
0	0	0
0	0	0
0	0	0
0	0	0
0	0	0
0	0	0
0	0	0
0	0	0
0.57	0	0.889
0	0	0
0	0	0
0	1	0
0	0	0
0	0	0
0	0	0
0	0	0
0.333	0	0
0.476	0.667	0.333
0	0	0
0	0	0
0	0	0
0	0	0
0.167	0.333	0.167
0.435	0.485	0.545
0	0	0
0.619	0	0.167
0	0	0
0	0	0.727
0	0	0.3
0.467	0.764	0.4
0	0	0
0	0	0
0.582	0.398	0.547
0	0	0
0.2	0.393	0.418
0	0	0
0.649	0.496	0.905
0	0	0
0	0	0
0	0	0
0	0	0
0	0	0
0	0	0
0	0	0
0	0	0
0	0.333	0
0	0	0
0	0	0
0	0	0
0.52	0	0.8
0	0	0
0	0	0
0	0	0
0	0	0
0	0	0
0	0	0
0	0	0
0	0	0
0	0	0
0.773	0.844	0.895
0	0	0
0	0	0
0	0	0
0	0	0
0	0	0.286
0.1	1	0.333
1	0	0
0	0	0
0	0	0
0	0	0
0	0	0
0	0	0
0	0	0
0.545	0.905	0.688
0.286	0.286	1
0	0	0
0	0	0
0.502	0	0.648
0	0	0
0	0	0
0	0	0
0	0	0
0	0	0.333
0	0	0
0	0	0
0.316	0.398	1
0	0	0
0	0	0
0	0	0
0	0	0
0	0	0
0	0	0
0	0	0
0	-1	0
0	0	0
0.787	0.36	1
0	0	0
0	0	0
0	0	0
0	0	0
0	0	0
0	0	0
0	0	0
0	0	0
0	0.167	0
0	0	0
0	0	0
0.857	0.762	0
0	0	0
0.716	0.731	0.709
0.844	0.876	0.773
0.563	0.8	0.59
0	0	0
0	0	0
0	0	0
0	0	0.786
0	0	0
0	0	0
0	0	0
0.167	0.167	0
0	0.667	0
0.709	0.716	0.8
0.3	0	0
0	0.608	0.52
0.668	0.83	0.825
0	0	0
0	0	0
0.727	0	0
0	0	0
0	0	0
0.286	0	0.286
0	0	0
0	0	0
0	0	0
0	0	0
0	0	0
1	1	0
0	0	0
0	0	0
0.398	0.413	0.582
0	0	0
0	0	0
0	0	0
0	0	0
0	0	0
0	0	0
0	0	0
0	0	0
0	0	0.667
0	0	1
0	0	0
0	0	0
0	0	0
0	0	0
0.333	0	0
0	1	0.4
0	0	0
0	0	0
0	0	0
0	0	0
0.667	0	0
0	0	0
0	0	0
0	0	0
0	0	0
0	0	0
0	0	0
0.286	0	0
0	0	0
0	0	0
0	0	0
0	0	0
0	0	0
0	0	0
0.905	0.649	0.545
0	0	1
0	0	0
0	0	0
0.762	0.762	0.857
1	0	0
0	0	0
0	0	0
0	0	0
0	0	0
0	0	0
0	0	0
0	0	0
0.608	1	0
0	0	0
0	0	0
0	0	0
0	0	0
0	0	0
0	0	0
0	0	0
0	0	0
0	0	0
0.36	0	0.787
0	0	0
1	0.316	0
0	0	0
0	0	0
0	0	0
0	0	0
0	0.154	0
0	0	0
0	0	0
0	0	0
0	0	-1
0	0	0
0	0	0
0.83	0.924	0.668
0	0	0
0	0	0
0	0	0
0	1	0
0.1	0.167	0.333
0.133	0	0.2
0	0	0
0.643	0.778	0.6
0	0	0
0	0.537	0.393
0	0	0
0	0	0
0	0	0
0	0	0
0	0	0
0	0	0
0	0	0
0	0	0
0	0	0
0	0	0
0	0	0
0	0	0
0	0	0
0	0	0
0	0	0
0	0	0
0.333	0.5	0.667
0.667	0	0
0.625	0.547	0.5
0.738	0.372	0.854
0	0	0
0	0	0
0	0	0
0	0	0
0	0	0
0.333	0.476	0.524
0.7	0.75	0.485
0	0	0
0	0	0
0	0	0
0	0	0
0.612	0.637	0.8
0	0.1	0
0	0	0
0	0	0
0	0	0
0	0	0
0.333	0.1	0.333
0	0	0
0	0	0
0.333	0	0
0	0	0
0	0	0
0	0	0
0	0	0
0.333	0.1	0.167
0	0	0
0	0	0
0	0	0
0	0	0
0	0	0
0.924	0.895	0.83
0	0	0
0	0	0
0	0.179	0
0	0	0
0	0	0
0	0	0
0	0	0
0	0	0
0	0	0
1	0	0
0	0	0
0.524	0.333	0
0	0	0
0	0	0
0	0	0
0	0	0
0	0	0
0.825	0.668	0.847
0.499	0.648	0.759
0	0	0
0	0	0
0.52	0.847	0.898
0	0	0
0	0	0
0.667	0.8	0.476
0	0	0
0	0	0
0	0	0
0	0	0
0	0	0
0	0	0
0.792	0.688	0
0	0	0
0	0	0
0	0	0
0	0	0
0	0	0
0	0	0
0	0	0
0	0	0
0	0	0
0	0	0
0	0	0
0	0	1
0	0	0
0	0	0
0	0	0
0	0	0
0	0	0
0	0	0
1	0	0
0	0	0
0.876	0.759	0.844
0	0	1
0.393	0	0.2
0	0	0
0.606	0.8	0.83
0	0	0
0.4	0	0
0.634	0.639	0.625
0.852	0.792	0.438
0	0	0
0	0	0
0.418	0.2	0
0	0	0
0.547	0.582	0.625
0	0	0
0.154	0	0
0	0	0
0	0.3	1
0.485	0.7	0.435
0	0	0
0	0	0
0.625	0.634	0.398
0	0	0
0	0	0
0	0	0
0	0	0
0	0.667	0
0	1	0
0	0	0
0.667	0.333	0.333
0	0	0
0.637	0.6	0.612
0	0	0
0	0.3	0
0	0	0
0	0	0
0	0	0
0	0	0
0.179	0	0
0	0	0
0	0	0.167
0	0	0
0	0	0
0	0	0
0	0	0
0	0	0
0	0	0
0.8	0.167	0
0	0	0
0	0	0
0	0	0
1	0	0
0	0	0
0	0	0
0	0	0
0	0	0
0	0	0
0	0	0
0	0.333	0
0	0	0
0.667	0	0.8
0	0	0
0.764	0.637	0.467
0	0	0
0	0	0
0	0	0
0.889	0.57	0
0	0	0
0	0	0.619
0	0	0
0	0	0
0.6	0.643	0.637
0	0	0
0	0	0
0	0	0
0	0.545	0.582
0	0	0
0	0	0
0	0	0
0	0	0
0	0	0
0	0	0
0.688	0.545	0.792
0	0	0
0	0	0.154
0	0	0
0	0	0
0	0	0
0	0	1
0	0	0
0	0	0
0	0	0
1	0	0.608
0	0.333	0
0	0	0
0	0	0
0	0	0.3
0.789	0.75	0.75
0	0.4	0.333
0.528	0.692	0.633
0	0	0
0	0	0
0	0	0
0.759	0.499	0.876
0	0	0
0	0	0
0	0	0
0	0	0
0.837	0.895	0.895
0.333	1	0.667
0	0	0
0	0.727	0.778
0	0	0
0	1	0
0.639	0.571	0.634
0	0	0
0	0	0
0	0	0
0	0	0
0.398	0.625	0.316
0.762	0.83	0.762
0	0	0
0	0	0
0	0	0
0	0	0
1	0	0.333
0	0	0
0	0	0
0	0.524	0
0	0	0
0	0	0
0	0	0
0	0	0
0	0	0
0	0	0.1
0	0	0
0	0	0
0.762	0	0
0	0	0
0	0	0
0	0	0
0	0	0
0.637	0.467	0.764
0	0	0
0.75	0.789	0.7
0.3	0.167	0
0.571	0.786	0.639
0	0	0
0	0	0
0	0	0
0	0	0
0.8	0.709	0.606
0	0	0.25
0	0	0
0	0	0
0	0.889	0.36
0	0	0
0.167	0.619	0.8
0	0	0
0	0	0
0	0	0
0	0	0
0	0	0
0	0	0
0	0	0
0	0	0
0	0	0
0	0	0
0	0	0
0	0	0
0	0	0
0	0	0
0	0	0
0	0	0
0	0.2	0.667
0.892	0.898	0.692
0	0	0
0	0	0
0	1	0.5
0	0	0
0	0	0
0	0	0
0	0	0
0.706	0.972	0.413
0	0	0
0	0	1
0	0	0
0	0	0
0	0	0
0.59	0.563	0.792
0	0	0
0	0	0
0	0	0
0.75	0	0.789
0	0	0
0.895	0.837	0.924
0	0	0
0	0	0
0	0	0
0	0	0
0	0	0.5
0	0	0
0	0	0
0	0	0
0.667	0.333	0
0	0	0
0	0	0
0	0	0
0	0	0
0	0	0
0.167	0	0.1
0	0	0
0	0	0
0	0	0
0	0	0
0	0	0
0	0	0
0	0.667	0
0	0	0
0	0.762	1
0	0	0
1	0.787	0.426
0	0	0
0	0	0
0	0	0
0	0	0
0	0	0
0.372	0.438	0.738
0.333	0	0
0	0	0
0	0	0
0	0	0
0	0	0
0	0	0
0.1	0	0
0.847	0.825	0.52
0	0.857	0
1	0	0
0	0	0
0.333	0.357	0.4
0	0	0
0.705	0.629	0.788
0	0	0
0	0	0
0.733	0	0.294
0	0	0
0	0	0
0	0	0.267
0.6	0	0.5
0	0	0
0	0	0
0	0	0
0.564	0.8	0.733
0	0	0
0	0	0
0	0	0
0	0	0
0	0	0
0	0	0
0.9	0	0
0	0	0
0	0	0
0.952	0.905	0
0	0	0
0	0	0
0	0	0
0	0	0
0	0	0
0	0	0
0	0	0
0	0	0
0	0	0
0	0	0
0.333	0.381	0.357
0	0	0
0	0	0
0	0	0
0	0	0
0	0	0
0	0	0
0	0	0
0	0.9	0.571
0	0	0
0	0	0
0.341	0	0.312
0.429	0.238	1
0	0.667	1
0.629	0.765	0.705
0	0	0
0.1	0.19	0.333
0.831	0.674	0.786
0.167	0.4	0.267
1	0	0
0	0.952	0
0	0	0
0	0	0
0	0	0
0	0	0
0	0	0
0	0	0
0	0	0
0	0	0
0	0	0.9
0	0	0
0	0	0
0	0	0
0.7	0	1
0	0	0
0	0	0
0	0	0.661
0.333	0.333	0.333
0	0	0
0	0	0
0	0	0
0	0	0
0.167	0.333	0.356
0	0	0
0	0	0
0.637	0.762	0.393
0.952	0	0
0	0	0
0.4	0.2	0.167
0	0	0
0	0	0
0	0.952	0
0	0	0
0	0	0
0	0	0
0	0	0
0	0	0
0	0	0
0.819	0.786	0
0	0	0
0	0	0
0	0	0
0	0	0
0	0	0
0	0	-1
0	0	0
0	0	0
0.357	0.333	0.333
0	0	0
0.9	0	0
0	0	0
0	0	0
0	0	0
0	0	0
0.644	0	1
0	0	0
0	0	0
0	0	0
0	0	0
0.772	0.824	0.765
0	0	0
0	0.5	0
0	0	0
0	0	0
0.19	0.4	0.1
0	0	0
0.5	0.6	0.6
0.905	0	0.952
0	0	0
0	0	0
0	1	1
0	0	0
0	0	0
0.59	0.356	1
0.8	0	0.564
0.267	0.3	0.2
0	0.571	0
0	0	0
0	0	0
0	0	0
0	0	0
0.6	0	0.667
0	0	0
0	0	0
1	0	0
0	0	0
0.393	0.637	0.443
0	0	0
0	0	0
1	1	0.332
0	0	0.606
0.771	0.61	0.817
0	0	0
0	0	0
0	0	0
0	0	0
0	0	0
0	0	0
0	0	0
0	0	0
0	0	0.554
0	0	0
0.762	0.511	0.637
0.255	0.19	0.3
0.742	0.714	0
0	0	0
1	0.644	0
0	0	0
0	0	0
0	0	0
0	0	0
0	0	0
0	0	0
0	0	0
0	0	0
0	0	0.905
0	0	0
0	0	0
0.606	0	0
0	0	0
0.19	0.381	0.255
0	0	0
0	0	0
0	0	0
0.238	0.2	0.429
0	0	0
0	0	0
0	1	0
0.786	0.831	0.819
0	0	0
0	0	0
0	0	0
0.674	0.801	0.831
0	0	0
0	0	0.6
0.356	0.167	0.59
0	0	0
0	0	0
0	0	0
0	0	0
0	0	0
0	0	0
0	0	0
0.817	0.771	0.824
0	0	0
0.571	0	0
0.765	0.772	0.629
0	0	0
0	0	0
0	0	0
1	0	1
0	0	1
0	0.554	0
0	0	0
0.312	0.341	0
0.333	0.333	0.167
0	0	0
0	0.742	0
0	1	0
0	0	0
0	0	0
0	0	0
0	0	0
0	0	0
0.61	0.739	0.771
0	0	0
0	0	0
0	0	0
0.537	1	0
0	0	0
0	0	0
0	0	0
0	0	0
0	-1	0
0	0	0
0	0	0
0	0	0
0	0.762	0.257
0	0.667	0
0	0	0
0	0	0
0.3	0.255	0.3
0	0	0
0.381	0.667	0.19
0	0	0
0	0	0.6
0	0	0
0.511	0.8	0.762
0.2	0.333	0.238
0	0	0
1	0	0
0.733	0.564	0.234
1	0	0.371
0	0	0
0	0	0
0	0	0
0	0	0
0	0	0
0.554	0	0
0	0	0.952
0.788	0.705	0.801
0.602	0.9	0.714
0	0	0
0	0	0
0	0	0
1	0.713	0
0	0	0
0.606	0	0
0	0	0
0.667	0	0
0.467	0.6	0.381
0	0	0
0	0	0
0	0	0
0	0	0
0	0	0
1	0.7	0
0	0	0
0	0	0
0	0.606	0
0	1	0
0	0.537	0.644
0	0	0
0	0.964	0.713
0	0	0
0.2	0.267	0.4
0	0	0
0	0	0
0	0	0
0	0	0
0	0	0
0	0	0
0	0	0
0	0	0
0	0	0
0	0.1	0
0.234	0.733	0.55
0.5	0	0
0	0	0
0	0	0
0	0	1
0	0	0
0	0	0
0	0	0
0	0	0
0	0	0
0	0	1
0	0	1
0	0	0
0	0	0
0.371	1	0
0	0	0
0	0	0
0.824	0.817	0.772
0	0	0
0	0	0.714
0.801	0.788	0.674
0	0	0
0	0	0.5
0	0.606	0
0.713	0	1
0.333	0.167	0.2
0	0	0
0	0	0
0	0	0
0	0	0
0	0	0
0.714	0.602	0.742
0	0	0
0	0	1
0	0	0
0	0	0
0.667	0.6	0
0.55	0.234	0.8
0.6	0.5	0.467
0.719	0.443	0.739
0	0	0
0	0	0
0	0	0
0	0	0
0	0	0
0	0	0
0	0	0
0	0	0
0	0	0.9
0	0	0
0	0	0
0	0	0
0	0	0
0	0	0
0	0	0
0	0.655	0
0	1	0
0	0	0
0.257	0	0.9
0.332	1	1
0	0	0
0	0	0.557
0	0	0
0	0	0
0.333	0	0.333
0	0	0
0.267	0.167	0.1
0	0.833	0
0.667	1	0.381
0	0	0
0.762	0.294	0
0	0	0
0.714	0	0
0	0	0
0	0.371	0
0	0	0
0.4	0.333	0.19
0	0	0
0	0	0
0	0.819	0
0	0	0
0	0	0
0	0	0
0	0	0
1	0.59	0
0.833	0.661	0
0	0	0
0.655	0	0
0	0	0
0	0.267	0
1	0.332	0.537
0	0	0
0.8	0.55	0.511
0.333	0.1	0.167
0	0	0
0.739	0.719	0.61
0	0	0
0	1	0.606
0	0	0
0	0	0
0.661	0	0.833
0.381	0.467	0.333
0	0	0
0	0	0
0	0	0
0	0	0
0	0	0
0	0	0
0	0	0
0.9	0.257	0.602
0	0.9	0
0	0	0
0.443	0.393	0.719
0	1	0.733
0	0	0
0	0	0
0	0	0
0	0	0
0	0	0
0.294	0.733	0.762
0	0	0
0.167	0.333	0.333
1	0.429	0.667
0	0	0.333
0	0	0.655
0.3	0.3	0.267
0	0	0
1	0	0
0	0	0
1	0	0
0.1	0.267	0
0	0.978	0
0	1	0.667
0	0	0
0	0	0
0	0	0
0	0	0
0	0	0
0	0	0
0	0	0
0	0.714	0.8
0	0	0.7
0	0	0
0	0	0
0	0	0
0	0	0
0	0	0
0.267	0	0
0	0	0
0	0	0
1	0	0
0.333	0.255	0
0	1	0
0	0	0
0	0.714	0
0	0	0
0	0.26	1
0.6	0.4	0.5
0.333	0	0.722
0	0	0
0	0	0
0.4	0.5	0.267
0	0	0
1	0.667	0.549
0	0	0
0	0	0
0	0.709	0.418
0.333	0	0
0	0	0
0.8	0	0.567
0	0	0
0.6	0	0.5
0	0	0
0	0	0
0	0	0
0	0	0
0.418	0	0.26
0	0.476	0.5
0	0.167	0
0	0	0
0	1	0.8
0	0.625	1
0.722	0.333	0.7
0	0	0
0	0	0
0	0	0
0.643	0.307	0.667
0	0	0
0	0	0
0	0.5	0
0	0	0
0.267	0.4	0.255
0	0	0
0.7	0.722	0
0	0	0
0.714	0.5	0
0	0.582	0.9
0.944	0.667	0.582
0	0	0
0.667	0.286	0.6
0	0	0
0	0	0
0	0.6	0
0	0.6	0
0	0	0
0	0	0
0	0	0
0	0	0.5
0	0	0
0.26	0.418	0
0	0.9	0
0	0	0
0.5	0.6	0.5
0.167	0	0
0	0.833	0
0	0	0
0	0.567	0
0	0	0
0	1	0
0	0	0
0	0	0
0	0	0
0	0	0
0.5	0.667	0.4
0	0	0
0	0	0
0	0.6	0.821
0.5	0	0
0.286	0.5	0.667
0	0	0.333
0.667	0	0
0	0	0.6
0.567	0.8	0
0	0	0
0	0	0.6
0	0.714	0
0	0	0
1	0	0
0	0	0
0	0	0
0	0	0
0	0	0
0	0	0
0.571	1	0
0	0	0
0	0	0
0	0	0
0.667	0.5	0.5
0.5	0	0.574
0.667	1	0.944
0	0	0
0	0	0.333
0	0	0
0.6	0.249	0
0	0	1
0	0.571	0.9
0	0	0.333
0	0	0
0	0	0
0	0	0.625
0	0	0
0	0	0
0.6	0.857	0
0	0	0
0	0	1
0.366	0.667	0
0	0	0
0	0	0
0.476	0	0
0.857	0.4	0.6
0	0	0
0	1	0
0.6	0.667	0.6
0	0	0
0	0	0
0	0	0
0	0.366	0
0.9	0	0.307
0	0	0.714
1	0	0.462
0	0	1
0	0	0.619
0.6	0.6	0
0	0	0
0	0	0
0	0	0
0	0	0.476
0	0	0
0	0	0
1	1	0
0	0	0
0	0.6	0.333
0	0	0
0	0	0
0	-1	0
0	0	0
0	0.333	0
0	0	0
0	0	0
0.714	0	0
0	0	0.6
0	0	0.4
0	0	0
0.667	0	0.366
0	0.333	1
1	0.821	0
0	0.619	0
0	0.667	0
0	0	0
0.255	0.267	0.333
0.833	0	0
0.625	0	0
0.462	1	0.249
0	0	0
0.625	0	0
1	0	0.667
0	0	0
0	0	0
0.4	0.574	0.857
0.6	0	0
0	0	0
0.582	0.944	0
0	0	0
0	0	0
0	0	0
0	0	0
0	0	0
1	0	0
0	1	0.167
0	1	0
0	0	0
0.574	0.5	0.4
0	0	0
0.4	0	0.6
0	0	0
0	0	0.667
0.333	0	0
0	0	0
0	0.6	0
0.249	0.462	0.6
0	0	0.833
0	0	0
0	0	0
0.5	0.5	0.286
0	0	0
0	0	0.667
0.709	0	0
0	0.625	0.709
0	0.333	0
0.619	0	0
0.821	0	1
0	0	0
0.6	0	0
0.5	0.6	0.667
0	0	0
1	0	0
0	0	0.625
0	0	0
0	0	0
0.648	0.41	0.636
0	0	0
0	0	0
0	0	0
0	0	0
0	0	0
0.711	0	0
0	0	0
0.333	0	0.467
0	0	0
0	0	0
0.3	0.415	0.5
0.333	0	0.462
0	0	0
0	0	0
0	0	0
0	0	0
0	0	0
0	0	0
0	0.2	0
0.667	0.833	0.209
0.636	0.648	0.485
0.415	0	0.3
0	0	0.562
0	0	0
0	0	0
0	0.711	0
1	0	0.667
0	0.5	0.833
0	1	0
0	0	0
0	0	0
0	0	0
0	0	0
0.952	0	0
0.833	0	0.667
0.467	0.333	0.462
0	0	0
0	0	0
0.569	0	0.689
0	0.524	1
0.639	0	0.283
0.667	0	0
1	0	0
0.462	0.467	0
1	0.7	0
0	0.756	0
0	0	0
1	0	0
0	0	0
0.485	0.636	0
0.366	0	0.468
0.468	0.366	0
0	0	0
0	0	0
0	1	0
0	0	0
0.933	0	0
0.756	0	0
0	0	0
0.524	0	0
0.283	0.639	0.346
0.5	0.3	0.315
0	0	0
0	0	0
0	0.485	0.397
0	0	0
0	0.952	0
0	0	0
0.528	0	0.528
0	0	0
0	0	0
0	0.462	0.7
0	1	0.711
0.2	0.952	0
0	0	0
0	0	0
0	0	0
0	0	0
0.667	0.562	0
0	0	0
0	0.462	0.667
0	0	0
0	0	0
0.528	0.528	0
0	0	0.366
0	0.209	0.333
0	0	0
0	0.468	0
0	0.315	0
0	0	0
0	0	0
0	0	0
0	0	0
0	0	0
0.6	0.667	0
0	0	0
0	0	0.626
0	0.528	0.821
0	0	0.575
0.81	0.34	0
0	0	0
0.397	0	0
0	0	0.528
0	0	0
0	1	0.345
0	0	0
0	0	0
0	0	0
0	0	0
0	0	0
0	0	0.756
0	0	0
0.7	0	1
0	0.81	0.822
0	0	0
0.821	0	0
1	0	0
0	0	0.952
0	0	0
0.575	0	0
0	0	0
0	0.822	0
0	0	0
0	0	0
0	0	0
0.562	0	0.667
0	0	0
0	0	0
0	0.6	0.639
0	0	0.524
0.209	0.667	0
0	0	0
0	0	0
0	0	0
0	0	0
0	0	0.415
0	0	0
0	0	0
0	0	0
0	0	0
0.689	0.569	0.41
0.41	0.689	0.648
0	0.397	0
0	0	0
0	0	0
0	0	0
0	-1	0
0	0	0
0	0.575	0
1	0	0
0.315	0.5	0
0	0	0
0	0.626	0
0	0	0
0.5	0.345	0
0	0	0
0	0	0
0	0	0
0	0	0
0	0	0.569
0	0	0
0	0	0.34
0	0	0
0.822	0	0
0	0	0.5
0	0.667	0
0	0.346	0
0	0	0
0	0	0
0.626	0	0
0	0	0
0	0	0
0	0	0
0	0	-1
0.34	0	0.81
0	0	1
0	0	0
0.667	0	0
0	0	0
0	0	0
0	0	0
0.462	0.333	0
0.345	0	0.5
0	0	0
0	0	0
0	0	1
0	0.821	0.556
0	0	0
0.5	0	0
0.667	0.667	0.6
0	0	0
0.6	0.8	0.246
0	0	0
0	0	0
0.333	0.571	0
0	0	1
0.7	0	0.515
0.536	0.5	0.714
0	0	0
0	0.833	0.396
0.667	0.279	0.571
0.33	0	0
0.733	0	0.311
0	0	0
0.381	0	0
0.333	0.247	0.202
0.41	0.714	0.397
0.396	0	0
0.491	0.407	0.5
0	0.667	0.357
0	0	0
0	0	0
0	0.333	0
0	0	0
0.333	0.578	0
0.287	0	0.5
0.714	0.536	0.8
0	0	0
0.24	0.571	0.571
0.363	0.622	0.407
0	0.33	0.286
0	0	0
0.571	0.667	0
0	0	0
0	0	0
0	0.667	0.667
0.5	0.491	0.578
0.3	0.311	0
0	0	0.5
0	0.515	0
0	0	0.287
0.571	0.24	0.333
0	0	0
0	0	0
0.571	0.667	0.24
0.357	0	0.714
0.286	0	0.167
0.438	0.491	0.622
0.833	0	0
0.167	0	0
0	0	0
0	0.3	0.833
0	0	0
0.578	0.5	0.333
0.407	0.363	0.491
0	0	0.7
0	0	0
0	0	0
0.667	0	0.571
0.167	0.286	0.667
0	0.167	0
0	0	0.733
0	0	0
0	0	0
0.5	0	0.333
0	0	0
0	0	0
0.622	0.438	0.363
0	0	-1
0	0	0
0	0	0.3
0	0	0
0.667	0.167	0
0	0	0.381
0	0	0.5
0	0	0
0	0	0
0	0	0.619
0	0.333	0
0	0	0
0.515	0.7	0
0	0	0
0	0	0
0	0	0
0.5	0	0.536
0	0	0
0.311	0.733	0.3
0	0	0
0.667	0	0
1	0	0
0.619	0	0
0	0	0.667
0	0	0
0.246	0.6	0
0	0	0
0	0	0
0.397	0.41	0.491
0	0.5	0
0	0	0
0.3	0	0
0.667	0	0
0	0.619	0
0.491	0.397	0.438
0	0	0
0	0.571	0.667
0	-1	0
0.667	0	0.279
0	0	0.667
0	0.246	0.167
0	0	0.33
0	0	0
0	0	0
0	0	0
0	0.3	0
0	0.667	0
0	0	0
0	0	0
0	0	0
0	0	0
0	0	0
0	0	0
0	0	0
0	0	0
0	0	0
0.5	0.287	0
0.279	0.667	0.667
0.8	0.714	0.6
0	0.396	0
0	0	0
0	0	0
0.714	0.357	0.41
0	0	0
0	0	0
0	0.381	0
0	0	0
0	0	0
0	0	0
0.857	1	0
0	0	0
0	0.75	0
0	0	0.163
0	0	0
0	0	0.524
0	0	0
0	1	0
0.632	0.5	0.7
0.611	0	0
0.667	1	0.857
0	0	0.7
0.733	0	1
0	0	0
0.384	0.637	0.81
1	0	0
0.6	0.333	0.333
0	0	0
0.443	0.167	0.357
0	1	0
0	0	0
0	0	0
0.464	0	0.368
0	0.6	0
0.758	1	0
0.484	0	0
0	0	0
0	0	0
0	0	0.464
0	0	0.6
0	0	0
1	0.733	0
0	0	0
0	0	0
0	0	0
0	0	-1
0.7	0.632	0
0	0	0
0	0	0
0	0	0
0	0	0
0.81	0.384	0.245
1	0	0
0	0	0.538
0	0.964	0
0	0	0
0	0.758	1
0	0	0
0	0	0
0	1	0.667
0.5	0	0
0	0	0.463
0	1	0
0	0.368	0.582
0.333	0.6	0.167
0	0.163	0
0.368	0.464	0
0	0.312	0
0.245	0.81	0.556
0	0	0
0	0	0
0	0.323	0.637
0	0	0.46
0	0	0
0	0	0
0	0.524	0
0.463	0	0
0	0.361	0
0	0	0
0	0	0
0	0	0.333
1	0.537	0.857
0	1	0
0	0	0
0	0	0
1	0	0.413
0	0	0.611
0	0	0
0.167	0.333	0.443
0	0	0
0	1	0.733
0.6	0	0
0.964	0	0
0	0	0
0	0.7	0
0.5	0.857	0.632
0	0.484	0
0.413	1	0.416
0	0	0
0	0	0
0	0	1
0.464	0	1
1	0	0
0	0.694	0.333
0.6	0	0
0	0	1
0.361	0.333	0
0.524	0	0
0	0.463	0
0	0	0
0	0	0
0	0.6	0.41
0	0	0
0	0	0
1	0	0.758
0.75	0	0
0	0	0
1	0	0
0	0.582	0.484
0	0	0
1	0	0.667
0.7	0	0
0	0	1
0	0	0
0	0	0
0	0.46	0
0.533	0.333	0
0	0	0
0.857	0.667	0.5
0.333	0.357	0.533
0	0	1
0.333	0	0.6
0	0.667	0
0	0	0
0	0	0
1	0	0.5
0	0	0
0	0	0
0	0	1
0.465	0.556	0.381
0.7	0	0.333
0	0	0
0	0	0
0.416	0.413	0
0.319	0	0
0	0	0
0.905	0	0.822
0	0	0
0	0.5	1
0	0	0
0.822	0.905	0.323
0.537	0.333	1
0	0	0
0	0.41	0
0	0	0
0	0	0
0	0.857	0.964
0	0.533	0.42
0	0	0
0.46	0	0
0	0	0
0	0	0
0	0	0
0	0	0
0	0	1
0	1	0
0	0.611	0
1	0	0
0.323	0.822	0
0.357	0.443	0.333
0	0	0
0	0	0
0	-1	0
0.333	0.7	0.361
0.956	0	1
0	0	0
0	0	0
0.505	0.381	0.694
0	0	1
0.5	1	0
0	0.5	0
0	0	0
0	0	0
0	0	0
0	0	0.319
0	0.538	0
0	0.416	0.833
0	0	0
1	0.956	0
0	0	0
0.42	0	0.536
1	0	0
0	0	0
0	0	0
1	0.464	0
0	0	0
0.556	0.245	0.465
0	0	0.6
0	0	0
0	0	0.333
0	1	0
0	0	0
0.833	0	0.312
0.694	0.505	0
0	0	1
0	0	0
0	0	0.5
0	0	0
0	0	0.905
0	0	1
0.333	0	0.537
0	0	0
0	1	0
0	0.5	1
0	0.7	0
0	0	0
0	1	0
0	0	0
0	0	0
0	0	0
0.538	0	0
0	0	0
0	0	0
0	0	0
0	0	0
0	0	0
0	0	0.75
0	0	1
0	0	0.464
0.582	0	0
0	0	0
0.637	0	0.384
0.163	0	0
0	0	0
0	0	0
0.333	0	0
0.312	0.833	0
0.5	0	0
1	0	0
0.381	0.465	0.505
0	0.333	0
0	0	0
0	0.536	0
0.536	0.42	0
0	0	0
0	0	0
0	1	0
0	0	0
0.667	0	0
0	0	0.5
0	0	0
0	0.319	0
0	0	0.7
0	0	0
0	0	0
1	0	0
0	0	0
0	0	0
0.41	0	0
0	0	0.956
0	0	0
0	0	0
0	0	0
0	0	0
0	0	0
0.333	0.667	0
0.615	0.667	0.591
0.254	0.591	0.626
0	0	0
0	0	0
0	0.333	0.2
0	0	0
0	0	0
0	0	1
0	0	0
0	0	0.667
0	0	0
0.667	0	0.615
0	0.475	0
1	0	0
1	0	0
0	0.333	0
0	0	0
0	0	0
0	0	0
0	1	0.426
1	0.7	0.333
0	0	0
0	0	0
1	0	0
0	0	0
0	0	0
0	0	0
0	0.7	0
0	0	0
0.689	0	0
0	0	0
0	0	-1
0	0	0
0	0.689	0
0.333	1	0
0.705	0.5	0
0.339	0.467	0.56
0	1	0
0	0	0
0.333	0	0
0.7	0	0
0.591	0.615	0.254
0	0	0
0	0	0.712
0.2	0	0
0.667	0	0
0	0	0
0	0.705	0
0	0	0
0	0	0
0.32	0	0
1	0	0
0.7	0	1
0	1	0
0	0	0
0.524	0.644	0.358
0.433	0.556	0.644
0	0	0.689
0	-1	0
0	0.426	0.475
0.5	0	0.333
0	0	0
0.467	0.551	0.339
0	0	0
0.551	0	0.467
0	0	0
0	0	0
0	0	0.7
0	0	0
0.712	0	0
0	0	0
0.358	0.524	0.434
0	1	0
0.475	0	0
0	1	0
0	0	0
0	0	0
0.81	0	0
0	0.712	0
0.667	0.5	0.333
0	0	0
0	0.2	1
0	0	0
1	0	0
0	0	0
0.3	0	0.6
0	0	0
0.434	0.358	0.5
0	0	0
0.426	0	0
0	0	0.5
0	0	0
0.429	0.667	0
0	0	0
0	0	0
0	0	1
0.392	0	0.667
0	0	0
0	0	0.392
0	0	0
0	0	0
0	0	0
0.5	0.434	0.667
0	0	0
0	0	0
0.167	0.5	1
0.201	0.265	1
0	0	0
0	0	0
0.867	0.4	0.464
0.281	0	0
0	1	0.582
1	0	0
0	0	0
0	0	0
0	0.607	0
0	0	0
0	0.281	0.778
0.391	0	0
0	-1	0
0	0.669	0
0	0	0
1	0	0
1	0.201	0.607
1	0.689	0
1	0	0
0	0	0
0	0	0
0	1	0
0	0	0
0	0.439	1
0.464	0.867	0
0	0.444	0
0	0	0
0.607	1	0
0	0	0
0	1	0.45
0	0	0
0	0	0
0	0	0.405
0	0.806	0
0.867	0.473	0.5
0	0	1
0.6	0	0
0	0.286	0
0	0	0.667
0	0.467	0
0	0	0
0	0	0.296
0	0	0
0	0	0
0	0	0
0	0.571	0
1	0.167	0.467
1	0	0.667
0	0	0
0	0	0.364
0.689	0.582	1
0	0	0.806
0.467	1	0
0	0	0.553
0	0	0
0	0	0.654
0	0	0
0	0.296	0
0	0	0
0	0.667	0
0	0	0
0	0	0
0	0	0
0	0.3	0.327
0.286	0.5	0
0	0	1
0	0	0.669
0.667	1	1
0	0	0.533
0	0	0
0.667	0	0
0	0	0
0	0	0
0	0	0
0.667	0	0
0	0	0
0.405	0	0
0	0	0.695
0	0	0
0	1	0.281
0	0	0
0	0	1
0.654	0	0.3
0	0.391	0
1	0.667	0
0.464	0.491	1
0	0	0
0	0	0
0	1	0
0	0.368	0
0	0	1
0.473	0.356	0.867
0	1	0
0	0	0
0	1	0.374
0.533	0	0
0.806	0	0
0.3	0.654	0
0	0	0
0	0	0
1	0.464	0
0.356	0.474	0.473
0	0	0
0.474	0	0.356
0	0.733	0.368
0	0.6	1
0	0	0
0	0	0
1	0	0
0.505	0.705	0.657
0	0	0
0	0.533	0
0	0	0
0	0.695	0
0	0	0
0	0	-1
0	0	0
0	1	0
0.327	0	0
0.444	0	0
0.491	0	0.464
0	0	0
0	0	0
0	0	0
0	0	0
0	0	0
0	0	0
0	0	0
0	0.464	0
0	0.3	0.5
0.582	0	0.689
0	0	0
0.5	0.867	0.286
0.695	0	0
0	0.553	0
0	0	0.391
0	0	0.556
0	0	0.444
0	0	0
0.45	0	0.733
0	0	0
0.316	0	1
0	0	0
0	0	0
0.4	0	0.867
0	0	0
0	0	0
0	0	0
0	0.327	0.474
0	0	0
0	0	0
0	0	0.705
0	0	0
0.5	0	0.167
0	0	0.491
1	0	0
0.553	0	0
0	0	0
0	0.405	0.6
0	0	0.265
0	0	0
0	0	0.571
0	0	0
0.265	0	0.201
0	0.5	0.7
0	0	0
0	0	0
0.5	0.905	0
0	0	0
1	0	0
0.538	0.622	1
0	0	0
0	0	0
0	0	0
0	0	0
0	0.667	0.5
0	0	0
0.5	0	0
0.216	0.319	0.167
0	0.8	1
0	0	0
0.905	0	0.5
0.536	0.464	0.5
0	0	0
0	0	0
0	0	0
0	0.7	0
0.319	1	0.216
0.667	0.167	0
0	0	0
0.667	0	0.8
1	0.5	0.319
0	0.196	0
0	0.5	0
0.5	0	0
0.464	1	0.536
0	0	0.905
0	0	0
0	0	0
0	0	0
0	0	-1
0.5	0.333	1
0	0	0.9
0	0	0
0	-1	0
0.5	0.536	0.143
0	0	0
0.143	0.5	0.333
0	0	0
0	0	0
0	0	0
0	1	0.5
0	0.762	0
0	0	0
0.7	0	0
0.679	0.5	0
0	0.679	0
0.5	0	0.679
0	0	0
0	0.5	0
0.8	0	0
0	0	0.5
0	0.333	0
0.333	0	0
0	0	0.257
0	0	0.667
0.622	0.786	0.538
0	0.333	0.333
0	0	0.762
0.333	0.143	0
0	0	0
0	0	0
0	0	0
0.196	0.694	0
0.167	0.216	0.667
0	1	0
1	0.538	0.464
0.667	0	0.333
0	0	1
0	0	0.8
0.786	0	0.622
0	0	0
0.467	0	0
0	0.964	0.516
0	0	1
0.357	0.333	0.4
0.333	0	0
0	0	0
0	0	0
0	0.333	0
0.733	0.433	0
0	0	0
0.542	0	0
0	0.9	0
0	1	0.952
0	1	0
0	0	0
0	0	0
0.478	0.933	0.333
0	0	0
0	0	0
0	0	0
0	0	0
0	-1	0
0	1	0
0.667	0.639	0.333
1	0	0.29
1	0	0
0.639	0	0.667
0.667	0.536	0.536
0	0.467	0
0	0	0
0	0	1
0.258	0.5	0.333
0	0.542	0.8
0	0	0
0	0	0
0	0	0.55
0	0	0
0.536	0.317	0.667
0	0	0
0	0	0
0	0	0
0.5	0.6	0.258
0	0	0
0	0	0
0.933	0	0.478
0	0	0
0.333	0.478	0.386
0.964	0.503	0
0	0	0
0	0.833	0.503
1	0	0.7
0	0	0
1	0	0.379
1	0	0
0	0	0
0	0	0
0	0	0
0.28	0.762	1
0.8	0.333	0.762
0	0	0
0.503	0	0.964
0.433	0	0.733
0.386	0.333	0
0	0	0
0	0	0
0	0	0
0.5	0.361	0.667
0	0	0.467
0	0	0
0	0.333	1
0	0	0
0	0	0
0.379	1	0
0	0	0
0.361	0.393	0.5
0	0	0
0	0	0
0	0.643	0
0	0	0
0.29	1	0.667
0	0	0
0	0	0
0	0.733	0
0	0	0
0	0	0
0	0	0
0	0	0.433
0	0	0
0	0	0.333
0	0	0
0	0	1
0.333	0.667	0.8
0.762	0.8	0.28
0	0	0
0	0	0
0	0	0
0	0.386	0.457
0	0	0
0	0	0
0	0	0
0.333	0	0
0	0	0
0	0	0
0.952	0	0
1	0	0
0	0	0.75
0	0	0
0.418	1	0.317
0	1	0
0.6	0	0.3
1	0	0
0.8	0.246	0
0.449	0.528	0.727
0	0	-1
0	0	0
0.75	0	1
0.7	1	0
0	0	0
0.667	0.29	1
0.4	0.357	0.393
1	0.516	1
0.35	0.667	1
0	0	0.333
0	0	0
0	0	1
0.6	0.3	0.5
0	0	0
0	0	0
0.528	0	0.449
0	0	0
0	0	0
0	0.7	1
0	0	0
0	0	0
0	0	0
1	0.28	0.418
0	0	0
0	0	0
0	0	0.528
0	0	0
0.667	0.5	0.35
0	0.333	0
1	0.75	0
0.833	1	0
1	0.667	0.833
0	0	0.6
0	0	0
0.457	0	0
0.536	0.667	0.246
0	0	0.9
0.55	0	0.708
0	0	0
0	0	0
0	0	0
0	0	0
0	0	0
0	0.708	0
0	1	0.639
0	1	0
0	0	0.643
0	0	0
0	0.8	0.333
0.393	0.4	0.361
0	0.8	0.933
0	0	0
0.333	0.258	0.357
0	0.727	1
0	0	0
0	0	0
0	0	0
0	0	0
0	1	0
0	0	0
0.516	0	1
0	0.457	0
0.9	0	0
0	0	0
0.708	0.55	0
0.317	0.418	0.536
0.727	0.449	0
0	0	0
0	0	0
0	0	0.542
0	0.952	0
0	0	0
0	0	0
1	0.35	0
0.8	0	0
0	0	0
0.333	0	0
0	0	0
0	0	0
0	0.379	0
0.246	0.536	0.8
1	1	0
0.643	0	0
0.3	0.6	0.6
1	0	0
0	0	0
0	0	0
0	0	0
0	0	0
0	0	0
0	0	0
0	0	0
0	0	0
0	1	0.333
0.76	0.9	0.844
0	0	0
0	0	0
0	0	0
0	0	0
0	0	0
0	0	0
0	0	0
0	0	0
0	0.575	0.553
0.833	0	0.4
0	0	0
0	1	0
0	0	0
0	0	0
0	0	0
0	0	0
0	0	0.876
0	0	0
0	0	0
0	0	0
0	0.742	0
0.844	0.76	0.676
0	0	0
0.397	1	0
1	0	0.583
0	0	0
0	0	1
0	0	0
0	0	0
0.676	0.844	0
0	0	0
0	0	0
0	0	0
0	0	1
0	0	0
0	0.7	0
0	0	0
0	0	0
0	0	0
0	0	0
0	0	0.582
0	0	0
0	1	0
1	0	0
0	0	0
0	0	0
0	0	0
0	0	0
0	0	0
0	0	0
0	0.706	0
0	0	0.356
0	0	0
0	0.447	0
0	0	0
0	0	0
0	0	0
0	0.549	0
0	0.628	0
0.833	0.824	0.563
0	0	0
0	0	0
0	0	0
0	0	1
0.333	0	0
0	0	0
0	0	0
0	0.952	0
0	0	0
0.467	0	0
0	0	0
0	0	0
1	0.667	0.397
0	0	0
0.553	0	0.719
0	0	0
0	0	0
0	0	0
0	0	0
0	0	0.319
0	0	0
0.658	0	0.667
0.7	0.667	0
0.952	0	0
0	0	0
0	0	1
0	0	0
0	0	0
0	0	1
0	0	0
0	0	0
0	0	0
0	0	0
0	0	0
0.844	0.905	0.595
0.552	0	0
0	0.625	0
0	0	0
0	0.4	0
0	0	0
0	0	0
0	0	0
0	0	0
0	0	0
0	0	0
0	0	0
0	0	0
0.733	0.667	0
0.583	1	0
0	0	0
0	0	0
0	0	0
0.719	0.553	0.462
0	0	0
0.721	0	0
0	0	0.628
0	0.333	0
0	0	0
0	0	0.603
0.4	0.833	0
0	0	0.667
0.905	0.778	0.844
0	0	0
0	0.397	0.658
0	0	1
0	0	0
0.778	0.52	0.905
0	0.952	0
0	0	0
0	0	0
0	0	0
0	0	0
0	0	0
0	0	0.625
1	0	0
0.575	0	0
0	0	0
0.625	0	0
0	0	0
0	0.552	0
0	0	0
0.876	0	0
0.9	0.632	0.9
0	0	0
0	0	0
0	0	0
0	0	0
0	0	1
0	0	0
0	0	0
0	0	0.447
0	0	0
0	0	0
0	0.583	0.683
0	0	0
0	0	0
0.667	0.667	0.7
0	0	0
0	0	0
0	0	0
0	0	0
0	0	0
0.683	0	0
0	0	0
0	0	0
0	0	0
0	0	0
0	0.8	0.345
0.603	0	0
0	0	0
0	0	0
0	0	0
0	0	0
0	0	0
0	0	0
0	0	0
0	0	0
1	0	0.667
0	0	0
0.447	0	0
0	1	0
0	0.321	0
0.667	1	0.667
0	0	0
0	0	0.706
0	0	0
0	0	0.587
0	0	0
0	0	0
0.319	0	0
0	0	0
0.667	0	1
0	0	0
0	0	0
0	0	0
0	1	0
0	0	0
0.488	0.595	0.75
0	0.683	0
0	0	0
0	0	0.552
0	0	0
0	0	0
0	0	0
0	0	0
0	0	0
0	0	0
0	0	0
0	0	0
0	0	0
0.9	0.9	0.76
0	0	0
0	0	0
0	0	0
0	0	0
0	0	0
0	0	0
0	0	0
0.75	0.488	0.632
0	0	-1
0.628	0	0
0	0	0
0	0	0
0	0	0
0.587	0	0.742
0	0.706	0
0	0.733	0
0.321	0.345	0
0	0	0
0	0	0
0	0	0
0	0	0.549
0	0.319	0.952
0	0	0
0	0	0
0	0.876	0
0	0	0
0	0	0
0	0	0
0.667	0	0
0	0	0
0	0	0
0	0	0
0	0	0
1	0	0
0	0	0
0	0	0
0	0	0
0	-1	0
0	0	0
0	0	0
0.582	0	0
0.356	0	0
0.803	0	0.52
0	0	0
0	0	0
0.549	0	0
0	0	0
0	0	0
0	0	0
0	0	0
0	0	0
0	0	0
0	0	0
0	0	0
0	0	0
0.667	0.658	0.733
0	0	0
0	0	0
0	0	0
0	0	0.467
0	0	0.575
0	0	0
0	0	0
0	0	0
0	0	0
0	0	0
0	0.582	0.667
0	0	0.873
0	0	0
0	0	0
0	0	0
0	0	0
0	0	0
0.345	0	0.321
0	0	0
0	0	0
0	0	0
0	0	0
0.742	0.587	0
0	0.603	0
0.632	0.75	0.9
0.952	0	0
0.706	0	0
0	0.356	0
0.956	0	0.706
0	0	0.956
0	0	0
0	0	0
0	0.467	0.833
0	0	0
0	0.721	0.8
1	0	0
0	0.667	0
0.706	0.956	0
0	0	0
0	0	0
0	0	0
0	0	0
0	0	0
0	0	0
0	0.676	0.952
0	0	0
0	0	0
0	0	0.867
0	0.312	0
0	0	0
0	0	0
0	0.625	0
0.325	1	0
0.5	0.526	0
0	0.786	0
0	0.6	0
0	0	0
0	0	0
1	0	0.464
0.857	0.667	0
0.861	0	0.667
0	0	0
0.315	0	0.357
0	0	0
0	0.857	0
0	0.762	1
0	0	0
0	0.302	0.341
0.333	0	0.762
0	0	0
0	0	0.564
0.505	0.333	0
0	0	-1
0	0	0
0	0	1
1	0	0.325
0	0	0.667
0	0	1
0	0.333	0
0	0	0
0	0	0
0.316	0.333	0.497
0	1	0
0	0	0
0.5	0	0
0.564	0	0
0.5	0.619	0
0.464	0	0
0.762	0.333	0
0	0	0.5
0.526	0.464	0.5
0	0.833	0
0	0	0
0.667	0	0.857
0	0	0
0	0	0
0	0	0
0	0	0.312
0.75	0	0
0	0	0
0.333	0.491	0
0.667	0	0
0.312	0	0
0	0	0
0.341	0	0.538
0.476	0.867	0
0	0	0
0	0	0
0	0	0.861
0.433	0	0
0.25	0	0
0	0	0
0	0	0
0	0.325	0
0.491	0.333	0.333
0	0	0
0.527	0	0
0.867	0	0.476
0	0	1
0.302	0	0
0.833	0.538	0
0	0.527	0.333
0.6	0	0
0	0.476	1
1	0	1
0	0	0
0	0	0
0	0.5	0.8
0	0.5	0
0.8	0	0
0.357	0.315	0
0	0	0
0	0	0.619
0	0	0.667
0.464	0	0.526
0	0.25	0
0	0.564	0
0	0	0
0	0	0
0.497	0.316	0
0	0	0
0	0.357	0
0.619	0	0.5
0	0.433	0
0	0	0
0	0	0
1	1	0
0.333	0	0.491
0	0	0
0	0.5	0
0	0	0.464
0	0	0.464
0	0	0.6
0	0	0
0	0	0.25
0	0	0.75
0	0.497	0
1	0	0.509
0	0	0
0	0	0
0	0.464	0
0	0	0.333
0	0	0
0	0	0
0	0	0.625
0.218	0	0
0	0.75	0
0	-1	0
0.333	0	0.316
0.333	0	0.505
0	0	0
0	0	0
0	0.509	0
0	1	0
0	0	0.218
0	0	0
0.509	1	0
0	0	0
0	0	0.333
0.538	0.341	0.833
0	0	0
0	0	0.333
1	0	0
0	0	0.527
0	0.505	0
0	0.464	0
0.625	0	0
0	0	0
0	0	0.302
0	0.667	0
0.464	1	0
0	0	0
0	0	0.315
0	0	0.433
0	0.8	0
0	0	0
0	0	0
0	0	0
0	0	0
0	0.218	0
0	1	0.133
0.717	0.683	0.729
0	0	0
0	0	0
0	0	0
0	0	0
0	0	0
0	0	0
0	0	0
0	0	0
0	0	0
0	0	0
0	0	0
0	0.1	1
0	0	0
0.067	0	0
0	0	0
0	0	0
0	0	0
0	0	0
0	0	0
0.633	0.804	0.607
0	0	0
0	0	0
0	0	0
0.683	0.662	0.717
0	0	0
0	0	0
0	0	0
0.692	0.761	0.745
0.333	0.5	0.667
0	0	0
0	0	0
0	0	0
0	0	0
0	0	0
0	0	0
0	0	0
0	0	0
0	0	0
0	0	0
0	0.167	0
0	0	0
1	0	0
0	0	0
0.69	0.607	0.667
0.632	0.586	0.625
0.167	0	0
0	0	0
0	0	0
0	0	0
0	0	0
0	0	0
0	0	0
0	0	0
0	0	0
0	0	0
0	0	0
0	0	0
0	0	0
0	0	0
0	0	0
0	0	0
0	0	0
0	0	0
0	0	0
0	0.133	1
0	0	0
0	0	0
0	0	0
0	0	0
0	0	0
0	0	0
0	1	0
0	0	0
0	0	0
0	0	0
0	0	0
0	0	0
0	0	0
0	0	0
0	0	0
0	0	0
0	0	0
0	0	0
0	0	0
0.69	0.729	0.731
0	0	0
0	0	0
0	0	0
0	0	0
0	0	0
0	0	0
0	0	0
0	0	0
0	0	0
0	0	0
0	0	0
0	0	0
0	0	0
0	0	0
0.133	0	0
0	0	0
0	0	0
0	0	0
0	0	0
0	0	0
0	0	0
0.819	0.637	0.75
0	0	0
0	0	0
0	0	0
1	0	0
0	0	0
0	0	0
0	0	0
0	0	0
0	0	0
0	0	0
0	0	0
0	0	0
0	0	0
0	0	0
0	0	0
0.74	0.685	0.692
0	0	0
0	0	0
0	0	0
0	0	0
0	0	0
0	0	0
0	0	0
0	0	0
0	0	0
0	0	0
0	0.067	0
0	0	0
0	0	0
0	0	0
0	0	0
0	0	0
0	0	0
0	0	0
0	0	0
0.637	0.667	0.819
0	0	0
0	0	0
0	0	0
0	0	0
0	0	0
0	0	0
0	0	0
0	0	0
0	0	0
0.4	0.667	0.333
0	0	0
0	0	0
0	0	0
0	0	0
0	0	0
0	0	0
0	0	0
0	0	0
0	0	0.333
1	0	0
0	0	0
0	0	0
0	0	0
0	0	0
0	0	0
0	0	0
0.607	0.633	0.69
0	0	0
0	0	0
0	0	0
0	0	0
0.714	0.654	0.678
0	0	-1
0	0	0
0.761	0.868	0.692
0	0	0
0	0	0
0	0	0
0	0	0
0	0	0
0.685	0.731	0.74
0	0	0
0	0	0
0	0	0
0	0	0
0	0	0
0	0	0
0	0	0
0	0	0
0	0	0
0	0	0
0	0	0
0	0	0
0	0	0
0	0	0
0	0	0
0	0	0
0	0	0
0	0	0
0	0	0
0	0	0
0	0	0
0	0	0
0	0	0
0	0	0
0	0	0
0	0	0
0.804	0.692	0.633
0.868	0.817	0.761
0.731	0.69	0.685
0	0	0
0	0	0
0	0	0
0	0	0
0	0	0
0	0	0
0	0	0.067
0	0	0
0	0	0
0	0	0
0	0	0
0	0	0
0	0	0
0	0	0
0	0	0
0	0	0
0	0	0
0	0	0
0	0	0
0	0	0
0	0	0
0	0	0
0	0	0
0	0	0
0	0	0
0	0	0
0	0	0
0	0	0
0	0.333	0
0	0	0
0	0	0
0	0	0
0	0	0
0	0	0
0.817	0.833	0.868
0	0	0
0	0	0
0	0	0
0.692	0.74	0.804
0	0	0
0	0	0
0	0	1
0	0	0
0	0	0
0	1	0.167
0	0	0
0	0	0
0	0	0
0	0	0
0	0	0
0	0	0.1
0.667	0.69	0.637
0	0	0
0	0	0
0	0	0
0	0	0
0	0	0
0	0	0
0.745	0.692	0.842
0	0	0
0	0	0
0	0	0
0	0	0
0	0	0
0	0	0
0	0	0
0	0	0
0	-1	0
0	0	0
0	0	0
0	0	0
0	0	0
0	0	0
0	0	0
0.833	0.727	0.817
0.587	0.637	0.684
0	0	0
0	0	0
0	0	0
0	0	0
0	0	0
0	0	0
0.333	0	0
0.1	0	0
0	0	0
0	0	0
0	0	0
0	0	0
0	0	0
0	0	0
0	0	0
0	0	0
0	0	0
0.667	0.433	0.4
0	0	0
0	0	0
0	0	0
0.397	0	0
0.611	0	0
0	0	0
0.463	0	0
0	0	0
0	0	0
0	0	0
0.583	0	0.458
0	0	0
0.549	0	0.462
0	0	0
0	0	0
0	0.486	0
0	0	0
0	0	0.463
0	0	0
0	0	0
0	0.611	0
0	0	0
0.295	0	0
0	-1	0
0	0.333	0
0	0	0
0.588	0.689	0.303
0	0.611	0
0	0	0.611
0	0	0
0	0	0
0	0	0.867
0	0	0
0	0	0
0	0	0
0	0	0
0	0	0
0.462	0.549	0
0	0	0.25
0	0	0
1	0	0.667
0	0	0
0	0	0.697
0	0.407	0
0	0	0
0.667	0	0.786
0	0.867	0
0	0.626	0
0	0	0.55
0.25	0	0.343
0.676	0	0
0	0	1
0	0	0
0.697	0	0
0.667	0	0
0	0	0
0	0	0
0.361	0	0.486
0	0	0
0	0	0
0	0	0
0	0	0
0	0	0
0	0	0
0	0.397	0.667
0	0	0
0	0	0
0	0	0
0	0.567	0.652
0	0	0
0	0.857	0
0	0	0
0	0	0.583
0	0	0
0	0	0
0.458	0.583	0
0	0	0
0	0	0
0	0	0.5
0	0	0.361
0	0	0
0.867	0	0
0	0	0
0	0	0
0	0	0
0	0	0.667
0	0	0
0	0	0
0	0	0
0	0	0
0	0	0
0.262	0.667	1
0.733	0.667	0.542
0	0	0
0	0	0
0	0	0
0	0	0
0.691	0.5	0
0	0	0
0	0	0
0	0	0
0	0	0.9
0.667	0	0
0	0	0
0	1	0
0.476	0	0
0	0	0
0	0	0
0	0	0
0	0	0
0	0	0.333
0	0	0
0	0.458	0
0	0	0
0.333	0.4	0
0	0	0
0	0	0
0	0	0
0	0	0
0	0.463	0
0.567	0.303	0
0	0	0
0	0	0
0	0	0
0	0	0
0	0	0
0	0	0.397
0	0	0
0	0	0
0	0	0
0	0.295	0
0.4	0	0.333
0.652	0	0
0	0	0
0.689	0.542	0.588
0	0.476	0
0	0	0
0	0	-1
0.55	0	0
0	0	0
0	0	0
0	0	0
0	0	0
0	0.667	0.667
0	0	0
0	0.462	0
0.343	0.25	0.519
0	0.691	0
0	0	0
0	0	0
0.5	0	0.691
0	0	0
0.333	0	0.386
0	0	0
0	0	0.4
0	0.786	0
0	0	0
0	0	0
0	0	0
0	0	0
0	0	0
0.786	0.667	0
0	0	0
0.333	0	0
0	0	0
0	1	0.295
0	0	0
0	0	0
0	0	0
0	0	0
0	0	0
0	0	0
0	0	0
0	0	0
0	0	0
0.519	0.343	0.571
0	1	0
0	0	0
0	0.55	0
0	0	0
0	0.389	0
0	0	0.407
0	0	0
0	0	0.333
0	0	0
0	0	0
0	0	0
0.486	0.361	0
0	0	0
0.542	0.733	0.689
0	0.648	0
0	0	0
0	0	0
0	0	0
0	0	0
0	0	0
0	0	0
0	0	0
0	0	0
0	0.676	0.549
0	0	0
0	0	1
0.611	0.505	0.667
0	0	0
0	0.652	0
0	0	0
0	0	0
0	0	0
0.571	0.519	0.333
0	0	0
0	0	0
0	0	0
0	0	0
1	0.629	0
0	0	0
0.629	0	1
0	0	0
0	0	0
0	0	0
0	0	0
0.65	0	0
0.667	0	0.262
0	0	0.65
0	0	0
0	0	0
0	0	0
1	0.667	0
0.407	0	0
0	0.333	1
0	0.398	0
0.667	0.611	0.733
0	0	0
0	0	0
0	0	0
0	0	0
0	0	0
0	0	0
0	0	0
0	0	0
0	0	0
0.9	0	0
1	0	0
0	0.667	0
0	0	0
0	0	0.476
0.648	0	0
0.398	0	0
0	0	0
0	0	0
0	0	0
0	0	0.389
0	0	0
0.333	0.571	0
0	0	0.611
0	1	0
0	0	0
0	0	0
0	0	0
0	0	0
1	0	0
0	0	0
0	0	0
0	0	0
0	0	0
0	0	0
0	0.333	0.676
0.857	0	0
0	0.65	0.806
0	0.386	0
0	0	0
0	0	0
0	0	0.629
0	0	0
0	0	0.333
0.667	1	1
0	0	0
0.626	0	0
0	0	0
0.386	0.333	0
0	0	0
0	0	0
0	0	0
0	0	0
0.806	0	0
0	0.9	0.626
0	0.806	0
0.455	0.603	0.505
0	0	0
0	0.333	0
0.611	0	0
0	0	0
0	0	0
0	0	0
0	0	0
0	0.697	0.648
0	0	0
0.303	0.588	0.567
0	0	0
0	0	0
0	0	0
0	0	0
0	0	0.667
0	0	0
0	0	0
1	0.262	0
0	0	0.857
0	0	0
0	0	0
0	0	0
0	0.7	0.398
0.389	0	0
0	0	0
0.333	0	0
0	0	0
0.667	0	0.714
0	0	0
0.552	0.733	0
0	0	0
0	0.867	0.667
0	0	0
0	1	0
0	0	0.467
0.349	0	0.643
0	-1	0
0	0	0
0.756	0	0.667
1	0.667	0.5
0	0	0
0	0	1
0	0.714	0
0	0.562	0.5
0	0	0
0	0	0
0	0	0
0.528	0.607	0
0	0	0
0	0	0
0	0	0
0	0	0.184
0	0	0
0	0	0
0	0	0.667
0	0	0.833
0	0	0
0.232	0	1
0	1	0
0	0	0
0	0.439	0
0	0	0.562
0.833	0.655	0.8
0	0.5	0
0	0.144	0.604
0	0.59	0
0.607	0.8	0.528
0.184	0	0
0	0	0
0.56	0	0
0	0	0.619
1	0	0
0.439	0.667	0
0.667	0.756	1
0	0	0
0	0	0
0	0	0
0	0	0
0	0	0
0	0	0
0	1	0
0	0	0
0	0	0
0.144	0	0
1	0	0
0.333	0	0
0	0	0.673
1	0	0
1	0	0.582
0	0.56	1
0.429	0.479	0
0.933	0.582	0
0	0.833	0
0	0	0
0.479	0	0.429
0.399	0.604	0
0	0	0
0	0	0
0.339	0.621	0.733
0	0.333	0
0	0	0
0	0	0
0	0	0
0	0	0
0	1	0.621
0.5	0	0
1	0	0.59
0	0	0
0	0	0
0	0	0
0	0	0.756
0	0	0.833
0.655	0.619	0.833
0	0	0
0	0	0
0	0.933	0
0	0	0.5
0	0	0
0	0	0.333
0	0.528	1
0.604	0	0.399
0	0	0
0	0.643	0
0	0	1
0	0	0
0	0	0
0.5	0	0.867
0	0	0
0	0	0.349
0	0	0
0	0	0
0	0.673	0
0	0	0
0.467	0	0
0.619	0	0.655
0	0	0
1	0	0
0	0	0.232
0.582	1	0.933
0	0	0
0	0.5	0
0.643	0.349	0
0	0	0
0	1	0.144
0	0	0
0	0.399	0
0	0	0
0	0	0
0.733	0.339	0.552
0	0	0
0	0	0
0	0	0
0	0	0
0	0	0.56
0	0	-1
0	0	1
0.714	0.667	0
0	0	0
1	0.232	0
0.8	0.833	0.607
0.867	0.5	0
0	0.552	1
0	0.184	0
0.621	0	0.339
0	0	0
0.833	0	0
0	0	0
0	0	0
0.667	0	0.439
0	0	0
0	0	0
0	0	0
0.562	0	0
0.5	1	0
0.778	0.764	0.8
0	0.5	0
0	0	0
0	0	0
0.333	0	1
0	0	0
0	1	0.394
0	0	0
0.7	0	0.491
0.5	0.133	0
0.444	0.412	0.6
0	0	0
0	0	0
0.652	0.637	0.581
0	0	0.8
0	0	0
0	0.607	0.7
0	0	0
1	1	0
0	0	0
0	0	0
0.133	0	0.5
0	0	0
0	0	0
0.8	0	0
0.8	0	0.764
0	0	0
1	0.491	0.762
0	0	0
0	0	0
0	0	0
0	0	0
0.491	0.7	1
0.561	0.644	0.436
0.756	0.8	0.705
0	0	-1
0	0	0
0	0	0
0	0	0
0	0	0
0	0	0
0	0	0
0.515	0.581	0.652
0	0	0
0	0	0
1	0.6	1
0	0	0.275
0.764	0.8	0.778
0.256	0.762	0.444
0.762	1	0.256
0	0	0
0	0	0
0	0	0
0	0	0
0.6	0	1
0	0	0
0	0.444	0.8
0	0	0
0	0	0
0	0	0
0	0	0.6
0	0	0
0	0	0
0	-1	0
0	0	0
0	0	0
0	0	0
0.5	0.275	0.607
0	0	0
0.8	0.778	0.756
0	0	0
0	0	0
0	0	0
0	0	0
0	0	0
0	0	0
0	0.8	0
0	0	0.133
0	0	0
0	0	0
0	0	0
0	0	0
0	0	0
0	0	0
0.394	0	0
0	0	0
0.444	0.256	0
0	0	0
0	0	0
0	0	0
0	0	0
0	0.394	0.333
0	0	0
0	0	0
0	0	0.779
0	0.56	0
0	0.456	0
0.456	1	0
0.981	0	0
0	0	0
0	0	0
0	0	0
0	0	0
0	0	0
0	0	0.981
0	0	0
0	0	0
0	0.933	0.962
0	0	-1
0	0	0
0	1	0
0	0	0
0.779	0	0
0	0	0
0	0	0.795
0	0.667	0
1	0.534	0
0	0	0
0	0	0
0	0.608	0
0	0	0
0	0	0
0	0	0
0	0.981	0.975
0	0	0.929
0	0	0
0	0	0.752
0	0	0
0	0.6	0
0	0	0
0	0.624	0
0	0	0
0	0	0
0	0	0
0	0	0
1	0	0
0	0	0
0.962	0	0
0	0	0
0	0.528	0
0.505	0	0.624
0	0	0.964
0.707	0.956	0.933
0	0	0.313
0.667	0	0
0	0	0
0	0	0
0.853	0	0
0	0	0.939
0	0	0
0	0	0
0	1	1
0	0	0
0.939	0	0
0	0	0
0	0	0
0	0.964	0
1	0	0
0	0	0
0	0	0
0	0	0
0	0	0
0.933	0.707	0
0	0	0
0	0	0.869
0	0	0
0	0.929	0.505
0	0	0
0	0	0
0	0	0
1	0	0.456
0	0	0
0	0	0
0	0	0
0	0	0
0	0	0
0	0	0
0	0	0
0	0	0
0	0	0
0	0	0
0.56	1	0
0.795	0	0
0	0	0
0	0	0
0	0	1
0	0	0
0	0	0
0	0	0
0	0	0
0	0	0
0	0	0.925
0	0	0
0	0	0
0	0	0
0	0.795	0.752
0	0	0
0	0	0
0	0	0
0	0	0
0	0	0
0	0	0
0	0	0
0	0	0
0	0.778	0.672
0	0	0
0	0	0
0	0	0
0	0	0
0	0	0.956
0.869	0	0
0	0	0
0.622	0.925	0
0	0	0
0.925	0	0.622
0	0	0
0	0	0
0	0.939	0
0	0.853	0
0	0	0
0	0	0
0.964	0	0
0	0	0
0	0	0.534
1	0	0.56
0	0	0
0	0	0.853
0	0.869	0
0	0.622	0
0	0	0
0	0	1
0	0	0
0	0.909	0
0	0	0
0	1	0
0	0	0
0	0	0
0	0	0
0	0	0
0.534	0	1
0.975	0	0
0.909	0	0
0	0	0
0	0.962	0
0	0	0
0.624	0.505	0
0.929	0	0
0	0	0
0	0	0
0	0	0
0	0	0
0	0	0
0	0	0
0	0	0.64
0	0	0
0.752	0	0.608
0	0	0.6
0	0	0
1	0	0.528
0	0.672	1
0	0.975	0
0	0	1
0	0	0
0	0	0
0	0	0
0	0	0
0	0	0.909
0	-1	0
0	0	0.667
0	0	0
0	0	0
0	0.779	0
0	0	0
0	0	0
0	0	0
0.6	0	0
0	0	0
0.528	1	0
0.956	0	0.707
0.672	0	0
0	0	0.978
0	0	0
0	0	0
0.608	0.752	0
0.333	0	0
0	0	0
0	0	0
0	1	0
0.333	0.267	1
0	0	0
0	0.127	0
0.356	0.81	0.275
0	0	0
0.214	0	0
0	0	0
0	0	0.333
0	0	0
0	0	0
0.16	0	0
0.327	0.422	0.733
0.6	0.464	0.295
1	0	0.267
0.381	0	0.5
0	0	0
0.327	0.295	0.667
0	0	0
0	0	0
0.278	0.222	0.667
0	0	0
0	0	0.214
1	0	0
0.127	0	0
0.333	0	0
0	0	0
0	0	0
0.429	1	0
0	0	0
0	0.472	0
0.275	0.356	0.467
0.7	0	0.81
0	0.289	0
0.422	0.667	0.327
0.476	0.364	0.2
0.4	0	0.3
0.295	0.6	0.327
0	0	0
0	0	1
0	0	0
1	0	0.667
0	0	0
0	0	0
0	0.333	0
0.667	0.278	0.133
0	0	1
0.667	0.607	0.422
0.4	0.571	0.444
0.143	0.17	0.667
0.81	0.7	0.356
0	0	1
0	0	0.127
0	0	0
0	0	0
0.214	0.4	1
0.2	0.476	0
0	0	0
0.472	0.417	0
0.444	0.4	0.311
0	0	0
0	0.214	0
0	0	0
0.607	0.333	0.667
0.333	0	0
0.667	1	0
0	1	0
0	0	0
0.417	0.607	0.472
0.667	0.327	0.4
0.679	0.571	0
0.333	0.667	0.607
0	0	0.16
0	1	0
0	0	0
0	0.133	0.381
0	0	0.333
0	1	0
0	0	0
0.267	1	0.333
0	0	0
0.133	0.667	0
1	0.214	0.429
0	0	0
0	0	0
0.667	0	0.333
1	0	0
0.333	0	0.429
0	0	0
0	0	0.382
0.382	0	0.571
0	0	0
0.3	0.4	0.17
0.571	0.571	0.5
0.6	0	0.4
0	0	-1
0	0	0
0.607	0.4	0.417
0	0.236	0.333
0	0	0
0.619	0.472	0.473
0.571	0.733	0.571
1	0	0
0.733	0.327	0.571
0	0	0
0	0.16	1
0	0.2	0
0.571	0.6	0.4
0	0.429	0.289
0	0	0.361
0	0.333	0.6
0	0.667	0
0.667	0	0
0.289	0	0
0	0.667	0
0	0.679	0.7
0	0	0.333
0.472	0.316	0.619
0	0	1
0.4	0	0.214
0	0	0
0.5	0.381	0.667
0.222	0.311	0.278
0	0.333	0
0.364	0.5	0.476
0	0	0
0.6	0.473	0.571
0	0.429	1
0	0	0
0	0	0
0	0	0
0	0	0
0	0	0
0.236	0.667	0
0.571	0.382	0.679
0	0	0
0	0.333	0.4
0	0	0
0	0	0
0	0	0
0	0	0.333
0	0	0.667
0.333	0.4	0.464
0	0	0
0.467	0.275	0.316
0.4	0.667	0.607
1	0.333	0
1	0	0
0	0	0
0.4	0.6	0.333
0.473	0.619	0.6
0	0	0.667
0	0	0
0	1	0
0	0	0
0.667	0.143	0.236
0.429	0.333	0
0	0	0
0.5	0.571	0.364
0.667	0.5	0
0.333	0	0
0.464	0.333	0.6
0	0	0
0	0	0
0.316	0.467	0.472
0	-1	0
0	0	0
0	0	0
0.636	0.533	0.44
0	0	0
0	0	0
0	1	0
0.58	0.568	0.762
0	1	0
0	0	0
1	0	0
0.426	0.505	0.667
0	0	0
0	0	0
0.622	0.722	0.53
0	1	0
0	0	0
0	0	0
0	0	0
0	0	0
0	0	0
0	0	0.833
0	0	0
0	0	0
0	0	0
0	0	0
0	0	0
0	0	0
0	0	0
0	0.857	0
0	0	0
0	1	0.8
1	1	0
0	0	0
0	0	0
1	0	0
0	0.683	0
0.498	0	0
0	0	1
0	0	0
0	0	0
0	0	0
0	0	0.673
0	0	0
0	0	0
0	0	0
0	0	0
0	0	0
0	0	0
1	0.864	0.308
0.762	0.58	0
0	0	0
0	0	0
1	0.658	1
0	0	0
0	0	0
0	0	0
0	0	0
0.864	1	1
0	0	0
0	0.762	0.511
0	0.75	0
0	0	0
0	0	0
0	0	0
0.532	0.463	0.694
0	0	0
0.667	0	0.195
1	0.673	0
0	0	0
0	0	0
0	0	0
0.333	0.603	0
0.44	0.636	0.505
0	0	0.857
0	0	0
0	0	0
0	0	0
0	0	0
0	0	0.514
0	0	0
1	0	0
0	0	0
0	0	0
0	0	0
0.788	0	0.667
0	0	-1
0	0	0
0	0	1
0	0	0
0	0	0
0.281	0.477	0.545
0	0	0
0.764	0	0.561
0	0	0
0	0	0
0	0	0
0	0.713	0
0	0	0.857
0	0.571	0
0	0	0
0	0	0
0.857	0	0
0.533	0.53	0.533
0	0	0
0.8	0	0.75
0	0	0
0	0.667	0
0	0.511	0
0.561	0.764	0.682
0	0	0
0	0	0
0	0	0
0	0	0
0	0	0
0	0	0
0	0.538	0
0	0	0
0	0	0
0	0	0
0	0	0
0	0	0
0	0	0.5
0	0.333	0
0	0	0
0	0	0
0	0.5	0
0	0	0
0	0	0
0	0	0
0	0.867	0.603
0	0	0
0	0.326	0.788
0.447	0	0.568
0	0	0
1	1	0
0.713	0.495	0
0.533	0.533	0.636
0	0	0
0	0	1
0	0	0
0	1	0
0	0	0
0	0	0
0	0	0
1	0.423	0.571
0	0	0
0	0	0
0	0	0
0	0	0
0.495	0.514	0.713
0	0	0
0.568	0.447	0.58
0.673	0	1
0	-1	0
0	0	0
0	0	0
0	0	0
0.683	0	0
0	0	0
0	1	0
0	0	0
0	0	0.667
0	0	0
0.195	0.667	0.477
0	0	0
0	0	0
0	0	0
0.511	0	0
0.667	0.788	0
0.722	0.694	0.622
0.857	0	0
0	0	0
0	0	0.5
0	0	0
0	0	0
0.667	0.426	0.867
0	0	0
0	0	1
0	1	0
0.658	1	1
0	0	0
0	0	0
0	0	0
1	0	0.318
0	0	0
0.694	0.532	0.722
0	0	0.683
0	0	0.538
0	0	0
0	0	0
0	0.318	1
0	0.498	1
0	0.682	0.447
0	0	0
0	0	0
0	0	0
0	0	0
0	0	0
0	0	1
0.867	0.667	0
0	0	0
0	0	0
0.477	0.195	0.281
0	0	0
0	0	0
0	0	0
0	0	0
0	0	0
0.682	0.561	0
1	0	0
0	0	0
0	0	0
0	0	0
0	0.644	0
0	0	0
0	0	0
1	0.369	0.658
0	0	0
0.5	0	0
0.538	0	0
0	0	0
1	0	1
0.505	0.44	0.426
0	0	1
0	0	0
0	0.5	0
0	0	0
0	0	0
0	0	0
0	0	0
0	0	0
0	0	0
0	0	0
1	0	0.864
0	0	0
0	0	0
0	0	0
0.53	0.622	0.533
0.603	0	0.333
0	0	0
0	0	0
0	0	0
0	0	0
0	0	0.1
0.333	0.667	0
0	0	0
0.782	0.597	0.542
0	0	0
0	0	0
0	0	0
0	0	0
0	0	0
0	0	0
0	0	0
0.333	0.4	0
1	0.556	0.47
0	0	0
0.714	1	0.533
0.417	0	0
0.775	0.819	0.75
0.596	0.667	0.524
0	0	0
0.524	0.596	0.857
0	0	0
0	0.286	0
0	0	0
0	0	0
0	0	0
0.727	0.733	0
0	0	0
0.663	0.629	0.593
0.1	0	0
0	0	0
0.2	0	0
0	0.333	0
0	0	0
0	0	0
0	0	0.846
0	0	0
0	0	0
0	0	0
0	0	0
0	0	0
0	0	0
0	0	0
0.802	0.681	0.629
0	0	0
0	0	0
0	0.333	0.5
0	0	0
0.556	0.489	1
0	0	0.359
0.4	0	0.333
0	0	0
0	0	0
0.5	0.289	0.476
0	0	0
0	0	0
0	0	0
0	0.318	0.9
0	0.857	0
0	0.036	0
0	0	0
0.4	0.5	0.424
0	0.333	0
0.597	0.6	0.782
0	0	0
0.6	0.524	0.472
0.667	0	0.333
0	0	0
0	0	0
0	0	0
0.2	0	0
0	0	0
0.629	0.802	0.663
0	0.727	0
0.667	0.695	0.596
0	0	0.4
0.56	0.636	0.711
0	0	0
0	0	0
0	0	0.333
0.757	0.689	0.769
0.643	0.75	0.719
0	0.8	0
0.359	0	0.867
0	0	0
0	0	0
0	0	0
0	0	0
0	0	0
0.524	0.333	0.467
0	0	0
0	0	0
0	0	0
0	0	0
0	0	0
0	0	0
0	0	0
0.424	0.4	0.733
0	0	0
0	0.2	0.667
0	0	0
0	0	0
0	0	0
0.733	0.424	0.486
0.333	0	0
0	0	0
0	0	0
0	0	0
0.289	0.429	0.5
0	0	0
0	0	0
0	0	0
0	0	0
0.6	0.47	0.867
0	0.333	0
0	0	0
0.833	0.467	0.8
0	0	0
0	0	0
0	0	0
0	0	0
0	0	0
0	0	0.2
0	0	0
0	0.417	0.318
0	0	0
0	0	0
0	0	0
0	0	0
0	0	0
0	0	0
0	0	0
0	0	0
0	0	0.381
0	0	0
0.857	0.524	0
0.295	0	0.4
0	0	0
0.644	0.526	0.756
0	0	0
0	0	0
1	0.528	0.714
0	0	0
0	0	0
0	0	0
0.524	0.361	0.6
0	0	0
0	0	0
0	0	0
0	0	0
0.75	0.775	0.643
0	0	0
0	0	0
0.769	0.757	0.6
0	0	0
0	0	0
0.762	0.867	0.867
0	0	0.286
0.689	0.667	0.757
0.5	0	0
0	0	0
0	0	0
0	0	0
0	0.846	0.836
0.533	0.714	0.618
0	0	0
0	0	0
0.636	0.399	0.56
0.486	0.733	0.528
0	0	0
0	0	0
0	0	0
0	0	0
0	0	0
0.526	0.711	0.644
0	0	0
0	0	0
0	0.5	0.2
0	0	0
0.476	0.5	0.333
0.361	0.667	0.524
0	0	0
0	0	0
0	0	0
0	0	0
0	0	0
0.833	0.667	0.333
0	0	0
0	0	0
0.286	0	0
0.618	0.533	0.399
0.467	0.524	0.833
0	0	0
0.333	0.833	0
0	0	0
0.719	0.643	0.681
0	0	0.417
0	0	0
0.867	0.359	0.762
0.542	0.782	0.673
0	0	0
0	0	0
0	0	0
0	0	0
0.681	0.719	0.802
0	0	0
0	0	0
0	0	0
0	0.381	0
0	0	0
0.667	0.593	0.689
0	0	0
0	0	0
0.47	1	0.6
0	0	0
0	0	0
0.528	0.486	1
0	0	0
0.316	0.4	0
0.429	0	0.289
0.756	0.644	0.806
0	0	0
0	0	0
0.846	0	0.846
0.846	0.846	0
0	0	0
0	0	0
0	0	0
0	0	0
0.5	0	0.4
0.381	0	0
0	0	0
0	0.1	0
0.867	0.6	0
0	0	0
0	0	0
0.819	0.836	0.775
0.8	0.833	0
0	0	0
0	0	0
0	0	0
0	0	0
0	0	0
0.4	0.295	0.316
0.9	0	0.667
0	0	0
0.667	0	0.833
0	0	0
0	0	0
0	0	0
0.673	0.542	0.695
0	0	0
0	0	0
0	0	0
0.318	0	0
0.489	0.867	0.556
0.333	0	0.333
0	0	0
0	0	0
0	0	0
0	0	0
0	0	0
0	0	0
0	0	0
0	0.2	0
0.695	0.673	0.667
0.836	0	0.819
0.711	0.56	0.526
0	0	0
0	0	0
0	-1	0
0	0.867	0.295
0	0	0
0	0	0
0	0	0.036
0.667	0.9	0.361
0	0.316	0.5
0	0	0
0	0	0
0.806	0.756	0.733
0.6	0.769	0.597
0	0	0
0	0.333	0.667
0	0	0
0.733	0.806	0.727
0.472	0.6	0
0	0.472	0.429
0	0	-1
0	0	0
0.399	0.618	0.636
0.036	0	0
0.593	0.663	0.667
0	0	0
0	0	0
0	0	0
0	0	0
0	0	0
0.867	0.762	0.489
0	0	0
0	0	0
0.333	0.333	0
0	0	0
0	0	0.333
0.333	0.476	0.524
0.491	0.7	1
1	0.6	1
0.256	0.762	0.444
0	0	0
0	0	0
0	0	0
0	0	0
0	0.8	0
0	0	0
0.8	0	0.764
0	0	0
0	0	0
0	0	0
0	0	0
0	0	0
0	0	0
0	0	0
0	0	0
0.444	0.256	0
0	0	0
0	0	0
0.762	1	0.256
0	0	0
0	0	0
0	0	0
0	0	0.275
0	0	0
0	0	0
0	0	0
0.581	0.652	0.515
0	0	-1
0	-1	0
0	0	0
0	1	0.394
0	0.444	0.8
0	0	0
0.652	0.637	0.581
0	0	0
0	0.833	0
0	0	0
0	0	0
0	0	0
0.756	0.8	0.705
0.778	0.764	0.8
0	0	0
0.5	0.275	0.607
0	0	0
0	0	0
0.833	0.133	0
0	0	0
0	0	0
0	0	0
1	1	0
0	0	0.8
0	0	0
0.515	0.581	0.652
0	0	0
0	0.394	0.333
0	0	0
0	0	0
0	0	0
0.652	0.515	0.644
0.705	0.756	0.626
0	0	0.133
0	0	0
0.394	0	0
0	0	0
0.764	0.8	0.778
0	0	0
0	0.607	0.7
0	0	0
0	0	0
0.644	0.652	0.561
0	0	0
0	0	0
0	0	0
0	0	0
0	0	0
0	0	0
0.6	0	1
0	0	0
0	0	0
0	0.667	0.667
0.561	0.644	0.436
0	0	0
0	0	0.6
0.8	0	0
0	0	0
1	0.491	0.762
0	0	0
0.133	0	0.833
0	0	0
0.333	0	1
0	0	0
0.7	0	0.491
0	0	0
0	0	0
0	0	0.7
0	0	0
0	0.333	0
0	0	0
0	0	0
0	0	1
0	0	0
0	0	0
0	0	0
0	0	0.667
0	0.8	0
0	0	0
0	0	1
0	0	0.258
0	0	0
0	0	0
0.8	0	0.855
0	0	0
0.667	0	0
0	0.667	0
0	0	0.621
1	0	0.8
0	0	0
0.8	0.6	0
0.436	0	0.556
0	0.833	-1
0	0	0
0	0	0
1	0.583	0.6
0	0	0
1	0	0
0	0.327	0.348
0	0	0
0.7	0	0.667
0.516	0	0
0	0	0.667
0.528	0.322	1
0	0	0
0.762	0	1
0	0	0
0.335	0.43	0.507
0	0	0
0	0	0
0.6	1	0.667
0.607	0.437	0.6
0	0	0
0	0	0
0	0	0
0	0	0
0	0	0
0	0.516	0.6
0	0	0
0	0	0
0	0	0
0.621	0	0
0	0	0
0	0	0
0	0	0
0	0	0
0	0.368	1
0	0.7	0
0	0	0
1	0	0
0	0	0
0	0	0
0.7	0	0
0.348	0	0.714
0	0	0
0	0	0
0.322	0.393	0.528
0	-1	0
1	0.762	0.663
0	1	0
0	0	0
0	0	0
0	0	0
0	0	0
0	0	0.436
0	0	0.504
0.667	0.6	0.833
0	0	0
0	0	0.333
0	0	0
0.4	0	0
0	0	0
0.3	0.359	0.509
0	0	0
0	0	0
0.952	0.85	0
0	0	0
0	0	0
0	0.392	0
0	0	0
0	0.667	0
0.43	0	0.335
0.509	0.3	0.495
0.368	0.833	0
0	0	0
0	0	0
1	0.533	0.409
0	0.855	0
0	1	0
0	0	1
0	0	0
0.667	0	0
0	0	0
0	0.667	0.667
0.667	0.667	0.7
1	0	0
0	0	0
0.8	0	0.568
0	0	0
0.504	0	0.782
0	0	0
0	0	0
0	0	0
0	0	0
0	0.8	0
0	0	0
0.127	0.234	0.321
0	0	0
0.85	0	0.952
0	0	0
0	0	0
0	0	0
0	0	0
0	0	0
0.495	0.509	0.429
0	0	0
0	1	0
0.7	0	0
0	1	0
0	0	0
0	0	0
0	0	0
0.55	0.681	0
0	0.7	0
1	0	1
0	0	0.516
0	0	0
0	0.383	0
0	0.333	0
0	0	0
0	0	0
0	0	0
0.833	0.489	0
0	0	0
0	0	0
0	0	0
0.7	0.667	0
0	0	0.667
0.583	0.453	1
0	0	0
0	0	0
0	0	0.7
0	0	0
0.855	0.8	0
0	0	0
0	0	0
0.437	0	0.607
0.383	0.467	0
0	0	0.8
0	0	0
0.321	0.127	0.3
0	0	0
0.397	0	0.393
0	0.81	0.392
0.568	0.8	0.667
0	0	0
0.8	1	0
0	0	0
0	0	0
0	0	0
0	0	0
0.409	1	0.333
0.6	0.607	0.8
0	0	0
0.507	0.335	0
0	0	0
0	0	1
0	0	0
0.429	0.495	0
0.511	0	0.9
0	1	0
0	0	0
0.722	1	1
1	1	0
0	0	0
0	0.7	0.234
0.681	0	0.55
0	0	0
0	0	0
0	0	0
0.333	0.409	1
0.533	0	0
0.578	0.714	1
0.393	0.397	0.322
0	0	0
0	0	0
0	0	0
0	0	0.498
0.453	0.833	0.583
1	0.528	0.533
0.667	0.568	0.833
0.467	1	0.383
0	0	0
0	0.6	0
0	0.667	0
0	0.429	0.4
0.3	0.321	0
0	0	0
1	0.578	0.467
0.667	0	0.327
0	0	0
0	0	0
0	0	0
0	0	0.7
0	0	0
0	0	0
0	1	0.397
0.81	0	0
0	0	0
0	0.533	0
0.234	0	0.127
0	0	0
0	0	0
0	0	0
0	0	0.667
0.333	0	0
0	0	0
0.667	0	0
0	0	0.333
0.833	0.667	0.453
0.392	0	0
0	0	0
0.199	0	0
0.833	1	0.489
0	0	0
0	0	0.81
0	0	0
0	0	0
0	0	0
0	0.621	0
0	0	0.199
0	0	0
1	0.333	0.833
0.6	0	0
0	0	0
0.833	0.667	0.368
0	0	0
0	0.35	0
0	0	0
0	0	0
0	0	0
0	0	0
0.714	0.348	0.578
0	0	0
0	0.526	0
0	0	0
0	0	0
0	0	0
0	0	0
1	0	0
0	0	0
0.333	0	0
0	0	0
0	0	0
0	0	0.43
0.45	0.556	1
0.489	0.833	0.833
0	0	0
0	0	1
0.526	0	0
0	0.4	0.437
0	0	0
0	0	0
0	0.952	0.681
0	0	0
0.667	0	0.35
0	0	0
0	0	0
0	0.507	0
0	0	0
0	0	0
0	0	0
0.327	0.667	0
0	0.3	0
0	0	0
0	0	0
0	0	1
0	0	0
0	0	0
0.667	0	0
0	0	0.526
0.533	1	1
0.667	0.7	0.667
0	0	0.8
0	0	0
0	0	0
0	0	0
0	0	0
0	0	0.667
0	0	0
0	0.199	0
0	0	0
1	0.45	0.722
0	0	0.533
0	0	0
0	0	0
0	0	0.429
0	0	0.3
0	-1	0
0.733	0	0.253
1	0.6	0.7
0	0	0
0	0	0
0	0	0
0	0	0
0	0.444	0.733
0	0	0
0.228	0.7	1
0	0	0
0.6	0.5	1
0.467	0	0
0.3	0	0
0	0.3	0
0.622	0.639	0.582
1	0.228	0
0	0	0
0	0	0
0	0.833	0.444
0.462	0.564	0.418
0	0.533	0
0	0	0.333
0	0	0
0	0	0.833
0.472	0	0
0.6	0	0
0.267	0	0
0	0	0
0.639	0.722	0.622
0	0	0
0	0	0
0	0	0
0	0	0
0.7	1	0.228
0	0.472	0
0.722	0.667	0.639
0	0	0
0	0	0
0	0	0
0.253	0.733	0.571
0	0	0
0	0.267	0
0.333	0	0
0	0	0
0	0	0
0	0.333	0
1	0	0
0.667	0.714	0.722
0.533	0	0
0	0.2	0
0	0	0
0.408	0.418	0.4
0	0	0
0	0.571	0.5
0	0	0
0.714	0	0.667
0	0.667	0.333
0	0	0
0	0	0.2
0	0	0.267
0	1	0.6
0.418	0.462	0.408
0	0	0.533
0	0	0
0	1	0.472
0	0	0.714
0	0	0
0.2	0	0
0	0	0
0	0	0
0.571	0.253	0
0.444	0	0
0	0	0
0.5	0	0.6
0	0	0
0	0	0
0.833	0	0
0	0	0
0	0	0
0	0	0
0	0	0
0	0	0
0	0	0
0	0	0
0.582	0.622	0.564
0	0	1
0	0	0
0	0	0
0	0	0
0	0	0
0	0	0
0	0	0
0	0	0
0	0	0
0	0	0
0	0	0
0	0	0
0	0	0
0	0	0
0	0	0
0.2	0	0
0.714	0.2	0.333
0	0	0
0	0	0
0	0	0
0	0	0.333
0	0	0.4
0	0	0
0	0	0
0.333	0.714	0.378
0.392	0	1
0.824	0.822	0.602
0	0	0.2
0	0	0
0	0	0
0	0	0
0.667	0.667	0.714
0	0	0
0	0	0
0.333	0	0
0	0	0
0.333	0	0
0	0	0
0	0.667	0
0.286	0	0
0	0	0
0	0	0
0	0	0
0	-1	0
0	0	0
0.778	0.667	0.846
0.846	0.778	0.642
0	0	0
0	0	0
1	0.392	0
0	0	0.2
0	0	0
0.333	0	0.333
0	0	0.822
0	0.273	0
0	0	0
0.2	0	0.714
0	0.333	0
0	0.333	0
0	0	0
0	0	0
0	0	0
0	0	0
0	0	0
0	0.4	0.286
0	0	0
0	0	0
0	0	0
0.642	0.846	0.822
0	0	1
0	0	0
0	0	0
0.333	0	0
0.822	0	0.756
0	0	0
0	0	0
0	0	-1
0	0	0
0	0.3	0
0.252	0.689	0.619
0.667	0.536	0.667
0	0	0
0	0	0.667
0	0	0
0	0	0
0	0	0
0	0	0
0	0	0
0	0	0
0	0	0
0	0	0
0.273	0	0
0	1	0
0	0	0
0	0	0
0	0	0
0.533	0	0
0.833	0.756	0.833
0	0	0
0	0	0
0	0	0
0	0	0.167
0	0	0.154
0	0.667	0
0	0	0
0	0	0.333
0	0	0
0	0	0
0.667	0.714	0.667
0	0	0
0	0.333	0.273
0.464	0	0
0	0	0
1	0	0
0.333	0.447	0.455
0	0	0
0	0	0.533
0	0.2	0
0	0	0
0	0	0
0.667	0	0
0	0.154	0
0	0	0
0	0	0
1	1	0
0	0	0
0	0	0
0	0	0
0.602	0.824	0.522
0	0.4	0
0.356	0.378	0.291
0	0	0
0	0	0
0	0	0
0	0.533	0.3
0	0.333	0
0	1	0
1	1	0
0.833	0.833	1
0	0.286	0
0	1	0
0	0	0
0	0	0
1	0	1
0.714	0.667	0.667
1	0	0
0	0	0
0	0	0
0	0	0
0	0	0
0	0	0
0	0	0
0	0	0
0	0	0
0	0	0
0.522	0.602	1
0	0	0
0.864	0.542	0
0	0.333	0
0.378	0.333	0.356
0	0.167	0
0.3	0	0
0.4	0	0
0	0	0
0.455	0.333	0.667
0	0	0.333
0.154	0	0
0	0	1
0	0	0
0.291	0.356	0.536
0	0	0
0	0	0
0.893	1	0.567
0	0	0
0.667	0.667	0
0.333	0.333	0
0	1	0
0	0	0
0.756	0.822	0.833
0	0	0
0	0	1
0	0	0
0	0	0
1	0	1
0	0.864	0.626
0.167	0	0
0	0	0
0.4	0	0
0	0.464	0
0.333	0	0
0	0	0.4
0.536	0.291	0.667
0	0	0.333
1	0.522	0.893
0	0	0
0.833	0	0.667
0.667	0.538	0.342
0.7	0	0
1	0	0.7
0	0	0
0	-1	0
0.667	0.833	0
0	0	0.4
1	0	0
0	0.5	0.273
0	0.7	0
0.205	0	0.238
0.9	1	0
0	0	0.7
0	0	0
0	0.131	0
0	0.667	0
0.462	0.342	0.5
0	0	0.5
0	0	0.131
0	0.667	0
0.5	0	0
0	0.8	0
0	0.9	0
0	0	0.833
0.273	0	0
0	0	0
0	0.667	0
0	0	0
0.131	0	0
0.342	0.667	0.462
1	0	0
0	1	0
0.667	0.353	0
0.238	0.205	1
0	0	1
0	0	0
0	0.4	0
0	0	0
0.8	0.333	0
0	0	0
1	0	0.9
1	0	0
0	0	0
1	0.238	0.667
0.283	0	0
0.7	1	0
0.374	0.722	0.353
0.667	1	0
0.4	0	0
0	0	0
0	0	-1
0	0.273	0.205
0	0	1
0	1	1
0.722	0.667	0.374
0	0	1
0	0	0
0	0	0
0	0.283	0
0	1	0
0	0.7	0
0	0	1
0	0.333	0
0.378	0.491	0.155
1	0.639	0
0.385	0	0
0.238	0	0
0.429	0.333	0.306
0.714	0	0.7
0.643	0.667	0.467
1	0.714	0
0	0	0
0	0	0
0	0	0
0	0	0.208
0	0	0
0	0	0
0	0.4	0
0.667	0.536	0
0.333	0.327	0
0	0.381	0.5
0.536	0	0.667
0	0	0
0	0	0
0	0	0.3
0.5	0	0.857
0	0	0
0	0	0.238
0.455	0.36	0
0	0	0.6
0.333	0	0
0.381	0.233	0
0	0.6	0
0	-1	0
0	0	0
0.359	0	0
0	0	0
0.667	0.619	0.643
0	0	0.667
0	0.867	0
0.533	0	0
0.321	0	0.667
0	0	0
0.467	0.643	0
0	0	0
0.333	0.4	0.429
0.491	0	0.378
0	0	0
0.327	0.333	0.333
0	0.667	0
0	0.455	0
0	0	0
0	0	0
0	0.619	0
0	0.327	0
0	0	0
0	1	1
0	0	0
0.5	0	0.5
0.208	0	0
0	0	0
0	0	0
0	0	0
0.6	0	0
0	0.24	0
0	0.667	0
0	0.607	0
0	0	0
0	0	0.714
0	0.59	0
0	1	0
0	0	0
0.667	0	0
0.333	0.667	0
0	0	0
0.619	0	0
0	0.359	0
0.306	0.429	0.4
0	0	0.5
0	0	1
0	0	0.491
0	0	0.639
0	0.438	0.327
0	0	0
0	0	0
0	0	0
0	1	0.6
0	0	0
1	0	0
0	0	0
0.667	0	0
1	0	0.5
0.24	0.167	0
0.714	0	1
0	0	0.536
1	0	0
0	0	0
0.264	0	0
0	0.667	0.418
0	0	-1
0	0.333	0
0.5	0	0.655
0	0.3	1
0	0	0
0.438	0	0
0.622	0	0
0.167	0	0.24
0	0.655	0.622
0	0	0
0	0	0
0	0	0
0	0	0
0	0	0.233
0	0	0
0	0	0.438
0	0.333	0.167
0	0	0
0	0	0
0	0	0
0	0	0
0	0	0.359
1	0	0
0	0	0
0	0.333	1
0	0	0
0	0.264	0
0	0	0.714
0	0	0
0	0.3	0
0.342	0	0
0.333	1	0
0.267	0.4	0.4
0	1	0.59
0	0	0
0.655	0.5	0
0.5	0.5	0
0.583	0.333	0.639
0	0	0
0	0	0
0.333	1	0.327
0	0	0
0.3	0	0
0	0	0
0	0	0
0.4	0	0
1	0	0
0	0	0
0.857	0.5	0
0.418	0	0
0	0.622	0
0.333	0	0
0	0	1
0	0	0
0.4	0.306	0.267
0	0	0
0	0	0.4
0	0	0
0	0	0
0	0.333	0.5
0.867	0.667	0
0	0.418	0
0	0.342	0
0	0	0
0.59	0	0
0	0	0
0	1	0
0	0	0.321
0	0	0
0.327	0.155	0.5
0	0	0
0.5	1	0.607
0	0	0
0	0	0.667
0	0	0
0	0.385	0
0	0	0
0.619	0	0.667
0	0	0
0	0	0.333
0	0.6	0
0.4	0	0.333
0	0.533	0
0	0	0
0	0.467	0
0	0.857	0.264
0	1	0
0	0	0.333
0.327	0	0
0	0.208	1
0.667	0.321	1
0	0	1
0	0.238	0
0	0.333	0
0.5	0	0.333
0	0	0
1	0	0
0	1	0
0	0	0.619
0	0	0.385
0	0	0
0	0	0
0	0	0.333
0	0	0.619
0	0	1
0.639	0	1
0	0	0.533
0	0	0
0.333	0	0
0	0	0
0	0	0
0	0.5	0.4
0	0	0.342
0	0	0.5
0	1	0
1	0	0
1	0	0.333
1	0.667	0.333
0.6	0	0
0	0	0.237
0	0	0
0	0	0
0	0	0.167
0	0	0.639
0.682	0	0.667
0	0	0
0	0	0
0	0	0
0	0	0
0.8	0.357	0.848
0.857	1	0.872
0	0	0
0	0	0
1	0.442	0
0.167	0	0.333
0	0	0
0.667	0.682	0.821
1	0.667	0
0	0	0
0	0	0
0	0	0
0.607	0.524	0
0	0.667	0
0	0	0
0.5	1	0
0	0	0
0	0	0
0.833	1	0.6
0	0.857	0
0	0	0
0	0	0
0	0	0
0	0	0
0.516	0	0.75
0	1	0
0	0	0
0	0	0
0	0	0
0.639	0	0.833
0	0	0
0	0	0
0.468	0	0.357
0.437	0.721	0.742
0	0	0
0	0	0
0	0	0
0	0	0
0	0	0
0.44	0.4	0
0	1	0.682
0	0	0
0.548	0.641	1
0	0	0
0	0	0
0	0	0
0	0	0
0.933	0.857	0
0	0	0
0	0	0
0.524	1	0.607
0	0.333	0
0	0	0
0	0	0
0	0	0
0	0	0
0.721	0.756	0.437
0	0	0
0	0	0
0	0	0
0	0	0
1	0	0
0	0	0
0.6	0.833	0
0	0	0
0	0	0
0	0	0
0	0	0
0	0	0
1	0.548	0.524
0	0.168	0.442
0	0	1
0	0	0
0	0	0
0	0	0
0	0	0
0.667	0.378	1
0	0.833	0
0	0	0
0.4	0	0.44
0	0	0
0	0	0
0	0	0
0	0	0
0	0	0
0	0	0
0	0.5	0
0	0	0
0.409	0	0.9
0	0	0
0.333	0	0
0	0	0
1	0	1
0	-1	0
0	0	0
0	0	0
0	0	0
0.9	0.409	0.634
0	0	0
0	0	0
0	0.7	0
0	0	0
0	0	0
0	0.5	0
0	0.6	0.4
0.641	0.727	0.548
0	0	0
0	0	-1
0	0	0
0	1	0
0	0	0.5
0	0	0
0	0	0
0.682	0.582	0.667
0.667	0.905	0
0	1	0
0.778	0.711	0.582
0	0	0
0.442	0	1
0.857	0.556	0.545
0	0	0
0	0	0
0	0	0
0.634	0.9	0.378
0	0	0
0.333	0	0.857
0	0	0
0	0	0
0	0	0
0	0	0
0	0	0
0	0	0
0.667	0.682	0
0	0	0
0	0	0
0	0	0
0	0.714	0.468
0	0	0
0.449	0.833	0
0.359	0	0.464
0.7	0	0
0.727	0.403	0.641
0	0	0
0	0	0
0	0	0
0.857	0.848	0.933
0.667	0	0
0	0	0
0	0	0
0	0	0
0	0	0
0	0	0
0	0	0
0.905	0	0.667
0	0	0.905
0	0	0
1	0.667	0.857
0	0.607	0.833
0	0	0
0	0	0
0.403	0	0.727
0	0	0
0	0.933	0.409
0	0	0
0	0	0
0	0	0
0	0	0
0.821	0.667	0.711
0.545	0.857	0.636
0.582	0.778	0.682
0	0	0.7
0	0	0
0.857	0.333	0
0	0	0
0	0	0
0	0.5	0.4
0	0.449	0
0	0	0
0	0	0
0	0	0
0	0	0
0	0	0
0.458	0.163	1
0	0	0
0	0.667	0.714
0	0	0
0	0	0
0.6	0	1
0	0	0
0	0	0.6
0	0	0
0.745	0.833	0.7
0.357	0.468	0.8
0	0	0
0	0	0
1	1	0.833
0	0	0
0	0	0
0	0	0
0.714	0	0
0	0	0
0	0	0
0	0	0
0.711	0.821	0.778
0	0	0
0.464	0.359	1
0.163	0.872	0.458
0.833	0	0
0	0.333	0.359
0.6	0	0
0.374	0.243	0
0	0.44	0
0	0	0
0.833	0.639	0.449
0	0	0
0.378	0.634	0.667
0	0	0
0	0	0
0	0.667	0
0	0	0.333
0	0.374	0
0	0	0
0	0	0
0	0	0
0	0	0
0	0	0
0	0	0
0.848	0.8	0.857
0	0	0.6
0.333	0.167	0
0	0	0
0	0	0
0	0.4	0
1	0.464	0.733
0	0	0
0	0.237	0
0.872	0.857	0.163
0	0.6	1
0.576	0.667	0.714
1	0	0.5
1	0.6	0
0	0	0
0	0	0
0.372	0.342	0.679
0.667	0	0
0.515	0.312	0.458
0	0	0
0	0	0
0.312	0.6	0.515
0	0	0
0	0	0
0	0	-1
0	0.679	0
0	0	0
0	0	0
0	0	0
0	0	0
0	0	0
0	0	0
1	0.333	0.325
0.333	0	1
0	0	0
0	0	0
0	0	0
0.267	0	0
0	0	0
0	0	0
0	0	0
0	0	0
0.487	0.458	0.516
0	0	0
0	0	0
1	0	0.342
0	0	0
0	0.667	0
0	0	1
0	0	0
0.321	0.667	0
0	0	0
0.458	0.515	0.487
0	0	0
0	0	0
0	0	0
0	0	0
0.164	0	0
1	0	0
0	0.667	0
0	0	0
0	0	0
0.786	0.75	0.75
0.679	0.372	0.667
0	0	0
0	0	0
0.516	0.487	0.722
0	0	0
0	0	0
0	0	0
0	0	0
0	0	1
0	0	1
0.75	0.786	0.778
0	0	0.267
0	0	0.667
0	0	0
0	0	0
0	0	0.333
0.722	0.516	0.722
0.778	0.75	0
0	0	0
0	0	0
0	0.333	0.164
0	0	0
0.667	0	0.679
1	0	0
0	0	0
0	0	0
0	0	0
0.722	0.722	0.75
0.75	0.722	0.786
0	0	0
0	0.321	0.341
0	0.778	0
0	-1	0
0	0	0
0	0	0.467
0.833	0	0
0	0	0
0	0	0
0	0	0
0	0.333	0.5
0	0	0
0	0.472	1
0	0	0
0	0	0.289
0	0	0
0	0	0
0	0	0
0	0	0
0	0	0
0	0.333	0
0	0	0
0	0.5	0
0	0	0
0	0.429	0.6
0	0	0
0	0	0
0	0	0
1	0.289	0.185
0	0	0.833
0	0	0
0.238	0	0
0	0	0
0	1	0.422
0.267	0	0
0	0	0
0.2	0.267	0.256
0	0.358	0.694
0	0	0
0	0.429	0
0	0	0
0	0	0
1	0	0
0	0	0
0.256	0.2	0
0	0	0
0	0.256	0.238
0	0.467	0.3
0.333	0	0
0	0	1
0	0	0
0.289	0	0
0	0	0
0	1	0
0.3	0	1
0	0.238	0.5
0	0	0
0.429	0	0
1	0	0
0.333	1	0
0	0	0
0.267	0.286	0.2
0	0	0.333
0	0	0
0	0.267	0
0	0	0
0	0	0
0	0	0
0	0	0
0	0	0
0.472	0.5	0
0.422	0	0
0	0	0.429
0	0	0
0	0	0
0	0	-1
0.5	0	0.2
0	-1	0
0	0.429	1
0	0.833	0
0.5	1	0
1	0	0
0	0	0
0	0	0
0	0	0
0.2	0.5	0.286
1	0	0.333
0	0	0
0	0.422	0.5
0.5	0	0.472
0.286	0.2	0.267
1	0.3	0.5
0	0.451	0
