1.04
0
6.428
23.18
8.944
0.968
15.955
0
1.775
0
4.892
0
0
1.821
0
0
23.028
1.82
0
0
4.476
0
0
0
0
0
0
0.914
0
0
0.894
0
0
0
5.531
0.954
3.589
0
1.757
0.869
0
0
0
0
0
2.766
0
17.302
0
3.83
19.11
8.606
0
0
0.857
3.934
0
32.35
0
0
0
0
7.615
0
0
20.62
0
0
1.015
0
0
0
11.545
0.947
0
0
0.894
0
16.237
0
0
0
1.018
18.363
0
0
1.785
0
0
0
0
0
0
0
0
0
0
0
0
0
0
2.734
1.771
1.746
0
0
0
31.706
1.766
0
0
2.605
1.765
0
0
0
0
0
0
1.794
0
0
0.92
3.805
0
1.251
0.869
1.876
0
0
0
0
0
0
0.918
0
5.685
0
9.084
9.313
0
1.038
0
0
0
6.48
0
0
0
0
6.799
0
0
0
0
3.09
0
0
0
6.487
0
4.471
0.909
0
0
13.648
11.274
44.307
0
0
0
0.878
0.987
0
0
0
2.674
0
25.225
1.018
1.803
0
0
6.4
0
0
0
0
0
0
0
3.543
0
0
0
0
0
3.055
0
0.909
6.098
0
0
0
0
0
0.857
7.715
10.397
1.823
0
29.227
0
0
0
1.018
0.864
0
12.028
7.767
0
0
0
1.74
0.856
0
0.993
2.466
7.81
0
1.759
0
0
0
5.51
0
1.944
14.595
0
34.689
23.207
1.74
0
1.073
0.962
0
0
0
0
0
0.95
0
0
0
0
0.92
0
0.922
0
20.15
16.324
0.949
0
0
0
0
0
0
0.904
0
0
0
0
0
0
0
19.911
0
1.994
0
7.628
0
0
0
7.658
0.907
0.905
0
3.067
0
0
3.915
0
8.827
6.541
0
0
0
0
0
0
0
0
0
0
0.974
13.923
0
0
7.232
7.842
0.907
20.377
0
16.265
0
0
0
0
0
30.817
12.648
0
0
0
0
14.023
0
18.31
0.937
0
0
0
0
0
0
3.407
0.962
0
0
0
0
0
0.912
0
0
23.396
7.161
0
1.823
0
22.566
0.923
0
0
0
17.282
8.971
9.635
2.82
14.419
11.523
3.076
0
17.812
1.893
0
5.756
0.966
0
0
0
1.563
0.951
0
0
0
6.455
0
0
0
21.149
0.71
0
2.227
0.717
6.997
5.334
0
0.782
2.55
0
0
0
0
0
0
0
0
0.962
2.359
0
0
0
0
12.475
0
0
0
1.431
0.726
4.095
0
7.904
0
0
0.713
2.373
0.738
4.05
1.052
20.45
0
1.806
0
0
0
1.035
0
0
0
1.669
4.162
0.998
0
0.892
2.681
0
0
0.859
1.806
0
0
0
0
0
0
0
10.123
1.002
0
0.735
0
0
0
5.184
3.688
5.255
0.73
7.555
0
0.972
0
0
4.694
0
3.475
4.294
10.372
0.713
0
0
0
0
1.188
0
0
0
1.834
0
4.288
0
1.465
0.972
0
2.724
0
0.784
0
0
4.447
1.542
0.841
3.195
0
1.654
0
0
5.976
0
8.924
8.46
0.712
0.919
0
0
3.159
0
0
5.488
0
2.81
9.973
0.722
0.735
0
1.325
0
1.68
1.734
0.761
7.128
4.297
0
0
0
0
2.609
0
0
0
0
0
1.034
0
2.382
0
0
1.002
0
0
0
0
0
3.385
0
9.898
0
3.766
6.469
0
24.988
0
3.007
0
0
20.148
0
0
4.841
5.91
1.906
1.999
0.917
0
6.789
0
0
0
0
0
39.782
0
0
0
0
5.533
31.783
0
17.739
2.761
1.096
0
0
16.652
0
0
0
0.891
0
0
0
0
0
1.834
0
8.402
0
5.026
0
0
0
0
0
0
0
6.796
1.083
10.728
0
0
12.573
5.034
0
0
0
0
20.843
0
0
29.011
17.714
0
53.882
9.49
0
0
0
0
30.427
0
13.426
0
0
2.698
0
0
0
0
0
0
0
0
1.084
0
0
2.868
0
0
8.565
0
14.835
0
5.731
0
0
0
11.405
0
10.823
17.223
6.719
2.003
0
0
3.977
4.93
0
11.843
14.694
5.271
6.516
0
6.605
0
0
0
0
6.08
0
0
2.716
0
1.016
7.087
0
15.011
2.073
7.301
0
8.6
0
17.825
4.777
3.078
0
3.686
0
9.717
3.755
0
0
17.051
0
0
0
0
9.581
0
1.001
0
1.996
0
2.024
0
19.436
0
0
0
0
6.263
1.04
0
0
0
0
0
0
0
7.045
0
0
4.572
5.771
3.537
0
0.913
0
0
0
6.133
0.922
0
0
0
0
11.176
2.616
8.08
2.759
0
0
0
5.271
12.476
0
0
0
0
0
0
0
3.916
0
0
7.229
14.076
0
3.382
11.094
8.102
0
17.76
0
1.727
5.45
0
0
0.864
6.08
3.413
0
9.295
1.813
0
0
0
4.161
16.527
6.955
4.539
4.385
2.793
8.094
6.522
2.607
2.933
0
10.438
0
0
0
0.835
0
11.039
0
0.858
5.703
0
0
0
5.83
2.717
0
10.977
6.842
19.258
0.844
13.909
18.33
0
0
14.508
0
0
7.897
3.151
0
0
0
0
2.934
0
0
4.412
0
0
9.984
0
0
2.725
0
6.304
0
0
0
13.397
0
0
0
0
2.777
0
0.835
0
16.811
9.854
1.709
0
0
0
1.703
0.858
1.77
0
0
0
17.389
7.972
0
7.34
0
0
13.035
3.686
0
2.953
2.004
0
0
23.023
0
0
14.546
7.79
0
0
33.782
6.631
0
0
0
0
2.977
0
1.928
1.899
0
0
0
0
0
0
0.955
0
13.53
0
3.735
0
0
0
0
1.923
1.919
0
0
0
0
0
3.73
3.908
0
4.533
0
0
29.006
6.804
7.98
2.861
0
29.847
32.838
20.485
0
28.831
16.554
0
0
1.87
0
0
0
0
38.479
26.192
0
15.762
0
0.959
10.167
0
0
34.064
9.584
29.934
0
0
0
0
0
0
0
0
0
9.115
8.968
14.329
0.915
0
0
13.527
0
11.453
10.366
0
0
5.659
1.933
3.855
0
2.983
1.017
0
6.855
0
0
0
34.049
0
3.871
2.814
2.817
0
0
0
0
0
0
10.807
0
0
0
12.267
0
1.026
0
21.575
11.608
4.652
0
8.57
0
0.981
0
0
1.878
1.848
0
0
0
0
0
3.863
6.775
5.912
0
0.911
1.831
0
0
0
5.016
1.885
0
0
0
5.896
0
0.914
1.818
11.72
0
21.32
0.908
15.721
0
0.962
14.362
7.048
0
0
0
39.217
0
0
0
0
0
0
3.777
0
0
0
0
8.783
0
0
3.835
0
0
0
0
0
0
5.608
0
0
0
1.061
0
27.902
25.429
0
6.559
0.936
0
0
0.947
0
0
20.821
0
0
22.168
0.952
0
17.676
0
18.825
0
0.927
0
0.918
22.789
0
0
0
0
0
0
0.955
0
0.948
2.744
0.955
0.902
0.999
0
0.901
0
0
9.755
0
0
0
0
0
0
51.982
0
0
7.099
0.863
0
28.808
0
0
0
0
0
0
0
0.863
0.864
0
2.834
10.276
0
0
2.625
9.781
0
2.992
2.173
0
35.601
0
0
0
5.855
0
20.616
0
1.779
0
0
0
0.984
0
0
0
0
0
3.775
0
0
0
6.06
0
0.902
0
0
3.008
8.576
0
0
0
0
8.144
0
0
0.891
0
0
0
0
0.953
0
0
15.592
0
8.452
4.907
0
1.082
17.253
0
0
0
5.649
0
0
7.372
12.126
0
1.022
7.739
0
0.907
0
17.552
0
0
0
0
1
0.896
1.9
0
0
1.896
0
0
0
0
0
0
6.171
0
0.959
0
0
0
2.003
0
2
0
0
2.668
0
1.959
20.65
0
1.805
8.966
0.857
11.242
3.643
0
0
0.894
0
0
0
0
0
0
33.777
0
0
0
16.969
8.815
0
0
0
11.635
0
0
0
94.992
0
20.39
18.216
19.721
0
0
1.005
0
0
1.883
0
7.679
0
1.039
0
0
0.893
0
8.052
0
0.981
10.681
0
1.847
0
0
3.742
0
0
4.023
10.281
0.894
0
0.891
0.889
0.872
2.657
0
15.629
0
0
0
0
0.886
0
13.726
0
0
14.029
0
0
1.994
0
0
0
0
11.011
0
0
8.863
2.933
0
0
0
0
4.106
0
16.759
15.966
27.956
0
15.756
0
0
0
2.239
0
0.927
0
0
0
0
0
0
0
0
14.089
0
0
13.946
11.279
0
0
14.467
0
11.67
22.215
0
0
0
0
0
0
43.336
10.466
0
0
0
0
0.899
0
0
0
3.718
0
0
34.364
7.012
10.203
0
0
0
0
0
0.922
31.057
9.744
0
2.786
0
0
14.584
0
0
1.866
0.931
8.752
0
0
0
0
3.788
0.965
0
0
1.904
8.534
10.382
0
4.924
6.694
0
0
0
11.681
15.621
0
1.824
10.308
0
1.964
0
4.047
9.443
12.953
0
5.49
0
0
0.93
0
0
2.784
0
0.912
0
0
0
16.395
0
0.9
0
0
0
0
2.969
0
0
0.912
13.134
0
0
0
0.907
0
0
0
0
0
0
12.66
21.415
0
0
0
0
0
0.965
0
12.427
24.268
0.936
0
0
13.059
1.085
0
0
21.2
1.921
0.902
0
0
0
0
2.762
0
0
0
0
0
0
9.727
0
0
0
0
0
0
0
0
29.357
0
0
8.615
0
24.834
0
0
0
0.959
0
16.536
0
0
0
0
23.587
3.216
8.802
0
9.901
0
0
0
0
6.848
13.632
0.907
0
0
0
13.226
16.488
0
0
3.725
0
14.207
0
1.847
0.915
0
4.546
0
0
0
0
0.985
0
3.748
9.483
0
0
0
0.944
0
5.037
0
3.7
0
4.564
0.874
12.164
0
0
5.17
5.564
0
2.686
0
0
0
0
0.866
0
0
0
5.753
0
0
0.907
0
7.122
0
0
4.696
0
0
0
0.931
0
0
0
0
0.892
0
0
0
0
0
5.333
0
0
4.89
0
0
0
0
0
0
0
0
1.034
0
0.859
0
0
0
0
14.745
0.968
0
0
0
0
4.772
0
0
0
1.954
3.046
20.878
0
0
26.827
0
0
0
0
0
0
0
5.359
3.639
0
0
0
0
0
1.734
0.987
0
0
0
7.125
0.85
0
31.604
0
11.165
0
0
0
21.674
5.026
0
29.282
0
0
0
1.059
0
2.828
7.634
0
0
0
0
3.783
4.656
0
1.898
0
0
0
0
24.597
0
0
0
12.643
11.709
0
0
0
0
0
3.843
26.639
0
11.008
0
0
0
6.249
0
0
1.039
0
26.456
0
0
0
3.515
12.709
0
0
0
0
0
0
0
1.185
0
0
0
7.648
17.691
0
25.567
29.837
0
0
0
0
6.021
0
0
7.351
25.933
0
0
10.055
0
0.874
0
0
0
2.658
0
0
0
15.925
6.228
0.872
0
0
0
0
0.933
7.269
3.155
0
0
0
0
0
1.374
0
0
0
16.168
0.967
17.143
0
16.862
0
9.279
2.808
0
0
0
0.959
0
7.944
2.317
15.368
0
0
0
2.827
0
0
1.938
0
0
7.634
0
11.915
0
0
9.147
0.857
0
5.805
0
0
0
3.98
0
5.495
0
3.893
1.157
13.216
4.567
9.072
0
0
3.749
6.995
0
6.086
0
0
0
0
0
11.103
0.893
7.295
3.844
4.738
0
0
9.929
0
0
0
13.527
0
0
0
0
0
0
0
0
5.223
0
4.589
1.846
0
22.374
0
0
0
0
0
0
3.525
0
0
0
0
5.472
0
13.907
0
0
0
0
17.251
7.015
0
0
15.455
0
6.612
50.353
0
0
47.723
0
0
0
0
0
0
0
0
0
0
0
0
0
0
4.875
0
0
0
2.715
0
0
0
0
22.972
0
0
0
2.681
0
0
0
0
0
0
0
0
3.542
0
0
0
0
1.9
0.853
9.578
0
0
0
0
1.907
0
0
0
0
0
0
10.706
3.709
0.891
5.524
0
6.661
1.859
4.824
0
0
0
2.73
0
0
1.04
0
0
0
0
0
0
13.605
0
0
0
0
11.726
0
0
0
0
2.786
7.776
0.874
14.898
0
0.886
0
0
0
15.867
0
7.005
9.182
0
0.952
0
0
0
1.696
1.863
7.3
0
0
8.295
11.358
5.591
0.928
8.424
29.07
4.139
5.59
0
0
3.667
1.902
0
0
0
0
0
0
0
0
0
14.434
0
0
0
0
0
0
0
0
0
0
0
13.552
0
0
0
0.893
0
0
0
5.059
0
11.336
0
0
0
0
0
0
0.893
0
7.226
0
4.741
0
2.699
0
0
0.971
0
9.982
0
4.542
0.886
0
0
0
5.635
8.411
0
4.577
0
6.182
17.153
0
2.656
0
1.692
0.87
7.067
0
0
0
8.706
5.854
0
9.345
0
7.425
16.658
0
3.694
0
0
0
0
14.312
0
0
2.941
0
13.858
4.076
0
1.665
2.865
10.145
0
14.037
0
0
3.453
0
0.843
5.504
0.842
0
0
2.779
0
16.409
2.773
2.044
5.242
11.128
0
0
0
0
0
0
18.952
4.361
4.405
1.636
0
16.31
1.759
0
0
18.026
0
6.461
0.836
0
0
8.345
3.553
2.616
7.674
0
0
11.801
0.89
0
3.149
12.206
3.48
0
4.09
0
0
0
0
0.883
0
0
0
0
0
3.643
0
0
0
0
1.796
2.68
0
3.562
1.923
0
0
0
0.938
0.877
5.184
0
2.979
0
0.924
0
0
3.764
0
0
0
0
0
0
0
0
0
0
5.249
0
9.158
0
0
0
0
0
3.814
14.672
0
0
0
0
0
0
0
0
0
0
0
21.299
0
0
0
0
12.447
0
0
0
0
25.395
32.436
23.721
0
0
9.612
9.544
0
2.957
6.908
0
0
0.973
6.359
0
56.75
10.823
0
0
0
0
0.878
0
0
0.871
0
0
0
0
0
0
0
0
0
0
0
28.905
0
0
14.262
0
0
0
0
22.803
0
0
0
0
0
1.252
0
0
41.872
0
0
0
0
0
0
0
5.555
0
10.65
0
0
0
0
0
1.044
0
0
15.949
0
66.903
13.581
0
9.04
0
0
1.128
0.884
0
0
0
0
0
0
0
12.646
15.8
0
0
0
0
1.859
0
0
2.901
1.119
0
0
0
0
0
0.927
0
10.497
7.467
2.236
0.872
0
16.857
0
0
1.737
0
0
0
0
6.3
28.009
0
2.775
0
0
0
0
0
11.725
0
2.833
15.204
0
12.951
0
0
3.798
0
0
0
0
0
0
0.903
0
0
0
18.835
0
3.523
0
0
0
0
2.65
0
2.67
0
9.679
0
0
0
0
3.17
3.746
1.806
0
0
0
0
0
5.34
0
0
0
0.878
0
0.87
0
0
3.764
0
0
0
0
0
0
0
18.515
24.759
0
1.775
3.645
3.639
0
2.405
13.537
2.977
0
17.178
0
0
0
3.776
0
0
16.437
0
0
21.868
24.558
0.893
0
0
0.935
0
4.5
0
1.248
0
0
0
27.474
0
0
0
0
20.605
0
23.478
0
0
0
0
0
0
0
0
0
0
0.957
0
79.294
0.915
0
0
0
0.889
0
0
0.877
0
0
0
0
76.843
0
0
0
0
0
0
0
0
0
1.83
9.485
0
0
11.587
4.06
0
0
0
0
0.915
0
0
0
0
0
0
0
0
0
0
4.627
0.878
0
17.847
19.134
0
0
1.909
0
0
1.008
0
0
0
0
0
0
0
0
0
1.834
0
0
0
0.874
0
1.821
0
1.858
0
11.45
0
0
0
9.38
4.594
7.239
0
0
0
0
2.992
1.008
22.987
1.822
0
0
0.903
0
10.379
5.405
0
0
0
0
1.839
0
3.766
0
0
0
0
0.905
0
0
0
0
0
0
0
0.91
0
0
0
23.488
51.297
0
4.185
12.406
8.519
0
0
11.911
2.72
0
0
7.484
6.471
0
0
1.788
2.498
0
0
0
0.888
0.908
1.791
20.778
1.999
0
0
0.872
0
0
3.121
0
0
15.754
8.573
0
0
0
0
0.975
0
0
0
0
0
38.872
13.914
0
0
49.508
0.941
0
0
0
0
0
0
0
0
0
0
3.374
0
0
1.76
2.819
0
16.056
0
0
2.904
0
0
0
0.983
0.988
0
0
0
0
0
0
2.779
0
0
0
5.366
0
1.797
0
1.806
0
0
0
0
0
0
0
0
0
2.669
2.626
15.906
0
0
8.094
0
0
0
0
0
0
0
0
0
1.796
0
0
0
0
0
33.112
0
1.833
0
18.762
8.201
0.956
0
0
0
0.901
0
0.903
0
0
0
1.771
0
0
0
3.588
0
0
5.671
6.641
0
0
0
0
0.885
2.669
0
0
5.567
0
19.068
0
0
0
0
2.929
0
0
2.916
0
0.871
0
0
2.639
1.889
0
0
0
0
0
0
0
6.893
0
0
2.757
0
0
3.953
2.085
0
1.05
0
0
0
0
0
0
0.916
2.904
0
0
0
0
0.98
0
0
0
2.686
12.541
2.692
0
0
1.797
0.959
0
4.768
0
27.318
3.634
1.986
13.2
0
1.063
11.87
8.179
18.51
0
16.785
0
0
0.837
8.766
0
0
20.841
6.145
8.41
0.989
0.958
0.857
1.113
8.756
7.446
0
1.055
2.852
0
0
10.468
0
0
3.214
0.851
0
0
0
7.448
4.761
0
0.926
7.876
2.543
1.829
2.36
10.825
1.899
0.973
2.614
0
8.131
6.99
0
0.867
0
1.003
0
10.429
22.114
7.688
0
0
23.372
7.28
13.699
1.717
3.5
0
0.842
0
0
7.563
1.899
0
19.491
5.677
0.892
0
0
1.791
0.958
17.678
0
0
5.529
10.808
0
2.047
2.009
0
8.546
3.189
0
5.569
4.305
7.903
0.969
4.813
0
9.322
0
1.09
7.882
0
0
0.868
0.866
0
0
0
9.317
0
2.365
0
0
2.026
1.031
3.866
5.41
8.414
2.847
2.124
7.286
14.699
6.317
0
0
2.747
13.845
0.865
0
0
0
0
4.024
6.773
2.172
2.869
0
0.987
1.991
6.611
0
0
9.991
0.883
1.199
16.53
0.947
13.381
11.56
2.96
3.456
2.077
3.74
0.867
0
0.925
3.954
3.789
0
5.423
3.57
0.942
0
0
21.174
0
19.206
0
0
0
0
0
0
0
0
3.49
0
0
0
16.012
0
0.953
44.952
0
0
0
0
48.335
0
0
0
0
0
0
0
0
0
0
0
0
0
0
0
0
0
16.399
0
0
0
1.069
0
26.616
0
33.829
0
0
0
0
20.637
11.614
0
0
0
0
0
0
0
0
0
0
0
0
0
24.929
0
0
0
23.039
0
0.925
0
0
0
38.76
0
0
0
0
0
0
14.678
0
0
0
0
0
0
0
38.572
0
17.269
0
0
0
0
14.666
0
0
0
0
0
0
0
0
1.025
51.933
0
0
0
26.685
0
0
0
0
0
0
0
0
0
0
0
0
0
0
0
0
1.147
0
0
0
4.013
0
0
0
0
16.735
23.583
0
0
0
0
27.55
0
0
0
0
0
0
0
0
0
7.827
0
5.281
8.814
0
0
0
30.771
0
0
0
0
0
17.778
5.851
0
0
0
0
12.722
0
3.365
0
0
0
30.873
0
0
0
0
0
3.833
0
37.225
0
0
0
0
0
0
0
27.301
0
0
0
9.006
0
0
0
0
21.431
0
0
12.746
0
0
0
0
0
0
41.3
0
0
0
0
0
0
0
18.353
18.487
0
1.005
0
0.94
17.214
0
0
0
0
0
0
16.733
0
0
0
2.172
0
0
0
0
0
2.031
3.523
0
0
0
0
15.638
38.588
0
0.938
0
3.973
0
0
0
0
0
0
0
0
0
0
0
2.952
0
7.14
0
20.579
0
0
0
0
1.147
0
27.634
0
0
0
0
0
0
0
0
0
0
0
0
1.088
0
0
0
1.088
2.11
0
0
18.353
0
0
0
0
0
0
0
0
0
0
29.714
0
0
0
0
0
0
0
0
0
0
0
0
0
2.385
0
0
22.298
0
38.157
0
0
0
0.958
48.008
0
34.881
0
0
9.7
0
0
18.46
0
0
2.197
0
0
0
0
0
0
0
0
22.711
0
0
0
21.577
2.998
25.886
0
0
2.238
0
0
0
26.433
0
0
0
8.92
0
14.281
0
0
0
0
46.652
0
0.962
0
0.922
0
0
0
18.842
1.069
0
29.413
0
51.727
0
0
0
6.431
0
0
0
0
0
0
2.018
0
0
0
9.084
0
3.136
0
0.958
0
3.861
30.317
0
0
0
0
0
0
0
0
0
0
10.187
0
0.922
0
0
0
55.501
4.929
0
0
13.567
1.832
5.707
0
2.746
5.297
0
6.273
0
9.915
0
17.864
0
0
0
0
0
0
0
0
10.664
0
0
0
0
10.17
0
14.967
0
6.002
0
0
0
8.441
10.094
0
13.811
0
9.305
0.927
0.938
13.364
0
0
0
3.719
0
14.406
6.498
6.397
0.735
0
2.172
0
0
2.581
0
0.921
0
0
0
11.247
8.607
3.208
0
8.516
8.001
0.639
0
0
0
2.122
0
0
7.718
1.344
0
13.385
0
10.211
2.532
3.21
5.779
7.778
1.154
4.291
0
2.211
0
0
0
3.332
2.18
0
8.871
0
0
0
3.054
0
0
2.787
0
0
7.853
0.887
0
0
0
0
0
0
0
0
0.864
0
0
0
0
0.912
13.578
0
0
0
12.868
0
0
17.377
10.591
0
15.832
19.257
0
0
0
17.997
0
0
0
0
0
23.075
0
1.749
1.769
3.96
0
0
16.11
0
0
0
24.14
0
0
0
8.562
3.548
0
0
0
0
0
0
0
0
0
0
0
0
0
9.792
0
0
0
0
23.347
0
0
0
0
1.832
11.964
22.029
0
0
0
0.863
0
35.265
0
0.865
0
0
0
8.613
1.748
0
5.184
5.661
0
0
0
0
0
4.051
0
0
0
1.824
0
0
0
0
0
0.871
0
0
0
28.074
0
3.674
0
0
0
0
0
0
0
0
0
13.598
0
0
38.61
0
12.517
2.657
0
2.184
0
41.428
0
20.713
0
0.866
0.88
6.269
1.744
0
0.881
0
0
0
0
0
0
0
2.654
0
0
0
0
0
0
0
0
0
19.3
0
4.846
0
18.402
0
0
0
0
20.101
0
0
0
0
0.907
0
0
0
0
0
0
0
0
0
12.193
0
0
0
0
0
0
0.903
0
0
0
0
21.845
3.79
6.499
0
0
0
2.626
0
6.544
0
0.905
0
0
0
0
2.835
0
0
0
0
0
0
6.078
3.576
0
0
0
5.847
15.779
0
0
0
0
0
0
0
0
0
0
0
4.854
1.911
0
0
0
0
0
0
0
0
0
0
0
0
3.103
1.757
0.892
0
0
0
0
3.006
0
1.837
0
0
0
0
8.528
0
0
12.57
0.903
0
0
0
4.866
0
0
0
0
0
0
19.053
0
0
0
0
0
0
5.754
12.492
0
0
0
0
0
0
0
0
0
1.82
2.182
0.93
4.217
0
35.591
0
24.211
0
0
0
3.674
0
0
0
10.336
0
4.611
0
0
0
13.676
0
0.884
0
0
0
13.088
0
3.053
0
0
0
0
0
1.751
2.178
0.887
0
0
0
11.191
0
1.832
58.227
0
0
1.876
0
0
0
0
0
1.909
4.91
3.635
0
1.804
0
0
0
0
1.808
0
0
0
0
7.378
0
0
0
0
0
0
28.32
0
0
0
50.818
0
0
0
0
0
0
0
0
0
6.609
0
0
3.957
0
0
0
0
21.012
0
0
5.975
0
0
1.782
0.877
0
0
0
0
5.881
3.231
0
29.634
0
17.48
25.252
0
0
0
6.232
0
0.998
0
1.154
1.915
1.873
0
7.513
1.879
0.888
12.195
0
0.982
3.799
0
0
0
7.46
1.84
0
0
12.749
11.596
0
9.827
0
0.956
0
8.432
0
0
0.891
0
8.263
0
0
4.105
0.883
20.18
0
0
0
7.65
0
0
0
0
0
0
1.863
0
2.766
0
9.692
0
0
0
8.748
0
0
0
8.941
8.419
0.889
5.722
15.863
9.339
3.992
4.549
0
0
0
0
5.379
0
0
5.604
5.047
0
0
0.882
2.805
0
0
12.579
25.313
0
0
10.84
0.916
0
0
4.233
0
0
0
1.9
24.747
0
0
22.818
0
0.982
0
6.188
0
0
0
0
0
0
1.904
0
0
0
0
0
4.664
0
0
0
10.735
6.21
0
0.889
8.065
10.924
6.708
11
0
3.142
0
1.922
0
0
0
0
14.109
0
0
3.016
16.438
0
0
0
2.753
0
0.925
0
0
8.686
0
0
0
3.754
0
0
0
4.819
0
0
0
31.554
0
2.118
10.046
16.832
5.267
0
0
13.695
0.979
0
13.922
0
0
2.8
0
1.832
17.219
0
8.284
0
0
0
0
0
0
1.84
11.423
0.883
0
2.722
3.864
0
0
0
0
5.758
7.236
0
0
21.768
4.782
0
0
0
0
0
0
0
7.827
12.543
6.576
0
0
2.876
0.992
0
0
0
0
0
0
0
0
3.121
0
0
0
8.152
0
0
1.973
0
0
0
0
0
9.854
6.964
0
6.788
0
7.471
0
0
0
0
0
0
0
0
0
0
0
6.733
0
3.59
1.229
0
0
0
0.913
0
0
0
2.026
0
0
0.91
0
0.948
0
10.613
10.801
0
0
0
0
0
0
0
0
0
0
12.96
0
0
5.622
0
0
0
0
0
0
24.234
0
3.783
0
0
0
19.862
0
0
0
8.606
0
0
0
2.795
0.958
0
38.184
0
0
13.435
0
16.164
0
0
0
0
0
13.888
0
0
0
3.835
0
0
0
0
0
0
0
0
0
0
0
0
0
6.729
0
0
0
0
0
0
0
0
0
0
0
0
0
1.81
41.215
0
0
3.013
0
0
0
0
0
0
0
0
0
14.08
15.263
1.052
0
0
0
17.631
10.54
0
0
0
9.695
0
0
4.853
10.375
1.853
37.886
0
0
0
5.886
6.703
0
0
0
20.698
0
0
0
0
10.621
0
0
0
0
0
0
10.481
0
0
0
0
0
0
0
0
0
0
0
0
0
0
0
0
0
0
0
28.217
15.694
0.969
0
0
0
0
9.671
0
0
0
0
0
12.185
0.907
19.134
0
66.189
23.441
2.088
0
0
0
0
0
0
0
0
0
12.815
0
0
10.817
0
0
11.4
1.901
0
0
0
0
0
0
0
0
9.948
0
0
0
1.011
0
0
8.459
14.402
0
0
0
2.878
0.895
0
0.903
0
9.612
0
0
0
7.779
0
0
0
0
1.928
0
0
0
0
0
0
0
16.176
0
0
0
0.92
0
0
0
0
0
0
0
0
0
0
0
0
0
0
0
0
0
0
0
0
0
0
0
6.103
0
0
14.232
0
0
0
0
0
0
0
0
0
0
0
0
0
3.76
0
0
0
0
21.008
10.002
0
6.539
9.694
5.863
0
19.095
0
0
5.893
0
2.885
10.088
1.069
15.804
0
0
6.181
0
1.142
6.813
10.022
0
1.927
0
0
0
11.463
0
0
0
0.886
1.201
11.273
4.727
0
0
0
0
34.815
0
0
0
0
10.499
0
0
0
7.531
0
0
1.893
0
18.798
0
0
36.064
0
5.253
0
0
0
0
0
0
0
0
0
0
12.907
0
0
0
0
0
0
2.854
0
18.852
0
0
0
0
0
0
0
0
0
0
0
0
0
0
0.924
0
0
0
0
3.06
1.131
0
0
0
0
0
0
0
0
0
55.852
0
1.829
0
0
0
5.938
0
0
0.954
0
0
2.026
0
14.628
0
0
0
16.505
1.865
0
8.313
0
0.944
10.643
0
0
0
0
0
8.191
0
0
29.683
0
0
0
0
4.732
0
0
0
8.135
0
0
0
1.069
0
0.751
1.074
2.701
0
0
0
0
0
11.253
0
0
0
1.494
9.562
0.989
2.329
0
6.448
11.225
0
5.336
5.361
0
0
0
5.165
13.333
2.81
0
12.632
0
0
0
0.943
12.955
0
1.857
6.838
0
2.945
0
0.909
4.715
12.751
0
0
7.573
0
0
3.464
0
11.252
0
9.979
0
11.554
0
0
0
0
0
0
14.3
0
0
0
0
19.136
17.741
0
2.806
0
0
0
14.484
6.826
3.031
0
0
5.5
20.602
10.798
0
0
3.714
11.355
27.507
0
0.914
1.241
11.837
0.915
0
0
0
0
0
0
0
0
3.268
0
1.878
11.515
0
0
0
2.775
0
19.921
10.701
6.546
0
17.537
0
0
2.755
12.689
2.828
0
0
0
0
0.94
2.891
0.954
1.865
18.933
8.674
0
0
4.811
14.739
0
0
0
0
0
0
0
0
0
0
0
8.149
15.056
0
9.093
6.834
3.785
10.395
3.878
0
17.568
0
0
0
3.743
0
0
3.67
0
0
0
0
7.952
0
0
8.874
5.735
1.019
0
3.049
23.128
0
0.892
1.799
0
0
1.848
0
3.041
0
0.887
0.904
0.93
0
0
2.911
0
0
0
0
1.816
0
0
0
0
0
0
0
3.823
6.155
0
2.371
0
1.856
9.375
0
5.678
0
0
1.086
6.805
0
1.057
39.406
13.65
0.903
9.853
5.569
0
0
1.326
9.924
0
0.93
6.395
0
10.64
14.601
0
0
0
0
0
0
0
0
1.241
0
0
0
0.926
0
0
0
12.146
0
0
0
0
0
23.303
0
0
0
0
0
0
0
0
0
1.289
0
0
0
0
0
0
0
0
0
0
1.158
27.824
0
0
0
0
0
0
0
0
0
0.887
0
0
0
0
0
0.996
0
0
0
0
0.888
26.827
22.91
0
0
0
0
2.753
0.996
0
0
0
0
12.108
0
0
0
0
0
0
0
0
2.335
0.927
0
3.144
0
0
0
0
0
0
0
0
0
0
28.029
0
0
0.909
0
0
0
0
9.635
0.884
0
0
0
0
0
2.02
2.705
0
0
25.832
0
0
0
0
0.889
0
0
0
0
0
25.792
0
0
0
0
1.158
0
0
0
0
0
0
0
0
0
15.434
0
0
0
0
15.004
0
0
0
23.786
0
0
0
0
0
1.795
0
0
0
0
0
0
0
0
0
0.927
0
0
0
0
0
0
0
0
0
0
0
0
0
0
0
0
0
0
1.783
0
0
0
13.164
0.938
0
0
0
0
0
0
0.887
0
0
0
0
0
0
0
0
0
1.289
0
15.18
0
0
0
0.937
0
49.314
2.817
0
2.906
27.067
6.538
0
1.975
0.909
0
0
0.915
0.963
8.061
2.025
0.975
24.289
0
0
0
16.357
0
0
0
0
1.937
0
0
0.891
85.854
1.924
0
25.511
0
20.134
3.694
0
2.029
9.931
0
11.888
1.979
0
0
0
0
0
0
0
0
3.994
0
7.081
0.997
0
0
2.854
1.845
1.789
0
33.447
10.632
0
0
26.483
1.326
0
20.081
5.094
0
0
0
1.041
0
0
0
2.85
7.388
0
0
0
0
0.937
0
2.036
0
0
0
21.054
0
16.859
0
0
0
0
27.963
35.735
17.713
0
1.019
0
18.386
0
0
0
2.746
0
0
0
0
9.373
1.894
3.803
0
0
0
4.805
19.555
0
0.916
0
0
0
0
9.836
0
0
0
17.634
6.07
0
0
0
0.98
4.916
0
0
0.92
0
0
0
4.76
0.955
24.744
0
0
0
5.529
0
2.73
0
0
0
0
0
1.035
0
14.425
0
0.895
0
0
0.935
0
0
9.719
0.905
0
4.765
3.873
0
11.077
0
0.882
0.892
0
0.898
0
1.907
0
0
1.035
5.673
0
0
1.931
0
0.927
0
0
0
0
0
0
0
0
0
0
9.281
0.878
0
0
16.554
0
6.68
0
0
1.115
1.054
0
0
7.658
0
10.869
0
0
3.841
1.843
0.92
0
0
4.714
0
0.932
0
0
0
15.236
0
0
1.849
0
22.698
13.826
0
0
0
0
0
1.09
4.661
0
0
0
0
0
0
39.273
0.992
0
0
0
0
0
0
24.393
0
0
3.709
3.653
17.23
0
0
3.639
0.886
0
1.77
3.07
0
16.7
0
2.849
13.732
0
0.902
47.545
1.855
0
0.916
0
0
0.958
0
0
0.904
0
1.155
3.092
0
17.86
2.922
0
0
0
5.481
0
0.878
0
0.878
0
0
0.927
1.876
0
0
0
1.913
0
1.822
0
3.902
0
0
2.981
1.872
0
0.974
0
2.806
0
0
1.875
15.111
0
0
0
0
5.664
0
2.735
0
0
0.91
2.948
0
0
7.926
0
0
11.28
0
14.225
0
0
0
1.825
3.101
0.894
0
0
0
0
4.608
14.989
0
4.824
9.431
9.356
13.399
0
0
11.254
3.012
0
0
0.869
7.492
0
0
14.264
6.941
0
11.562
26.916
0
3.578
0.933
0
2.77
3.824
0
0
0.85
1.729
1.917
0
0
0
2.775
3.459
1.736
0
0.854
0.948
3.379
0
0
5.652
0
0
0
0
5.197
0
0
0
0
0
0
0
2.269
0
0
0
4.837
8.319
6.557
0
2.115
0
6.146
15.887
0
0
4.169
19.053
0
0
0
0
0
1.002
0
0
0
0
0
0
0
0
17.082
0
4.36
18.784
0
0
25.784
37.44
0
0
0
0
0
0
0
0
0
0
1.902
0
0
0
0
0
0
0
8.678
0
0
30.114
0
0
2.015
0
0
0
0
0
0
0
0
0
0
0
0
0.984
0
0
0
0
0
0
0
0
0
0
0
0
0
0
10.542
0
0
0
0
1.947
0
0.955
0
0
0
5.802
0
44.513
1.927
33.972
0
0
24.547
0
0
0
0.994
0
0
0
0
0
0
5.678
0
1.945
0
0
0
0
0
1.933
0
0
0
0
0
0
0
0
0
1.14
0
1.039
0
0
25.134
9.504
0
0
0
0
0
0
0
0
0
1.882
0
0
4.167
0
0
4.466
0
0
0
0
0
0
0
0
0
0.939
0
0
0
0
0
0
0
40.068
2.823
0.94
4.922
2.887
34.472
0
0
0
0
3.066
0
0
0
0
9.412
0
0
0
40.089
0
0
0
0
0
3.865
0
0
1.028
0
0.957
0
4.515
0
58.956
0
0
0
0
0
0
0
0
1.921
0
0
0
0
0
0
0
1.03
0
0
0
0
30.691
0
0
0
0
0
0.978
0
4.284
8.828
0
0
0
0
4.041
38.663
0
7.305
0
0
0
5.764
0
0
17.635
2.848
4.9
0
18.864
0
1.017
0
0
0
0
0
0
0.929
0
0
0
29.963
0
0
0
0
0
0
0
0
0
33.473
0
0
0
0
0
4.837
1.888
0
0
0
0
0
0
29.42
6.8
0
0
55.285
0
0
0
0
0
0
0
69.302
0
0
0
0
0
0
0
0
0
16.61
0
0
0
0
0
0
0
0
0.944
0
0
6.687
0
35.816
27.744
40.3
0
0
0
1.943
0
0
0
3.904
0
35.503
5.103
0
39.498
0
0
12.499
0
0
7.871
0
0
0
0
0
3.789
0.976
0
35.978
0
0
0
0
0
0
0
0
0
0
0
0
0
0
2.937
0
0
0
0
1.914
4.112
0
0
0
0
0
0
6.943
0
0
0
0
0
0
6.772
0
0
0
14.369
3.197
2.081
0
0
0
0
0
0
28.075
0.981
0
0
0
0
0
0
0
0
57.306
0
1.904
0
0
0
0
0
0
0
0
0
0
0
30.413
0
0
0
0
4.993
5.974
0
8.305
0
0
0
2.989
0
0
0
0
0
0
0
0
0
0.959
0
0
0
0
3.329
3.014
22.368
35.249
0
0
0.945
0
0
7.984
4.779
0
0
0
0
24.451
0
0
0
0
0
3.982
0
0
7.407
0
0
0
0
4.211
0
0
0
0
0
18.158
1.971
0
0
0
0
0
0
0
0
3.089
2.94
8.069
0
0
0
0
0
28.708
53.005
0
0
52.155
0
0
4.045
0
0
0
0
0
0
15.365
0
0
1.04
0
0
0
0
0
0
0.928
0
0
0
0
0
0
0
0
1.928
0
20.43
0
7.746
0
42.567
0
5.081
25.931
20.564
0
0
13.678
0
23.649
0
13.934
0
0
11.476
0
0
23.387
0
0
0
1.033
0
0
0
3.474
0
26.289
0
2.994
0
1.017
0
1.007
7.911
0
1.021
0
0
0
0
0
1.008
6.663
0
0
0
2.103
0
0
0
3.11
0
0
0
0
7.826
0
10.713
0
0
0
8.868
0
0
0
0
5.499
0
0
0
0.938
0.968
0
0
0
2.086
1.226
22.653
0
0
0
0
0
0
0
0
0
1.871
0
0
0
0
18.429
0
48.252
0
0
0
34.481
0
0
0.986
0
29.561
4.046
0
2.051
0
0.968
9.205
0.957
0
0
0
48.236
6.721
0
0
0
0
2.015
0
0
0.933
0
0
0
0
0
0
0
0
6.649
0
0
0
0
13.474
0
7.626
5.147
7.355
0
0
0
0
28.639
0
0
0
0
0
3.848
0
0
0
0
0
3.147
0
0
0
0
0
0
0
0
0
0
0.965
25.962
0
0
0
0
0
0
0
16.396
3.034
0
0
0
0
42.713
0
0
0
15.455
0
18.186
0
0
0
0
0.931
0
0
0
2.965
0
0
0
0
0
4.032
0
0
0
0
0
0
0
0
0
0
1.883
0
0
0
2.931
0
66.026
3.168
0
0
0
0
0
4.848
28.455
0.933
2.261
0
6.124
0
22.824
0
0
9.924
0
0
0
5.014
0
0
0
10.768
0
0
0
0
0.883
0
4.528
0
0
6.493
0
0
0
0
0
0
0
0
0
0
7.012
0
0
0
0
0
0
0
0
0
0
32.319
6.296
0
24.225
0
4.843
18.384
3.668
1.833
0
0
0
0
0
0
0
0
0
0
0
0
0
4.893
0
0
0
2.827
0
1.844
0
0.877
3.765
0
0
20.219
6.604
0
4.512
0
0
0.866
0
0
0
0
0
0
14.986
0
0
0
0
0
0
0
0
7.888
0
4.493
0
0
0
0
9.419
0
0
0
0
18.046
0
0
0
0
6.652
0
4.059
6.754
0.863
0
0
0
0
15.567
5.689
5.505
0
0
0
0
0.866
5.376
0
0
1.873
0
28.227
0
0
3.584
0
18.371
0
0
0
0
0
0
0
0
0
0
6.476
10.456
11.511
0
1.775
0
0
0
0
0.959
0
0
0
0
0
0
22.129
0
6.284
0
0
0
6.423
0
0
0
8.506
0
0
0
23.762
0
0
9.871
0
0
0
0
0
0
0
16.999
0
6.573
18.508
0
0
0
1.749
0
0
0
35.06
3.709
0
0
0.899
0
0
0
0
0
24.598
0
0
0
19.037
0
0
0
0
0
0
0.951
0
0
0
0
0
4.553
0
6.46
0.886
0
0
26.492
5.337
0
2.627
5.487
1.987
0
0
0
0
0
23.054
0
12.084
19.246
0
0
0
3.704
0
11.331
0
2.708
6.493
0
0
0
0
0
3.748
0
0
0.875
0
0
0
0
0
5.836
0
0
0
0
0
0
0
0
0
2.771
40.122
3.693
2.771
0
0
0
0
0
0
0
0
0
0.863
0
14.254
0
0
16.389
0
0.88
17.863
0
0
0
19.76
6.463
0
0
0
0
0
6.682
0
0
0
0
18.374
16.151
5.278
18.991
0.885
0
0
0
0.882
0
0
0
0.857
0
0
0
0
0
0
0
0.87
0
44.517
33.45
0
0
0
0
2.796
0
5.594
0
2.797
0
6.637
0
6.614
0
0
0
4.965
0
0
0
0
0
0
0
1.735
13.038
0
10.691
0
0
2.715
0
4.406
3.011
0
18.451
0
0
0
0
19.904
7.134
0
0
0
0
0
0
0
4.671
0
1.751
27.664
0
0
0
0
0
0
39.713
0
3.753
1.782
0
0
4.514
0
1.763
0
1.87
4.725
0
0
0
0
0
0
0
0
0
0.864
0
0
0
0
0
0
5.534
2.737
0
1.927
2.764
0
0
0.89
0
0
5.831
2.683
0
0.927
6.86
0.827
3.234
0
0
0
3.367
0
5.59
0.835
6.848
0
0
0
0
16.38
0.924
0.858
2.226
0
0
8.363
0
0
0
7.079
0
0
0
0
7.71
0
5.234
0
7.146
0
8.963
0.827
5.535
0
1.035
0
1.392
0
0
0.835
2.12
0
35.996
0
0
7.048
4.34
0
0
2.21
0
0
0
0
0
0
7.774
0
0
0.812
3.698
9.083
0
2.671
0
15.079
0
0
0
2.299
1.701
0
0
0
0
1.688
6.138
0
0
0
5.994
3.467
2.555
0
0
0
9.454
0
0
0.827
1.116
0
0
0
0
5.583
0
0
25.526
0
1.065
19.715
6.47
0
0.869
6.967
0.858
0.833
0.869
0
4.342
0
3.503
0
0
6.354
0
0
0
0.866
0
0
2.761
0
0
0
0
0
0
2.026
0
0
6.912
0
0
0
2.813
3.436
3.838
0
0
0
11.628
3.471
16.083
18.967
0
16.671
7.195
0
0
4.212
4.57
0.912
9.901
0
0.989
0
0
0
1.676
3.56
0
0
19.454
0
4.731
0
0.837
3.836
0
0
34.565
0
0
0
6.861
0
0
10.497
0.945
0
14.059
6.949
0
5.733
5.987
0
2.835
0
0
0
14.385
0
0
0
0
0
9.587
0
18.161
0
0
19.48
2.901
0
0
0
0
0
0
0
3.014
11.177
18.965
0
0
0
0
1.94
0
0
0
0
0
0
6.981
3.974
5.529
0
0
17.983
0.92
8.98
2.884
2.195
12.966
1.854
0
0
2.952
0
22.357
24.074
21.999
0
0
0
0
5.829
10.078
0
6.634
28.686
11.361
0
0
0.952
0
0
0
8.932
0
0
0
0
5.9
0
0
0
0
2.954
0
0
0
0
8.821
0
0
0
0
0.9
0
0
0
0
0
11.03
1.865
0
0
0
6.685
0
30.287
1.024
0
0.96
0
0
0
0
0
0.975
0
5.117
0
0
8.101
1.856
0
0
17.591
0
0
0
0
0
14.775
0
0
0.897
0.918
13.954
0
0
0
2.33
0.934
0
0
0
0
9.958
27.672
0
0
0
0
0
0
0
1.846
28.477
0
0.975
0
3.781
0
0
0
0
0
0
1.908
0
9.495
0
0
0
0
0
14.137
0
0
0
0
31.217
0.929
0
2.797
0
0
0
12.364
10.906
0
0
0
0
0
3.701
4.312
0
4.668
0
0.871
2.622
0
4.585
6.925
0
0
2.732
13.186
6.274
0
6.256
3.63
15.32
13.994
11.199
2.405
0
0.956
0
0
2.815
16.354
7.671
0
25.09
14.858
0
0.87
6.624
0.871
0
0
9.583
4.762
0.997
0
0
6.47
0
0
8.248
7.512
6.891
16.016
4.137
4.089
0
0
0
9.761
14.676
0
0
0
2.6
4.159
0
0
0
0
8.502
0
0
10.957
0
0
0.836
0
3.418
0
0
0
1.984
0.835
0
0
11.193
0
0.835
0
4.883
0
11.111
0
2.565
1.978
6.68
0
0
24.287
1.078
0
13.637
0
0
4.428
2.857
0
11.912
0
0
0
3.18
0
0
0
0
0
0.956
0.931
0
0
0
0
0
0
0
0
0
0
11.376
24.903
4.754
0
1.05
0
6.741
0.868
0
0
0
0
0
6.801
1.002
0
0
0.919
0
0
0
18.259
19.781
5.593
0
9.654
0
33.629
2.782
5.673
0
24.366
0
0
0
7.349
0
13.994
19.252
0
0
0
0
0
1.885
0
0
0
0
4.749
0
0
0
0
6.504
1.896
0
0
0
0
0
0
0
25.927
0
0
0
3.971
0
17.061
0
51.809
0
0
0.989
0
0
0
0
16.704
0
0
0
0
1.943
0
0
0.927
3.291
0
0
3.689
0
0
6.486
8.013
0
0
3.857
0
27.835
0
0
0
22.744
1.869
0
5.156
0
8.551
6.422
0
0
0
0
0
0
4.123
16.016
0.97
2.982
0.893
0
6.687
4.661
0
0.9
0
0
10.081
0
6.686
4.163
1.017
3.847
0
1.174
0
1.941
1.023
0
0
26.292
4.861
0
0
26.914
13.023
0
6.845
0
0
0
10.159
22.093
0
0
0
0
2.015
0
0
23.903
0.97
0
0
0
0
0
0
1.885
33.429
8.089
0
0
0
5.873
10.228
0
0
26.708
0.899
8.883
0
0
0
0
0
0
0
0
1.89
0
25.491
2.936
0
0
3.697
0
18.501
0
0.994
0
0
0
3.911
9.779
0
0
0
0
0
0
3.063
0
0
0
0
0
0
0
0.906
0
14.076
0
0
0.942
0
1.038
0
0
0
10.415
0
14.108
66.155
0
0.915
3.067
41.656
4.926
1.992
32.256
0.934
0
1.114
7.637
0
0
0
0
2.862
0
0
0
0
0
0
1.914
0
0
15.096
0
0
0
0
0
0
3.124
14.229
32.626
0
1.453
0
0
0
1.719
0
0
0
3.183
0
1.806
1.797
0
0
0
0
0
1.736
0
0
1.93
0
0
0
0
0
9.02
0.836
0
0
0
2.668
15.426
17.17
0.789
0
2.53
4.101
11.624
0
0
13.638
2.53
0
0
0
0
17.488
2.383
4.78
0
0
6.362
18.842
0
0
0
5.835
0
5.219
0
18.81
0
0
0
0
13.051
0
15.059
0
15.39
0
0
0
7.677
0
3.508
0
0
0
1.904
0
4.666
0
15.11
0
14.635
0
0
6.761
0
0
0.763
16.115
0
0
0
0
0
3.809
0
0
3.89
33.494
0.94
0
5.835
40.429
0
2.009
0
0
0
0
0
25.194
0
0
0
5.797
6.797
2.124
4.772
0
0.962
0
0
0
7.909
0
0
7.891
0
0
0
0
0
0
9.991
0
4.74
0
0
0
0
0
0
0
0
0
1.921
5.739
1.032
0.963
10.08
0
5.833
0
0.991
0.926
0
0
0
0
0
0
0
0
6.894
0
0
2.959
1.861
0
14.559
0
0
0
2.899
0
29.87
0
0
0
0
0
12.802
1.892
3.031
8.272
0
0
0
0
0
11.549
0.982
0
1.109
5.781
8.789
4.816
0
0
1.908
10.297
0
13.122
0
0
0
0
2.218
14.648
0
0
0
0
0.939
0
0
0
19.526
8.695
11.33
0
0
0
0
0
0
0
0
0
11.206
0
4.191
15.16
0
0
0.961
0
0
25.834
1.912
31.576
0
0
5.174
0
0
0
0
0
0
0
0
5.026
1.086
4.031
20.495
0
0
0
0
0
0
39.603
0.858
0
0.858
12.015
0
3.794
13.022
0
1.762
0
0
0
0
12.489
21.679
1.786
1.933
6.643
8.191
0
0
1.777
0
14.048
3.944
0
6.141
1.992
0
0
4.485
8.22
0
0
0
0
0
4.576
0
0
0
3.598
0
6.646
0
0
0.966
0
0
0
4.608
7.723
0
4.952
0
0
4.662
0
0.932
2.833
0
0
10.052
0.879
0
5.85
0
0
0
31.869
3.702
0
5.229
4.282
0.948
0
7.903
0
15.607
0
0.973
8.393
9.313
0
0.867
0
9.155
0
17.492
2.659
0.87
0
0
0
24.143
0.96
0
0
0
0
0.894
6.662
2.047
2.021
9.104
2.688
0
0.91
0.898
12.63
0
0.99
0.922
0
0
7.561
0
0
0
4.92
0
0
5.476
0
3.972
7.064
0
0
1.791
0.866
3.633
3.386
0
0
0
31.868
4.754
0
18.503
25.831
21.659
0
0
0
4.785
0
0
0.948
0
1.852
29.135
0
9.717
0
0
0
0
32.318
0
1.109
0
0
0.888
2.021
0
1.355
0
0
0
15.602
6.443
0.848
0.917
0
0
0
0
0
2.687
0
0
6.693
4.051
0
0.925
10.101
0.898
4.87
3.078
5.301
16.18
0
0.85
9.375
4.796
0
7.212
6.246
5.441
15.493
0
0
0
6.291
0
0
8.5
0
0
0.901
0.928
0
0
2.621
0
0
0
0
2.749
0
2.213
3.889
2.923
0.874
0
13.742
7.408
0
15.76
0
0
0
0
0
1.018
0
0
0
0
0.981
8.145
0.899
0
9.284
0
0.848
0.866
0
0
0
0
13.183
0
5.084
0
16.082
16.19
11.833
0
0
0
0
1.848
0
2.695
4.557
0
2.686
0
0
0
18.656
1.737
7.447
4.938
3.138
0
0
0
0
0
0
0
0
0
19.099
0
0
0
0
0
0
0
0
0
3.838
0
0
0
0
0
0
0.915
0
0
0
0
9.626
0
39.546
1.821
0
0
0
0.893
22.224
0
0
0
0
0
0
1.967
0
0
0
0
0
0
4.128
0
0
0
0
0
0
0
0
0
0
0
0
0
0
0
8.668
0
0
0
0
2.783
0
0
0
0
5.711
0.889
0
1.801
0
31.87
0
0
0
0
0
0
20.436
4.711
6.587
0
0
0
0
0
0
0
0
0
0
9.732
14.326
0
0
0
0
0
0
0
0
0
0
0
16.356
25.431
0
0
0
19.104
0
20.256
0
0
0
0
4.998
0
6.69
0
0.904
0
0
9.908
0
0
0
0
0
0
0
1.848
30.284
0
15.446
1.097
0
0
14.217
4.724
0
0
0
0
0
0
0
0
0
0
0
0
0
2.861
0
0.981
0
0
1.154
15.704
0
0.931
0
0
0
25.423
0
0
0
0
0
0
0
0
1.835
0
25.559
0
0
3.683
0
0
0
0.925
0
0.892
48.347
0
3.803
0
0
0
0
0
29.256
0
0
0
0
0
0
0
0
0.972
0
0
0
4.533
0
0
0
0
0
0
0
14.988
0
26.387
0
0
0
28.768
0
0
50.484
0
0
0.917
0
0
0
0
0
0
0
0
2.83
0
0
0
0
1.809
0
0
0
0
0
0
10.184
22.423
11.922
0
0
13.639
0
0
0
0
0
0
0
0
0
8.432
0
0
0
0
0
0
0
0
0
0
0
0
0
0
0
0
0
47.352
0
0
0
0
20.518
0
19.665
6.567
18.252
0
9.786
0
0
0.961
0
0
0
1.854
0
16.635
0
0
0
0
1.154
0
0
0
0
0
0
0
0
1.862
28.193
3.969
0
0.969
0
0
1.829
7.289
8.914
0
24.095
0.951
0
1.018
4.442
0
3.027
0
0.999
14.672
0
0
0
3.91
0
0
1.892
0
0
21.339
0
0
3.816
13.059
4.054
7.648
6.731
0
20.581
0
0
3.815
0
0
0
0
8.914
0
2.817
3.006
24.459
0
29.115
6.755
0
0.942
0
19.862
32.286
0
0
0.956
11.064
0
10.677
5.688
0
35.397
3.781
0.938
5.686
0
2.154
0
0
0
0.919
4.583
18.844
0.974
0
0
7.915
0.94
0
0
0
17.986
0
0
6.785
0
0
0
2.97
2.847
0
0
0
0
0
0
0
0.967
0
1.84
2.859
1.08
0
0
0
0
0
11.143
0
0
5.904
3.13
0
0
0.915
0.916
2.885
0
10.946
0
0
13.121
0
0
2.836
0
0.971
0
16.144
0
0
0
17.431
0
0
0
0
0
0
0
4.008
0.932
1.845
23.614
0
0
0
0
0
0
0
0
0
0
0
1.726
0
5.675
0
0
0
0
2.091
28.326
0
0
0
25.907
0
0
0
24.723
3.876
0
0
0
0
0
0.855
0
0
0
0
0
0
1.833
0
18.698
30.659
3.797
0
0
0
0.909
1.263
0
0
0
0
3.347
0
0.918
0
1.832
0
0
0
0
1.997
0
0
0
0
0
0
0
0
0
0
0
0
0
0
0
0
0
0
0
28.145
0
2.212
0
0
0
0
0
0
0
0
0
0
0
0
5.795
0
0.938
0
0
0
0
13.247
0
1.835
0
1.984
0
0
2.71
0
0
0
0
0
0
0
0
19.498
0
0
0
0
3.706
0
2.719
0
0.826
0
0
0
0
0
0
0
0
2.632
0
23.339
0
0
0
0
0
0
0
0
0
5.895
0
0
0
0
0
0.844
0
0
0
1.964
0
0
0
1.822
0
0
26.218
0
0
0
0
19.639
0
0
24.509
0
0
0
0
0
27.693
0.888
0
0
0
0
0
0.826
0
0
1.004
0
0
0
0
0
0
0
0
0
0
0
0
0
0
0.964
0
16.653
14.066
21.382
0
0
2.094
0
0
0
0
0
0
0
0.918
0
0
0
0
0
0.927
0
0
0
0
0
0
0
0
0
0
1.155
0.858
1.026
0
0.887
0
0.844
19.117
0
0
0
28.697
1.822
0
0
0
0
1.903
0
0
0
0
0
0.914
15.025
0
0
0
0
0
0
23.193
0
0.879
0.887
0
0
0
1.035
0
0
0
0
0
0
0
0
16.138
36.661
0
0.948
0
0
0
0
2.98
4.521
1.263
0
1.026
0.836
0
0
0.932
0
0
5.392
0
0
0
15.795
8.411
0
16.262
0
0
0
8.232
0
17.22
0
0
0
0
0
0
0
0.857
0
29.903
0
0
0
16.51
0
0
0.905
0
0
0
0
0
0
0
20.047
0
0
2.803
0
0
0.939
0
3.599
0
0
0
39.506
19.937
0
0.94
11.043
5.473
0
0
31.866
0
0
0
0
0
0
0.929
0
0.942
0
0
0
0.852
0
0
0
0
30.128
0
0
0
0
0
5.97
0
0
0
0
0
0
0
0
0
27.428
6.448
0
0
0
0
10.255
0
0
0
0
3.912
0
0
6.538
0
0
0
0
0
0
0
0
3.753
0
0
0
0
0
18.826
0
0
0
0
0
0.852
0
0.853
0
0
26.032
11.805
0
11.497
0
0
0
19.421
0
0
0
0
0
0
1.056
38.245
0
0
0
3.611
0
2.712
0
0
0
0
0
0.86
0.859
0
7.285
0
11.742
0
0.861
0
0
0
0
0
0
0
0
0
21.227
0
0
0
0
0.854
0
0
0
0
0
0
14.582
0
17.985
0
0
0
0
0
0
0
0
0.888
0
0
0
10.487
0
0
0
0
0.908
6.362
0
0
0
0
1.727
0
15.071
0
0
0
0.928
15.254
2.812
0
0
0
0
3.915
27.398
0
1.08
14.013
0
0
0
0
0
0.94
0
0
0
4.616
4.737
0
0
0
14.31
29.597
0
0
0
0.858
0
2.938
0
0.994
0
0
0
0
2.734
0
0
0
0
0
0.897
6.283
0
0
1.84
0
0
0
0
2.729
0
18.178
0
32.223
0
0
0
0
8.813
0
0
23.593
0.98
0
8.82
0
0
0
0
0
0
35.204
0
0
0
0
0.86
0
0
1.76
0
0
0
0
0
8.2
0
3.523
0
2.603
0
14.309
0
0.879
0.88
0
0.882
29.045
0
0
12.113
2.649
0
0.883
1.904
1.021
0
0
0.983
8.722
0
0
0
0
0
0
0
0
0
37.624
0.852
0
0
0.885
4.159
0
0
0
7.746
34.763
0
13.507
0
1.827
11.986
5.973
0
0
0
1.194
0
0
0
0
0
43.208
1.765
3.69
0
2.703
2.656
0
7.421
5.593
0
0
20.189
18.018
0
0
19.873
0
0.989
0
0
0
1.021
4.129
1.884
1.194
0
0
0.852
0
10.75
0.915
0
0
0
0
0
0
14.405
0.844
0
0
0
0
4.473
0
0
0.861
0
1.919
0
5.655
7.001
1.825
1.708
0
10.183
0
0
7.861
0
0
0
0
0
0
5.38
0
0
0
0.853
0
0
0
7.003
0
1.928
5.955
5.639
0
0.843
11.929
0
3.778
0
0
2.681
0
0.853
0
14.18
7.07
10.903
0
0
0
2.723
0
0.846
0
4.815
4.743
8.361
0
0
12.75
0
1.724
0
0
1.765
0.879
0
5.684
0
0
5.143
10.477
0
1.719
0
0
0
0
12.582
11.854
10.955
0
0
0
0
4.432
0
0
17.245
0
0
1.69
0
11.853
13.053
7.433
0
0
0.865
0
4.986
0
0.84
0
0
0
0
0
0
0
0
0
0
9.259
0
10.945
1.949
0
2.056
0
0
0
1.761
0
0
0
0
0
0
0
11.179
0
10.057
0
0
0
0
0
0
1.153
0
0
0
35.402
14.636
0
0
0
0
0
0
0.782
0
0
0
0
0
0
18.836
0
0
0.881
2.445
0
0
0
0
0
0
0
0
0
0
0
0
0
0
0
0
0
0
7.123
0
14.18
0
0
33.326
0
24.422
0
10.656
0
0
21.206
0
0
0
0
0
10.381
0
0
0
3.679
0
0
0
0
4.902
0.981
0
0
0
0
0
0
2.724
0
0
0
0
0
0
0
0
0
0
33.879
12.23
0
0
0
0
0
0
0
0
0
0
0
0
0
0
0
0
0
0
0
0
0
0
0
0
0
0
0
16.693
0
30.351
1.034
16.156
0
0
0.788
0
0
0
7.296
0
0
5.116
0
0
0
0
0
0.784
0
1.034
0
0
0
0
0
0
36.184
14.902
10.86
0
0
0
27.556
6.74
0
0
0
0
0
0
0
0
19.946
0
0
4.071
0.79
0
0
0
0
0
0
0
0
0.881
0
0
0
0
0
0
4.214
0
36.021
13.658
21.546
0
0
0
29.384
2.845
0.845
0
0
3.811
0
0
9.317
1.364
7.281
0
0
0
0
24.894
12.598
5.59
1.781
7.917
0
11.742
0
0
8.494
0
0.976
3.033
10.833
6.511
0
0
7.327
1.998
0
19.105
5.324
0
11.619
6.502
4.741
15.112
0
0.841
0
2.865
0
0.812
0.845
3.566
1.014
3.034
10.603
6.152
6.907
0
0
0.84
1.473
7.693
4.914
0
9.724
9.425
0
0
0
8.568
3.45
3.863
0
0
10.07
8.096
7.429
3.241
1.82
0
0
1.728
0
1.106
0
10.395
0.812
20.188
1.748
0
1.066
2.854
1.959
3.058
0
0.858
11.67
0.939
4.597
6.799
4.296
0
0
9.113
0.877
0
6.917
9.823
2.113
5.939
0
0
0
7.652
1.674
0
0
1.94
3.033
10.355
0.815
0.889
0
8.318
0
5.996
0
4.812
9.669
0
12.005
0
4.767
0
0
0
0
0
0
10.241
6.169
0
0.902
1.624
0
0
0
0
11.931
0
5.462
4.748
3.119
2.411
0
5.28
10.447
0
1.059
0
0.877
2.848
7.099
0
8.53
3.499
4.08
7.667
0
0
17.162
0
0
0
10.298
0.869
0
0
21.475
0
0
1.768
18.837
0
0
9.852
0.861
0
0
0
0
0
0
0
0.969
0
0
0
0
0
0
0
0
6.671
0
0
2.717
0
22.261
0
0
0
1.011
0
0
0
0.898
0
0
0
3.861
7.254
0
0
2.644
0
0
0
0
11.511
0
0.916
0
0
0
0
18.615
0.986
2.95
2.141
0
0
0
3.809
12.767
0
0
0
0
0
0
0
1.83
0
0
0
11.362
0
0
0
0
0
48.96
0
11.726
0
0
0
0
0
0
0
0
7.322
14.636
0
4.607
0
0.878
0
12.118
0
0
0
0
0
0
0.94
0
0
0
0
0
0
0
0
0
0.864
0
0
0
0
0.909
0
26.479
0
1.709
16.867
5.649
0
0.95
0
0
0
0
0
2.738
0
0
0
0
26.405
0
20.222
18.329
0
0
0
0
16.007
0
0
0.947
1.019
0
61.144
0
0
0
19.505
3.159
9.773
7.512
0
0
0
0
11.812
0
0.96
0
16.21
0
0.859
0
4.41
0.856
9.741
0
0
0
0
0
0
0.885
0
0
0
0
0
0
5.809
0
0
17.198
0
0
0
0
0
11.893
2.733
0
0
0
0
0
1.011
3.949
0
3.681
17.913
0.911
6.854
15.082
0
0
0
0.871
0
0
0
0
0
0
1.757
0
0
0
11.977
12.571
0
0
0
0
0
3.03
0
10.809
0
0
0
0.903
0
0.889
0
8.76
1.852
0.917
7.661
8.527
16.361
16.935
0
6.732
0.996
0
0
0
0
12.284
0
20.639
4.658
0
5.682
0
0
0
0
0
0
0
0
0.903
0
0
13.411
0.897
0
0
1.069
9.583
0
5.994
0
0
3.856
0.969
0
0
0.887
1.905
0
0
5.594
1.811
23.505
0
4.89
2.829
0.926
0
0
5.87
0
21.949
0
9.543
0
14.233
0
0
0
17.117
20.139
0
12.933
0
0
0
0
0
6.808
0
0
0.996
0
0
0
0
11.565
0
0
0
0
0
5.588
4.032
0
0
0
9.667
0
0
0
0
5.716
0
0
3.852
0
0
0
0
0
0
0
1.886
0
0
0
0
0
0
0.924
0
0.902
0
6.428
14.619
0
10.399
0
0
2.698
0
0
0
6.812
0
0.923
0
0
17.593
0
0.996
14.319
0
2.088
7.209
0
20.702
4.277
0
0
1.16
0
15.129
0
0
10.714
14.333
0
0
0
0
0
13.463
0
0.922
0
0
7.22
8.912
0
0
0
0
0
3.907
0
0.941
8.056
10.618
5.711
0
3.85
0
18.468
0
0
6.08
20.76
0
0
0
0
22.144
0
0
0
0.902
0
17.786
0
0
11.607
0
0
8.785
0
20.152
7.74
10.247
0.927
0
13.141
13.266
0
0
0.917
0
7.846
6.555
0
0
5.837
0
0
15.324
4.772
0
0
0
0
0
4.525
4.646
0
2.86
0
0
0
17.642
0
0
0
11.694
10.425
5.836
0
0.937
0
0
0
0
0
0
14.579
11.241
9.979
0
0
0
0.888
0.942
0
0
3.744
0.985
0
0
9.281
21.748
0
0
0
6.231
8.865
0
0
0
18.304
7.385
24.09
0
0
0
0
0
5.883
0
0
2.936
0
0.901
2.846
12.582
1.69
13.053
0
0
0
0
1.761
0
10.477
0
1.048
0
0
0
0
0
0
10.057
0
0
7.433
0
1.949
1.724
0
0
0
0
15.504
0
0
1.193
0.846
0.84
0
12.75
0
0
0
0
0.865
10.955
10.903
0
9.259
0
0
3.734
0
0
0
1.765
0
0
17.245
0
0
0
0
0
12.225
13.847
0
0
11.179
0
11.853
0
0
0
0
10.378
0
0
0
0
0.879
0
4.986
0
0
0
11.854
0
0
5.143
0
1.719
0
5.684
4.432
2.723
0
4.815
0
0
0
0
1.075
0
0.917
0
0
0
0
0
0
0
0
0
0
0
10.48
0
3.193
0
0
3.993
0
4.843
13.281
0
0
0
2.133
0
2.843
0
0
4.959
17.88
2.801
8.756
0
7.471
0
37.671
0
0
6.243
7.678
0
0.992
0
0
0
0
0
0
0
11.784
0
0
0
0
0
0
0
1.858
0
0
4.818
11.996
0
0
19.191
0
2.084
0
0
0
0
0
0
0.979
13.424
0
1.068
0
4.833
0.894
4.625
0
0
6.836
0
0.942
0
0.999
0
25.333
18.298
28.004
0
0
1.912
0
0.924
0
0
3.04
0
0
4.318
1.834
0
4.705
0
28.477
0
0
0
0
0
0
10.857
0
15.975
0
0
0
0
0
13.794
0
0
4.813
0
2.002
0
0
21.905
0
1.83
0
0
0.948
0
0
0
0
3.97
0
1.865
1.839
5.437
0
9.025
0
0
0
0
10.653
0
0
19.816
31.115
0
0
8.233
0.992
17.16
0
19.991
0
4.92
0
0
0
0
12.312
5.033
0
26.458
0
0
0
7.694
9.942
0
0
8.436
2.858
0
2.048
14.492
0
0
0
9.45
9.999
9.891
7.592
0
3.04
0
0
20.857
3.796
3.825
5.781
0
0
0
0
4.691
0
3.067
4.121
0
0
0
0.925
0
0
1.88
6.73
0
0
18.972
0
0
0
1.086
9.828
0
2.969
0
3.847
17.957
0
21.694
4.208
0
0
0
0
0
0
0.901
0
1.879
9.897
0
3.969
0
0
0
0
0
0
7.18
0
0
0
0
0.939
0
3.856
0
4.017
0
0
0
16.289
10.35
0
0
13.161
0.95
0
0
0
0
2.787
0
0
0
0
0
0
36.573
0
0
0
0
0
0
2.816
0.94
11.113
4.064
0.894
1.068
0.999
0
0
0
0
1.805
0
3.782
0
0
0
0
0
0
5.863
1.821
0
0.921
0
0.959
0
0
19.235
0
5.193
5.284
4.47
0
11.574
4.14
0
0
0.918
13.465
0
0
0
0
8.977
4.701
5.397
0
10.304
0
0
0
0
4.506
0
9.958
0
0.854
0
14.015
0
0
3.676
0
0
0.854
1.774
7.024
5.609
0
0.915
16.1
0
0.9
0
7.534
0
0.921
0
0
0
17.935
0
0
0
0
0
4.455
0
0
7.036
8.815
0
9.415
0
0
3.77
0
0
0
0
0
0
0
12.517
0
0
0
0
0.938
0
0
0
0
0
0
0
0
1.069
0
5.443
6.906
0
0
0
0
1.812
0
0
3.915
15.853
13.603
0
0
0
0
7.783
0
0
3.62
0
2.662
0
1.002
6.528
0
0.878
0
0
0
8.315
13.882
0
0
1.866
0
0
2.706
0
0
0
5.407
0
0
0
0
0
0
2.712
0
0
0
0
21.296
0
0
0
2.71
9.138
0
0
0
0.883
0
30.806
7.602
0
0
0
0
0
0
0
0
0.883
0
10.394
0
0
0
0
5.483
8.811
0
0
0
0
0
0
0
0
0
0
6.568
0
0
7.561
0.952
1.782
31.39
0
0.888
0
0
0
2.81
0
0
0
1.847
0
0
0
19.883
0.938
10.119
0
0
0
0
0.926
0.934
2.817
3.556
0.882
0.883
0
0
1.832
7.687
3.018
0
0
0
0
0
0
0
0
0
25.022
0
12.532
0
9.627
0
4.58
4.684
0
28.621
0
11.982
0
0
11.621
0
0
7.675
0
6.096
3.749
0
0
9.444
0
0
0
0
1.774
0
3.569
1.069
4.591
0
5.514
0
8.674
0.871
2.669
0
3.578
8.625
4.608
3.012
0
0
3.459
0
1.729
2.775
0
13.399
4.824
0
0
0
0.933
14.264
0
0
0
3.824
0
0
0
11.28
0
0.85
0
26.916
20.738
1.917
0.854
5.652
6.941
0
0
0
0
4.985
0
1.825
2.77
0
2.269
14.989
5.197
14.225
3.101
9.356
0
0
0.869
0.894
0.948
9.431
0
0
0
0
0
1.736
0
0.906
9.25
2.203
13.584
7.265
8.084
7.858
7.494
1.75
0
0
0.918
2
0.858
0
0
3.504
4.955
0.814
8.355
0.859
1.983
0
3.551
0
0
10.98
0
3.384
6.438
0
0
0.877
12.86
0
2.545
0
0
6.379
19.141
0
5.347
0
3.661
11.337
0
10.937
0.815
1.954
0
0
0
1.148
0
0
0
4.487
15.603
0
0
0.938
6.338
5.814
0
0
0.84
0
0.921
0
0
2.964
2.644
0
7.769
0
9.044
0
0
2.842
0
2.861
0
0
0
0
2.474
2.8
0
2.836
1.748
26.543
6.862
0
2.658
0
21.783
0
0
1.719
9.191
0
0
19.418
11.399
3.744
0
0.925
0
0
0
0
0
0.989
0.906
0.892
0
0
0
0
4.244
0
0.834
0
0
0
0
0
23.996
4.099
16.37
0.822
0
12.723
4.391
8.126
0
0
4.024
0
4.254
0
0.827
5.203
1.861
0
6.446
19.031
1.01
6.374
0
0
5.38
0
1.183
0
0.937
0
5.959
0
0
0
12.656
0
0
0
1.193
10.628
0
7.35
0.819
0
1.049
0
0.839
6.216
0
0
0
4.723
0
0
0
1.854
0
0
20.261
0
2.78
0
0
1.808
11.044
0
1.787
0.987
0
0
0
1.156
0
0.812
0
8.52
0
0
7.091
0
0
0
0
0
0
1.872
2.027
1.939
5.316
0
0
0
1.92
0
12.743
0
0
0
1.052
6.446
7.864
0
0
2.743
4.074
1.052
7.837
1.969
0
0
0
8.181
0
0
3.787
0
0
3.649
0.911
0
2.165
0
0
13.511
0
0.964
0
0
8.759
0
0.922
19.202
25.431
0
0
0
0
0
13.56
0
0
21.379
0.883
0
0
0
5.848
0
1.758
6.782
0
0
0
0
0
17.954
0
0
0
1.165
2.708
0
5.466
0
0
0
0
0
2.808
0
0
0
0
0
0
18.726
0
0
9.469
0
0
0
0
0
0
0
0
30.829
0
3.715
0
1.807
0
0.906
0
0
4.997
0
0
0
0
0
0
0
17.95
0
0
0
0
0
0
0
12.607
2.894
0
9.472
0
15.2
6.66
0
0
0
18.199
0
21.956
0
0
0.931
0
0
0
5.365
0
0
0
0.91
0
17.081
17.63
4.87
11.962
0
0
0
6.345
10.476
0
0
0.885
0
0
0
6.93
0
0
3.915
0.92
0
0
27.247
0
0
0
0
0
0
8.562
11.383
11.636
1.854
0.908
7.121
0
0
0
0
0
0
0
0
0
16.697
0.885
0
0
0
4.594
0
0.875
0
18.211
32.798
0
0
1.825
0
0
0
8.226
0
0
0
10.784
0
7.571
57.511
4.148
2.845
4.669
13.301
0
0
3.669
0
29.525
0
0
0
0
0
0
0
0
0
0
0
15.62
0
3.908
0
0
0
5.144
0
0.921
12.793
0.967
11.394
1.911
1.796
0
0
12.201
2.273
10.803
0
0.947
22.643
0
0
0
1.557
0
0
0
0
0
0
1.524
3.105
0
0
0
9.572
0.71
0
0
0
14.212
0
0
2.191
0
1.099
0
0
6.907
0
18.307
0
0
0
0
9.377
1.756
0
0
0.817
10.212
7.152
0
0
16.657
0
0
0
0
0
0
8.706
0
0
0
0
0
11.503
10.59
0
0
0
0
3.817
1.692
0
0
0
11.493
12.177
0
0
0
0
0
0.904
3.791
0
1.792
0
1.448
0
0
0
1.913
0
0
0
0
0
0
1.122
0
0
0
0
0
0
1.902
0.986
0
6.691
0
0
5.704
0
4.032
0
0
0
0.715
4.082
2.129
0
13.885
0
0
1.353
9.401
0
0
9.592
0
1.275
4.844
0.877
0
7.974
3.276
5.631
0
6.268
0
0
0
2.166
0
1.068
0
0
7.998
9.628
0.899
0
0
0
4.143
0
0
0
3.65
1.528
0
0
2.594
5.239
2.94
0
0
4.575
7.677
1.583
0
