0.938
0
0
2.807
0
14.315
19.018
0
1.858
6.251
16.845
0
0
0.855
3.415
4.137
7.332
6.488
5.923
0
4.535
13.673
0
0
0
0
14.645
0
0.954
4.838
4.709
0
6.716
0
11.023
0
14.183
3.752
5.744
8.713
6.875
12.757
10.183
1.483
0.769
1.132
8.537
20.494
13.577
20.498
5.886
13.1
9.589
0
0.958
0
0
0
2.072
0
0
11.999
0
0
0
0
5.899
0
0
1.864
0
0
0
0
1.082
0
5.274
0
3.198
12.041
0
0
0
0
0
0
0
0
0
0
0
0
0
0
0
0
0
0.922
0
0
0
0
0
0
0
0
0
0
0
0
0
0
0
5.979
9.813
0
0
5.582
0.952
0
0.858
0
0
6.244
0
0
3.638
0
1.971
5.343
0
1.881
1.041
0
0
0
1.721
0
12.11
3.457
1.803
0
0
7.452
6.743
0
0
0.995
5.562
0
0
0
1.868
3.009
3.867
0
0
3.774
0
2.053
7.036
0
0
4.922
0
0
0
1.065
0
2.877
0
0
0
0
2.101
0
0
8.787
3.745
0.86
3.837
0
0
6.12
7.754
4.807
0
0
0
0
5.033
5.57
0
9.093
10.409
6.13
0
6.2
3.819
0
1.893
6.031
3.984
3.882
0
9.798
0
0
6.962
10.847
0
8.026
6.005
0
2.909
0
9.702
8.056
3.954
0
12.482
0
0
0
0
3.277
0
4.153
0
3.497
0
0
0
4.937
0
0
5.519
17.456
0
0
3.616
0
4.497
0
0
0
0.99
1.185
9.333
0
6.33
0
5.818
0
0
0
0
0
0
4.341
1.059
1.008
3.795
6.091
1.746
6.867
8.135
4.553
0
6.326
7.426
0
1.896
4.644
0.853
7.003
5.692
0
0.899
0
0
0.873
2.055
0
5.565
0.895
0.989
0
0
0
0.895
0
11.976
0
0
8.921
3.843
2.059
0.968
2.398
0
0
1.741
0
5.551
0
6.815
9.206
0
1.932
2.038
0.932
0.866
0
5.168
3.431
0
0
0
3.923
3.756
3.717
1.89
0
9.971
0
7.432
0
1.713
5.922
0
8.985
0
0
0
5.417
4.386
0
8.371
0
0
0
0
0
0
0
6.44
0
5.104
0
13.146
5.502
6.322
1.891
1.832
0
0
1.053
0.901
0
0
3.988
0.967
4.835
0
0.875
0
0
2.638
3.113
0
17.529
2.941
12.93
0
0
0
2.076
0.879
0
0
3.045
6.7
0
7.801
0
0
0
5.011
0
0
0
0
8.748
0
0
1.811
3.04
1.891
0
7.05
0
1.872
0.969
0
0
0.874
0
0
0.904
3.681
0
0
0
3.496
0
0
0
9.296
0
13.116
2.737
0
0
0
3.637
2.842
0
0
0
0
0
0
0
0
0
3.243
0
0
0
0
0
0
0
0
0
0.981
0
0
2.213
0
0
0.981
0
1.048
0
0
0
1.002
0
0
0
0
0
0
1.207
0
1.805
1.068
6.165
0.9
0
3.835
2.977
0
0
1.029
0
0
0
0
0
0
4.012
0
5.104
0
0
0.983
0
1.101
0
3.616
1.915
3.548
0
5.536
4.025
0
2.175
3.82
0
9.33
2.558
1.517
1.75
3.198
0
2.145
3.009
9.013
4.763
3.123
4.409
1.561
0
0.915
0
0
0
0
0
1.866
9.106
0
0
6.221
1.911
0
2.969
0
5.358
0.979
0
0
0
0
7.239
0.923
6.388
0
1.969
0
0
3.846
3.303
3.699
2.841
0
0.917
2.801
0
7.424
0
0
4.903
3.625
0
5.4
13.851
11.639
2.078
0
2.955
5.306
1.832
3.77
2.878
0
0.922
0
0
8.62
0
0
8.766
3.694
0
10.205
0.924
0.948
1.875
1.149
0.966
9.63
7.971
0
0
15.49
0
0
2.928
0
0
5.153
9.606
13.477
6.828
0
1.981
0
0
9.352
4.2
1.149
0
28.83
16.417
19.775
0
0
0
0
0
0
1.82
5.35
0
0
0
0
4.766
1.539
6.522
0
7.62
2.759
3.526
1.995
5.908
0
1.595
1.767
6.124
0
0
4.976
1.088
8.228
0.898
0
0
5.399
0.924
0
2.79
0
0
4.045
13.293
13.045
11.813
0.88
7.81
6.376
10.618
13.166
12.295
17.939
17.591
14.807
9.464
4.486
0
14.638
14.025
19.629
20.121
0
0
0
8.009
3.974
2.802
8.766
13.396
12.16
0
14.962
0
8.117
5.305
5.184
13.565
0
0
0.915
1.964
0
0
0
0
8.694
4.862
9.096
12.862
0
9.915
0
19.013
0
5.706
0
8.616
6.417
6.167
0
0
0
5.068
3.909
10.7
0
9.001
0
1.796
0
0
0
0
0.983
0
1.024
0
5.012
0
0
0
0
0
7.572
1.729
0
0
0
0
4.511
0
4.767
3.779
0
3.518
0
0
2.396
0
0
0
0
0
0
0
1.96
0
2.13
2.948
0
0
0
0
0
0
0
0
0
0.934
0
2.988
5.362
0
0
0.878
0
0
0
6.04
0
0
7.909
0
3.687
6.459
2.144
1.793
2.543
10.553
0
0
0.84
9.754
0
5.787
0
0
15.066
0
21.033
2.96
3.07
1.935
4.557
0
0
0
0
0
0
0
0
0
0.905
0.976
0
0
0
0
0
0.927
0
0
0
0
0.976
0
1.018
0
0
0
2.877
0
0.94
0.912
0
0.911
0
0
0
0
0
0
0
0
1.013
1.202
0
2.026
0
3.078
0
2.609
0.929
9.567
0
4.821
0.829
3.154
0
0
2.545
0.845
0
2.055
1.877
8.728
7.583
2.279
0
0
0
0
0
0
0
0
0
0
1.905
1.056
0
3.287
0
0
0
0.977
0
0
0
0
0
0
0
0
0
0
7.403
0
9.575
0
7.416
0.862
0
0
0
6.459
6.091
0
3.364
0
0
0
0
0.831
6.074
0
0
0
6.99
0
0
3.776
4.895
0
0
0.785
0
0
2.075
8.738
0.789
0
0
0.836
6.405
0.951
0.898
0
2.022
1.957
9.026
2.043
0.971
0
0
0
2.049
0.961
4.054
0.961
0.951
5.225
0
0
0
0
5.879
0
7.565
6.464
4.849
0
1.337
0
0
0
0.939
0
2.837
2.229
1.966
2.347
0
7.101
0
0
0
0
0
7.454
8.344
0
0
0.947
0
10.57
0
6.964
0
0
1.909
2.97
0
0
0
0
0
0
2.155
1.988
0
0
2.902
2.852
0
3.906
1.104
0
1.876
1.266
4.969
0
0
2.053
2.946
0
0
3.986
11.255
0
0.89
0
0
0
0
8.805
2.801
0
0
0
1.92
0
1.103
0
3.796
0
0
0
0
0
3.597
0
0
0
0
0
0
0
20.053
3.844
0
0
11.535
0
0
0
0
0
0.952
13.936
0
0
0
0
0
14.424
0
0
0
11.984
0
0.896
7.656
8.589
17.178
0
0
0
0
0
0
0
0
0
0
0
0
0
0
0
0
0
0
0
0
0
0
0
0
16.495
24.178
16.219
24.452
0
21.706
25.93
13.233
0
13.181
11.068
0
0.879
17.477
8.444
21.396
10.078
18.922
28.668
12.749
0
4.735
17.471
0.926
6.001
18.598
4.574
15.147
26.016
4.454
22.724
0
0
0
0
0
0
0
2.952
0
0
0
0
0
0
0
0
0
0
12.103
0
0
2.67
0
7.989
0.878
1.08
2.306
0
0
0
1.139
14.761
0
0
0
0
0
0.853
0.924
0
0
0
0.985
0.957
0
0
0
0
0
1.326
0
0
0.921
0
0
7.055
0
4.712
4.722
0
0
9.668
0
10.523
1.74
4.809
6.586
0
0
1.193
0
0
0.85
5.962
0
2.645
0
0
6.895
1.795
4.785
0
7.364
0
5.716
8.98
12.883
9.456
0
8.964
0
7.993
0
0
9.162
5.195
6.904
3.771
0
5.334
0
11.246
6.777
0
12.044
0
4.954
1.235
0
0
5.216
5.43
0
0
0.861
0
0
3.048
0
18.835
0
2.681
0
7.188
2.524
7.187
1.583
0
0
0
0
1.066
0
0.843
1.022
4.454
0
0
0
0
8.069
2.503
0
0
0
0
13.609
9.825
4.884
16.375
0.952
0
14.876
0
16.11
1.984
0.882
2.15
0
4.377
0
0
0.906
10.4
0
3.759
0
0
11.704
0
5.426
5.814
10.895
0
0
0
6.402
0
0
0.876
21.711
2.111
0
0
0
0
0
0
0
0
0
0
0
0
0
0
0
0
0
0
0
0
0
0
0.85
4.809
0
0
3.874
0
0
5.195
0
5.748
9.654
12.883
1.193
1.74
5.084
13.075
0
8.98
0
0
1.795
7.235
0
0
0
0
10.159
7.993
4.785
0
2.645
0
10.278
3.771
6.623
12.985
4.722
0
0
5.12
0
0
8.021
0.914
3.815
0
6.442
1.966
21.199
0
9.633
10.666
2.821
1.851
1.958
0
0
0
10.64
9.765
2.151
2.799
1.913
13.666
3.095
0
3.753
0
4.243
0
0
0
0
1.898
3.816
0
0
0
0
4.141
5.216
9.832
0
2.826
7.107
4.38
8.028
0
7.409
4.337
4.671
0.854
0
5.607
2.814
6.865
5.961
5.201
0
6.179
2.824
0
0
7.107
10.234
15.315
11.656
0
6.418
0.869
0
1.858
7.352
0
8.018
8.158
0
11.695
8.661
1.802
0
4.688
3.912
0
4.916
0
0
0
7.048
0
9.997
0
0
0
1.729
5.653
0
0
0
9.327
0
0
4.701
1.796
0
0
0
0
10.7
4.186
0.983
0
0
5.593
0
0
0
3.379
0
6.632
6.212
0
0
7.492
0
10.673
7.642
0
1.7
5.13
3.737
7.112
6.908
5.361
5.219
5.462
0.883
4.132
3.477
3.383
5.658
0
11.425
0
15.372
9.923
0.91
0.902
15.84
1.299
2.371
0
1.872
3.86
3.043
0
0
3.079
3.913
0.931
0
0
0
1.778
0
0.931
0
0.922
3.071
8.822
7.58
0
0
0
0
0
0
3.884
0
0
0
1.072
5.316
8.465
0
0
1.043
0
1.046
0
0
6.766
0
0
1.962
0
0.928
0
0
0.925
0.905
1.823
0
3.052
2.626
0
0
2.684
0
8.741
0
6.489
0.884
0.897
0
0
5.025
8.218
0
0
0
3.069
6.469
7.88
0
2.125
0
0
0
0
0
0
20.986
4.01
0
0
0
0
2.266
3.076
0.788
4.89
0
0
0
0
0
3.565
2.294
0.743
0
0
8.999
4.961
0
0.706
3.438
0
4.518
4.51
0.805
0
9.868
2.365
0
0
0
2.126
3.94
0
0
2.47
0
3.447
0.932
1.173
0
3.679
0.793
9.152
8.076
10.624
2.716
4.626
0
6.013
7.381
0
8.797
0
3.81
0
0
0.829
20.298
0.952
1.077
8.491
0
4.774
11.352
4.635
0
0
1.797
0
