0.938	3.055	0
0	0	8.606
0	0	34.689
7.332	0	1.74
0	0	0
24.166	0.855	10.597
23.539	3.83	18.126
0	3.415	0
0.873	0	0.855
10	5	40.807
50.897	0	0
0	0	32.35
0	0	3.055
0.855	0.873	24.166
3.415	0.954	0
5	18.126	10
8.334	8.542	19.11
3.83	6.294	23.539
8.542	5.702	8.334
0	0	0
6.294	6.799	3.83
49.441	40.807	1.073
0	0	12.028
0	14.906	0
0	7.81	50.897
0	13.648	0.873
40.807	10	49.441
0	0	0
0.954	0	3.415
5.702	10.597	8.542
10.597	24.166	5.702
0	0	0
14.906	0	0
0	0	0
18.126	23.539	5
0	1.669	17.912
21.026	14.259	23.897
3.752	6.602	11.495
6.575	10.92	0.722
9.426	11.495	4.294
7.592	0	6.602
14.259	4.294	21.026
10.92	8.46	6.575
1.483	0	25.418
0.769	17.912	0
1.132	0	0
8.537	0.722	0.73
23.897	21.026	8.46
27.179	0.717	21.149
25.418	1.483	0
6.602	7.592	3.752
17.912	0	0.769
11.495	3.752	9.426
0	0	0
0.958	0	3.132
0	2.965	0
0	0	10.728
0	0	0
2.965	4.93	0
0	0	6.885
0	13.426	0
23.521	6.789	1.864
0	0	0
0	0	0
0	0	0.958
0	0	0
5.899	0	0
0	0	0
0	0	15.011
1.864	23.521	49.155
0	0	0
0	0	8.565
0	0	0
0	0	0
5.792	24.988	0
0	0.891	0
3.132	0.958	0
0	5.792	0
6.885	0	11.843
49.155	1.864	24.988
0	0	4.841
0	0	0
0	5.899	0.891
0	0	-1
0	0	0
0	0	0
0	2.861	0
0	0	0
0	0	0
0	0	3.871
0	0	0
0	0	0
0	0	0
0	0	0
0	3.835	0
0	0	0
0	0	0
2.845	0	0
0	0	0
0	0	0
0	0	0
0	0	0
0	2.845	0
0	0	0
0	0	0
0	0	0
0	0	0
0	0	0
0	11.453	0
0	0	0
0	0	0
0	0	2.845
0	0	0
18.368	7.166	20.616
18.299	0	3.643
0	-1	0
0	3.938	0.962
7.591	7.739	6.06
1.99	13.682	14.99
0	17.552	20.65
0.858	0.891	0.863
0.962	0	0
0	0	0.925
14.99	1.99	4.247
0	0	19.721
0	0	3.008
7.246	0	9.435
0	0.962	0
4.247	14.99	7.166
10.134	0	0
0	0	0
9.435	7.246	0
3.938	0	0
0	0	0
0	0	1.721
0	0	0
1.721	0	0
0.925	0	1.896
25.439	3.008	17.552
7.166	4.247	18.368
1.803	0	0
0	0	10.134
0	0	0
13.682	0	1.99
10.649	51.982	16.969
0	0	13.682
0	10.681	1.803
0.995	0	0
5.562	0	0
0	0	3.682
0	0	0
0	0	0
3.682	0	3.774
6.132	0	0
7.756	11.019	2.101
0	0	0
0	5.562	4.922
3.774	3.682	0
0	0	0
2.053	0	0
11.019	3.779	7.756
0	-1	0
0	0	0
4.922	0	0
0	2.053	0
0	0	1.065
0	0.995	6.132
1.065	0	0
0	0	5.562
3.779	0	11.019
0	0	2.053
0	4.922	0
0	0	0
0	0	0
2.101	7.756	0
0	0	6.552
0	0	0
14.437	14.91	16.11
3.745	3.882	0
0.86	0.915	5.564
5.656	8.668	8.852
0	0	-1
0	9.443	0
19.234	22.915	2.909
8.668	9.662	5.656
7.73	8.506	8.026
0	2.624	0
0	0.874	0
2.624	0	0
0	0	0
8.852	5.656	7.545
9.443	0	0
0	0.892	0
14.91	11.133	14.437
12.303	13.226	11.133
12.381	13.632	12.164
0	0	5.333
10.882	18.48	9.58
8.506	0	7.73
0	0	2.624
6.552	0	0
9.58	10.882	9.662
7.545	8.852	22.915
3.882	0	3.745
0	0	8.506
9.798	8.026	13.632
0	3.745	0
0	0	0
11.133	12.303	14.91
18.48	16.11	10.882
0	6.552	0
8.026	7.73	9.798
9.662	9.58	8.668
0	0	0
2.909	19.234	0
0	5.564	0
16.11	14.437	18.48
22.915	7.545	19.234
5.828	0.874	3.155
0	0	0
33.935	0.99	7.076
0	0	66.141
0	0	0
0	0.85	0
0	0	16.168
5.263	0	0
0	0	0
7.076	33.935	0
0	16.168	9.046
3.497	66.141	0
0	19.58	0
0	0	0
0	0	25.933
10.513	2.828	2.317
0	0	0
0	0	0
19.58	9.046	0
66.141	0	3.497
0	5.263	0
0.873	0	0
6.216	3.515	0
0	6.216	0
9.046	0	19.58
0	0	2.083
0	0	0
0	0	0
0.99	0	33.935
2.083	0	1.039
13.331	7.928	8.868
0	3.844	3.98
8.143	0	0
0	12.698	0
7.928	7.262	13.331
0	8.143	0
0	0	0
0	8.135	8.143
0	0	0
0	0	2.827
0	0	12.698
4.341	0	5.495
0	2.827	1.008
1.008	0	1.938
4.719	12.93	1.746
12.698	0	0
1.746	4.719	3.893
8.868	13.331	13.216
8.135	5.495	0
4.553	9.929	0
0	0.893	4.341
7.262	7.295	7.928
12.93	11.103	4.719
0	0	0.857
1.896	0	0
13.075	0	0
1.715	0	0.915
10.861	21.913	4.95
5.271	7.005	0
0	0	7.771
0.899	5.565	4.542
0	1.896	0.968
1.708	0	0
0.873	0	0
3.017	4.95	1.797
0	7.771	0
5.565	11.726	0.899
0.895	0	9.309
7.771	0	0
0.915	1.715	7.391
0	0.968	0
0	2.699	0
3.848	4.139	0
0	3.667	11.726
21.913	14.434	10.861
0	0	0
0	0	0.895
11.909	10.483	11.104
4.95	10.861	3.017
2.973	1.797	15.867
0.968	0	0
2.398	0	0
0	0	2.699
0	0	0
1.741	9.309	1.932
0	3.013	7.005
9.309	0.895	1.741
0	3.848	0
10.483	15.867	11.909
11.104	11.909	3.013
0	0	1.715
1.932	1.741	2.786
3.013	11.104	0
1.797	3.017	2.973
7.391	0.915	13.907
0	0	0
5.168	8.411	3.48
4.273	9.272	7.316
0.827	0	1.692
0	6.461	4.577
0	0	0.827
3.923	5.504	5.854
7.107	2.044	0
9.951	11.128	8.706
1.89	0	0
0	7.107	0
13.837	14.312	12.233
0	0	0
9.272	7.652	4.273
0	0	0
1.713	0	4.076
7.652	10.732	9.272
0	0	0
10.732	8.895	7.652
0	0	0
0	1.89	0.842
0	0	0
8.895	6.182	10.732
4.386	7.316	8.411
0	5.242	0
12.233	13.837	11.128
0	0	0
0	8.706	0
0	0	0
0	0	0
0	0	0
0	0	0
0	0	1.713
7.316	4.273	4.386
0	0	0
11.484	25.31	5.812
0	1.128	2.977
60.77	38.759	0
26.441	0.969	0
11.356	0.967	0
2.796	0	2.819
13.346	1.796	0
0	10.379	0.924
0	16.857	0
1.053	3.562	6.3
3.609	0	1.806
0	11.587	0
0	0	0
5.812	11.484	3.972
0.967	0	11.356
4.835	9.679	6.471
0	0	18.835
0	0	38.872
0	0	2.626
0	0	0.98
2.638	0.879	8.519
18.315	18.835	2.085
0	0	0
57.487	2.987	76.843
2.941	0	0.888
25.31	27.474	11.484
0	0	12.406
0	5.366	0
0	0	0
2.987	27.318	57.487
0.879	0.938	2.638
0	0	0
0	60.77	0.967
7.752	0.91	27.193
3.972	5.812	1.821
0	0	2.941
8.672	5.405	3.766
0	0	11.587
0	0	0
0.894	1.769	5.555
12.673	7.484	4.571
0	19.077	1.769
0	0	4.457
0	0	0
0	0	2.796
30.12	9.04	79.294
0	0	3.634
0	1.821	0
19.077	4.594	0
27.193	7.752	7.484
1.891	1.797	0
0	0	0
38.759	2.236	60.77
0	0.874	0
11.344	0	0
0.969	0	26.441
0	15.8	0
0	0	3.609
0.874	0.871	0
0	2.977	11.344
0	11.356	0.969
4.412	0	0
4.571	12.673	1.796
1.769	0	0.894
0	19.134	0
0	8.573	0
4.457	0	15.906
0	0	0
0	0	-1
0	0	0
9.296	13.116	8.41
0	0	0
13.116	10.825	9.296
6.243	0	0
0	0	0
0	7.882	6.243
0	0	0
4.551	9.991	2.842
2.842	4.551	0
0	0	0
0	2.842	0
0	0	0
0	0	0
0	0	0
0	0	0
0	0	0
0	0	0
0	0	0
3.243	0	2.172
0	6.243	0
0	0	0
0	0	0
0	0	3.243
0	0	1.048
0	0	0
0	0.981	1.069
0	2.238	0
0	2.213	1.005
0.981	0	0
0	0	0
0	1.207	2.213
2.213	0	0
0	0	0.981
0	0	1.002
0.981	0	0
0	0	0
1.048	0	0
0	0	0.981
0	0	0
0	0	1.207
1.002	0	0
0	0	0
0	2.11	0
0	0	0
0	0	0
0	0	0
0	0	0
1.207	0	0
0	1.069	0
14.397	7.965	0
7.962	0	0
11.097	0	0
0.9	0	7.965
0	14.397	0
6.727	0	0
7.965	0.9	14.397
0	0	0.9
0	0	7.962
2.899	0	0
0	7.962	9.305
0	9.915	3.719
0	0	0
0	0	0
0	4.935	0
0	2.899	0
7.753	3.719	14.967
0	24.824	0
24.824	1.825	0
0	0	4.935
0	0	2.002
4.935	0	0
0	0	6.727
2.002	0	0
1.825	13.364	24.824
3.616	4.409	10.275
1.915	0	0
3.548	1.561	0
0	7.718	3.82
5.536	0	0.639
4.025	1.75	2.558
0	0	2.145
2.175	2.145	0
3.82	0	1.517
0	3.548	5.536
10.275	3.616	0
2.558	4.025	1.561
1.517	3.82	3.198
1.75	0	4.025
3.198	1.517	3.009
0	2.175	0
2.145	0	2.175
3.009	3.198	9.013
9.013	3.009	2.18
4.763	3.21	4.291
0.645	8.516	2.122
4.409	2.18	3.616
1.561	2.558	3.548
0	35.265	0
0.915	0	0
0	0	0.93
0	0	0
0	0	0
0	0	0
0	0	0
1.866	1.911	0.887
13.22	0	58.227
0	0	4.564
0	0	19.3
11.64	10.591	11.82
3.792	0	0.979
0	29.67	0
10.336	18.722	0.863
1.754	0	0
18.722	0	10.336
0.979	3.792	1.911
0	0.915	0
0	0	0.915
0	0	0
0	4.608	13.22
29.67	0	0
0.923	5.673	1.832
11.82	11.64	3.674
0.868	0	0.864
5.706	50.818	23.075
0	1.754	0
0	13.088	3.79
5.673	3.674	0.923
27.046	0.863	0
4.564	0	0.912
4.608	0	0
0	0.912	0
0.917	9.339	4.903
3.822	0	13.922
0	3.625	0
13.463	1.845	0
0	0	0
0	0	0
4.903	0.917	0
3.625	0	0
0	13.463	3.625
6.324	3.09	0
14.745	11.596	7.65
12.565	5.379	8.263
3.09	7.432	6.324
0	0	0
4.846	7.401	0
7.401	0.922	4.846
1.832	3.694	0
7.432	2.878	3.09
2.878	4.819	7.432
0	0	0
0.922	0	7.401
0	0	0
0	0	0
8.62	10.205	8.748
0	4.903	3.694
0	0	0
14.674	0	0
3.694	0	1.832
0	0.891	4.819
10.205	15.863	8.62
1.845	0	13.463
1.935	0	0
1.875	0	3.839
4.06	0	24.234
0.966	3.783	34.815
20.362	10.482	45.517
17.783	37.886	4.01
0	23.414	1.875
0	0	1.935
55.238	45.517	23.414
0	5.954	0
0	4.01	0
3.839	1.875	0
0	0	0
0	0	10.817
7.066	0	0
23.414	55.238	0
16.542	14.08	10.022
10.482	66.079	20.362
0	0	0
4.01	17.783	0
0	3.839	0
0	17.631	0
45.517	20.362	55.238
19.503	1.829	1.893
5.954	0	0
0	0	0
66.079	5.863	10.482
28.867	11.273	7.827
46.517	0	19.095
0	10.817	0
0	0	0
0	0	0
0	0	0
0	0	0
0	0	0
3.923	0.989	0
6.083	0	10.177
0	0	0
0	6.667	6.083
0	0	0
0	-1	0
6.499	3.555	0.989
1.539	9.562	6.667
8.141	10.177	13.333
0	0	3.98
10.177	6.083	8.141
3.555	3.98	6.499
3.526	0	0
3.98	0	3.555
6.667	1.539	0
0	5.832	0
3.374	4.976	0
7.389	0	1.088
10.958	0	42.533
0	1.241	23.128
0	0	0
4.976	0	3.374
1.088	7.389	8.291
42.533	10.958	0
0.898	0	0
0	0	7.389
0	42.533	0
8.291	1.088	6.834
1.962	23.128	0
0	0	2.79
2.79	0	5.832
0	0	0
0	1.962	0
5.832	2.79	0
13.224	28.496	33.941
28.32	10.679	23.661
12.777	0.888	0.909
0.88	2.753	6.376
24.882	16.44	13.17
6.376	0.88	0
23.892	23.661	29.129
30.766	23.786	28.029
13.807	13.17	23.303
28.496	30.338	13.224
33.941	13.224	26.343
30.338	35.212	28.496
13.17	24.882	13.807
16.44	30.884	24.882
0	0	0
29.129	23.892	29.776
22.316	25.792	25.832
35.212	15.434	30.338
27.507	13.164	25.832
0	0	0
0	2.802	0
0	0	2.802
30.884	25.832	16.44
10.679	3.144	28.32
2.802	0	0
23.661	28.32	23.892
26.343	33.941	13.164
25.832	22.316	30.884
0	0	0
29.776	29.129	15.434
0	0	0
12.759	0	0.915
13.04	9.931	7.593
10.915	0.884	0
34.821	4.714	19.141
0	0	1.894
0	0	0
0.915	0.882	47.545
2.871	19.141	35.735
0	0.916	0
0	31.316	6.07
0	0	0.916
0	0	0
10.541	0.878	33.59
7.593	13.04	10.869
31.316	0	0
20.912	0	6.621
0.884	0	10.915
19.141	34.821	2.871
0	1.849	18.386
33.59	10.541	0.974
0	0	0
6.621	20.912	27.067
0	1.796	1.785
13.549	5.963	12.652
12.652	13.549	8.625
16.728	14.225	5.652
1.785	0	0
0	0	3.514
0	0	0
5.963	7.998	13.549
8.625	12.652	20.738
12.484	14.264	7.492
0	0	0
20.738	8.625	14.264
0	0	1.729
1.796	0	0
6.53	3.379	11.562
1.817	0	0
0	0	0
0	1.817	0
0.983	0	0
0	1.785	0
4.985	3.514	0
0	0	0
7.998	16.134	5.963
0	0	0
0	1.077	0
8.467	0	3.379
0	0	0
1.077	1.917	0
16.134	11.254	7.998
3.514	0	4.985
0	2.115	0
0	7.604	0
0	0	0
0	0	0
8.711	0	1.945
0	0	0
7.604	3.336	0
3.779	1.945	3.518
0	0	0
3.518	3.779	3.336
0	4.164	0
0	0	0
3.336	3.518	7.604
0	0	0
0	0	0
0	0	0
0	0	0
0	0	4.049
0	1.017	0
0	0	0
4.164	0	0
0	0	0
4.049	0	0
7.488	21.093	0
0	0	1.833
0	2.674	0
0.856	0	9.741
0	0	0
0	0.87	0
0	23.737	0
0	0	0
0	0	0
0.922	0	0
2.674	0	0
0	0	23.737
9.741	0.856	0
23.737	0	0
0	0	0
0	0	0
0.878	0	32.319
0	0	0
0	35.06	0.856
0	0	0
21.093	0	7.488
0	3.704	0
0	0.827	0
15.634	3.234	2.144
0	3.367	47.336
7.117	8.076	42.798
8.076	0	7.117
2.144	15.634	6.138
2.695	0	0
3.366	15.1	7.146
15.1	3.851	3.366
0	5.234	8.076
0	0	-1
0.84	0	0
33.005	4.342	7.079
0	0	0
5.787	6.286	3.234
0	0.84	0
0	0	0
42.798	7.117	6.286
0	0	0
47.336	0	1.935
3.851	7.079	15.1
4.822	0	0
1.935	47.336	2.761
6.286	42.798	5.787
0	10.297	0
0	0	12.267
0	5.829	0
0	0	1.94
0	0	0
0	0	0
0	0	0
0	0	0
0	3.701	2.195
6.396	1.018	5.9
0.976	0	0
0	12.267	0
0	0	0
0	0	0
0	0	0
0	0	0.927
0.927	0	0
0	0	0
0	0	0
0	0	19.875
1.051	2.195	1.018
0.976	0	0
0	0	0
1.018	1.051	6.396
0	0	0
0	0	0
0	2.797	0.918
19.875	0	0
0	19.875	0
0.94	0	0
0.912	0	0
0	0	0
0.911	0	5.829
0	0	0
0	0	0
0	0	0.976
0	0	0
0	2.884	0
0	0	2.797
0	0	2.901
0	0	0
8.878	1.94	4.312
12.267	0	0
0	0	0
10.297	0	0
0	0	0
18.18	28.686	0
0	0	0
2.609	29.922	0
0.929	1.05	0
9.567	0	0.829
0	1.877	9.567
8.265	0.845	4.879
0.829	9.567	0
4.879	8.265	19.905
0	2.609	1.05
0	0.929	0
2.545	0	0.845
0.845	2.545	8.265
0	1.978	2.545
3.005	8.502	1.877
1.877	3.005	0
29.922	3.63	2.609
19.905	4.879	3.63
2.279	0	0
0	0	0
0	0	0
0	0	0
3.136	7.077	1.056
0	0	0
0	0	0
0	0	0
0	0	1.905
0	0	0
0	0	0
1.905	0	0
1.056	3.136	0
0	1.905	0
7.077	0.977	3.136
0	0	0
0	0	0
0	2.279	0
0.977	0	7.077
0	0	0
0	0	0
0	0.898	4.153
0	1.904	0
1.627	0.789	0.789
0	0	3.298
0	0	0
0	0	2.383
0	0	0
0	0	0
8.236	9.06	18.842
0	0.836	2.53
9.575	6.405	0
3.305	16.115	6.761
12.307	17.17	9.06
0.862	0	2.075
0	2.53	0
0	14.028	17.488
0	0	0
9.06	12.307	8.236
6.091	5.835	6.074
0	5.04	0.789
4.153	0	0
0	0	7.677
0	0	0
0	9.575	0.862
0	6.761	1.453
3.298	0	15.426
6.074	6.091	4.895
0	0	0
0	0	0
0	0	0
9.462	18.842	6.362
0	0	3.183
0	4.153	4.101
6.204	2.075	0
4.895	6.074	6.405
0	0	0
0	7.677	1.904
0.785	17.488	4.666
0	0	0.836
0	0	0
2.075	0.862	6.204
14.028	32.626	0
0.789	0	1.627
0	0	0
0	0	18.81
0.836	2.53	0
6.405	4.895	9.575
0.951	0	0
0.898	0	0
0	6.204	0.951
5.04	4.666	0
2.909	2.976	0
26.907	3.803	0
2.979	0.951	4.992
0.971	0	0.951
0.929	0	14.559
0	2.973	0.939
0	0	12.348
2.976	1.876	2.909
0.961	10.702	0
4.992	2.979	0
1.914	31.576	0
0.951	0.971	2.979
9.04	0	0
0	0	0
0	0	0
0	0	0.929
0	9.04	5.174
10.695	0	3.803
0	0	0
19.445	1.109	1.876
12.348	0	0
3.803	10.695	26.907
0	1.914	0
8.952	10.188	0
0	14.979	0
0	0	0.971
0	0	0
0.939	0	0
0	0	0
6.657	0	0
10.188	0	8.952
2.973	0	0
8.992	0.961	0
0	0	0
14.979	14.648	0
0	0	9.04
0	0	0
0	0	0
0	14.559	0
0	8.992	10.695
15.52	0	14.648
17.211	0	0
0	2.909	0
0	26.907	0
1.876	19.445	2.976
0	0	0
38.479	0	0
0	8.952	2.973
31.362	0	0
0	0	0
0	0	0
5.704	25.834	0
10.702	0.963	0.961
0	0	0
0	0	0
0	0	31.576
0	1.762	1.988
0	0	0
0	0	0
4.961	2.053	0
1.988	0	0
0	0	0
0	0	0
2.902	4.282	4.576
4.736	6.141	8.946
0	26.202	0
5.005	0	0
5.656	6.955	0
0	0	7.903
1.876	0	0
4.324	0.948	0
6.885	0	0
0	0.89	0
0	5.005	6.141
2.053	0	4.961
6.955	0	5.656
0	5.656	0.966
0	0	0
8.946	4.736	31.869
26.202	0	0
0	1.988	24.08
0.89	24.08	0
0	1.876	2.053
0	0	6.955
0	0	0
0	4.961	0
24.08	0	0.89
19.262	1.92	0
0	0	0
0	19.262	17.462
0	0	1.103
1.92	0	19.262
0	0	0
1.103	0	0
0	0	0
17.462	0	0
0	1.103	0
0	0	1.92
0	0	0.864
0	0	32.256
0	0.864	0
32.256	0	0
0	0	0.925
0.864	0	0
0	32.256	0
0	17.462	0
0	0	0
0	0	0
0	0	0
28.709	8.668	0
4.781	0	0
0	0	0
0	0	0
17.443	11.515	8.668
0	0	0
0	0	0
0	0	0
0	0	0
0	0	0
0.952	0.981	11.922
32.073	19.104	17.247
0	0	0
0	0	0
0	0	0
0	28.709	20.256
0	10.656	11.515
17.247	32.073	0.896
0	0	0
0	0	0
0	0	0
26.742	9.732	29.256
0	0	0
0.896	17.247	0.925
10.656	0	0
11.515	0	17.443
33.253	11.922	9.908
0	0	0
0	0	0
0	0	0
0	0	0
0	0	0
0	0	0
0	0	0
0	0	0
15.091	0	0
0	0	0
8.147	0	0
0	6.498	0
0	0	0
0	0	0
0	0	0
0	0	0
0	0	0
0	0	0
0	0	15.091
0	0	8.147
0	0	0
0	0	0
0	15.091	0.974
6.498	8.914	0
22.681	19.279	16.138
37.949	24.675	30.659
18.905	25.467	33.608
33.608	18.905	44.593
0	0	0
27.068	44.446	28.648
44.593	33.608	29.536
16.654	28.542	44.446
0	0.879	0
28.648	27.068	25.907
15.446	17.909	15.23
0	0	0.926
0.879	4.454	0
19.279	0.926	22.681
15.23	15.446	5.392
25.985	23.614	28.145
17.909	6.831	15.446
44.446	16.654	27.068
29.536	44.593	19.639
18.914	23.193	25.467
0	0	0
4.735	4.574	3.876
29.931	32.398	36.661
0.926	0	19.279
6.831	13.247	17.909
24.675	19.639	37.949
4.574	5.895	4.735
28.542	36.661	16.654
32.398	30.659	29.931
4.454	3.876	0.879
25.467	18.914	18.905
0	0	0
0	0	0
0	0	0
0	4.737	0
0	0	0
0	0	0
0	17.569	0
2.952	0	0
0	0	0
0	0	0
0	0	0
0	0	8.914
0	0	1.08
0	0	0
0	0	0
0	0	0
0	0	2.952
0	0	0
18.951	8.914	23.593
0	0	0
0	0	0
4.457	1.08	0
0	0	0
8.914	0	18.951
0.878	1.139	0
1.08	0	4.457
17.569	0	0
0	0	17.569
0	0	0
0	0	1.139
1.139	0	0.878
28.017	23.593	10.487
0	0	0
5.693	0	0
0	4.964	5.693
0	0	0
0	5.655	0.853
0.853	0	0.882
0.924	0	0
0	0	0
0	0	0
0	1.904	0
4.964	3.672	0
16.063	1.884	0
0	0	0
0	5.693	0
0	7.421	0.88
0	0	0
0	0	0.924
11.754	0	1.919
0	0	0
0	0.924	20.189
3.672	0	4.964
0	0	0
0	0	0
10.575	6.405	6.122
0	0	0
6.405	4.809	10.575
4.722	7.447	3.771
0	0	0
0	0	1.724
12.225	17.245	10.378
0	0	0
15.15	15.205	14.487
2.614	2.723	0
4.809	8.361	6.405
7.447	5.962	4.722
0	0	0
0	0	0
0	0	0
0	2.614	0.85
0	2.645	0
0.85	0	0
5.962	4.785	7.447
0	0.85	0
2.645	0	0
0	0	0
0	3.771	2.645
15.605	12.065	8.361
1.795	12.48	4.785
4.785	1.795	5.962
1.788	0	0
13.847	10.955	15.205
0	0	0.863
10.378	12.225	11.854
12.48	6.122	1.795
13.952	0	9.259
15.205	13.847	15.15
0	0	0
14.487	15.15	12.75
0	0	0
7.993	9.259	0
0	1.788	0
0.863	0	0
15.504	12.75	17.245
6.122	10.575	12.48
12.065	11.854	15.605
3.771	4.722	0
0	0	0
6.977	24.778	0
0	51.872	0
24.778	0	6.977
20.201	0	10.147
0.792	8.76	0
51.872	0	0
0	0	0
7.688	0	0
9.178	0	0
0	3.048	0
0	0	0
8.76	3.581	0.792
10.147	20.201	3.581
0	2.445	38.464
0	9.178	0
1.687	38.464	0
0	0	0
0	0	7.688
3.048	0	0
0	0	0
38.464	0	1.687
0	6.977	3.048
3.581	10.147	8.76
0	0	0
8.803	9.425	9.669
1.65	0.843	0
8.013	4.454	2.503
1.583	0	0
0	0	0
0	0	0
0	0.812	0
0	0	0.812
1.066	0	0
0	0	0
0.843	2.701	1.65
2.701	0	0.843
4.454	0	8.013
0.832	0	0.841
0	3.863	0
0	0	1.066
0	1.65	4.454
10.006	0	0
2.503	8.013	4.741
0	10.006	0
0	1.066	0
0	0	0
0	0	0
16.965	4.597	6.152
22.829	0	0
8.653	0	0.882
44.671	3.861	6.407
0.952	0	0
0	0	22.829
37.307	4.41	0
0	0	0
25.609	10.974	18.615
3.772	0	0
0.882	8.653	44.169
2.15	0	0
0	0	0
6.407	44.671	22.114
0	0	11.726
0	0	22.261
1.878	0	0
25.919	0	26.405
0	0	0
7.338	4.607	0
0	2.141	0
0	0	0
33.612	22.114	3.949
0	7.512	0
10.974	48.96	25.609
27.301	0	2.738
22.114	6.407	33.612
0	0	0
0	1.768	1.878
0	1.878	27.301
6.504	2.738	0
0	0	0
0	0	0
0.876	0	1.768
44.169	0.882	0
2.111	0	0
0	0	0
0	0	0
0	0	0
0	0	0
0	0	0
0	0	0
0	0	0
0	0	0
0	0	0
0	0	0
0	0	0
0	0	0
0	0	0
0	0	0
0	0	0
0	0	0
0	0	0
0	0	0
0	0	0
0	0	0
0	0	0
0	0	0
0.85	0	0
4.809	8.361	6.405
0	0.85	0
1.788	0	0
6.405	4.809	10.575
0	0	0.863
0	2.614	0.85
6.122	10.575	12.48
0.863	0	0
7.447	5.962	4.722
14.487	15.15	12.75
13.952	0	9.259
1.193	0	0
2.614	2.723	0
5.962	4.785	7.447
15.15	15.205	14.487
0	0	0
12.48	6.122	1.795
0	1.193	0
0	0	1.193
1.795	12.48	4.785
10.945	10.903	10.955
0	2.645	0
0	1.788	0
0	0	0
0	0	0
15.605	12.065	8.361
7.993	9.259	0
4.785	1.795	5.962
0	0	0
2.645	0	0
0	0	0
12.065	11.854	15.605
3.771	4.722	0
8.361	15.605	4.809
15.205	13.847	15.15
4.722	7.447	3.771
0	0	0
0	0	1.724
10.575	6.405	6.122
0	0	0
0	10.617	1.958
11.146	13.886	3.762
0.914	0	0.979
8.519	13.281	16.289
0	26.702	0
38.293	2.787	0
2.898	0	0
42.746	20.978	0
0	21.905	0
13.886	28.477	11.146
26.702	0	0
4.639	9.942	0.895
2.806	8.436	1.88
1.958	0	9.942
0	34.452	7.471
0	42.746	18.425
0	2.898	0
18.425	0	2.178
20.978	2.084	42.746
26.675	0.906	4.625
3.762	11.146	34.452
10.617	15.178	0
34.452	3.762	0
2.178	18.425	15.975
0.895	4.639	0
15.178	0	10.617
0.906	0	26.675
8.759	8.859	17.14
0	0	-1
0	0	5.284
0	3.438	0
0.88	6.579	0
6.579	0	0.88
3.816	0	3.692
0	0	0
0	6.775	0
0	0	6.579
0	3.692	0
8.859	8.021	8.759
8.021	9.037	8.859
16.552	16.1	11.94
3.438	0	0
2.826	20.789	0
9.037	10.76	8.021
12.326	12.517	13.006
10.76	9.897	9.037
0	0.854	0
11.94	16.552	9.897
13.006	12.326	11.82
6.775	0	0
1.712	5.284	0
0	4.701	0
11.82	13.006	11.795
3.692	3.816	0
11.795	11.82	13.465
17.14	8.759	20.789
20.789	17.14	2.826
0	0	3.438
9.897	11.94	10.76
2.824	28.621	8.315
0	1.737	0
0	0	24.672
18.667	19.113	9.219
19.113	7.675	18.667
26.431	19.759	31.39
24.672	0	12.532
0	0	2.706
19.622	15.034	17.597
1.737	17.597	0
0	0.883	3.912
2.746	3.556	15.034
9.219	18.667	30.806
0	1.866	1.832
15.034	2.746	19.622
17.597	19.622	1.737
0	2.817	0
19.759	0	26.431
9.573	21.296	13.603
2.717	6.493	0.883
0	3.912	15.853
6.493	30.806	2.717
3.912	0	0
0	0	7.561
11.562	6.53	11.254
0	0	0
0	0	0
0	1.817	0
16.728	14.225	5.652
0	0	0
12.652	13.549	8.625
0	1.077	0
0	1.796	1.785
0	0	0
3.514	0	4.985
8.467	0	3.379
0	0	14.989
0	0	0
0	0	0
16.134	11.254	7.998
0	0	0
0	0	0
6.53	3.379	11.562
1.796	0	0
1.817	0	0
0	0	0
0	0	0
1.077	1.917	0
12.484	14.264	7.492
5.963	7.998	13.549
0.983	0	0
0	0	0
0	0	1.729
11.254	11.562	16.134
0	0	3.514
1.785	0	0
0	0	0
3.379	8.467	6.53
0	0	8.467
13.549	5.963	12.652
7.998	16.134	5.963
0	0	0
0	0	0
7.492	12.484	9.431
2.685	0	2.644
18.615	34.477	3.954
8.576	7.35	0
0	0	0
3.468	8.966	16.332
7.104	5.925	6.632
4.597	7.858	34.477
8.966	8.126	3.468
16.332	3.468	10.98
5.361	10.109	0
5.925	16.37	7.104
10.109	6.632	5.361
0.883	0	0
4.132	11.044	8.126
6.632	7.104	10.109
3.383	10.628	0
3.954	18.615	5.959
0	0.858	0.883
34.477	4.597	18.615
0	3.383	2.685
30.24	9.25	10.628
23.352	0	6.438
0.91	0	0.897
0.902	0	6.583
48.986	5.742	0.934
4.051	0	0
2.371	0	0
0	0	0
2.753	4.93	2.165
5.742	5.144	48.986
4.978	18.211	9.712
0	0	0.905
0	2.371	4.051
4.93	5.025	2.753
6.583	0.902	0
0.931	0	0
0	0.922	0
0	0	0
0.934	48.986	8.551
2.651	8.551	0
0	0	0
0.931	2.626	3.884
0	0	0
0.922	0	0
3.946	0	1.969
10.859	11.383	9.474
8.551	0.934	2.651
0	0	0
0	6.583	2.708
0	0	0
0	0	0
0	0	0
0	0	0
3.884	0.931	18.211
0	0	0
0	0	0
0	0	0
1.072	0	0
29.098	0	0.921
9.474	10.859	11.394
0	0	0
0	0	0.902
1.982	16.697	2.626
0	0.883	10.476
1.046	0	3.865
0	0	0
0	0	0
9.712	4.978	17.954
0	2.708	0
0	0	1.046
1.962	1.823	0
0	0	0
0.928	0	19.864
0	0	0
0	1.962	0
0.925	0	0
0.905	0	0
1.823	0	1.962
0	3.865	0
3.945	0	0
2.626	1.982	0.931
0	0	3.946
0	0	0
2.684	0	4.01
0	0	0
19.864	0.928	13.301
0	0	0
7.373	13.511	9.164
0.884	2.165	1.165
0.897	0.91	0
0	0	0
0	0	0
5.025	0	4.93
9.164	7.373	6.66
0	0	0.922
0	0	0
0	0	2.371
4.822	0	0
7.471	11.394	46.113
15.301	25.431	0
0	0	5.025
3.865	1.046	0
0	0	0
0	0.905	0
0	2.651	13.511
0	0	0
0	0	2.684
0	0	0
46.113	7.471	0
4.01	2.684	0
0	0	3.715
0	15.301	27.247
0	0	0
0	0	3.438
2.266	11.943	0
3.076	0	0
0.788	9.377	0
7.536	3.817	1.557
0	0	3.076
0	6.853	2.273
0	4.569	0
0	3.076	0.743
0	1.099	0
6.853	0	0
2.294	7.152	8.335
0.743	0	0.706
0	1.692	0
0.698	0	0
11.943	0	2.266
4.961	0.706	4.569
0	0	6.853
0.706	0.743	4.961
3.438	0	6.907
0	9.572	0
13.575	1.524	3.087
8.335	2.294	22.643
4.569	4.961	0
0	0	0
15.304	2.191	12.201
3.087	13.575	0
0	1.756	0
0	0.817	0
0	0.788	0.947
2.126	34.043	15.242
3.94	2.716	13.273
0	1.173	7.524
0	0	1.528
2.47	0	0
0	8.833	13.506
5.004	1.797	8.618
0.932	0	0.793
1.173	1.068	0
0	0.952	5.704
8.618	5.004	15.919
0.793	0.932	1.797
15.242	2.126	0
15.919	8.618	0
14.432	0.904	1.353
2.716	4.635	3.94
8.833	0	0
0	0	0
7.524	0	0
13.273	3.94	19.333
0	2.47	2.94
6.886	0.829	9.513
0	0	0.986
3.81	0	0.952
0	0	0
0	9.592	0.932
0.829	2.166	6.886
34.043	1.902	2.126
0.952	3.81	0
1.077	1.528	0
13.506	0	0
0	0	0
9.513	6.886	0
19.333	13.273	1.902
4.635	0	2.716
0	9.513	0
0	0	0
1.797	0.793	5.004
0	0	0
