0.938	3.055	0	0	0
0	0	8.606	0	0.962
0	0	34.689	0	0
7.332	0	1.74	0	0
0	0	0	0	6.4
24.166	0.855	10.597	0.873	5.702
23.539	3.83	18.126	6.294	5
0	3.415	0	0.954	0
0.873	0	0.855	13.648	24.166
10	5	40.807	18.126	49.441
50.897	0	0	7.81	0
0	0	32.35	14.906	0
0	0	3.055	12.028	0.938
0.855	0.873	24.166	0	10.597
3.415	0.954	0	0	0
5	18.126	10	23.539	40.807
8.334	8.542	19.11	5.702	23.207
3.83	6.294	23.539	6.799	18.126
8.542	5.702	8.334	10.597	19.11
0	0	0	3.415	0
6.294	6.799	3.83	17.302	23.539
49.441	40.807	1.073	10	44.307
0	0	12.028	0	0
0	14.906	0	0	32.35
0	7.81	50.897	5.531	0
0	13.648	0.873	0	0.855
40.807	10	49.441	5	1.073
0	0	0	50.897	0
0.954	0	3.415	0	0
5.702	10.597	8.542	24.166	8.334
10.597	24.166	5.702	0.855	8.542
0	0	0	0	0
14.906	0	0	0	0
0	0	0	0	0
18.126	23.539	5	3.83	10
0	1.669	17.912	0	0.769
21.026	14.259	23.897	4.294	8.46
3.752	6.602	11.495	7.592	9.426
6.575	10.92	0.722	8.46	8.537
9.426	11.495	4.294	3.752	14.259
7.592	0	6.602	0.726	3.752
14.259	4.294	21.026	9.426	23.897
10.92	8.46	6.575	23.897	0.722
1.483	0	25.418	1.132	0
0.769	17.912	0	0	2.609
1.132	0	0	0	1.483
8.537	0.722	0.73	6.575	4.297
23.897	21.026	8.46	14.259	10.92
27.179	0.717	21.149	6.455	1.542
25.418	1.483	0	0	0.859
6.602	7.592	3.752	0	11.495
17.912	0	0.769	1.669	0
11.495	3.752	9.426	6.602	4.294
0	0	0	0	2.024
0.958	0	3.132	0	0
0	2.965	0	4.93	20.148
0	0	10.728	0	0
0	0	0	0	0
2.965	4.93	0	12.573	0
0	0	6.885	0	11.843
0	13.426	0	0	0
23.521	6.789	1.864	9.717	49.155
0	0	0	3.132	0
0	0	0	0	0
0	0	0.958	7.045	3.132
0	0	0	0	0
5.899	0	0	0	0.891
0	0	0	0	6.885
0	0	15.011	19.436	5.771
1.864	23.521	49.155	6.789	24.988
0	0	0	0	0
0	0	8.565	5.771	14.835
0	0	0	0	0
0	0	0	13.426	0
5.792	24.988	0	49.155	0
0	0.891	0	0	0
3.132	0.958	0	0	0
0	5.792	0	24.988	13.426
6.885	0	11.843	0	0
49.155	1.864	24.988	23.521	5.792
0	0	4.841	6.796	0
0	0	0	0	10.728
0	5.899	0.891	0	0
0	0	-1	0	-1
0	0	0	0	0
0	0	0	0	0
0	2.861	0	0	0
0	0	0	0	0
0	0	0	0	0
0	0	3.871	0	0
0	0	0	0	0
0	0	0	3.871	1.919
0	0	0	0	0
0	0	0	0	0
0	3.835	0	0	0.981
0	0	0	0	0
0	0	0	0	0
2.845	0	0	0	0
0	0	0	0	0
0	0	0	0	0
0	0	0	11.453	0
0	0	0	0	0
0	2.845	0	0	0
0	0	0	0	2.845
0	0	0	0	0
0	0	0	0	0
0	0	0	0	0
0	0	0	0	0
0	11.453	0	1.831	0
0	0	0	0	2.861
0	0	0	2.845	3.871
0	0	2.845	0	0
0	0	0	0	0
18.368	7.166	20.616	4.247	0
18.299	0	3.643	2.625	10.681
0	-1	0	-1	0
0	3.938	0.962	0	0
7.591	7.739	6.06	0	0
1.99	13.682	14.99	0	4.247
0	17.552	20.65	25.439	0
0.858	0.891	0.863	0	0.893
0.962	0	0	3.938	0
0	0	0.925	0.902	1.896
14.99	1.99	4.247	13.682	7.166
0	0	19.721	0	0.889
0	0	3.008	0	25.439
7.246	0	9.435	1.803	0
0	0.962	0	0	13.682
4.247	14.99	7.166	1.99	18.368
10.134	0	0	0	0
0	0	0	0	0
9.435	7.246	0	0	0
3.938	0	0	0	0.962
0	0	0	20.39	3.008
0	0	1.721	0	0
0	0	0	-1	2.625
1.721	0	0	0	0.891
0.925	0	1.896	0	0
25.439	3.008	17.552	0	0
7.166	4.247	18.368	14.99	20.616
1.803	0	0	10.681	7.246
0	0	10.134	20.616	0
0	0	0	7.372	0
13.682	0	1.99	0	14.99
10.649	51.982	16.969	0	11.011
0	0	13.682	0.962	1.99
0	10.681	1.803	3.643	0
0.995	0	0	0	6.132
5.562	0	0	0	4.922
0	0	3.682	0	3.774
0	0	0	0	0
0	0	0	0	0
3.682	0	3.774	0	0
6.132	0	0	0.995	0
7.756	11.019	2.101	3.779	0
0	0	0	-1	0
0	5.562	4.922	0	0
3.774	3.682	0	0	0
0	0	0	0	0.995
2.053	0	0	0	0
11.019	3.779	7.756	0	2.101
0	-1	0	-1	0
0	0	0	0	0.931
4.922	0	0	5.562	0
0	2.053	0	0	0
0	0	1.065	0	0
0	0.995	6.132	0	0
1.065	0	0	0	0
0	0	5.562	0	0
3.779	0	11.019	0	7.756
0	0	2.053	4.047	0
0	4.922	0	0	0
0	0	0	3.774	0
0	0	0	4.922	0
2.101	7.756	0	11.019	0
0	0	6.552	0	0
0	0	0	5.564	6.552
14.437	14.91	16.11	11.133	18.48
3.745	3.882	0	0	0
0.86	0.915	5.564	0	0
5.656	8.668	8.852	9.662	7.545
0	0	-1	0	-1
0	9.443	0	0	0
19.234	22.915	2.909	7.545	0
8.668	9.662	5.656	9.58	8.852
7.73	8.506	8.026	0	9.798
0	2.624	0	0	0
0	0.874	0	5.333	0.866
2.624	0	0	0	0
0	0	0	0	0
8.852	5.656	7.545	8.668	22.915
9.443	0	0	0	0
0	0.892	0	3.748	2.624
14.91	11.133	14.437	12.303	16.11
12.303	13.226	11.133	12.164	14.91
12.381	13.632	12.164	9.798	13.226
0	0	5.333	0	0.874
10.882	18.48	9.58	16.11	9.662
8.506	0	7.73	0	8.026
0	0	2.624	0.892	0
6.552	0	0	0	0
9.58	10.882	9.662	18.48	8.668
7.545	8.852	22.915	5.656	19.234
3.882	0	3.745	2.909	0
0	0	8.506	0	7.73
9.798	8.026	13.632	7.73	12.381
0	3.745	0	3.882	9.443
0	0	0	0	0
11.133	12.303	14.91	13.226	14.437
18.48	16.11	10.882	14.437	9.58
0	6.552	0	0	0
8.026	7.73	9.798	8.506	13.632
9.662	9.58	8.668	10.882	5.656
0	0	0	0	8.506
2.909	19.234	0	22.915	3.882
0	5.564	0	0.86	0
16.11	14.437	18.48	14.91	10.882
22.915	7.545	19.234	8.852	2.909
5.828	0.874	3.155	6.249	7.944
0	0	0	0	0
33.935	0.99	7.076	0	0
0	0	66.141	0	3.497
0	0	0	0	0
0	0.85	0	29.282	0
0	0	16.168	0	0
5.263	0	0	0	0
0	0	0	0	0
7.076	33.935	0	0.99	0
0	16.168	9.046	0	19.58
3.497	66.141	0	0	1.034
0	19.58	0	9.046	5.263
0	0	0	17.691	16.168
0	0	25.933	0	26.639
10.513	2.828	2.317	2.808	4.89
0	0	0	0	0
0	0	0	0	0
19.58	9.046	0	0	0
66.141	0	3.497	0	0
0	5.263	0	0	0
0.873	0	0	0	0
6.216	3.515	0	29.837	0
0	6.216	0	3.515	0
9.046	0	19.58	16.168	0
0	0	2.083	0	1.039
0	0	0	0	0
0	0	0	6.216	0
0.99	0	33.935	0	7.076
2.083	0	1.039	0	0
13.331	7.928	8.868	7.262	13.216
0	3.844	3.98	6.995	6.086
8.143	0	0	8.135	0
0	12.698	0	0	0
7.928	7.262	13.331	7.295	8.868
0	8.143	0	0	0
0	0	0	12.698	2.827
0	8.135	8.143	5.495	0
0	0	0	8.143	12.698
0	0	2.827	0	0
0	0	12.698	0	0
4.341	0	5.495	0.893	8.135
0	2.827	1.008	0	1.938
1.008	0	1.938	2.827	6.995
4.719	12.93	1.746	11.103	3.893
12.698	0	0	0	0
1.746	4.719	3.893	12.93	5.805
8.868	13.331	13.216	7.928	7.634
8.135	5.495	0	4.341	8.143
4.553	9.929	0	4.567	0
0	0.893	4.341	5.805	5.495
7.262	7.295	7.928	3.749	13.331
12.93	11.103	4.719	1.157	1.746
0	0	0.857	0	0
1.896	0	0	0	0.968
13.075	0	0	11.336	0
1.715	0	0.915	0	7.391
10.861	21.913	4.95	14.434	3.017
5.271	7.005	0	0	17.251
0	0	7.771	3.848	0
0.899	5.565	4.542	11.726	29.07
0	1.896	0.968	0	0
1.708	0	0	1.696	4.875
0.873	0	0	0	2.398
3.017	4.95	1.797	10.861	2.973
0	7.771	0	0	0
5.565	11.726	0.899	0	4.542
0.895	0	9.309	0	1.741
7.771	0	0	0	0
0.915	1.715	7.391	0	13.907
0	0.968	0	0	0
0	2.699	0	0	1.896
3.848	4.139	0	0	0
0	3.667	11.726	22.374	5.565
21.913	14.434	10.861	50.353	4.95
0	0	0	7.771	1.715
0	0	0.895	4.875	9.309
11.909	10.483	11.104	15.867	3.013
4.95	10.861	3.017	21.913	1.797
2.973	1.797	15.867	3.017	10.483
0.968	0	0	1.896	0
2.398	0	0	0.873	1.04
0	0	2.699	13.075	0
0	0	0	15.455	0
1.741	9.309	1.932	0.895	2.786
0	3.013	7.005	11.104	5.271
9.309	0.895	1.741	0	1.932
0	3.848	0	4.139	7.771
10.483	15.867	11.909	2.973	11.104
11.104	11.909	3.013	10.483	0
0	0	1.715	0	0.915
1.932	1.741	2.786	9.309	6.661
3.013	11.104	0	11.909	7.005
1.797	3.017	2.973	4.95	15.867
7.391	0.915	13.907	1.715	0
0	0	0	0	0
5.168	8.411	3.48	4.386	4.361
4.273	9.272	7.316	7.652	4.386
0.827	0	1.692	0	0
0	6.461	4.577	0.842	0
0	0	0.827	0	1.692
3.923	5.504	5.854	0	7.425
7.107	2.044	0	3.149	0
9.951	11.128	8.706	12.233	0
1.89	0	0	0	0.842
0	7.107	0	2.044	0
13.837	14.312	12.233	12.206	11.128
0	0	0	0	0
9.272	7.652	4.273	10.732	7.316
0	0	0	5.242	0
1.713	0	4.076	0	5.635
7.652	10.732	9.272	8.895	4.273
0	0	0	8.706	0
10.732	8.895	7.652	6.182	9.272
0	0	0	0	2.941
0	1.89	0.842	0	6.461
0	0	0	0	0
8.895	6.182	10.732	7.425	7.652
4.386	7.316	8.411	4.273	5.168
0	5.242	0	0.87	0
12.233	13.837	11.128	14.312	9.951
0	0	0	0	0
0	8.706	0	9.951	0
0	0	0	0	0
0	0	0	-1	0
0	0	0	0	5.504
0	0	0	7.107	0.827
0	0	1.713	4.577	4.076
7.316	4.273	4.386	9.272	8.411
0	0	0	0	0
11.484	25.31	5.812	27.474	3.972
0	1.128	2.977	0	0
60.77	38.759	0	2.236	0.967
26.441	0.969	0	0	0
11.356	0.967	0	0	0.969
2.796	0	2.819	0	0
13.346	1.796	0	11.725	0
0	10.379	0.924	2.692	0.938
0	16.857	0	0	0.872
1.053	3.562	6.3	0	3.645
3.609	0	1.806	0	11.725
0	11.587	0	0	0.935
0	0	0	0	0
5.812	11.484	3.972	25.31	1.821
0.967	0	11.356	60.77	0
4.835	9.679	6.471	10.497	4.5
0	0	18.835	8.201	18.315
0	0	38.872	15.8	0
0	0	2.626	0.874	0
0	0	0.98	0	0
2.638	0.879	8.519	0.938	5.405
18.315	18.835	2.085	0	0
0	0	0	0	2.796
57.487	2.987	76.843	27.318	27.474
2.941	0	0.888	0	4.06
25.31	27.474	11.484	76.843	5.812
0	0	12.406	0	0
0	5.366	0	0	0
0	0	0	0	12.406
2.987	27.318	57.487	56.75	76.843
0.879	0.938	2.638	0.924	8.519
0	0	0	0	0
0	60.77	0.967	38.759	11.356
7.752	0.91	27.193	28.009	7.484
3.972	5.812	1.821	11.484	0
0	0	2.941	0.874	0.888
8.672	5.405	3.766	8.519	10.497
0	0	11.587	8.094	0
0	0	0	2.775	3.634
0.894	1.769	5.555	0	8.201
12.673	7.484	4.571	27.193	1.796
0	19.077	1.769	4.594	0.894
0	0	4.457	0	15.906
0	0	0	0	4.457
0	0	2.796	0	2.819
30.12	9.04	79.294	0	2.236
0	0	3.634	0	0
0	1.821	0	3.972	0
19.077	4.594	0	0.975	1.769
27.193	7.752	7.484	0.91	12.673
1.891	1.797	0	0	2.779
0	0	0	0	15.8
38.759	2.236	60.77	79.294	0
0	0.874	0	0.871	2.626
11.344	0	0	2.977	0
0.969	0	26.441	11.356	0
0	15.8	0	0	38.872
0	0	3.609	8.573	1.806
0.874	0.871	0	0	0
0	2.977	11.344	0	0
0	11.356	0.969	0.967	26.441
4.412	0	0	0	5.366
4.571	12.673	1.796	7.484	0.883
1.769	0	0.894	19.077	5.555
0	19.134	0	1.771	0
0	8.573	0	0	3.609
4.457	0	15.906	0	14.672
0	0	0	0	0
0	0	-1	0	-1
0	0	0	0	0
9.296	13.116	8.41	10.825	10.468
0	0	0	2.842	0
13.116	10.825	9.296	13.699	8.41
6.243	0	0	7.882	0
0	0	0	0	0
0	7.882	6.243	3.57	0
0	0	0	0	-1
4.551	9.991	2.842	9.317	0
2.842	4.551	0	9.991	0
0	0	0	0	0
0	2.842	0	4.551	0
0	0	0	0	0
0	0	0	0	0
0	0	0	0	0
0	0	0	0	0
0	0	0	0	0
0	0	0	0	0
0	0	0	0	0
3.243	0	2.172	0	5.677
0	6.243	0	0	3.243
0	0	0	0	0
0	0	0	0	0
0	0	3.243	6.243	2.172
0	0	1.048	0	0
0	0	0	0	0
0	0.981	1.069	0	0
0	2.238	0	0	2.172
0	2.213	1.005	0	0
0.981	0	0	0	0
0	0	0	0	0
0	1.207	2.213	0	0
2.213	0	0	1.207	1.005
0	0	0.981	1.002	0
0	0	1.002	1.005	0
0.981	0	0	0	1.069
0	0	0	2.031	0
1.048	0	0	0	0
0	0	0.981	0	0
0	0	0	0	0
0	0	1.207	2.018	0
1.002	0	0	0	0
0	0	0	0	0
0	2.11	0	0	0
0	0	0	0	0
0	0	0	1.069	1.069
0	0	0	2.11	1.048
0	0	0	0	0
1.207	0	0	0	2.213
0	1.069	0	0	0
14.397	7.965	0	0.9	0
7.962	0	0	0	9.305
11.097	0	0	2.002	13.811
0.9	0	7.965	0	14.397
0	14.397	0	7.965	2.899
6.727	0	0	0	0
7.965	0.9	14.397	0	0
0	0	0.9	24.824	7.965
0	0	7.962	4.935	0
2.899	0	0	0	0
0	7.962	9.305	0	0
0	9.915	3.719	0	7.753
0	0	0	0	6.727
0	0	0	2.899	0
0	4.935	0	0	7.962
0	2.899	0	0	0
7.753	3.719	14.967	0	17.864
0	24.824	0	1.825	0.9
24.824	1.825	0	13.364	0
0	0	4.935	0	0
0	0	2.002	0	0
4.935	0	0	0	0
0	0	6.727	0	0
2.002	0	0	0	11.097
1.825	13.364	24.824	5.707	0
3.616	4.409	10.275	2.18	0
1.915	0	0	10.275	1.75
3.548	1.561	0	2.558	5.536
0	7.718	3.82	1.154	1.517
5.536	0	0.639	3.548	1.344
4.025	1.75	2.558	0	1.561
0	0	2.145	0	2.175
2.175	2.145	0	0	0
3.82	0	1.517	7.718	3.198
0	3.548	5.536	1.561	0.639
10.275	3.616	0	4.409	1.915
2.558	4.025	1.561	1.75	3.548
1.517	3.82	3.198	0	3.009
1.75	0	4.025	1.915	2.558
3.198	1.517	3.009	3.82	9.013
0	2.175	0	2.145	0
2.145	0	2.175	0	0
3.009	3.198	9.013	1.517	2.18
9.013	3.009	2.18	3.198	4.409
4.763	3.21	4.291	6.397	8.516
0.645	8.516	2.122	4.291	2.172
4.409	2.18	3.616	9.013	10.275
1.561	2.558	3.548	4.025	0
0	35.265	0	35.591	19.3
0.915	0	0	0	0
0	0	0.93	0	28.32
0	0	0	0	1.754
0	0	0	0	0
0	0	0	29.67	0.93
0	0	0	0.864	0
1.866	1.911	0.887	0.979	0
13.22	0	58.227	4.608	5.881
0	0	4.564	0	0.912
0	0	19.3	35.265	0
11.64	10.591	11.82	23.075	3.674
3.792	0	0.979	1.832	1.911
0	29.67	0	0	0
10.336	18.722	0.863	0	27.046
1.754	0	0	0	0
18.722	0	10.336	0	0.863
0.979	3.792	1.911	0	1.866
0	0.915	0	0	0
0	0	0.915	28.32	0
0	0	0	0	0
0	4.608	13.22	0	58.227
29.67	0	0	0	0
0.923	5.673	1.832	3.674	0
11.82	11.64	3.674	10.591	5.673
0.868	0	0.864	19.3	0
5.706	50.818	23.075	0	10.591
0	1.754	0	0	0
0	13.088	3.79	0	0
5.673	3.674	0.923	11.82	1.832
27.046	0.863	0	10.336	0
4.564	0	0.912	0	0
4.608	0	0	0.877	13.22
0	0.912	0	4.564	29.67
0.917	9.339	4.903	6.21	0
3.822	0	13.922	4.846	0
0	3.625	0	0	0.922
13.463	1.845	0	0	3.625
0	0	0	0	0
0	0	0	0	0
4.903	0.917	0	9.339	3.694
3.625	0	0	13.463	0
0	13.463	3.625	1.845	0
6.324	3.09	0	7.432	1.845
14.745	11.596	7.65	8.748	6.21
12.565	5.379	8.263	7.236	15.863
3.09	7.432	6.324	2.878	0
0	0	0	0	0
4.846	7.401	0	0.922	3.822
7.401	0.922	4.846	0	0
1.832	3.694	0	0	0
7.432	2.878	3.09	4.819	6.324
2.878	4.819	7.432	0	3.09
0	0	0	-1	0
0.922	0	7.401	0	4.846
0	0	0	0	0
0	0	0	0	0
8.62	10.205	8.748	15.863	11.596
0	4.903	3.694	0.917	1.832
0	0	0	0	0
14.674	0	0	13.922	9.692
3.694	0	1.832	4.903	0
0	0.891	4.819	0.889	2.878
10.205	15.863	8.62	8.263	8.748
1.845	0	13.463	6.324	0
1.935	0	0	0	10.088
1.875	0	3.839	23.414	0
4.06	0	24.234	0	0
0.966	3.783	34.815	0	37.886
20.362	10.482	45.517	66.079	55.238
17.783	37.886	4.01	34.815	0
0	23.414	1.875	55.238	3.839
0	0	1.935	4.01	0
55.238	45.517	23.414	20.362	0
0	5.954	0	0	0
0	4.01	0	17.783	1.935
3.839	1.875	0	0	0
0	0	0	0	0
0	0	10.817	8.459	0
7.066	0	0	19.862	3.783
23.414	55.238	0	45.517	1.875
16.542	14.08	10.022	8.606	10.375
10.482	66.079	20.362	5.863	45.517
0	0	0	1.927	0
4.01	17.783	0	37.886	0
0	3.839	0	1.875	0
0	17.631	0	0	0
45.517	20.362	55.238	10.482	23.414
19.503	1.829	1.893	0.992	13.435
5.954	0	0	0	0
0	0	0	0	0
66.079	5.863	10.482	2.854	20.362
28.867	11.273	7.827	10.375	10.621
46.517	0	19.095	0	0
0	10.817	0	0	0
0	0	0	0	0
0	0	0	0	0
0	0	0	0	3.98
0	0	0	5.165	9.562
0	0	0	0	0
3.923	0.989	0	6.499	1.074
6.083	0	10.177	6.667	8.141
0	0	0	0	0
0	6.667	6.083	1.539	10.177
0	0	0	-1	0
0	-1	0	-1	0
6.499	3.555	0.989	3.98	3.923
1.539	9.562	6.667	0	0
8.141	10.177	13.333	6.083	0
0	0	3.98	0	3.555
10.177	6.083	8.141	0	13.333
3.555	3.98	6.499	0	0.989
3.526	0	0	1.494	5.165
3.98	0	3.555	0	6.499
6.667	1.539	0	9.562	6.083
0	5.832	0	2.79	10.958
3.374	4.976	0	0	11.837
7.389	0	1.088	0	8.291
10.958	0	42.533	0	0
0	1.241	23.128	0	1.962
0	0	0	0	0
4.976	0	3.374	0	0
1.088	7.389	8.291	0	6.834
42.533	10.958	0	0	0
0.898	0	0	0.915	0
0	0	7.389	0	1.088
0	42.533	0	10.958	4.976
8.291	1.088	6.834	7.389	0
1.962	23.128	0	0	0
0	0	2.79	0	5.832
2.79	0	5.832	0	0
0	0	0	0	0
0	1.962	0	23.128	0
5.832	2.79	0	0	0
13.224	28.496	33.941	30.338	26.343
28.32	10.679	23.661	3.144	23.892
12.777	0.888	0.909	0	12.108
0.88	2.753	6.376	0	0
24.882	16.44	13.17	30.884	13.807
6.376	0.88	0	2.753	1.783
23.892	23.661	29.129	28.32	29.776
30.766	23.786	28.029	22.91	0
13.807	13.17	23.303	24.882	15.18
28.496	30.338	13.224	35.212	33.941
33.941	13.224	26.343	28.496	13.164
30.338	35.212	28.496	15.434	13.224
13.17	24.882	13.807	16.44	23.303
16.44	30.884	24.882	25.832	13.17
0	0	0	0	0
29.129	23.892	29.776	23.661	15.434
22.316	25.792	25.832	15.004	30.884
35.212	15.434	30.338	29.776	28.496
27.507	13.164	25.832	26.343	22.91
0	0	0	0	2.802
0	2.802	0	0	0.889
0	0	2.802	0	0
30.884	25.832	16.44	22.316	24.882
10.679	3.144	28.32	2.705	23.661
2.802	0	0	0	0
23.661	28.32	23.892	10.679	29.129
26.343	33.941	13.164	13.224	27.507
25.832	22.316	30.884	25.792	16.44
0	0	0	0	0
29.776	29.129	15.434	23.892	35.212
0	0	0	0	0
12.759	0	0.915	47.545	0.935
13.04	9.931	7.593	1.937	10.869
10.915	0.884	0	0	16.357
34.821	4.714	19.141	15.111	2.871
0	0	1.894	0	0
0	0	0	0.916	0
0.915	0.882	47.545	0	0
2.871	19.141	35.735	34.821	1.907
0	0.916	0	0	0
0	31.316	6.07	0	2.906
0	0	0.916	0	0
0	0	0	0	0.891
10.541	0.878	33.59	27.067	0.974
7.593	13.04	10.869	9.931	0
31.316	0	0	0	6.07
20.912	0	6.621	10.869	27.067
0.884	0	10.915	14.425	0
19.141	34.821	2.871	4.714	35.735
0	1.849	18.386	0.935	0
33.59	10.541	0.974	0.878	17.86
0	0	0	0.891	0
6.621	20.912	27.067	0	0.878
0	1.796	1.785	0	0
13.549	5.963	12.652	7.998	8.625
12.652	13.549	8.625	5.963	20.738
16.728	14.225	5.652	9.431	0
1.785	0	0	1.796	0
0	0	3.514	0	4.985
0	0	0	1.077	0
5.963	7.998	13.549	16.134	12.652
8.625	12.652	20.738	13.549	14.264
12.484	14.264	7.492	20.738	9.431
0	0	0	0	0
20.738	8.625	14.264	12.652	12.484
0	0	1.729	4.985	0.854
1.796	0	0	5.652	1.785
6.53	3.379	11.562	8.467	11.254
1.817	0	0	0	0
0	0	0	0	0
0	1.817	0	0	0
0.983	0	0	0	26.916
0	1.785	0	0	0
4.985	3.514	0	0	0
0	0	0	0	0
7.998	16.134	5.963	11.254	13.549
0	0	0	1.817	3.514
0	1.077	0	1.917	0
8.467	0	3.379	0	6.53
0	0	0	0	0.983
1.077	1.917	0	0.948	0
16.134	11.254	7.998	11.562	5.963
3.514	0	4.985	0	0
0	2.115	0	0	0
0	7.604	0	3.336	0
0	0	0	0	0
0	0	0	4.049	0
8.711	0	1.945	0	3.779
0	0	0	0	0
7.604	3.336	0	3.518	0
3.779	1.945	3.518	8.711	3.336
0	0	0	4.164	0
3.518	3.779	3.336	1.945	7.604
0	4.164	0	0	0
0	0	0	0	0
3.336	3.518	7.604	3.779	0
0	0	0	0	1.017
0	0	0	0	4.049
0	0	0	0	0
0	0	0	0	0
0	0	4.049	0	0
0	1.017	0	0	0
0	0	0	1.017	0
4.164	0	0	3.197	0
0	0	0	0	0
4.049	0	0	0	0
7.488	21.093	0	0	19.76
0	0	1.833	0	0.87
0	2.674	0	0	0
0.856	0	9.741	35.06	0
0	0	0	0	0
0	0.87	0	1.833	23.737
0	23.737	0	0	0
0	0	0	0	0
0	0	0	0	0
0.922	0	0	9.741	0
2.674	0	0	0	0
0	0	23.737	0.87	0
9.741	0.856	0	0	0.922
23.737	0	0	0	0
0	0	0	0	0
0	0	0	0	0
0.878	0	32.319	0	35.06
0	0	0	23.737	0
0	35.06	0.856	32.319	9.741
0	0	0	0	0
21.093	0	7.488	0	0
0	3.704	0	19.76	0
0	0.827	0	0	0.827
15.634	3.234	2.144	5.787	6.138
0	3.367	47.336	0	1.935
7.117	8.076	42.798	0	6.286
8.076	0	7.117	5.234	42.798
2.144	15.634	6.138	3.234	0
2.695	0	0	0	0
3.366	15.1	7.146	3.851	0.89
15.1	3.851	3.366	7.079	7.146
0	5.234	8.076	8.363	7.117
0	0	-1	0	-1
0.84	0	0	0	0
33.005	4.342	7.079	0	3.851
0	0	0	0	0
5.787	6.286	3.234	42.798	15.634
0	0.84	0	0	0
0	0	0	0	0
42.798	7.117	6.286	8.076	5.787
0	0	0	2.695	0
47.336	0	1.935	3.367	2.761
3.851	7.079	15.1	33.005	3.366
4.822	0	0	6.138	0
1.935	47.336	2.761	0	0
6.286	42.798	5.787	7.117	3.234
0	10.297	0	0	0
0	0	12.267	0	0
0	5.829	0	0.911	17.591
0	0	1.94	0	8.878
0	0	0	0	0
0	0	0	0.976	2.797
0	0	0	0	0
0	0	0	1.846	0
0	3.701	2.195	0	1.051
6.396	1.018	5.9	1.051	0
0.976	0	0	0	0
0	12.267	0	0	0
0	0	0	0	0
0	0	0	0	0.976
0	0	0	0	0
0	0	0.927	0	0
0.927	0	0	0	0
0	0	0	0	0
0	0	0	0.94	0
0	0	19.875	0.976	0
1.051	2.195	1.018	0	6.396
0.976	0	0	0	0
0	0	0	0	0
1.018	1.051	6.396	2.195	5.9
0	0	0	0	0
0	0	0	0	12.267
0	2.797	0.918	0	6.634
19.875	0	0	0	0
0	19.875	0	0	0
0.94	0	0	0	0
0.912	0	0	0.9	3.701
0	0	0	12.267	0
0.911	0	5.829	5.9	0
0	0	0	0	0
0	0	0	0	0
0	0	0.976	0	0
0	0	0	0	0
0	2.884	0	0	0
0	0	2.797	0	0
0	0	2.901	0	12.364
0	0	0	0	0
8.878	1.94	4.312	0	11.03
12.267	0	0	0	0
0	0	0	0	0.976
10.297	0	0	8.101	0
0	0	0	0	0.94
18.18	28.686	0	8.98	0
0	0	0	0	0
2.609	29.922	0	3.63	1.05
0.929	1.05	0	0	0
9.567	0	0.829	1.877	0
0	1.877	9.567	3.005	0.829
8.265	0.845	4.879	2.545	19.905
0.829	9.567	0	0	0
4.879	8.265	19.905	0.845	3.63
0	2.609	1.05	29.922	0.929
0	0.929	0	1.05	1.984
2.545	0	0.845	1.978	8.265
0.845	2.545	8.265	0	4.879
0	1.978	2.545	0	0.845
3.005	8.502	1.877	0	0
1.877	3.005	0	8.502	9.567
29.922	3.63	2.609	19.905	0
19.905	4.879	3.63	8.265	29.922
2.279	0	0	1.056	0
0	0	0	0	0
0	0	0	41.656	0
0	0	0	0	0
3.136	7.077	1.056	0.977	0
0	0	0	2.279	0
0	0	0	0	0
0	0	0	0	0
0	0	1.905	1.896	0
0	0	0	0	0
0	0	0	0	0
1.905	0	0	0	0
1.056	3.136	0	7.077	2.279
0	1.905	0	0	1.174
7.077	0.977	3.136	0	1.056
0	0	0	0	0
0	0	0	0	0
0	2.279	0	0	0
0.977	0	7.077	0	3.136
0	0	0	0	0
0	0	0	0	0
0	0.898	4.153	0	0
0	1.904	0	0	0
1.627	0.789	0.789	0	0
0	0	3.298	0	15.426
0	0	0	0	0
0	0	2.383	0.836	0
0	0	0	0	0
0	0	0	0.789	0.836
8.236	9.06	18.842	12.307	9.462
0	0.836	2.53	2.53	0
9.575	6.405	0	4.895	0.862
3.305	16.115	6.761	0	0
12.307	17.17	9.06	5.219	8.236
0.862	0	2.075	9.575	6.204
0	2.53	0	0	0
0	14.028	17.488	32.626	0.785
0	0	0	-1	0
9.06	12.307	8.236	17.17	18.842
6.091	5.835	6.074	0	4.895
0	5.04	0.789	4.666	1.627
4.153	0	0	0.898	4.101
0	0	7.677	0	0
0	0	0	1.904	3.183
0	9.575	0.862	6.405	2.075
0	6.761	1.453	3.305	0
3.298	0	15.426	0	0
6.074	6.091	4.895	5.835	6.405
0	0	0	0	0
0	0	0	0	0
0	0	0	0	7.677
9.462	18.842	6.362	8.236	15.059
0	0	3.183	0	14.229
0	4.153	4.101	0	0
6.204	2.075	0	0.862	0.951
4.895	6.074	6.405	6.091	9.575
0	0	0	0	0
0	7.677	1.904	0	0
0.785	17.488	4.666	0	5.04
0	0	0.836	0	0
0	0	0	0	0
2.075	0.862	6.204	0	0
14.028	32.626	0	11.624	17.488
0.789	0	1.627	5.04	0.789
0	0	0	2.383	0
0	0	18.81	0	5.219
0.836	2.53	0	0	2.53
6.405	4.895	9.575	6.074	0
0.951	0	0	6.204	0
0.898	0	0	0	4.153
0	6.204	0.951	2.075	0
5.04	4.666	0	0.785	0.789
2.909	2.976	0	1.876	0
26.907	3.803	0	10.695	0
2.979	0.951	4.992	0.971	0
0.971	0	0.951	0	2.979
0.929	0	14.559	0	0
0	2.973	0.939	0	0
0	0	12.348	0	0
2.976	1.876	2.909	19.445	0
0.961	10.702	0	0.963	0
4.992	2.979	0	0.951	19.526
1.914	31.576	0	0	0
0.951	0.971	2.979	0	4.992
9.04	0	0	0	5.174
0	0	0	14.979	0
0	0	0	0	0.971
0	0	0.929	0	14.559
0	9.04	5.174	0	5.835
10.695	0	3.803	8.992	26.907
0	0	0	0	5.739
19.445	1.109	1.876	2.124	2.976
12.348	0	0	0	5.797
3.803	10.695	26.907	0	0
0	1.914	0	31.576	0
8.952	10.188	0	0	2.973
0	14.979	0	14.648	0
0	0	0.971	0	0.951
0	0	0	0	0.929
0.939	0	0	2.973	0
0	0	0	31.362	0
6.657	0	0	0	0.926
10.188	0	8.952	40.429	0
2.973	0	0	8.952	0.939
8.992	0.961	0	0	10.695
0	0	0	17.211	0
14.979	14.648	0	15.52	0
0	0	9.04	0	0
0	0	0	0.939	0
0	0	0	0	0
0	14.559	0	0.929	20.495
0	8.992	10.695	0.961	3.803
15.52	0	14.648	0	14.979
17.211	0	0	0	0
0	2.909	0	2.976	31.576
0	26.907	0	3.803	6.657
1.876	19.445	2.976	1.109	2.909
0	0	0	0	0
38.479	0	0	0.982	0
0	8.952	2.973	10.188	0
31.362	0	0	5.704	0
0	0	0	0	0
0	0	0	1.914	0
5.704	25.834	0	0	31.362
10.702	0.963	0.961	0	0
0	0	0	0	0
0	0	0	0.939	0
0	0	31.576	2.909	1.914
0	1.762	1.988	1.777	0
0	0	0	0	0
0	0	0	0	0
4.961	2.053	0	0	0
1.988	0	0	1.762	24.08
0	0	0	0	1.876
0	0	0	0	0
2.902	4.282	4.576	0	1.992
4.736	6.141	8.946	0	31.869
0	26.202	0	0	4.662
5.005	0	0	0	6.141
5.656	6.955	0	0	0.966
0	0	7.903	31.869	10.052
1.876	0	0	0	2.053
4.324	0.948	0	0.966	0
6.885	0	0	0	1.777
0	0.89	0	24.08	5.005
0	5.005	6.141	0	4.736
2.053	0	4.961	1.876	0
6.955	0	5.656	0	0
0	5.656	0.966	6.955	0.948
0	0	0	0	0
8.946	4.736	31.869	6.141	0
26.202	0	0	0	0
0	1.988	24.08	0	0.89
0.89	24.08	0	0	0
0	1.876	2.053	0	4.961
0	0	6.955	0	5.656
0	0	0	-1	0
0	4.961	0	2.053	6.885
24.08	0	0.89	1.988	0
19.262	1.92	0	0	17.462
0	0	0	0	0
0	19.262	17.462	1.92	0
0	0	1.103	0	0
1.92	0	19.262	0	0
0	0	0	0	0
1.103	0	0	0	0
0	0	0	0	0
17.462	0	0	19.262	0
0	1.103	0	0	0
0	0	1.92	0	19.262
0	0	0.864	0	0
0	0	32.256	0	0
0	0.864	0	0	0
32.256	0	0	0	0
0	0	0.925	0	0.928
0.864	0	0	0	0
0	32.256	0	0	0
0	17.462	0	0	0
0	0	0	1.103	0.864
0	0	0	0	0
0	0	0	0	0
28.709	8.668	0	17.443	20.256
4.781	0	0	20.256	47.352
0	0	0	0	0
0	0	0	0	0
17.443	11.515	8.668	0	28.709
0	0	0	0	0
0	0	0	0	0
0	0	0	0	0
0	0	0	0	0
0	0	0	0	0
0.952	0.981	11.922	0	33.253
32.073	19.104	17.247	31.87	0.896
0	0	0	0	0
0	0	0	0	0
0	0	0	0	0
0	28.709	20.256	8.668	0
0	10.656	11.515	0	17.443
17.247	32.073	0.896	19.104	0.925
0	0	0	0	0
0	0	0	0	0
0	0	0	0	0
26.742	9.732	29.256	6.69	14.988
0	0	0	0	0
0.896	17.247	0.925	32.073	28.768
10.656	0	0	0	11.515
11.515	0	17.443	10.656	8.668
33.253	11.922	9.908	0.952	6.69
0	0	0	0	0
0	0	0	0	0
0	0	0	0	0
0	0	0	0	15.091
0	0	0	0	0
0	0	0	8.147	0
0	0	0	0	0
0	0	0	6.498	0
15.091	0	0	0	0.974
0	0	0	0	0
8.147	0	0	0	0
0	6.498	0	8.914	0
0	0	0	0	0
0	0	0	0	0
0	0	0	0	0
0	0	0	0	0
0	0	0	0	8.147
0	0	0	0	0
0	0	15.091	0	0
0	0	8.147	0	0
0	0	0	0	0
0	0	0	0	0
0	15.091	0.974	0	0
6.498	8.914	0	0	0
22.681	19.279	16.138	0.926	19.117
37.949	24.675	30.659	19.639	32.398
18.905	25.467	33.608	18.914	44.593
33.608	18.905	44.593	25.467	29.536
0	0	0	0	0
27.068	44.446	28.648	16.654	25.907
44.593	33.608	29.536	18.905	19.639
16.654	28.542	44.446	36.661	27.068
0	0.879	0	4.454	0
28.648	27.068	25.907	44.446	23.614
15.446	17.909	15.23	6.831	5.392
0	0	0.926	-1	19.279
0.879	4.454	0	3.876	0
19.279	0.926	22.681	0	16.138
15.23	15.446	5.392	17.909	5.895
25.985	23.614	28.145	25.907	21.382
17.909	6.831	15.446	13.247	15.23
44.446	16.654	27.068	28.542	28.648
29.536	44.593	19.639	33.608	24.675
18.914	23.193	25.467	24.723	18.905
0	0	0	0.879	0
4.735	4.574	3.876	5.895	4.454
29.931	32.398	36.661	30.659	28.542
0.926	0	19.279	0	22.681
6.831	13.247	17.909	23.339	15.446
24.675	19.639	37.949	29.536	30.659
4.574	5.895	4.735	5.392	3.876
28.542	36.661	16.654	29.931	44.446
32.398	30.659	29.931	37.949	36.661
4.454	3.876	0.879	4.735	0
25.467	18.914	18.905	23.193	33.608
0	0	0	17.569	0
0	0	0	0	0
0	0	0	0	0
0	4.737	0	0	0
0	0	0	0	0
0	0	0	0	0
0	17.569	0	0	0
2.952	0	0	0	11.043
0	0	0	0	0
0	0	0	0	0
0	0	0	0	0
0	0	8.914	0	18.951
0	0	1.08	0	4.457
0	0	0	0	0
0	0	0	0	0
0	0	0	0	0
0	0	2.952	0.878	0
0	0	0	0	0
18.951	8.914	23.593	0	28.017
0	0	0	5.97	1.08
0	0	0	4.737	1.139
4.457	1.08	0	0	29.597
0	0	0	0	0
8.914	0	18.951	0	23.593
0.878	1.139	0	0	0
1.08	0	4.457	0	0
17.569	0	0	0	0
0	0	17.569	0	0
0	0	0	0	0
0	0	1.139	0	0.878
1.139	0	0.878	0	0
28.017	23.593	10.487	18.951	14.013
0	0	0	0	0
5.693	0	0	4.964	0
0	4.964	5.693	3.672	0
0	0	0	0	0
0	5.655	0.853	0.882	0.853
0.853	0	0.882	0	5.655
0.924	0	0	0	20.189
0	0	0	0	0
0	0	0	0	0
0	1.904	0	7.003	11.754
4.964	3.672	0	0	5.693
16.063	1.884	0	0	0
0	0	0	0	0
0	5.693	0	0	3.778
0	7.421	0.88	20.189	0.989
0	0	0	0	0.853
0	0	0.924	0	0
11.754	0	1.919	0	0
0	0	0	0	1.884
0	0.924	20.189	0	7.421
3.672	0	4.964	0.915	0
0	0	0	0	0
0	0	0	0	0
10.575	6.405	6.122	4.809	12.48
0	0	0	0	0
6.405	4.809	10.575	8.361	6.122
4.722	7.447	3.771	5.962	0
0	0	0	0	0
0	0	1.724	0	0
12.225	17.245	10.378	15.504	11.854
0	0	0	0	0
15.15	15.205	14.487	13.847	12.75
2.614	2.723	0	0	0.85
4.809	8.361	6.405	15.605	10.575
7.447	5.962	4.722	4.785	3.771
0	0	0	0	0
0	0	0	4.432	0
0	0	0	0	0
0	2.614	0.85	2.723	0
0	2.645	0	0	0
0.85	0	0	2.614	0
5.962	4.785	7.447	1.795	4.722
0	0.85	0	0	13.952
2.645	0	0	3.771	0
0	0	0	0	1.724
0	3.771	2.645	4.722	0
15.605	12.065	8.361	11.854	4.809
1.795	12.48	4.785	6.122	5.962
4.785	1.795	5.962	12.48	7.447
1.788	0	0	0	0
13.847	10.955	15.205	10.945	15.15
0	0	0.863	0	0
10.378	12.225	11.854	17.245	12.065
12.48	6.122	1.795	10.575	4.785
13.952	0	9.259	0	7.993
15.205	13.847	15.15	10.955	14.487
0	0	0	0	0
14.487	15.15	12.75	15.205	15.504
0	0	0	0	1.788
7.993	9.259	0	13.952	4.815
0	1.788	0	0	0
0.863	0	0	0	0
15.504	12.75	17.245	14.487	12.225
6.122	10.575	12.48	6.405	1.795
12.065	11.854	15.605	10.378	8.361
3.771	4.722	0	7.447	2.645
0	0	0	0	0
6.977	24.778	0	0	3.048
0	51.872	0	0	0
24.778	0	6.977	0.792	0
20.201	0	10.147	12.23	3.581
0.792	8.76	0	3.581	24.778
51.872	0	0	0	0
0	0	0	3.048	51.872
7.688	0	0	0	21.546
9.178	0	0	0	0
0	3.048	0	0	0
0	0	0	0	7.688
8.76	3.581	0.792	10.147	0
10.147	20.201	3.581	0	8.76
0	2.445	38.464	36.184	1.687
0	9.178	0	0	0
1.687	38.464	0	0	2.724
0	0	0	9.178	0
0	0	7.688	0	0
3.048	0	0	6.977	0
0	0	0	0	0
38.464	0	1.687	2.445	0
0	6.977	3.048	24.778	0
3.581	10.147	8.76	20.201	0.792
0	0	0	0	0
8.803	9.425	9.669	10.603	8.494
1.65	0.843	0	2.701	4.454
8.013	4.454	2.503	0	4.741
1.583	0	0	0	1.059
0	0	0	3.863	0
0	0	0	0.812	1.066
0	0.812	0	0	0
0	0	0.812	0	0
1.066	0	0	0	1.066
0	0	0	0	0
0.843	2.701	1.65	0	0
2.701	0	0.843	0	1.65
4.454	0	8.013	1.65	2.503
0.832	0	0.841	10.833	2.411
0	3.863	0	2.865	0
0	0	1.066	0	0
0	1.65	4.454	0.843	8.013
10.006	0	0	0	0
2.503	8.013	4.741	4.454	4.597
0	10.006	0	0	0
0	1.066	0	0	0.845
0	0	0	0	0
0	0	0	0	10.006
16.965	4.597	6.152	4.741	2.848
22.829	0	0	0	0.856
8.653	0	0.882	0	44.169
44.671	3.861	6.407	11.511	22.114
0.952	0	0	3.809	0
0	0	22.829	0	0
37.307	4.41	0	0	2.15
0	0	0	-1	11.726
25.609	10.974	18.615	48.96	9.741
3.772	0	0	0.986	0
0.882	8.653	44.169	0	0
2.15	0	0	37.307	4.607
0	0	0	0	0
6.407	44.671	22.114	3.861	33.612
0	0	11.726	0	12.118
0	0	22.261	0	0
1.878	0	0	1.768	27.301
25.919	0	26.405	0	16.867
0	0	0	0	0
7.338	4.607	0	0	0
0	2.141	0	18.329	8.653
0	0	0	0	22.261
33.612	22.114	3.949	6.407	16.21
0	7.512	0	0	0
10.974	48.96	25.609	17.198	18.615
27.301	0	2.738	1.878	6.504
22.114	6.407	33.612	44.671	3.949
0	0	0	0	0
0	1.768	1.878	0.876	0
0	1.878	27.301	0	2.738
6.504	2.738	0	27.301	0
0	0	0	0	0
0	0	0	0	0
0.876	0	1.768	2.111	0
44.169	0.882	0	8.653	11.362
2.111	0	0	0	0.876
0	0	0	0	0
0	0	0	0	0
0	0	0	0	0
0	0	0	0	0
0	0	0	0	0
0	0	0	0	0
0	0	0	0	0
0	0	0	0	0
0	0	0	0	0
0	0	0	0	0
0	0	0	0	0
0	0	0	0	0
0	0	0	0	0
0	0	0	0	0
0	0	0	-1	0
0	0	0	0	0
0	0	0	0	0
0	0	0	0	0
0	0	0	0	0
0	0	0	0	0
0	0	0	0	0
0	0	0	0	0
0.85	0	0	2.614	0
4.809	8.361	6.405	15.605	10.575
0	0.85	0	0	13.952
1.788	0	0	0	0
6.405	4.809	10.575	8.361	6.122
0	0	0.863	0	0
0	2.614	0.85	2.723	0
6.122	10.575	12.48	6.405	1.795
0.863	0	0	0	0
7.447	5.962	4.722	4.785	3.771
14.487	15.15	12.75	15.205	15.504
13.952	0	9.259	0	7.993
1.193	0	0	0	0
2.614	2.723	0	0	0.85
5.962	4.785	7.447	1.795	4.722
15.15	15.205	14.487	13.847	12.75
0	0	0	0	0
12.48	6.122	1.795	10.575	4.785
0	1.193	0	0	1.724
0	0	1.193	0	0
1.795	12.48	4.785	6.122	5.962
10.945	10.903	10.955	11.853	13.847
0	2.645	0	0	0
0	1.788	0	0	0
0	0	0	0	0
0	0	0	0	0
15.605	12.065	8.361	11.854	4.809
7.993	9.259	0	13.952	4.815
4.785	1.795	5.962	12.48	7.447
0	0	0	4.432	0
2.645	0	0	3.771	0
0	0	0	0	0
12.065	11.854	15.605	10.378	8.361
3.771	4.722	0	7.447	2.645
8.361	15.605	4.809	12.065	6.405
15.205	13.847	15.15	10.955	14.487
4.722	7.447	3.771	5.962	0
0	0	0	0	1.788
0	0	1.724	1.193	0
10.575	6.405	6.122	4.809	12.48
0	0	0	0	0
0	10.617	1.958	15.178	9.942
11.146	13.886	3.762	28.477	34.452
0.914	0	0.979	0	28.477
8.519	13.281	16.289	0	3.782
0	26.702	0	0	0
38.293	2.787	0	0	0
2.898	0	0	0	0
42.746	20.978	0	2.084	18.425
0	21.905	0	14.492	0
13.886	28.477	11.146	0.979	3.762
26.702	0	0	0	0
4.639	9.942	0.895	1.958	0
2.806	8.436	1.88	3.782	17.16
1.958	0	9.942	10.617	4.639
0	34.452	7.471	3.762	2.084
0	42.746	18.425	20.978	2.178
0	2.898	0	0	2.787
18.425	0	2.178	42.746	15.975
20.978	2.084	42.746	7.471	0
26.675	0.906	4.625	0	18.298
3.762	11.146	34.452	13.886	0
10.617	15.178	0	0	1.958
34.452	3.762	0	11.146	7.471
2.178	18.425	15.975	0	6.836
0.895	4.639	0	9.942	13.281
15.178	0	10.617	2.002	0
0.906	0	26.675	0	4.625
8.759	8.859	17.14	8.021	20.789
0	0	-1	0	-1
0	0	5.284	0	1.712
0	3.438	0	0	0
0.88	6.579	0	0	0
6.579	0	0.88	0	0
3.816	0	3.692	2.826	0
0	0	0	4.701	6.579
0	6.775	0	0	0
0	0	6.579	0	0.88
0	3.692	0	3.816	6.775
8.859	8.021	8.759	9.037	17.14
8.021	9.037	8.859	10.76	8.759
16.552	16.1	11.94	17.935	9.897
3.438	0	0	0	0
2.826	20.789	0	17.14	3.816
9.037	10.76	8.021	9.897	8.859
12.326	12.517	13.006	11.574	11.82
10.76	9.897	9.037	11.94	8.021
0	0.854	0	3.676	3.438
11.94	16.552	9.897	16.1	10.76
13.006	12.326	11.82	12.517	11.795
6.775	0	0	0	0
1.712	5.284	0	0	0
0	4.701	0	0	0
11.82	13.006	11.795	12.326	13.465
3.692	3.816	0	0	0
11.795	11.82	13.465	13.006	17.935
17.14	8.759	20.789	8.859	2.826
20.789	17.14	2.826	8.759	0
0	0	3.438	0.854	0
9.897	11.94	10.76	16.552	9.037
2.824	28.621	8.315	31.39	13.882
0	1.737	0	17.597	24.672
0	0	24.672	1.737	12.532
18.667	19.113	9.219	7.675	30.806
19.113	7.675	18.667	2.669	9.219
26.431	19.759	31.39	0	28.621
24.672	0	12.532	0	0
0	0	2.706	0	3.749
19.622	15.034	17.597	2.746	1.737
1.737	17.597	0	19.622	0
0	0.883	3.912	2.717	0
2.746	3.556	15.034	8.811	19.622
9.219	18.667	30.806	19.113	6.493
0	1.866	1.832	15.853	2.817
15.034	2.746	19.622	3.556	17.597
17.597	19.622	1.737	15.034	0
0	2.817	0	1.832	7.561
19.759	0	26.431	12.532	31.39
9.573	21.296	13.603	13.882	19.883
2.717	6.493	0.883	30.806	0
0	3.912	15.853	0	1.866
6.493	30.806	2.717	9.219	0.883
3.912	0	0	0.883	15.853
0	0	7.561	2.817	0
11.562	6.53	11.254	3.379	16.134
0	0	0	0	0
0	0	0	0	0.983
0	1.817	0	0	0
16.728	14.225	5.652	9.431	0
0	0	0	0	0
12.652	13.549	8.625	5.963	20.738
0	1.077	0	1.917	0
0	1.796	1.785	0	0
0	0	0	0	0
3.514	0	4.985	0	0
8.467	0	3.379	0	6.53
0	0	14.989	0.854	0
0	0	0	0	0
0	0	0	0	8.467
16.134	11.254	7.998	11.562	5.963
0	0	0	0	0
0	0	0	0	0
6.53	3.379	11.562	8.467	11.254
1.796	0	0	5.652	1.785
1.817	0	0	0	0
0	0	0	-1	0
0	0	0	1.077	0
1.077	1.917	0	0.948	0
12.484	14.264	7.492	20.738	9.431
5.963	7.998	13.549	16.134	12.652
0.983	0	0	0	26.916
0	0	0	0	0
0	0	1.729	4.985	0.854
11.254	11.562	16.134	6.53	7.998
0	0	3.514	0	4.985
1.785	0	0	1.796	0
0	0	0	0	0
3.379	8.467	6.53	0	11.562
0	0	8.467	0	3.379
13.549	5.963	12.652	7.998	8.625
7.998	16.134	5.963	11.254	13.549
0	0	0	1.817	3.514
0	0	0	0	0
7.492	12.484	9.431	14.264	14.225
2.685	0	2.644	3.383	1.808
18.615	34.477	3.954	4.597	5.959
8.576	7.35	0	1.748	0
0	0	0	5.361	0
3.468	8.966	16.332	8.126	10.98
7.104	5.925	6.632	16.37	10.109
4.597	7.858	34.477	0	18.615
8.966	8.126	3.468	4.132	16.332
16.332	3.468	10.98	8.966	1.954
5.361	10.109	0	6.632	0
5.925	16.37	7.104	5.38	6.632
10.109	6.632	5.361	7.104	0
0.883	0	0	0.858	0
4.132	11.044	8.126	0	8.966
6.632	7.104	10.109	5.925	5.361
3.383	10.628	0	30.24	2.685
3.954	18.615	5.959	34.477	0
0	0.858	0.883	0	0
34.477	4.597	18.615	7.858	3.954
0	3.383	2.685	10.628	2.644
30.24	9.25	10.628	11.337	3.383
23.352	0	6.438	0	0.814
0.91	0	0.897	4.01	0
0.902	0	6.583	0	0
48.986	5.742	0.934	5.144	8.551
4.051	0	0	2.371	1.072
2.371	0	0	0	4.051
0	0	0	0	0
2.753	4.93	2.165	5.025	0.884
5.742	5.144	48.986	7.571	0.934
4.978	18.211	9.712	3.884	17.954
0	0	0.905	3.715	0
0	2.371	4.051	0	0
4.93	5.025	2.753	0	2.165
6.583	0.902	0	0	2.708
0.931	0	0	0.931	0
0	0.922	0	0	1.046
0	0	0	0.905	0
0.934	48.986	8.551	5.742	2.651
2.651	8.551	0	0.934	13.511
0	0	0	0	0
0.931	2.626	3.884	1.982	18.211
0	0	0	0	0
0.922	0	0	0	0
3.946	0	1.969	0	0
10.859	11.383	9.474	6.66	11.394
8.551	0.934	2.651	48.986	0
0	0	0	0	0.883
0	6.583	2.708	0.902	0
0	0	0	0.911	0
0	0	0	0	0
0	0	0	0	0.922
0	0	0	1.052	0
3.884	0.931	18.211	2.626	4.978
0	0	0	0	0
0	0	0	0	0
0	0	0	0	0
1.072	0	0	4.051	0
29.098	0	0.921	0	0
9.474	10.859	11.394	11.383	7.471
0	0	0	0	0
0	0	0.902	0	6.583
1.982	16.697	2.626	57.511	0.931
0	0.883	10.476	0	0
1.046	0	3.865	0	0
0	0	0	0	0
0	0	0	0	0
9.712	4.978	17.954	18.211	25.431
0	2.708	0	0	0
0	0	1.046	0.922	3.865
1.962	1.823	0	0	0
0	0	0	0	0
0.928	0	19.864	0.897	13.301
0	0	0	0	0
0	1.962	0	1.823	5.025
0.925	0	0	0	1.854
0.905	0	0	0	0
1.823	0	1.962	0	0
0	3.865	0	1.046	29.098
3.945	0	0	0	4.822
2.626	1.982	0.931	16.697	3.884
0	0	3.946	13.301	1.969
0	0	0	2.708	0
2.684	0	4.01	0	0
0	0	0	0	0
19.864	0.928	13.301	0	0
0	0	0	0	0
7.373	13.511	9.164	0	6.66
0.884	2.165	1.165	2.753	0
0.897	0.91	0	0	0.928
0	0	0	0	2.371
0	0	0	0	0
5.025	0	4.93	0	2.753
9.164	7.373	6.66	13.511	11.383
0	0	0.922	0	0
0	0	0	0	0
0	0	2.371	0	0
4.822	0	0	3.945	0
7.471	11.394	46.113	9.474	0
15.301	25.431	0	17.954	27.247
0	0	5.025	1.962	4.93
3.865	1.046	0	0	0
0	0	0	0	0
0	0.905	0	0	0
0	2.651	13.511	8.551	7.373
0	0	0	0	0
0	0	2.684	0	4.01
0	0	0	0	0
46.113	7.471	0	11.394	15.2
4.01	2.684	0	0	0.91
0	0	3.715	0	0
0	15.301	27.247	25.431	11.962
0	0	0	0	3.076
0	0	3.438	4.569	6.907
2.266	11.943	0	0	9.377
3.076	0	0	0	0.743
0.788	9.377	0	0	0.947
7.536	3.817	1.557	0	0
0	0	3.076	0	0
0	6.853	2.273	0	1.099
0	4.569	0	4.961	3.438
0	3.076	0.743	0	0.706
0	1.099	0	2.273	1.756
6.853	0	0	0	2.273
2.294	7.152	8.335	12.201	22.643
0.743	0	0.706	3.076	4.961
0	1.692	0	0	0
0.698	0	0	0	1.692
11.943	0	2.266	6.907	0
4.961	0.706	4.569	0.743	0
0	0	6.853	3.087	0
0.706	0.743	4.961	0	4.569
3.438	0	6.907	0	0
0	9.572	0	0	3.817
13.575	1.524	3.087	3.105	0
8.335	2.294	22.643	7.152	10.803
4.569	4.961	0	0.706	0
0	0	0	1.756	0
15.304	2.191	12.201	0	7.152
3.087	13.575	0	1.524	0
0	1.756	0	0	0
0	0.817	0	0.947	0
0	0.788	0.947	9.377	0.817
2.126	34.043	15.242	1.902	0
3.94	2.716	13.273	4.635	19.333
0	1.173	7.524	1.068	0
0	0	1.528	0	1.077
2.47	0	0	15.242	2.94
0	8.833	13.506	0	0
5.004	1.797	8.618	0.793	15.919
0.932	0	0.793	9.592	1.797
1.173	1.068	0	0	7.524
0	0.952	5.704	3.81	0
8.618	5.004	15.919	1.797	0
0.793	0.932	1.797	0	5.004
15.242	2.126	0	34.043	2.47
15.919	8.618	0	5.004	8.833
14.432	0.904	1.353	0	4.844
2.716	4.635	3.94	0	13.273
8.833	0	0	15.919	13.506
0	0	0	13.506	0.986
7.524	0	0	1.173	0.715
13.273	3.94	19.333	2.716	1.902
0	2.47	2.94	0	5.631
6.886	0.829	9.513	2.166	0
0	0	0.986	0	3.791
3.81	0	0.952	9.628	0
0	0	0	0	0
0	9.592	0.932	1.913	0.793
0.829	2.166	6.886	0	9.513
34.043	1.902	2.126	19.333	15.242
0.952	3.81	0	0	5.704
1.077	1.528	0	0	0
13.506	0	0	8.833	0
0	0	0	0	0
9.513	6.886	0	0.829	0
19.333	13.273	1.902	3.94	34.043
4.635	0	2.716	7.974	3.94
0	9.513	0	6.886	0.904
0	0	0	0	0
1.797	0.793	5.004	0.932	8.618
0	0	0	0	1.528
