0.938	2.196	0	0	0
0	0	3.814	0	0.962
0	0	8.896	0	0
2.807	0	0	0	0
0	0	0	0	5.511
14.315	0.855	4.709	1.858	4.838
19.018	6.488	11.023	4.535	4.137
0	3.415	0	0.954	0
1.858	0	0.855	4.086	14.315
6.251	4.137	14.645	11.023	13.673
16.845	0	0.973	7.844	0
0	0	8.917	6.716	0
0	0	2.196	5.804	0.938
0.855	1.858	14.315	0	4.709
3.415	0.954	0	0	0
4.137	11.023	6.251	19.018	14.645
7.332	5.923	10.74	4.838	14.19
6.488	4.535	19.018	7.26	11.023
5.923	4.838	7.332	4.709	10.74
0	0	0	3.415	0
4.535	7.26	6.488	8.107	19.018
13.673	14.645	1.073	6.251	15.925
0	1.915	5.804	1.904	0
0	6.716	0	0	8.917
0	7.844	16.845	4.73	0.973
0	4.086	1.858	0	0.855
14.645	6.251	13.673	4.137	1.073
0	0.973	0	16.845	0
0.954	0	3.415	0	0
4.838	4.709	5.923	14.315	7.332
4.709	14.315	4.838	0.855	5.923
0	0	0.883	0	0
6.716	0	0	0	0
0	0	0	0	0
11.023	19.018	4.137	6.488	6.251
0	1.669	13.1	0	0.769
14.183	12.757	20.494	4.294	8.999
3.752	5.886	9.589	6.875	8.713
5.744	10.183	0.722	8.999	8.537
8.713	9.589	4.294	3.752	12.757
6.875	0	5.886	0.726	3.752
12.757	4.294	14.183	8.713	20.494
10.183	8.999	5.744	20.494	0.722
1.483	0	20.498	1.132	0
0.769	13.1	0	0	2.609
1.132	0	0	0	1.483
8.537	0.722	0.73	5.744	3.565
20.494	14.183	8.999	12.757	10.183
13.577	0.717	11.053	4.081	1.542
20.498	1.483	0	0	0
5.886	6.875	3.752	0	9.589
13.1	0	0.769	1.669	0
9.589	3.752	8.713	5.886	4.294
0	0	0	0	1.127
0.958	0	5.274	0	0
0	2.072	0	3.081	11.27
0	0	4.094	0	0
0	0	0	0	0
2.072	3.081	0	4.937	0
0	0	3.198	0	3.457
0	6.802	0	0	0
11.999	5.019	1.864	7.859	12.041
0	0	0	5.274	0
0	0	0	0	0
0	0	0.958	8.397	5.274
0	0	0	0	0
5.899	0	0	0	0
0	0	0	0	3.198
0	0	6.242	6.517	4.832
1.864	11.999	12.041	5.019	8.17
0	0	0	0	0
0	0	3.921	4.832	8.303
0	0	0	0	0
0	0	0	6.802	0
1.082	8.17	0	12.041	0
0	0	0	0	0
5.274	0.958	0	0	0
0	1.082	0	8.17	6.802
3.198	0	3.457	0	0
12.041	1.864	8.17	11.999	1.082
0	0	2.847	2.931	0
0	0	0	0	4.094
0	5.899	0	0	0
0	0	-1	0	-1
0	0	0	0	0
0	0	0	0	0
0	0	0	0	0
0	0	0	0	0
0	0	0	0	0
0	0	0.922	0	0
0	0	0	0	0
0	0	0	0.922	0
0	0	0	0	0
0	0	0	0	0
0	0	0	0	0.981
0	0	0	0	0
0	0	0	0	0
0.922	0	0	0	0
0	0	0	0	0
0	0	0	0	0
0	0	0	2.084	0
0	0	0	0	0
0	0.922	0	0	0
0	0	0	0	0.922
0	0	0	0	0
0	0	0	0	0
0	0	0	0	0
0	0	0	0	0
0	2.084	0	0	0
0	0	0	0	0
0	0	0	0.922	0.922
0	0	0.922	0	0
0	0	0	0	0
5.979	3.457	8.822	1.971	0
9.813	0	1.766	1.751	5.73
0	-1	0	-1	0
0	1.041	0	0	0
5.582	5.717	3.183	0	0
0.952	7.452	6.244	0	1.971
0	5.199	5.226	12.11	0
0.858	0.891	0.863	0	0.893
0	0	0	1.041	0
0	0	0	0	0
6.244	0.952	1.971	7.452	3.457
0	0	7.073	0	0
0	0	1.992	0	12.11
3.638	0	1.881	1.803	0
0	0	0	0	7.452
1.971	6.244	3.457	0.952	5.979
5.343	0	0	0	0
0	0	0	0	0
1.881	3.638	0	0	0
1.041	0	0	0	0
0	0	0	6.867	1.992
0	0	1.721	0	0
0	0	0	-1	1.751
1.721	0	0	0	0.891
0	0	0	0	0
12.11	1.992	5.199	0	0
3.457	1.971	5.979	6.244	8.822
1.803	0	0	5.73	3.638
0	0	5.343	8.822	0
0	0	0	9.793	0
7.452	0	0.952	0	6.244
6.743	13.457	11.32	0	8.105
0	0	7.452	0	0.952
0	5.73	1.803	1.766	0
0.995	0	0	0	3.009
5.562	0	0	0	4.922
0	0	1.868	0	3.774
0	0	0	0	0
0	0	0	0	0
1.868	0	3.774	0	0
3.009	0	0	0.995	0.904
3.867	7.036	2.101	2.877	0
0	0	0	-1	0
0	5.562	4.922	0	0
3.774	1.868	0	0	0
0	0	0	0	0.995
2.053	0	0	0	0
7.036	2.877	3.867	0	2.101
0	-1	0	-1	0
0	0.904	0	0	1.835
4.922	0	0	5.562	0
0	2.053	0	0	0
0	0	1.065	0	0
0	0.995	3.009	0	0
1.065	0	0	0	0
0	0	5.562	0	0
2.877	0	7.036	0	3.867
0	0	2.053	4.047	0
0	4.922	0	0	0
0	0	0	3.774	0
0	0	0	4.922	0
2.101	3.867	0	7.036	0
0	0	1.893	0	0
0	0	0	0.947	1.893
8.787	9.093	9.702	6.962	10.847
3.745	3.882	0	0	0
0.86	0.915	0.947	0	0
3.837	7.754	5.033	6.005	3.984
0	0	-1	0	-1
0	5.57	0	0	0
6.12	8.056	2.909	3.984	0
7.754	6.005	3.837	6.031	5.033
4.807	3.819	8.026	0	9.798
0	0	0	0	0
0	0	0	2.676	0.866
0	0	0	0	0
0	0	0	0	0
5.033	3.837	3.984	7.754	8.056
5.57	0	0	0	0
0	0	0	0.933	0
9.093	6.962	8.787	10.409	9.702
10.409	12.239	6.962	10.216	9.093
6.13	8.558	10.216	9.798	12.239
0	0	2.676	0	0
6.2	10.847	6.031	9.702	6.005
3.819	0	4.807	0	8.026
0	0	0	0	0
1.893	0	0	0	0
6.031	6.2	6.005	10.847	7.754
3.984	5.033	8.056	3.837	6.12
3.882	0	3.745	2.909	0
0	0	3.819	0	4.807
9.798	8.026	8.558	4.807	6.13
0	3.745	0	3.882	5.57
0	0	0	0	0
6.962	10.409	9.093	12.239	8.787
10.847	9.702	6.2	8.787	6.031
0	1.893	0	0	0
8.026	4.807	9.798	3.819	8.558
6.005	6.031	7.754	6.2	3.837
0	0	0	0	3.819
2.909	6.12	0	8.056	3.882
0	0.947	0	0.86	0
9.702	8.787	10.847	9.093	6.2
8.056	3.984	6.12	5.033	2.909
3.954	0.874	3.155	5.368	5.243
0	0	0	0	0
12.482	0.99	4.153	0	0
0	0	17.456	0	3.497
0	0	0	0	0
0	0	0	7.552	0
0	0	9.21	0	0
3.277	0	0	0	0
0	0	0	0	0
4.153	12.482	0	0.99	0
0	9.21	4.497	0	5.519
3.497	17.456	0	0	1.034
0	5.519	0	4.497	3.277
0	0	0	4.829	9.21
0	0	4.083	0	5.927
4.937	1.905	1.247	1.876	1.884
0	0	0	0	0
0	0	0	0	0
5.519	4.497	0	0	0
17.456	0	3.497	0	0
0	3.277	0	0	0
0	0	0	0	0
3.616	0.851	0	13.458	0
0	3.616	0	0.851	0
4.497	0	5.519	9.21	0
0	0	1.185	0	1.039
0	0	0	0	0
0	0	0	3.616	0
0.99	0	12.482	0	4.153
1.185	0	1.039	0	0
9.333	5.818	6.867	6.326	10.39
0	4.903	3.98	6.115	3.448
6.33	0	0	8.135	0
0	6.091	0	0	0
5.818	6.326	9.333	0	6.867
0	6.33	0	0	0
0	0	0	6.091	2.827
0	8.135	6.33	5.495	0
0	0	0	6.33	6.091
0	0	2.827	0	1.059
0	0	6.091	0	0
4.341	0	5.495	0.893	8.135
1.059	2.827	1.008	0	1.938
1.008	1.059	1.938	2.827	6.115
3.795	7.426	1.746	5.536	2.924
6.091	0	0	0	0
1.746	3.795	2.924	7.426	5.805
6.867	9.333	10.39	5.818	6.748
8.135	5.495	0	4.341	6.33
4.553	6.212	0	3.677	0
0	0.893	4.341	5.805	5.495
6.326	0	5.818	0	9.333
7.426	5.536	3.795	1.157	1.746
0	0	0.857	0	0
1.896	0	0	0	0.968
4.644	0	0	4.917	0
0.853	0	0	0	0.866
7.003	11.976	3.843	9.906	2.055
5.692	5.298	0	0	9.948
0	0	0.989	0.895	0
0.899	5.565	4.542	8.932	19.896
0	1.896	0.968	0	0
0	0	0	0	3.112
0.873	0	0	0	2.398
2.055	3.843	0.932	7.003	2.059
0	0.989	0	0	0
5.565	8.932	0.899	0	4.542
0.895	0	5.551	0	1.741
0.989	0	0	0	0
0	0.853	0.866	0	9.299
0	0.968	0	0	0
0	0.928	0	0	1.896
0.895	3.191	0	0	0
0	3.667	8.932	8.811	5.565
11.976	9.906	7.003	17.042	3.843
0	0	0	0.989	0.853
0	0	0.895	3.112	5.551
8.921	6.815	9.206	8.315	2.038
3.843	7.003	2.055	11.976	0.932
2.059	0.932	8.315	2.055	6.815
0.968	0	0	1.896	0
2.398	0	0	0.873	1.04
0	0	0.928	4.644	0
0	0	0	8.884	0
1.741	5.551	1.932	0.895	1.897
0	2.038	5.298	9.206	5.692
5.551	0.895	1.741	0	1.932
0	0.895	0	3.191	0.989
6.815	8.315	8.921	2.059	9.206
9.206	8.921	2.038	6.815	0
0	0	0.853	0	0
1.932	1.741	1.897	5.551	3.116
2.038	9.206	0	8.921	5.298
0.932	2.055	2.059	3.843	8.315
0.866	0	9.299	0.853	0
0	0	0	0	0
5.168	6.604	3.48	4.386	2.719
3.431	7.432	6.44	5.922	4.386
0	0	0	0	0
0	4.7	3.677	0.842	0
0	0	0	0	0
3.923	3.787	4.952	0	6.508
3.756	2.044	0	3.149	0
3.717	7.133	4.175	8.371	0
1.89	0	0	0	0.842
0	3.756	0	2.044	0
9.971	11.538	8.371	8.634	7.133
0	0	0	0	0
7.432	5.922	3.431	8.985	6.44
0	0	0	1.818	0
1.713	0	4.076	0	4.759
5.922	8.985	7.432	5.417	3.431
0	0	0	4.175	0
8.985	5.417	5.922	6.182	7.432
0	0	0	0	2.941
0	1.89	0.842	0	4.7
0	0	0	0	0
5.417	6.182	8.985	6.508	5.922
4.386	6.44	6.604	3.431	5.168
0	1.818	0	0.87	0
8.371	9.971	7.133	11.538	3.717
0	0	0	0	0
0	4.175	0	3.717	0
0	0	0	0	0
0	0	0	-1	0
0	0	0	0	3.787
0	0	0	3.756	0
0	0	1.713	3.677	4.076
6.44	3.431	4.386	7.432	6.604
0	0	0	0	0
5.104	12.93	3.988	16.686	6.7
0	2.042	5.465	0.958	0
13.146	7.05	0	2.236	0.967
5.502	0.969	0	0	0
6.322	0.967	0	0	0.969
1.891	0	0	0	0
1.832	1.232	0	5.122	0
0	8.485	0.924	2.692	1.879
0	5.607	0	0	0.872
1.053	1.782	3.583	0	1.833
0.901	0	0	0	5.122
0	3.668	0	0	1.144
0	0	0	0	0
3.988	5.104	6.7	12.93	1.821
0.967	0	6.322	13.146	0
4.835	6.32	6.471	8.667	4.5
0	0	3.974	1.896	3.113
0.875	0	18.949	6.359	0
0	0	1.747	0.874	0
0	0	0.98	0	0
2.638	0.879	8.519	1.879	7.813
3.113	3.974	2.279	0	0
0	0	0	0	1.891
17.529	2.076	31.824	12.234	16.686
2.941	0	0.888	0	3.179
12.93	16.686	5.104	31.824	3.988
0	0	1.964	0	0
0	0.904	0	0	0
0	0	0	0	1.964
2.076	12.234	17.529	18.884	31.824
0.879	1.879	2.638	0.924	8.519
0	0	0	0	0
0	13.146	0.967	7.05	6.322
3.045	0.91	3.04	8.949	3.911
6.7	3.988	1.821	5.104	0
0	0	2.941	0.874	0.888
7.801	7.813	3.766	8.519	8.667
0	2.047	3.668	3.118	0
0	0	0	3.983	1.793
0	0	0.89	0	1.896
5.011	3.911	3.681	3.04	1.796
0	1.811	0	0.886	0
0	0	3.496	0	4.904
0	0	0	0	3.496
0	0	1.891	0	0
8.748	5.384	15.64	0	2.236
0	0	1.793	0	0
0	1.821	0	6.7	0
1.811	0.886	0	0	0
3.04	3.045	3.911	0.91	5.011
1.891	1.797	0	0	2.779
0	0	0	0	6.359
7.05	2.236	13.146	15.64	0
0	0.874	0	0.871	1.747
1.872	0	0	5.465	0
0.969	0	5.502	6.322	0
0	6.359	0.875	0	18.949
0	0	0.901	6.609	0
0.874	0.871	0	0	0
0	5.465	1.872	0	0
0	6.322	0.969	0.967	5.502
0.904	0	0	0	0.904
3.681	5.011	1.796	3.911	0.883
0	0	0	1.811	0.89
0	12.571	0	1.771	0
0	6.609	0	0	0.901
3.496	0	4.904	0	5.128
0	0	0	0	0
0	0	-1	0	-1
0	0	0	0	0
9.296	13.116	8.41	10.825	11.426
0	0	0	2.842	0
13.116	10.825	9.296	12.764	8.41
2.737	0	0	0	0
0	0	0	0	0
0	0	2.737	0	0
0	0	0	0	-1
3.637	9.991	2.842	9.317	0
2.842	3.637	0	9.991	0
0	0	0	0	0
0	2.842	0	3.637	0
0	0	0	0	0
0	0	0	0	0
0	0	0	0	0
0	0	0	0	0
0	0	0	0	0
0	0	0	0	0
0	0	0	0	0
3.243	0	2.172	0	5.677
0	2.737	0	0	3.243
0	0	0	0	0
0	0	0	0	0
0	0	3.243	2.737	2.172
0	0	1.048	0	0
0	0	0	0	0
0	0.981	1.069	0	0
0	3.2	0	0	2.172
0	2.213	1.005	0	0
0.981	0	0	0	0
0	0	0	0	0
0	1.207	2.213	0	0
2.213	0	0	1.207	1.005
0	0	0.981	1.002	0
0	0	1.002	1.005	0
0.981	0	0	0	1.069
0	0	0	2.031	0
1.048	0	0	0	0
0	0	0.981	0	0
0	0	0	0	0
0	0	1.207	2.018	0
1.002	0	0	0	0
0	0	0	0	0
0	2.11	0	0	0
0	0	0	0	0
0	0	0	1.069	1.069
0	0	0	2.11	1.048
0	0	0	0	0
1.207	0	0	0	2.213
0	1.069	0	0	0
1.805	2.977	0	0.9	0
1.068	0	0	0	2.051
6.165	0	0	1.101	5.097
0.9	0	2.977	0	1.805
0	1.805	0	2.977	1.029
3.835	0	0	0	0
2.977	0.9	1.805	0	0
0	0	0.9	5.104	2.977
0	0	1.068	0.983	0
1.029	0	0	0	0
0	1.068	2.051	0	0
0	6.934	3.719	0	4.012
0	0	0	0	3.835
0	0	0	1.029	0
0	0.983	0	0	1.068
0	1.029	0	0	0
4.012	3.719	5.268	0	1.959
0	5.104	0	0	0.9
5.104	0	0	6.343	0
0	0	0.983	0	0
0	0	1.101	0	0
0.983	0	0	0	0
0	0	3.835	0	0
1.101	0	0	0	6.165
0	6.343	5.104	2.824	0
3.616	4.409	9.33	4.289	2.478
1.915	2.478	0	9.33	1.75
3.548	1.561	0	2.558	5.536
0	7.718	3.82	1.154	1.517
5.536	0	1.253	3.548	1.344
4.025	1.75	2.558	0	1.561
0	0	2.145	0	2.175
2.175	2.145	0	0	2.886
3.82	0	1.517	7.718	3.198
0	3.548	5.536	1.561	1.253
9.33	3.616	2.478	4.409	1.915
2.558	4.025	1.561	1.75	3.548
1.517	3.82	3.198	0	3.009
1.75	0	4.025	1.915	2.558
3.198	1.517	3.009	3.82	9.013
0	2.175	2.886	2.145	0
2.145	0	2.175	0	0
3.009	3.198	9.013	1.517	4.289
9.013	3.009	4.289	3.198	4.409
4.763	3.21	4.291	7.091	8.516
3.123	8.516	2.122	4.291	2.172
4.409	4.289	3.616	9.013	9.33
1.561	2.558	3.548	4.025	0
0	1.971	0	1.061	4.896
0.915	0	0	0	0
0	0	0.93	0	7.136
0	0	0	0	0
0	0	0	0	0
0	0	0	7.239	0.93
0	0	0	0.864	0
1.866	1.911	0.887	0.979	0
9.106	0	12.951	2.841	4.036
0	0	3.699	0	0.912
0	0	4.896	1.971	0
6.221	6.037	6.388	8.602	2.735
1.911	0	0.979	0.937	1.911
0	7.239	0	0	0
2.969	5.358	0.863	0	3.303
0	0	0	0	0
5.358	0	2.969	0	0.863
0.979	1.911	1.911	0	1.866
0	0.915	0	0	0
0	0	0.915	7.136	0
0	0	0	0	0
0	2.841	9.106	0	12.951
7.239	0	0	0	0
0.923	3.846	0.937	2.735	0
6.388	6.221	2.735	6.037	3.846
0	0	0.864	4.896	0
1.969	14.836	8.602	0	6.037
0	0	0	0	0
0	5.039	1.967	0	0
3.846	2.735	0.923	6.388	0.937
3.303	0.863	0	2.969	0
3.699	0	0.912	0	0
2.841	0	0	0.877	9.106
0	0.912	0	3.699	7.239
0.917	7.535	4.903	6.21	0
2.801	0	5.845	2.955	0
0	3.625	0	0	0.922
7.424	0.924	0	0	3.625
0	0	0	0	0
0	0	0	0	0
4.903	0.917	0	7.535	3.694
3.625	0	0	7.424	0
0	7.424	3.625	0.924	0
5.4	2.078	0	3.77	0.924
13.851	11.596	7.65	8.748	6.21
11.639	5.379	7.385	6.342	14.918
2.078	3.77	5.4	2.878	0
0	0	0	0	0
2.955	5.306	0	0.922	2.801
5.306	0.922	2.955	0	0
1.832	3.694	0	0	0
3.77	2.878	2.078	3.888	5.4
2.878	3.888	3.77	0	2.078
0	0	0	-1	0
0.922	0	5.306	0	2.955
0	0	0	0	0
0	0	0	0	0
8.62	10.205	8.748	14.918	11.596
0	4.903	3.694	0.917	1.832
0	0	0	0	0
8.766	0	0	5.845	5.929
3.694	0	1.832	4.903	0
0	0.891	3.888	0.889	2.878
10.205	14.918	8.62	7.385	8.748
0.924	0	7.424	5.4	0
0.948	0	0	0	5.222
1.875	0	2.928	9.606	0
1.149	0	5.01	0.909	0
0.966	1.953	13.918	0	13.627
9.63	6.828	9.352	28.83	15.49
7.971	13.627	1.981	13.918	0
0	9.606	1.875	15.49	2.928
0	0	0.948	1.981	0
15.49	9.352	9.606	9.63	0
0	1.149	0.909	0	0
0	1.981	0	7.971	0.948
2.928	1.875	0	0	0
0	0	0	0	0
0	0	6.847	4.659	0
5.153	0	0	4.715	1.953
9.606	15.49	0	9.352	1.875
13.477	13.155	10.022	8.606	10.375
6.828	28.83	9.63	2.952	9.352
0	0	0	1.927	0
1.981	7.971	0	13.627	0
0	2.928	0	1.875	0
0	6.918	0	0	0
9.352	9.63	15.49	6.828	9.606
4.2	1.829	1.893	0.992	4.203
1.149	0	0	0	0.909
0	0	0	0	0
28.83	2.952	6.828	3.994	9.63
16.417	11.535	7.827	10.375	9.727
19.775	0	14.695	0	0
0	6.847	0	0	0.908
0	0	0	0	0
0	0	0	0	0
0	0	0	0	1.995
0	0	0	5.763	7.946
0	0	0	0	0
1.82	0.989	0	4.766	0
5.35	0	7.62	5.908	6.522
0	0	0	0	0
0	5.908	5.35	1.539	7.62
0	0	0	-1	0
0	-1	0	-1	0
4.766	2.759	0.989	1.995	1.82
1.539	7.946	5.908	0	0
6.522	7.62	15.924	5.35	0
0	0	1.995	0	2.759
7.62	5.35	6.522	0	15.924
2.759	1.995	4.766	0	0.989
3.526	0.786	0	0.734	5.763
1.995	0	2.759	0	4.766
5.908	1.539	0	7.946	5.35
0	4.045	0	2.79	6.124
1.595	4.976	0	0	9.982
1.767	0	1.088	0	5.399
6.124	0	8.228	0	0
0	1.241	9.705	0	0.924
0	0	0	0	0
4.976	0	1.595	0	0
1.088	1.767	5.399	0	2.841
8.228	6.124	0	0	0
0.898	0	0	0	0
0	0	1.767	0	1.088
0	8.228	0	6.124	4.976
5.399	1.088	2.841	1.767	0
0.924	9.705	0	0	0
0	0	2.79	0	4.045
2.79	0	4.045	0	0
0	0	0	0	0
0	0.924	0	9.705	0
4.045	2.79	0	0	0
13.293	17.939	17.591	14.807	13.396
13.045	3.974	8.766	2.24	10.618
11.813	0.888	0.909	0	4.205
0.88	2.753	6.376	0	0
7.81	4.486	9.464	8.009	12.295
6.376	0.88	0	2.753	1.783
10.618	8.766	14.638	13.045	14.962
13.166	12.998	7.151	9.882	0
12.295	9.464	11.515	7.81	10.421
17.939	14.807	13.293	19.629	17.591
17.591	13.293	13.396	17.939	11.441
14.807	19.629	17.939	10.93	13.293
9.464	7.81	12.295	4.486	11.515
4.486	8.009	7.81	12.16	9.464
0	0	0	0	0
14.638	10.618	14.962	8.766	10.93
14.025	13.329	12.16	13.841	8.009
19.629	10.93	14.807	14.962	17.939
20.121	11.441	12.522	13.396	9.882
0	0	0	0	2.802
0	2.802	0	0	0.889
0	0	2.802	0	0
8.009	12.16	4.486	14.025	7.81
3.974	2.24	13.045	2.705	8.766
2.802	0	0	0	0
8.766	13.045	10.618	3.974	14.638
13.396	17.591	11.441	13.293	20.121
12.16	14.025	8.009	13.329	4.486
0	0	0	0	0
14.962	14.638	10.93	10.618	19.629
0	0	0	0	0
8.117	0	0.915	8.565	2.974
5.305	6.137	4.862	0.987	6.368
5.184	0	0	0	3.087
13.565	4.714	9.915	11.421	1.964
0	0	1.894	0	0
0	0	0	0.916	0
0.915	0.882	8.565	0	0
1.964	9.915	11.823	13.565	1.907
0	0.916	0	0	0
0	9.096	1.883	0	1.988
0	0	0.916	0	0
0	0	0	0	1.965
8.694	1.905	19.013	15.957	1.982
4.862	5.305	6.368	6.137	0
9.096	0	0	0	1.883
12.862	0	5.706	6.368	15.957
0	0	5.184	6.478	0
9.915	13.565	1.964	4.714	11.823
0	0.892	3.191	2.974	0
19.013	8.694	1.982	1.905	11.448
0	0	1.412	1.965	0
5.706	12.862	15.957	0	1.905
0	1.796	0	0	0
8.616	5.068	6.417	5.012	3.909
6.417	8.616	3.909	5.068	9.001
6.167	7.549	4.768	7.534	0
0	0	0	1.796	0
0	0	1.729	0	1.024
0	0	0	0	0
5.068	5.012	8.616	7.572	6.417
3.909	6.417	9.001	8.616	10.722
10.7	10.722	6.631	9.001	7.534
0	0	0	0	0
9.001	3.909	10.722	6.417	10.7
0	0	0.875	1.024	0.854
1.796	0	0	4.768	0
0	0	0	0	3.221
0	0	0	0	0
0	0	0	0	0
0	0	0	0	0
0.983	0	0	0	6.008
0	0	0	0	0
1.024	1.729	0	0	0
0	0	0	0	0
5.012	7.572	5.068	3.221	8.616
0	0	0	0	1.729
0	0	0	0	0
0	0	0	0	0
0	0	0	0	0.983
0	0	0	0	0
7.572	3.221	5.012	0	5.068
1.729	0	1.024	0	0
0	2.115	0	0	0
0	4.767	0	2.396	0
0	0	0	0	0
0	0	0	2.13	0
4.511	0	1.945	0	3.779
0	0	0	0	0
4.767	2.396	0	3.518	0
3.779	1.945	3.518	4.511	2.396
0	0	0	1.96	0
3.518	3.779	2.396	1.945	4.767
0	1.96	0	0	0
0	0	0	0	0
2.396	3.518	4.767	3.779	0
0	0	0	0	1.017
0	0	0	0	2.13
0	0	0	0	0
0	0	0	0	0
0	0	2.13	0	0
0	1.017	0	0	0
0	0	0	1.017	0
1.96	0	0	2.162	0
0	0	0	0	0
2.13	0	0	0	0
2.948	6.04	0	0	2.145
0	0	1.833	0	0.87
0	0.934	0	0	0
0	0	2.988	3.136	0
0	0	0	0	0
0	0.87	0	1.833	5.362
0	5.362	0	0	0
0	0	0	0	0
0	0	0	0	0
0	0	0	2.988	0
0.934	0	0	0	0
0	0	5.362	0.87	0
2.988	0	0	0	0
5.362	0	0	0	0
0	0	0	0	0
0	0	0	0	0
0.878	0	1.024	0	3.136
0	0	0	5.362	0
0	3.136	0	1.024	2.988
0	0	0	0	0
6.04	0	2.948	0	0
0	0	0	2.145	0
0	0.827	0	0	0.827
7.909	4.055	2.144	5.787	5.202
0	3.901	21.033	0	1.935
3.687	6.459	15.066	0	4.557
6.459	0	3.687	6.907	15.066
2.144	7.909	5.202	4.055	0
1.793	0	0	0	0
2.543	10.553	5.471	2.96	0.89
10.553	2.96	2.543	3.522	5.471
0	6.907	6.459	4.38	3.687
0	0	-1	0	-1
0.84	0	0	0	0
9.754	1.631	3.522	0	2.96
0	0	0	0	0
5.787	4.557	4.055	15.066	7.909
0	0.84	0	0	0
0	0	0	0	0
15.066	3.687	4.557	6.459	5.787
0	0	0	1.793	0
21.033	0	1.935	3.901	1.756
2.96	3.522	10.553	9.754	2.543
3.07	0	0	5.202	0
1.935	21.033	1.756	0	0
4.557	15.066	5.787	3.687	4.055
0	2.026	0	0	0
0	0	1.202	0	0
0	3.892	0	0.911	1.907
0	0	0.904	0	1.013
0	0	0	0	0
0	0	0	0.976	0.95
0	0	0	0	0
0	0	0	0.903	0
0	0.932	0.956	0	0
0.905	1.018	3.817	0	0
0.976	0	0	0	0
0	1.202	0	0	0
0	0	0	0	0
0	0	0	0	0.976
0	0	0	0	0
0	0	0.927	0	0
0.927	0	0	0	0
0	0	0	0	0
0	0	0	0.94	0
0	0	2.877	0.976	0
0	0.956	1.018	0	0.905
0.976	0	0	0	0
0	0	0	0	0
1.018	0	0.905	0.956	3.817
0	0	0	0	0
0	0	0	0	1.202
0	0.95	0.918	0	1.977
2.877	0	0	0	0
0	2.877	0	0	0
0.94	0	0	0	0
0.912	0	0	0	0.932
0	0	0	1.202	0
0.911	0	3.892	3.817	0
0	0	0	0	0
0	0	0	0	0
0	0	0.976	0	0
0	0	0	0	0
0	2.884	0	0	0
0	0	0.95	0	0
0	0	2.901	0	3.828
0	0	0	0	0
1.013	0.904	4.016	0	4.427
1.202	0	0	0	0
0	0	0	0	0.976
2.026	0	0	3.118	0
0	0	0	0	0.94
3.078	7.735	0	3.212	0
0	0	0	0	0
2.609	8.728	0	0.912	1.05
0.929	1.05	0	0	0
9.567	0	0.829	1.877	0
0	1.877	9.567	2.055	0.829
4.821	0.845	3.154	2.545	7.583
0.829	9.567	0	0	0
3.154	4.821	7.583	0.845	0.912
0	2.609	1.05	8.728	0.929
0	0.929	0	1.05	1.984
2.545	0	0.845	1.978	4.821
0.845	2.545	4.821	0	3.154
0	1.978	2.545	0	0.845
2.055	4.964	1.877	0	0
1.877	2.055	0	4.964	9.567
8.728	0.912	2.609	7.583	0
7.583	3.154	0.912	4.821	8.728
2.279	0	0	1.056	0
0	0	0	0	0
0	0	0	7.967	0
0	0	0	0	0
0	3.287	1.056	0.977	0
0	0	0	2.279	0
0	0	0	0	0
0	0	0	0	0
0	0	1.905	0	0
0	0	0	0	0
0	0	0	0	0
1.905	0	0	0	0
1.056	0	0	3.287	2.279
0	1.905	0	0	1.174
3.287	0.977	0	0	1.056
0	0	0	0	0
0	0	0	0	0
0	2.279	0	0	0
0.977	0	3.287	0	0
0	0	0	0	0
0	0	0	0	0
0	0.898	3.364	0	0
0	3.997	0	0	0
0	0.789	0.789	0	0
0	0	0.831	0	3.749
0	0	0	0	0
0	0	2.383	0.836	0
0	0	0	0	0
0	0	0	0.789	0.836
7.403	6.459	11.635	7.416	6.99
0	0.836	0.836	0.831	0
9.575	6.405	0	4.895	0.862
0	5.696	3.42	0	0
7.416	12.528	6.459	3.504	7.403
0.862	0	2.075	9.575	3.776
0	0.836	0	0	0
0	8.738	9.902	14.345	0.785
0	0	0	-1	0
6.459	7.416	7.403	12.528	11.635
6.091	5.835	6.074	0	4.895
0	2.022	0.789	4.666	0
3.364	0	0	0.898	4.101
0	0	9.709	0	0
0	0	0	3.997	3.183
0	9.575	0.862	6.405	2.075
0	3.42	1.453	0	0
0.831	0	3.749	0	0
6.074	6.091	4.895	5.835	6.405
0	0	0	0	0
0	0	0	0	0
0	0	0	0	9.709
6.99	11.635	6.362	7.403	10.559
0	0	3.183	0	13.626
0	3.364	4.101	0	0
3.776	2.075	0	0.862	0.951
4.895	6.074	6.405	6.091	9.575
0	0	0	0	0
0	9.709	3.997	0	0
0.785	9.902	4.666	0	2.022
0	0	0.836	0	0
0	0	0	0	0
2.075	0.862	3.776	0	0
8.738	14.345	0	5.563	9.902
0.789	0	0	2.022	0.789
0	0	0	2.383	0
0	0	18.793	0.897	3.504
0.836	0.831	0	0	0.836
6.405	4.895	9.575	6.074	0
0.951	0	0	3.776	0
0.898	0	0	0	3.364
0	3.776	0.951	2.075	0
2.022	4.666	0	0.785	0.789
1.957	2.049	0	0.947	0
9.026	4.849	0	5.879	0
2.043	0.951	4.054	0.971	0
0.971	0	0.951	0	2.043
0	0	8.867	0	0
0	1.966	0.939	0	0
0	0	6.464	0	0
2.049	0.947	1.957	7.565	0
0.961	2.97	0	0.963	0
4.054	2.043	0	0.951	12.014
0.961	12.28	0	0	0
0.951	0.971	2.043	0	4.054
5.225	0	0	0	3.156
0	0	0	7.101	0
0	0	0	0	0.971
0	0	0	0	8.867
0	5.225	3.156	0	4.894
5.879	0	4.849	2.347	9.026
0	0	0	0	4.884
7.565	1.109	0.947	1.188	2.049
6.464	0	0	0	1.044
4.849	5.879	9.026	0	0
0	0.961	0	12.28	0
1.337	2.229	0	0	1.966
0	7.101	0	8.847	0
0	0	0.971	0	0.951
0	0	0	0	0
0.939	0	0	1.966	0
0	0	0	6.964	0
2.837	0	0	0	0
2.229	0	1.337	5.579	0
1.966	0	0	1.337	0.939
2.347	0	0	0	5.879
0	0	0	8.344	0
7.101	8.847	0	7.454	0
0	0	5.225	0	0
0	0	0	0.939	0
0	0	0	0	0
0	8.867	0	0	5.417
0	2.347	5.879	0	4.849
7.454	0	8.847	0	7.101
8.344	0	0	0	0
0	1.957	0	2.049	12.28
0	9.026	0	4.849	2.837
0.947	7.565	2.049	1.109	1.957
0	0	0	0	0
10.57	0	0	0	0
0	1.337	1.966	2.229	0
6.964	0	0	1.909	0
0	0	0	0	0
0	0	0	0.961	0
1.909	11.683	0	0	6.964
2.97	0.963	0.961	0	0
0	0	0	0	0
0	0	0	0	0
0	0	12.28	1.957	0.961
0	1.762	1.988	0.9	0
0	0	0	0	0
0	0	0	0	0
2.155	2.053	0	0	0
1.988	0	0	1.762	8.805
0	0	0	0	1.876
0	0	0	0	0
2.902	3.388	4.576	0	1.992
2.852	5.385	3.986	0	11.622
0	11.255	0	0	1.873
3.906	0	0	0	5.385
1.104	2.946	0	0	0
0	0	3.147	11.622	5.145
1.876	0	0	0	2.053
1.266	0.948	0	0	0
4.969	0	0	0	0.9
0	0.89	0	8.805	3.906
0	3.906	5.385	0	2.852
2.053	0	2.155	1.876	0
2.946	0	1.104	0	0
0	1.104	0	2.946	0.948
0	0	0	0	0
3.986	2.852	11.622	5.385	0
11.255	0	0	0	0
0	1.988	8.805	0	0.89
0.89	8.805	0	0	0
0	1.876	2.053	0	2.155
0	0	2.946	0	1.104
0	0	0	-1	0
0	2.155	0	2.053	4.969
8.805	0	0.89	1.988	0
2.801	1.92	0	0	3.796
0	0	0	0	0
0	2.801	3.796	1.92	0
0	0	1.103	0	0
1.92	0	2.801	0	0
0	0	0	0	0
1.103	0	0	0	0
0	0	0	0	0
3.796	0	0	2.801	0
0	1.103	0	0	0
0	0	1.92	0	2.801
0	0	0	0	0
0	0	3.597	0	0
0	0	0	0	0
3.597	0	0	0	0
0	0	0.925	0	0.928
0	0	0	0	0
0	3.597	0	0	0
0	3.796	0	0	0
0	0	0	1.103	0
0	0	0	0	0
0	0	0	0	0
20.053	9.748	0	11.535	14.412
3.844	0	0	14.412	10.75
0	0	0	0	0
0	0	0	0	0
11.535	8.589	9.748	0	20.053
0	0	0	0	0
0	0	0	0	0
0	0	0	0	0
0	0	0	0	0
0	0	0	0	0
0.952	0.981	7.888	0	17.178
13.936	12.224	14.424	10.039	0.896
0	0	0	0	0
0	0	0	0	0
0	0	0	0	0
0	20.053	14.412	9.748	0
0	7.656	8.589	0	11.535
14.424	13.936	0.896	12.224	0.925
0	0	0	0	0
0	0	0	0	0
0	0	0	0	0
11.984	7.627	12.354	5.716	9.341
0	0	0	0	0
0.896	14.424	0.925	13.936	20.567
7.656	0	0	0	8.589
8.589	0	11.535	7.656	9.748
17.178	7.888	6.059	0.952	5.716
0	0	0	0	0
0	0	0	0	0
0	0	0	0	0
0	0	0	0	0
0	0	0	0	0
0	0	0	0	0
0	0	0	0	0
0	0	0	0	0
0	0	0	0	0.974
0	0	0	0	0
0	0	0	0	0
0	0	0	2.766	0
0	0	0	0	0
0	0	0	0	0
0	0	0	0	0
0	0	0	0	0
0	0	0	0	0
0	0	0	0	0
0	0	0	0	0
0	0	0	0	0
0	0	0	0	0
0	0	0	0	0
0	0	0.974	0	0
0	2.766	0	0	0
16.495	17.477	10.88	0.926	21.398
24.178	18.598	30.551	23.816	26.016
16.219	22.724	24.452	12.749	25.93
24.452	16.219	25.93	22.724	28.668
0	0	0	0	0
21.706	18.922	13.181	13.233	11.787
25.93	24.452	28.668	16.219	23.816
13.233	15.147	18.922	15.689	21.706
0	0.879	0	4.454	0
13.181	21.706	11.787	18.922	11.465
11.068	10.078	8.444	6.001	2.83
0	0	0.926	-1	17.477
0.879	4.454	0	3.876	0
17.477	0.926	16.495	0	10.88
8.444	11.068	2.83	10.078	5.895
21.396	11.465	22.009	11.787	13.558
10.078	6.001	11.068	7.351	8.444
18.922	13.233	21.706	15.147	13.181
28.668	25.93	23.816	24.452	18.598
12.749	25.023	22.724	17.146	16.219
0	0	0	0.879	0
4.735	4.574	3.876	5.895	4.454
17.471	26.016	15.689	30.551	15.147
0.926	0	17.477	0	16.495
6.001	7.351	10.078	12.972	11.068
18.598	23.816	24.178	28.668	30.551
4.574	5.895	4.735	2.83	3.876
15.147	15.689	13.233	17.471	18.922
26.016	30.551	17.471	24.178	15.689
4.454	3.876	0.879	4.735	0
22.724	12.749	16.219	25.023	24.452
0	0	0	2.306	0
0	0	0	0	0
0	0	0	0	0
0	1.107	0	0	0
0	0	0	0	0
0	0	0	0	0
0	2.306	0	0	0
2.952	0	0	0	1.84
0	0	0	0	0
0	0	0	0	0
0	0	0	0	0
0	0	7.989	0	12.103
0	0	1.08	0	2.67
0	0	0	0	0
0	0	0	0	0
0	0	0	0	0
0	0	2.952	0.878	0
0	0	0	0	0
12.103	7.989	15.885	0	14.761
0	0	0	7.354	1.08
0	0	0	1.107	1.139
2.67	1.08	0	0	11.305
0	0	0	0	0
7.989	0	12.103	0	15.885
0.878	1.139	0	0	0
1.08	0	2.67	0	0
2.306	0	0	0	0
0	0	2.306	0	0
0	0	0	0	0
0	0	1.139	0	0.878
1.139	0	0.878	0	0
14.761	15.885	10.487	12.103	12.149
0	0	0	0	0
0	0	0	0.985	0
0	0.985	0	0.921	0
0	0	0	0	0
0	0.853	0.853	0	0.853
0.853	0	0	0	0.853
0.924	0	0	0	4.167
0	0	0	0	0
0	0	0	0	0
0	0	0	2.225	1.326
0.985	0.921	0	0	0
0.957	2.253	0	0	0
0	0	0	0	0
0	0	0	0	0
0	1.839	0	4.167	0.989
0	0	0	0	0.853
0	0	0.924	0	0
1.326	0	1.919	0	0
0	0	0	0	2.253
0	0.924	4.167	0	1.839
0.921	0	0.985	0.915	0
0	0	0	0	0
0	0	0	0	0
7.055	4.712	5.195	4.809	8.98
0	0	0	0	0
4.712	4.809	7.055	6.687	5.195
4.722	6.586	3.771	5.962	0
0	0	0	0	0
0	0	0.865	1.193	0
9.668	10.95	5.716	9.162	5.558
0	0	0	0	0
10.523	9.456	8.964	7.364	8.065
1.74	2.723	0	0	0.85
4.809	6.687	4.712	6.895	7.055
6.586	5.962	4.722	4.785	3.771
0	0	0	0	0
0	0	0	0.879	0
1.193	0	0	0	0
0	1.74	0.85	2.723	0
0	2.645	0	0	0
0.85	0	0	1.74	0.915
5.962	4.785	6.586	1.795	4.722
0	0.85	0.915	0	12.883
2.645	0	0	3.771	0
0	1.193	0	0	0.865
0	3.771	2.645	4.722	0
6.895	6.904	6.687	5.558	4.809
1.795	8.98	4.785	5.195	5.962
4.785	1.795	5.962	8.98	6.586
0	0	0	0	0
7.364	10.119	9.456	8.221	10.523
0	0	0	0	0
5.716	9.668	5.558	10.95	6.904
8.98	5.195	1.795	7.055	4.785
12.883	0.915	7.454	0	7.993
9.456	7.364	10.523	10.119	8.964
0	0	0	0	0
8.964	10.523	8.065	9.456	9.162
0	0	0	0	0
7.993	7.454	0	12.883	5.709
0	0	0	0	0
0	0	0	0	0
9.162	8.065	10.95	8.964	9.668
5.195	7.055	8.98	4.712	1.795
6.904	5.558	6.895	5.716	6.687
3.771	4.722	0	6.586	2.645
0	0	1.193	0	0
5.334	11.246	0	0	3.048
0	12.044	0	0	0
11.246	0	5.334	0	0
6.777	0	5.43	7.552	2.681
0	5.216	0	2.681	11.246
12.044	0	0	0	0
0	0	0	3.048	12.044
4.954	0	0	0	5.656
1.235	0	0	0	0
0	3.048	0	0	0
0	0	0	0	4.954
5.216	2.681	0	5.43	0
5.43	6.777	2.681	0	5.216
0	1.661	18.835	7.791	0.861
0	1.235	0	0	0
0.861	18.835	0	0	2.666
0	0	0	1.235	0
0	0	4.954	0	0
3.048	0	0	5.334	0
0	0	0	0	0
18.835	0	0.861	1.661	0
0	5.334	3.048	11.246	0
2.681	5.43	5.216	6.777	0
0	0	0	0	0
7.188	9.425	9.669	10.603	7.667
2.524	0.843	0	1.022	4.454
7.187	4.454	2.503	0	9.818
1.583	0	0	0	1.059
0	0	0	6.054	0
0	0	0	0.812	1.066
0	0.812	0	0	0
0	0	0.812	0	0
1.066	0	0	0	1.066
0	0	0	0	0
0.843	1.022	2.524	0	0
1.022	0	0.843	0	2.524
4.454	0	7.187	2.524	2.503
0	0	0.841	8.939	2.411
0	6.054	0	1.934	0
0	0	1.066	0	0
0	2.524	4.454	0.843	7.187
8.069	0	0	0	0
2.503	7.187	9.818	4.454	6.721
0	8.069	0	0	0
0	1.066	0	0	0.845
0	0	0	0	0
0	0	0	0	8.069
13.609	6.721	6.587	9.818	7.143
9.825	0	0	0	0.951
4.884	0	0.882	0	21.711
16.375	2.946	4.377	9.466	10.895
0.952	0	0	3.809	0
0	0	9.825	0	0
14.876	1.774	0	0	2.15
0	0	0	-1	7.888
16.11	5.426	15.519	19.091	9.741
1.984	0	0	0.986	0
0.882	4.884	21.711	0	0
2.15	0	0	14.876	2.192
0	0	0	0	0
4.377	16.375	10.895	2.946	11.704
0	0	7.888	0	5.607
0	0	10.668	0	0
0.906	0	0	1.768	5.814
10.4	0	10.728	0	8.281
0	0	0	0	0
3.759	2.192	0	0	0
0	2.141	0	3.465	4.884
0	0	0	0	10.668
11.704	10.895	2.931	4.377	10.961
0	0.975	0	0	0
5.426	19.091	16.11	12.316	15.519
5.814	0	0.878	0.906	6.402
10.895	4.377	11.704	16.375	2.931
0	0	0	0	0
0	1.768	0.906	0.876	0
0	0.906	5.814	0	0.878
6.402	0.878	0	5.814	0
0	0	0	0	0
0	0	0	0	0
0.876	0	1.768	2.111	0
21.711	0.882	0	4.884	10.482
2.111	0	0	0.881	0.876
0	0	0	0	0
0	0	0	0	0
0	0	0	0	0
0	0	0	0	0
0	0	0	0	0
0	0	0	0	0
0	0	0	0	0
0	0	0	0	0
0	0	0	0	0
0	0	0	0	0
0	0	0	0	0
0	0	0	0	0
0	0	0	0	0
0	0	0	0	0
0	0	0	-1	0
0	0	0	0	0
0	0	0	0	0
0	0	0	0	0
0	0	0	0	0
0	0	0	0	0
0	0	0	0	0
0	0	0	0	0
0.85	0	0	1.74	0.915
4.809	6.623	3.874	10.159	5.12
0	0.85	0.915	0	12.883
0	0	0	0	0
3.874	4.809	5.12	6.623	5.195
0	0	0	0	0
0	1.74	0.85	2.723	0
5.195	5.12	8.98	3.874	1.795
0	0	0	0	0
5.748	5.084	4.722	4.785	3.771
9.654	13.075	9.156	12.985	12.848
12.883	0.915	7.454	0	7.993
1.193	0	0	0	0
1.74	2.723	0	0	0.85
5.084	4.785	5.748	1.795	4.722
13.075	12.985	9.654	12.71	9.156
0	0	0	0	0
8.98	5.195	1.795	5.12	4.785
0	1.193	0	0	0.865
0	0	1.193	0	0
1.795	8.98	4.785	5.195	5.084
7.235	6.444	10.955	4.081	12.71
0	2.645	0	0	0
0	0	0	0	0
0	0	0	0	0
0	0	0	0	0
10.159	10.278	6.623	10.111	4.809
7.993	7.454	0	12.883	5.709
4.785	1.795	5.084	8.98	5.748
0	0	0	0.879	0
2.645	0	0	3.771	0
0	0	0	0	0
10.278	10.111	10.159	8.514	6.623
3.771	4.722	0	5.748	2.645
6.623	10.159	4.809	10.278	3.874
12.985	12.71	13.075	10.955	9.654
4.722	5.748	3.771	5.084	0
0	0	0	0	0
0	0	0.865	1.193	0
5.12	3.874	5.195	4.809	8.98
0	0	0	0	0
0	1.913	1.958	3.753	7.004
8.021	9.633	2.799	13.836	13.666
0.914	0	1.952	0	13.836
3.815	9.264	8.08	0	2.83
0	10.666	0	0	0.907
6.442	1.889	0	0	0
1.966	0.907	0	0	0
21.199	9.765	0	2.282	10.64
0	12.158	0	7.596	0
9.633	13.836	8.021	1.952	2.799
10.666	0	0	0	0
2.821	7.004	0	1.958	0
1.851	6.589	2.784	2.83	6.252
1.958	0	7.004	1.913	2.821
0	13.666	6.475	2.799	2.282
0	21.199	10.64	9.765	3.095
0	1.966	0	0.907	1.889
10.64	0	3.095	21.199	4.421
9.765	2.282	21.199	6.475	0
2.151	0	0	0	0
2.799	8.021	13.666	9.633	0
1.913	3.753	0	0	1.958
13.666	2.799	0	8.021	6.475
3.095	10.64	4.421	0	3.157
0	2.821	0	7.004	9.264
3.753	0	1.913	2.002	0
0	0	2.151	0	0
4.243	4.141	5.961	5.216	5.201
0	0	-1	0	-1
0	0	2.665	0	0.854
0	0	0	0	0
0	1.898	0	0	0
1.898	0	0	0	0
3.816	0	2.814	2.826	0
0	0	0	0.961	1.898
0	4.671	0	0	0
0	0	1.898	0	0
0	2.814	0	3.816	4.671
4.141	5.216	4.243	7.107	5.961
5.216	7.107	4.141	8.028	4.243
9.832	6.667	7.409	8.731	6.179
0	0	0	0	0
2.826	5.201	0	5.961	3.816
7.107	8.028	5.216	6.179	4.141
4.38	0	4.337	0	5.607
8.028	6.179	7.107	7.409	5.216
0	0	0	0.915	0
7.409	9.832	6.179	6.667	8.028
4.337	4.38	5.607	0	6.865
4.671	0	0	0	0
0.854	2.665	0	0	0
0	0.961	0	0	0
5.607	4.337	6.865	4.38	8.628
2.814	3.816	0	0	0
6.865	5.607	8.628	4.337	8.731
5.961	4.243	5.201	4.141	2.826
5.201	5.961	2.826	4.243	0
0	0	0	0	0
6.179	7.409	8.028	9.832	7.107
2.824	18.206	8.315	12.633	9.289
0	0.869	0	8.158	11.656
0	0	11.656	0.869	7.912
7.107	10.234	7.352	4.769	11.543
10.234	4.769	7.107	1.76	7.352
15.315	11.695	12.633	0	18.206
11.656	0	7.912	0	0
0	0	0.939	0	0
6.418	8.018	8.158	1.858	0.869
0.869	8.158	0	6.418	0
0	0.883	3.912	1.802	0
1.858	2.678	8.018	3.037	6.418
7.352	7.107	11.543	10.234	4.688
0	1.866	1.832	13.011	2.817
8.018	1.858	6.418	2.678	8.158
8.158	6.418	0.869	8.018	0
0	2.817	0	1.832	4.689
11.695	0	15.315	7.912	12.633
8.661	15.258	8.037	9.289	11.614
1.802	4.688	0.883	11.543	0
0	3.912	13.011	0	1.866
4.688	11.543	1.802	7.352	0.883
3.912	0	0	0.883	13.011
0	0	4.689	2.817	0
4.916	4.701	5.593	3.379	9.327
0	0	0	0	0
0	0	0	0	0.983
0	0	0	0	0
7.048	8.47	4.768	7.632	0
0	0	0	0	0
9.997	6.632	4.888	4.186	6.017
0	0	0	1.034	0
0	1.796	0	0	0
0	0	0	0	0
1.729	0	1.024	0	0
5.653	0	3.379	0	4.701
0	0	5.747	0.854	0
0	0	0	0	0
0	0	0	0	5.653
9.327	5.593	6.212	4.916	4.186
0	0	0	0	0
0	0	0	0	0
4.701	3.379	4.916	5.653	5.593
1.796	0	0	4.768	0
0	0	0	0	0
0	0	0	-1	0
0	0	0	0	0
0	1.034	0	0	0
10.7	8.859	7.492	6.017	7.632
4.186	6.212	6.632	9.327	9.997
0.983	0	0	0	8.073
0	0	0	0	0
0	0	0.875	1.024	0.854
5.593	4.916	9.327	4.701	6.212
0	0	1.729	0	1.024
0	0	0	1.796	0
0	0	0	0	0
3.379	5.653	4.701	0	4.916
0	0	5.653	0	3.379
6.632	4.186	9.997	6.212	4.888
6.212	9.327	4.186	5.593	6.632
0	0	0	0	1.729
0	0	0	0	0
7.492	10.7	7.632	8.859	8.47
0	0	2.644	3.383	2.643
10.673	11.425	5.658	3.737	5.959
7.642	7.35	0	3.456	0
0	0	0	5.361	0
1.7	7.112	6.908	7.647	9.349
5.13	5.219	3.477	13.643	5.462
3.737	7.858	11.425	0	10.673
7.112	7.647	1.7	4.132	6.908
6.908	1.7	9.349	7.112	1.954
5.361	5.462	0	3.477	0
5.219	13.643	5.13	7.496	3.477
5.462	3.477	5.361	5.13	0
0.883	0	0	0.858	0
4.132	8.442	7.647	0	7.112
3.477	5.13	5.462	5.219	5.361
3.383	8.127	0	15.372	0
5.658	10.673	5.959	11.425	2.547
0	0.858	0.883	0	0
11.425	3.737	10.673	7.858	5.658
0	3.383	0	8.127	2.644
15.372	10.013	8.127	7.986	3.383
9.923	0	5.675	0	1.669
0.91	0	0.897	4.01	0
0.902	0	3.913	0	0
15.84	3.86	0	4.149	7.58
1.299	0	0	2.371	1.072
2.371	0	0	0	1.299
0	0	0	0	0
1.872	3.079	2.165	5.025	0.884
3.86	4.149	15.84	6.634	0
3.043	11.396	6.766	3.884	17.205
0	0	0.905	0.905	0
0	2.371	1.299	0	0
3.079	5.025	1.872	0	2.165
3.913	0.902	0	0	0
0.931	0	0	0.931	0
0	0.922	0	0	1.046
0	0	0	0.905	0
0	15.84	7.58	3.86	1.778
1.778	7.58	0	0	10.717
0	0	0	1.302	0
0.931	2.626	3.884	1.043	11.396
0	0	0	0	0
0.922	0	0	0	0
3.071	0	3.049	0	0
8.822	9.446	8.465	6.617	8.511
7.58	0	1.778	15.84	0
0	0	0	0	0.883
0	3.913	0	0.902	0
0	1.302	0	1.958	0
0	0	0	0	0
0	0	0	0	0.922
0	0	0	1.052	0
3.884	0.931	11.396	2.626	3.043
0	0	0	0	0
0	0	0	0	0
0	0	0	0	0
1.072	0	0	1.299	0
5.316	0	0.921	0	0
8.465	8.822	8.511	9.446	6.469
0	0	0	0	0
0	0	0.902	0	3.913
1.043	15.631	2.626	27.049	0.931
0	0.883	8.338	0	0
1.046	0	2.125	0	0
0	0	0	0	0
0	0	0	0	0
6.766	3.043	17.205	11.396	14.965
0	0	0	0	0
0	0	1.046	0.922	2.125
1.962	1.823	0	0	0
0	0	0	0	0
0.928	0	8.741	0.897	5.859
0	0	0	0	0
0	1.962	0	1.823	5.025
0.925	0	0	0	0.984
0.905	0	0	0	0
1.823	0	1.962	0	0
0	2.125	0	1.046	5.316
3.052	0	0	0	3.069
2.626	1.043	0.931	15.631	3.884
0	0	3.071	5.859	3.049
0	0	0	0	0
2.684	0	4.01	0	0
0	0	0	0	0
8.741	0.928	5.859	0	0
0	0	0	0	0
6.489	10.717	8.218	0	6.617
0.884	2.165	1.165	1.872	0
0.897	0.91	0	0	0.928
0	0	0	0	2.371
0	0	0	0	0
5.025	0	3.079	0	1.872
8.218	6.489	6.617	10.717	9.446
0	0	0.922	0	0
0	0	0	0	0
0	0	2.371	0	0
3.069	0	0	3.052	0
6.469	8.511	20.986	8.465	0
7.88	14.965	0	17.205	18.73
0	0	5.025	1.962	3.079
2.125	1.046	0	0	0
0	0	0	0	0
0	0.905	0	0	0
0	1.778	10.717	7.58	6.489
0	0	0	0	0
0	0	2.684	0	4.01
0	0	0	0	0
20.986	6.469	0	8.511	11.31
4.01	2.684	0	0	0.91
0	0	0.905	0	0
0	7.88	18.73	14.965	7.149
0	0	0	0	3.076
0	0	3.438	0.805	6.204
2.266	8.999	0	0	7.955
3.076	0	0	0	0.743
0.788	7.955	0	0	0.947
4.89	3.817	1.557	0	0
0	0	3.076	0	0
0	3.565	2.273	0	2.369
0	0.805	0	4.961	3.438
0	3.076	0.743	0	0.706
0	2.369	0	2.273	1.756
3.565	0	0	0	2.273
2.294	5.611	4.51	6.189	7.564
0.743	0	0.706	3.076	4.961
0	1.692	0	0	0
0	0	0	0	1.692
8.999	0	2.266	6.204	0
4.961	0.706	0.805	0.743	0
0	0	3.565	2.365	0
0.706	0.743	4.961	0	0.805
3.438	0	6.204	0	0
0	6.436	0	0	3.817
4.518	0.806	2.365	3.105	0
4.51	2.294	7.564	5.611	3.24
0.805	4.961	0	0.706	0
0	0	0	1.756	0
9.868	2.191	6.189	0	5.611
2.365	4.518	0	0.806	0
0	1.756	0	0	0
0	1.515	0	0.947	0
0	0.788	0.947	7.955	1.515
2.126	20.298	9.152	2.994	2.23
3.94	2.716	7.381	4.635	11.352
0	1.173	6.013	1.068	0
0	0	3.322	0	1.077
2.47	2.23	0	9.152	2.94
0	4.626	8.491	0	1.372
3.447	1.797	3.679	0.793	8.076
0.932	0	0.793	8.985	1.797
1.173	1.068	0	0	6.013
0	0.952	4.968	3.81	0
3.679	3.447	8.076	1.797	0
0.793	0.932	1.797	0	3.447
9.152	2.126	2.23	20.298	2.47
8.076	3.679	0	3.447	4.626
10.624	3.873	1.353	1.393	4.863
2.716	4.635	3.94	0	7.381
4.626	0	0	8.076	8.491
0	1.372	0	8.491	0.986
6.013	0	0	1.173	0.715
7.381	3.94	11.352	2.716	2.994
0	2.47	2.94	2.23	4.036
8.797	0.829	4.774	2.166	0
0	0	0.986	1.372	7.574
3.81	0	0.952	7.074	0
0	0	0	0	0
0	8.985	0.932	1.913	0.793
0.829	2.166	8.797	0	4.774
20.298	2.994	2.126	11.352	9.152
0.952	3.81	0	0	4.968
1.077	3.322	0	0	0
8.491	0	1.372	4.626	0
0	0	0	0	0
4.774	8.797	0	0.829	1.393
11.352	7.381	2.994	3.94	20.298
4.635	0	2.716	7.974	3.94
0	4.774	1.393	8.797	3.873
0	0	0	0	0
1.797	0.793	3.447	0.932	3.679
0	0	0	0	3.322
