0	0	0	0	0
0	1	0.75	0	0
0.2	1	0.2	0	0
0.6	0	0	0	0
1	0.75	1	0	0
0	0	1	0	0
0.2	1	0	0.111	0.556
0.75	0.2	0	1	1
0	0	1	1	0
0.8	0.111	0.556	0.333	1
0	0.875	1	0.2	1
0.25	0.333	1	0.111	0
0	0	1	0	0
1	1	0	0	0
0	0	0.2	0.75	1
0.556	0.2	0.111	0.8	0.333
0	0	0.333	0	0
0	0	1	0.2	0.111
0.333	0	0	0	0
1	0	0.75	1	0
1	0.2	0	0	0.2
1	0.8	0.333	0	0
1	1	0.4	0	1
1	0.333	0.333	0.25	0.111
1	0	0.875	0	0.2
1	1	0	0	1
0.333	0.556	0.8	1	0
1	0	0.2	0	0
0.2	0	0	0	0.75
0	0	0	0.333	0
0	1	0	0	0.333
1	0.75	0	0	0
0.333	0	0.333	1	0.25
1	0.2	0	0.75	0
0.111	0	0.2	0.556	0.8
0	0	0	1	0.857
0.75	1	1	1	0.8
0.8	0	0	1	1
0.4	0.8	1	0.4	1
1	0.8	1	1	1
0	0.8	0	0	0.8
1	1	1	0.75	1
1	1	0.8	0.4	0.4
0	0	0	0	0.6
0.857	0	1	0.857	0.6
0	0	0	0	0
1	0.4	0.4	0	0
1	1	0.75	0.8	1
0.2	0	0	0.286	0
0	0	0	0.6	0
0	0	0	0.8	1
1	0	0	0.857	0.857
1	0	0.8	1	1
0.333	1	0.25	0	0
0	0.2	0.556	0	1
0	0	0	0	0
0	0	1	0	0
0	0	0.571	0.714	1
0	0	0	0	0
0.4	0	0	0.5	0
0.4	0	0	0	0.571
1	0	0	0	0
0.25	0	1	0.333	0
0.714	0.571	0	1	0
0.556	0.286	0.2	0	0
0.571	0.4	0	0	0.714
0	0	0	0	0
0	0	0	0.4	0.5
1	0	0.375	0	0
0	0	1	0	0
0	0	0	1	0
1	0	0.2	0	0
1	0	0.714	0	0
0	0	0.4	0.571	0
0	0	0	0.4	0
0.2	0	0	0	0
0	0.556	0	1	0.25
0.4	0	0	0	0
0.5	0	0.4	0	0
0	1	0	0	0
0	0	0	0	0
1	0	0	0	0
0	0	0	0	0.2
0	0	0	-1	-1
0.2	1	0.4	0.4	1
0	0.6	0	0	0
0.333	0	0	0	0.4
1	0.8	0.5	1	1
0	0	0.6	0	0
0	0.2	0.5	0	0
0.25	0.6	0	0.556	0.25
0.667	0	0	0	0
1	0.222	1	0.8	0.5
0.25	0.25	0.556	0.857	1
1	1	0	1	0
0	0.667	0	0	0.6
1	1	1	0.4	0.2
0	0	0	0.2	0.5
1	0.8	0.222	1	0.8
0.4	1	1	0.2	0.4
0	0	0.6	0.25	0.556
0.5	1	0.8	1	1
0.2	0	0	0.5	0
0	0	0	0	0
0.6	0	0	0	0
0	0.4	1	0	0
0	0	0.143	0	1
1	0.2	0.4	0	0
0.6	0.4	0	0	0.25
0	0	0	0	0
0.5	0	0.2	0	0
0	0	0	0	0.2
0.556	0	0.25	0.25	0.857
0	0.111	0	0	0
0	0	0.2	1	0
0	-1	-1	0	0
0	0.5	0	1	1
0.2	0	0	0	0
0	0	0	0	0.111
1	0	0.2	0	1
0	0	0.2	0	0
1	0	0	1	0
0	0	0	0	0
0	0	0	0.111	0
0	0.667	0	0	0
0.75	0.333	1	0.333	0
0	0.333	1	0	0
1	0	1	0	0
0.111	0	0	0	0
0	0	0	0.667	0
0	0	0.6	0.333	0.2
0	1	0	0	0
0	0.8	0.5	0	1
1	0.6	0.333	0.75	0.333
0	0	0	0	0
0	-1	0	0	0
0	0	0	0	0.2
0	0	0	0	0
0	0.75	0.333	0.2	1
0	0	0.111	0	0
0.333	0	1	1	0
0	0	0	0	0.667
0.6	0	0	0	0.333
0	1	0	0	0
0	0	0.2	1	0
0	1	1	0	0
1	1	0	0.333	1
0	0	0	0	0.25
0.111	0	0	0	0
0.875	0.5	1	0	0
0.6	0.2	0	0.2	0
0	0.4	0.4	0.2	0
0	1	0.875	0	0.2
0.25	0	0	0.857	0
0	0	1	0.8	0.4
0	-1	0	0	0
0	0	0.111	0	0
0	0.875	0	0.2	0
0	0	0	0	0
0.25	0	0	0.6	0
1	0	0	0	0.8
0	-1	-1	0	0
1	0.857	0	0.25	0.2
0	0.111	0	0	0.5
0.6	0	0.25	0	0
0	0.2	0	0	0
0	0	0	0.25	0.857
0	0	0	0	0
0	0.2	0	0.111	0
0	0	0	1	0
0	0	0	0.25	0.6
0	0	0	0.5	1
0	0	0.2	0.6	0.2
0.5	0	0	1	0.875
0.8	1	0	0.4	0.4
0.125	0	0.2	0	0
0.2	0	0	0.125	0
0	0	0	0	0
0	0.333	0	1	0
0	0.4	0	0	0
0	0.2	0	0	0.2
0.6	0	0	-1	-1
0.8	0	0.333	0	0
0.286	0.2	0	0	0.333
0	0.2	0.2	0	0
0	0	0	0	0
0	0	0	0.2	0
0.714	0	0	0.2	0.222
0	0	0	0	0.2
0	0	0	0	0
0	0	0	0.2	0
0.333	1	0	0.8	0
0	0	0	0	0
0	0	0	0	0
0	0	0	0	0
0	0	0	0	0
0	0	0.2	0	0
0	0	0	0.2	0.2
0	0	0	0	0
0	0	0	0	0
0	0.2	0.125	0	0
0.2	0	0	0.2	0
0.2	0	0	0	0.286
0	0	0.333	0	1
0	0	0	0	0
0	0	0	0	0
1	0	0	0	0.333
0	0	0	0	0
0	0	0	0	0
0	0	0	0	0.2
0	0.125	0	0	0.2
0	0	0	0	0
0.2	0	0.2	0	0
0	0	0	0	0
0	0	0.286	0.333	0
0	0	0	0.2	0.125
0	0	0	0	0
0	0	0.2	0.286	0
0	0	0	1	0
0	0	0.2	0	0
0	0	0.333	0	0
1	0.25	1	0	0.75
0	0	0	0.2	0
1	0.2	0	0.8	1
1	0.75	0.667	0	0.875
0	0.778	0	0	0
0	0.2	1	0.2	0
0	0.333	0	0	0
0.875	1	0	0.2	0.556
0.75	1	0	1	0
0.778	0.2	0.556	0	0
0.667	0	0.75	1	0
0	0	0	0	0
0	0	0	0	0
0.2	0	0	0	0
0	0	0	0	0.2
0.556	0.875	0.2	0.778	0
0	1	1	0.75	1
0	0	0	0	0.2
0	0	0	0	1
0	0	0	0	0.2
0	0	0	0.2	0
0.2	0	0.875	0.556	0.778
1	0	0.25	0	0
0.2	0	0	0	0
0.2	0	0	0	0
0.333	0.2	0	0	0
0	0.25	1	0	0.2
0	0.222	0	0	0.2
0.444	0	0	0	0
0.375	0.111	1	0.8	1
0.2	0.667	0.143	0.25	0.2
0	0	0.222	0	0
0.8	1	0.375	1	0.667
0.25	0.143	0.2	0.2	0
1	0	0.111	0.375	0.8
1	0.375	0.8	0.667	0.143
0.2	0.2	0.25	0	0
0.667	0.8	1	0.143	0.2
0.4	0.25	0.125	0	0.111
0	0.2	0	0.8	0
0.8	0	0	0	0
0	0	0	0	0.429
0.143	1	0.667	0.2	0.25
0	0	0	0.429	0.25
0	0	0	0.2	0
0.111	0.4	0	1	0.375
0.2	0	0	0.143	0
0.125	0.25	0.25	0.4	0
0.222	0	0	0	0
0	0	0	0	0
1	0	0.2	0	0.571
0	0	0	1	0
0	0.25	0.2	0	0.4
0.75	0.6	1	1	0
0	0.4	0.4	0.4	0.6
0.556	1	0.4	0	0
0.333	0.8	0.4	1	1
0.5	0	0.8	0	0
1	0	0	0	0
0	0	0	1	0.125
0	0	0	0	0.2
0.6	0	0.4	1	0.4
1	0.333	1	0.6	1
0.8	1	0	0.5	0
0	0.25	0	0.4	0.2
1	0.4	0.333	1	0.6
1	1	0.75	0	0.571
0	1	0	0	0
0	0.4	0.2	0	0
0.8	0	0.5	0.4	0.333
1	0	0	0	0.8
0.4	0	0.4	0	0.4
0.6	1	1	1	0.75
0	0.125	0.25	0	0.4
0	0	0.6	0.4	0
0.4	0.4	0	0.6	1
0.4	0.6	1	0	0.6
0	0	1	0	0
0.2	0	0	0	0
0.4	0	0	0.2	0
0.25	0.2	0	0.2	0.556
0.2	0	0.4	0	0
1	0.4	0	0.4	0.556
0.4	0	0	0.2	0
0.4	0.5	0.8	0.333	1
0.6	0.4	0	0	0.4
0.4	0.6	0	0	1
1	1	0.6	0.75	1
0	0.4	0.2	0	0
0	0	0.4	1	0.4
1	0.4	0.6	0.4	0
0	0.75	1	0.571	0
0	0	0	0.4	0.2
0.6	0.125	0	0	0
0	0	0	0.2	0.125
0	0.6	0.667	0.333	0.6
0.2	0	0	0	0
0.667	1	0.6	0	0.333
0	0	0	0	0
0	0.333	0	1	0.6
0	0	0	0	0
0	0	0.2	0.4	0
1	0	0	0.6	0.667
0	0	0	0	0
0	0	0	0	0
0	0	0	0	0.2
0	0	0	0	0.4
0	0	0.4	0	0
0	0	0	0	0
0	0	0	0	0
0	0	0	0	0
0	0.4	0.2	0	0
0.4	0.2	0	0	0
0	0	0	0	0
0	0	0	0	0
0.125	0	0.2	0	0.6
0	0	0	0	0
0	0	0	0	0
0.4	0	0	0.2	0
0	0	0	0	0
0	0	0	0	0
0	-1	0.4	0	0
0	0	0	0	0
0.6	0	1	0.667	0
0.4	0	0	0	0
0.2	0	0	0.125	0
0	0	0	0	0
0	0	0	0	0.125
0	0	0.2	0.25	1
1	0	0	0.667	0.2
0	0	0.4	0	0
1	0.667	0.2	0	0.4
0.111	0.8	0	0.8	0
0.2	0.667	0.5	0	0
0.8	0	0	0	0
0	0	0	0	0
0.4	0	0	0	0
0.444	1	0.375	0	0.667
1	1	1	0.333	0
1	0.5	0.2	0.333	0.5
0	0	0	0.125	0
0.2	1	0.667	1	0
0	0	0.8	0	0.333
0.286	0.6	0	0.4	0
0.286	0	0.286	0.4	1
0.6	0	0	0	0
0.6	0	1	0	0.857
0	0	0	0	0.2
0	0.286	0.4	0.286	0
0.8	0.8	1	0	0.111
0	0.571	0	1	0
0	0	0.286	0	0
0	1	0	0	0
1	0.333	0.5	1	0
0.2	0	0	0.2	0
0.5	1	0.333	1	1
0	1	0.571	0	1
0	0	0	0	0
0	0	0	0	0.4
0.667	0	1	0.2	1
0	0	0	0.25	0.286
0.125	0	0	0	0
0.286	0	0	0	0
0.444	0	0.2	0	0
1	0	0.667	1	1
0	0	1	0.143	0.75
0	1	0.333	0.2	0.6
0	0.25	0.286	0	0.286
1	0	0.333	0.333	0
1	0	0	0	0
0	1	0	1	0
0	1	0.8	0.111	0.8
0.444	0	0	0	0
0.143	1	0	0.75	0.333
0	0.125	0	0	0
0.333	0.4	0	1	0.333
0.25	0	0	0.286	0
0	0	0	0	0
0	0	0	0	0
0	0	0	1	0.667
0	0	0	0.6	0
0.375	0.25	1	0	1
0.4	1	0	0	0
0.286	0	0	0.286	0.4
0.375	0.667	1	0.444	0
0	0	0	0	0.6
1	0	0.25	0.375	0
0	0.2	1	0.4	0
0.2	0.333	0	0	0
0	0.286	0	0.286	0
0.333	0.333	1	0	0.2
1	0	1	0	0
1	0	0.667	0.375	0.444
0	0	1	0	0
0	0	0	0.5	0
0	0	0	-1	-1
0	0.5	0	0	0
0	0	0	0	0
0	0.2	0	0	0.5
0	0	0	0	0
1	0	0.333	0	0.2
0	0	0	0	0
0.333	0	0	1	0
0	0	0	0	-1
0	0	0	0.2	0
0.2	0	0	0	0
0	0	0	0	0
0	0	0.2	0	0
0	0	0	0	0
0	0	0	0	0
0	0	0	0	0
0	0	0	0	0
0	0	0	0	0
0	0	0	0	0
0	0	0	0	0
0	0	0.2	0	0
0	0.333	1	0.2	0
0	0	0	0	0
0.5	0	0	0	0
0.2	1	0	0	0
0	0.125	0	0	0.2
1	0.8	1	0.5	0.75
0	0	0.2	0	0
0.4	0	0	0	0
0.4	0.2	0	0	0.6
0.444	0	0.8	0.2	0
0.5	1	1	0.75	0.6
0.2	0.2	0.4	0	0.4
0	0.4	0.2	0.4	0
0.8	0.2	0	0.444	0.2
0.2	0	0.6	0.2	0
0.2	0.6	0	0	0
0	0	0.2	0	0.8
0	0	0	0.2	1
0	0.75	0.6	0.2	0
0	0.2	0	0.8	1
0.2	0	0.25	0.4	0.2
0.2	0.6	0.2	0	0.8
0.8	0	0	1	1
0.125	0	0	0	0
0.75	1	0.5	0.6	0
0	0	0	0	0
0	0	0.125	0	0
1	0	0.8	1	0.5
0.4	0.25	0.2	0.2	0
0	0	0	0	0
0	0.25	0	0.25	0
0	0.667	0.8	0.667	0
0.2	0	0	0.8	0
0.25	0	0.2	0	0
0.25	0	0	0	0.8
0	0	0	0.286	1
0	0.2	0.25	0	0.25
0.2	0	0	0.25	0
0.8	0	0.667	0	0.667
0.8	0.25	0	0.2	0.5
0.667	0.8	0	0	0
0	1	0	0.4	0
0	0	0	0	0
0.5	0.8	0.2	0	0.8
0.667	0.6	0	0.8	0
0.2	0	0.8	0.5	0
0	0	0.4	0	0
0	0	0	0.2	0.25
0	0	0	0	0.2
0.6	0	0	0	0.667
0.8	0.5	0	0	0
0	0	0.6	0.667	0.8
0	0	0	0	0.286
0	0	0.8	0	0.2
0	0	0	0	0
0	0.2	0	0.2	1
0	0.2	1	0	0
0	0.2	0.2	0.2	0
0.333	0	0	0	0
0	0	0.2	0	0
0	0	0	0.2	0.2
0.25	0	0.2	0.889	0
0	0.25	0.889	0	0
0	0	0.333	0	0.333
0.2	0.2	0	0	0
0.2	0	0	1	0
0.2	0	0	0.2	0
0	0.333	0	0.333	0.222
0	0	0	0	0.2
0.333	0	0	0.222	0.375
0	0.889	0	0	0.4
0.889	0.2	0.25	0	0
0.222	0	0.333	0.375	0.2
0.375	0.333	0.222	0.2	0
0.2	0.4	0	0	0.2
1	0	0.2	0	0
0	0.375	0.2	0	0.2
0.2	0	0.2	0	0.2
1	0	0	0.222	0.333
1	0.5	0	1	1
0.2	1	1	0	0
0.4	0.6	0	1	1
0	1	0.6	0.4	1
1	1	1	0.2	0
1	0	1	0.4	0
0	0	0	0	0
0	0	0	0	0.5
1	1	0.333	0.8	0.8
0.222	0	1	0.333	1
0.4	0	0	0.2	0
0	0	0	0	0
1	1	1	1	0.2
0.8	0.6	0.556	0	0.25
1	0.4	1	1	0.5
0.556	0.5	0.6	0.8	0
0	0	0	0	0
1	0	1	1	0.6
0	0	0.5	1	1
0.6	1	1	0	0.4
0	0	0	0	0
1	0.75	1	1	1
0	0	0	0	0
0.2	0	0.4	0	0
0.889	0.333	1	0	1
0.2	0	0	0	0
1	1	1	0.5	0.6
0.667	0	0	0.125	1
0	0.2	0	0	0
0.25	0.8	0	0	0
0.8	0.333	1	0.8	0.75
0	0	0	0	0
0.75	0.8	0.8	1	1
0	0	0	0	0
0.222	0	0	0	0.333
0	0	0.2	0	0
0	0.6	0	0	0.2
0	0	0	0	0
0	1	0	0	0
0	0	0	0	0
0.2	0	0	0	0
0	0	0	0.2	0
0.667	0.333	0.25	0.6	0
0	0	0	0	0
0	0.4	0	0	0
0.25	0	0.333	0.667	0.6
0	0	0	0	0
0	0	0	0	0.222
0	0	0	0	0
0	0	0	0	0
0.333	0	0	0.25	0.667
0	0	0	0.333	0.25
0	-1	1	0	0
0	0	0	0	0
0	0	0	0	0
0	0	0	0	0
0	0	0	0	0
0	0	0	0	0
0	0	0	0	0
0	0	0.333	0.2	0
0	0	0	0	0
0	0	0	0	0
0	0	0	0	0
0	0.667	0.6	0	0
0	0.667	0.111	0	0
0	0.4	0.4	0.667	0.875
0.2	0.333	0.4	0	1
0	0	0	0	0
0	0.8	0.8	0	0.667
0	0	0	0.75	0.667
0.4	0.667	0.4	0	0.667
0.111	0.75	0.667	0	0
0.667	0	0	0.4	0.4
1	0.2	0	0.333	0.4
0.667	0	0.75	0.111	0
0.667	0.4	0	0.875	0
0	0	0	0	0
0	0.111	0	0	0
0	0	0	0	0
0.4	0	0.667	0.4	0
0.2	0	0	0	0
0.8	0.2	0.8	0	0
0.333	0	0	0.6	0
0.75	0	0	0.667	0.111
0.875	0	0.667	0	0.2
0	0	0	0.6	0.857
0	0.8	0	0.667	0.4
0	0	0	0	0.25
0	0	0.2	1	0.333
0	0	0	0	0
0.8	1	0.2	0.8	0
0	0	0.778	0	0.2
0.5	1	0	0	1
0	0	0	1	0
0	0	0	0	0
0	0	0	0	0
0	0	0	0	0
0	0	0.2	0	0
0	1	0	0	0
1	0	0	0.5	0
0.2	0.4	0.25	0.444	0
0	0	0	0	0
0.25	0.333	0.4	0.2	0.444
0	-1	1	0	0
1	-1	-1	0	0
0	0	0	0	1
0.333	0	0	0.4	0.25
0	0.2	0.444	1	0.2
0	0	0	0	0
0.444	0.25	0.2	0	1
0	0	0	0	0
0	0	0	0	0
0	0	0	0	0
0.4	0	0.333	0.25	0.2
0.75	0	0	0.8	0
0	0	0	0	0
0	0	0	0.25	0
0	0.75	0.8	0	0
0.25	1	0.2	0.4	0
0.8	0	0	0.857	0
0	0	0	0	0
0.25	0	0	0	0
0	0.8	0	0	0
0	0	0	0	0
0	0	0	0	0.25
0	0	0	0	0
0	0	0.25	0	0
0	0.25	0.4	0.286	0
0.8	0	0.2	0	0
0	0.2	0.8	0	0.75
0	0	0	0	0
0.286	0.4	0	0	0.4
0	0.8	0	0.75	0.8
0.2	0.6	0.8	0.2	0.2
0	0	0.333	0.714	0
1	0	0	0	0
0.5	0	0	1	0
0	1	0.333	1	1
1	0	0.5	0	0
0	0	0.714	1	0.25
0	0	0	0	0
1	0	1	0.6	0
0.8	1	0.6	0.2	0.2
0.2	0.8	0.2	0.2	0
0.6	0.4	1	0.8	0.2
1	0.333	0	1	0.6
0.333	0.8	1	0	1
0.2	0	0	0.333	0
1	0.714	0	0.25	0.4
0.5	0	0	0.8	1
1	0.25	0.4	0.6	0.8
1	0.2	0	0	0
0.333	0	0.2	0	0
1	0	0	0	0
0	0.2	0.333	0	1
1	0.5	0.8	0.333	0
0.333	0	0	0	0.714
0	0.333	0	1	0
0.714	0.333	0	0	1
0.2	0.2	0.2	0	1
0.8	0	0.5	1	0.333
0	0	0	0.2	0.333
0.25	0	1	0.4	1
0	0	0	0	0
0	0.4	0	0	0.2
0.6	0	0	0	0
0	0	0	0	0
0	0	0	0	0.6
0	0	0	0	0
0	0	0	0	0
0.4	0	0	0.4	0
0.6	0	0	0	0
0	0.2	0	0	0
0.8	0	0.8	0	0
0.2	0	0	0	0
0.2	0	0	0	0
0	0	0	0	0
0	0	0.6	0	0
0.8	0	0	0.8	0
0	0	0	0	0
0	0.4	0	0	0
0	0	0	0.6	0
0.6	0.2	0	0	0
0	0	0	0	0
0	0	0.2	0	0.5
0	0	0	0	0
0.6	0.2	0.25	0	0
0	0.4	0.4	0.2	0.4
0.2	0.4	0	0.4	0
0	0	0.2	0.333	0.2
0	0.25	0.6	0	0
0.125	0.6	0.2	0	0
0	0	0.8	0	0.4
0.4	0	0.4	0	0.2
0.4	0	0.2	0	0
0.2	0	0	0	0
0.2	0	0.8	0	0.2
0	0.2	0.4	0	0.2
0.667	0	0.2	0	0.286
0.25	0.333	0.2	0.6	0
0	0	0	0	0
0	0	0	0.6	0.2
1	0	0.2	0.4	0
0.6	0	0	0.2	0.125
0	0	0.4	0	0
0	0.6	0	0	0.8
0	0.125	0	0.2	0.667
0.8	0	0	0.2	0
0.4	0	0	0.4	0
0.2	0	0.6	0.125	0
0.8	0	0	0	0
0	0	0	0	0
0	0.8	0	0.4	0
0	0.2	0	0.8	0
0	0	0	0.4	0.4
0	0.2	0.125	0	0.2
0.25	0	0	0	0
1	0	0	0.143	0
0.667	0	0.4	1	1
0.333	0	0	0.8	0.2
0	0	0	0	0
1	0.4	0.667	1	1
0	0	0	1	0.143
0	0	0	0	0
1	0.4	0	0.8	1
0	0	0	0	0
0	0.6	0.4	1	0.8
1	0.667	1	1	0.2
0	0	0	0	1
0.8	0	0.333	0.2	0
0.8	0	1	1	0
0	1	0.2	0.6	0
1	1	1	0.2	0
1	1	0.8	0	0
0	0.2	0	0.4	0.667
0.4	0	0	0.667	1
0.4	0	0.6	0	1
0.6	0.2	0	0	0
0	0.8	1	0	0.333
0.8	0	1	0	0
1	1	0	1	0.75
0	0	0.857	0	0.8
0.111	0.222	1	0.8	1
0.667	0	0.8	0.8	1
0.5	1	0.75	1	1
1	1	1	1	1
0.8	0	0	0.667	0.8
1	0.8	1	1	0
0.222	0.8	1	0.667	0
0.857	0.625	0	0	0
1	0.75	0.5	1	1
0.8	1	0.111	1	0.222
1	0.5	1	1	1
1	1	1	0	0
0.8	0.8	0.667	1	1
1	0.6	1	0.4	0.222
1	1	1	1	0.6
1	0.4	0.222	0.111	0.8
1	0.667	0	1	0.444
1	0	0	0.8	0
1	0	0.25	0.25	1
0.4	0.2	0	1	0
0.375	0.5	0.6	0.8	0
0.75	0	0.5	0.556	0
1	1	0	0.4	0.8
0	0	1	1	0.4
0.8	0.6	0.375	0	0
0	0	0	0	0
0	0	0	0	1
0	0	0	0	0
1	0.4	0	0	1
0.667	0	0	-1	-1
0	0	0	0	0
0	0.2	0	0	0
0	0	0	0	0.667
0.5	0.4	0.8	0.6	0.375
0	0	0	0	0
0	0	0	0	0
0.4	0	1	0.8	0.5
0	0	0	0	0
0.556	0.5	0.75	0	0
0	0	0	0	0
0	0	0	0	0
0	0.75	0.556	0	1
0.8	1	0.4	0.5	0.6
1	0	0.222	0.6	0.4
0.714	1	0	0	0.8
0.8	0.2	0	0	0.2
0.4	1	0.6	0	0.5
0.6	0.25	0.2	0	0.75
0.25	0	0	1	0.2
0.8	0.75	1	0.2	0.2
0.111	0.4	0.2	1	0.2
0	0.667	0	0	0.4
0	0.4	0.4	0.2	0
0	0.8	0	0	0.25
0.8	0.714	0	0	0.667
0.2	1	0.8	0.2	0.2
0	0.2	0	0	0
1	0.2	0.111	0.2	0.6
0.75	0.6	0.667	0	0.75
0	0.667	0.75	0.75	0
1	0.2	0.75	0	0.2
0.25	0	0	0.2	0.6
1	0	0	0.2	0.75
0.4	0	0	0.4	0
0	0	0	0	1
0.75	0.2	0.2	1	0
0.4	0	0.4	0	0.2
0.6	1	0.2	0.667	0.75
0	0.667	1	0.714	0
0.4	1	0.2	0	0
0.2	0	1	0.75	1
0.75	1	0.2	1	0.8
0	0.4	0	0	0.25
0.286	0	0	0.667	0
0	0	0.8	0.667	0
0.2	0.2	0	0	0.8
0.2	0.8	0.2	0.2	0.75
0	0.2	0.6	0.75	1
0	1	0.8	0	0
0.75	0.6	0	1	0.8
0.2	0	0	0	0
1	0	0.25	0.2	0.4
0.8	0	0	0	0
0.2	1	0	0.625	0
0.5	0.4	0	0.2	0
0	0	0.714	0.8	0
0.8	0.75	1	0	0
0.222	0	0	1	0.6
0.4	0.286	0	0	0
0	0	0	0	0
0	0.667	0	0	0.8
0	0.2	0	0.8	0.2
0	0.8	0.2	0	0
0	0	0	0	0.429
0	0	0	0	0
0	0	0	0.125	0
0	0	0	0.429	0.2
0.125	0	0	0	0.2
0.8	0	0	0.2	0
0	0.2	0	0	0
0	0	0	0	0
0	0	0	0	0.125
0	0	0	0	0
0	0	0.333	0	0
0	0.333	0	0	0
0	0	0.2	0	0.8
0	0	0.125	0.2	0
1	0.2	0.5	0.333	1
1	0	0.667	0.333	0.667
0.6	0	0	0.333	0
0.333	0.667	1	0.667	0
0	0.625	0	0.2	0.5
1	1	0.333	0.5	0
0	0	0.25	0	0
0	0.25	0	0.25	0
0.875	0	0.667	0.8	1
0	0	0.25	0.667	1
0	0	0	0.714	0.4
0.8	0.667	0.875	1	0.714
0.2	0	0	0.5	1
1	0.875	0.8	0.714	0
0	0.4	0.625	0	0.2
0.25	0	0	0	0.667
0.25	0	0	0	0
0.333	0.5	1	1	0.5
0.625	0	0.4	0	0
0.667	0.25	0	1	0.333
0	0.25	0	0	0.714
0	0	0	0	1
0.8	0.333	0	1	1
0.8	0	0	0	0
0	0	0	0	0
0	0	0	0	0
1	0	0	0.2	0
0.667	0	0	0	0
0	0	0	0	0
0	0.4	0	0	0
0.2	0	0.667	0	1
0	0.25	0	0.8	0.2
0	0.6	0	0	0
0.4	0	0	0	0
0.2	0	0.8	0	0
1	0.2	0	0.2	0
0	0	0	0.4	0.2
0	-1	1	0	0
0	0	0.4	0	0
0	0	0	0.8	0.25
0	0	0	0	0.8
0	0	0	1	0
0.25	0	0.8	0.6	0.333
1	0	0.8	1	0
0.8	0	0	0.2	0
0	0	0	0	0.25
0	0	0	0	0
0.8	0	0	0.25	0
0	1	0	0	0
0	0	0	0	0
0.8	0.4	0	0.25	0.6
0	0	0	0	0
1	0.8	1	0	0.4
1	0	0	0	0
0	0.2	0	0	0
0.25	0	0.8	0	0
0	0.667	0	0.2	0
0.333	0.25	0.6	0	0.8
0.2	0	0.4	0	0
0	0	0	0	0
0.2	0	0	0	0
0	0.8	0.2	0	0
0	0	0	0	0.4
0	0	0	0.8	0
0	0.2	0	0.667	0
1	0.6	1	0	0
0.667	0.25	0	0.2	0
0	0.8	0.25	0	0.8
0	0	0	0	0
0	0	0	0	0
0	0	0	0	0
0	0.2	0	0	0
0	0	0.2	1	1
0.8	0.5	0.25	0.2	0.75
0	0	0	0.25	0
0	0	0	0	0
0.25	0.25	1	0	0
0	0	0	0	0
0.857	0	0	0	0
0.2	0	0	0	1
0	0	0	0	0.667
0.25	0	0	0	0
0.4	1	0.5	1	0
0	0	0	0	0.25
0	0.2	0	0.4	0
1	1	0	0	0
0	0	0	0	0
1	1	0.25	0.25	0
0.4	0	0	0	1
0.5	0	1	0.25	0.8
0	0.8	0	1	0.75
0	0	0	0	0.2
0	0	0.857	0	0
0.25	1	0.5	0.8	0.2
1	0.5	0.4	0	0
0	0	0	0	0
0	0	1	1	0
0	0	0	0	0
0.25	0	1	1	0.25
0	0	0	0	0.5
0.8	0	0	0	0
0	0.2	0.75	0	0
0	0	0	0	0
0	0	0	0	0
0	0	0	1	0.5
0.8	1	0	0	0
1	0.667	0	0	1
0	0	0.2	0	0.4
0.5	0	0	0.6	0
0	1	0	0	0
0	0.25	0	0.2	0
1	0	0	0.5	0.25
0.667	0	0.2	0	1
1	0.667	1	0	0.8
1	0.2	0	1	0.5
0.2	0.25	0.8	0.75	0
0	0	0	0.2	0
0	0	0.8	0	1
1	0	0	0	0.2
0	0	0	0	0
0	0.2	0.143	0	0.8
0	0	1	0	0
0	0.4	1	0	0
0.2	0	0	0.143	0
0	0	0	0	0
1	0	0	0.25	1
0.2	0.2	0	0	0
1	0	1	0.5	0.4
0.333	0	0	0	0.333
0	0	0	0	0
0	0	0	0	0
1	0.625	0.333	0.143	0
0	0	0.333	0.333	0
0	0	0	0	0.4
0	0	0	0	0
0	0	0	0	0
0.625	1	1	0.444	0
1	0	0	0	0
0.75	0.5	0.8	1	1
0	0.25	0	1	0.6
0.4	0	0	0	0
0.4	0	0	0.625	0.333
0	0.6	0	0	0
0	0.143	0	0	0
0.5	0	0.4	0.8	0.75
1	0.8	0.75	1	0.625
0.333	0.4	0.625	1	0.143
0	0.5	0.25	0	1
1	0	0	0.6	0
0	1	0	0	0
0.444	1	0.625	0	0
0	0	0	1	0
0.333	0.333	0	0	0.4
0.4	0.333	0	0.5	0.8
0.625	0	0.4	0.333	1
0.25	0	0.5	0	0
0	-1	1	0	0
0.143	0.333	1	0	0
0	0	0.333	0.4	0.5
0	0	0.4	0	0
0.8	0.2	0.444	0	0
0	0.4	0	0	0.5
0	1	0	0	0
0.4	0	0	0	0
0.444	0	0.2	0.8	0
0	0	0	0	0.75
0.2	1	0	0.444	0.8
0	0	0	0.5	0
0	0	0	0.75	0
0	0	0	0.4	0
0	0	0.75	0.8	0
1	0.5	0	0.5	1
0	0	0.8	0	0.4
0.5	0	1	1	0
0	0	0	0	0.6
0.8	0.75	0	0	0
1	1	0.5	0	0.2
0.5	0	0	0	1
0.75	0	0	0	0.8
0	0	0	0.6	0
0.75	0.6	0.6	0.75	1
0.2	0.2	0	0.2	0
0.2	0	0.6	0	0
0	0.6	0	0	0
0.6	0	0	0.75	0
0.2	0	0	0	0.2
0	0	0	0	0
0	1	0	0	0.6
0.4	0.75	1	0.8	0
0	0.5	0	0	0.6
0	0	0	0	0.6
0.5	1	0	0	0
0	0	0	0	0
0.6	0	0	0	0
1	0	0.2	0	0
0.75	0.6	0.75	1	0.4
0.2	0	0.2	0	0.6
0	0.2	0.125	0	0.2
0	0	0	0	0
0.6	0	0	0	0
0.6	0	0	0.6	0.75
0.8	1	0.4	0	0.8
0	0	0.111	0	0
0	0	0	0	0
0	0	0	0	0
0.125	0	0.2	0	0
0	0.125	0	0.2	0
0	0.5	0	0	0
0	0	0	0.6	0
0	0	0.6	0	0
0.5	0.875	1	1	0
0	0.2	0.2	0	0.8
0	0	1	0.875	1
0	0.8	0.8	0.75	1
0.875	1	0	1	0.5
0	0	0	0.875	1
0.8	0	0	0.4	0
0.75	0.8	0	1	0.2
0.8	0	1	0.8	0
0	0	0	0	0.875
0.875	0	0	1	0.5
1	0	0.75	0.2	0
1	0	0.875	0.5	1
1	0	0.875	0.5	0
0	1	0	1	0.8
0.5	0.875	1	0	0.25
0	0.2	0	0.8	0.4
1	0	0	0.8	0.8
1	1	0.5	0	0
1	0	0	0	0.875
0.4	0	0.8	0	0
0	0.25	0	0	0
0	0	0	0	0
0.2	0.6	1	0	0
0.875	0	0.6	0	0.25
0	0.6	0.875	0.25	0.75
0.2	0	0.2	0	0.25
0.8	0.4	0	0	0
0.25	0.875	0	0.75	0.6
0.4	0	0	0	0.8
0	0	0.2	0.111	0
0	0	0.8	0	0
0	0.667	0	0.5	0
0	-1	0.2	0	0
0.2	0.375	0	0	0.111
0	0	0	0	0
0.5	0	0	0	0
0	0	0	0	0
0	0	0.667	0	0.5
0	0	0.4	0.8	0
0.75	0	0.25	0.6	1
0	0	0	0.6	0.875
0.111	0.2	0	0	0.25
0.8	0	0.8	0.375	0
0.333	0	0	0	0
0	0.2	0	0	0
0.667	0	0	0	0
1	0.75	0.6	0.2	0
0.8	0	0	0.8	0.375
0	0.333	0	0.4	0
0	0.2	0	0.333	0
0	0.8	0.375	0.2	0
0.6	0	0	0.875	0
1	0	1	1	0.4
0	0	0	0	0
0.8	0	1	1	0
0.75	0.4	0	0.625	1
0	0	0	0	1
1	0	0	0.8	1
1	0.667	0	1	1
1	0.4	0	0.8	0
0.2	0	0	0	0.25
0	0.8	1	1	0.2
1	1	0	0.2	0.4
0	0	0	0	0
1	0	0.8	0	0.8
0.2	0	0	0	0
1	1	0.8	0	1
0.2	0	1	0.4	1
0	0.333	0.4	1	0.8
1	1	1	0.4	0
0	0	0	0	0
0.8	0	0	1	0
0.625	0	0.75	1	0.778
0.8	1	0	0	0
0.667	0.4	0	0	0
0	0	0	0	0
0.333	1	0.778	0.4	0
0	0.8	1	0.8	0
0	0.25	0.667	1	1
0.667	0	0.25	0	1
0	0	0	0	0
1	0.75	0.625	0.778	0.333
0.778	0.625	1	0.333	0.4
0	0	0	0	0
0.75	1	0.2	0	0.5
0	0	0.444	0.429	0
0.444	0.4	0	0	0.429
1	0.6	0.75	0.2	0.75
1	0	0	0	0
0.6	0	0	0	0
0	0	0.667	0	0
0.75	0	0.6	1	0.2
0.2	0.75	1	0.75	0
0.8	0	0	0	0.4
0	0	0.4	0.444	0
0	0.75	0	0.143	0
0.5	0.75	0	0.4	0.75
0.429	0.444	0	0	0
1	0	0	0	0
0	0	0	0	0.6
0.667	0	0	0	0
0.4	0.8	0	0	0
0.4	0	0.5	0.75	0
0	0.667	0	0	0
0.4	0	0	0	0.444
0.6	0	0	0.75	1
0	1	0	0.6	0.75
0.2	0.2	0	0.2	0
0.4	0	0	0.857	0.2
0	0	0.2	0.2	0.2
0	0	0	0	0
0	0.333	0.556	0	0
0.25	0.8	1	0	0.6
0	0	0	0	0
0.2	0	0.2	0.4	0
0	0	0	0	0
0.2	1	0.2	1	0.4
0.2	0	0	0	0.2
0	0	0	0	0
0	0.2	0.4	0	0.6
0	0	0	0	0.4
0.8	0	0.4	1	0.25
1	0.2	0.2	0.4	1
0	0	0.4	0	0.4
0.4	0.2	1	1	0.4
0	0.2	0	0	0
1	1	0.4	0.4	0
0.4	0	0	0	0
1	0.4	0.8	0.25	0
0	0	0	0.4	0
0	0	0	0	0.2
0.2	0.2	0	0	0
0	0	0.2	0	0
0	0	0.6	0.8	0
0	0	0	0	0
0.4	0	0	0	0.333
0	0	0	0	0
0	0.2	0.2	0.2	0
0	1	0.4	0	0
0	0	0	0	0
0.4	0.2	0.2	0	0
0	0	0	0	0
0	0.4	0	0.6	0
0	0	0	0.75	0.2
0.8	0.6	0	0	0
0	0	0.4	0.333	0.556
0	0	0	0	0
0.2	0	0.2	0	0.2
0	0	0	0	0
0	0	0	0	0.4
0.4	0	0	0.8	1
0	0.6	0.4	1	0
0	0	0	0.8	0.2
0.4	1	0.6	0	1
0.4	0	0	0.5	0.429
1	0.429	0	0.6	0.4
0	0	0	0	0.8
0	0	0.2	0	0
0.8	0.5	0	1	0
0	0.2	0	0	0.25
0.2	1	0	0	0
0.5	0	0	0	0.8
0	0.5	0.429	1	0.6
0.5	0	0.4	0.429	0
0	1	0	1	0.4
0	0	0	0.25	1
0.4	0	1	0	0.4
0.25	0	0	1	0
0	0	0.5	0.8	1
0	0	1	0.2	0
1	0	0.25	0	0.429
1	0	0	0.4	0
1	0.4	0	0	0.2
0.429	0.4	0.5	0	1
0	0.25	1	0.429	0
0	0	0	0	0
0	0.2	0.4	1	0.5
0.25	1	0.5	0	0
0	0	0.25	0.2	0.4
0.4	0	0.333	1	0
0	0	0.2	0.8	0.4
0.2	0	0	0	0.8
0	0	0	0	0.2
0.4	0	0.8	0.4	0.333
0	0.4	1	0	1
0.4	0	0.2	0	1
0.2	0.333	0	0.4	0
0.5	0	1	0.25	0
0.4	0	0	0	0.4
0.333	0.667	0	0.4	1
0.8	0.2	0	0.4	0.4
1	0.4	0	0.5	0.25
0	0	1	0	0
0	0.5	0.25	0	0
0	1	0	0	0.25
1	0.4	0.333	0	0
1	0.333	0.4	0	0
0	1	0	1	0
0.25	0	0	0.2	0.4
0	0.667	1	0	0
1	1	0	0.8	0.857
0	0	1	1	0.2
0.333	0	0.4	0	0.4
1	0.6	0.667	0	0
0	0	0	0	0
0	-1	0	0	0
0	0	0.4	0	0
0	0	0	0.5	0
0.8	0	1	0.857	1
0	0	0	0	0
0.8	0	0.2	0	0.4
1	1	0	0.2	1
0	0	0	0	0
1	0.6	1	0.8	1
0.333	0.2	0.2	1	0
0.2	0	0	0	0
0.889	0.5	0.5	0	0
0	0	0	0	0
1	0.2	0.5	0	1
1	1	0.6	1	0.8
1	1	0.2	0.333	0
0	0.4	1	0	0.25
0.4	0.25	0	0	0
0	0.333	1	0.5	0.4
0.2	0	1	1	0.333
0.5	0	0.25	0.5	0.889
0.2	0	0.2	0.333	1
1	0.2	0.333	0	0.5
0.4	0	0.5	0	1
0	0.5	0.889	0	0.6
0.2	0.2	0	0.8	0
0	0	0	0.2	0.2
0.857	1	0.8	1	0
0	0	0	0	0
0	0	0	0.333	0
0	0	0	0.8	0.25
0.25	0	0.8	0.2	0
0	0	0	0	0
0	0.2	0.4	0.667	0
0.333	0	0	0	0
0	0	0	0	0
0.2	0.8	0.25	0	0
0	0	0	0	0
0	0.4	0	0	0
0.8	0	0	0.25	0.2
0	0	0.333	0	0
0	0	0	0	0.2
0	0	0	0	0.4
0	-1	0.4	0	0
0.4	0	0.2	0	0.667
0	0	0	0	0
0	0.25	0.2	0	0.2
0	0.2	0	0.2	0.4
0	0	0	0	0.125
0	0	0	0.2	0
0	0.2	0	0	0
0.4	0.2	1	1	0.4
0.2	0	0	0	0.2
1	1	0.4	0.4	0
0	0	0.6	0.8	0
0	0	0.2	0.2	0.2
0.4	0	0	0	0.333
1	0.2	0.2	0.4	1
0.2	0	0.2	0	0.2
0	0	0.4	0.333	0.556
0	0	0	0	0
0	0	0	0	0
0	1	0.4	0	0
0.8	0	0.4	1	0.25
0.2	1	0.2	1	0.4
0	0.2	0	0	0
0	0	0	0	0
0.4	0	0	0.857	0.2
0	0.2	0.2	0.2	0
1	0.4	0.8	0.25	0
0.4	0	0	0.8	1
0.2	0.2	0	0	0
0	0	0	0	0
0	0	0.4	0	0.4
0.8	0.6	0	0	0
0	0.333	0.556	0	0
0.4	0.2	0.2	0	0
0	0	0	0	0.2
0	0	0	0.75	0.2
0	0	0.2	0	0
0	0	0	0	0.4
0.4	0	0	0	0
0.2	0	0.2	0.4	0
0	0	0	0	0
0	0	0	0	0.4
0	0	0	0.2	0
0	0	0	0	0
0	0	0	0	0
0	0.4	0	0.6	0
0.25	0.8	1	0	0.6
0.2	0.2	0	0.2	0
0	0.2	0.4	0	0.6
0.4	0.2	0	0	0
0	0.25	0	0.8	0
0.8	0.667	0.222	0	0.25
0	0	0	0	0
1	0.25	0.125	0.2	0
0	0	0.625	0.2	0
0.667	0.2	0	1	0
0	0	0	0	0
0.75	0	0.6	0.375	1
0	0	0.25	0	0.8
0.125	1	0.25	1	0.2
0	0	0	0.8	0
0	0	0	0	0
0	0	0.4	0	0
0	0.8	0	0.25	0
0	0	0	0	0.25
1	0	0.667	0	0.625
0	0	0	0.25	0
0	0.25	0	0	0
0	0	0.2	0	0
0.8	0	0	0	0
0	0.143	0.2	0.4	0
0	0	0.8	0	0.25
0.25	0	0	0	0
0.8	0	0	0	0
0.2	0	0.143	0	0.4
0.2	0.778	0	0	0
0.2	0	0	0	0.143
0	0	0	-1	-1
0	0.25	0.4	0.125	0.2
0.25	0.2	0	0.4	0
0	0.125	0	0.6	0.4
0	0.2	0.125	0	0.6
0	0	0.333	0	0.667
0.2	0	0.333	0.125	0
0.2	0	0	0.4	0
0.125	0.333	0.2	0	0
0.667	0	0	0	0
0	0	0	0.2	0
0	0	0	0	0.2
0	0	0	0	0
0	0.2	0.2	0.25	0.4
0	0	0.143	0.333	0
0	0	0	0	0
0	0	0	0	0
0	0	0	0	0
0.2	0	0.222	0.2	0
0	0	0	0	0
0	0	0	0	0
0	0.667	0	0.2	0.4
0.2	0	0.125	0.429	0.2
0.333	0	0	0.2	0.125
0	0	0	0	0
0	0.333	0	0.667	0
0	0	0	0	0
0	0	0.2	0.143	0
0.143	0.2	0	0	0.333
0.2	0.222	0.2	0	0.25
0	0	0	0	0
0.8	0	0	0	0.143
0.375	0.6	0.625	1	0.2
1	0.625	0.375	0.2	0.4
0.125	0	0	0.4	0
0	0	0	0.125	0.4
0.889	0.8	0.4	0	0
0.2	0.375	1	0.4	0.8
0.2	0.25	0.2	0.8	0
0.4	0.8	0.333	0.6	0.625
0.625	0.4	0.6	0.375	1
0.8	0.375	1	0.75	0.6
0.8	0.8	0	0.333	0.4
0.4	0	0.125	0	1
0.125	0.2	0	0	0.6
0.333	0	0.8	0.4	0.6
0.6	0.333	0.4	0.625	0.375
1	0	0.6	0.6	0
0.4	0.4	0.8	0.889	0
0.2	0.143	0.2	0	0
0.375	0	1	1	0.8
0.6	0.8	0.75	0.2	0
1	0.4	0	0.375	1
0.75	1	0.8	0.6	0.2
0.6	0.6	1	0	0.2
0	0	0	0	0
0	0	0	0	0
0	0.8	0	0.4	0
0.6	0	0	0.2	0.125
0	0	0.2	0.333	0.2
0.2	0	0.8	0	0.2
0.2	0.4	0	0.4	0
0.8	0	0	0	0
0.6	0.2	0.25	0	0
0	0	0	0	0
0	0.2	0.125	0	0.2
0	0	0	0	0
0.4	0.286	0.25	0	0
0	0	0	0	0
0	0	0	0	0
0	0	0	0.4	0.4
0	0	0	0	0
1	0	0.2	0.4	0
0	0	0	0	0
0.25	0.333	0.2	0.6	0
0	0	0	0.6	0.2
0	-1	0.6	0	0
0	0	0.8	0	0.4
0	0.2	0	0.8	0
0.2	0	0	0	0
0.4	0	0.4	0	0.2
0	0	0.4	0	0
0	0	0	0	0
0.667	0	0.2	0	0.286
0	0	0	0	0.4
0.125	0.6	0.2	0	0
0	0.25	0.6	0	0
0	0.6	0	0	0
0	0	0	0	0
0	0	0	0	0
0	0.4	0.4	0.2	0.4
0.4	0	0	0.4	0
0.2	0	0.6	0.125	0
0.8	0	0	0.2	0
0	0	0.2	0	0.2
0	0.444	0.25	0.143	0
0.8	0	0.2	0	0.2
0.375	0.2	0.857	0	0
0	0	0	0	0
0.333	0	1	0.875	0.6
0.875	0.333	0	0	0.8
0	0	0	0.2	0.8
1	1	0	0.333	0.875
0.875	1	0.333	0.6	0.2
0	0	0.8	0	0
0	0	0.333	0.875	0
0.8	0.875	0	0	0
0	0	0	0	0
1	0.8	0.2	0	1
0	0	0.875	0.8	0
0.444	0.667	0.333	0.25	0
0	0.2	0.8	0.2	0
0	0	0	0	0
0.2	0	0	0.8	0
0.25	0.333	0.444	0	0.143
0.667	0.857	0.4	0.333	0.444
0	0	0	0	0
0	0.8	0	0.222	0
0.333	0	0	0	0.2
0	0	0	0.375	0
0	0.2	0.4	0	0
0.2	0.6	0.4	0.4	0
0.875	0	1	1	0.8
0	0	0	0	0
0	0	0	0	0.375
0	0	0	0.2	0.4
0.429	0	0.667	0.6	0
0.4	0.4	0.2	0	0
0	0.25	0	0	0
0	0	0.333	0.2	0
0	0	0	0	0
0.25	0	0.111	0.875	0
0	0.6	0	0.889	0
0.375	0	0	0	0.2
0.2	0.375	0	1	0
0	0.75	1	0	1
0	0	1	0	0
0.889	0	0	0	0
0.111	0	0	0.25	0.875
0	0.4	0	0	0
0	0	0	0	0
0	0	0.375	0.2	1
0.8	0.875	1	1	0.4
0.2	0.333	0	0	0.6
1	0.25	0.75	0	0
1	1	0.875	0.8	1
1	0.4	0	0.2	0.8
0.4	0.25	0	0	0
0	1	0	0	0
0	0	0.889	0	0
0.2	0	0	0.333	0
0	0.2	0	0	0
0	0	0	0.2	0
0.857	0	0	0	0.2
0	0	0	0	0
1	0	0	0.4	0
0	0	0	0.333	0
0	0	0.667	1	0
1	1	0.4	0.6	1
0	0.25	0.875	0.2	0
0	0	0	0	0.2
1	0	0	0.778	0
0.2	0	0	0.4	0.6
0.6	0.2	0	1	0.4
0.875	0.111	0.25	0	0.2
0	0	0.4	0.8	0.25
0	1	0	1	0.4
0.333	0.222	0	0	0
0	0	0	0.2	0.333
0.8	0.4	0	0.25	0
0	0.2	0.6	0	0
0.6	0.667	0.429	0	0
0.4	0.4	0	0	0.8
0	0	0.2	0	0.857
0	0	0	0	0
1	0.667	0	0	0
0	0	0.4	0	0
1	0	0.6	0.4	0
0	0.4	0	0.8	0
0	0.4	0	0	0
0	0	0.333	0	0.4
0	0	0.2	0	0
0	1	0	0	0
0	0	0	0.333	0
0.222	0	0	0	0.333
0.6	0.8	0	0.4	0.2
0.333	0	0.2	0	0
0	0.8	0.25	0	0
0	0	0	0	0
0	0	0	0.111	0.25
0.2	0	0	0	0.2
0.4	0	0.6	0.2	0.4
0	0	0	0	0
0	0	0	0	0
0	0.4	0.6	1	0
0.25	0	0.8	0	0
0.2	0.875	0	0	0
0	0.333	0	1	0.875
0	0.429	0.6	0	0.889
1	0	0.2	0	0
0	0	0.8	0.6	0.4
0	1	0.4	0	0.8
1	0	0	0.875	1
0	0	0	0	0
0.8	0	0	0	0
0	0	0	0	0.667
1	0.6	0	0	0.4
0	0.4	0.375	0	0
0.667	0.625	0.6	0.8	0
0	0	0	0	0
0	0	0	0.8	0.6
1	0	0	0	0
1	0	0	0	0
0	0.375	0	0	0.8
1	0	0.4	0.4	0
0.6	0	0.625	0.667	0.8
0.8	0	0	0.6	0
0.333	0.4	0	0.143	0
0.4	0.857	0	1	0.4
0.8	0	0	0	0
0.6	0	0.8	0	0
0.8	0	0.2	0	0
0.429	0	0	0	0.2
0	0	0	0	0
0	0.6	0	0.625	0.6
0	0	0.857	0.4	1
0	0.8	0.6	0	0.625
0.8	0.6	0.667	0	0
0.6	0	0	0	0
0.6	0.2	0.2	0	0.857
0	0	0.8	0	0
0.625	0	0	0.6	0.667
0.2	0	1	0	0.2
0.4	0	0	0	0
0	0.2	0.6	0.857	0
1	0.143	0	0.2	0
0.4	0	0.2	0	0
0	0	1	0	0.2
0.6	0	0	0	1
0	0.667	0.875	0	0.4
0.2	0	0	0	0
0	0	0	0.333	1
0.4	0	1	0	0
0.4	0	0	0	1
0.444	0.286	0.75	0.222	0
0.8	0.667	0.667	0.286	0.75
0	0	0	0.2	0
0	0	0	0.2	0.25
0.222	0.75	0.444	0	0
0.286	0.667	0.8	0.75	0.444
0	0	0.6	1	0.4
0	0.444	0.222	0	0
0.2	0.667	0.4	0	0.2
0.875	0	0.667	0	0
0	0	0	0.4	0
0.4	0	1	0	0
0	0	0.2	0	0
0	0.875	0	0.4	0
0	1	0.4	0	0
0	0	0.25	0.333	0
0	1	0.4	0	0.2
0	0	0	0	0
0	0	0	0	0
0.667	0	0.667	0.8	0.286
0.25	0	0	0	0.333
0	0.4	0	0.6	0
0	0	0	0	0.2
1	0	0.333	0	0
0	0	0.4	1	0.4
0	0	0	0	0
0.333	0.25	0	0	0.667
0.4	0	0	0	0
0.667	0.375	0	0.875	0
0	0	0.333	0.667	0.4
0	0	0	0	0
0.75	0.8	0.286	0.444	0.222
0	0	0	0	0.333
