0.938	3.055	0	0	0.333	0	0.25	0.2	0
0	0	8.606	0	0	0.5	0.6	0.75	0
0	0	35.935	0	0	0.247	0	0.4	0
7.332	0	1.74	0.571	0	1	0.6	0.333	0
0	0	0	0	0	0	1	0.8	0
24.166	0.855	10.597	0.543	0	0.618	0.2	0.625	0.2
23.539	7.468	18.126	0.53	0.5	0.662	0.4	0.5	0.667
0	3.415	0	0	1	0	1	0.2	0.8
1.858	0	0.855	1	0	0	0	0.6	0.625
10	5	40.807	0.956	0.8	0.319	0.2	0.444	0.444
50.897	0	0.973	0.266	0	0	0.5	0.667	0.4
0	0	32.35	0	0	0.329	0	1	0.222
0	0	3.055	0	0	0.333	0.5	1	0.2
0.855	1.858	24.166	0	1	0.543	0.625	0	0.2
3.415	0.954	0	1	0	0	0.2	0	1
5	18.126	10	0.8	0.662	0.956	0.444	0.667	0.2
10.13	8.542	19.11	0.673	0.722	0.521	0	0	0
7.468	6.294	23.539	0.5	0.905	0.53	0.5	0.8	0.4
8.542	5.702	10.13	0.722	0.733	0.673	0	0	0
0	0	0	0	0	0	0.8	1	1
6.294	12.315	7.468	0.905	0.641	0.5	0.8	0	0.5
49.441	40.807	1.073	0.254	0.319	0	0	0.444	0
0	1.915	15.024	0	0	0.283	1	0.2	0
0	14.906	0	0	0.615	0	1	0.444	0
0	8.797	50.897	0	0.75	0.266	0.667	0.5	0.5
0	14.633	1.858	0	0.581	1	0.6	0	0
40.807	10	49.441	0.319	0.956	0.254	0.444	0.2	0
0	0.973	0	0	0	0	1	0.4	0
0.954	0	3.415	0	0	1	0	0	0.2
5.702	10.597	8.542	0.733	0.618	0.722	0	0.2	0
10.597	24.166	5.702	0.618	0.543	0.733	0.2	0.2	0
0	0	0.883	0	0	0	1	0	0
14.906	0	0	0.615	0	0	0.444	0	1
0	0	0	0	0	0	1	0	0.75
18.126	23.539	5	0.662	0.53	0.8	0.667	0.4	0.444
0	1.669	17.912	0	0	0.412	0	0	0.667
21.026	14.259	23.897	0.324	0.561	0.305	0.5	0.6	0.4
3.752	6.602	11.495	0.333	0.733	0.756	0	0	0
6.575	10.92	0.722	0.81	0.621	0	0	0.8	0.4
9.426	11.495	4.294	0.714	0.756	0.9	0.5	0	0.4
7.592	0	6.602	0.583	0	0.733	0	0	0
14.259	4.294	21.026	0.561	0.9	0.324	0.6	0.4	0.5
10.92	9.834	6.575	0.621	0.722	0.81	0.8	0.4	0
1.483	0	25.418	0	0	0.322	0	0	0.25
0.769	17.912	0	0	0.412	0	0.286	0.667	0.714
1.132	0	0	0	0	0	0	0.5	0
8.537	0.722	0.73	0.75	0	0	0.8	0.4	0.143
23.897	21.026	9.834	0.305	0.324	0.722	0.4	0.5	0.4
27.179	0.717	23.89	0.243	0	0.289	0.6	0.5	0.857
25.418	1.483	0	0.322	0	0	0.25	0	0.4
6.602	7.592	3.752	0.733	0.583	0.333	0	0	0
17.912	0	0.769	0.412	0	0	0.667	0	0.286
11.495	3.752	9.426	0.756	0.333	0.714	0	0	0.5
0	0	0	0	0	0	0.667	0.375	0
0.958	0	5.274	0	0	0.9	0	0.778	0
0	2.965	0	0	1	0	0	0	0
0	0	10.728	0	0	0.436	0	1	0
0	0	0	0	0	0	0	0.714	0.571
2.965	4.93	0	1	1	0	0	0	0
0	0	6.885	0	0	0.381	0.8	0	0.5
0	13.426	0	0	0.648	0	0.6	0	0.2
23.521	6.789	1.864	0.348	0.524	1	0.4	0.2	0
0	0	0	0	0	0	0.375	0.8	0.667
0	0	0	0	0	0	0.571	0	0.8
0	0	0.958	0	0	0	0.778	0.2	0
0	0	0	0	0	0	0.714	0.2	0
5.899	0	0	0.733	0	0	1	0	0
0	0	0	0	0	0	0	0.2	0.8
0	0	15.011	0	0	0.695	0.6	0.625	0
1.864	23.521	49.155	1	0.348	0.178	0	0.4	0.222
0	0	0	0	0	0	0.333	0.333	1
0	0	8.565	0	0	0.889	0.6	0.4	0
0	0	0	0	0	0	0.8	0.571	0
0	0	0	0	0	0	0.2	0.6	0.714
5.792	24.988	0	0.933	0.283	0	0	0	0.8
0	0.891	0	0	0	0	0	0	0
5.274	0.958	0	0.9	0	0	0	0	0.8
0	5.792	0	0	0.933	0	0.8	0	0.2
6.885	0	11.843	0.381	0	0.424	0.5	0.8	0.111
49.155	1.864	24.988	0.178	1	0.283	0.222	0	0
0	0	4.841	0	0	0.7	1	0	0.667
0	0	0	0	0	0	1	0.333	0
0	5.899	0.891	0	0.733	0	0	1	0
0	0	-1	0	0	-1	0	0	-1
0	0	0	0	0	0	0.4	0.6	0.4
0	0	0	0	0	0	0.4	0.4	1
0	2.861	0	0	1	0	0.667	0	0.25
0	0	0	0	0	0	0.4	0.375	0.6
0	0	0	0	0	0	0.4	0.6	0.4
0	0	3.871	0	0	0.333	0.4	0.5	0
0	0	0	0	0	0	0.75	0	1
0	0	0	0	0	0	1	0.5	0
0	0	0	0	0	0	0.25	0.5	0.2
0	0	0	0	0	0	0.5	1	0.286
0	3.835	0	0	0.333	0	0.2	0	0
0	0	0	0	0	0	0	0.6	0.4
0	0	0	0	0	0	0.857	0.6	0.6
2.845	0	0	0.333	0	0	0.125	0.333	0.2
0	0	0	0	0	0	0.5	0	0.25
0	0	0	0	0	0	0.6	0.857	0.4
0	0	0	0	0	0	0	0.6	0.75
0	0	0	0	0	0	0.375	0.2	0.4
0	2.845	0	0	0.333	0	0.2	0.125	0.5
0	0	0	0	0	0	0	0	0.333
0	0	0	0	0	0	0.6	0.4	0.4
0	0	0	0	0	0	0.6	0.8	0
0	0	0	0	0	0	0.2	0.429	0
0	0	0	0	0	0	0.8	0.4	0.6
0	11.453	0	0	0.6	0	0.6	0	0
0	0	0	0	0	0	1	0.4	0.667
0	0	0	0	0	0	0.5	0.2	0.4
0	0	2.845	0	0	0.333	0.333	0	0.125
0	0	0	0	0	0	1	0.75	0.5
18.368	7.166	23.873	0.556	1	0.439	0	0	0
18.299	0	3.643	0.316	0	0.333	0.2	0.2	0.333
0	-1	0	0	-1	0	0	-1	0
0	3.938	0.962	0	0.833	0	0	0	0.2
7.591	7.739	6.06	0.929	0.821	1	0	0	0
1.99	13.682	14.99	1	0.681	0.743	0	0	0.2
0	20.025	22.236	0	0.568	0.524	1	0.2	0
0.858	0.891	0.863	0	0	0	0	0	0
0.962	0	0	0	0	0	0.2	0	0.333
0	0	0.925	0	0	0	0	0	0
14.99	1.99	4.247	0.743	1	0.833	0.2	0	0.778
0	0	22.726	0	0	0.383	0	0	0.2
0	0	3.008	0	0	1	0.375	0.8	0.444
7.246	0	9.435	0.464	0	0.489	0.111	1	0
0	0.962	0	0	0	0	0.333	0.2	0
4.247	14.99	7.166	0.833	0.743	1	0.778	0.2	0
10.134	0	0	0.911	0	0	0	0	0
0	0	0	0	0	0	0	0	0
9.435	7.246	0	0.489	0.464	0	0	0.111	0.25
3.938	0	0	0.833	0	0	0	0	0
0	0	0	0	0	0	0.8	0	0.375
0	0	1.721	0	0	0	0	0	0
0	0	0	0	0	0	0	0	0
1.721	0	0	0	0	0	0	0	0
0.925	0	1.896	0	0	1	0	0	0
25.439	3.008	20.025	0.44	1	0.568	0	0.444	0.2
7.166	4.247	18.368	1	0.833	0.556	0	0.778	0
1.803	0	0	1	0	0	0.667	1	1
0	0	10.134	0	0	0.911	0	0	0
0	0	0	0	0	0	0	0	0
13.682	0	1.99	0.681	0	1	0	0	0
10.649	51.982	16.969	0.618	0.254	0.633	0	0.2	1
0	0	13.682	0	0	0.681	0	0.333	0
0	10.681	1.803	0	0.436	1	1	0.25	0.667
0.995	0	0	0	0	0	0	0	0
5.562	0	0	0.533	0	0	0.556	0	0.375
0	0	3.682	0	0	0.5	0.75	0.4	0.556
0	0	0	0	0	0	0.8	0	0.4
0	0	0	0	0	0	0.429	0.2	0.4
3.682	0	3.774	0.5	0	0.667	0.556	0.75	0.75
6.132	0	0	0.2	0	0	0	0	0.429
7.756	11.019	2.101	0.214	0.127	0	0.2	0.6	0.8
0	0	0	0	0	0	0	0	0
0	5.562	4.922	0	0.533	0.5	0.375	0.556	0
3.774	3.682	0	0.667	0.5	0	0.75	0.556	0
0	0	0	0	0	0	0	0	0
2.053	0	0	1	0	0	0	0	0.4
11.019	3.779	7.756	0.127	0.167	0.214	0.6	0.25	0.2
0	-1	0	0	-1	0	0	-1	0
0	0.904	0	0	0	0	1	0.8	0.5
4.922	0	0	0.5	0	0	0	0.375	0
0	2.053	0	0	1	0	0.4	0	0
0	0	1.065	0	0	0	0.2	0	0
0	0.995	6.132	0	0	0.2	0	0	0
1.065	0	0	0	0	0	0	0.2	0
0	0	5.562	0	0	0.533	0	0	0.556
3.779	0	11.019	0.167	0	0.127	0.25	0	0.6
0	0	2.053	0	0	1	0	0.2	0
0	4.922	0	0	0.5	0	0	0	0.25
0	0	0	0	0	0	0	0	0.8
0	0	0	0	0	0	0.25	0	0.4
2.101	7.756	0	0	0.214	0	0.8	0.2	0.4
0	0	6.552	0	0	0.524	0.125	0.4	0.125
0	0	0	0	0	0	0.4	0	0.125
14.437	14.91	16.11	0.451	0.495	0.4	0	0	0
3.745	3.882	0	0.5	0.5	0	0.2	0	0.333
0.86	0.915	5.564	0	0	0.533	0	0	0.25
5.656	8.668	8.852	0.8	0.75	0.778	0	0	0
0	0	-1	0	0	-1	0	0	-1
0	9.443	0	0	0.333	0	0	0.333	0
19.234	22.915	2.909	0.211	0.188	0.667	0	0	0
8.668	9.662	5.656	0.75	0.622	0.8	0	0	0
7.73	8.506	8.026	0.714	0.786	0.81	0	0	0
0	2.624	0	0	0	0	0.25	0	0.2
0	0.874	0	0	0	0	0.571	0.2	0.2
2.624	0	0	0	0	0	0	0	0.25
0	0	0	0	0	0	0	0	0
8.852	5.656	7.545	0.778	0.8	0.714	0	0	0
9.443	0	0	0.333	0	0	0.333	0	0
0	0.892	0	0	0	0	0	0.222	0
14.91	11.133	14.437	0.495	0.622	0.451	0	0	0
12.303	13.226	11.133	0.618	0.545	0.622	0	0	0
12.381	13.632	12.164	0.582	0.576	0.582	0	0.2	0
0	0	5.333	0	0	0.2	0	0.2	0.5
10.882	18.48	9.58	0.545	0.353	0.622	0	0	0
8.506	0	7.73	0.786	0	0.714	0	0	0
0	0	2.624	0	0	0	0	0	0
6.552	0	0	0.524	0	0	0.125	0.125	0
9.58	10.882	9.662	0.622	0.545	0.622	0	0	0
7.545	8.852	22.915	0.714	0.778	0.188	0	0	0
3.882	0	3.745	0.5	0	0.5	0	0	0.2
0	0	8.506	0	0	0.786	0	0	0
9.798	8.026	13.632	0.694	0.81	0.576	0	0	0.2
0	3.745	0	0	0.5	0	0.333	0.2	0
0	0	0	0	0	0	0	0	0
11.133	12.303	14.91	0.622	0.618	0.495	0	0	0
18.48	16.11	10.882	0.353	0.4	0.545	0	0	0
0	6.552	0	0	0.524	0	0	0.125	0.2
8.026	7.73	9.798	0.81	0.714	0.694	0	0	0
9.662	9.58	8.668	0.622	0.622	0.75	0	0	0
0	0	0	0	0	0	0	0	0
2.909	19.234	0	0.667	0.211	0	0	0	0
0	5.564	0	0	0.533	0	0	0.25	0.4
16.11	14.437	18.48	0.4	0.451	0.353	0	0	0
22.915	7.545	19.234	0.188	0.714	0.211	0	0	0
5.828	0.874	3.155	0.867	0	1	0	0.2	0.6
0	0	0	0	0	0	0	0	0
33.935	0.99	7.076	0.429	0	0.857	0.4	0.333	0.4
0	0	66.141	0	0	0.16	0.75	0.667	0.2
0	0	0	0	0	0	0.667	0	0
0	0.85	0	0	0	0	1	0	0
0	0	17.105	0	0	0.743	1	0.667	0
5.263	0	0	0.9	0	0	0	0.75	0.75
0	0	0	0	0	0	0.75	1	0.8
7.076	33.935	0	0.857	0.429	0	0.4	0.4	1
0	17.105	9.046	0	0.743	0.833	0.875	0	0.2
3.497	66.141	0	1	0.16	0	0.625	0.2	0.333
0	19.58	0	0	0.661	0	1	0.778	0.75
0	0	0	0	0	0	0.667	0.625	1
0	0	25.933	0	0	0.456	0	0	0
10.513	2.828	2.317	0.4	0.667	1	0	0	0
0	0	0	0	0	0	0	0.667	0
0	0	0	0	0	0	0	0	0.667
19.58	9.046	0	0.661	0.833	0	0.778	0.2	1
66.141	0	3.497	0.16	0	1	0.2	0.75	0.625
0	5.263	0	0	0.9	0	0.75	0	0.667
0.873	0	0	0	0	0	0	0	0
6.216	3.515	0	0.667	1	0	0	0	0
0	6.216	0	0	0.667	0	0	0	0
9.046	0	19.58	0.833	0	0.661	0.2	0.875	0.778
0	0	2.083	0	0	0	1	0.25	0
0	0	0	0	0	0	0.8	0.667	0.25
0	0	0	0	0	0	0	0	0
0.99	0	33.935	0	0	0.429	0.333	0	0.4
2.083	0	1.039	0	0	0	0	1	0
13.331	7.928	8.868	0.424	0.571	0.571	0	0	0
0	4.903	3.98	0	0.2	0.333	0.111	0.2	0
8.143	0	0	0.464	0	0	0.75	0.667	0.4
0	12.698	0	0	0.321	0	0.2	0.857	0.25
7.928	7.262	13.331	0.571	0.571	0.424	0	0.222	0
0	8.143	0	0	0.464	0	0.4	0.75	0.333
0	0	0	0	0	0	0.25	0.2	0.4
0	8.135	8.143	0	0.5	0.464	0.667	0.778	0.75
0	0	0	0	0	0	0.333	0.4	0.667
0	0	2.827	0	0	0.333	0.4	0.25	0
0	0	12.698	0	0	0.321	0.667	0.333	0.857
4.341	0	5.495	0.8	0	0.4	0	0.375	0.2
1.059	2.827	1.008	0	0.333	0	0.5	0	0.6
1.008	1.059	1.938	0	0	0	0.6	0.5	0
4.719	12.93	1.746	0.7	0.269	1	0	0	0.2
12.698	0	0	0.321	0	0	0.857	0.667	0.2
1.746	4.719	3.893	1	0.7	0.667	0.2	0	0
8.868	13.331	13.216	0.571	0.424	0.439	0	0	0
8.135	5.495	0	0.5	0.4	0	0.778	0.2	0.667
4.553	9.929	0	0.7	0.467	0	0	0.2	0
0	0.893	4.341	0	0	0.8	0.375	0	0
7.262	7.295	7.928	0.571	0.714	0.571	0.222	0	0
12.93	11.103	4.719	0.269	0.227	0.7	0	0	0
0	0	0.857	0	0	0	0.4	0	0
1.896	0	0	0	0	0	0	0	0
13.075	0	0	0.436	0	0	0	0.2	0.2
1.715	0	0.915	1	0	0	0.25	0.75	0.286
10.861	21.913	4.95	0.867	0.377	0.6	0	0	0.4
6.661	7.005	0	0.933	0.667	0	0.222	0.2	0
0	0	7.771	0	0	0.821	0	0.4	0.571
0.899	5.565	4.542	0	0.8	0.7	0.5	0.2	0
0	1.896	0.968	0	0	0	0	0	0
1.708	0	0	1	0	0	0.333	0	1
0.873	0	0	0	0	0	0	0	0
3.017	4.95	1.797	0.667	0.6	1	0.2	0.4	0
0	7.771	0	0	0.821	0	1	0.571	0.6
5.565	11.726	0.899	0.8	0.515	0	0.2	0	0.5
0.895	0	9.309	0	0	0.361	0	0	0.4
7.771	0	0	0.821	0	0	0.571	0	1
0.915	1.715	7.391	0	1	0.929	0.286	0.25	0.2
0	0.968	0	0	0	0	0	0	0
0	2.699	0	0	0.333	0	0	0	0
3.848	4.139	0	0.5	0.833	0	0.4	0	0.4
0	3.667	11.726	0	0.667	0.515	1	0	0
21.913	14.434	10.861	0.377	0.615	0.867	0	0	0
0	0	0	0	0	0	0.6	1	0.75
0	0	0.895	0	0	0	0	0.5	0
11.909	10.483	11.104	0.682	0.727	0.756	0	0.4	0
4.95	10.861	3.017	0.6	0.867	0.667	0.4	0	0.2
2.973	1.797	15.867	0.667	1	0.657	0.2	0	0
0.968	0	0	0	0	0	0	0	0
2.398	0	0	1	0	0	0	0	0
0	0	2.699	0	0	0.333	0.4	0.2	0
0	0	0	0	0	0	0	0.2	0.2
1.741	9.309	1.932	0	0.361	1	0.2	0.4	0
0	3.013	7.005	0	1	0.667	1	0	0.2
9.309	0.895	1.741	0.361	0	0	0.4	0	0.2
0	3.848	0	0	0.5	0	0.4	0.4	0
10.483	15.867	11.909	0.727	0.657	0.682	0.4	0	0
11.104	11.909	3.013	0.756	0.682	1	0	0	0
0	0	1.715	0	0	1	0.75	0.6	0.25
1.932	1.741	2.786	1	0	0.333	0	0.2	0
3.013	11.104	0	1	0.756	0	0	0	1
1.797	3.017	2.973	1	0.667	0.667	0	0.2	0.2
7.391	0.915	13.907	0.929	0	0.552	0.2	0.286	0.571
0	0	0	0	0	0	0	0	0.4
5.168	8.411	3.48	0.267	0.528	0.333	0	0	0
4.273	9.272	7.316	0.3	0.444	0.464	0	0	0.2
0.827	0	1.692	0	0	1	0	0.333	0.333
0	6.461	4.577	0	0.238	0.3	0.4	0	0
0	0	0.827	0	0	0	0.333	0	0
3.923	5.504	5.854	0.5	0.667	0.667	0	0	0
7.107	2.044	0	0.143	0	0	0	0	0
9.951	11.128	8.706	0.778	0.8	0.806	0	0	0
1.89	0	0	0	0	0	0	0.2	0.4
0	7.107	0	0	0.143	0	0	0	0
13.837	14.312	12.233	0.697	0.727	0.764	0	0	0
0	0	0	0	0	0	0	0	0
9.272	7.652	4.273	0.444	0.464	0.3	0	0	0
0	0	0	0	0	0	0	0	0
1.713	0	4.076	1	0	0.333	0	0.4	0
7.652	10.732	9.272	0.464	0.345	0.444	0	0	0
0	0	0	0	0	0	0	0	0
10.732	8.895	7.652	0.345	0.417	0.464	0	0	0
0	0	0	0	0	0	0.4	0.2	0
0	1.89	0.842	0	0	0	0.4	0	0
0	0	0	0	0	0	0	0	0
8.895	6.182	10.732	0.417	0.533	0.345	0	0	0
4.386	7.316	8.411	0.4	0.464	0.528	0.5	0.2	0
0	5.242	0	0	0.2	0	0	0	0
12.233	13.837	11.128	0.764	0.697	0.8	0	0	0
0	0	0	0	0	0	0.4	0	0.2
0	8.706	0	0	0.806	0	0	0	0
0	0	0	0	0	0	0	0	0
0	0	0	0	0	0	0	0	0
0	0	0	0	0	0	0	0	0
0	0	0	0	0	0	0	0	0.333
0	0	1.713	0	0	1	0.4	0	0
7.316	4.273	4.386	0.464	0.3	0.4	0.2	0	0.5
0	0	0	0	0	0	0	0	0
11.484	25.31	5.812	0.894	0.543	0.8	0	0	0
0	2.042	5.465	0	0	0.5	0.5	0.8	0
60.77	38.759	0	0.232	0.415	0	0.4	0	0
26.441	0.969	0	0.467	0	0	0.25	0	0
11.356	0.967	0	0.745	0	0	0.667	0.2	0
2.796	0	2.819	1	0	1	0.889	0.5	0.8
13.346	3.029	0	0.808	0.667	0	0.8	0.75	0
0	10.379	0.924	0	0.164	0	0	0	0.111
0	16.857	0	0	0.49	0	0	0	0
1.053	3.562	6.3	0	0.333	0.571	0.8	0	0
3.609	0	1.806	1	0	1	0.444	0.375	0.4
0	14.383	0	0	0.629	0	1	0.4	0
0	0	0	0	0	0	0.667	0.6	0
5.812	11.484	6.7	0.8	0.894	0.81	0	0	0
0.967	0	11.356	0	0	0.745	0.2	0	0.667
4.835	12.162	6.471	0.5	0.364	0.476	0	0.6	0
0	0	18.835	0	0	0.55	0.714	0.4	0.6
0.875	0	49.179	0	0	0.321	1	0.714	1
0	0	2.626	0	0	0.333	0	0	0.2
0	0	0.98	0	0	0	0.6	0.75	0.2
2.638	0.879	8.519	0.667	0	0.333	0	0	0
18.315	18.835	3.266	0.526	0.55	0	0.333	0.6	1
0	0	0	0	0	0	0.8	0.5	0.5
57.487	2.987	90.883	0.24	0.667	0.136	0	0	0.4
2.941	0	0.888	0.333	0	0	0	0.714	0
25.31	34.018	11.484	0.543	0.403	0.894	0	0	0
0	0	12.406	0	0	0.833	0.6	0.5	1
0	5.366	0	0	0.667	0	0	0	0.2
0	0	0	0	0	0	0.5	0	0.6
2.987	27.318	57.487	0.667	0.556	0.24	0	0.286	0
0.879	1.879	2.638	0	1	0.667	0	0	0
0	0	0	0	0	0	0	0	0
0	60.77	0.967	0	0.232	0	0	0.4	0.2
7.752	0.91	27.193	0.75	0	0.476	0	0.2	0.5
6.7	5.812	1.821	0.81	0.8	1	0	0	0
0	0	2.941	0	0	0.333	0.714	0	0
8.672	8.692	3.766	0.333	0.306	0.5	0	0.4	0
0	2.047	14.383	0	0	0.629	0.5	0.333	0.4
0	0	0	0	0	0	0	0.75	0
0.894	1.769	5.555	0	1	0.933	0	0	0.4
12.673	7.484	4.571	0.59	0.571	0.7	0.4	0.286	0
0	19.077	1.769	0	0.532	1	0	0.667	0
0	0	4.457	0	0	0.5	0	0	0
0	0	0	0	0	0	0	0	0
0	0	2.796	0	0	1	0.5	0.8	0.889
30.12	9.954	79.294	0.513	0.911	0.193	0.111	0.2	0
0	0	3.634	0	0	0.167	0	0	0.5
0	1.821	0	0	1	0	0	0	0.143
19.077	4.594	0	0.532	0.8	0	0.667	0.4	0
27.193	7.752	7.484	0.476	0.75	0.571	0.5	0	0.286
1.891	1.797	0	0	0	0	0	0	0
0	0	0	0	0	0	0	0	0
38.759	2.236	60.77	0.415	1	0.232	0	0	0.4
0	0.874	0	0	0	0	0	0	0
11.344	0	0	0.788	0	0	0.25	1	0.6
0.969	0	26.441	0	0	0.467	0	0	0.25
0	15.8	0.875	0	0.725	0	0.714	0	1
0	0	3.609	0	0	1	0.375	1	0.444
0.874	0.871	0	0	0	0	0	0	0
0	5.465	11.344	0	0.5	0.788	1	0	0.25
0	11.356	0.969	0	0.745	0	0	0.667	0
4.412	0	0	0.5	0	0	0.6	0	0
4.571	12.673	1.796	0.7	0.59	1	0	0.4	0.143
1.769	0	0.894	1	0	0	0	0	0
0	21.952	0	0	0.455	0	0	1	0
0	12.512	0	0	0.41	0	1	0.667	0.375
4.457	0	15.906	0.5	0	0.705	0	0	0
0	0	0	0	0	0	0	0	0
0	0	-1	0	0	-1	0	0	-1
0	0	0	0	0	0	0	0	0
9.296	13.116	8.41	0.639	0.487	0.679	0	0	0
0	0	0	0	0	0	0	0	0
13.116	10.825	9.296	0.487	0.473	0.639	0	0	0
6.243	0	0	0.143	0	0	0.2	1	0
0	0	0	0	0	0	0	0	0
0	7.882	6.243	0	0.524	0.143	1	0.667	0.2
0	0	0	0	0	0	0	0	0
4.551	9.991	2.842	0.5	0.556	0.333	0	0	0
2.842	4.551	0	0.333	0.5	0	0	0	0
0	0	0	0	0	0	0	0	0
0	2.842	0	0	0.333	0	0	0	0
0	0	0	0	0	0	0	0	0
0	0	0	0	0	0	0	0	0
0	0	0	0	0	0	0	0	0
0	0	0	0	0	0	0	0	0
0	0	0	0	0	0	0	0	0
0	0	0	0	0	0	0	0	0
0	0	0	0	0	0	0	0	0
3.243	0	2.172	0.667	0	1	0	0	0
0	6.243	0	0	0.143	0	0	0.2	0
0	0	0	0	0	0	0	0	0
0	0	0	0	0	0	0	0	0
0	0	3.243	0	0	0.667	0	0	0
0	0	1.048	0	0	0	0	0.75	0
0	0	0	0	0	0	0.6	0.5	0.5
0	0.981	1.069	0	0	0	0.6	0.6	0
0	3.2	0	0	0	0	0.4	0	0
0	2.213	1.005	0	0	0	0.2	0	0
0.981	0	0	0	0	0	0.667	0.8	0
0	0	0	0	0	0	0.5	0.6	0.5
0	1.207	2.213	0	0	0	0.4	0.2	0
2.213	0	0	0	0	0	0	0.4	0.2
0	0	0.981	0	0	0	0.8	0	0.667
0	0	1.002	0	0	0	0.4	0.4	0
0.981	0	0	0	0	0	0.6	0.25	0.6
0	0	0	0	0	0	0	0.2	0.333
1.048	0	0	0	0	0	0	0	0.6
0	0	0.981	0	0	0	0.25	0.4	0.6
0	0	0	0	0	0	0.333	0	0.8
0	0	1.207	0	0	0	0	0	0.2
1.002	0	0	0	0	0	0	0.4	0
0	0	0	0	0	0	0.8	0.333	0.5
0	2.11	0	0	0	0	0.375	0	0.75
0	0	0	0	0	0	0.5	0.5	0.4
0	0	0	0	0	0	0	0.2	0.2
0	0	0	0	0	0	0.75	0.375	0
0	0	0	0	0	0	0.5	0.8	0.6
1.207	0	0	0	0	0	0.2	0	0.4
0	1.069	0	0	0	0	0.2	0	0
14.397	7.965	0	0.362	0.643	0	0	0.25	0.25
7.962	0	0	0.75	0	0	0	0.4	0.333
11.097	0	0	0.582	0	0	0	0	0.2
0.9	0	7.965	0	0	0.643	0.125	0.4	0.25
0	14.397	0	0	0.362	0	0.25	0	0.2
6.727	0	0	0.714	0	0	0	0.5	0
7.965	0.9	14.397	0.643	0	0.362	0.25	0.125	0
0	0	0.9	0	0	0	0.4	0	0.125
0	0	7.962	0	0	0.75	0.4	0.333	0
2.899	0	0	1	0	0	0.2	0.2	0.2
0	7.962	9.305	0	0.75	0.556	0.333	0	0
0	9.915	3.719	0	0.6	0.833	0.4	0	0
0	0	0	0	0	0	0	0.25	0.5
0	0	0	0	0	0	0	0.2	0
0	4.935	0	0	0.7	0	0.333	0.25	0.4
0	2.899	0	0	1	0	0.2	0.2	0
7.753	3.719	14.967	0.536	0.833	0.419	0	0	0.25
0	24.824	0	0	0.312	0	0	0	0.4
24.824	1.825	0	0.312	1	0	0	0	0
0	0	4.935	0	0	0.7	0.6	0.2	0.25
0	0	2.002	0	0	1	0	0	0
4.935	0	0	0.7	0	0	0.25	0.6	0.333
0	0	6.727	0	0	0.714	0.5	0	0
2.002	0	0	1	0	0	0	0	0
1.825	13.364	24.824	1	0.526	0.312	0	0.111	0
3.616	4.409	11.154	0.333	0.1	0.309	0	0	0.2
1.915	2.478	0	0	0	0	0.2	1	0
3.548	1.561	0	0.833	1	0	0	0.4	0
0	7.718	3.82	0	0.393	0.8	0	0	0
5.536	0	1.253	0.429	0	1	0.2	0	0
4.025	1.75	2.558	0.5	0	1	0	0	0
0	0	2.145	0	0	0.333	0.25	0.2	1
2.175	2.145	0	0	0.333	0	0	1	0.143
3.82	0	1.517	0.8	0	0	0	0	0.2
0	3.548	5.536	0	0.833	0.429	0	0	0.2
11.154	3.616	2.478	0.309	0.333	0	0.2	0	1
2.558	4.025	1.561	1	0.5	1	0	0	0.4
1.517	3.82	3.198	0	0.8	0.333	0.2	0	0.333
1.75	0	4.025	0	0	0.5	0	0	0
3.198	1.517	3.009	0.333	0	0.167	0.333	0.2	0.222
0	2.175	2.886	0	0	0	0.143	0	0
2.145	0	2.175	0.333	0	0	1	0.25	0
3.009	3.198	9.013	0.167	0.333	0.289	0.222	0.333	0.5
9.013	3.009	4.289	0.289	0.167	0.3	0.5	0.222	0.6
4.763	3.21	4.291	0.2	0.167	0.1	0	0	0
3.123	8.516	2.122	0	0.194	0.333	1	0.2	0
4.409	4.289	3.616	0.1	0.3	0.333	0	0.6	0
1.561	2.558	3.548	1	1	0.833	0.4	0	0
0	35.265	0	0	0.387	0	1	0.5	0.667
0.915	0	0	0	0	0	0.714	1	0.667
0	0	0.93	0	0	0	0.6	0.667	0
0	0	0	0	0	0	1	0.667	1
0	0	0	0	0	0	0.667	1	1
0	0	0	0	0	0	0.667	0.8	0.6
0	0	0	0	0	0	1	1	0.2
1.866	1.911	0.887	0	0	0	0	0	0
13.22	0	58.227	0.513	0	0.213	0.75	0	0
0	0	4.564	0	0	0.9	1	0	0
0	0	19.3	0	0	0.658	0.667	1	0.556
11.64	10.591	11.82	0.682	0.509	0.636	0.6	0.2	0
3.792	0	0.979	0.167	0	0	0.222	0	0.4
0	29.67	0	0	0.488	0	0.8	0.667	0.667
10.336	18.722	0.863	0.964	0.739	0	0.6	0.667	0
1.754	0	0	1	0	0	0.8	1	1
18.722	0	10.336	0.739	0	0.964	0.667	0.2	0.6
0.979	3.792	1.911	0	0.167	0	0.4	0.222	0
0	0.915	0	0	0	0	0.667	0.714	1
0	0	0.915	0	0	0	1	0.5	0.714
0	0	0	0	0	0	1	1	0.667
0	4.608	13.22	0	0.7	0.513	0	0.25	0.75
29.67	0	0	0.488	0	0	0.667	1	0.8
0.923	5.673	1.832	0	0.8	1	0.2	0.75	0
11.82	11.64	3.674	0.636	0.682	0.833	0	0.6	0
0.868	0	0.864	0	0	0	0.667	1	0.143
5.706	50.818	23.075	0.667	0.257	0.565	0.6	0	0
0	1.754	0	0	1	0	1	0.8	0.25
0	13.088	3.79	0	0.679	1	0.667	0	0
5.673	3.674	0.923	0.8	0.833	0	0.75	0	0.2
27.046	0.863	0	0.585	0	0	0.25	0	0
4.564	0	0.912	0.9	0	0	0	1	0.4
4.608	0	0	0.7	0	0	0.25	0.5	0
0	0.912	0	0	0	0	0.25	0.4	1
0.917	9.339	4.903	0	0.639	0.6	0.333	0.75	0
3.822	0	13.922	0.5	0	0.397	0.222	0	0.2
0	3.625	0	0	0.667	0	0.111	0	0.667
13.463	1.845	0	0.372	1	0	0.4	0	0
0	0	0	0	0	0	0	0	0
0	0	0	0	0	0	0	0	0
4.903	0.917	0	0.6	0	0	0	0.333	0.375
3.625	0	0	0.667	0	0	0	0	0.111
0	13.463	3.625	0	0.372	0.667	0	0.4	0
6.324	3.09	0	0.667	0.667	0	0	0.25	0
14.745	11.596	7.65	0.41	0.556	0.571	0.2	0	0
12.565	5.379	8.263	0.509	0.7	0.607	0	0	0.4
3.09	7.432	6.324	0.667	0.321	0.667	0.25	0.222	0
0	0	0	0	0	0	0	0	0
4.846	7.401	0	0.7	0.619	0	0.2	0.222	0
7.401	0.922	4.846	0.619	0	0.7	0.222	0	0.2
1.832	3.694	0	0	0.333	0	0	0.333	0
7.432	2.878	3.09	0.321	0.667	0.667	0.222	0	0.25
2.878	4.819	7.432	0.667	0.6	0.321	0	0.2	0.222
0	0	0	0	0	0	0	0	0
0.922	0	7.401	0	0	0.619	0	0.667	0.222
0	0	0	0	0	0	0	0	0
0	0	0	0	0	0	0	0	0
8.62	10.205	8.748	0.643	0.639	0.643	0	0	0
0	4.903	3.694	0	0.6	0.333	0.375	0	0.333
0	0	0	0	0	0	0	0	0
14.674	0	0	0.374	0	0	0	0	0.6
3.694	0	1.832	0.333	0	0	0.333	0.375	0
0	0.891	4.819	0	0	0.6	0.333	0.2	0.2
10.205	15.863	8.62	0.639	0.363	0.643	0	0.2	0
1.845	0	13.463	1	0	0.372	0	0	0.4
1.935	0	0	1	0	0	0	0.111	0.2
1.875	0	3.839	0	0	1	0.2	0	0.667
4.06	0	24.234	1	0	0.67	0	0.2	0
0.966	3.783	34.815	0	0.833	0.454	0	0.333	0
20.362	10.482	45.517	0.711	0.636	0.372	0.2	0.6	0.111
17.783	40.803	4.01	0.706	0.417	0.833	0	0	0
0	23.414	1.875	0	0.569	0	0	0.4	0.2
0	0	1.935	0	0	1	0.111	0.667	0
55.238	45.517	23.414	0.292	0.372	0.569	0.333	0.111	0.4
0	5.954	0.909	0	0.8	0	0.4	0.2	0.333
0	4.01	0	0	0.833	0	0.667	0	0.111
3.839	1.875	0	1	0	0	0.667	0.2	0.5
0	0	0	0	0	0	0	0	0
0	0	13.603	0	0	0.604	0	0	0
7.066	0	0	0.905	0	0	0	0	0
23.414	55.238	0	0.569	0.292	0	0.4	0.333	0
16.542	14.08	10.022	0.533	0.449	0.667	0	0	0
10.482	66.079	20.362	0.636	0.245	0.711	0.6	0.4	0.2
0	0	0	0	0	0	0	0	0
4.01	17.783	0	0.833	0.706	0	0	0	0.667
0	3.839	0	0	1	0	0.5	0.667	0
0	20.422	0	0	0.69	0	0.5	0	1
45.517	20.362	55.238	0.372	0.711	0.292	0.111	0.2	0.333
19.503	1.829	1.893	0.558	0	1	0	0	0
5.954	0	0	0.8	0	0	0.2	0.2	0.4
0	0	0	0	0	0	0	0	0
66.079	6.766	10.482	0.245	0.714	0.636	0.4	0	0.6
28.867	13.448	7.827	0.49	0.526	0.714	0.2	0.778	0
46.517	0	25.384	0.4	0	0.523	0.5	0.4	0.25
0	13.603	0	0	0.604	0	0	0	0.222
0	0	0	0	0	0	0	0	0
0	0	0	0	0	0	0	0	0
0	0	0	0	0	0	0	0	0
0	0	0	0	0	0	0.143	0.8	0
0	0	0	0	0	0	0	0	0
3.923	0.989	0	0.5	0	0	1	0	0
6.083	0	10.177	0.6	0	0.418	0	0.75	0.667
0	0	0	0	0	0	0	0	0
0	6.667	6.083	0	0.8	0.6	0.75	0.6	0
0	0	0	0	0	0	0	0	0
0	-1	0	0	-1	0	0	-1	0
6.499	3.555	0.989	0.6	0.333	0	0.111	0.2	0
1.539	9.562	6.667	1	0.639	0.8	0	0	0.6
8.141	10.177	17.566	0.5	0.418	0.33	0	0.667	1
0	0	3.98	0	0	0.667	0	0	0.222
10.177	6.083	8.141	0.418	0.6	0.5	0.667	0	0
3.555	3.98	6.499	0.333	0.667	0.6	0.2	0.222	0.111
3.526	0.786	0	0.667	0	0	0	0.4	0
3.98	0	3.555	0.667	0	0.333	0.222	0	0.2
6.667	1.539	0	0.8	1	0	0.6	0	0.75
0	5.832	0	0	0.733	0	0.5	0	0.6
3.374	4.976	0	1	0.8	0	0	0	0
7.389	0	1.088	0.464	0	0	0	0.2	0.25
10.958	0	42.533	0.444	0	0.108	0	0.6	0
0	1.241	23.128	0	0	0.225	0.75	0.2	0.2
0	0	0	0	0	0	0.6	0	0.857
4.976	0	3.374	0.8	0	1	0	0.25	0
1.088	7.389	8.291	0	0.464	0.429	0.25	0	0.2
42.533	10.958	0	0.108	0.444	0	0	0	0
0.898	0	0	0	0	0	0.2	0.5	0
0	0	7.389	0	0	0.464	0.2	0	0
0	42.533	0	0	0.108	0	0	0	0.25
8.291	1.088	7.846	0.429	0	0.607	0.2	0.25	0
1.962	23.128	0	1	0.225	0	0	0.2	0.429
0	0	2.79	0	0	0.667	0.4	0.2	0.333
2.79	0	5.832	0.667	0	0.733	0.333	0.4	0
0	0	0	0	0	0	0	0	0.25
0	1.962	0	0	1	0	0.429	0	0.4
5.832	2.79	0	0.733	0.667	0	0	0.333	0.5
15.996	28.496	33.941	0.816	0.684	0.641	0.2	0.4	0.2
28.32	10.679	23.661	0.63	0.855	0.721	0.4	0	0.571
12.777	0.888	0.909	0.603	0	0	0.5	0.4	0
0.88	2.753	6.376	0	0	0.733	0	0	0.8
24.882	16.44	13.17	0.833	0.892	0.897	0	0	1
6.376	0.88	0	0.733	0	0	0.8	0	0
23.892	23.661	29.129	0.685	0.721	0.627	0	0.571	0.8
30.766	27.723	28.029	0.625	0.704	0.724	0	0	0
15.922	13.17	23.303	0.917	0.897	0.835	1	1	0.6
28.496	30.338	15.996	0.684	0.671	0.816	0.4	0.6	0.2
33.941	15.996	26.343	0.641	0.816	0.793	0.2	0.2	0.4
30.338	35.212	28.496	0.671	0.602	0.684	0.6	0.25	0.4
13.17	24.882	15.922	0.897	0.833	0.917	1	0	1
16.44	30.884	24.882	0.892	0.687	0.833	0	0.8	0
0	0	0	0	0	0	0.2	0	0.333
29.129	23.892	29.776	0.627	0.685	0.656	0.8	0	0.25
22.316	25.792	25.832	0.788	0.787	0.733	0.5	0.444	0.4
35.212	16.358	30.338	0.602	0.824	0.671	0.25	0.6	0.6
27.507	15.083	25.832	0.732	0.867	0.751	0.8	0.25	0
0	0	0	0	0	0	0.333	0.2	0
0	2.802	0	0	0.333	0	0.714	0	0
0	0	2.802	0	0	0.333	0	0.333	0
30.884	25.832	16.44	0.687	0.733	0.892	0.8	0.4	0
10.679	3.144	28.32	0.855	1	0.63	0	0.2	0.4
2.802	0	0	0.333	0	0	0	0	0.714
23.661	28.32	23.892	0.721	0.63	0.685	0.571	0.4	0
26.343	33.941	15.083	0.793	0.641	0.867	0.4	0.2	0.25
25.832	22.316	30.884	0.733	0.788	0.687	0.4	0.5	0.8
0	0	0	0	0	0	0	0	0.2
29.776	29.129	16.358	0.656	0.627	0.824	0.25	0.8	0.6
0	0	0	0	0	0	0	0	0
12.759	0	0.915	0.692	0	0	0.2	0.4	0.5
13.04	9.931	7.593	0.705	0.622	0.786	0.6	0	0.143
10.915	0.884	0	0.891	0	0	0.444	0	0.75
34.821	4.714	19.141	0.379	0.8	0.585	0	0.25	0
0	0	1.894	0	0	0	0	0	0
0	0	0	0	0	0	0	0	0
0.915	0.882	47.545	0	0	0.288	0.4	0	0.8
2.871	19.141	35.735	0.667	0.585	0.413	0.2	0	0
0	0.916	0	0	0	0	0	0	0
0	31.316	7.01	0	0.409	0.619	0	0.8	0.333
0	0	0.916	0	0	0	0.6	0	0
0	0	0	0	0	0	0	0	0
10.541	1.905	39.135	0.709	1	0.288	0.556	0	0.111
7.593	13.04	10.869	0.786	0.705	0.818	0.143	0.6	0
31.316	0	0	0.409	0	0	0.8	0	0
20.912	0	6.621	0.584	0	0.714	0	0	0
0.884	0	10.915	0	0	0.891	0	0.4	0.444
19.141	34.821	2.871	0.585	0.379	0.667	0	0	0.2
0	1.849	18.386	0	1	0.464	0.6	0	0
39.135	10.541	1.982	0.288	0.709	1	0.111	0.556	0
0	0	1.412	0	0	0	0	0.2	0
6.621	20.912	31.36	0.714	0.584	0.379	0	0	0
0	1.796	1.785	0	0	1	0.2	0	0
13.549	5.963	12.652	0.577	0.733	0.538	0	0	0.2
12.652	13.549	8.625	0.538	0.577	0.667	0.2	0	0
16.728	14.225	5.652	0.353	0.374	0.667	0	0.2	0
1.785	0	0	1	0	0	0	0.2	0
0	0	3.514	0	0	0.333	0.375	0.2	0
0	0	0	0	0	0	0	0.2	0
5.963	7.998	13.549	0.733	0.75	0.577	0	0	0
8.625	12.652	20.738	0.667	0.538	0.342	0	0.2	0
12.484	14.264	7.492	0.5	0.462	0.667	0	0	0
0	0	0	0	0	0	0.2	0.2	0
20.738	8.625	14.264	0.342	0.667	0.462	0	0	0
0	0	1.729	0	0	1	0.333	0.2	0
1.796	0	0	0	0	0	0	0.2	0.2
6.53	3.379	11.562	0.867	0.333	0.491	0	0	0
1.817	0	0	1	0	0	0.2	0	0.4
0	0	0	0	0	0	0.4	0.2	0.2
0	1.817	0	0	1	0	0.4	0.2	0.2
0.983	0	0	0	0	0	0	0.4	0
0	1.785	0	0	1	0	0	0	0.4
4.985	3.514	0	0.8	0.333	0	0	0	0.2
0	0	0	0	0	0	0.2	0.4	0.2
7.998	16.134	5.963	0.75	0.476	0.733	0	0.2	0
0	0	0	0	0	0	0.2	0.4	0.375
0	1.077	0	0	0	0	0.2	0	0
8.467	0	3.379	0.786	0	0.333	0	0	0
0	0	0	0	0	0	0	0	0.4
1.077	1.917	0	0	1	0	0	0	0.2
16.134	11.254	7.998	0.476	0.473	0.75	0.2	0.333	0
3.514	0	4.985	0.333	0	0.8	0	0.375	0
0	2.115	0	0	1	0	0.25	0	0
0	7.604	0	0	0.238	0	1	0	0
0	0	0	0	0	0	1	0.2	0.333
0	0	0	0	0	0	1	0.4	1
8.711	0	1.945	0.25	0	1	0	0	0
0	0	0	0	0	0	0.333	1	0.556
7.604	3.336	0	0.238	0.333	0	0	0.333	1
3.779	1.945	3.518	0.667	1	0.667	0	0	0.222
0	0	0	0	0	0	0.75	0.2	0.8
3.518	3.779	3.336	0.667	0.667	0.333	0.222	0	0.333
0	4.164	0	0	0.5	0	0.2	0	0.75
0	0	0	0	0	0	0.556	0.333	0.6
3.336	3.518	7.604	0.333	0.667	0.238	0.333	0.222	0
0	0	0	0	0	0	1	1	0
0	0	0	0	0	0	0.8	0.75	0.625
0	0	0	0	0	0	0.4	0.6	0.2
0	0	0	0	0	0	0.6	0.556	0.6
0	0	4.049	0	0	0.667	0.625	0.8	0.2
0	1.017	0	0	0	0	0	0.5	0.2
0	0	0	0	0	0	0.2	0	1
4.164	0	0	0.5	0	0	0	0.2	0.2
0	0	0	0	0	0	0.2	0.4	0.2
4.049	0	0	0.667	0	0	0.2	0.625	0.4
7.488	21.093	0	0.964	0.557	0	0.6	0.6	0
0	0	1.833	0	0	1	0.5	0	0.8
0	2.674	0	0	1	0	0.333	0.714	1
0.856	0	9.741	0	0	0.978	0.556	0.8	0.6
0	0	0	0	0	0	0.333	0.6	1
0	0.87	0	0	0	0	0.625	0.5	0.667
0	23.737	0	0	0.581	0	0.8	0.8	0.667
0	0	0	0	0	0	0.6	1	0.333
0	0	0	0	0	0	0.8	1	1
0.922	0	0	0	0	0	0.778	1	0.333
2.674	0	0	1	0	0	0.714	1	0.333
0	0	23.737	0	0	0.581	0.667	0.625	0.8
9.741	0.856	0	0.978	0	0	0.6	0.556	1
23.737	0	0	0.581	0	0	0.8	0.667	0.8
0	0	0	0	0	0	1	0.8	0.5
0	0	0	0	0	0	1	0.333	1
0.878	0	32.319	0	0	0.341	0.6	0.5	0.2
0	0	0	0	0	0	0.667	0.8	1
0	35.06	0.856	0	0.312	0	0.8	0.333	0.556
0	0	0	0	0	0	1	1	0.667
21.093	0	7.488	0.557	0	0.964	0.6	0.6	0.6
0	3.704	0	0	1	0	0.667	0	0
0	0.827	0	0	0	0	0	0.2	0.667
15.634	4.055	2.144	0.582	0.833	1	0.5	0.4	0
0	5.589	47.336	0	0.6	0.212	0.5	0.25	0.111
7.117	9.886	42.798	0.607	0.622	0.236	1	0	0
9.886	0	7.117	0.622	0	0.607	0	0.333	1
2.144	15.634	6.138	1	0.582	0.571	0	0.5	0
2.695	0	0	0.333	0	0	0.4	0	0
3.366	15.1	7.146	0.5	0.45	0.75	0.25	0	0.2
15.1	3.851	3.366	0.45	0.667	0.5	0	0.222	0.25
0	7.817	9.886	0	0.714	0.622	0.333	0.25	0
0	0	-1	0	0	-1	0	0	-1
0.84	0	0	0	0	0	0.4	0.75	0
33.005	4.342	7.079	0.318	0.9	0.679	0.25	0	0.667
0	0	0	0	0	0	0	0	0
5.787	6.286	4.055	0.667	0.524	0.833	0.75	1	0.4
0	0.84	0	0	0	0	0	0.4	0
0	0	0	0	0	0	0	0	0
42.798	7.117	6.286	0.236	0.607	0.524	0	1	1
0	0	0	0	0	0	0	0	0
47.336	0	1.935	0.212	0	1	0.111	0.5	0
3.851	7.079	15.1	0.667	0.679	0.45	0.222	0.667	0
4.822	0	0	0.9	0	0	0	0	0
1.935	47.336	2.761	1	0.212	1	0	0.111	0
6.286	42.798	5.787	0.524	0.236	0.667	1	0	0.75
0	10.297	0	0	0.578	0	0.667	0.111	0.2
0	0	12.267	0	0	0.712	0.571	0	0
0	6.761	0	0	0.905	0	0.4	0.2	0.2
0	0	2.844	0	0	1	0	0.2	0
0	0	0	0	0	0	0.4	0.2	0.2
0	0	0	0	0	0	0	0	0.667
0	0	0	0	0	0	0.2	1	0.2
0	0	0	0	0	0	0.333	0.4	0.667
0	3.701	2.195	0	0.5	1	0	0.111	0
6.396	1.018	5.9	0.952	0	0.2	0	0.4	0
0.976	0	0	0	0	0	0.2	0.2	0
0	12.267	0	0	0.712	0	0.8	0	0
0	0	0	0	0	0	0.2	0.2	0.2
0	0	0	0	0	0	0.4	0	0
0	0	0	0	0	0	0.667	0.333	0.2
0	0	0.927	0	0	0	0.5	0.333	0
0.927	0	0	0	0	0	0	0.5	0
0	0	0	0	0	0	0.667	0.25	0
0	0	0	0	0	0	0.25	0	0.2
0	0	19.875	0	0	0.342	0.8	0.2	0.2
1.051	2.195	1.018	0	1	0	0	0	0.4
0.976	0	0	0	0	0	0.25	0	0.2
0	0	0	0	0	0	0.25	0	0.667
1.018	1.051	6.396	0	0	0.952	0.4	0	0
0	0	0	0	0	0	0.2	0.2	0.333
0	0	0	0	0	0	0	0	0.571
0	2.797	0.918	0	0.667	0	0	0	0
19.875	0	0	0.342	0	0	0.2	0.8	0.25
0	19.875	0	0	0.342	0	0.25	0.2	0.667
0.94	0	0	0	0	0	0.25	0.25	0
0.912	0	0	0	0	0	0.143	0	0.333
0	0	0	0	0	0	0	0.8	0.333
0.911	0	6.761	0	0	0.905	0.2	0.2	0.2
0	0	0	0	0	0	0.2	0.2	0
0	0	0	0	0	0	0.2	0.4	0.625
0	0	0.976	0	0	0	0.2	0.2	0.2
0	0	0	0	0	0	0.625	0.2	1
0	2.884	0	0	0.667	0	0	0	0
0	0	2.797	0	0	0.667	0.667	0	0
0	0	2.901	0	0	0.333	0	0	0
0	0	0	0	0	0	0	0	0.125
8.878	2.844	6.114	0.667	1	0.467	0	0	0.2
12.267	0	0	0.712	0	0	0	0.571	0.8
0	0	0	0	0	0	0.2	0.667	0.2
10.297	0	0	0.578	0	0	0.111	0	0.667
0	0	0	0	0	0	0	0	0.25
18.18	28.686	0	0.346	0.291	0	0	0	0
0	0	0	0	0	0	0.2	0.25	0
2.609	29.922	0	0.333	0.214	0	0	0	1
0.929	1.05	0	0	0	0	0	0.2	0
9.567	0	0.829	0.25	0	0	0	0	0
0	1.877	9.567	0	1	0.25	0	0	0
8.265	0.845	4.879	0.643	0	0.4	0	0.2	0.375
0.829	9.567	0	0	0.25	0	0	0	0.143
4.879	8.265	19.905	0.4	0.643	0.274	0.375	0	0.5
0	2.609	1.05	0	0.333	0	1	0	0.2
0	0.929	0	0	0	0	0	0	0.25
2.545	0	0.845	1	0	0	0.25	0	0.2
0.845	2.545	8.265	0	1	0.643	0.2	0.25	0
0	1.978	2.545	0	1	1	0	0.25	0.25
3.005	8.502	1.877	0.333	0.5	1	0	0	0
1.877	3.005	0	1	0.333	0	0	0	0
29.922	3.63	2.609	0.214	0.5	0.333	0	0.4	0
19.905	4.879	3.63	0.274	0.4	0.5	0.5	0.375	0.4
2.279	0	0	1	0	0	0.8	1	0.333
0	0	0	0	0	0	1	1	0.667
0	0	0	0	0	0	0.4	0.5	0.333
0	0	0	0	0	0	0.667	1	1
3.136	7.077	1.056	1	0.429	0	0.4	0.8	0.6
0	0	0	0	0	0	1	0.333	0.75
0	0	0	0	0	0	0	0.75	0.75
0	0	0	0	0	0	0	0	0.5
0	0	1.905	0	0	1	0.625	0.667	1
0	0	0	0	0	0	0.125	0.5	1
0	0	0	0	0	0	0.143	0.75	0
1.905	0	0	1	0	0	1	0.625	0.667
1.056	3.136	0	0	1	0	0.6	0.4	1
0	1.905	0	0	1	0	0.667	1	0.429
7.077	0.977	3.136	0.429	0	1	0.8	0.875	0.4
0	0	0	0	0	0	0.5	0	0.125
0	0	0	0	0	0	0.75	0.6	0
0	2.279	0	0	1	0	0.333	0.8	1
0.977	0	7.077	0	0	0.429	0.875	0.2	0.8
0	0	0	0	0	0	1	0.125	1
0	0	0	0	0	0	0.75	0	0.143
0	0.898	4.153	0	0	0.6	0.2	0.75	0.6
0	3.997	0	0	1	0	0.6	1	0.5
1.627	0.789	0.789	1	0	0	0.4	0.75	0
0	0	3.298	0	0	0.5	0	0	0
0	0	0	0	0	0	0	0	0
0	0	2.383	0	0	1	1	0	0.2
0	0	0	0	0	0	0.889	0	0
0	0	0	0	0	0	0.4	0	1
8.236	9.06	18.842	0.583	0.533	0.452	0	0	0
0	0.836	2.53	0	0	0.333	0	0.667	0
9.575	6.405	0	0.267	0.167	0	0.444	0	0.8
3.305	16.115	6.761	0.667	0.444	0.429	0.444	0	0
12.307	20.029	9.06	0.582	0.394	0.533	0.2	0	0
0.862	0	2.075	0	0	0	0.6	0.8	0.6
0	2.53	0	0	0.333	0	1	0	0.4
0	14.028	17.488	0	0.714	0.327	0	0.333	0.8
0	0	0	0	0	0	0	0	0
9.06	12.307	8.236	0.533	0.582	0.583	0	0.2	0
6.091	5.835	6.074	0.333	0.5	0.5	0	0.2	1
0	5.04	0.789	0	0.9	0	0.2	0	0.75
4.153	0	0	0.6	0	0	0.6	0.2	1
0	0	13.392	0	0	0.891	0.5	0.4	0.4
0	0	0	0	0	0	0.5	0.6	1
0	9.575	0.862	0	0.267	0	0.8	0.444	0.6
0	6.761	1.453	0	0.429	0	0	0	0
3.298	0	15.426	0.5	0	0.781	0	0	0
6.074	6.091	4.895	0.5	0.333	0.667	1	0	0.625
0	0	0	0	0	0	0	0	0
0	0	0	0	0	0	0	0	0
0	0	0	0	0	0	0.4	0.4	0.5
9.462	18.842	6.362	0.667	0.452	0.524	0	0	0
0	0	3.183	0	0	0.667	1	0.5	0.2
0	4.153	4.101	0	0.6	0.7	1	0.6	0
6.204	2.075	0	0.143	0	0	0.8	0.6	0
4.895	6.074	6.405	0.667	0.5	0.167	0.625	1	0
0	0	0	0	0	0	0	0	0.4
0	13.392	3.997	0	0.891	1	0.667	0.4	1
0.785	17.488	4.666	0	0.327	0.3	0	0.8	0
0	0	0.836	0	0	0	1	0.4	0
0	0	0	0	0	0	0.4	0	1
2.075	0.862	6.204	0	0	0.143	0.6	0.6	0.8
14.028	32.626	0	0.714	0.278	0	0.333	1	0
0.789	0	1.627	0	0	1	0.75	0.2	0.4
0	0	0	0	0	0	0	0	0.889
0	0	25.645	0	0	0.498	0.857	0	1
0.836	2.53	0	0	0.667	0	0.667	0	0
6.405	4.895	9.575	0.167	0.667	0.267	0	0.625	0.444
0.951	0	0	0	0	0	0	0	0
0.898	0	0	0	0	0	0.75	0.25	0.2
0	6.204	0.951	0	0.143	0	0	0.8	0
5.04	4.666	0	0.9	0.3	0	0	0	0.2
2.909	2.976	0	1	1	0	0	0	0.8
26.907	6.774	0	0.405	0.571	0	0.6	1	0.6
2.979	0.951	4.992	0.333	0	0.4	0	0	0.25
0.971	0	0.951	0	0	0	0	0	0
0.929	0	17.577	0	0	0.601	0.25	1	0.25
0	2.973	0.939	0	0.333	0	0.4	0	0
0	0	12.348	0	0	0.439	0.857	0	0
2.976	1.876	2.909	1	1	1	0	0	0
0.961	10.702	0	0	0.382	0	0	0	0
4.992	2.979	0	0.4	0.333	0	0.25	0	0
1.914	31.576	0	1	0.32	0	0	0	1
0.951	0.971	2.979	0	0	0.333	0	0	0
9.04	0	0	0.944	0	0	0.4	0.5	0
0	0	0	0	0	0	0.6	0	0
0	0	0	0	0	0	0.333	0.2	0
0	0	0.929	0	0	0	1	0.25	0.25
0	9.04	5.174	0	0.944	0.4	0	0.4	0
10.695	0	6.774	0.8	0	0.571	0.5	0.857	1
0	0	0	0	0	0	0	0.2	0.6
19.445	1.109	1.876	0.374	0	1	0.5	0	0
12.348	0	0	0.439	0	0	0	0.857	0.2
6.774	10.695	26.907	0.571	0.8	0.405	1	0.5	0.6
0	1.914	0	0	1	0	1	0	0
8.952	10.188	0	0.806	0.778	0	0	0	0.375
0	14.979	0	0	0.695	0	0	0.8	0.6
0	0	0.971	0	0	0	0	0.333	0
0	0	0	0	0	0	0.25	0.857	1
0.939	0	0	0	0	0	0	0.4	0.556
0	0	0	0	0	0	0.2	0	0
6.657	0	0	0.571	0	0	0	0.125	0.4
10.188	0	8.952	0.778	0	0.806	0	0	0
2.973	0	0	0.333	0	0	0	0.375	0.4
8.992	0.961	0	0.583	0	0	0.25	0	0.857
0	0	0	0	0	0	0.6	0.25	0.2
14.979	15.603	0	0.695	0.533	0	0.8	0.25	0
0	0	9.04	0	0	0.944	0.5	0.6	0.4
0	0	0	0	0	0	0.75	0.556	0.6
0	0	0	0	0	0	0.2	0	0.333
0	17.577	0	0	0.601	0	0	0.25	0.2
0	8.992	10.695	0	0.583	0.8	0.857	0.25	0.5
15.52	0	15.603	0.714	0	0.533	0.667	0	0.25
17.211	0	0	0.691	0	0	1	0.6	0.25
0	2.909	0	0	1	0	0.8	0	0.333
0	26.907	0	0	0.405	0	0.6	0.6	0.125
1.876	19.445	2.976	1	0.374	1	0	0.5	0
0	0	0	0	0	0	0.2	0.6	0
38.479	0	0	0.31	0	0	1	0	0
0	8.952	2.973	0	0.806	0.333	0.375	0	0
31.362	0	0	0.382	0	0	0	0.143	0
0	0	0	0	0	0	0	0.6	0.2
0	0	0	0	0	0	0	1	0
5.704	28.878	0	0.8	0.426	0	0.4	0	0.143
10.702	0.963	0.961	0.382	0	0	0	0.25	0
0	0	0	0	0	0	0.857	0	0.25
0	0	0	0	0	0	1	0	0.75
0	0	31.576	0	0	0.32	0.333	0.8	0
0	1.762	1.988	0	0	0	0.333	0	0
0	0	0	0	0	0	0	0	0
0	0	0	0	0	0	0	0	0
4.961	2.053	0	0.8	1	0	0.8	0.889	0.143
1.988	0	0	0	0	0	0	0.333	0.333
0	0	0	0	0	0	0	0	0
0	0	0	0	0	0	0	0	0
2.902	4.282	4.576	0.333	0.667	0.5	0	0	0
4.736	7.202	8.946	0.8	0.619	0.694	0.625	0.667	0.444
0	26.202	0	0	0.257	0	1	0	0
5.005	0	0	0.9	0	0	0.25	0.8	0.8
5.656	6.955	0	0.867	0.905	0	0.25	0	1
0	0	7.903	0	0	0.786	0	0.75	0
1.876	0	0	0	0	0	0	0	0.75
4.324	0.948	0	1	0	0	0.4	0	0
6.885	0	0	0.762	0	0	0	0.25	0
0	0.89	0	0	0	0	0.75	0.2	0.8
0	5.005	7.202	0	0.9	0.619	0.8	0.25	0.667
2.053	0	4.961	1	0	0.8	0.889	0.75	0.8
6.955	0	5.656	0.905	0	0.867	0	0.75	0.25
0	5.656	0.966	0	0.867	0	1	0.25	0.6
0	0	0	0	0	0	0	0	0
8.946	4.736	31.869	0.694	0.8	0.198	0.444	0.625	0.125
26.202	0	0	0.257	0	0	0	0	1
0	1.988	24.08	0	0	0.279	0.333	0	0.4
0.89	24.08	0	0	0.279	0	0.2	0.4	0.75
0	1.876	2.053	0	0	1	0.75	0	0.889
0	0	6.955	0	0	0.905	0.75	0.5	0
0	0	0	0	0	0	0	0	0
0	4.961	0	0	0.8	0	0.143	0.8	0.25
24.08	0	0.89	0.279	0	0	0.4	0.333	0.2
19.262	1.92	0	0.582	1	0	0.143	0.2	0.889
0	0	0	0	0	0	0.6	0.667	0
0	19.262	17.462	0	0.582	0.542	0.889	0.143	0
0	0	1.103	0	0	0	0	0	0
1.92	0	19.262	1	0	0.582	0.2	0.333	0.143
0	0	0	0	0	0	0.667	0	0.6
1.103	0	0	0	0	0	0	0	0.5
0	0	0	0	0	0	0	0	0.667
17.462	0	0	0.542	0	0	0	0.889	0.25
0	1.103	0	0	0	0	0.5	0	0.75
0	0	1.92	0	0	1	0.333	0.5	0.2
0	0	0.864	0	0	0	0.75	0.75	0.6
0	0	32.256	0	0	0.379	1	0.5	0.5
0	0.864	0	0	0	0	0	0.6	0.5
32.256	0	0	0.379	0	0	0.5	1	0.8
0	0	0.925	0	0	0	0.25	0	0
0.864	0	0	0	0	0	0.6	0.75	0
0	32.256	0	0	0.379	0	0.8	0.5	0
0	17.462	0	0	0.542	0	0.25	0	0.5
0	0	0	0	0	0	0.75	0.5	0.75
0	0	0	0	0	0	0	0	0
0	0	0	0	0	0	0	0	0
28.709	9.748	0	0.563	0.844	0	0.4	0	0.6
4.781	0	0	0.8	0	0	0.8	0.8	0.2
0	0	0	0	0	0	0	0	0
0	0	0	0	0	0	0	0	0
17.443	11.515	9.748	0.824	0.894	0.844	0.4	0.2	0
0	0	0	0	0	0	0	0	0
0	0	0	0	0	0	0	0	0
0	0	0	0	0	0	0	0	0
0	0	0	0	0	0	0	0	0
0	0	0	0	0	0	0	0	0
0.952	0.981	11.922	0	0	0.818	0.75	0.2	0
32.073	19.104	17.247	0.465	0.725	0.779	0	0	0.25
0	0	0	0	0	0	0	0	0
0	0	0	0	0	0	0	0	0
0	0	0	0	0	0	0	0	0
0	28.709	20.256	0	0.563	0.726	0.6	0.4	0.25
0	10.656	11.515	0	0.891	0.894	0	0.375	0.2
17.247	32.073	0.896	0.779	0.465	0	0.25	0	0
0	0	0	0	0	0	0	0	0
0	0	0	0	0	0	0	0	0
0	0	0	0	0	0	0	0	0
26.742	9.732	29.256	0.595	0.844	0.488	0	0.444	0
0	0	0	0	0	0	0	0	0
0.896	17.247	0.925	0	0.779	0	0	0.25	0
10.656	0	0	0.891	0	0	0.375	0	0
11.515	0	17.443	0.894	0	0.824	0.2	0	0.4
33.253	11.922	9.908	0.522	0.818	0.778	0.2	0	0
0	0	0	0	0	0	0	0	0
0	0	0	0	0	0	0	0	0
0	0	0	0	0	0	0.75	0.8	1
0	0	0	0	0	0	0	0	0
0	0	0	0	0	0	0	0	0.875
0	0	0	0	0	0	0	1	0.75
0	0	0	0	0	0	0.875	0	0.8
0	0	0	0	0	0	0	0	0.875
15.091	0	0	0.657	0	0	0.6	0	0.6
0	0	0	0	0	0	0.75	0	0.8
8.147	0	0	0.893	0	0	1	0.667	1
0	6.498	0	0	0.81	0	0	0	0
0	0	0	0	0	0	0.875	0	0.667
0	0	0	0	0	0	0.8	0.75	0.2
0	0	0	0	0	0	0.8	0.875	0.75
0	0	0	0	0	0	0.667	0.875	0
0	0	0	0	0	0	0.2	0.25	0.667
0	0	0	0	0	0	0	0.667	0
0	0	15.091	0	0	0.657	0	0	0.6
0	0	8.147	0	0	0.893	0.667	0.2	1
0	0	0	0	0	0	1	0.75	0.25
0	0	0	0	0	0	0	0.25	0
0	15.091	0.974	0	0.657	0	0.6	0.6	0
6.498	10.764	0	0.81	0.764	0	0	0	0
22.681	19.279	16.138	0.758	0.865	0.875	0.4	0.4	0
37.949	24.675	35.953	0.61	0.695	0.647	0.8	1	0.8
18.905	25.467	33.608	0.86	0.775	0.681	0.875	0.6	0.5
33.608	18.905	44.593	0.681	0.86	0.501	0.5	0.875	0.5
0	0	0	0	0	0	0.4	0.2	0.4
27.068	44.446	28.648	0.746	0.545	0.69	0.8	0.8	0.4
44.593	33.608	29.536	0.501	0.681	0.675	0.5	0.5	1
16.654	28.542	44.446	0.912	0.718	0.545	0.8	0	0.8
0	0.879	0	0	0	0	0	0.2	0.111
28.648	27.068	25.907	0.69	0.746	0.701	0.4	0.8	0.143
15.446	17.909	15.23	0.463	0.637	0.433	0	0.25	0.375
0	0	0.926	0	0	0	0	0	0.5
0.879	4.454	0	0	0.667	0	0.2	0.75	0
19.279	0.926	22.681	0.865	0	0.758	0.4	0.5	0.4
15.23	15.446	5.392	0.433	0.463	0.667	0.375	0	0.2
25.985	23.614	28.145	0.764	0.738	0.707	0.5	0	0.2
17.909	6.831	15.446	0.637	0.75	0.463	0.25	0.667	0
44.446	16.654	27.068	0.545	0.912	0.746	0.8	0.8	0.8
29.536	44.593	25.492	0.675	0.501	0.707	1	0.5	1
18.914	31.683	25.467	0.86	0.724	0.775	0.111	0.8	0.6
0	0	0	0	0	0	0.111	0	0
4.735	4.574	3.876	0.5	0.333	0.333	0.6	0.8	0.625
29.931	32.398	36.661	0.662	0.653	0.613	0.889	0.2	0
0.926	0	19.279	0	0	0.865	0.5	0	0.4
6.831	13.247	17.909	0.75	0.819	0.637	0.667	0.2	0.25
24.675	25.492	37.949	0.695	0.707	0.61	1	1	0.8
4.574	5.895	4.735	0.333	0.4	0.5	0.8	0	0.6
28.542	36.661	16.654	0.718	0.613	0.912	0	0	0.8
32.398	35.953	29.931	0.653	0.647	0.662	0.2	0.8	0.889
4.454	3.876	0.879	0.667	0.333	0	0.75	0.625	0.2
25.467	18.914	18.905	0.775	0.86	0.86	0.6	0.111	0.875
0	0	0	0	0	0	0.667	1	1
0	0	0	0	0	0	0	0	0
0	0	0	0	0	0	0.8	1	1
0	5.843	0	0	0.933	0	0.75	1	0.625
0	0	0	0	0	0	0.25	0	0
0	0	0	0	0	0	1	0	0.8
0	18.911	0	0	0.719	0	1	0	0.667
2.952	0	0	0	0	0	0.8	0.2	0.6
0	0	0	0	0	0	0.8	0.25	0
0	0	0	0	0	0	0	1	1
0	0	0	0	0	0	1	0	0.4
0	0	8.914	0	0	0.786	0	0	0
0	0	1.08	0	0	0	1	0	0.2
0	0	0	0	0	0	0	0	0
0	0	0	0	0	0	1	0.8	0
0	0	0	0	0	0	0.4	1	0.2
0	0	2.952	0	0	0	0.2	0.4	0.8
0	0	0	0	0	0	1	0.667	0.8
18.951	8.914	28.551	0.669	0.786	0.508	0	0	0
0	0	0	0	0	0	0	0	1
0	0	0	0	0	0	0.625	0.75	0.556
4.457	1.08	0	0.8	0	0	0.8	0.2	0
0	0	0	0	0	0	0	0.2	0.4
8.914	0	18.951	0.786	0	0.669	0	0	0
0.878	1.139	0	0	0	0	0.333	0.778	0.4
1.08	0	4.457	0	0	0.8	0.2	1	0.8
18.911	0	0	0.719	0	0	0	0.333	1
0	0	18.911	0	0	0.719	0.333	0.25	0
0	0	0	0	0	0	0	0	0
0	0	1.139	0	0	0	0.556	0.625	0.778
1.139	0	0.878	0	0	0	0.778	0.556	0.333
28.017	28.551	10.487	0.551	0.508	0.722	0	0	0
0	0	0	0	0	0	0.75	0.4	0.5
5.693	0	0	1	0	0	0	0.889	0
0	4.964	5.693	0	0.8	1	0.889	0.625	0
0	0	0	0	0	0	0.778	0	0.4
0	5.655	0.853	0	0.667	0	1	0	0.111
0.853	0	0.882	0	0	0	0.6	0	0.2
0.924	0	0	0	0	0	0	0	0
0	0	0	0	0	0	0	0	0.778
0	0	0	0	0	0	0.4	0.778	0.75
0	1.904	0	0	1	0	0.8	0	0.25
4.964	3.672	0	0.8	1	0	0.625	0	0.889
16.063	3.152	0	0.629	1	0	0	0.25	0.286
0	0	0	0	0	0	1	0.5	0.8
0	5.693	0	0	1	0	0	0	0.75
0	7.421	0.88	0	0.536	0	1	0	0
0	0	0	0	0	0	0	0	0
0	0	0.924	0	0	0	0	0	0
11.754	0	1.919	0.727	0	0	0.6	0.25	0
0	0	0	0	0	0	0.8	1	1
0	0.924	20.189	0	0	0.532	0	0	0
3.672	0	4.964	1	0	0.8	0	0.4	0.625
0	0	0	0	0	0	0	0	0
0	0	0	0	0	0	0	0	0
10.575	6.405	6.122	0.382	0.571	0.19	0	0	0
0	0	0	0	0	0	0	0	0.286
6.405	4.809	10.575	0.571	0.6	0.382	0	0	0
4.722	7.447	3.771	0.5	0.393	0.667	0	0	0.4
0	0	0	0	0	0	0	0.333	0.125
0	0	1.724	0	0	0	0.125	0.444	0
12.225	17.245	10.378	0.652	0.515	0.644	0	0	0
0	0	0	0	0	0	0	0.2	0.4
15.15	15.205	14.487	0.615	0.626	0.637	0	0.2	0
2.614	2.723	0	1	0.333	0	0	0	0.2
4.809	8.361	6.405	0.6	0.444	0.571	0	0	0
7.447	5.962	4.722	0.393	0.333	0.5	0	0	0
0	0	0	0	0	0	0	0.4	0
0	0	0	0	0	0	0	0	0
1.193	0	0	0	0	0	0	0.2	0.444
0	2.614	0.85	0	1	0	0.2	0	0.2
0	2.645	0	0	0.667	0	0.286	0.4	0.2
0.85	0	0	0	0	0	0.2	0.2	0.25
5.962	4.785	7.447	0.333	0.5	0.393	0	0	0
0	0.85	0.915	0	0	0	0.25	0.2	0.6
2.645	0	0	0.667	0	0	0.4	0	0.286
0	1.193	0	0	0	0	0.444	0	0.125
0	3.771	2.645	0	0.667	0.667	0	0.4	0.4
15.605	12.065	8.361	0.412	0.436	0.444	0	0	0
1.795	12.48	4.785	1	0.295	0.5	0.2	0	0
4.785	1.795	5.962	0.5	1	0.333	0	0.2	0
1.788	0	0	0	0	0	0.222	0.2	0.2
13.847	10.955	15.205	0.705	0.756	0.626	0.2	0	0.2
0	0	0.863	0	0	0	0.2	0.2	0
10.378	12.225	11.854	0.644	0.652	0.561	0	0	0
12.48	6.122	1.795	0.295	0.19	1	0	0	0.2
13.952	0.915	9.259	0.319	0	0.556	0	0.6	0
15.205	13.847	15.15	0.626	0.705	0.615	0.2	0.2	0
0	0	0	0	0	0	0.4	0	0
14.487	15.15	12.75	0.637	0.615	0.652	0	0	0
0	0	0	0	0	0	0	0	0.2
7.993	9.259	0	0.643	0.556	0	0	0	0.5
0	1.788	0	0	0	0	0.2	0.222	0
0.863	0	0	0	0	0	0	0.2	0.333
15.504	12.75	17.245	0.581	0.652	0.515	0.2	0	0
6.122	10.575	12.48	0.19	0.382	0.295	0	0	0
12.065	11.854	15.605	0.436	0.561	0.412	0	0	0
3.771	4.722	0	0.667	0.5	0	0.4	0	0
0	0	1.193	0	0	0	0.2	0	0
6.977	24.778	0	0.893	0.647	0	0	1	0.8
0	51.872	0	0	0.318	0	0	0.25	1
24.778	0	6.977	0.647	0	0.893	1	0.6	0
20.201	0	10.147	0.762	0	0.836	0.4	0	0
0.792	8.76	0	0	0.889	0	0.5	0	0.6
51.872	0	0	0.318	0	0	0.25	0.2	0
0	0	0	0	0	0	0.2	0.4	0.2
7.688	0	0	0.778	0	0	0.6	0	0.857
9.178	0	0	0.978	0	0	0	0	0
0	3.048	0	0	1	0	0.4	0.2	0.2
0	0	0	0	0	0	0.5	0	0
8.76	3.581	0.792	0.889	1	0	0	0.714	0.5
10.147	20.201	3.581	0.836	0.762	1	0	0.4	0.714
0	2.445	38.464	0	1	0.438	0	0	0.889
0	9.178	0	0	0.978	0	0	0	0
1.687	38.464	0	1	0.438	0	0.8	0.889	0.2
0	0	0	0	0	0	0	0	0
0	0	7.688	0	0	0.778	0	0.5	0.6
3.048	0	0	1	0	0	0.2	0.8	0.4
0	0	0	0	0	0	0	0	0
38.464	0	1.687	0.438	0	1	0.889	0	0.8
0	6.977	3.048	0	0.893	1	0.8	0	0.2
3.581	10.147	8.76	1	0.836	0.889	0.714	0	0
0	0	0	0	0	0	0	0	0
8.803	9.425	9.669	0.311	0.444	0.222	0	0	0.125
2.524	0.843	0	0.333	0	0	0	0.4	0.333
8.013	4.454	2.503	0.444	0.167	0	0.5	0.25	0.4
1.583	0	0	0	0	0	0	0.5	0.8
0	0	0	0	0	0	0.2	0.444	1
0	0	0	0	0	0	0.8	0.4	0.6
0	0.812	0	0	0	0	0.4	0	0.8
0	0	0.812	0	0	0	0	0	0
1.066	0	0	0	0	0	0.6	0.6	0
0	0	0	0	0	0	0.25	1	0.375
0.843	2.701	2.524	0	0	0.333	0.4	0	0
2.701	0	0.843	0	0	0	0	0	0.4
4.454	0	8.013	0.167	0	0.444	0.25	0.333	0.5
0.832	0	0.841	0	0	0	0.6	0.5	0
0	7.901	0	0	0.238	0	0.444	0.444	0.2
0	0	1.066	0	0	0	0.6	0.8	0.6
0	2.524	4.454	0	0.333	0.167	0.333	0	0.25
10.006	0	0	0.361	0	0	0.2	0.5	0.75
2.503	8.013	10.63	0	0.444	0.455	0.4	0.5	0
0	10.006	0	0	0.361	0	0.75	0.2	0.6
0	1.066	0	0	0	0	1	0	0.2
0	0	0	0	0	0	1	0.2	0.25
0	0	0	0	0	0	0.375	0.25	0.5
16.965	7.545	8.28	0.235	0.429	0.222	0	0.333	0
22.829	0	0	0.652	0	0	0.4	1	0.5
8.653	0	0.882	0.833	0	0	0.8	0.75	0.6
44.671	3.861	6.407	0.319	1	0.867	0	1	1
0.952	0	0	0	0	0	0.667	0.6	0
0	0	22.829	0	0	0.652	1	0.333	0.4
37.307	4.41	0	0.326	1	0	0	0	0
0	0	0	0	0	0	0	1	0.111
25.609	10.974	22.946	0.467	0.6	0.545	0.25	0.6	0.667
3.772	0	0	0.5	0	0	0	0	0
0.882	8.653	44.169	0	0.833	0.333	0.6	0.8	0.714
2.15	0	0	1	0	0	0	0	0
0	0	0	0	0	0	0.6	0	0
6.407	44.671	22.114	0.867	0.319	0.58	1	0	0.2
0	0	11.726	0	0	0.764	0.111	0	0
0	0	22.261	0	0	0.522	1	1	1
1.878	0	0	1	0	0	0	0	1
25.919	0	29.222	0.535	0	0.416	0.2	0	0
0	0	0	0	0	0	0.889	0.25	0
7.338	5.714	0	0.786	0.8	0	0	0	0
0	2.141	0	0	1	0	1	0.75	0.75
0	0	0	0	0	0	1	0	1
33.612	22.114	3.949	0.394	0.58	1	0.8	0.2	0.333
0	8.487	0	0	0.778	0	0.2	0.8	0
10.974	48.96	25.609	0.6	0.294	0.467	0.6	0.4	0.25
27.301	0	3.616	0.439	0	1	0.667	1	0.75
22.114	6.407	33.612	0.58	0.867	0.394	0.2	1	0.8
0	0	0	0	0	0	0.75	0	0.25
0	1.768	1.878	0	1	1	0	0	0
0	1.878	27.301	0	1	0.439	1	0	0.667
7.385	3.616	0	0.429	1	0	0.8	0.75	0
0	0	0	0	0	0	0	0.889	0
0	0	0	0	0	0	0	0	0.6
0.876	0	1.768	0	0	1	0	0	0
44.169	0.882	0	0.333	0	0	0.714	0.6	1
2.111	0	0	1	0	0	0.2	0	0
0	0	0	0	0	0	0	0	0
0	0	0	0	0	0	0	0	0
0	0	0	0	0	0	0	0	0
0	0	0	0	0	0	0	0	0
0	0	0	0	0	0	0	0	0
0	0	0	0	0	0	0	0	0
0	0	0	0	0	0	0	0	0
0	0	0	0	0	0	0	0	0
0	0	0	0	0	0	0	0	0
0	0	0	0	0	0	0	0	0
0	0	0	0	0	0	0	0	0
0	0	0	0	0	0	0	0	0
0	0	0	0	0	0	0	0	0
0	0	0	0	0	0	0	0	0
0	0	0	0	0	0	0	0	0
0	0	0	0	0	0	0	0	0
0	0	0	0	0	0	0	0	0
0	0	0	0	0	0	0	0	0
0	0	0	0	0	0	0	0	0
0	0	0	0	0	0	0	0	0
0	0	0	0	0	0	0	0	0
0	0	0	0	0	0	0	0	0
0.85	0	0	0	0	0	0.2	0.2	0.25
4.809	8.361	6.405	0.6	0.444	0.571	0	0	0
0	0.85	0.915	0	0	0	0.25	0.2	0.6
1.788	0	0	0	0	0	0.222	0.2	0.2
6.405	4.809	10.575	0.571	0.6	0.382	0	0	0
0	0	0.863	0	0	0	0.2	0.2	0
0	2.614	0.85	0	1	0	0.2	0	0.2
6.122	10.575	12.48	0.19	0.382	0.295	0	0	0
0.863	0	0	0	0	0	0	0.2	0.333
7.447	5.962	4.722	0.393	0.333	0.5	0	0	0
14.487	15.15	12.75	0.637	0.615	0.652	0	0	0
13.952	0.915	9.259	0.319	0	0.556	0	0.6	0
1.193	0	0	0	0	0	0	0.2	0.444
2.614	2.723	0	1	0.333	0	0	0	0.2
5.962	4.785	7.447	0.333	0.5	0.393	0	0	0
15.15	15.205	14.487	0.615	0.626	0.637	0	0.2	0
0	0	0	0	0	0	0	0	0.286
12.48	6.122	1.795	0.295	0.19	1	0	0	0.2
0	1.193	0	0	0	0	0.444	0	0.125
0	0	1.193	0	0	0	0.2	0	0
1.795	12.48	4.785	1	0.295	0.5	0.2	0	0
10.945	10.903	10.955	0.8	0.778	0.756	0	0	0
0	2.645	0	0	0.667	0	0.286	0.4	0.2
0	1.788	0	0	0	0	0.2	0.222	0
0	0	0	0	0	0	0	0.333	0.125
0	0	0	0	0	0	0.4	0	0
15.605	12.065	8.361	0.412	0.436	0.444	0	0	0
7.993	9.259	0	0.643	0.556	0	0	0	0.5
4.785	1.795	5.962	0.5	1	0.333	0	0.2	0
0	0	0	0	0	0	0	0	0
2.645	0	0	0.667	0	0	0.4	0	0.286
0	0	0	0	0	0	0	0.2	0.4
12.065	11.854	15.605	0.436	0.561	0.412	0	0	0
3.771	4.722	0	0.667	0.5	0	0.4	0	0
8.361	15.605	4.809	0.444	0.412	0.6	0	0	0
15.205	13.847	15.15	0.626	0.705	0.615	0.2	0.2	0
4.722	7.447	3.771	0.5	0.393	0.667	0	0	0.4
0	0	0	0	0	0	0	0	0.2
0	0	1.724	0	0	0	0.125	0.444	0
10.575	6.405	6.122	0.382	0.571	0.19	0	0	0
0	0	0	0	0	0	0	0.4	0
0	10.617	1.958	0	0.364	0	0.6	0	0.25
11.146	13.886	3.762	0.964	0.782	0.833	0.4	0.2	0.6
0.914	0	1.952	0	0	1	0.6	0.667	0
8.519	13.281	17.242	0.556	0.436	0.412	0	0	0.2
0	26.702	0	0	0.502	0	0.667	0.5	0.2
38.293	3.694	0	0.35	0.333	0	0.444	0.375	0.2
2.898	0.907	0	1	0	0	0.333	0	0.6
45.881	20.978	0	0.292	0.663	0	0	0	0
0	21.905	0	0	0.554	0	0.75	0.2	0.75
13.886	28.477	11.146	0.782	0.51	0.964	0.2	0.5	0.4
26.702	0	0	0.502	0	0	0.5	0.25	0.667
4.639	9.942	0.895	0.9	0.511	0	0	0	0.4
2.806	8.436	3.752	1	0.722	0.5	0	0	0
1.958	0	9.942	0	0	0.511	0.25	0.6	0
0	34.452	7.471	0	0.379	0.762	0	0.222	0
0	45.881	18.425	0	0.292	0.712	0	0	0
0	2.898	0	0	1	0	0.6	0.333	0
18.425	0	3.095	0.712	0	0.667	0	0	0.5
20.978	3.222	45.881	0.663	1	0.292	0	0.333	0
26.675	0.906	4.625	0.362	0	0.3	0	0	0
3.762	11.146	34.452	0.833	0.964	0.379	0.6	0.4	0.222
10.617	17.011	0	0.364	0.203	0	0	0.4	0.6
34.452	3.762	0	0.379	0.833	0	0.222	0.6	0
3.095	18.425	15.975	0.667	0.712	0.85	0.5	0	0
0.895	4.639	0	0	0.9	0	0.4	0	0
17.011	0	10.617	0.203	0	0.364	0.4	0	0
0.906	0	26.675	0	0	0.362	0	0	0
8.759	8.859	17.14	0.778	0.806	0.255	0	0	0
0	0	-1	0	0	-1	0	0	-1
0	0	5.284	0	0	0.467	0	0.2	0.5
0	3.438	0	0	0	0	0.25	0	0.2
0.88	6.579	0	0	0.476	0	0	0.125	0
6.579	0	0.88	0.476	0	0	0.125	0.125	0
3.816	0	3.692	0.333	0	0.333	0	0	0.2
0	0	0	0	0	0	0.4	0	0.125
0	6.775	0	0	0.429	0	0	0.333	0
0	0	6.579	0	0	0.476	0.125	0.4	0.125
0	3.692	0	0	0.333	0	0.333	0.2	0
8.859	8.021	8.759	0.806	0.786	0.778	0	0	0
8.021	9.037	8.859	0.786	0.806	0.806	0	0	0
16.552	16.1	11.94	0.4	0.408	0.576	0	0	0
3.438	0	0	0	0	0	0	0	0.25
2.826	20.789	0	0.667	0.199	0	0	0.143	0
9.037	10.76	8.021	0.806	0.655	0.786	0	0	0
12.326	12.517	13.006	0.564	0.582	0.53	0	0	0
10.76	9.897	9.037	0.655	0.689	0.806	0	0	0
0	0.854	0	0	0	0	0	0.111	0
11.94	16.552	9.897	0.576	0.4	0.689	0	0	0
13.006	12.326	11.82	0.53	0.564	0.6	0	0	0
6.775	0	0	0.429	0	0	0.333	0	0
1.712	5.284	0	0	0.467	0	0	0.5	0.571
0	4.701	0	0	0.6	0	0	0.25	0.4
11.82	13.006	11.795	0.6	0.53	0.564	0	0	0
3.692	3.816	0	0.333	0.333	0	0.2	0	0.333
11.795	11.82	13.465	0.564	0.6	0.462	0	0	0
17.14	8.759	20.789	0.255	0.778	0.199	0	0	0.143
20.789	17.14	2.826	0.199	0.255	0.667	0.143	0	0
0	0	3.438	0	0	0	0	0	0
9.897	11.94	10.76	0.689	0.576	0.655	0	0	0
2.824	28.621	8.315	0.667	0.455	0.778	0.2	1	0.143
0	1.737	0	0	1	0	0.625	0.5	0.333
0	0	24.672	0	0	0.542	0.333	0.625	0.2
18.667	19.113	9.219	0.643	0.567	0.689	0	0.2	0
19.113	7.675	18.667	0.567	0.893	0.643	0.2	0	0
26.431	19.759	31.39	0.447	0.626	0.333	0	0	0
24.672	0	12.532	0.542	0	0.864	0.2	0.333	0.4
0	0	2.706	0	0	0.333	0.2	0.2	0
19.622	15.034	17.597	0.591	0.667	0.706	0	0.333	0.4
1.737	17.597	0	1	0.706	0	0.5	0.4	0.625
0	0.883	3.912	0	0	0.5	0.6	0.286	0.375
2.746	3.556	15.034	1	0.833	0.667	0.2	0	0.333
9.219	18.667	30.806	0.689	0.643	0.252	0	0	0.111
0	1.866	1.832	0	1	1	0.625	0	0.143
15.034	2.746	19.622	0.667	1	0.591	0.333	0.2	0
17.597	19.622	1.737	0.706	0.591	1	0.4	0	0.5
0	2.817	0	0	1	0	0	0.2	0.2
19.759	0	26.431	0.626	0	0.447	0	0.6	0
9.573	21.296	13.603	0.822	0.642	0.824	0	0.4	0
2.717	6.493	0.883	1	0.619	0	0.25	0.6	0.286
0	3.912	15.853	0	0.5	0.392	0.2	0.375	0
6.493	30.806	2.717	0.619	0.252	1	0.6	0.111	0.25
3.912	0	0	0.5	0	0	0.375	0.6	0.2
0	0	7.561	0	0	0.464	0.2	0	0
11.562	6.53	11.254	0.491	0.867	0.473	0	0	0.333
0	0	0	0	0	0	0	0	0
0	0	0	0	0	0	0	0	0.4
0	1.817	0	0	1	0	0.4	0.2	0.2
16.728	14.225	5.652	0.353	0.374	0.667	0	0.2	0
0	0	0	0	0	0	0.2	0.2	0
12.652	13.549	8.625	0.538	0.577	0.667	0.2	0	0
0	1.077	0	0	0	0	0.2	0	0
0	1.796	1.785	0	0	1	0.2	0	0
0	0	0	0	0	0	0	0	0
3.514	0	4.985	0.333	0	0.8	0	0.375	0
8.467	0	3.379	0.786	0	0.333	0	0	0
0	0	14.989	0	0	0.283	0	0	0
0	0	0	0	0	0	0	0	0
0	0	0	0	0	0	0	0	0
16.134	11.254	7.998	0.476	0.473	0.75	0.2	0.333	0
0	0	0	0	0	0	0	0	0
0	0	0	0	0	0	0.4	0.2	0.2
6.53	3.379	11.562	0.867	0.333	0.491	0	0	0
1.796	0	0	0	0	0	0	0.2	0.2
1.817	0	0	1	0	0	0.2	0	0.4
0	0	0	0	0	0	0	0	0
0	0	0	0	0	0	0	0.2	0
1.077	1.917	0	0	1	0	0	0	0.2
12.484	14.264	7.492	0.5	0.462	0.667	0	0	0
5.963	7.998	13.549	0.733	0.75	0.577	0	0	0
0.983	0	0	0	0	0	0	0.4	0
0	0	0	0	0	0	0	0	0
0	0	1.729	0	0	1	0.333	0.2	0
11.254	11.562	16.134	0.473	0.491	0.476	0.333	0	0.2
0	0	3.514	0	0	0.333	0.375	0.2	0
1.785	0	0	1	0	0	0	0.2	0
0	0	0	0	0	0	0	0	0
3.379	8.467	6.53	0.333	0.786	0.867	0	0	0
0	0	8.467	0	0	0.786	0	0	0
13.549	5.963	12.652	0.577	0.733	0.538	0	0	0.2
7.998	16.134	5.963	0.75	0.476	0.733	0	0.2	0
0	0	0	0	0	0	0.2	0.4	0.375
0	0	0	0	0	0	0.2	0.4	0.2
7.492	12.484	9.431	0.667	0.5	0.722	0	0	0.111
2.685	0	2.644	0.667	0	0.333	0.4	0.25	0
18.615	34.477	5.658	0.281	0.203	0.667	0.2	0.8	0.25
8.576	7.35	0	0.643	0.5	0	0.375	0.429	0
0	0	0	0	0	0	0	0	0
3.468	8.966	16.332	1	0.639	0.375	0.222	0.8	0.75
7.104	7.05	6.632	0.533	0.476	0.533	0.875	0.2	0
4.597	7.858	34.477	0.7	0.714	0.203	0	0.2	0.8
8.966	12.105	3.468	0.639	0.397	1	0.8	0	0.222
16.332	3.468	14.652	0.375	1	0.333	0.75	0.222	0.4
5.361	10.109	0	0.3	0.4	0	0.111	0.8	0
7.05	16.37	7.104	0.476	0.292	0.533	0.2	0.333	0.875
10.109	6.632	5.361	0.4	0.533	0.3	0.8	0	0.111
0.883	0	0	0	0	0	0	0	0
4.132	11.044	12.105	0.333	0.515	0.397	0.6	0.2	0
6.632	7.104	10.109	0.533	0.533	0.4	0	0.875	0.8
3.383	10.628	0	0.5	0.345	0	0	0	0.25
5.658	18.615	5.959	0.667	0.281	0.867	0.25	0.2	0.4
0	0.858	0.883	0	0	0	0	0	0
34.477	4.597	18.615	0.203	0.7	0.281	0.8	0	0.2
0	3.383	2.685	0	0.5	0.667	0.25	0	0.4
30.24	11.754	10.628	0.163	0.295	0.345	0.667	0.6	0
23.352	0	7.308	0.237	0	0.393	0.2	0	0
0.91	0	0.897	0	0	0	0	0.25	0.444
0.902	0	6.583	0	0	0.857	0	0	0
48.986	5.742	0.934	0.156	0.733	0	0	0.2	0.875
4.051	0	0	0.5	0	0	0	0	0
2.371	0	0	0	0	0	0	0.6	0
0	0	0	0	0	0	0.625	0	0.333
2.753	4.93	2.165	0	0.1	0	0	0.2	0
5.742	5.144	48.986	0.733	1	0.156	0.2	0	0
4.978	18.211	9.712	0.7	0.752	0.756	0	0	0.4
0	0	0.905	0	0	0	0.286	0.333	0.4
0	2.371	4.051	0	0	0.5	0	0	0
4.93	5.025	2.753	0.1	0	0	0.2	0.25	0
6.583	0.902	0	0.857	0	0	0	0	0.4
0.931	0	0	0	0	0	0	0	0
0	0.922	0	0	0	0	0.25	0	0.375
0	0	0	0	0	0	0	0.4	0.889
0.934	48.986	8.551	0	0.156	0.694	0.875	0	0
2.651	8.551	0	1	0.694	0	0.4	0	0.75
0	0	0	0	0	0	0	1	0.2
0.931	2.626	3.884	0	0	0.833	0	1	0
0	0	0	0	0	0	0.889	0	1
0.922	0	0	0	0	0	0	0	0.25
3.946	0	3.049	0.667	0	0.667	0	0	0
10.859	11.383	10.345	0.636	0.545	0.644	0.25	0	0.8
8.551	0.934	2.651	0.694	0	1	0	0.875	0.4
0	0	0	0	0	0	1	0.333	1
0	6.583	2.708	0	0.857	1	0.4	0	0
0	1.302	0	0	0	0	1	0.75	0
0	0	0	0	0	0	0.333	0.625	1
0	0	0	0	0	0	0.6	0	0.2
0	0	0	0	0	0	0	0	0
3.884	0.931	18.211	0.833	0	0.752	0	0	0
0	0	0	0	0	0	1	0.889	0.25
0	0	0	0	0	0	0	0	0
0	0	0	0	0	0	0	0	0
1.072	0	0	0	0	0	0	0	0.4
29.098	0	0.921	0.237	0	0	0.143	0	0
10.345	10.859	11.394	0.644	0.636	0.576	0.8	0.25	0
0	0	0	0	0	0	0.857	0.2	0.4
0	0	0.902	0	0	0	0	0	0
1.982	22.355	2.626	1	0.376	0	0	1	1
0	0.883	11.524	0	0	0.711	1	0	0.8
1.046	0	3.865	0	0	0.333	0	0.375	0
0	0	0	0	0	0	0	0	0
0	0	0	0	0	0	1	0	0.889
9.712	4.978	19.231	0.756	0.7	0.706	0.4	0	0.2
0	2.708	0	0	1	0	0	0	0.75
0	0	1.046	0	0	0	0.375	0.25	0
1.962	1.823	0	0	0	0	0.5	0	1
0	0	0	0	0	0	0.2	0	0.857
0.928	0	19.864	0	0	0.248	0.333	0.25	0.2
0	0	0	0	0	0	0	0	0
0	1.962	0	0	0	0	1	0.5	0.5
0.925	0	0	0	0	0	0	0.4	0.2
0.905	0	0	0	0	0	0.4	0.286	0.4
1.823	0	1.962	0	0	0	0	0	0.5
0	3.865	0	0	0.333	0	0	0	0
3.945	0	0	0.5	0	0	0	0	0
2.626	1.982	0.931	0	1	0	1	0	0
0	0	3.946	0	0	0.667	0	0.4	0
0	0	0	0	0	0	0.75	0	0.4
2.684	0	4.01	1	0	1	0.111	0	0.6
0	0	0	0	0	0	0.222	0	0
19.864	0.928	14.38	0.248	0	0.333	0.2	0.333	0
0	0	0	0	0	0	0	0.6	0
7.373	13.511	9.164	0.75	0.527	0.556	0	0.5	0.2
0.884	2.165	1.165	0	0	0	0	0	0.333
0.897	0.91	0	0	0	0	0.444	0	0.25
0	0	0	0	0	0	0.4	0	0.6
0	0	0	0	0	0	0	0	0
5.025	0	4.93	0	0	0.1	0.25	0.5	0.2
9.164	7.373	7.532	0.556	0.75	0.821	0.2	0	0
0	0	0.922	0	0	0	0	0	0
0	0	0	0	0	0	0	0	0
0	0	2.371	0	0	0	0.6	0.4	0
4.822	0	0	0.4	0	0	0	0	0
7.471	11.394	46.113	0.75	0.576	0.17	0.2	0	0
15.301	25.431	0	0.742	0.437	0	0	0.2	1
0	0	5.025	0	0	0	0.5	1	0.25
3.865	1.046	0	0.333	0	0	0	0	0
0	0	0	0	0	0	0	0	0
0	0.905	0	0	0	0	0.4	0.4	0
0	2.651	13.511	0	1	0.527	0.75	0.4	0.5
0	0	0	0	0	0	0	1	0.4
0	0	2.684	0	0	1	0	0.4	0.111
0	0	0	0	0	0	0	0	0.625
46.113	7.471	0	0.17	0.75	0	0	0.2	0
4.01	2.684	0	1	1	0	0.6	0.111	0.25
0	0	3.715	0	0	0.333	0	0	0
0	15.301	27.247	0	0.742	0.415	1	0	0
0	0	0	0	0	0	0	0	0
0	0	3.438	0	0	0.667	0.333	0.2	0.2
2.266	13.912	0	0.333	0.275	0	0.111	0	0.125
3.076	0	0	0.833	0	0	0	0	0.6
0.788	9.377	0	0	0.2	0	0.8	0.2	0
7.536	3.817	1.557	0.679	0.667	0	0	0	0
0	0	3.076	0	0	0.833	0	0	0
0	6.853	2.273	0	0.643	0.667	0.2	0	0
0	4.569	0	0	0.9	0	0.2	0.625	0.333
0	3.076	0.743	0	0.833	0	0.6	0	0.6
0	2.369	0	0	1	0	0.667	0.667	0.857
6.853	0	0	0.643	0	0	0	0	0.2
2.294	7.152	8.335	0.667	0.679	0.6	0	0	0
0.743	0	0.706	0	0	0	0.6	0.6	0
0	1.692	0	0	1	0	0.8	0.2	0.2
0.698	0	0	0	0	0	0	0	0
13.912	0	2.266	0.275	0	0.333	0	0	0.111
4.961	0.706	4.569	0.2	0	0.9	0.25	0	0.625
0	0	6.853	0	0	0.643	0	0.143	0
0.706	0.743	4.961	0	0	0.2	0	0.6	0.25
3.438	0	6.907	0.667	0	0.321	0.2	0.333	0
0	9.572	0	0	0.267	0	0.6	0.2	0
13.575	1.524	3.087	0.325	1	0.667	0.2	0	0
8.335	2.294	22.643	0.6	0.667	0.312	0	0	0.2
4.569	4.961	0	0.9	0.2	0	0.625	0.25	0.2
0	0	0	0	0	0	0	1	0
15.304	2.191	12.201	0.342	1	0.372	0	0.2	0
3.087	13.575	0	0.667	0.325	0	0	0.2	0.143
0	1.756	0	0	1	0	1	0	0
0	1.515	0	0	1	0	0.4	0.2	0
0	0.788	0.947	0	0	0	0	0.8	0
2.126	34.043	16.137	0	0.209	0.4	0.2	0.333	0
3.94	2.716	13.273	0.333	0.667	0.374	0.4	0.875	0
0	1.173	7.524	0	0	0.429	0.4	0	0
0	0	4.849	0	0	0.5	0	0	0.333
2.47	2.23	0	1	0	0	0	1	0
0	8.833	13.506	0	0.694	0.484	0.8	0.25	0
5.004	1.797	8.618	0.8	0	0.533	0.333	0.625	0.333
0.932	0	0.793	0	0	0	0.2	0.333	0
1.173	1.068	0	0	0	0	0	0	0.4
0	0.952	5.704	0	0	0.267	0	0	0.2
8.618	5.004	15.919	0.533	0.8	0.383	0.333	0.333	0
0.793	0.932	1.797	0	0	0	0	0.2	0.625
16.137	2.126	2.23	0.4	0	0	0	0.2	1
15.919	8.618	0	0.383	0.533	0	0	0.333	0
14.432	3.873	1.353	0.524	0.333	0	0.4	0.8	0
2.716	4.635	3.94	0.667	0.6	0.333	0.875	1	0.4
8.833	0	0	0.694	0	0	0.25	0	0.8
0	1.372	0	0	0	0	0	1	0
7.524	0	0	0.429	0	0	0	0.4	0
13.273	3.94	19.333	0.374	0.333	0.295	0	0.4	0.4
0	2.47	2.94	0	1	1	0	0	0
8.797	0.829	9.513	0.357	0	0.75	0	0.25	0
0	0	0.986	0	0	0	0	0	0
3.81	0	0.952	0.5	0	0	0	0	0
0	0	0	0	0	0	0	0	0
0	13.159	0.932	0	0.231	0	0.333	0.333	0.2
0.829	2.166	8.797	0	0	0.357	0.25	0	0
34.043	2.994	2.126	0.209	0.667	0	0.333	0	0.2
0.952	3.81	0	0	0.5	0	0	0	0
1.077	4.849	0	0	0.5	0	0.8	0.333	0
13.506	0	1.372	0.484	0	0	0	0.8	1
0	0	0	0	0	0	0	0	0
9.513	8.797	0	0.75	0.357	0	0	0	0
19.333	13.273	2.994	0.295	0.374	0.667	0.4	0	0
4.635	0	2.716	0.6	0	0.667	1	0	0.875
0	9.513	1.393	0	0.75	0	0	0	0.333
0	0	0	0	0	0	0	0	0
1.797	0.793	5.004	0	0	0.8	0.625	0	0.333
0	0	0	0	0	0	0	0	0
